{
    "name": "Multiplier-13",
    "rational_expression": "2701*x1**2/250 + 18659*x1*x10/100000 + 11253*x1*x11/250000 - 26099*x1*x12/1000000 + 3971*x1*x13/200000 + 21983*x1*x14/1000000 - 2759*x1*x15/10000 - 31477*x1*x16/1000000 - 38653*x1*x17/500000 + 19033*x1*x2/100000 - 439*x1*x3/4000 + 11411*x1*x4/100000 - 2409*x1*x5/200000 + 17701*x1*x6/250000 - 14241*x1*x7/200000 + 1969*x1*x8/12500 - 279*x1*x9/4000 - 51067*x1/100000 + 5419*x10**2/500 - 22649*x10*x11/100000 + 12421*x10*x12/125000 - 5573*x10*x13/200000 - 62529*x10*x14/1000000 - 10187*x10*x15/100000 - 2577*x10*x16/50000 - 449*x10*x17/3125 + 14031*x10*x2/2000000 - 2611*x10*x3/20000 - 5043*x10*x4/25000 - 3001*x10*x5/25000 - 10201*x10*x6/50000 - 919*x10*x7/6250 - 6869*x10*x8/50000 - 6281*x10*x9/50000 + 18241*x10/50000 + 539*x11**2/50 + 5653*x11*x12/25000 + 92259*x11*x13/1000000 + 42611*x11*x14/1000000 + 13631*x11*x15/50000 - 3989*x11*x16/125000 + 12377*x11*x17/1000000 - 3441*x11*x2/12500 + 11041*x11*x3/250000 - 48813*x11*x4/1000000 - 5869*x11*x5/50000 - 71523*x11*x6/1000000 + 4967*x11*x7/100000 - 15747*x11*x8/100000 + 12163*x11*x9/2500000 + 48617*x11/100000 + 11087*x12**2/1000 + 21673*x12*x13/50000 + 17083*x12*x14/50000 + 31637*x12*x15/100000 - 4531*x12*x16/25000 + 19453*x12*x17/100000 - 1919*x12*x2/10000 + 39041*x12*x3/100000 - 71537*x12*x4/1000000 + 20509*x12*x5/250000 + 37149*x12*x6/1000000 + 14947*x12*x7/100000 + 11139*x12*x8/200000 + 3443*x12*x9/20000 - 3919*x12/20000 + 14059*x13**2/1000 + 15133*x13*x14/100000 + 13277*x13*x15/100000 - 42793*x13*x16/500000 + 13953*x13*x17/200000 - 21353*x13*x2/100000 + 679*x13*x3/3125 - 2637*x13*x4/25000 + 45711*x13*x5/1000000 - 179*x13*x6/10000 + 33039*x13*x7/500000 - 41253*x13*x8/1000000 + 44023*x13*x9/500000 + 97977*x13/1000000 + 5401*x14**2/500 - 25957*x14*x15/100000 + 17687*x14*x16/200000 - 2333*x14*x17/125000 - 8069*x14*x2/200000 + 44111*x14*x3/1000000 - 41493*x14*x4/1000000 + 12011*x14*x5/500000 + 16983*x14*x6/250000 - 10491*x14*x7/250000 - 40961*x14*x8/1000000 + 65621*x14*x9/1000000 + 97977*x14/1000000 + 10823*x15**2/1000 + 12911*x15*x16/250000 + 7377*x15*x17/50000 - 46317*x15*x2/500000 + 19833*x15*x3/100000 + 38523*x15*x4/5000000 + 27121*x15*x5/100000 + 75339*x15*x6/1000000 + 25509*x15*x7/100000 + 13583*x15*x8/500000 + 6927*x15*x9/25000 - 19447*x15/50000 + 10783*x16**2/1000 - 5719*x16*x17/25000 + 11781*x16*x2/2500000 - 11019*x16*x3/500000 - 72381*x16*x4/1000000 - 97317*x16*x5/1000000 - 13789*x16*x6/100000 - 199*x16*x7/12500 - 12073*x16*x8/250000 - 82433*x16*x9/1000000 + 23121*x16/50000 + 1348*x17**2/125 - 3911*x17*x2/20000 + 4713*x17*x3/2500000 - 591*x17*x4/5000 + 26281*x17*x5/500000 - 52353*x17*x6/1000000 + 3681*x17*x7/40000 - 2337*x17*x8/20000 + 68527*x17*x9/1000000 + 19447*x17/50000 + 431*x2**2/40 - 18369*x2*x3/50000 - 1133*x2*x4/6250 - 19121*x2*x5/100000 - 33447*x2*x6/100000 - 19103*x2*x7/200000 - 24371*x2*x8/100000 - 7061*x2*x9/50000 + 5233*x2/5000 + 2157*x3**2/200 - 43811*x3*x4/1000000 + 32713*x3*x5/500000 + 65801*x3*x6/1000000 + 12997*x3*x7/100000 - 1141*x3*x8/10000000 + 811*x3*x9/6250 + 12247*x3/250000 + 10793*x4**2/1000 - 20143*x4*x5/100000 - 19677*x4*x6/100000 - 3549*x4*x7/250000 - 5433*x4*x8/25000 - 7963*x4*x9/500000 + 58341*x4/100000 + 2157*x5**2/200 + 8073*x5*x6/500000 + 63603*x5*x7/10000000 - 45041*x5*x8/500000 - 15747*x5*x9/1000000 + 13379*x5/25000 + 2701*x6**2/250 - 17357*x6*x7/500000 - 21473*x6*x8/100000 + 3573*x6*x9/125000 + 34069*x6/50000 + 10789*x7**2/1000 - 24939*x7*x8/250000 + 13463*x7*x9/200000 + 13379*x7/50000 + 10751*x8**2/1000 - 13659*x8*x9/50000 + 19447*x8/25000 + 10807*x9**2/1000 + 12173*x9/50000 + 12161/1000",
    "Q": "[[12.161467482066422, 0.11558281602896733, 0.39402632613999017, 0.12821001242563834, 0.336607467270914, 0.27044237435019164, 0.28807240762505176, 0.02123579598752538, 0.5181380439540759, 0.1903877054929039, 0.2273507773559096, -0.19629391964819043, 0.04372932842234067, 0.048095251730403396, -0.10229183247246927, 0.23798215274481163, 0.17963041233612254, -0.25589748339517776], [0.11558281602896733, 10.806847054844946, -0.13520824508176602, 0.028414163632870637, 0.015630582084528905, -0.004698590952658729, -0.010262066040197537, 0.06050156798040252, -0.06684370596982903, 0.036958700824580575, -0.03812075727074737, 0.1381964375969323, 0.02836713169909816, 0.043313344534392596, 0.08070232058126266, 0.004551044455908797, -0.06533843231145167, -0.03508864512049226], [0.39402632613999017, -0.13520824508176602, 10.751955714596662, -0.05418805994085658, -0.11105268012858699, -0.05015966179567978, -0.1096934476521713, -0.0020950179076651377, -0.12186164792736508, -0.06176491738354642, -0.026253251975221683, 0.008974212675368166, -0.020320996374793197, -0.02115248172107391, 0.032422366286836486, -0.08053888879927293, -0.06472303007486453, 0.07753251258192854], [0.12821001242563834, 0.028414163632870637, -0.05418805994085658, 10.788289067835478, -0.021236707933237613, 0.0037039431082896783, -0.00955019902634624, 0.06277750353777949, -0.04550476613203699, 0.043424619641252105, -0.006651646261200908, 0.12481448697176646, -0.01940137901928825, 0.03456228832519346, 0.07465838060619823, 0.019299429605100643, -0.0757759582085642, -0.031225788855738543], [0.336607467270914, 0.015630582084528905, -0.11105268012858699, -0.021236707933237613, 10.804046420392263, 0.007025963422402959, -0.1001936850443811, 0.030450657241594938, -0.16428074536111667, -0.02241438415574714, -0.06490885745438858, 0.04098767534762632, 0.03663932999057041, -0.007037802948960994, 0.013309428185578384, -0.032456614011304084, -0.10018832978547883, 0.03519621485580961], [0.27044237435019164, -0.004698590952658729, -0.05015966179567978, 0.0037039431082896783, 0.007025963422402959, 10.785305370919705, -0.10350730527968896, 0.0333004343167532, -0.09031197222949902, 0.023277989798039113, -0.04668494803311567, 0.1390236335671281, 0.007718619902062977, 0.022133684192787266, 0.036060987175914744, -0.05917590322287774, -0.056065019081297726, -0.009178878346098951], [0.28807240762505176, -0.010262066040197537, -0.1096934476521713, -0.00955019902634624, -0.1001936850443811, -0.10350730527968896, 10.793482555063513, -0.019255834244072935, -0.0960315776726388, -0.05522594522550666, -0.03695125097617207, 0.000728942768052157, -0.018566786466693828, -0.057493976467961165, -0.03767309848588671, -0.022645961337142122, -0.09810155366628329, 0.0563263815857091], [0.02123579598752538, 0.06050156798040252, -0.0020950179076651377, 0.06277750353777949, 0.030450657241594938, 0.0333004343167532, -0.019255834244072935, 10.78522673229858, -0.1788075764208618, 0.0049800825103227635, -0.015646414405853442, 0.09390587064910326, 0.01870029837611582, 0.10490101246266918, 0.1997462540405162, 0.018020412337449162, -0.062058334209751015, -0.04962540471827369], [0.5181380439540759, -0.06684370596982903, -0.12186164792736508, -0.04550476613203699, -0.16428074536111667, -0.09031197222949902, -0.0960315776726388, -0.1788075764208618, 10.773291907066145, -0.09347095720732335, 0.0008535353805932247, -0.04637574300905755, -0.016382608269878536, -0.10903240129120556, -0.09940426057381986, -0.13901841147316352, -0.0019704686907800538, 0.09972756779519582], [0.1903877054929039, 0.036958700824580575, -0.06176491738354642, 0.043424619641252105, -0.02241438415574714, 0.023277989798039113, -0.05522594522550666, 0.0049800825103227635, -0.09347095720732335, 10.78405384676531, -0.11566981202810549, 0.06962992662807313, -0.006400407143608078, 0.03685950122311474, 0.09387670578648426, 0.004892771946438973, -0.07641770057345837, -0.037197566399414086], [0.2273507773559096, -0.03812075727074737, -0.026253251975221683, -0.006651646261200908, -0.06490885745438858, -0.04668494803311567, -0.03695125097617207, -0.015646414405853442, 0.0008535353805932247, -0.11566981202810549, 10.782414701123006, 0.0240402135373938, 0.04430813247403598, -0.039385802087906256, -0.08775999470460114, -0.020787671406939247, -0.03121239335973831, -0.011216673247215876], [-0.19629391964819043, 0.1381964375969323, 0.008974212675368166, 0.12481448697176646, 0.04098767534762632, 0.1390236335671281, 0.000728942768052157, 0.09390587064910326, -0.04637574300905755, 0.06962992662807313, 0.0240402135373938, 10.822902218212885, -0.13216667879673044, 0.06716488870485386, 0.16020967050274412, 0.139826732026696, -0.05471741369206694, -0.13809356349087396], [0.04372932842234067, 0.02836713169909816, -0.020320996374793197, -0.01940137901928825, 0.03663932999057041, 0.007718619902062977, -0.018566786466693828, 0.01870029837611582, -0.016382608269878536, -0.006400407143608078, 0.04430813247403598, -0.13216667879673044, 10.80238993613384, 0.07062169334847329, 0.17542477471771895, 0.01918416713020212, -0.026310828732441074, 0.015584746639146092], [0.048095251730403396, 0.043313344534392596, -0.02115248172107391, 0.03456228832519346, -0.007037802948960994, 0.022133684192787266, -0.057493976467961165, 0.10490101246266918, -0.10903240129120556, 0.03685950122311474, -0.039385802087906256, 0.06716488870485386, 0.07062169334847329, 14.058705720834935, 0.2125322457240808, 0.0401340461801001, -0.008343080210890523, 0.004948622030238972], [-0.10229183247246927, 0.08070232058126266, 0.032422366286836486, 0.07465838060619823, 0.013309428185578384, 0.036060987175914744, -0.03767309848588671, 0.1997462540405162, -0.09940426057381986, 0.09387670578648426, -0.08775999470460114, 0.16020967050274412, 0.17542477471771895, 0.2125322457240808, 11.08703094392439, 0.11557361817625224, 0.047546305829752625, -0.013494891404296468], [0.23798215274481163, 0.004551044455908797, -0.08053888879927293, 0.019299429605100643, -0.032456614011304084, -0.05917590322287774, -0.022645961337142122, 0.018020412337449162, -0.13901841147316352, 0.004892771946438973, -0.020787671406939247, 0.139826732026696, 0.01918416713020212, 0.0401340461801001, 0.11557361817625224, 10.779962269921946, -0.1149476574903994, 0.02289146985572418], [0.17963041233612254, -0.06533843231145167, -0.06472303007486453, -0.0757759582085642, -0.10018832978547883, -0.056065019081297726, -0.09810155366628329, -0.062058334209751015, -0.0019704686907800538, -0.07641770057345837, -0.03121239335973831, -0.05471741369206694, -0.026310828732441074, -0.008343080210890523, 0.047546305829752625, -0.1149476574903994, 10.837616664459068, 0.09490588081644918], [-0.25589748339517776, -0.03508864512049226, 0.07753251258192854, -0.031225788855738543, 0.03519621485580961, -0.009178878346098951, 0.0563263815857091, -0.04962540471827369, 0.09972756779519582, -0.037197566399414086, -0.011216673247215876, -0.13809356349087396, 0.015584746639146092, 0.004948622030238972, -0.013494891404296468, 0.02289146985572418, 0.09490588081644918, 10.804200484193254]]",
    "monomial_list": "[1, x9, x8, x7, x6, x5, x4, x3, x2, x17, x16, x15, x14, x13, x12, x11, x10, x1]"
}