{
    "name": "Multiplier-9",
    "rational_expression": "10751*x1**2/1000 + 5509*x1*x10/25000 + 13401*x1*x11/100000 + 3167*x1*x12/20000 + 5157*x1*x13/100000 + 13519*x1*x14/100000 + 9909*x1*x15/200000 + 4579*x1*x16/250000 - 5851*x1*x17/1250000 + 12497*x1*x2/50000 + 314*x1*x3/3125 + 6211*x1*x4/25000 + 73409*x1*x5/1000000 + 761*x1*x6/3125 - 20801*x1*x7/1000000 + 80037*x1*x8/1000000 + 5519*x1*x9/250000 - 5501*x1/6250 + 10847*x10**2/1000 - 5561*x10*x11/20000 - 8527*x10*x12/100000 - 19543*x10*x13/100000 - 7143*x10*x14/50000 - 429*x10*x15/2500 - 44287*x10*x16/1000000 - 10243*x10*x17/50000 - 18157*x10*x2/500000 - 10103*x10*x3/50000 - 20169*x10*x4/100000 - 2147*x10*x5/20000 - 11093*x10*x6/50000 - 18203*x10*x7/100000 - 39819*x10*x8/1000000 - 3309*x10*x9/62500 + 50659*x10/100000 + 1339*x11**2/125 - 402*x11*x12/3125 - 1629*x11*x13/12500 - 1641*x11*x14/12500 - 15073*x11*x15/100000 - 2119*x11*x16/62500 - 753*x11*x17/6250 - 4439*x11*x2/12500 - 772*x11*x3/3125 - 3647*x11*x4/20000 - 4449*x11*x5/25000 - 5283*x11*x6/20000 + 42427*x11*x7/100000000 + 19639*x11*x8/200000 + 31419*x11*x9/500000 + 903*x11/1000 + 10753*x12**2/1000 - 4323*x12*x13/12500 + 1083*x12*x14/50000 - 19259*x12*x15/100000 - 18561*x12*x16/100000 - 10013*x12*x17/100000 - 11367*x12*x2/50000 - 119*x12*x3/1000 - 107*x12*x4/400 - 283*x12*x5/2500 - 819*x12*x6/2500 - 6449*x12*x7/100000 + 372*x12*x8/3125 + 3963*x12*x9/625000 + 903*x12/1000 + 5359*x13**2/500 - 1713*x13*x14/10000 - 23607*x13*x15/100000 - 34951*x13*x16/1000000 - 12181*x13*x17/100000 - 907*x13*x2/4000 - 4509*x13*x3/20000 - 707*x13*x4/3125 - 49681*x13*x5/1000000 - 1507*x13*x6/6250 - 20883*x13*x7/1000000 + 53837*x13*x8/1000000 + 2171*x13*x9/62500 + 1849*x13/2000 + 5393*x14**2/500 - 10009*x14*x15/25000 + 2533*x14*x16/40000 - 2763*x14*x17/20000 - 14021*x14*x2/500000 - 701*x14*x3/6250 - 15191*x14*x4/100000 - 16453*x14*x5/200000 - 5213*x14*x6/50000 - 1967*x14*x7/12500 - 4287*x14*x8/25000 - 541*x14*x9/5000 + 34131*x14/50000 + 10619*x15**2/1000 - 747*x15*x16/6250 - 634*x15*x17/3125 - 86337*x15*x2/1000000 - 21977*x15*x3/100000 - 597*x15*x4/2500 - 89027*x15*x5/1000000 - 29733*x15*x6/100000 - 10467*x15*x7/100000 - 382*x15*x8/3125 - 76783*x15*x9/1000000 + 2533*x15/2500 + 5401*x16**2/500 - 3971*x16*x17/12500 - 5161*x16*x2/100000 - 5059*x16*x3/50000 - 311*x16*x4/2500 - 88211*x16*x5/1000000 - 16579*x16*x6/100000 - 6433*x16*x7/200000 + 7949*x16*x8/50000 + 6267*x16*x9/200000 + 5501*x16/12500 + 1339*x17**2/125 - 2097*x17*x2/10000 - 6291*x17*x3/25000 - 2887*x17*x4/12500 - 53901*x17*x5/1000000 - 20369*x17*x6/100000 + 10003*x17*x7/500000 - 3439*x17*x8/250000 + 58789*x17*x9/10000000 + 20929*x17/25000 + 10763*x2**2/1000 - 19683*x2*x3/50000 - 23481*x2*x4/100000 - 6809*x2*x5/25000 - 40403*x2*x6/100000 - 7157*x2*x7/50000 - 20401*x2*x8/50000 - 7483*x2*x9/25000 + 13209*x2/10000 + 2127*x3**2/200 - 5519*x3*x4/25000 - 267*x3*x5/2000 - 189*x3*x6/800 - 20891*x3*x7/250000 + 6471*x3*x8/200000 + 17599*x3*x9/500000 + 49517*x3/50000 + 5377*x4**2/500 - 9143*x4*x5/25000 - 16773*x4*x6/50000 - 12571*x4*x7/100000 - 1183*x4*x8/6250 - 6641*x4*x9/50000 + 1079*x4/1000 + 2679*x5**2/250 - 7189*x5*x6/50000 - 22279*x5*x7/500000 + 2039*x5*x8/12500 + 44727*x5*x9/500000 + 79281*x5/100000 + 2141*x6**2/200 - 2039*x6*x7/10000 - 1181*x6*x8/10000 - 2333*x6*x9/125000 + 3413*x6/2500 + 10741*x7**2/1000 + 35819*x7*x8/500000 + 60203*x7*x9/1000000 + 52809*x7/100000 + 1374*x8**2/125 + 6203*x8*x9/20000 + 22037*x8/100000 + 7013*x9**2/500 + 15453*x9/100000 + 1376/125",
    "Q": "[[11.008373403723752, 0.07522953069480841, 0.1082936412390885, 0.26156024849840115, 0.684440893708796, 0.39514813146488614, 0.5363236885115117, 0.4929434827909399, 0.662413214054455, 0.4148436385957142, 0.21519846385009211, 0.5055389698813237, 0.34267420105036, 0.4591493757571304, 0.4522418370734041, 0.45537624208088384, 0.25509910382677037, -0.4361113565975725], [0.07522953069480841, 14.025623078443509, 0.15648668272796012, 0.025708564082988432, -0.012116803961971019, 0.0393523979100993, -0.0599483452604955, 0.02205380961540456, -0.14856428696000054, -0.003961341253696857, 0.012450883944716306, -0.037257795071937924, -0.055307771349819936, 0.013202356549252383, -0.0002727003743717454, 0.03126776955784791, -0.020294228758078403, 0.01778828544158834], [0.1082936412390885, 0.15648668272796012, 10.99136023064401, 0.040829103244256044, -0.054723232451109605, 0.0796027415215558, -0.0929814289419679, 0.02066684203858774, -0.20835540054623242, -0.010465282807284185, 0.07877751112739537, -0.06569427404204264, -0.08307487535127923, 0.028856349952192443, 0.056961020484198016, 0.04777988909344832, -0.015215094289891807, 0.03839082697522456], [0.26156024849840115, 0.025708564082988432, 0.040829103244256044, 10.741780507491136, -0.09939443646538686, -0.02109651225222484, -0.06630211783745878, -0.043585496152031444, -0.06814894496955189, 0.005058957461500153, -0.014948784036033013, -0.049627089608277296, -0.07818862656781862, -0.0149668535739974, -0.03628013894683205, -0.004447535913256103, -0.0884053080303975, -0.012023169183081583], [0.684440893708796, -0.012116803961971019, -0.054723232451109605, -0.09939443646538686, 10.704795380053348, -0.07070119066931839, -0.16917586151796304, -0.11322060249493078, -0.2046982392017355, -0.1067471340126472, -0.08344136472009826, -0.14870076448194341, -0.05383776362502954, -0.11899324465957682, -0.15935310222257468, -0.13084585466188517, -0.11529022466057787, 0.12130966805734492], [0.39514813146488614, 0.0393523979100993, 0.0796027415215558, -0.02109651225222484, -0.07070119066931839, 10.715481862417597, -0.18651399967231447, -0.07136895809698789, -0.13694441980504246, -0.030162823074932836, -0.049442088914240775, -0.04488133483919918, -0.04450150557037774, -0.024818550829505966, -0.06006343702126407, -0.08529823979462038, -0.05894480446529705, 0.03393385415580201], [0.5363236885115117, -0.0599483452604955, -0.0929814289419679, -0.06630211783745878, -0.16917586151796304, -0.18651399967231447, 10.753610899346523, -0.1152140590358128, -0.11880466855616238, -0.1121161464967934, -0.06714579517207515, -0.11789680674808492, -0.07469080401014297, -0.10817045279267166, -0.13495753343638214, -0.09496547205883225, -0.10529018242476268, 0.12162761296838519], [0.4929434827909399, 0.02205380961540456, 0.02066684203858774, -0.043585496152031444, -0.11322060249493078, -0.07136895809698789, -0.1152140590358128, 10.634710477974412, -0.1925250326953637, -0.12103054641303639, -0.04946413516761077, -0.11068402618838684, -0.06112230266591743, -0.1178656107120097, -0.06090663199578641, -0.12754084327832219, -0.09794796919058439, 0.05102100039773129], [0.662413214054455, -0.14856428696000054, -0.20835540054623242, -0.06814894496955189, -0.2046982392017355, -0.13694441980504246, -0.11880466855616238, -0.1925250326953637, 10.762651772667102, -0.10723649692579716, -0.024220391103151502, -0.04544487032251672, -0.018070063594068788, -0.11748247461937421, -0.11230538345390179, -0.1821939328449104, -0.018620618229116547, 0.12195019012279237], [0.4148436385957142, -0.003961341253696857, -0.010465282807284185, 0.005058957461500153, -0.1067471340126472, -0.030162823074932836, -0.1121161464967934, -0.12103054641303639, -0.10723649692579716, 10.711694874031663, -0.1544357311253209, -0.10540837913897183, -0.06791085039170387, -0.060040916206584846, -0.0518397206277067, -0.05791141830725902, -0.0996351909396795, -0.0015348738619107999], [0.21519846385009211, 0.012450883944716306, 0.07877751112739537, -0.014948784036033013, -0.08344136472009826, -0.049442088914240775, -0.06714579517207515, -0.04946413516761077, -0.024220391103151502, -0.1544357311253209, 10.801859903533039, -0.06143716900723519, 0.026964161434775584, -0.017611694777657293, -0.09653061061514381, -0.017329666663420257, -0.020925331989154753, 0.009595998467115755], [0.5055389698813237, -0.037257795071937924, -0.06569427404204264, -0.049627089608277296, -0.14870076448194341, -0.04488133483919918, -0.11789680674808492, -0.11068402618838684, -0.04544487032251672, -0.10540837913897183, -0.06143716900723519, 10.619598716915862, -0.1950934220894335, -0.12120518410665435, -0.09177599301782183, -0.07835561016939002, -0.0849415072536779, 0.026899798066623428], [0.34267420105036, -0.055307771349819936, -0.08307487535127923, -0.07818862656781862, -0.05383776362502954, -0.04450150557037774, -0.07469080401014297, -0.06112230266591743, -0.018070063594068788, -0.06791085039170387, 0.026964161434775584, -0.1950934220894335, 10.785959237759588, -0.08006670270724008, 0.012102174460192168, -0.06692014827623709, -0.07128252588889385, 0.062333644157931675], [0.4591493757571304, 0.013202356549252383, 0.028856349952192443, -0.0149668535739974, -0.11899324465957682, -0.024818550829505966, -0.10817045279267166, -0.1178656107120097, -0.11748247461937421, -0.060040916206584846, -0.017611694777657293, -0.12120518410665435, -0.08006670270724008, 10.718317841539463, -0.16965344645946112, -0.06485533646112665, -0.09831792020121419, 0.028665417146557258], [0.4522418370734041, -0.0002727003743717454, 0.056961020484198016, -0.03628013894683205, -0.15935310222257468, -0.06006343702126407, -0.13495753343638214, -0.06090663199578641, -0.11230538345390179, -0.0518397206277067, -0.09653061061514381, -0.09177599301782183, 0.012102174460192168, -0.16965344645946112, 10.752885854073865, -0.06360660360624476, -0.03974454382824231, 0.07862741524926962], [0.45537624208088384, 0.03126776955784791, 0.04777988909344832, -0.004447535913256103, -0.13084585466188517, -0.08529823979462038, -0.09496547205883225, -0.12754084327832219, -0.1821939328449104, -0.05791141830725902, -0.017329666663420257, -0.07835561016939002, -0.06692014827623709, -0.06485533646112665, -0.06360660360624476, 10.713199359630112, -0.1384846613843489, 0.06415716400670009], [0.25509910382677037, -0.020294228758078403, -0.015215094289891807, -0.0884053080303975, -0.11529022466057787, -0.05894480446529705, -0.10529018242476268, -0.09794796919058439, -0.018620618229116547, -0.0996351909396795, -0.020925331989154753, -0.0849415072536779, -0.07128252588889385, -0.09831792020121419, -0.03974454382824231, -0.1384846613843489, 10.846544611438794, 0.11470495745798573], [-0.4361113565975725, 0.01778828544158834, 0.03839082697522456, -0.012023169183081583, 0.12130966805734492, 0.03393385415580201, 0.12162761296838519, 0.05102100039773129, 0.12195019012279237, -0.0015348738619107999, 0.009595998467115755, 0.026899798066623428, 0.062333644157931675, 0.028665417146557258, 0.07862741524926962, 0.06415716400670009, 0.11470495745798573, 10.750889548504466]]",
    "monomial_list": "[1, x9, x8, x7, x6, x5, x4, x3, x2, x17, x16, x15, x14, x13, x12, x11, x10, x1]"
}