{
    "name": "Multiplier-12",
    "rational_expression": "5077*x1**2/500 + 37411*x1*x10/100000 + 28573*x1*x11/50000 + 74031*x1*x12/100000 + 9013*x1*x13/50000 + 33517*x1*x14/100000 - 179*x1*x15/10000 - 39489*x1*x16/1000000 + 6469*x1*x17/25000 + 8323*x1*x2/25000 + 2497*x1*x3/10000 + 32051*x1*x4/50000 + 6051*x1*x5/12500 + 65859*x1*x6/100000 + 39591*x1*x7/100000 + 11519*x1*x8/20000 + 31083*x1*x9/100000 - 1679*x1/1000 + 10879*x10**2/1000 - 11559*x10*x11/20000 + 6167*x10*x12/5000 - 26451*x10*x13/50000 - 5827*x10*x14/50000 - 11499*x10*x15/50000 - 421*x10*x16/2500 - 4753*x10*x17/20000 + 2297*x10*x2/12500 - 3119*x10*x3/10000 - 26309*x10*x4/100000 - 13711*x10*x5/100000 - 44297*x10*x6/100000 - 5631*x10*x7/20000 - 11739*x10*x8/100000 - 15021*x10*x9/50000 + 8881*x10/10000 + 10099*x11**2/1000 - 1952*x11*x12/3125 - 23883*x11*x13/50000 - 1093*x11*x14/6250 - 653*x11*x15/6250 - 14013*x11*x16/100000 - 49041*x11*x17/100000 - 10021*x11*x2/20000 - 16599*x11*x3/25000 - 3389*x11*x4/10000 - 78167*x11*x5/100000 - 14977*x11*x6/25000 - 44067*x11*x7/100000 - 53241*x11*x8/100000 - 14253*x11*x9/25000 + 1873*x11/1000 + 3989*x12**2/250 - 1016*x12*x13/625 + 2649*x12*x14/2500 - 4981*x12*x15/6250 - 7833*x12*x16/50000 - 381*x12*x17/3125 + 30119*x12*x2/50000 + 1781*x12*x3/5000 - 5951*x12*x4/25000 + 54561*x12*x5/1000000 - 28229*x12*x6/50000 - 83013*x12*x7/1000000 + 11493*x12*x8/25000 - 6369*x12*x9/20000 + 7299*x12/10000 + 2063*x13**2/200 - 35997*x13*x14/50000 - 39751*x13*x15/100000 + 11367*x13*x16/100000 - 2557*x13*x17/5000 - 2773*x13*x2/12500 - 78289*x13*x3/100000 - 4087*x13*x4/20000 - 8257*x13*x5/25000 - 2473*x13*x6/12500 - 19667*x13*x7/50000 - 14979*x13*x8/25000 - 18623*x13*x9/50000 + 9609*x13/10000 + 10711*x14**2/1000 - 1289*x14*x15/1250 + 62361*x14*x16/10000000 - 25379*x14*x17/100000 + 74733*x14*x2/1000000 - 431*x14*x3/3125 - 35933*x14*x4/100000 - 80403*x14*x5/1000000 - 34013*x14*x6/100000 - 964*x14*x7/3125 - 639*x14*x8/6250 - 17293*x14*x9/100000 + 651*x14/500 + 99657*x15**2/10000 - 6529*x15*x16/50000 - 9663*x15*x17/20000 - 10459*x15*x2/100000 - 46571*x15*x3/100000 - 30777*x15*x4/100000 + 97453*x15*x5/10000000 - 10787*x15*x6/20000 - 19837*x15*x7/100000 - 15647*x15*x8/100000 - 707*x15*x9/5000 + 1229*x15/1000 + 10611*x16**2/1000 - 37837*x16*x17/50000 + 1117*x16*x2/6250 - 7517*x16*x3/25000 - 82709*x16*x4/100000000 - 8241*x16*x5/25000 - 16137*x16*x6/100000 - 3371*x16*x7/20000 - 23003*x16*x8/500000 - 7119*x16*x9/25000 + 1459*x16/10000 + 5069*x17**2/500 - 881*x17*x2/4000 - 58889*x17*x3/100000 - 48333*x17*x4/100000 - 2143*x17*x5/6250 - 55673*x17*x6/100000 - 2887*x17*x7/10000 - 3303*x17*x8/10000 - 7209*x17*x9/20000 + 222*x17/125 + 531*x2**2/50 - 60857*x2*x3/100000 - 11999*x2*x4/50000 - 20027*x2*x5/100000 - 33959*x2*x6/50000 + 18089*x2*x7/500000 - 1087*x2*x8/4000 - 6483*x2*x9/250000 + 1193*x2/1000 + 5009*x3**2/500 - 15067*x3*x4/50000 - 39179*x3*x5/100000 - 3377*x3*x6/10000 - 2667*x3*x7/10000 - 3661*x3*x8/500000 - 44551*x3*x9/100000 + 1557*x3/1000 + 1326*x4**2/125 - 2784*x4*x5/3125 - 39551*x4*x6/100000 - 7431*x4*x7/20000 - 23353*x4*x8/50000 - 25547*x4*x9/100000 + 73*x4/50 + 5043*x5**2/500 - 35371*x5*x6/100000 - 25941*x5*x7/50000 - 29681*x5*x8/100000 - 667*x5*x9/1250 + 1667*x5/1000 + 10393*x6**2/1000 - 4667*x6*x7/6250 - 2929*x6*x8/5000 - 18301*x6*x9/50000 + 216*x6/125 + 10119*x7**2/1000 - 20771*x7*x8/50000 - 2881*x7*x9/6250 + 797*x7/500 + 5257*x8**2/500 - 86067*x8*x9/100000 + 447*x8/250 + 5063*x9**2/500 + 1387*x9/1000 + 6083/1000",
    "Q": "[[6.08293012216971, 0.6906133056625329, 0.8947451745437842, 0.795711447053149, 0.8650805591789726, 0.8338198057274073, 0.7281845541470402, 0.779546068163836, 0.5945084622924914, 0.8883063991793909, 0.0748337851884215, 0.6121681447973844, 0.6479826105137986, 0.4815193699206691, 0.3627636561099515, 0.9376096158651906, 0.44626138694527695, -0.8414243656082006], [0.6906133056625329, 10.12503013491603, -0.43491941275997575, -0.2289058650715025, -0.1836014908169406, -0.27122908729409584, -0.1245130036966893, -0.21840090609065785, -0.012836744390021458, -0.18177171385640406, -0.14266376068969708, -0.07467257541353817, -0.08615984102224836, -0.19045647776220537, -0.1573315044871044, -0.2841878217419208, -0.1520779468062965, 0.15348575207703213], [0.8947451745437842, -0.43491941275997575, 10.514033930193797, -0.2063906625383306, -0.29594657548962156, -0.1471614793824524, -0.23128831662151045, -0.002275254777505091, -0.1375970592349102, -0.16492255255988236, -0.027418033503834264, -0.07813648894988771, -0.050712435841432056, -0.29703857115402316, 0.23459608425811493, -0.26366926396399737, -0.05321621352721423, 0.28405771508227184], [0.795711447053149, -0.2289058650715025, -0.2063906625383306, 10.118562457412766, -0.37414268750930463, -0.258529491818953, -0.18286946481615224, -0.13571116629528426, 0.016202428883224308, -0.14487296652419093, -0.0828609888696063, -0.10200804931598328, -0.15851420207987066, -0.19968011626817228, -0.04166343829325514, -0.2245038959093714, -0.13804058671350222, 0.20115795275520582], [0.8650805591789726, -0.1836014908169406, -0.29594657548962156, -0.37414268750930463, 10.39309283953428, -0.18002254328650535, -0.19471762836959017, -0.16653361536410183, -0.3396477826937318, -0.28032454684820807, -0.08387280836898874, -0.26798508685064054, -0.16633737033967025, -0.09803226658717903, -0.2813639094299251, -0.299197813752262, -0.21831289604203236, 0.3273481562648201], [0.8338198057274073, -0.27122908729409584, -0.1471614793824524, -0.258529491818953, -0.18002254328650535, 10.086398373898582, -0.44336294770425316, -0.19701159077385813, -0.10110849934763905, -0.16772594198885446, -0.16236547426929845, 0.003585686205484459, -0.04464067802878016, -0.16606084502820154, 0.02386694064249991, -0.3855327067428249, -0.0681305061798892, 0.23760126859817227], [0.7281845541470402, -0.1245130036966893, -0.23128831662151045, -0.18286946481615224, -0.19471762836959017, -0.44336294770425316, 10.6066590141761, -0.14884970629621921, -0.11786304604680202, -0.24453051399502532, 0.0007322615251974671, -0.15167332047143525, -0.17791352125542254, -0.1012592201434885, -0.12073375472161292, -0.16703579077005412, -0.13590926194213174, 0.3219055524309764], [0.779546068163836, -0.21840090609065785, -0.002275254777505091, -0.13571116629528426, -0.16653361536410183, -0.19701159077385813, -0.14884970629621921, 10.018112363735677, -0.3041833610045136, -0.29522386057898725, -0.151820102266196, -0.23771462502313806, -0.06657743907168821, -0.39386102828898173, 0.17355881990587568, -0.3372809926202529, -0.1591079399223009, 0.12424169767646698], [0.5945084622924914, -0.012836744390021458, -0.1375970592349102, 0.016202428883224308, -0.3396477826937318, -0.10110849934763905, -0.11786304604680202, -0.3041833610045136, 10.620066671000803, -0.11290586502821433, 0.08738744229938093, -0.05346551777356834, 0.03719402473139411, -0.11614225191358798, 0.3010499303696208, -0.24952930535062146, 0.0906208589006232, 0.16738545703927077], [0.8883063991793909, -0.18177171385640406, -0.16492255255988236, -0.14487296652419093, -0.28032454684820807, -0.16772594198885446, -0.24453051399502532, -0.29522386057898725, -0.11290586502821433, 10.138686555918571, -0.3761494267287289, -0.24655268561348845, -0.12791333841066707, -0.25569036103752774, -0.06034246687631826, -0.24025790912098696, -0.1195206574070062, 0.13337832156555404], [0.0748337851884215, -0.14266376068969708, -0.027418033503834264, -0.0828609888696063, -0.08387280836898874, -0.16236547426929845, 0.0007322615251974671, -0.151820102266196, 0.08738744229938093, -0.3761494267287289, 10.611215187164094, -0.06278225934024564, 0.003058694068256224, 0.06101662241891417, -0.0741460908987614, -0.0742917563786663, -0.083412513178937, -0.024123896981280476], [0.6121681447973844, -0.07467257541353817, -0.07813648894988771, -0.10200804931598328, -0.26798508685064054, 0.003585686205484459, -0.15167332047143525, -0.23771462502313806, -0.05346551777356834, -0.24655268561348845, -0.06278225934024564, 9.96612139909758, -0.5196996101890512, -0.19338312288362536, -0.40130687573505425, -0.05441633370425103, -0.1153749416740094, -0.007866344520999076], [0.6479826105137986, -0.08615984102224836, -0.050712435841432056, -0.15851420207987066, -0.16633737033967025, -0.04464067802878016, -0.17791352125542254, -0.06657743907168821, 0.03719402473139411, -0.12791333841066707, 0.003058694068256224, -0.5196996101890512, 10.710192433121344, -0.36195227344610187, 0.526146653534377, -0.09196956483081077, -0.05648495564864929, 0.16783881188474356], [0.4815193699206691, -0.19045647776220537, -0.29703857115402316, -0.19968011626817228, -0.09803226658717903, -0.16606084502820154, -0.1012592201434885, -0.39386102828898173, -0.11614225191358798, -0.25569036103752774, 0.06101662241891417, -0.19338312288362536, -0.36195227344610187, 10.316479502070555, -0.8168480571951248, -0.23724611605133505, -0.26246529325162254, 0.08817240883371211], [0.3627636561099515, -0.1573315044871044, 0.23459608425811493, -0.04166343829325514, -0.2813639094299251, 0.02386694064249991, -0.12073375472161292, 0.17355881990587568, 0.3010499303696208, -0.06034246687631826, -0.0741460908987614, -0.40130687573505425, 0.526146653534377, -0.8168480571951248, 15.955668059646799, -0.320220795342974, 0.6157107014914439, 0.3673980382417628], [0.9376096158651906, -0.2841878217419208, -0.26366926396399737, -0.2245038959093714, -0.299197813752262, -0.3855327067428249, -0.16703579077005412, -0.3372809926202529, -0.24952930535062146, -0.24025790912098696, -0.0742917563786663, -0.05441633370425103, -0.09196956483081077, -0.23724611605133505, -0.320220795342974, 10.099945838917863, -0.28599021606557185, 0.2894238132766068], [0.44626138694527695, -0.1520779468062965, -0.05321621352721423, -0.13804058671350222, -0.21831289604203236, -0.0681305061798892, -0.13590926194213174, -0.1591079399223009, 0.0906208589006232, -0.1195206574070062, -0.083412513178937, -0.1153749416740094, -0.05648495564864929, -0.26246529325162254, 0.6157107014914439, -0.28599021606557185, 10.878300364152192, 0.19035157175443798], [-0.8414243656082006, 0.15348575207703213, 0.28405771508227184, 0.20115795275520582, 0.3273481562648201, 0.23760126859817227, 0.3219055524309764, 0.12424169767646698, 0.16738545703927077, 0.13337832156555404, -0.024123896981280476, -0.007866344520999076, 0.16783881188474356, 0.08817240883371211, 0.3673980382417628, 0.2894238132766068, 0.19035157175443798, 10.15522717203205]]",
    "monomial_list": "[1, x9, x8, x7, x6, x5, x4, x3, x2, x17, x16, x15, x14, x13, x12, x11, x10, x1]"
}