{
    "name": "Multiplier-14",
    "rational_expression": "9743*x1**2/1000 + 11977*x1*x10/25000 + 9363*x1*x11/12500 + 62259*x1*x12/100000 + 9493*x1*x13/20000 - 37847*x1*x14/100000 - 86457*x1*x15/1000000 + 7297*x1*x16/500000 + 2333*x1*x17/6250 + 1019*x1*x2/3125 + 10839*x1*x3/50000 + 99631*x1*x4/100000 + 6079*x1*x5/10000 + 1039*x1*x6/1000 + 2587*x1*x7/5000 + 3439*x1*x8/5000 + 278*x1*x9/625 - 471*x1/250 + 1353*x10**2/125 - 4893*x10*x11/6250 - 2043*x10*x12/20000 - 31197*x10*x13/100000 - 2643*x10*x14/2000 + 8733*x10*x15/100000 - 6707*x10*x16/20000 - 1467*x10*x17/6250 + 4161*x10*x2/25000 - 2603*x10*x3/5000 + 15167*x10*x4/100000 - 1351*x10*x5/5000 - 119*x10*x6/1000 - 3159*x10*x7/10000 - 473*x10*x8/250000 - 3863*x10*x9/10000 + 6843*x10/10000 + 9723*x11**2/1000 - 11981*x11*x12/25000 - 75871*x11*x13/100000 + 16773*x11*x14/20000 - 23817*x11*x15/100000 - 1003*x11*x16/5000 - 13179*x11*x17/20000 - 27129*x11*x2/50000 - 82197*x11*x3/100000 - 51711*x11*x4/100000 - 4847*x11*x5/5000 - 4249*x11*x6/5000 - 5863*x11*x7/10000 - 127*x11*x8/200 - 37*x11*x9/50 + 2043*x11/1000 + 10223*x12**2/1000 - 6673*x12*x13/5000 + 15143*x12*x14/10000 - 82113*x12*x15/100000 - 24967*x12*x16/50000 - 5159*x12*x17/12500 + 75349*x12*x2/10000000 - 18971*x12*x3/100000 - 69793*x12*x4/100000 - 2067*x12*x5/5000 - 8809*x12*x6/10000 - 973*x12*x7/2000 - 9*x12*x8/80 - 661*x12*x9/1250 + 2043*x12/1000 + 49027*x13**2/5000 - 10103*x13*x14/10000 - 16589*x13*x15/50000 - 14907*x13*x16/50000 - 26743*x13*x17/50000 - 89223*x13*x2/1000000 - 75763*x13*x3/100000 - 36071*x13*x4/100000 - 2841*x13*x5/5000 - 6369*x13*x6/10000 - 267*x13*x7/500 - 1949*x13*x8/5000 - 1387*x13*x9/2000 + 1987*x13/1000 + 4653*x14**2/250 - 10771*x14*x15/2500 + 17809*x14*x16/10000 - 13519*x14*x17/10000 + 37799*x14*x2/50000 - 60489*x14*x3/100000 - 2159*x14*x4/1250 + 323*x14*x5/250 - 7963*x14*x6/10000 - 2751*x14*x7/10000 - 387*x14*x8/400 + 4883*x14*x9/10000 + 891*x14/2500 + 98301*x15**2/10000 - 2164*x15*x16/3125 - 1609*x15*x17/5000 - 1199*x15*x2/6250 - 11289*x15*x3/25000 - 55871*x15*x4/10000000 - 907*x15*x5/5000 - 749*x15*x6/1250 - 1313*x15*x7/25000 + 21*x15*x8/100 - 1431*x15*x9/5000 + 1313*x15/1000 + 2591*x16**2/250 - 12159*x16*x17/10000 + 18499*x16*x2/50000 - 17793*x16*x3/50000 - 9081*x16*x4/20000 - 3593*x16*x5/10000 - 3241*x16*x6/5000 - 153*x16*x7/500 - 7*x16*x8/50 - 4043*x16*x9/10000 + 8903*x16/10000 + 97417*x17**2/10000 - 928*x17*x2/3125 - 7567*x17*x3/10000 - 47287*x17*x4/100000 - 5433*x17*x5/10000 - 5941*x17*x6/10000 - 1863*x17*x7/5000 - 339*x17*x8/1000 - 5181*x17*x9/10000 + 1903*x17/1000 + 10241*x2**2/1000 - 24347*x2*x3/25000 - 801*x2*x4/2500 - 423*x2*x5/2500 - 7733*x2*x6/10000 + 751*x2*x7/5000 - 1153*x2*x8/2000 + 7671*x2*x9/100000 + 1313*x2/1000 + 11849*x3**2/1250 - 35507*x3*x4/100000 - 308*x3*x5/625 - 1633*x3*x6/5000 - 1547*x3*x7/5000 - 3147*x3*x8/100000 - 1281*x3*x9/2500 + 191*x3/125 + 2643*x4**2/250 - 679*x4*x5/500 - 7*x4*x6/25 - 427*x4*x7/1000 - 693*x4*x8/2500 - 453*x4*x9/1000 + 2043*x4/1000 + 4869*x5**2/500 - 5791*x5*x6/10000 - 1483*x5*x7/2000 - 2151*x5*x8/5000 - 7139*x5*x9/10000 + 989*x5/500 + 51*x6**2/5 - 9759*x6*x7/10000 - 907*x6*x8/2000 - 6079*x6*x9/10000 + 1317*x6/500 + 9687*x7**2/1000 - 58*x7*x8/125 - 3247*x7*x9/5000 + 429*x7/250 + 1017*x8**2/100 - 581*x8*x9/500 + 1631*x8/1000 + 9727*x9**2/1000 + 1781*x9/1000 + 4687/1000",
    "Q": "[[4.686737869284139, 0.8911517359274276, 0.8155149459822161, 0.8599412164580528, 1.3193094005179218, 0.9905259712406803, 1.0218472872328521, 0.7631513816103983, 0.6554238072517576, 0.9514696835627009, 0.44609956974943016, 0.6551293206443057, 0.179834877590442, 0.9935633872291545, 1.0209840080807375, 1.0196912870036325, 0.34267839536003225, -0.9437529179848532], [0.8911517359274276, 9.727496245407632, -0.5800085709352969, -0.32053625902164423, -0.29926622613368364, -0.3573000844772788, -0.22227140236827048, -0.2539199960918193, 0.03902930102052184, -0.2586207487510635, -0.20630703484056356, -0.13991667529953575, 0.24831364304129747, -0.3436481963521006, -0.26102959358026695, -0.36976863432093776, -0.19337394323632948, 0.2216043653581709], [0.8155149459822161, -0.5800085709352969, 10.17283313264011, -0.22935893599199195, -0.2265930493779124, -0.2135023633250259, -0.13533318898144764, -0.011632606583506672, -0.2913750395234358, -0.17079532078212362, -0.06596827269784508, 0.10114938077643437, -0.4863972450451723, -0.19045471198763705, -0.05285527648298198, -0.317062535179199, -0.003430350037825155, 0.3389572328702], [0.8599412164580528, -0.32053625902164423, -0.22935893599199195, 9.686272308382827, -0.48345445906869694, -0.36853960297151495, -0.21333435184331367, -0.15866641209383095, 0.07348424105492135, -0.18775276567532248, -0.1501785650149208, -0.022464701192170807, -0.1416216552711229, -0.26577887613565665, -0.24624318788690808, -0.29632250275474575, -0.1542160365435839, 0.2566970230733534], [1.3193094005179218, -0.29926622613368364, -0.2265930493779124, -0.48345445906869694, 10.198460320406781, -0.29149382695766557, -0.14053910026248712, -0.15946875288673196, -0.3894675601805674, -0.3005579435089462, -0.31912417521488023, -0.29774569252965777, -0.4012377678465568, -0.32248489745260583, -0.4437771727095965, -0.4272931031725483, -0.05614194613811261, 0.5234772202895466], [0.9905259712406803, -0.3573000844772788, -0.2135023633250259, -0.36853960297151495, -0.29149382695766557, 9.738857691327473, -0.6811806658245344, -0.24862163353543906, -0.08401533167294313, -0.2740734236241043, -0.18042800840707376, -0.08755817738031538, 0.648256997091446, -0.2792247064055261, -0.21065026529013858, -0.48784482285145875, -0.13549281367876492, 0.3039853771901241], [1.0218472872328521, -0.22227140236827048, -0.13533318898144764, -0.21333435184331367, -0.14053910026248712, -0.6811806658245344, 10.572417224505573, -0.17535306308177823, -0.15820698113823503, -0.23944386093626222, -0.22547862778681083, -0.0004820026490775408, -0.8641120337069228, -0.18534353248700375, -0.3513489018706708, -0.25401383053539556, 0.07731762643763669, 0.4970064452534973], [0.7631513816103983, -0.2539199960918193, -0.011632606583506672, -0.15866641209383095, -0.15946875288673196, -0.24862163353543906, -0.17535306308177823, 9.478726563787108, -0.4866279939569687, -0.3758258082828896, -0.1794299868354895, -0.2257122543788482, -0.30447666718739136, -0.3751326957915264, -0.09560731315869636, -0.4099048773504394, -0.2567265580844389, 0.11287232881604052], [0.6554238072517576, 0.03902930102052184, -0.2913750395234358, 0.07348424105492135, -0.3894675601805674, -0.08401533167294313, -0.15820698113823503, -0.4866279939569687, 10.241622547813574, -0.1455680098330586, 0.18652052897640672, -0.0947234271528699, 0.3796332563797381, -0.0476783189343053, 4.967125231678518e-05, -0.2697204677237449, 0.07954187623901676, 0.16376055051549812], [0.9514696835627009, -0.2586207487510635, -0.17079532078212362, -0.18775276567532248, -0.3005579435089462, -0.2740734236241043, -0.23944386093626222, -0.3758258082828896, -0.1455680098330586, 9.742449193753238, -0.6052813380143489, -0.15803910205394212, -0.6747786303739292, -0.26719719743721937, -0.20819006521111763, -0.3271766283417024, -0.11479571565810218, 0.18124272222195517], [0.44609956974943016, -0.20630703484056356, -0.06596827269784508, -0.1501785650149208, -0.31912417521488023, -0.18042800840707376, -0.22547862778681083, -0.1794299868354895, 0.18652052897640672, -0.6052813380143489, 10.36325971786558, -0.3454702261992266, 0.8935739524696386, -0.14738046266548105, -0.2542110723903911, -0.10439739428537881, -0.16928570016113353, 0.004356423278790798], [0.6551293206443057, -0.13991667529953575, 0.10114938077643437, -0.022464701192170807, -0.29774569252965777, -0.08755817738031538, -0.0004820026490775408, -0.2257122543788482, -0.0947234271528699, -0.15803910205394212, -0.3454702261992266, 9.82799226921581, -2.156497916294915, -0.16273268785279857, -0.41043237285440665, -0.11818307952597817, 0.04186978910506024, -0.03926273522727232], [0.179834877590442, 0.24831364304129747, -0.4863972450451723, -0.1416216552711229, -0.4012377678465568, 0.648256997091446, -0.8641120337069228, -0.30447666718739136, 0.3796332563797381, -0.6747786303739292, 0.8935739524696386, -2.156497916294915, 18.614807380387326, -0.5030322408096644, 0.7541996618927614, 0.4186829061967376, -0.6618746231048304, -0.1890740378445819], [0.9935633872291545, -0.3436481963521006, -0.19045471198763705, -0.26577887613565665, -0.32248489745260583, -0.2792247064055261, -0.18534353248700375, -0.3751326957915264, -0.0476783189343053, -0.26719719743721937, -0.14738046266548105, -0.16273268785279857, -0.5030322408096644, 9.803331694358812, -0.6709420360682512, -0.38328087144482686, -0.153299247302411, 0.23825237920810183], [1.0209840080807375, -0.26102959358026695, -0.05285527648298198, -0.24624318788690808, -0.4437771727095965, -0.21065026529013858, -0.3513489018706708, -0.09560731315869636, 4.967125231678518e-05, -0.20819006521111763, -0.2542110723903911, -0.41043237285440665, 0.7541996618927614, -0.6709420360682512, 10.22569395506734, -0.23959389961990366, -0.054473863467524926, 0.3117731085310038], [1.0196912870036325, -0.36976863432093776, -0.317062535179199, -0.29632250275474575, -0.4272931031725483, -0.48784482285145875, -0.25401383053539556, -0.4099048773504394, -0.2697204677237449, -0.3271766283417024, -0.10439739428537881, -0.11818307952597817, 0.4186829061967376, -0.38328087144482686, -0.23959389961990366, 9.72236882682755, -0.3886997037043656, 0.37579698391998956], [0.34267839536003225, -0.19337394323632948, -0.003430350037825155, -0.1542160365435839, -0.05614194613811261, -0.13549281367876492, 0.07731762643763669, -0.2567265580844389, 0.07954187623901676, -0.11479571565810218, -0.16928570016113353, 0.04186978910506024, -0.6618746231048304, -0.153299247302411, -0.054473863467524926, -0.3886997037043656, 10.823772956226513, 0.2359921167153706], [-0.9437529179848532, 0.2216043653581709, 0.3389572328702, 0.2566970230733534, 0.5234772202895466, 0.3039853771901241, 0.4970064452534973, 0.11287232881604052, 0.16376055051549812, 0.18124272222195517, 0.004356423278790798, -0.03926273522727232, -0.1890740378445819, 0.23825237920810183, 0.3117731085310038, 0.37579698391998956, 0.2359921167153706, 9.744542892757345]]",
    "monomial_list": "[1, x9, x8, x7, x6, x5, x4, x3, x2, x17, x16, x15, x14, x13, x12, x11, x10, x1]"
}