{
    "name": "Multiplier-10",
    "rational_expression": "95433*x1**2/10000 + 31147*x1*x10/10000 + 23659*x1*x11/50000 + 1907*x1*x12/2500 + 39123*x1*x13/100000 + 20569*x1*x14/1000000 - 19983*x1*x15/250000 - 20241*x1*x16/250000 + 13649*x1*x17/50000 + 52351*x1*x2/100000 + 76477*x1*x3/1000000 + 13211*x1*x4/10000 + 356*x1*x5/625 + 59*x1*x6/50 + 941*x1*x7/2000 + 8287*x1*x8/10000 + 863*x1*x9/2500 - 1661*x1/1000 + 5527*x10**2/250 - 7459*x10*x11/2000 + 75919*x10*x12/100000 - 91273*x10*x13/100000 - 12703*x10*x14/5000 + 4267*x10*x15/6250 - 77973*x10*x16/100000 - 62299*x10*x17/100000 + 733*x10*x2/625 - 6761*x10*x3/5000 + 10513*x10*x4/5000 - 4479*x10*x5/5000 - 3781*x10*x6/10000 - 721*x10*x7/1250 + 3383*x10*x8/5000 - 126*x10*x9/125 + 4397*x10/10000 + 19187*x11**2/2000 - 76029*x11*x12/100000 - 31413*x11*x13/50000 + 10637*x11*x14/50000 - 58873*x11*x15/1000000 - 748*x11*x16/3125 - 54201*x11*x17/100000 - 19759*x11*x2/20000 - 1601*x11*x3/2500 - 70239*x11*x4/100000 - 273*x11*x5/250 - 8813*x11*x6/10000 - 193*x11*x7/400 - 1931*x11*x8/2500 - 6767*x11*x9/10000 + 233*x11/125 + 24969*x12**2/2500 - 1531*x12*x13/1000 + 40271*x12*x14/100000 - 38603*x12*x15/100000 - 18959*x12*x16/25000 - 30881*x12*x17/100000 + 3997*x12*x2/20000 - 22393*x12*x3/100000 - 43711*x12*x4/100000 - 326*x12*x5/625 - 77*x12*x6/80 - 2173*x12*x7/5000 + 1867*x12*x8/10000 - 6701*x12*x9/10000 + 1799*x12/1000 + 94863*x13**2/10000 - 19049*x13*x14/50000 - 30889*x13*x15/50000 - 19071*x13*x16/100000 - 59769*x13*x17/100000 - 10517*x13*x2/100000 - 80463*x13*x3/100000 - 9941*x13*x4/20000 - 5001*x13*x5/10000 - 6849*x13*x6/10000 - 5493*x13*x7/10000 - 199*x13*x8/400 - 6717*x13*x9/10000 + 1791*x13/1000 + 10341*x14**2/1000 - 18011*x14*x15/10000 + 55829*x14*x16/100000 - 8529*x14*x17/20000 - 1727*x14*x2/31250 - 10483*x14*x3/50000 - 78189*x14*x4/100000 + 1169*x14*x5/10000 - 2421*x14*x6/10000 - 3581*x14*x7/10000 - 5287*x14*x8/10000 + 139*x14*x9/4000 + 1791*x14/10000 + 18129*x15**2/2000 - 32361*x15*x16/100000 - 31291*x15*x17/50000 - 37663*x15*x2/1000000 - 62257*x15*x3/100000 - 31399*x15*x4/100000 + 8681*x15*x5/100000 - 3523*x15*x6/5000 - 1111*x15*x7/5000 + 5447*x15*x8/1000000 - 1801*x15*x9/10000 + 127*x15/100 + 5057*x16**2/500 - 13279*x16*x17/10000 + 2021*x16*x2/4000 - 37081*x16*x3/100000 - 16691*x16*x4/50000 - 631*x16*x5/1250 - 6923*x16*x6/10000 - 633*x16*x7/2500 + 1147*x16*x8/100000 - 1009*x16*x9/2000 + 1107*x16/2000 + 94119*x17**2/10000 - 35001*x17*x2/100000 - 81393*x17*x3/100000 - 1259*x17*x4/2000 - 4777*x17*x5/10000 - 6217*x17*x6/10000 - 3739*x17*x7/10000 - 2151*x17*x8/5000 - 919*x17*x9/2000 + 871*x17/500 + 5089*x2**2/500 - 2697*x2*x3/2000 - 81031*x2*x4/1000000 - 381*x2*x5/2000 - 9561*x2*x6/10000 + 2419*x2*x7/10000 - 5129*x2*x8/10000 + 6931*x2*x9/100000 + 176*x2/125 + 45807*x3**2/5000 - 49509*x3*x4/100000 - 611*x3*x5/1250 - 281*x3*x6/1250 - 383*x3*x7/1250 - 901*x3*x8/50000 - 2441*x3*x9/5000 + 651*x3/500 + 2639*x4**2/250 - 197*x4*x5/125 - 57*x4*x6/400 - 63*x4*x7/125 - 2301*x4*x8/10000 - 4597*x4*x9/10000 + 2027*x4/1000 + 9407*x5**2/1000 - 2959*x5*x6/5000 - 293*x5*x7/400 - 979*x5*x8/2500 - 7841*x5*x9/10000 + 1783*x5/1000 + 251*x6**2/25 - 28*x6*x7/25 - 2139*x6*x8/5000 - 6311*x6*x9/10000 + 477*x6/200 + 4689*x7**2/500 - 5359*x7*x8/10000 - 3141*x7*x9/5000 + 409*x7/250 + 1999*x8**2/200 - 1363*x8*x9/1000 + 1661*x8/1000 + 9419*x9**2/1000 + 1579*x9/1000 + 407/100",
    "Q": "[[4.069517782203461, 0.7912648860806638, 0.8294064739619162, 0.8162222111002125, 1.1938324528587998, 0.8931372231649227, 1.0138705776308723, 0.6495778588398714, 0.7020970501738903, 0.8717308119827795, 0.27483831269121134, 0.6364991964781874, 0.09097952330034008, 0.8934941602247021, 0.8984777655264761, 0.9325393173026323, 0.2196338071769882, -0.8297035584024944], [0.7912648860806638, 9.419448448944845, -0.6808484380614548, -0.31580492084078854, -0.3104942162863133, -0.38960423832500435, -0.232392913341286, -0.2404541045562675, 0.03298000852991799, -0.23171121116119942, -0.2566295428361124, -0.08922388228495479, 0.020751855129405392, -0.3353682824403097, -0.3341114473983203, -0.3353805387244526, -0.5017168609494722, 0.17219438786315583], [0.8294064739619162, -0.6808484380614548, 9.994195312350051, -0.26887966583276124, -0.21059909445647013, -0.19239130875772664, -0.11101990406081912, -0.010612933780136542, -0.25361897624731516, -0.21439347732739925, 0.0072410536721368495, -0.0003439054134075496, -0.2682599405357855, -0.2453013036341116, 0.09378145817444837, -0.3847056056350685, 0.336573686902452, 0.41672785490924913], [0.8162222111002125, -0.31580492084078854, -0.26887966583276124, 9.377536959319107, -0.5602635685395226, -0.36937427115589383, -0.2500300482608731, -0.15555581177376426, 0.11772394271723996, -0.1895881360251764, -0.12352387107327877, -0.10747977984438276, -0.1825574786149603, -0.27840811091036327, -0.22180286713296898, -0.24163874573011673, -0.2903495660556748, 0.23407798914129846], [1.1938324528587998, -0.3104942162863133, -0.21059909445647013, -0.5602635685395226, 10.039432229375755, -0.29701230113345595, -0.07086267036155353, -0.11687088916929976, -0.48234568165716885, -0.3096034483251725, -0.3491625467176845, -0.35566915130857557, -0.11921552108738251, -0.3422072112215764, -0.47602243388155, -0.441304299658883, -0.18857191662369074, 0.5930953215333093], [0.8931372231649227, -0.38960423832500435, -0.19239130875772664, -0.36937427115589383, -0.29701230113345595, 9.407822236412606, -0.7884038475332135, -0.24359272764557197, -0.09230900431781112, -0.2335269942486581, -0.24990164204966975, 0.043780168641343015, 0.05622428059761944, -0.2505111427176232, -0.26073657424613855, -0.5414233610056594, -0.44459229038947023, 0.2813752324975232], [1.0138705776308723, -0.232392913341286, -0.11101990406081912, -0.2500300482608731, -0.07086267036155353, -0.7884038475332135, 10.55639157575483, -0.24609637740310075, -0.03916906531663293, -0.3128148798981142, -0.1666435621525568, -0.15463996584681436, -0.38616687192724297, -0.25125546187508097, -0.22162915799255248, -0.35583035916783623, 1.053144808238253, 0.6571216688479624], [0.6495778588398714, -0.2404541045562675, -0.010612933780136542, -0.15555581177376426, -0.11687088916929976, -0.24359272764557197, -0.24609637740310075, 9.160686326486358, -0.6742816036969667, -0.40363785759675597, -0.1834785284498208, -0.3127587405879388, -0.10408265724471846, -0.40127377878780035, -0.10850091911593752, -0.3223028034316188, -0.6732267946659478, 0.03452496801533212], [0.7020970501738903, 0.03298000852991799, -0.25361897624731516, 0.11772394271723996, -0.48234568165716885, -0.09230900431781112, -0.03916906531663293, -0.6742816036969667, 10.177735431480265, -0.17827604477808084, 0.2511120168881799, -0.017263292300030136, -0.02463577568222918, -0.057015938265160965, 0.09422352841639939, -0.4944563090786529, 0.5837027826454705, 0.25877630406517405], [0.8717308119827795, -0.23171121116119942, -0.21439347732739925, -0.1895881360251764, -0.3096034483251725, -0.2335269942486581, -0.3128148798981142, -0.40363785759675597, -0.17827604477808084, 9.411371425202752, -0.664685321859158, -0.3166644988020246, -0.21712327960442765, -0.2968356692995427, -0.15478359802363, -0.2677661860237765, -0.3122211241810218, 0.139087153439688], [0.27483831269121134, -0.2566295428361124, 0.0072410536721368495, -0.12352387107327877, -0.3491625467176845, -0.24990164204966975, -0.1666435621525568, -0.1834785284498208, 0.2511120168881799, -0.664685321859158, 10.113478335722766, -0.160024627129195, 0.2829295663585093, -0.09427066092894938, -0.3839053751592291, -0.11896075113240075, -0.393580670398036, -0.04136729000010163], [0.6364991964781874, -0.08922388228495479, -0.0003439054134075496, -0.10747977984438276, -0.35566915130857557, 0.043780168641343015, -0.15463996584681436, -0.3127587405879388, -0.017263292300030136, -0.3166644988020246, -0.160024627129195, 9.065703143118398, -0.9001937520954704, -0.3075837645005335, -0.19277560015841397, -0.03225212726629001, 0.338258243632156, -0.03936740560942727], [0.09097952330034008, 0.020751855129405392, -0.2682599405357855, -0.1825574786149603, -0.11921552108738251, 0.05622428059761944, -0.38616687192724297, -0.10408265724471846, -0.02463577568222918, -0.21712327960442765, 0.2829295663585093, -0.9001937520954704, 10.341578315629883, -0.19124326309180992, 0.2064961676411369, 0.11139298254023275, -1.2746036100942886, 0.01436102062160318], [0.8934941602247021, -0.3353682824403097, -0.2453013036341116, -0.27840811091036327, -0.3422072112215764, -0.2505111427176232, -0.25125546187508097, -0.40127377878780035, -0.057015938265160965, -0.2968356692995427, -0.09427066092894938, -0.3075837645005335, -0.19124326309180992, 9.485163186402659, -0.7657461979088989, -0.3172298944894085, -0.4537844966213172, 0.19680754280938142], [0.8984777655264761, -0.3341114473983203, 0.09378145817444837, -0.22180286713296898, -0.47602243388155, -0.26073657424613855, -0.22162915799255248, -0.10850091911593752, 0.09422352841639939, -0.15478359802363, -0.3839053751592291, -0.19277560015841397, 0.2064961676411369, -0.7657461979088989, 9.987126301019632, -0.3765340203819641, 0.37599361854560065, 0.38036596116983534], [0.9325393173026323, -0.3353805387244526, -0.3847056056350685, -0.24163874573011673, -0.441304299658883, -0.5414233610056594, -0.35583035916783623, -0.3223028034316188, -0.4944563090786529, -0.2677661860237765, -0.11896075113240075, -0.03225212726629001, 0.11139298254023275, -0.3172298944894085, -0.3765340203819641, 9.592530978973018, -1.8660890866626416, 0.24181170382170505], [0.2196338071769882, -0.5017168609494722, 0.336573686902452, -0.2903495660556748, -0.18857191662369074, -0.44459229038947023, 1.053144808238253, -0.6732267946659478, 0.5837027826454705, -0.3122211241810218, -0.393580670398036, 0.338258243632156, -1.2746036100942886, -0.4537844966213172, 0.37599361854560065, -1.8660890866626416, 22.10747634374709, 1.5577528774911593], [-0.8297035584024944, 0.17219438786315583, 0.41672785490924913, 0.23407798914129846, 0.5930953215333093, 0.2813752324975232, 0.6571216688479624, 0.03452496801533212, 0.25877630406517405, 0.139087153439688, -0.04136729000010163, -0.03936740560942727, 0.01436102062160318, 0.19680754280938142, 0.38036596116983534, 0.24181170382170505, 1.5577528774911593, 9.543431682358284]]",
    "monomial_list": "[1, x9, x8, x7, x6, x5, x4, x3, x2, x17, x16, x15, x14, x13, x12, x11, x10, x1]"
}