{
    "name": "Multiplier-5",
    "rational_expression": "2187*x1**2/200 + 1089*x1*x10/6250 - 1419*x1*x11/10000 - 27519*x1*x12/1000000 - 73167*x1*x13/1000000 + 19099*x1*x14/100000 + 25763*x1*x15/100000 - 88217*x1*x16/1000000 - 557*x1*x17/5000 + 6377*x1*x2/50000 - 89667*x1*x3/1000000 + 20423*x1*x4/500000 - 43753*x1*x5/500000 + 21367*x1*x6/250000 - 7671*x1*x7/50000 + 43249*x1*x8/1000000 - 4377*x1*x9/25000 - 41323*x1/500000 + 2163*x10**2/200 - 4403*x10*x11/20000 - 49349*x10*x12/500000 - 16127*x10*x13/100000 - 12207*x10*x14/100000 - 6651*x10*x15/50000 - 42597*x10*x16/500000 - 729*x10*x17/5000 - 1253*x10*x2/50000 - 9413*x10*x3/50000 - 47601*x10*x4/500000 - 2831*x10*x5/31250 - 857*x10*x6/6250 - 3071*x10*x7/20000 - 2979*x10*x8/25000 - 482*x10*x9/3125 + 12439*x10/25000 + 5471*x11**2/500 + 48133*x11*x12/1000000 - 14477*x11*x13/1000000 - 24569*x11*x14/100000 - 42771*x11*x15/100000 + 11231*x11*x16/100000 - 18343*x11*x17/100000000 - 7907*x11*x2/50000 - 43939*x11*x3/1000000 + 36583*x11*x4/100000 + 1867*x11*x5/5000 - 11271*x11*x6/100000 + 881*x11*x7/5000 - 91047*x11*x8/1000000 + 3831*x11*x9/25000 - 16529*x11/100000 + 5421*x12**2/500 - 98693*x12*x13/1000000 - 46611*x12*x14/500000 - 1967*x12*x15/10000 - 10717*x12*x16/100000 + 6587*x12*x17/250000 - 7131*x12*x2/50000 + 43229*x12*x3/10000000 - 9251*x12*x4/200000 - 28989*x12*x5/500000 - 14503*x12*x6/100000 + 21881*x12*x7/500000 - 12051*x12*x8/200000 + 5293*x12*x9/250000 + 12481*x12/50000 + 2171*x13**2/200 - 8653*x13*x14/50000 - 5053*x13*x15/20000 + 2277*x13*x16/1000000 - 14603*x13*x17/1000000 - 5797*x13*x2/50000 - 14439*x13*x3/250000 - 11317*x13*x4/250000 + 27509*x13*x5/500000 - 587*x13*x6/5000 + 10903*x13*x7/250000 - 79199*x13*x8/1000000 + 4119*x13*x9/200000 + 4419*x13/10000 + 10807*x14**2/1000 - 9341*x14*x15/50000 + 13143*x14*x16/5000000 - 16237*x14*x17/100000 - 75203*x14*x2/1000000 - 11587*x14*x3/100000 - 15017*x14*x4/50000 - 13271*x14*x5/50000 - 21043*x14*x6/100000 - 9883*x14*x7/50000 - 552*x14*x8/3125 - 3891*x14*x9/25000 + 19329*x14/20000 + 10781*x15**2/1000 - 19219*x15*x16/100000 - 12119*x15*x17/50000 - 10513*x15*x2/100000 - 21851*x15*x3/100000 - 45901*x15*x4/100000 - 27*x15*x5/100 - 28553*x15*x6/100000 - 26301*x15*x7/100000 - 18933*x15*x8/100000 - 5741*x15*x9/20000 + 6907*x15/5000 + 2169*x16**2/200 - 401*x16*x17/3125 - 3813*x16*x2/200000 + 933*x16*x3/500000 + 91753*x16*x4/1000000 + 683*x16*x5/8000 - 6381*x16*x6/50000 + 10989*x16*x7/250000 - 31873*x16*x8/500000 + 87*x16*x9/4000 + 55659*x16/1000000 + 5423*x17**2/500 - 24703*x17*x2/250000 - 29919*x17*x3/500000 - 89217*x17*x4/1000000 + 27909*x17*x5/1000000 - 10087*x17*x6/100000 + 65067*x17*x7/1000000 - 7491*x17*x8/125000 + 21503*x17*x9/500000 + 27619*x17/100000 + 5387*x2**2/500 - 20669*x2*x3/100000 - 3247*x2*x4/20000 - 1091*x2*x5/6250 - 10981*x2*x6/50000 - 65571*x2*x7/1000000 - 18319*x2*x8/100000 - 13397*x2*x9/200000 + 63587*x2/100000 + 10809*x3**2/1000 - 32821*x3*x4/500000 + 10433*x3*x5/125000 - 1429*x3*x6/10000 + 21839*x3*x7/500000 - 58779*x3*x8/1000000 + 837*x3*x9/40000 + 33143*x3/100000 + 11087*x4**2/1000 + 14291*x4*x5/25000 - 13881*x4*x6/200000 + 13121*x4*x7/100000 - 107*x4*x8/800 + 15333*x4*x9/100000 - 4849*x4/25000 + 1774*x5**2/125 - 13637*x5*x6/500000 + 353*x5*x7/2000 - 69621*x5*x8/1000000 + 21841*x5*x9/100000 - 4849*x5/25000 + 2707*x6**2/250 - 65589*x6*x7/1000000 - 4019*x6*x8/25000 - 2299*x6*x9/50000 + 71851*x6/100000 + 5433*x7**2/500 - 4477*x7*x8/100000 + 109*x7*x9/1000 - 2783*x7/100000 + 2701*x8**2/250 - 482*x8*x9/3125 + 12439*x8/25000 + 10881*x9**2/1000 - 41323*x9/500000 + 13817/1000",
    "Q": "[[13.816873895016048, -0.04406424693519862, 0.25477814073987515, -0.020279163056793885, 0.3556531343063306, -0.09840306661237036, -0.09438473780287403, 0.16692619279843968, 0.3195707481513766, 0.14139571977539675, 0.024607097477636036, 0.6887987974737275, 0.48305264520133046, 0.21456937122173106, 0.12245842268077818, -0.07744783492355423, 0.24837831353774178, -0.0449631956917433], [-0.04406424693519862, 10.881525210495127, -0.07340686122718458, 0.05961770575402412, -0.024946092176688358, 0.10400333270420348, 0.07568153756431492, 0.014156123080896654, -0.03645420537458844, 0.02527240804259233, 0.013536719595002319, -0.1424625347007558, -0.07450672789046218, 0.01484740136151807, 0.012698847070903312, 0.07653176646169996, -0.07340259571039959, -0.08876543845210795], [0.25477814073987515, -0.07340686122718458, 10.804462334980837, -0.02418156570574723, -0.07859756114873506, -0.03942593425885866, -0.06307885928356624, -0.028403504085577905, -0.09192250120324928, -0.03194346198989876, -0.02769225135789015, -0.09195752027507009, -0.08304338804991775, -0.04211890210257151, -0.025290931182892447, -0.04143168030741589, -0.05944933651817751, 0.026548870336648784], [-0.020279163056793885, 0.05961770575402412, -0.02418156570574723, 10.866127188854271, -0.03609663232108153, 0.09200777193348103, 0.06433846127195092, 0.018416583624246145, -0.03264373460631361, 0.029460989284995364, 0.02521708331386282, -0.13128918394015007, -0.10019579838167478, 0.018702201980193872, 0.021232177876997486, 0.08327435199409673, -0.0721383153948902, -0.07652646182617538], [0.3556531343063306, -0.024946092176688358, -0.07859756114873506, -0.03609663232108153, 10.827593517356904, -0.01572482475271237, -0.034006215420127474, -0.06959441164608181, -0.11414668446061728, -0.04556666379394124, -0.0630112684495062, -0.1462451427955736, -0.10154042931249913, -0.059318563024226376, -0.06750846009427965, -0.059570368727266565, -0.07378760494908523, 0.04611988104872204], [-0.09840306661237036, 0.10400333270420348, -0.03942593425885866, 0.09200777193348103, -0.01572482475271237, 14.192086006819503, 0.2819446767976599, 0.0350749256355197, -0.09201133691120496, 0.012156199760654915, 0.04881242336058475, -0.13711234535904038, -0.12990817481328487, 0.028011062343893185, -0.025287815732050738, 0.1826579796440604, -0.05161312350930435, -0.04308603664780499], [-0.09438473780287403, 0.07568153756431492, -0.06307885928356624, 0.06433846127195092, -0.034006215420127474, 0.2819446767976599, 11.086786366599728, -0.03653517753253845, -0.08072715994087326, -0.04356607876920121, 0.04422445572149412, -0.2348446430243898, -0.15374767625001567, -0.027299590635820173, -0.023004910338381947, 0.17858310913701103, -0.04499574453530073, 0.01768495187123347], [0.16692619279843968, 0.014156123080896654, -0.028403504085577905, 0.018416583624246145, -0.06959441164608181, 0.0350749256355197, -0.03653517753253845, 10.808657870762579, -0.09959079209428624, -0.02551304531694459, -0.00012682818771801325, -0.11386861532522478, -0.05365863017296732, -0.0238955193530719, 0.0035741841925754866, -0.019700071121392635, -0.09000123333695606, -0.040740442180822053], [0.3195707481513766, -0.03645420537458844, -0.09192250120324928, -0.03264373460631361, -0.11414668446061728, -0.09201133691120496, -0.08072715994087326, -0.09959079209428624, 10.774153125891472, -0.053359876038307316, -0.006213225162242326, -0.05291688574080687, -0.040460965990869235, -0.058402679545530474, -0.07087636531458635, -0.08149136742683706, -0.015013887684092538, 0.06868512707036929], [0.14139571977539675, 0.02527240804259233, -0.03194346198989876, 0.029460989284995364, -0.04556666379394124, 0.012156199760654915, -0.04356607876920121, -0.02551304531694459, -0.053359876038307316, 10.846625455206272, -0.06843960309048713, -0.12447368835475243, -0.07685287461714464, -0.003058385456613633, 0.013148217418851997, 0.0015749366397851846, -0.075906264619912, -0.050712095063231544], [0.024607097477636036, 0.013536719595002319, -0.02769225135789015, 0.02521708331386282, -0.0630112684495062, 0.04881242336058475, 0.04422445572149412, -0.00012682818771801325, -0.006213225162242326, -0.06843960309048713, 10.845274495911223, -0.09235979113916906, -0.003630179828738134, 0.002647401715085015, -0.05056978707801977, 0.058573699057429464, -0.04361950171715276, -0.04010071148848844], [0.6887987974737275, -0.1424625347007558, -0.09195752027507009, -0.13128918394015007, -0.1462451427955736, -0.13711234535904038, -0.2348446430243898, -0.11386861532522478, -0.05291688574080687, -0.12447368835475243, -0.09235979113916906, 10.781897054061252, -0.09186899048310608, -0.1288653942237541, -0.102287403663964, -0.21032827345342375, -0.06865684219587928, 0.13342199572050217], [0.48305264520133046, -0.07450672789046218, -0.08304338804991775, -0.10019579838167478, -0.10154042931249913, -0.12990817481328487, -0.15374767625001567, -0.05365863017296732, -0.040460965990869235, -0.07685287461714464, -0.003630179828738134, -0.09186899048310608, 10.806663229369635, -0.08212013761173201, -0.051174163247508724, -0.12024172299797074, -0.06599881982519756, 0.09543927766925424], [0.21456937122173106, 0.01484740136151807, -0.04211890210257151, 0.018702201980193872, -0.059318563024226376, 0.028011062343893185, -0.027299590635820173, -0.0238955193530719, -0.058402679545530474, -0.003058385456613633, 0.002647401715085015, -0.1288653942237541, -0.08212013761173201, 10.85531887202505, -0.04621967575265214, -0.011005766976593816, -0.07911739045997665, -0.039839504013908913], [0.12245842268077818, 0.012698847070903312, -0.025290931182892447, 0.021232177876997486, -0.06750846009427965, -0.025287815732050738, -0.023004910338381947, 0.0035741841925754866, -0.07087636531458635, 0.013148217418851997, -0.05056978707801977, -0.102287403663964, -0.051174163247508724, -0.04621967575265214, 10.842357973970575, 0.022533032508742494, -0.04944524386091309, -0.019053691906919044], [-0.07744783492355423, 0.07653176646169996, -0.04143168030741589, 0.08327435199409673, -0.059570368727266565, 0.1826579796440604, 0.17858310913701103, -0.019700071121392635, -0.08149136742683706, 0.0015749366397851846, 0.058573699057429464, -0.21032827345342375, -0.12024172299797074, -0.011005766976593816, 0.022533032508742494, 10.94225799825197, -0.10833823515036242, -0.0729922267079423], [0.24837831353774178, -0.07340259571039959, -0.05944933651817751, -0.0721383153948902, -0.07378760494908523, -0.05161312350930435, -0.04499574453530073, -0.09000123333695606, -0.015013887684092538, -0.075906264619912, -0.04361950171715276, -0.06865684219587928, -0.06599881982519756, -0.07911739045997665, -0.04944524386091309, -0.10833823515036242, 10.814225188915621, 0.0837769373176192], [-0.0449631956917433, -0.08876543845210795, 0.026548870336648784, -0.07652646182617538, 0.04611988104872204, -0.04308603664780499, 0.01768495187123347, -0.040740442180822053, 0.06868512707036929, -0.050712095063231544, -0.04010071148848844, 0.13342199572050217, 0.09543927766925424, -0.039839504013908913, -0.019053691906919044, -0.0729922267079423, 0.0837769373176192, 10.935746476252593]]",
    "monomial_list": "[1, x9, x8, x7, x6, x5, x4, x3, x2, x17, x16, x15, x14, x13, x12, x11, x10, x1]"
}