{
    "name": "Multiplier-1",
    "rational_expression": "1403*x1**2/100 - 19397*x1*x10/200000 - 15743*x1*x11/500000 - 3881*x1*x12/400000 + 5119*x1*x13/50000 + 1901*x1*x14/31250 + 23753*x1*x15/100000 + 9801*x1*x16/50000 + 2753*x1*x17/25000 + 88247*x1*x2/1000000 + 83*x1*x3/625 - 10931*x1*x4/50000 + 16341*x1*x5/250000 - 19621*x1*x6/100000 + 21267*x1*x7/1000000 - 88361*x1*x8/1000000 + 63661*x1*x9/1000000 - 22623*x1/1000000 + 2177*x10**2/200 - 24129*x10*x11/100000 - 12423*x10*x12/1000000 - 1163*x10*x13/5000 - 3231*x10*x14/50000 - 24091*x10*x15/100000 - 5251*x10*x16/50000 - 664*x10*x17/3125 + 13001*x10*x2/250000 - 24269*x10*x3/100000 - 7003*x10*x4/500000 - 17203*x10*x5/100000 - 24189*x10*x6/500000 - 21821*x10*x7/100000 - 13753*x10*x8/200000 - 21537*x10*x9/100000 + 33581*x10/50000 + 43*x11**2/4 - 7179*x11*x12/50000 - 16821*x11*x13/100000 - 10891*x11*x14/100000 - 2641*x11*x15/10000 - 23777*x11*x16/100000 - 669*x11*x17/3125 - 9397*x11*x2/50000 - 26779*x11*x3/100000 - 41361*x11*x4/1000000 - 5443*x11*x5/50000 - 581*x11*x6/3125 - 57403*x11*x7/10000000 - 50027*x11*x8/1000000 - 89231*x11*x9/1000000 + 57901*x11/100000 + 2689*x12**2/250 - 1381*x12*x13/4000 + 27429*x12*x14/1000000 - 3243*x12*x15/12500 - 15221*x12*x16/50000 - 4869*x12*x17/25000 - 6711*x12*x2/50000 - 16443*x12*x3/100000 - 7949*x12*x4/50000 - 1851*x12*x5/10000 - 6369*x12*x6/25000 - 12693*x12*x7/100000 - 20899*x12*x8/500000 - 1873*x12*x9/10000 + 11011*x12/12500 + 537*x13**2/50 - 1467*x13*x14/10000 - 5321*x13*x15/25000 - 15161*x13*x16/100000 - 16881*x13*x17/100000 - 2629*x13*x2/20000 - 568*x13*x3/3125 - 4021*x13*x4/20000 - 74781*x13*x5/1000000 - 1093*x13*x6/4000 - 59873*x13*x7/1000000 - 3201*x13*x8/25000 - 38319*x13*x9/500000 + 97279*x13/100000 + 5407*x14**2/500 - 32897*x14*x15/100000 + 26407*x14*x16/1000000 - 1559*x14*x17/12500 - 1061*x14*x2/40000 - 86711*x14*x3/1000000 - 2867*x14*x4/25000 - 24033*x14*x5/250000 - 5539*x14*x6/62500 - 3547*x14*x7/25000 - 12077*x14*x8/100000 - 38169*x14*x9/500000 + 649*x14/2000 + 2143*x15**2/200 - 1226*x15*x16/15625 - 17933*x15*x17/100000 - 3071*x15*x2/20000 - 3631*x15*x3/40000 - 39921*x15*x4/100000 - 16653*x15*x5/100000 - 48669*x15*x6/100000 - 15541*x15*x7/100000 - 22489*x15*x8/100000 - 2119*x15*x9/20000 + 113*x15/80 + 10787*x16**2/1000 - 1561*x16*x17/5000 - 2509*x16*x2/62500 - 8969*x16*x3/100000 - 2603*x16*x4/10000 - 12193*x16*x5/50000 - 37607*x16*x6/100000 - 7259*x16*x7/50000 - 14809*x16*x8/100000 - 1143*x16*x9/6250 + 2039*x16/2000 + 5359*x17**2/500 - 18633*x17*x2/100000 - 2127*x17*x3/12500 - 27977*x17*x4/100000 - 13389*x17*x5/100000 - 17501*x17*x6/50000 - 37877*x17*x7/500000 - 3341*x17*x8/20000 - 91741*x17*x9/1000000 + 579*x17/500 + 10783*x2**2/1000 - 27993*x2*x3/100000 - 12297*x2*x4/100000 - 3721*x2*x5/25000 - 6623*x2*x6/25000 - 13451*x2*x7/200000 - 4449*x2*x8/25000 - 1069*x2*x9/12500 + 13899*x2/20000 + 2677*x3**2/250 - 1059*x3*x4/4000 - 11701*x3*x5/100000 - 3153*x3*x6/10000 - 59321*x3*x7/1000000 - 5253*x3*x8/50000 - 75843*x3*x9/1000000 + 99683*x3/100000 + 2173*x4**2/200 - 29749*x4*x5/100000 - 22507*x4*x6/1000000 - 5353*x4*x7/50000 - 66871*x4*x8/1000000 - 7413*x4*x9/50000 + 19689*x4/25000 + 10767*x5**2/1000 - 1597*x5*x6/10000 - 24389*x5*x7/1000000 - 13383*x5*x8/500000 - 42159*x5*x9/1000000 + 13899*x5/20000 + 5401*x6**2/500 - 4551*x6*x7/20000 - 503*x6*x8/5000 - 22267*x6*x9/100000 + 5557*x6/5000 + 10773*x7**2/1000 - 9997*x7*x8/200000 - 5037*x7*x9/5000000 + 62567*x7/100000 + 2163*x8**2/200 - 12057*x8*x9/50000 + 26653*x8/50000 + 1347*x9**2/125 + 7409*x9/10000 + 11583/1000",
    "Q": "[[11.583148827014185, 0.3657408411526246, 0.2690409780604187, 0.31753307799576475, 0.558697249283999, 0.343586057763041, 0.3917618515256518, 0.4923213376829973, 0.35083251468237686, 0.5839144659639566, 0.5143314738055739, 0.7112958795203652, 0.1653950956077482, 0.4830551140579822, 0.4458316772732217, 0.28861922127797496, 0.3359591024272561, -0.006896535148346379], [0.3657408411526246, 10.775812058610402, -0.11606072429508302, 0.0013409823532949576, -0.10664113337260261, -0.02276092977429616, -0.07720658381758272, -0.039427686270910714, -0.045303162789379785, -0.04296863722397361, -0.09016137499711785, -0.05813263726081836, -0.03973039251524079, -0.04142218250310682, -0.09192869711146004, -0.048794406284532375, -0.10968764796521352, 0.03293575567766868], [0.2690409780604187, -0.11606072429508302, 10.814311207216413, -0.026422435470911113, -0.048311716372271156, -0.016226186143064463, -0.03168659997004754, -0.050629003169413024, -0.09143192424852642, -0.0842902295263331, -0.07540593916008871, -0.10816416462021015, -0.056175707970325145, -0.05990044032721745, -0.018309053709331398, -0.02501389878459738, -0.03166982043025357, -0.04761866284901066], [0.31753307799576475, 0.0013409823532949576, -0.026422435470911113, 10.773080300927747, -0.11079358858147356, -0.008970597395602607, -0.057487438889840536, -0.03462037919489812, -0.0288214653992284, -0.0400959801654755, -0.07669876916612339, -0.07203676630235333, -0.0691333741097847, -0.02852101410114544, -0.0660014419486421, -0.004277594344428712, -0.1054841746796821, 0.015467852494798724], [0.558697249283999, -0.10664113337260261, -0.048311716372271156, -0.11079358858147356, 10.802397787619922, -0.07670494576951209, -0.012465592798916118, -0.15767316337886786, -0.13105915867039566, -0.16935603472626032, -0.1929416410594564, -0.2418272581642918, -0.046522910627772904, -0.13780868213339456, -0.1308332914727771, -0.09143059056751002, -0.022619487363977824, -0.10184479903188007], [0.343586057763041, -0.02276092977429616, -0.016226186143064463, -0.008970597395602607, -0.07670494576951209, 10.766740517608557, -0.15406567366474713, -0.058720296168976026, -0.07075322825943918, -0.06566471035272937, -0.11719351225463749, -0.0787267548849537, -0.04459684059649621, -0.03450234702753985, -0.08902201809995004, -0.056376445692667455, -0.0834517254203656, 0.029056659067042658], [0.3917618515256518, -0.07720658381758272, -0.03168659997004754, -0.057487438889840536, -0.012465592798916118, -0.15406567366474713, 10.86550437035147, -0.13269935883665865, -0.06574808480095982, -0.14455564198126686, -0.1319882961645799, -0.19754813983731312, -0.055235832744171424, -0.10112229638659684, -0.08351516392287858, -0.01755640259700682, -0.005917769465624271, -0.10623597980650926], [0.4923213376829973, -0.039427686270910714, -0.050629003169413024, -0.03462037919489812, -0.15767316337886786, -0.058720296168976026, -0.13269935883665865, 10.707832200771138, -0.143759080261617, -0.08217379703549763, -0.048677239596605894, -0.048929213686840764, -0.047091342041967015, -0.08848733586970516, -0.08057756783831085, -0.1328021913897289, -0.12328525977215524, 0.06438473447890197], [0.35083251468237686, -0.045303162789379785, -0.09143192424852642, -0.0288214653992284, -0.13105915867039566, -0.07075322825943918, -0.06574808480095982, -0.143759080261617, 10.78291393362613, -0.088878820660216, -0.020879864682748214, -0.07735667223898518, -0.01299427848158872, -0.06821444330089285, -0.06309973408755735, -0.08978749047377084, 0.030785106966407537, 0.044447841508302215], [0.5839144659639566, -0.04296863722397361, -0.0842902295263331, -0.0400959801654755, -0.16935603472626032, -0.06566471035272937, -0.14455564198126686, -0.08217379703549763, -0.088878820660216, 10.718770243068914, -0.15415820193433957, -0.08659636226882503, -0.06507561018616033, -0.08360283897154751, -0.09540092559287447, -0.10321279679643025, -0.10835604888827165, 0.055139257920192274], [0.5143314738055739, -0.09016137499711785, -0.07540593916008871, -0.07669876916612339, -0.1929416410594564, -0.11719351225463749, -0.1319882961645799, -0.048677239596605894, -0.020879864682748214, -0.15415820193433957, 10.787821195900618, -0.038361702367946046, 0.015590709812227162, -0.07310888412585773, -0.15671019657026308, -0.11758578610942731, -0.04993909591377329, 0.09767283549597411], [0.7112958795203652, -0.05813263726081836, -0.10816416462021015, -0.07203676630235333, -0.2418272581642918, -0.0787267548849537, -0.19754813983731312, -0.048929213686840764, -0.07735667223898518, -0.08659636226882503, -0.038361702367946046, 10.715770065902895, -0.16032852035690912, -0.10782936886855297, -0.13001322794446224, -0.12966221426170804, -0.11551854716309597, 0.12404512820871832], [0.1653950956077482, -0.03973039251524079, -0.056175707970325145, -0.0691333741097847, -0.046522910627772904, -0.04459684059649621, -0.055235832744171424, -0.047091342041967015, -0.01299427848158872, -0.06507561018616033, 0.015590709812227162, -0.16032852035690912, 10.814093004741476, -0.06944259025611639, 0.00865097971203594, -0.05594917263277372, -0.03386442453264986, 0.025514950062171676], [0.4830551140579822, -0.04142218250310682, -0.05990044032721745, -0.02852101410114544, -0.13780868213339456, -0.03450234702753985, -0.10112229638659684, -0.08848733586970516, -0.06821444330089285, -0.08360283897154751, -0.07310888412585773, -0.10782936886855297, -0.06944259025611639, 10.739278815064623, -0.17390375664859598, -0.08179412638732743, -0.11515860774213613, 0.046409702804637826], [0.4458316772732217, -0.09192869711146004, -0.018309053709331398, -0.0660014419486421, -0.1308332914727771, -0.08902201809995004, -0.08351516392287858, -0.08057756783831085, -0.06309973408755735, -0.09540092559287447, -0.15671019657026308, -0.13001322794446224, 0.00865097971203594, -0.17390375664859598, 10.756321006871858, -0.07419323568469614, -0.011532097153027939, -0.008111230436851762], [0.28861922127797496, -0.048794406284532375, -0.02501389878459738, -0.004277594344428712, -0.09143059056751002, -0.056376445692667455, -0.01755640259700682, -0.1328021913897289, -0.08978749047377084, -0.10321279679643025, -0.11758578610942731, -0.12966221426170804, -0.05594917263277372, -0.08179412638732743, -0.07419323568469614, 10.749668277356475, -0.12340315190273209, -0.01739064196434896], [0.3359591024272561, -0.10968764796521352, -0.03166982043025357, -0.1054841746796821, -0.022619487363977824, -0.0834517254203656, -0.005917769465624271, -0.12328525977215524, 0.030785106966407537, -0.10835604888827165, -0.04993909591377329, -0.11551854716309597, -0.03386442453264986, -0.11515860774213613, -0.011532097153027939, -0.12340315190273209, 10.885688148721382, -0.05200977417260388], [-0.006896535148346379, 0.03293575567766868, -0.04761866284901066, 0.015467852494798724, -0.10184479903188007, 0.029056659067042658, -0.10623597980650926, 0.06438473447890197, 0.044447841508302215, 0.055139257920192274, 0.09767283549597411, 0.12404512820871832, 0.025514950062171676, 0.046409702804637826, -0.008111230436851762, -0.01739064196434896, -0.05200977417260388, 14.029543655371443]]",
    "monomial_list": "[1, x9, x8, x7, x6, x5, x4, x3, x2, x17, x16, x15, x14, x13, x12, x11, x10, x1]"
}