{
    "name": "Multiplier-8",
    "rational_expression": "2537*x1**2/250 + 8347*x1*x10/20000 + 55791*x1*x11/100000 + 1161*x1*x12/2000 + 4743*x1*x13/12500 + 6331*x1*x14/50000 + 15107*x1*x15/200000 + 5807*x1*x16/50000 + 14011*x1*x17/50000 + 2829*x1*x2/12500 + 15641*x1*x3/50000 + 9671*x1*x4/12500 + 24849*x1*x5/50000 + 20143*x1*x6/25000 + 18443*x1*x7/50000 + 6959*x1*x8/5000 + 496*x1*x9/3125 - 1859*x1/1000 + 2181*x10**2/200 - 30097*x10*x11/50000 - 9959*x10*x12/500000 - 31867*x10*x13/100000 - 32237*x10*x14/100000 - 3847*x10*x15/25000 - 3033*x10*x16/25000 - 2677*x10*x17/10000 + 4611*x10*x2/25000 - 1019*x10*x3/3125 - 2587*x10*x4/20000 - 17241*x10*x5/100000 - 2341*x10*x6/10000 - 8087*x10*x7/25000 + 13823*x10*x8/10000 - 36529*x10*x9/100000 + 6779*x10/10000 + 5041*x11**2/500 - 1051*x11*x12/2000 - 62383*x11*x13/100000 - 5861*x11*x14/500000 - 18507*x11*x15/100000 - 14547*x11*x16/50000 - 10371*x11*x17/20000 - 39481*x11*x2/100000 - 38833*x11*x3/50000 - 37783*x11*x4/100000 - 82473*x11*x5/100000 - 68201*x11*x6/100000 - 5643*x11*x7/12500 - 86219*x11*x8/100000 - 2457*x11*x9/5000 + 1999*x11/1000 + 10473*x12**2/1000 - 5037*x12*x13/5000 + 19223*x12*x14/100000 - 25899*x12*x15/100000 - 43907*x12*x16/100000 - 15821*x12*x17/50000 - 6397*x12*x2/100000 - 19349*x12*x3/500000 - 2543*x12*x4/5000 - 43089*x12*x5/100000 - 14841*x12*x6/20000 - 8513*x12*x7/20000 + 47959*x12*x8/100000 - 343*x12*x9/500 + 2093*x12/1000 + 10131*x13**2/1000 - 27347*x13*x14/100000 - 51553*x13*x15/100000 - 1353*x13*x16/6250 - 26177*x13*x17/50000 - 233*x13*x2/8000 - 66529*x13*x3/100000 - 4171*x13*x4/10000 - 44371*x13*x5/100000 - 11659*x13*x6/20000 - 5991*x13*x7/12500 - 15969*x13*x8/50000 - 6507*x13*x9/12500 + 947*x13/500 + 5331*x14**2/500 - 2171*x14*x15/2000 + 11747*x14*x16/50000 - 713*x14*x17/2500 + 13683*x14*x2/100000 - 3289*x14*x3/12500 - 15491*x14*x4/50000 - 14817*x14*x5/1000000 - 17601*x14*x6/200000 - 26483*x14*x7/100000 - 5549*x14*x8/6250 + 18779*x14*x9/200000 + 3739*x14/10000 + 49553*x15**2/5000 - 3523*x15*x16/20000 - 54171*x15*x17/100000 - 97917*x15*x2/1000000 - 21067*x15*x3/50000 - 30473*x15*x4/100000 - 3849*x15*x5/250000 - 7239*x15*x6/12500 - 6399*x15*x7/25000 + 39311*x15*x8/100000 - 14413*x15*x9/50000 + 1543*x15/1000 + 1321*x16**2/125 - 17399*x16*x17/20000 + 28549*x16*x2/100000 - 11229*x16*x3/50000 - 9389*x16*x4/50000 - 40431*x16*x5/100000 - 42007*x16*x6/100000 - 7003*x16*x7/25000 + 7179*x16*x8/50000 - 53893*x16*x9/100000 + 503*x16/500 + 1261*x17**2/125 - 5629*x17*x2/25000 - 853*x17*x3/1250 - 50047*x17*x4/100000 - 20533*x17*x5/50000 - 27221*x17*x6/50000 - 33383*x17*x7/100000 - 10623*x17*x8/50000 - 38307*x17*x9/100000 + 1847*x17/1000 + 1326*x2**2/125 - 75341*x2*x3/100000 - 1111*x2*x4/5000 - 167*x2*x5/1000 - 2871*x2*x6/5000 + 12929*x2*x7/100000 - 38789*x2*x8/100000 + 2753*x2*x9/12500 + 8763*x2/10000 + 49847*x3**2/5000 - 1157*x3*x4/4000 - 20113*x3*x5/50000 - 29047*x3*x6/100000 - 31161*x3*x7/100000 + 71053*x3*x8/100000 - 6397*x3*x9/10000 + 339*x3/200 + 10631*x4**2/1000 - 12359*x4*x5/12500 - 4069*x4*x6/10000 - 10377*x4*x7/25000 + 14377*x4*x8/20000 - 29099*x4*x9/100000 + 871*x4/500 + 5041*x5**2/500 - 2961*x5*x6/6250 - 3509*x5*x7/6250 - 9083*x5*x8/25000 - 61367*x5*x9/100000 + 497*x5/250 + 5187*x6**2/500 - 78793*x6*x7/100000 + 2603*x6*x8/12500 - 8387*x6*x9/20000 + 47*x6/20 + 5037*x7**2/500 - 71*x7*x8/125 - 21161*x7*x9/50000 + 13*x7/8 + 7709*x8**2/500 - 7417*x8*x9/5000 + 1099*x8/1000 + 10181*x9**2/1000 + 26*x9/25 + 2923/500",
    "Q": "[[5.846489084989683, 0.5225517658357736, 0.5502925867961924, 0.8133202135591125, 1.1736843625860283, 0.9938766351552092, 0.8739376258065351, 0.8494524639940657, 0.436665092045538, 0.9239282141141725, 0.5005612793106746, 0.7710810914124177, 0.18794114336650974, 0.9456535889334722, 1.0478480816771265, 0.996865257736025, 0.3385140508887561, -0.9323152141166039], [0.5225517658357736, 10.18177684275508, -0.7416564363681484, -0.21031029130708012, -0.21017783845020116, -0.3110607946442879, -0.14974813458916572, -0.3165888217455653, 0.11173121691050077, -0.18679494274948383, -0.26458629456413824, -0.14440113567640597, 0.04523016121554576, -0.2583751627570668, -0.33890495333420556, -0.24295442069782022, -0.18457217130905662, 0.07403552199464689], [0.5502925867961924, -0.7416564363681484, 15.418292335289161, -0.28854101673377036, 0.0984122746869407, -0.18423101435127703, 0.35317966638951165, 0.3572003403457314, -0.19938348637543923, -0.11282347405756714, 0.07713476644621833, 0.20311182409396944, -0.4464332584041101, -0.15813901387185236, 0.24648520440184932, -0.4327934519366259, 0.6963162137821975, 0.696568499259183], [0.8133202135591125, -0.21031029130708012, -0.28854101673377036, 10.075002077195794, -0.3962854124735087, -0.28227062329640557, -0.20473481034411534, -0.15889540094932011, 0.06691960683515381, -0.17058269968180725, -0.1363952987354799, -0.12386786938700604, -0.13424216591881638, -0.2357866143977609, -0.21262873033470672, -0.22171829034386392, -0.16146406459515825, 0.18615410106120595], [1.1736843625860283, -0.21017783845020116, 0.0984122746869407, -0.3962854124735087, 10.374511358551922, -0.23224148022862723, -0.20505775263436074, -0.14034140924723626, -0.28483524025382984, -0.2752080981532495, -0.2114827596322801, -0.2879359781524275, -0.04353132730150298, -0.28999566014621886, -0.3677783286870343, -0.3375952037006066, -0.12178386063039831, 0.3977807893046553], [0.9938766351552092, -0.3110607946442879, -0.18423101435127703, -0.28227062329640557, -0.23224148022862723, 10.081790406267617, -0.4956115667089847, -0.20552584274279487, -0.08732488881923459, -0.20925640517465108, -0.20712936868092466, -0.007464814017918742, -0.00853988637572072, -0.22231777280652754, -0.21320128675957442, -0.4142277753403745, -0.0896530199313467, 0.25291949801533536], [0.8739376258065351, -0.14974813458916572, 0.35317966638951165, -0.20473481034411534, -0.20505775263436074, -0.4956115667089847, 10.632406255145739, -0.14248156560729755, -0.10682973326875578, -0.24683413898796266, -0.09587710723049021, -0.15698871178642443, -0.1511427537352354, -0.20324969689962227, -0.254566937430994, -0.19380501348020357, -0.0651052451944797, 0.384110646471152], [0.8494524639940657, -0.3165888217455653, 0.3572003403457314, -0.15889540094932011, -0.14034140924723626, -0.20552584274279487, -0.14248156560729755, 9.96945039406119, -0.3791025611597489, -0.3391820015672322, -0.11263786819758596, -0.21371780459491285, -0.13581100007691954, -0.3348988391104995, -0.019343801831990134, -0.3847403604155494, -0.16559857093067404, 0.15427831875942244], [0.436665092045538, 0.11173121691050077, -0.19938348637543923, 0.06691960683515381, -0.28483524025382984, -0.08732488881923459, -0.10682973326875578, -0.3791025611597489, 10.607782774513034, -0.10816969131516856, 0.13878372868310024, -0.04508474964112948, 0.06731156934188504, -0.01828217161485513, -0.03532962166338165, -0.19985124606632423, 0.08702993305765973, 0.11199606719174612], [0.9239282141141725, -0.18679494274948383, -0.11282347405756714, -0.17058269968180725, -0.2752080981532495, -0.20925640517465108, -0.24683413898796266, -0.3391820015672322, -0.10816969131516856, 10.088438482048275, -0.43555766856646344, -0.2673523178167418, -0.14236348245159086, -0.25954873461815664, -0.15619300708912456, -0.2612432593504235, -0.13337772015079877, 0.14102872234037117], [0.5005612793106746, -0.26458629456413824, 0.07713476644621833, -0.1363952987354799, -0.2114827596322801, -0.20712936868092466, -0.09587710723049021, -0.11263786819758596, 0.13878372868310024, -0.43555766856646344, 10.567276376702958, -0.09348793468638032, 0.1187639518871956, -0.10666850423304482, -0.22132652831090086, -0.15055256736388947, -0.056216260551029795, 0.061476435213487626], [0.7710810914124177, -0.14440113567640597, 0.20311182409396944, -0.12386786938700604, -0.2879359781524275, -0.007464814017918742, -0.15698871178642443, -0.21371780459491285, -0.04508474964112948, -0.2673523178167418, -0.09348793468638032, 9.91062239955281, -0.5473924671869209, -0.2601342841606845, -0.12579920357811972, -0.08980558693388059, -0.07399728699767477, 0.035142761303412685], [0.18794114336650974, 0.04523016121554576, -0.4464332584041101, -0.13424216591881638, -0.04353132730150298, -0.00853988637572072, -0.1511427537352354, -0.13581100007691954, 0.06731156934188504, -0.14236348245159086, 0.1187639518871956, -0.5473924671869209, 10.66357112620319, -0.1367443081562654, 0.10062048197990216, -0.006492413795209519, -0.15724480612077085, 0.060830827797359245], [0.9456535889334722, -0.2583751627570668, -0.15813901387185236, -0.2357866143977609, -0.28999566014621886, -0.22231777280652754, -0.20324969689962227, -0.3348988391104995, -0.01828217161485513, -0.25954873461815664, -0.10666850423304482, -0.2601342841606845, -0.1367443081562654, 10.128782289020377, -0.5019685265886591, -0.3144561958769772, -0.16187971899522327, 0.19527827227920694], [1.0478480816771265, -0.33890495333420556, 0.24648520440184932, -0.21262873033470672, -0.3677783286870343, -0.21320128675957442, -0.254566937430994, -0.019343801831990134, -0.03532962166338165, -0.15619300708912456, -0.22132652831090086, -0.12579920357811972, 0.10062048197990216, -0.5019685265886591, 10.472366865529235, -0.2624250125354572, -0.007956121384932884, 0.2950144379383135], [0.996865257736025, -0.24295442069782022, -0.4327934519366259, -0.22171829034386392, -0.3375952037006066, -0.4142277753403745, -0.19380501348020357, -0.3847403604155494, -0.19985124606632423, -0.2612432593504235, -0.15055256736388947, -0.08980558693388059, -0.006492413795209519, -0.3144561958769772, -0.2624250125354572, 10.080680207383862, -0.3009641746030977, 0.27531552180408847], [0.3385140508887561, -0.18457217130905662, 0.6963162137821975, -0.16146406459515825, -0.12178386063039831, -0.0896530199313467, -0.0651052451944797, -0.16559857093067404, 0.08702993305765973, -0.13337772015079877, -0.056216260551029795, -0.07399728699767477, -0.15724480612077085, -0.16187971899522327, -0.007956121384932884, -0.3009641746030977, 10.905797174811136, 0.21198150918840214], [-0.9323152141166039, 0.07403552199464689, 0.696568499259183, 0.18615410106120595, 0.3977807893046553, 0.25291949801533536, 0.384110646471152, 0.15427831875942244, 0.11199606719174612, 0.14102872234037117, 0.061476435213487626, 0.035142761303412685, 0.060830827797359245, 0.19527827227920694, 0.2950144379383135, 0.27531552180408847, 0.21198150918840214, 10.149871290078284]]",
    "monomial_list": "[1, x9, x8, x7, x6, x5, x4, x3, x2, x17, x16, x15, x14, x13, x12, x11, x10, x1]"
}