{
    "name": "Multiplier-11",
    "rational_expression": "11049*x1**2/1000 - 4649*x1*x10/125000 - 23947*x1*x11/100000 - 22057*x1*x12/500000 - 21899*x1*x13/100000 + 7287*x1*x14/50000 + 20723*x1*x15/100000 + 5319*x1*x16/500000 - 3831*x1*x17/20000 - 8553*x1*x2/50000 - 20491*x1*x3/50000 - 15581*x1*x4/250000 - 7149*x1*x5/20000 - 4081*x1*x6/25000 - 11369*x1*x7/50000 - 3981*x1*x8/25000 - 7417*x1*x9/25000 + 7729*x1/12500 + 2733*x10**2/250 + 11753*x10*x11/20000 + 9*x10*x12/400 + 35921*x10*x13/5000000 - 48951*x10*x14/1000000 - 18701*x10*x15/100000 - 6379*x10*x16/250000 - 19829*x10*x17/500000 + 2279*x10*x2/12500 + 1393*x10*x3/40000 - 221*x10*x4/2000 + 18809*x10*x5/100000 + 6691*x10*x6/50000 - 85531*x10*x7/1000000 + 23277*x10*x8/500000 + 11057*x10*x9/2000000 - 4063*x10/12500 + 717*x11**2/50 + 2183*x11*x12/20000 + 19811*x11*x13/100000 - 19109*x11*x14/100000 - 22967*x11*x15/100000 - 16549*x11*x16/500000 + 457*x11*x17/3125 + 28021*x11*x2/100000 + 30149*x11*x3/100000 - 5989*x11*x4/2000000 + 23437*x11*x5/50000 + 1633*x11*x6/10000 + 8103*x11*x7/50000 + 18223*x11*x8/100000 + 25377*x11*x9/100000 - 68283*x11/100000 + 10851*x12**2/1000 - 959*x12*x13/50000 - 83951*x12*x14/1000000 - 16863*x12*x15/100000 - 6299*x12*x16/50000 + 65057*x12*x17/100000000 - 5539*x12*x2/5000000 + 5313*x12*x3/50000 - 537*x12*x4/5000 + 97*x12*x5/1600 - 45927*x12*x6/1000000 - 14737*x12*x7/10000000 - 1139*x12*x8/50000 + 18861*x12*x9/1000000 + 19453*x12/100000 + 5487*x13**2/500 - 11579*x13*x14/100000 - 21109*x13*x15/100000 - 25767*x13*x16/1000000 + 97333*x13*x17/1000000 + 19*x13*x2/160 + 1411*x13*x3/5000 - 22577*x13*x4/1000000 + 796*x13*x5/3125 + 69841*x13*x6/1000000 + 6739*x13*x7/50000 + 90433*x13*x8/1000000 + 9061*x13*x9/50000 - 22827*x13/100000 + 1354*x14**2/125 - 5651*x14*x15/125000 - 6983*x14*x16/500000 - 47343*x14*x17/500000 - 26739*x14*x2/500000 - 43003*x14*x3/500000 - 62631*x14*x4/1000000 - 2553*x14*x5/20000 - 6849*x14*x6/50000 - 2293*x14*x7/20000 - 91991*x14*x8/1000000 - 11791*x14*x9/100000 + 9111*x14/20000 + 10893*x15**2/1000 - 70999*x15*x16/1000000 - 3311*x15*x17/20000 - 6371*x15*x2/50000 - 3729*x15*x3/25000 - 5309*x15*x4/25000 - 23297*x15*x5/100000 - 25251*x15*x6/100000 - 1761*x15*x7/12500 - 9203*x15*x8/50000 - 9669*x15*x9/50000 + 94287*x15/100000 + 2709*x16**2/250 - 2143*x16*x17/31250 - 27643*x16*x2/1000000 + 1491*x16*x3/50000 - 2549*x16*x4/20000 - 18041*x16*x5/500000 - 11429*x16*x6/100000 - 48011*x16*x7/1000000 - 68737*x16*x8/1000000 - 7339*x16*x9/250000 + 1057*x16/2500 + 5477*x17**2/500 + 47967*x17*x2/500000 + 4709*x17*x3/20000 - 4349*x17*x4/200000 + 20951*x17*x5/100000 + 47911*x17*x6/1000000 + 13423*x17*x7/100000 + 6743*x17*x8/100000 + 15781*x17*x9/100000 - 19453*x17/100000 + 1363*x2**2/125 + 551*x2*x3/3125 - 23039*x2*x4/1000000 + 11861*x2*x5/50000 + 1443*x2*x6/12500 + 23311*x2*x7/250000 + 8659*x2*x8/125000 + 16169*x2*x9/100000 - 1057*x2/2500 + 5547*x3**2/500 + 39843*x3*x4/1000000 + 11397*x3*x5/25000 + 16693*x3*x6/100000 + 27393*x3*x7/100000 + 20581*x3*x8/100000 + 36749*x3*x9/100000 - 91111*x3/100000 + 2713*x4**2/250 + 4461*x4*x5/250000 - 45379*x4*x6/1000000 + 20943*x4*x7/1000000 - 45077*x4*x8/1000000 + 1299*x4*x9/31250 + 16277*x4/100000 + 11089*x5**2/1000 + 4619*x5*x6/20000 + 2603*x5*x7/12500 + 1283*x5*x8/6250 + 3011*x5*x9/10000 - 21959*x5/25000 + 5473*x6**2/500 + 569*x6*x7/5000 + 23599*x6*x8/500000 + 4001*x6*x9/25000 - 16277*x6/50000 + 2193*x7**2/200 + 90697*x7*x8/1000000 + 18179*x7*x9/100000 - 13101*x7/50000 + 2727*x8**2/250 + 46561*x8*x9/500000 - 13101*x8/50000 + 11011*x9**2/1000 - 27641*x9/50000 + 16261/1000",
    "Q": "[[16.26071091310833, -0.2704209123339223, -0.1251999739523008, -0.12519013046110133, -0.1624234917023375, -0.43727573452614793, 0.08458984249184398, -0.46150447803668704, -0.21037453797528555, -0.10433677556469313, 0.21133414722839883, 0.47116373611959766, 0.23141503667633673, -0.10892582010319074, 0.09352449626740991, -0.3383227868532766, -0.1653208515457102, 0.3018757856287556], [-0.2704209123339223, 11.010997034603095, 0.04846213420146776, 0.09188579843118225, 0.07547434344307002, 0.1545221903243489, 0.016072581149672478, 0.1877541290597783, 0.08169796676801559, 0.08259045836230973, -0.019564837901059614, -0.09078512006450146, -0.05370210572054034, 0.09510224048392499, 0.014835582968171963, 0.12903890149961042, 0.006144877533513434, -0.14859855794000199], [-0.1251999739523008, 0.04846213420146776, 10.908607124657648, 0.04813922993357932, 0.020674332495064063, 0.10471199464682726, -0.021668344910136524, 0.10148841616593327, 0.02945267434023799, 0.031144225209339897, -0.030651284892059025, -0.09125879290545362, -0.04343464508637989, 0.040749556001443386, -0.010175227288631732, 0.09415178699605693, 0.022967579278781458, -0.08072428219327939], [-0.12519013046110133, 0.09188579843118225, 0.04813922993357932, 10.96525471963433, 0.059051589114836, 0.10383120418536605, 0.014968373382955149, 0.13921520691048483, 0.05104381050910578, 0.0627023875947841, -0.02259283448886909, -0.06748898009474812, -0.05384580187175139, 0.06707444175792551, 0.0025334699756066744, 0.08499391547915705, -0.039467223183727966, -0.11042634104791946], [-0.1624234917023375, 0.07547434344307002, 0.020674332495064063, 0.059051589114836, 10.946058505772926, 0.12063198887928567, -0.024377678922155574, 0.08751258265664588, 0.05549515565954959, 0.02077990864201951, -0.06071438811997741, -0.1306088696165357, -0.06325596179830459, 0.03078922703458209, -0.02516074226937959, 0.081353368478353, 0.06734203273660037, -0.08001062654717549], [-0.43727573452614793, 0.1545221903243489, 0.10471199464682726, 0.10383120418536605, 0.12063198887928567, 11.088369559782628, 0.011361988666373899, 0.23036841023276183, 0.12234715614039608, 0.10071147822240462, -0.021072008851212142, -0.1188440393040553, -0.06846058425733523, 0.12747069963841992, 0.02996994730001785, 0.23932839955016483, 0.09842473567300238, -0.181760375609495], [0.08458984249184398, 0.016072581149672478, -0.021668344910136524, 0.014968373382955149, -0.024377678922155574, 0.011361988666373899, 10.851857654904267, 0.024624876642637725, -0.007803630857676445, -0.010504872865865267, -0.05926005479018438, -0.1026583452210176, -0.0316149744132049, -0.011603690069860447, -0.050419390333143445, -0.0013927538530615318, -0.057841042646190034, -0.032345425904362894], [-0.46150447803668704, 0.1877541290597783, 0.10148841616593327, 0.13921520691048483, 0.08751258265664588, 0.23036841023276183, 0.024624876642637725, 11.093864452048491, 0.08531077936899195, 0.11814323266663279, 0.020017150891810314, -0.07840174682921663, -0.04571761426700032, 0.14642283939166564, 0.05733046716068581, 0.15346010227257265, 0.018610358384239842, -0.20169659196940035], [-0.21037453797528555, 0.08169796676801559, 0.02945267434023799, 0.05104381050910578, 0.05549515565954959, 0.12234715614039608, -0.007803630857676445, 0.08531077936899195, 10.904509645080891, 0.05003499395881016, -0.01014465683883402, -0.065406976391335, -0.02865254211665138, 0.05804194358189048, -0.004730578828177505, 0.14274718079847337, 0.09377672043141567, -0.08777741479281598], [-0.10433677556469313, 0.08259045836230973, 0.031144225209339897, 0.0627023875947841, 0.02077990864201951, 0.10071147822240462, -0.010504872865865267, 0.11814323266663279, 0.05003499395881016, 10.954304065184381, -0.039565913990792075, -0.08080552172114973, -0.043100441649028105, 0.04934503178985575, -3.613866375030135e-05, 0.07153465593337122, -0.017800354379172347, -0.09234045674484427], [0.21133414722839883, -0.019564837901059614, -0.030651284892059025, -0.02259283448886909, -0.06071438811997741, -0.021072008851212142, -0.05926005479018438, 0.020017150891810314, -0.01014465683883402, -0.039565913990792075, 10.836183460845442, -0.03982703612736109, -0.010860690570884613, -0.0178708798686109, -0.06340231355388051, -0.02073023742837745, -0.012357435811763212, 0.009541599585072842], [0.47116373611959766, -0.09078512006450146, -0.09125879290545362, -0.06748898009474812, -0.1306088696165357, -0.1188440393040553, -0.1026583452210176, -0.07840174682921663, -0.065406976391335, -0.08080552172114973, -0.03982703612736109, 10.89290526223809, -0.027014939833556687, -0.10108990607888226, -0.07870724792540439, -0.10929945244496743, -0.09750746504017863, 0.1027508094250057], [0.23141503667633673, -0.05370210572054034, -0.04343464508637989, -0.05384580187175139, -0.06325596179830459, -0.06846058425733523, -0.0316149744132049, -0.04571761426700032, -0.02865254211665138, -0.043100441649028105, -0.010860690570884613, -0.027014939833556687, 10.832496784116053, -0.055936206094981386, -0.04157304124392148, -0.09666764207482101, -0.02294399812120171, 0.07035064864916707], [-0.10892582010319074, 0.09510224048392499, 0.040749556001443386, 0.06707444175792551, 0.03078922703458209, 0.12747069963841992, -0.011603690069860447, 0.14642283939166564, 0.05804194358189048, 0.04934503178985575, -0.0178708798686109, -0.10108990607888226, -0.055936206094981386, 10.9738625055504, -0.010960092680011597, 0.09552205031120468, 0.0014008615802042872, -0.10594406570356772], [0.09352449626740991, 0.014835582968171963, -0.010175227288631732, 0.0025334699756066744, -0.02516074226937959, 0.02996994730001785, -0.050419390333143445, 0.05733046716068581, -0.004730578828177505, -3.613866375030135e-05, -0.06340231355388051, -0.07870724792540439, -0.04157304124392148, -0.010960092680011597, 10.850474943377595, 0.04949790222171321, 0.00965262617702666, -0.02245928715696537], [-0.3383227868532766, 0.12903890149961042, 0.09415178699605693, 0.08499391547915705, 0.081353368478353, 0.23932839955016483, -0.0013927538530615318, 0.15346010227257265, 0.14274718079847337, 0.07153465593337122, -0.02073023742837745, -0.10929945244496743, -0.09666764207482101, 0.09552205031120468, 0.04949790222171321, 14.340299615973816, 0.29741879903186785, -0.124197859575609], [-0.1653208515457102, 0.006144877533513434, 0.022967579278781458, -0.039467223183727966, 0.06734203273660037, 0.09842473567300238, -0.057841042646190034, 0.018610358384239842, 0.09377672043141567, -0.017800354379172347, -0.012357435811763212, -0.09750746504017863, -0.02294399812120171, 0.0014008615802042872, 0.00965262617702666, 0.29741879903186785, 10.933042786239737, -0.01619817767674956], [0.3018757856287556, -0.14859855794000199, -0.08072428219327939, -0.11042634104791946, -0.08001062654717549, -0.181760375609495, -0.032345425904362894, -0.20169659196940035, -0.08777741479281598, -0.09234045674484427, 0.009541599585072842, 0.1027508094250057, 0.07035064864916707, -0.10594406570356772, -0.02245928715696537, -0.124197859575609, -0.01619817767674956, 11.048205784086965]]",
    "monomial_list": "[1, x9, x8, x7, x6, x5, x4, x3, x2, x17, x16, x15, x14, x13, x12, x11, x10, x1]"
}