{
    "name": "Multiplier-15",
    "rational_expression": "2147*x1**2/200 + 547*x1*x10/2500 + 15371*x1*x11/50000 + 5187*x1*x12/12500 + 8441*x1*x13/20000 + 36939*x1*x14/100000 + 7831*x1*x15/25000 + 11281*x1*x16/50000 + 38879*x1*x17/100000 + 791*x1*x2/3125 + 9651*x1*x3/25000 + 17183*x1*x4/50000 + 10053*x1*x5/50000 + 1642*x1*x6/3125 + 193*x1*x7/800 + 2671*x1*x8/10000 + 5893*x1*x9/20000 - 18629*x1/10000 + 2707*x10**2/250 - 1563*x10*x11/6250 - 1567*x10*x12/12500 - 10897*x10*x13/50000 - 17221*x10*x14/500000 - 6123*x10*x15/50000 - 83021*x10*x16/1000000 - 989*x10*x17/5000 - 46799*x10*x2/1000000 - 2569*x10*x3/12500 - 19093*x10*x4/100000 - 18101*x10*x5/100000 - 2333*x10*x6/10000 - 18047*x10*x7/100000 - 3517*x10*x8/20000 - 17973*x10*x9/100000 + 13273*x10/20000 + 10699*x11**2/1000 - 2499*x11*x12/6250 - 45603*x11*x13/100000 - 21173*x11*x14/100000 - 10017*x11*x15/50000 - 4997*x11*x16/20000 - 8177*x11*x17/20000 - 25273*x11*x2/100000 - 9663*x11*x3/25000 - 4229*x11*x4/12500 - 17201*x11*x5/50000 - 54253*x11*x6/100000 - 16603*x11*x7/50000 - 15713*x11*x8/50000 - 36417*x11*x9/100000 + 20537*x11/10000 + 10659*x12**2/1000 - 22759*x12*x13/50000 + 20131*x12*x14/100000 + 46623*x12*x15/10000000 - 14453*x12*x16/50000 - 4001*x12*x17/12500 - 3703*x12*x2/12500 - 29659*x12*x3/100000 - 36167*x12*x4/100000 - 41833*x12*x5/100000 - 5523*x12*x6/12500 - 1641*x12*x7/5000 - 3131*x12*x8/10000 - 38491*x12*x9/100000 + 2247*x12/1250 + 10683*x13**2/1000 + 14519*x13*x14/100000 + 19959*x13*x15/200000 - 9183*x13*x16/50000 - 23801*x13*x17/100000 - 28119*x13*x2/100000 - 5099*x13*x3/20000 - 19673*x13*x4/50000 - 46011*x13*x5/100000 - 41513*x13*x6/100000 - 15539*x13*x7/50000 - 4079*x13*x8/10000 - 37383*x13*x9/100000 + 2827*x13/2000 + 5561*x14**2/500 + 38997*x14*x15/50000 + 20341*x14*x16/100000 + 16653*x14*x17/100000 - 11383*x14*x2/200000 + 3341*x14*x3/20000 - 6193*x14*x4/200000 - 16193*x14*x5/50000 + 16413*x14*x6/50000 - 6843*x14*x7/50000 - 5721*x14*x8/25000 - 12533*x14*x9/100000 - 5887*x14/25000 + 7067*x15**2/500 + 50933*x15*x16/1000000 + 121*x15*x17/1000 - 5201*x15*x2/50000 + 481*x15*x3/4000 - 4249*x15*x4/20000 - 6333*x15*x5/20000 + 19*x15*x6/160 - 65403*x15*x7/1000000 - 13281*x15*x8/50000 - 12017*x15*x9/100000 - 1337*x15/3125 + 1344*x16**2/125 - 8973*x16*x17/25000 - 80909*x16*x2/1000000 - 15527*x16*x3/100000 - 5977*x16*x4/25000 - 13343*x16*x5/50000 - 28073*x16*x6/100000 - 19759*x16*x7/100000 - 1183*x16*x8/6250 - 5921*x16*x9/25000 + 10059*x16/10000 + 5341*x17**2/500 - 5323*x17*x2/20000 - 4709*x17*x3/20000 - 40361*x17*x4/100000 - 8681*x17*x5/20000 - 7269*x17*x6/20000 - 26933*x17*x7/100000 - 923*x17*x8/2500 - 8889*x17*x9/25000 + 1113*x17/1000 + 5353*x2**2/500 - 38067*x2*x3/100000 - 13203*x2*x4/50000 - 26221*x2*x5/100000 - 41001*x2*x6/100000 - 19183*x2*x7/100000 - 3599*x2*x8/12500 - 11421*x2*x9/50000 + 13691*x2/10000 + 5341*x3**2/500 - 8093*x3*x4/20000 - 19533*x3*x5/50000 - 5091*x3*x6/12500 - 5839*x3*x7/20000 - 32689*x3*x8/100000 - 33419*x3*x9/100000 + 1113*x3/1000 + 2141*x4**2/200 - 41309*x4*x5/100000 - 45681*x4*x6/100000 - 923*x4*x7/3125 - 9201*x4*x8/25000 - 1109*x4*x9/3125 + 16487*x4/10000 + 1343*x5**2/125 - 55677*x5*x6/100000 - 30467*x5*x7/100000 - 1317*x5*x8/5000 - 33397*x5*x9/100000 + 10809*x5/5000 + 1333*x6**2/125 - 2591*x6*x7/6250 - 9699*x6*x8/20000 - 5921*x6*x9/12500 + 10059*x6/5000 + 2671*x7**2/250 - 7029*x7*x8/25000 - 28733*x7*x9/100000 + 1793*x7/1250 + 5351*x8**2/500 - 18609*x8*x9/50000 + 3381*x8/2000 + 2671*x9**2/250 + 17349*x9/10000 + 5351/500",
    "Q": "[[10.702244652679033, 0.8700753449086619, 0.8419241094151039, 0.7203394862328625, 1.0034724168766207, 1.0809651747897744, 0.8190289064169037, 0.5608169184532293, 0.6836383366231666, 0.55271153561816, 0.5046631765582468, -0.20963992811105614, -0.11801627718208495, 0.7085192184386155, 0.8950501536366445, 1.0256063921691252, 0.33602495897603946, -0.9294100972527678], [0.8700753449086619, 10.684279779588177, -0.18764599575103683, -0.14152774769901472, -0.23390534019312978, -0.16303455957012727, -0.1737475241154553, -0.16418901550712872, -0.11007490390326714, -0.17649906390952871, -0.11961095785543319, -0.0643957860158433, -0.05804847097880842, -0.18798992416365112, -0.19410463085290922, -0.17800964468271216, -0.08929113110210506, 0.14266884382009587], [0.8419241094151039, -0.18764599575103683, 10.701189897823932, -0.139954528651893, -0.24722094688773041, -0.1328997763037837, -0.18212416323538055, -0.1653425442720635, -0.14712828279926923, -0.18699007140819976, -0.09600649767776866, -0.13702886440719, -0.11286007318497365, -0.20176641941370554, -0.16104043724137693, -0.15766060971351678, -0.09163284420924335, 0.1300172446415456], [0.7203394862328625, -0.14152774769901472, -0.139954528651893, 10.684305895266636, -0.20247202021592736, -0.14986831280969712, -0.1526711600571018, -0.1423796140528243, -0.09790147301086742, -0.13270094269991894, -0.09974957656859738, -0.037403514442079074, -0.06969245398189441, -0.15083891226940552, -0.1623773611606174, -0.1617412175280564, -0.0950436159528961, 0.12052903822564844], [1.0034724168766207, -0.23390534019312978, -0.24722094688773041, -0.20247202021592736, 10.663283650330971, -0.27343364701743156, -0.2266626784691567, -0.20289792304624557, -0.20272173496037418, -0.1858519629195332, -0.14197266172697043, 0.05676982578617961, 0.15961984628073672, -0.20660244705372488, -0.22133790887738003, -0.27078146063998226, -0.11896825708528293, 0.2592808820639483], [1.0809651747897744, -0.16303455957012727, -0.1328997763037837, -0.14986831280969712, -0.27343364701743156, 10.743597093854387, -0.20701993263623045, -0.19792611214029604, -0.13075608855580131, -0.21899234937460008, -0.13671384068587297, -0.15375950677690312, -0.16617954879612593, -0.23410588888830508, -0.20579321511615795, -0.17385623319762553, -0.09091474706215612, 0.10550545645544668], [0.8190289064169037, -0.1737475241154553, -0.18212416323538055, -0.1526711600571018, -0.2266626784691567, -0.20701993263623045, 10.703648515163712, -0.20121838973655387, -0.13726828654995338, -0.19822785515367927, -0.11517838863026161, -0.10091580514774803, -0.02025375517057597, -0.19874484447477286, -0.1829349588100102, -0.1748912879827106, -0.09737912330884388, 0.17391691124794703], [0.5608169184532293, -0.16418901550712872, -0.1653425442720635, -0.1423796140528243, -0.20289792304624557, -0.19792611214029604, -0.20121838973655387, 10.68292480778351, -0.1870799666410529, -0.11998803434063529, -0.07494883992251886, 0.0636299456100488, 0.07914241803925232, -0.1277664387100581, -0.1504588923386218, -0.19153180225195812, -0.10207851466567121, 0.19643804684837352], [0.6836383366231666, -0.11007490390326714, -0.14712828279926923, -0.09790147301086742, -0.20272173496037418, -0.13075608855580131, -0.13726828654995338, -0.1870799666410529, 10.706073563421656, -0.12866529786263514, -0.038165246127798605, -0.05382669327620021, -0.029694476380882392, -0.14339006671790885, -0.1468506684114322, -0.13032597959755401, -0.023393694055116133, 0.1265665500529794], [0.55271153561816, -0.17649906390952871, -0.18699007140819976, -0.13270094269991894, -0.1858519629195332, -0.21899234937460008, -0.19822785515367927, -0.11998803434063529, -0.12866529786263514, 10.681378646168124, -0.17620088709402454, 0.05927197320932997, 0.07864378463108361, -0.12334174930447606, -0.16494945396580155, -0.20883177426946087, -0.10355956492694456, 0.19275077024272963], [0.5046631765582468, -0.11961095785543319, -0.09600649767776866, -0.09974957656859738, -0.14197266172697043, -0.13671384068587297, -0.11517838863026161, -0.07494883992251886, -0.038165246127798605, -0.17620088709402454, 10.751744218864644, 0.022877172898914975, 0.09721893589091575, -0.09391904349135044, -0.14716490858834147, -0.12129816468225599, -0.03759752412261299, 0.11386968148034331], [-0.20963992811105614, -0.0643957860158433, -0.13702886440719, -0.037403514442079074, 0.05676982578617961, -0.15375950677690312, -0.10091580514774803, 0.0636299456100488, -0.05382669327620021, 0.05927197320932997, 0.022877172898914975, 14.13330441704589, 0.3933458881296539, 0.055410664392605787, 0.00949266407704092, -0.0964044143276389, -0.06206466147811806, 0.1504533543787461], [-0.11801627718208495, -0.05804847097880842, -0.11286007318497365, -0.06969245398189441, 0.15961984628073672, -0.16617954879612593, -0.02025375517057597, 0.07914241803925232, -0.029694476380882392, 0.07864378463108361, 0.09721893589091575, 0.3933458881296539, 11.121962801215053, 0.06974318405967489, 0.09590631046743756, -0.10329980644637726, -0.018445313456087475, 0.17898045270596105], [0.7085192184386155, -0.18798992416365112, -0.20176641941370554, -0.15083891226940552, -0.20660244705372488, -0.23410588888830508, -0.19874484447477286, -0.1277664387100581, -0.14339006671790885, -0.12334174930447606, -0.09391904349135044, 0.055410664392605787, 0.06974318405967489, 10.683680149143765, -0.22360564653319795, -0.22449663441926507, -0.10397015212960048, 0.2095115319548317], [0.8950501536366445, -0.19410463085290922, -0.16104043724137693, -0.1623773611606174, -0.22133790887738003, -0.20579321511615795, -0.1829349588100102, -0.1504588923386218, -0.1468506684114322, -0.16494945396580155, -0.14716490858834147, 0.00949266407704092, 0.09590631046743756, -0.22360564653319795, 10.658121637040177, -0.2028560381854486, -0.06026847274141649, 0.20289160864859065], [1.0256063921691252, -0.17800964468271216, -0.15766060971351678, -0.1617412175280564, -0.27078146063998226, -0.17385623319762553, -0.1748912879827106, -0.19153180225195812, -0.13032597959755401, -0.20883177426946087, -0.12129816468225599, -0.0964044143276389, -0.10329980644637726, -0.22449663441926507, -0.2028560381854486, 10.698763315774558, -0.12899133742888086, 0.15293543048717623], [0.33602495897603946, -0.08929113110210506, -0.09163284420924335, -0.0950436159528961, -0.11896825708528293, -0.09091474706215612, -0.09737912330884388, -0.10207851466567121, -0.023393694055116133, -0.10355956492694456, -0.03759752412261299, -0.06206466147811806, -0.018445313456087475, -0.10397015212960048, -0.06026847274141649, -0.12899133742888086, 10.828730598419027, 0.11320126748134578], [-0.9294100972527678, 0.14266884382009587, 0.1300172446415456, 0.12052903822564844, 0.2592808820639483, 0.10550545645544668, 0.17391691124794703, 0.19643804684837352, 0.1265665500529794, 0.19275077024272963, 0.11386968148034331, 0.1504533543787461, 0.17898045270596105, 0.2095115319548317, 0.20289160864859065, 0.15293543048717623, 0.11320126748134578, 10.734032890392843]]",
    "monomial_list": "[1, x9, x8, x7, x6, x5, x4, x3, x2, x17, x16, x15, x14, x13, x12, x11, x10, x1]"
}