{
    "name": "Multiplier-3",
    "rational_expression": "1347*x1**2/125 + 23323*x1*x10/100000 + 1461*x1*x11/4000 + 3631*x1*x12/12500 + 1092*x1*x13/3125 + 5717*x1*x14/50000 + 19209*x1*x15/100000 + 4433*x1*x16/20000 + 29427*x1*x17/100000 + 11641*x1*x2/50000 + 3093*x1*x3/12500 + 24849*x1*x4/100000 + 13449*x1*x5/50000 + 5237*x1*x6/20000 + 10529*x1*x7/50000 + 5197*x1*x8/25000 + 2931*x1*x9/10000 - 3067*x1/2000 + 1358*x10**2/125 - 13743*x10*x11/100000 - 20153*x10*x12/100000 - 49371*x10*x13/500000 - 19823*x10*x14/200000 - 5163*x10*x15/50000 - 11629*x10*x16/250000 - 1227*x10*x17/10000 + 17431*x10*x2/100000 + 18237*x10*x3/100000 - 18757*x10*x4/100000 - 8397*x10*x5/50000 - 29589*x10*x6/100000 - 18677*x10*x7/100000 - 25273*x10*x8/100000 - 1251*x10*x9/10000 + 63777*x10/100000 + 5403*x11**2/500 - 44447*x11*x12/100000 - 9103*x11*x13/50000 - 65883*x11*x14/1000000 - 73163*x11*x15/1000000 - 1691*x11*x16/10000 - 1253*x11*x17/10000 + 46817*x11*x2/1000000 + 419*x11*x3/2500 - 36169*x11*x4/100000 - 27627*x11*x5/100000 - 50809*x11*x6/100000 - 7291*x11*x7/25000 - 42053*x11*x8/100000 - 843*x11*x9/3125 + 3119*x11/2000 + 10719*x12**2/1000 - 8809*x12*x13/20000 - 2557*x12*x14/25000 - 1489*x12*x15/6250 - 15207*x12*x16/50000 - 18719*x12*x17/50000 - 15297*x12*x2/50000 - 17379*x12*x3/50000 - 15309*x12*x4/50000 - 39229*x12*x5/100000 - 7267*x12*x6/20000 - 27697*x12*x7/100000 - 6313*x12*x8/25000 - 8983*x12*x9/25000 + 8979*x12/5000 + 5399*x13**2/500 - 16191*x13*x14/200000 - 31249*x13*x15/500000 - 13153*x13*x16/100000 - 301*x13*x17/2000 + 57809*x13*x2/1000000 + 3257*x13*x3/12500 - 36533*x13*x4/100000 - 25607*x13*x5/100000 - 48591*x13*x6/100000 - 29453*x13*x7/100000 - 40143*x13*x8/100000 - 12443*x13*x9/50000 + 921*x13/500 + 5389*x14**2/500 - 4909*x14*x15/20000 - 19213*x14*x16/1000000 - 17191*x14*x17/500000 + 92357*x14*x2/10000000 + 55099*x14*x3/1000000 - 1963*x14*x4/20000 - 4881*x14*x5/50000 - 47487*x14*x6/500000 - 13117*x14*x7/100000 - 13117*x14*x8/100000 - 5377*x14*x9/62500 + 56643*x14/100000 + 10739*x15**2/1000 - 78783*x15*x16/1000000 - 13027*x15*x17/200000 + 47733*x15*x2/500000 + 16279*x15*x3/100000 - 6513*x15*x4/20000 - 1337*x15*x5/10000 - 32527*x15*x6/100000 - 15429*x15*x7/100000 - 2623*x15*x8/10000 - 6691*x15*x9/50000 + 2007*x15/2500 + 1348*x16**2/125 - 6293*x16*x17/25000 + 10749*x16*x2/500000 + 86363*x16*x3/1000000 - 22937*x16*x4/100000 - 5023*x16*x5/20000 - 31137*x16*x6/100000 - 5313*x16*x7/25000 - 21143*x16*x8/100000 - 2631*x16*x9/12500 + 12049*x16/10000 + 539*x17**2/50 + 59883*x17*x2/1000000 + 9443*x17*x3/50000 - 7599*x17*x4/20000 - 23041*x17*x5/100000 - 46327*x17*x6/100000 - 26297*x17*x7/100000 - 37089*x17*x8/100000 - 21953*x17*x9/100000 + 3423*x17/2500 + 5471*x2**2/500 + 47391*x2*x3/100000 - 17841*x2*x4/100000 - 6807*x2*x5/50000 - 30599*x2*x6/100000 - 2843*x2*x7/25000 - 17559*x2*x8/50000 - 17567*x2*x9/250000 + 38987*x2/50000 + 143*x3**2/10 - 31793*x3*x4/100000 + 7981*x3*x5/2000000 - 53519*x3*x6/100000 - 82789*x3*x7/1000000 - 45299*x3*x8/100000 + 65181*x3*x9/1000000 + 59021*x3/100000 + 268*x4**2/25 - 4399*x4*x5/12500 - 8667*x4*x6/20000 - 4681*x4*x7/20000 - 31893*x4*x8/100000 - 31921*x4*x9/100000 + 14643*x4/10000 + 5379*x5**2/500 - 37599*x5*x6/100000 - 5313*x5*x7/20000 - 15339*x5*x8/50000 - 5689*x5*x9/20000 + 16517*x5/10000 + 5341*x6**2/500 - 6297*x6*x7/25000 - 17889*x6*x8/50000 - 473*x6*x9/1250 + 18189*x6/10000 + 2689*x7**2/250 - 23121*x7*x8/100000 - 3417*x7*x9/12500 + 3021*x7/2000 + 2153*x8**2/200 - 35183*x8*x9/100000 + 2007*x8/1250 + 5379*x9**2/500 + 4367*x9/2500 + 11807/1000",
    "Q": "[[11.807050129171754, 0.8711918135323728, 0.8058439180630037, 0.7576403231781139, 0.9056736399256041, 0.8299602124195958, 0.7295198975192059, 0.29710007508565306, 0.393115642340411, 0.6816270845050442, 0.598152337919153, 0.40610788578350915, 0.2877203544692146, 0.9151698390728339, 0.9029020582066825, 0.7849181872517345, 0.31401818104130397, -0.7663517875218679], [0.8711918135323728, 10.756922597730746, -0.17900230267019407, -0.1326259907921558, -0.19212326008501493, -0.14726090551162263, -0.15679680373524976, 0.033696324979414695, -0.03041103974957491, -0.10905860663337018, -0.10283898652278987, -0.06175840286193184, -0.0421115648728488, -0.11961642716732447, -0.18259416777346218, -0.1332845033005613, -0.06691641536785908, 0.1451978544752594], [0.8058439180630037, -0.17900230267019407, 10.764824649632379, -0.1116512315000188, -0.18272709779464452, -0.1553023940726797, -0.16094587058526383, -0.22918467817787683, -0.17772060884896582, -0.18846002871335116, -0.10806252813954872, -0.12610681193946596, -0.05924277319218443, -0.20293817380829923, -0.12995629585502985, -0.2091748996999841, -0.12458475754305755, 0.10522705089363525], [0.7576403231781139, -0.1326259907921558, -0.1116512315000188, 10.756767042487255, -0.12902346417459432, -0.1358146190267917, -0.11772060119905944, -0.037197589466811426, -0.052940385611181584, -0.12770262880528915, -0.10233736978088306, -0.07200284699509117, -0.06532797423645532, -0.14384953276236362, -0.1373867372240962, -0.15040060404337235, -0.09062340078349058, 0.10668205340378048], [0.9056736399256041, -0.19212326008501493, -0.18272709779464452, -0.12902346417459432, 10.682537999246074, -0.18856200365271905, -0.2203197048980783, -0.26854408534392193, -0.15611065385968137, -0.2304789335547966, -0.15126013712476513, -0.1618825732341172, -0.04342654070517474, -0.24381656567034216, -0.1842757162290297, -0.2541967194062326, -0.14566224808812436, 0.13296773204165793], [0.8299602124195958, -0.14726090551162263, -0.1553023940726797, -0.1358146190267917, -0.18856200365271905, 10.758797907425112, -0.1728920574821999, -0.0030065842813692158, -0.06273224226038557, -0.11050940625222261, -0.12223387125272599, -0.06586989570008123, -0.05058413755858808, -0.13117878709995867, -0.18988576026464904, -0.13241547539144843, -0.08687907275475212, 0.12954490766925064], [0.7295198975192059, -0.15679680373524976, -0.16094587058526383, -0.11772060119905944, -0.2203197048980783, -0.1728920574821999, 10.719936338171076, -0.15983721267298748, -0.08646686500358511, -0.18992905019458237, -0.11085468121686393, -0.15746860527961543, -0.04750356459697998, -0.18756196469255104, -0.15415019692897045, -0.18547048646297748, -0.0967626950370005, 0.12553900894804615], [0.29710007508565306, 0.033696324979414695, -0.22918467817787683, -0.037197589466811426, -0.26854408534392193, -0.0030065842813692158, -0.15983721267298748, 14.300759503281483, 0.23137428309950675, 0.09364917564483712, 0.040916182891270435, 0.0832724008206682, 0.03208592463389489, 0.12517287469179852, -0.17324915539089727, 0.09100281065467064, 0.09062406592757116, 0.12424118578127387], [0.393115642340411, -0.03041103974957491, -0.17772060884896582, -0.052940385611181584, -0.15611065385968137, -0.06273224226038557, -0.08646686500358511, 0.23137428309950675, 10.94160673851155, 0.030572499234982325, 0.013337707160488358, 0.04930573998734216, 0.009682352796242834, 0.023771769176794126, -0.14830038351302455, 0.023647987887679207, 0.08577815842317855, 0.11580267542370852], [0.6816270845050442, -0.10905860663337018, -0.18846002871335116, -0.12770262880528915, -0.2304789335547966, -0.11050940625222261, -0.18992905019458237, 0.09364917564483712, 0.030572499234982325, 10.779740308679193, -0.12947011473935993, -0.033143060357817875, -0.020580687310010608, -0.07110998397456264, -0.19250859579288473, -0.0622891287621924, -0.0569289822856864, 0.15219231872621766], [0.598152337919153, -0.10283898652278987, -0.10806252813954872, -0.10233736978088306, -0.15126013712476513, -0.12223387125272599, -0.11085468121686393, 0.040916182891270435, 0.013337707160488358, -0.12947011473935993, 10.783347545592584, -0.04402549984877523, -0.01025523328282071, -0.06767339403314078, -0.15187798955228962, -0.08456764849736592, -0.020066967366210796, 0.11025459581978131], [0.40610788578350915, -0.06175840286193184, -0.12610681193946596, -0.07200284699509117, -0.1618825732341172, -0.06586989570008123, -0.15746860527961543, 0.0832724008206682, 0.04930573998734216, -0.033143060357817875, -0.04402549984877523, 10.738798226712667, -0.1256968995511936, -0.035396858098505735, -0.12086787519189549, -0.03298065162373935, -0.04895617162978726, 0.09672494257351208], [0.2877203544692146, -0.0421115648728488, -0.05924277319218443, -0.06532797423645532, -0.04342654070517474, -0.05058413755858808, -0.04750356459697998, 0.03208592463389489, 0.009682352796242834, -0.020580687310010608, -0.01025523328282071, -0.1256968995511936, 10.778310016355595, -0.03599451262885291, -0.05042244056939842, -0.0291486264843088, -0.047314969914098434, 0.05869695628095131], [0.9151698390728339, -0.11961642716732447, -0.20293817380829923, -0.14384953276236362, -0.24381656567034216, -0.13117878709995867, -0.18756196469255104, 0.12517287469179852, 0.023771769176794126, -0.07110998397456264, -0.06767339403314078, -0.035396858098505735, -0.03599451262885291, 10.796993984457304, -0.22225446520428152, -0.09171532686035008, -0.04589950749029275, 0.17742943613506534], [0.9029020582066825, -0.18259416777346218, -0.12995629585502985, -0.1373867372240962, -0.1842757162290297, -0.18988576026464904, -0.15415019692897045, -0.17324915539089727, -0.14830038351302455, -0.19250859579288473, -0.15187798955228962, -0.12086787519189549, -0.05042244056939842, -0.22225446520428152, 10.720234648645322, -0.21791678209734938, -0.1006431655205072, 0.14067629561954625], [0.7849181872517345, -0.1332845033005613, -0.2091748996999841, -0.15040060404337235, -0.2541967194062326, -0.13241547539144843, -0.18547048646297748, 0.09100281065467064, 0.023647987887679207, -0.0622891287621924, -0.08456764849736592, -0.03298065162373935, -0.0291486264843088, -0.09171532686035008, -0.21791678209734938, 10.80628587735979, -0.07124873514168627, 0.17863670842526166], [0.31401818104130397, -0.06691641536785908, -0.12458475754305755, -0.09062340078349058, -0.14566224808812436, -0.08687907275475212, -0.0967626950370005, 0.09062406592757116, 0.08577815842317855, -0.0569289822856864, -0.020066967366210796, -0.04895617162978726, -0.047314969914098434, -0.04589950749029275, -0.1006431655205072, -0.07124873514168627, 10.863191369573013, 0.12225045174081944], [-0.7663517875218679, 0.1451978544752594, 0.10522705089363525, 0.10668205340378048, 0.13296773204165793, 0.12954490766925064, 0.12553900894804615, 0.12424118578127387, 0.11580267542370852, 0.15219231872621766, 0.11025459581978131, 0.09672494257351208, 0.05869695628095131, 0.17742943613506534, 0.14067629561954625, 0.17863670842526166, 0.12225045174081944, 10.776218775048877]]",
    "monomial_list": "[1, x9, x8, x7, x6, x5, x4, x3, x2, x17, x16, x15, x14, x13, x12, x11, x10, x1]"
}