{
    "name": "Multiplier-2",
    "rational_expression": "49353*x1**2/5000 + 8031*x1*x10/20000 + 14169*x1*x11/20000 + 7277*x1*x12/12500 + 25309*x1*x13/50000 + 24261*x1*x14/100000 + 597*x1*x15/40000 + 94553*x1*x16/1000000 + 33913*x1*x17/100000 + 16001*x1*x2/100000 + 8417*x1*x3/50000 + 4227*x1*x4/5000 + 65793*x1*x5/100000 + 5421*x1*x6/6250 + 59101*x1*x7/100000 + 11741*x1*x8/20000 + 4977*x1*x9/10000 - 489*x1/250 + 10871*x10**2/1000 - 84227*x10*x11/100000 + 753*x10*x12/40000 - 14889*x10*x13/50000 - 9961*x10*x14/50000 - 6091*x10*x15/25000 + 13229*x10*x16/250000 - 9619*x10*x17/25000 + 451*x10*x2/200 - 16657*x10*x3/20000 - 26941*x10*x4/100000 - 1651*x10*x5/12500 - 33369*x10*x6/50000 - 3553*x10*x7/25000 - 17561*x10*x8/50000 - 489*x10*x9/2500 + 8183*x10/10000 + 49321*x11**2/5000 - 3979*x11*x12/6250 - 15671*x11*x13/20000 - 2253*x11*x14/12500 - 451*x11*x15/3125 - 47929*x11*x16/100000 - 57317*x11*x17/100000 - 2273*x11*x2/2000 - 7873*x11*x3/12500 - 5187*x11*x4/12500 - 10167*x11*x5/10000 - 61253*x11*x6/100000 - 70171*x11*x7/100000 - 10159*x11*x8/20000 - 1069*x11*x9/1250 + 1909*x11/1000 + 5129*x12**2/500 - 11123*x12*x13/10000 + 6421*x12*x14/20000 - 35293*x12*x15/100000 - 56181*x12*x16/100000 - 6873*x12*x17/20000 + 13583*x12*x2/10000 - 7653*x12*x3/25000 - 27339*x12*x4/50000 - 49051*x12*x5/100000 - 97477*x12*x6/100000 - 35053*x12*x7/100000 - 18619*x12*x8/500000 - 4933*x12*x9/10000 + 851*x12/500 + 12393*x13**2/1250 - 30843*x13*x14/100000 - 368*x13*x15/625 - 8147*x13*x16/50000 - 15259*x13*x17/25000 + 7449*x13*x2/20000 - 21231*x13*x3/25000 - 2259*x13*x4/5000 - 49983*x13*x5/100000 - 35849*x13*x6/50000 - 25859*x13*x7/50000 - 22369*x13*x8/50000 - 3099*x13*x9/5000 + 2021*x13/1000 + 2613*x14**2/250 - 1261*x14*x15/1000 + 7121*x14*x16/25000 - 8819*x14*x17/25000 + 303*x14*x2/250 - 4587*x14*x3/10000 - 23127*x14*x4/100000 - 7513*x14*x5/200000 - 8873*x14*x6/50000 - 2521*x14*x7/10000 - 9467*x14*x8/25000 - 603*x14*x9/25000 + 143*x14/200 + 95761*x15**2/10000 - 4039*x15*x16/20000 - 12347*x15*x17/20000 - 19497*x15*x2/50000 - 15301*x15*x3/25000 - 10727*x15*x4/25000 + 36613*x15*x5/10000000 - 8961*x15*x6/12500 - 5237*x15*x7/20000 - 2781*x15*x8/25000 - 951*x15*x9/5000 + 297*x15/200 + 523*x16**2/50 - 10337*x16*x17/10000 + 4203*x16*x2/2500 - 66133*x16*x3/100000 - 2679*x16*x4/25000 - 9333*x16*x5/20000 - 68839*x16*x6/100000 - 328*x16*x7/3125 - 90091*x16*x8/1000000 - 3391*x16*x9/10000 + 1147*x16/1000 + 98471*x17**2/10000 - 1942*x17*x2/3125 - 9029*x17*x3/12500 - 30543*x17*x4/50000 - 48611*x17*x5/100000 - 767*x17*x6/1250 - 4693*x17*x7/10000 - 2487*x17*x8/6250 - 1039*x17*x9/2000 + 463*x17/250 + 3443*x2**2/200 - 929*x2*x3/500 + 12983*x2*x4/100000 + 33999*x2*x5/100000 - 1631*x2*x6/1250 + 11433*x2*x7/10000 - 40483*x2*x8/100000 + 819*x2*x9/1000 + 299*x2/200 + 96763*x3**2/10000 - 29773*x3*x4/100000 - 6687*x3*x5/12500 + 44933*x3*x6/500000 - 2721*x3*x7/5000 + 12597*x3*x8/100000 - 1657*x3*x9/2500 + 8091*x3/10000 + 10441*x4**2/1000 - 10993*x4*x5/10000 - 61413*x4*x6/100000 - 46713*x4*x7/100000 - 48133*x4*x8/100000 - 219*x4*x9/625 + 329*x4/200 + 49071*x5**2/5000 - 4903*x5*x6/10000 - 17451*x5*x7/25000 - 43*x5*x8/125 - 7247*x5*x9/10000 + 248*x5/125 + 10251*x6**2/1000 - 2791*x6*x7/2500 - 40367*x6*x8/100000 - 6797*x6*x9/10000 + 503*x6/250 + 99097*x7**2/10000 - 1123*x7*x8/2000 - 68*x7*x9/125 + 1053*x7/500 + 10267*x8**2/1000 - 139*x8*x9/125 + 5*x8/4 + 4947*x9**2/500 + 248*x9/125 + 4701/1000",
    "Q": "[[4.701232375645276, 0.9904857899059635, 0.6272693253782613, 1.054237659623719, 1.0056363474886685, 0.9918762904042666, 0.8248728452572099, 0.405441090842901, 0.7451859456361302, 0.9245652326627644, 0.5712068872016587, 0.7416633304758592, 0.3570001936100648, 1.0127483009647553, 0.8504983514550278, 0.9521171543198782, 0.4109824753293918, -0.9777167797298101], [0.9904857899059635, 9.893325439398781, -0.5512772258036672, -0.2697937893808047, -0.33858463112809917, -0.362323202032178, -0.17755431026196317, -0.3306891758678813, 0.4104783734805181, -0.2595274700839978, -0.17441711466381155, -0.09839907760917531, -0.014333945223942728, -0.31233770544079126, -0.24415191128462907, -0.4246847128252175, -0.09593608945944733, 0.2477663846641884], [0.6272693253782613, -0.5512772258036672, 10.267182507382309, -0.28234534813162454, -0.20500863739205596, -0.1746539365080774, -0.23600062756894347, 0.06016165454622001, -0.2058297340332213, -0.19828374935678608, -0.04082707320882809, -0.05926880849269782, -0.18977793700230594, -0.22612347045874073, -0.02372337401133593, -0.25417265104618214, -0.17613171068121786, 0.29612477917147867], [1.054237659623719, -0.2697937893808047, -0.28234534813162454, 9.91025458041482, -0.5610486999928493, -0.3468898265705006, -0.22966629069496008, -0.26876679039688484, 0.5714826513538517, -0.23028486519122884, -0.05082647024527158, -0.12968923308819172, -0.12619776830912766, -0.25712218977872486, -0.17886821490937102, -0.3505692952613566, -0.07258666825652688, 0.29513258367027634], [1.0056363474886685, -0.33858463112809917, -0.20500863739205596, -0.5610486999928493, 10.25166381950708, -0.24676664507295926, -0.31015809165148656, 0.045874585715085396, -0.6510134692465299, -0.3038984588280417, -0.34013191613691107, -0.3581905087719847, -0.09050703041198946, -0.3622376238069983, -0.48408063953240077, -0.30352743337465027, -0.3316331758126859, 0.4327023042314548], [0.9918762904042666, -0.362323202032178, -0.1746539365080774, -0.3468898265705006, -0.24676664507295926, 9.814424953344194, -0.5485068567895952, -0.2694308243127599, 0.1741491908511825, -0.24762594010368125, -0.23238107744639303, 0.002713839806636615, -0.015551947950521956, -0.2526071218110219, -0.24541083574250774, -0.5057301240607992, -0.0670661064466408, 0.3282056396676823], [0.8248728452572099, -0.17755431026196317, -0.23600062756894347, -0.22966629069496008, -0.31015809165148656, -0.5485068567895952, 10.442207342214102, -0.15199350022032432, 0.06557322774263472, -0.30774714124427816, -0.059099611825288126, -0.2117235034996119, -0.11523284725743155, -0.2275200923225635, -0.27079184048061544, -0.20696836853644726, -0.13233858158522566, 0.41766414580942457], [0.405441090842901, -0.3306891758678813, 0.06016165454622001, -0.26876679039688484, 0.045874585715085396, -0.2694308243127599, -0.15199350022032432, 9.6766377122552, -0.9295916077882996, -0.3574919221497923, -0.32713030917726305, -0.30119082107804257, -0.23078433940046067, -0.42802646164702307, -0.15066273485625156, -0.31789202989361115, -0.4159043457009393, 0.087237847403538], [0.7451859456361302, 0.4104783734805181, -0.2058297340332213, 0.5714826513538517, -0.6510134692465299, 0.1741491908511825, 0.06557322774263472, -0.9295916077882996, 17.214127143814835, -0.31693148131181614, 0.8337635037522438, -0.18848336944666783, 0.5977092646239365, 0.18981685934070722, 0.6694184565457497, -0.5637686258250669, 1.1287163645975031, 0.08203309600300236], [0.9245652326627644, -0.2595274700839978, -0.19828374935678608, -0.23028486519122884, -0.3038984588280417, -0.24762594010368125, -0.30774714124427816, -0.3574919221497923, -0.31693148131181614, 9.84616807032785, -0.5170256684512741, -0.3085204580229431, -0.17501614515364639, -0.30357932777249585, -0.17590358972648493, -0.28651532983677924, -0.1921185692134385, 0.172684392834192], [0.5712068872016587, -0.17441711466381155, -0.04082707320882809, -0.05082647024527158, -0.34013191613691107, -0.23238107744639303, -0.059099611825288126, -0.32713030917726305, 0.8337635037522438, -0.5170256684512741, 10.457734140604275, -0.10035004742381497, 0.13862120097176223, -0.07833481446484904, -0.28333577631012813, -0.23760221058468606, 0.029480332290915928, 0.05127506009655685], [0.7416633304758592, -0.09839907760917531, -0.05926880849269782, -0.12968923308819172, -0.3581905087719847, 0.002713839806636615, -0.2117235034996119, -0.30119082107804257, -0.18848336944666783, -0.3085204580229431, -0.10035004742381497, 9.574514260674954, -0.6267296131162862, -0.291390612624205, -0.17336235448736753, -0.07115234091091163, -0.12122736563268717, 0.006988517760720871], [0.3570001936100648, -0.014333945223942728, -0.18977793700230594, -0.12619776830912766, -0.09050703041198946, -0.015551947950521956, -0.11523284725743155, -0.23078433940046067, 0.5977092646239365, -0.17501614515364639, 0.13862120097176223, -0.6267296131162862, 10.450228714933209, -0.14934008089698472, 0.15515286558471347, -0.0926436040978833, -0.10499632769484574, 0.12320541346817279], [1.0127483009647553, -0.31233770544079126, -0.22612347045874073, -0.25712218977872486, -0.3622376238069983, -0.2526071218110219, -0.2275200923225635, -0.42802646164702307, 0.18981685934070722, -0.30357932777249585, -0.07833481446484904, -0.291390612624205, -0.14934008089698472, 9.916599963902922, -0.5584284301303375, -0.39552905760757445, -0.14913687062520134, 0.24749739285797265], [0.8504983514550278, -0.24415191128462907, -0.02372337401133593, -0.17886821490937102, -0.48408063953240077, -0.24541083574250774, -0.27079184048061544, -0.15066273485625156, 0.6694184565457497, -0.17590358972648493, -0.28333577631012813, -0.17336235448736753, 0.15515286558471347, -0.5584284301303375, 10.257499519501643, -0.31378686281637824, 0.00713948900100164, 0.2872358684532141], [0.9521171543198782, -0.4246847128252175, -0.25417265104618214, -0.3505692952613566, -0.30352743337465027, -0.5057301240607992, -0.20696836853644726, -0.31789202989361115, -0.5637686258250669, -0.28651532983677924, -0.23760221058468606, -0.07115234091091163, -0.0926436040978833, -0.39552905760757445, -0.31378686281637824, 9.860118917878252, -0.4192182005370877, 0.35505280096424086], [0.4109824753293918, -0.09593608945944733, -0.17613171068121786, -0.07258666825652688, -0.3316331758126859, -0.0670661064466408, -0.13233858158522566, -0.4159043457009393, 1.1287163645975031, -0.1921185692134385, 0.029480332290915928, -0.12122736563268717, -0.10499632769484574, -0.14913687062520134, 0.00713948900100164, -0.4192182005370877, 10.870628869722822, 0.19664715441236308], [-0.9777167797298101, 0.2477663846641884, 0.29612477917147867, 0.29513258367027634, 0.4327023042314548, 0.3282056396676823, 0.41766414580942457, 0.087237847403538, 0.08203309600300236, 0.172684392834192, 0.05127506009655685, 0.006988517760720871, 0.12320541346817279, 0.24749739285797265, 0.2872358684532141, 0.35505280096424086, 0.19664715441236308, 9.868963108084913]]",
    "monomial_list": "[1, x9, x8, x7, x6, x5, x4, x3, x2, x17, x16, x15, x14, x13, x12, x11, x10, x1]"
}