{
    "name": "Multiplier-16",
    "rational_expression": "99541*x1**2/10000 + 41729*x1*x10/100000 + 75009*x1*x11/100000 + 29969*x1*x12/50000 + 3089*x1*x13/6250 + 14611*x1*x14/100000 + 21507*x1*x15/500000 + 6909*x1*x16/50000 + 5467*x1*x17/12500 + 1699*x1*x2/6250 + 367*x1*x3/1250 + 87943*x1*x4/100000 + 8061*x1*x5/12500 + 24543*x1*x6/25000 + 26501*x1*x7/50000 + 61371*x1*x8/100000 + 4789*x1*x9/10000 - 1077*x1/500 + 5417*x10**2/500 - 68303*x10*x11/100000 - 1109*x10*x12/40000 - 1437*x10*x13/4000 - 31303*x10*x14/100000 - 11569*x10*x15/50000 + 42639*x10*x16/50000 - 667*x10*x17/2000 + 17889*x10*x2/100000 - 23503*x10*x3/50000 - 15171*x10*x4/100000 - 4249*x10*x5/20000 - 14121*x10*x6/50000 - 33143*x10*x7/100000 - 1983*x10*x8/12500 - 3353*x10*x9/10000 + 357*x10/500 + 99051*x11**2/10000 - 12777*x11*x12/25000 - 36753*x11*x13/50000 - 46913*x11*x14/500000 - 2863*x11*x15/20000 - 4939*x11*x16/10000 - 3487*x11*x17/6250 - 56817*x11*x2/100000 - 79787*x11*x3/100000 - 47521*x11*x4/100000 - 96171*x11*x5/100000 - 80211*x11*x6/100000 - 2313*x11*x7/4000 - 59969*x11*x8/100000 - 737*x11*x9/1000 + 559*x11/250 + 5131*x12**2/500 - 5837*x12*x13/5000 + 19429*x12*x14/100000 - 3547*x12*x15/12500 - 6141*x12*x16/62500 - 53907*x12*x17/1000000 - 9723*x12*x2/50000 - 5731*x12*x3/50000 - 25919*x12*x4/50000 - 42237*x12*x5/100000 - 36819*x12*x6/50000 - 1241*x12*x7/3125 - 1429*x12*x8/25000 - 973*x12*x9/2000 + 1797*x12/1000 + 49813*x13**2/5000 - 31731*x13*x14/100000 - 57359*x13*x15/100000 - 2203*x13*x16/10000 - 14619*x13*x17/25000 - 4003*x13*x2/50000 - 19023*x13*x3/25000 - 23907*x13*x4/50000 - 52483*x13*x5/100000 - 13653*x13*x6/20000 - 5677*x13*x7/10000 - 43909*x13*x8/100000 - 6547*x13*x9/10000 + 1077*x13/500 + 5283*x14**2/500 - 7007*x14*x15/5000 + 1457*x14*x16/1000 - 3311*x14*x17/5000 + 3421*x14*x2/20000 - 2261*x14*x3/6250 - 37107*x14*x4/100000 - 64269*x14*x5/1000000 - 1209*x14*x6/4000 - 16973*x14*x7/50000 - 3753*x14*x8/12500 - 92*x14*x9/625 + 7863*x14/10000 + 96189*x15**2/10000 - 10923*x15*x16/10000 - 48669*x15*x17/100000 - 82259*x15*x2/1000000 - 26423*x15*x3/50000 - 17461*x15*x4/50000 + 18477*x15*x5/1000000 - 13987*x15*x6/25000 - 26141*x15*x7/100000 - 49769*x15*x8/500000 - 347*x15*x9/2000 + 149*x15/100 + 15961*x16**2/1000 - 5391*x16*x17/2500 + 11521*x16*x2/10000 - 65651*x16*x3/100000 - 1773*x16*x4/5000 - 29549*x16*x5/100000 - 11691*x16*x6/10000 + 34517*x16*x7/1000000 - 2561*x16*x8/25000 - 3579*x16*x9/10000 - 257*x16/6250 + 10103*x17**2/1000 - 58167*x17*x2/100000 - 15981*x17*x3/25000 - 52719*x17*x4/100000 - 3861*x17*x5/12500 - 36497*x17*x6/100000 - 36813*x17*x7/100000 - 11989*x17*x8/25000 - 2973*x17*x9/10000 + 2083*x17/1000 + 5239*x2**2/500 - 96523*x2*x3/100000 - 24727*x2*x4/100000 - 3739*x2*x5/12500 - 41153*x2*x6/50000 + 11629*x2*x7/100000 - 8209*x2*x8/20000 - 1923*x2*x9/25000 + 1593*x2/1000 + 48449*x3**2/5000 - 6967*x3*x4/20000 - 47963*x3*x5/100000 - 25809*x3*x6/100000 - 7207*x3*x7/20000 - 15741*x3*x8/200000 - 4661*x3*x9/10000 + 847*x3/500 + 10557*x4**2/1000 - 5797*x4*x5/5000 - 21877*x4*x6/50000 - 11611*x4*x7/25000 - 19703*x4*x8/50000 - 793*x4*x9/2000 + 259*x4/125 + 12351*x5**2/1250 - 23429*x5*x6/50000 - 13723*x5*x7/20000 - 39727*x5*x8/100000 - 3367*x5*x9/5000 + 513*x5/250 + 1289*x6**2/125 - 46279*x6*x7/50000 - 25333*x6*x8/50000 - 497*x6*x9/1000 + 539*x6/200 + 98743*x7**2/10000 - 25691*x7*x8/50000 - 3021*x7*x9/5000 + 1899*x7/1000 + 413*x8**2/40 - 1097*x8*x9/1000 + 929*x8/500 + 9901*x9**2/1000 + 939*x9/500 + 638/125",
    "Q": "[[5.103635941975586, 0.9377402567954076, 0.9288378305792886, 0.9487960280827119, 1.347117105650883, 1.0253419159461097, 1.0351530819679864, 0.8475608821002112, 0.7985014008183007, 1.0399744297379443, -0.02116845569363901, 0.7451822317205863, 0.39343024313863745, 1.0782210288792835, 0.897723820736084, 1.1201093741264856, 0.3570229238257317, -1.07865092853515], [0.9377402567954076, 9.900230073480095, -0.5465103343487505, -0.3043623025449132, -0.2534053051380256, -0.3384353213565089, -0.19615035754059285, -0.23581882811426014, -0.033540196720460914, -0.1499171500245259, -0.17473543632344374, -0.08952218632973043, -0.06950318711178992, -0.33075149745411986, -0.2396195794721476, -0.36763020785394446, -0.16482060523923647, 0.2394977688315637], [0.9288378305792886, -0.5465103343487505, 10.324947508629304, -0.25262059949694293, -0.25295274185133937, -0.20287791712672865, -0.19594013153081485, -0.04247090954590225, -0.20360514515586123, -0.23990279422531077, -0.05163756312281135, -0.04493546329736096, -0.14652456088204563, -0.2197534364710409, -0.02542314621908436, -0.3015715178386835, -0.07896755138464624, 0.3105463560426247], [0.9487960280827119, -0.3043623025449132, -0.25262059949694293, 9.87422386245971, -0.45979679072832275, -0.3411171698364917, -0.23618189957572297, -0.17525236649753823, 0.055527813339074236, -0.18625058874307032, 0.019021444327293583, -0.12962014790137125, -0.1677701087509399, -0.2817647735790181, -0.20067052926646475, -0.2915007838132604, -0.16477338595958493, 0.267871369296832], [1.347117105650883, -0.2534053051380256, -0.25295274185133937, -0.45979679072832275, 10.311699681151396, -0.23561868412650633, -0.22229334140732426, -0.12574124185161198, -0.4148099119134977, -0.18277513182268645, -0.5815899781084947, -0.28403539631721075, -0.14723475422572996, -0.34148614112465236, -0.3673561264866453, -0.39715741735391213, -0.14270687048620334, 0.49181234151220915], [1.0253419159461097, -0.3384353213565089, -0.20287791712672865, -0.3411171698364917, -0.23561868412650633, 9.881409403467623, -0.5781773237507701, -0.23864161314268834, -0.1483840177362096, -0.15065291056837415, -0.1514226351664783, 0.007626202833577053, -0.035921360884306426, -0.2610166172611496, -0.21190953543513505, -0.4816070760358122, -0.10203031562830117, 0.31954584509661504], [1.0351530819679864, -0.19615035754059285, -0.19594013153081485, -0.23618189957572297, -0.22229334140732426, -0.5781773237507701, 10.557066486336602, -0.17652615023555668, -0.1244900990343159, -0.2666468399072392, -0.18012692494022103, -0.17789001700815346, -0.18517241404053933, -0.23562109490339134, -0.26317829394028486, -0.2336223908931921, -0.07617852518086578, 0.44099839342771263], [0.8475608821002112, -0.23581882811426014, -0.04247090954590225, -0.17525236649753823, -0.12574124185161198, -0.23864161314268834, -0.17652615023555668, 9.689841981613311, -0.48468289159912264, -0.3183952950011948, -0.33131897661332166, -0.26433131778575614, -0.17698983651772482, -0.37652211571778416, -0.05762424405733696, -0.40087494890719233, -0.23954864559429495, 0.1434633392615065], [0.7985014008183007, -0.033540196720460914, -0.20360514515586123, 0.055527813339074236, -0.4148099119134977, -0.1483840177362096, -0.1244900990343159, -0.48468289159912264, 10.480037855694942, -0.29326339141362456, 0.5726634985869896, -0.04397780059491789, 0.09014133846221842, -0.036325643067384304, -0.10034436892935726, -0.2851187713430977, 0.08638739032057917, 0.13159116334455104], [1.0399744297379443, -0.1499171500245259, -0.23990279422531077, -0.18625058874307032, -0.18277513182268645, -0.15065291056837415, -0.2666468399072392, -0.3183952950011948, -0.29326339141362456, 10.102374429246616, -1.0771915241832768, -0.23893447044037575, -0.336322177943965, -0.2904488468768667, -0.02896273736667863, -0.27412311361914765, -0.17114049078225005, 0.2178001015548273], [-0.02116845569363901, -0.17473543632344374, -0.05163756312281135, 0.019021444327293583, -0.5815899781084947, -0.1514226351664783, -0.18012692494022103, -0.33131897661332166, 0.5726634985869896, -1.0771915241832768, 15.960782282443244, -0.5464946119841197, 0.7326364012423896, -0.10292377232489687, -0.051643299352313404, -0.24390297170562783, 0.43050184658550533, 0.07646286442941015], [0.7451822317205863, -0.08952218632973043, -0.04493546329736096, -0.12962014790137125, -0.28403539631721075, 0.007626202833577053, -0.17789001700815346, -0.26433131778575614, -0.04397780059491789, -0.23893447044037575, -0.5464946119841197, 9.618860870439667, -0.703219144828572, -0.285730524518498, -0.144856086597478, -0.0668734073091177, -0.11806775341899678, 0.01730126696398947], [0.39343024313863745, -0.06950318711178992, -0.14652456088204563, -0.1677701087509399, -0.14723475422572996, -0.035921360884306426, -0.18517241404053933, -0.17698983651772482, 0.09014133846221842, -0.336322177943965, 0.7326364012423896, -0.703219144828572, 10.56617368828075, -0.16033451120089257, 0.0928109549248884, -0.05171848023827068, -0.15764899766552862, 0.07186197049629388], [1.0782210288792835, -0.33075149745411986, -0.2197534364710409, -0.2817647735790181, -0.34148614112465236, -0.2610166172611496, -0.23562109490339134, -0.37652211571778416, -0.036325643067384304, -0.2904488468768667, -0.10292377232489687, -0.285730524518498, -0.16033451120089257, 9.961589036978811, -0.5864051160821095, -0.36848470281174767, -0.17696385052186217, 0.24550841723810052], [0.897723820736084, -0.2396195794721476, -0.02542314621908436, -0.20067052926646475, -0.3673561264866453, -0.21190953543513505, -0.26317829394028486, -0.05762424405733696, -0.10034436892935726, -0.02896273736667863, -0.051643299352313404, -0.144856086597478, 0.0928109549248884, -0.5864051160821095, 10.263460687895625, -0.25003014328378037, -0.011516431815225587, 0.30180103011593146], [1.1201093741264856, -0.36763020785394446, -0.3015715178386835, -0.2915007838132604, -0.39715741735391213, -0.4816070760358122, -0.2336223908931921, -0.40087494890719233, -0.2851187713430977, -0.27412311361914765, -0.24390297170562783, -0.0668734073091177, -0.05171848023827068, -0.36848470281174767, -0.25003014328378037, 9.904342189696756, -0.34012659477187285, 0.3774755794264071], [0.3570229238257317, -0.16482060523923647, -0.07896755138464624, -0.16477338595958493, -0.14270687048620334, -0.10203031562830117, -0.07617852518086578, -0.23954864559429495, 0.08638739032057917, -0.17114049078225005, 0.43050184658550533, -0.11806775341899678, -0.15764899766552862, -0.17696385052186217, -0.011516431815225587, -0.34012659477187285, 10.83331422470175, 0.20619345357639168], [-1.07865092853515, 0.2394977688315637, 0.3105463560426247, 0.267871369296832, 0.49181234151220915, 0.31954584509661504, 0.44099839342771263, 0.1434633392615065, 0.13159116334455104, 0.2178001015548273, 0.07646286442941015, 0.01730126696398947, 0.07186197049629388, 0.24550841723810052, 0.30180103011593146, 0.3774755794264071, 0.20619345357639168, 9.955847799434862]]",
    "monomial_list": "[1, x9, x8, x7, x6, x5, x4, x3, x2, x17, x16, x15, x14, x13, x12, x11, x10, x1]"
}