{
    "name": "Multiplier-4",
    "rational_expression": "2013*x1**2/200 + 42977*x1*x10/50000 + 24863*x1*x11/50000 + 41463*x1*x12/100000 + 35439*x1*x13/100000 - 838*x1*x14/3125 - 4131*x1*x15/250000 - 15119*x1*x16/100000 + 3677*x1*x17/20000 + 22737*x1*x2/100000 + 8321*x1*x3/50000 + 16419*x1*x4/5000 - 6109*x1*x5/50000 + 11449*x1*x6/10000 + 29327*x1*x7/100000 + 69311*x1*x8/100000 + 2589*x1*x9/10000 - 619*x1/500 + 11181*x10**2/1000 - 2817*x10*x11/3125 + 3757*x10*x12/50000 - 32979*x10*x13/100000 - 44437*x10*x14/50000 + 41459*x10*x15/1000000 - 36387*x10*x16/100000 - 22549*x10*x17/100000 + 119*x10*x2/500 - 9667*x10*x3/20000 + 8689*x10*x4/2500 - 65109*x10*x5/100000 + 6879*x10*x6/20000 - 2107*x10*x7/5000 + 1359*x10*x8/10000 - 1101*x10*x9/2500 + 1559*x10/2000 + 49407*x11**2/5000 - 45563*x11*x12/100000 - 14073*x11*x13/25000 + 7047*x11*x14/50000 - 483*x11*x15/5000 - 5647*x11*x16/50000 - 1973*x11*x17/4000 - 11497*x11*x2/25000 - 797*x11*x3/1250 - 11113*x11*x4/10000 - 80009*x11*x5/100000 - 76969*x11*x6/100000 - 39287*x11*x7/100000 - 10949*x11*x8/20000 - 5651*x11*x9/10000 + 1851*x11/1000 + 2061*x12**2/200 - 2263*x12*x13/2000 + 5789*x12*x14/12500 - 25507*x12*x15/100000 - 2809*x12*x16/5000 - 7849*x12*x17/50000 + 63963*x12*x2/1000000 - 33773*x12*x3/500000 - 7917*x12*x4/10000 - 12037*x12*x5/50000 - 64921*x12*x6/100000 - 35189*x12*x7/100000 + 13907*x12*x8/100000 - 2471*x12*x9/5000 + 1373*x12/1000 + 99033*x13**2/10000 - 1359*x13*x14/4000 - 45063*x13*x15/100000 - 13707*x13*x16/100000 - 47361*x13*x17/100000 + 67127*x13*x2/10000000 - 2012*x13*x3/3125 + 38059*x13*x4/1000000 - 41511*x13*x5/100000 - 24393*x13*x6/50000 - 8299*x13*x7/20000 - 33583*x13*x8/100000 - 649*x13*x9/1250 + 811*x13/500 + 10807*x14**2/1000 - 2871*x14*x15/2000 + 11947*x14*x16/20000 - 4347*x14*x17/12500 + 1757*x14*x2/10000 - 5323*x14*x3/25000 - 16237*x14*x4/5000 + 63063*x14*x5/100000 - 2959*x14*x6/6250 - 1091*x14*x7/5000 - 2249*x14*x8/5000 + 6299*x14*x9/100000 - 143*x14/1250 + 96901*x15**2/10000 - 3001*x15*x16/10000 - 46913*x15*x17/100000 - 8079*x15*x2/2500000 - 48357*x15*x3/100000 + 1553*x15*x4/1250 + 16103*x15*x5/1000000 - 6609*x15*x6/20000 - 1047*x15*x7/6250 + 8303*x15*x8/100000 - 1593*x15*x9/10000 + 4837*x15/5000 + 10487*x16**2/1000 - 5101*x16*x17/5000 + 2347*x16*x2/5000 - 13027*x16*x3/50000 - 8531*x16*x4/10000 - 27893*x16*x5/100000 - 31739*x16*x6/50000 - 1563*x16*x7/10000 - 39827*x16*x8/1000000 - 701*x16*x9/2000 + 4367*x16/10000 + 98611*x17**2/10000 - 22671*x17*x2/100000 - 34031*x17*x3/50000 - 21943*x17*x4/100000 - 2859*x17*x5/10000 - 37109*x17*x6/100000 - 14769*x17*x7/50000 - 5379*x17*x8/20000 - 779*x17*x9/2000 + 57*x17/40 + 10481*x2**2/1000 - 38239*x2*x3/50000 - 30927*x2*x4/50000 - 40413*x2*x5/1000000 - 71447*x2*x6/100000 + 2549*x2*x7/12500 - 21637*x2*x8/50000 + 1287*x2*x9/10000 + 1851*x2/2000 + 24189*x3**2/2500 + 8153*x3*x4/20000 - 22783*x3*x5/50000 - 10603*x3*x6/100000 - 22141*x3*x7/100000 + 50087*x3*x8/1000000 - 3801*x3*x9/10000 + 1071*x3/1000 + 19051*x4**2/1000 - 2143*x4*x5/625 + 3569*x4*x6/2500 - 39823*x4*x7/50000 + 55873*x4*x8/100000 - 961*x4*x9/2000 + 2039*x4/1000 + 10079*x5**2/1000 - 7323*x5*x6/10000 - 24739*x5*x7/50000 - 36051*x5*x8/100000 - 6127*x5*x9/10000 + 5199*x5/10000 + 10511*x6**2/1000 - 97213*x6*x7/100000 - 41401*x6*x8/500000 - 711*x6*x9/1250 + 299*x6/125 + 49351*x7**2/5000 - 47023*x7*x8/100000 - 4487*x7*x9/10000 + 57*x7/40 + 5183*x8**2/500 - 523*x8*x9/500 + 169*x8/125 + 9893*x9**2/1000 + 723*x9/500 + 26/5",
    "Q": "[[5.19999006219708, 0.7227808208512368, 0.6748975700497939, 0.7122601248591277, 1.194568732990624, 0.2625536055609377, 1.0195023621424106, 0.5350158053803166, 0.4630007734782076, 0.7104882011794516, 0.21991469426275573, 0.48519754157967304, -0.05961725270333836, 0.8110103949794387, 0.6883193266168294, 0.9280567153068343, 0.3874632328439828, -0.6169170177083834], [0.7227808208512368, 9.89318985348281, -0.5235669106995327, -0.22023272782548448, -0.28182833998037027, -0.3021482698625619, -0.2393488875287693, -0.19181658289030212, 0.06839267540228464, -0.1927140762020543, -0.17033935845822235, -0.07566556839637956, 0.031423338503598464, -0.2574893186614087, -0.24812448508583526, -0.2778462590866502, -0.21668234114435522, 0.13129204419924476], [0.6748975700497939, -0.5235669106995327, 10.365081380634964, -0.23149220086909936, -0.046916955595036995, -0.18075107184030853, 0.28136781719961707, 0.028862833489613257, -0.21369473620576282, -0.13571743936617486, -0.018155260094652244, 0.0426382003655454, -0.22932429160740686, -0.17161360069099896, 0.06715821232681617, -0.27716301503013874, 0.07209773922866412, 0.3433324133169371], [0.7122601248591277, -0.22023272782548448, -0.23149220086909936, 9.869663205708443, -0.4848747178967163, -0.24760157949114323, -0.3989182143831517, -0.11410883668292585, 0.10643267537490003, -0.14497066554973936, -0.07708164809164604, -0.08282111071317527, -0.11395186426834908, -0.20644985714278297, -0.17193319041351263, -0.2008244829554403, -0.20860333496737382, 0.14877477826222485], [1.194568732990624, -0.28182833998037027, -0.046916955595036995, -0.4848747178967163, 10.509988025843533, -0.3619908885673634, 0.7165162248591286, -0.05660254494044457, -0.35955459764406844, -0.18708196494669802, -0.31866109633650636, -0.16852714411167236, -0.24168549659251343, -0.24627583311133674, -0.32041377098379303, -0.385325608123452, 0.167638339566679, 0.5766773332616177], [0.2625536055609377, -0.3021482698625619, -0.18075107184030853, -0.24760157949114323, -0.3619908885673634, 10.079182342284641, -1.712952883085048, -0.22289905358045325, -0.016477254631082402, -0.1415748901691943, -0.1398791534760329, 0.011503853794742447, 0.31510045067669085, -0.2048132513071445, -0.1254131097600985, -0.3983742085263951, -0.3265980288707581, -0.062361454548172976], [1.0195023621424106, -0.2393488875287693, 0.28136781719961707, -0.3989182143831517, 0.7165162248591286, -1.712952883085048, 19.050227813498456, 0.2005811214816116, -0.31613448695808277, -0.11756440187543066, -0.4355974065389956, 0.6228503429389346, -1.627978857559422, 0.017722804213472654, -0.4034369522975483, -0.5614945046194016, 1.7349828878656495, 1.641434056416841], [0.5350158053803166, -0.19181658289030212, 0.028862833489613257, -0.11410883668292585, -0.05660254494044457, -0.22289905358045325, 0.2005811214816116, 9.675084412463224, -0.38218170014488784, -0.34021953225950785, -0.12701419172050474, -0.24486923568962435, -0.10326427269648394, -0.3230310054390721, -0.030648669690652216, -0.3146413104255983, -0.2381502713279129, 0.08160343061801364], [0.4630007734782076, 0.06839267540228464, -0.21369473620576282, 0.10643267537490003, -0.35955459764406844, -0.016477254631082402, -0.31613448695808277, -0.38218170014488784, 10.481447632629205, -0.11330503743003682, 0.23108396295526232, -0.004119857589955599, 0.09281875331271855, 0.007337642535558823, 0.03272755773739847, -0.23332884398118048, 0.12113479339729023, 0.11319491672363736], [0.7104882011794516, -0.1927140762020543, -0.13571743936617486, -0.14497066554973936, -0.18708196494669802, -0.1415748901691943, -0.11756440187543066, -0.34021953225950785, -0.11330503743003682, 9.860440298071207, -0.5147097177853359, -0.23468298038876492, -0.17342517196705046, -0.23513124145320877, -0.07896109437042194, -0.244938774985164, -0.11568832785672656, 0.08753506471656555], [0.21991469426275573, -0.17033935845822235, -0.018155260094652244, -0.07708164809164604, -0.31866109633650636, -0.1398791534760329, -0.4355974065389956, -0.12701419172050474, 0.23108396295526232, -0.5147097177853359, 10.487617713807692, -0.14619768711516057, 0.2957527995183994, -0.07298569084281192, -0.27881402038976694, -0.057358762208357686, -0.18032986055465497, -0.07732095254132042], [0.48519754157967304, -0.07566556839637956, 0.0426382003655454, -0.08282111071317527, -0.16852714411167236, 0.011503853794742447, 0.6228503429389346, -0.24486923568962435, -0.004119857589955599, -0.23468298038876492, -0.14619768711516057, 9.690501727279734, -0.7134202934219573, -0.22961602069946294, -0.1290986122737026, -0.04405131681991101, 0.024339140676760213, -0.004049873182097676], [-0.05961725270333836, 0.031423338503598464, -0.22932429160740686, -0.11395186426834908, -0.24168549659251343, 0.31510045067669085, -1.627978857559422, -0.10326427269648394, 0.09281875331271855, -0.17342517196705046, 0.2957527995183994, -0.7134202934219573, 10.807607141577936, -0.173351766479501, 0.23434494880363416, 0.07041779241588415, -0.4413603231637979, -0.13262489646779818], [0.8110103949794387, -0.2574893186614087, -0.17161360069099896, -0.20644985714278297, -0.24627583311133674, -0.2048132513071445, 0.017722804213472654, -0.3230310054390721, 0.007337642535558823, -0.23513124145320877, -0.07298569084281192, -0.22961602069946294, -0.173351766479501, 9.903751056415068, -0.5697154220803171, -0.2860773595867899, -0.16342478909357142, 0.17340703719785863], [0.6883193266168294, -0.24812448508583526, 0.06715821232681617, -0.17193319041351263, -0.32041377098379303, -0.1254131097600985, -0.4034369522975483, -0.030648669690652216, 0.03272755773739847, -0.07896109437042194, -0.27881402038976694, -0.1290986122737026, 0.23434494880363416, -0.5697154220803171, 10.30636416580874, -0.2241456825294073, 0.03749364848885588, 0.20757056046161312], [0.9280567153068343, -0.2778462590866502, -0.27716301503013874, -0.2008244829554403, -0.385325608123452, -0.3983742085263951, -0.5614945046194016, -0.3146413104255983, -0.23332884398118048, -0.244938774985164, -0.057358762208357686, -0.04405131681991101, 0.07041779241588415, -0.2860773595867899, -0.2241456825294073, 9.88290454316948, -0.45341623165803063, 0.24893644465114553], [0.3874632328439828, -0.21668234114435522, 0.07209773922866412, -0.20860333496737382, 0.167638339566679, -0.3265980288707581, 1.7349828878656495, -0.2381502713279129, 0.12113479339729023, -0.11568832785672656, -0.18032986055465497, 0.024339140676760213, -0.4413603231637979, -0.16342478909357142, 0.03749364848885588, -0.45341623165803063, 11.180084535097263, 0.4333691939509248], [-0.6169170177083834, 0.13129204419924476, 0.3433324133169371, 0.14877477826222485, 0.5766773332616177, -0.062361454548172976, 1.641434056416841, 0.08160343061801364, 0.11319491672363736, 0.08753506471656555, -0.07732095254132042, -0.004049873182097676, -0.13262489646779818, 0.17340703719785863, 0.20757056046161312, 0.24893644465114553, 0.4333691939509248, 10.064704193842214]]",
    "monomial_list": "[1, x9, x8, x7, x6, x5, x4, x3, x2, x17, x16, x15, x14, x13, x12, x11, x10, x1]"
}