{
    "name": "Multiplier-6",
    "rational_expression": "2643*x1**2/250 + 16467*x1*x10/50000 - 8783*x1*x11/500000 - 3623*x1*x12/25000 - 81289*x1*x13/1000000 - 12557*x1*x14/250000 - 35241*x1*x15/100000 - 31111*x1*x16/100000 - 9343*x1*x17/100000 - 5567*x1*x2/20000 + 18417*x1*x3/1000000 + 10271*x1*x4/20000 + 49723*x1*x5/1000000 + 11421*x1*x6/10000 - 32389*x1*x7/100000 + 4913*x1*x8/25000 - 20659*x1*x9/250000 + 37*x1/250 + 11017*x10**2/1000 - 42043*x10*x11/100000 + 1737*x10*x12/10000 - 1769*x10*x13/10000 - 8961*x10*x14/25000 + 70411*x10*x15/1000000 - 4837*x10*x16/50000 - 35193*x10*x17/500000 + 12827*x10*x2/50000 - 10743*x10*x3/50000 + 38209*x10*x4/100000 - 2443*x10*x5/10000 + 10079*x10*x6/10000 - 9581*x10*x7/50000 + 3333*x10*x8/25000 - 25067*x10*x9/100000 + 1849*x10/100000 + 209*x11**2/20 + 80133*x11*x12/1000000 - 16119*x11*x13/200000 + 3773*x11*x14/40000 + 21599*x11*x15/100000 + 84441*x11*x16/1000000 - 55467*x11*x17/1000000 + 339*x11*x2/20000 - 5877*x11*x3/25000 - 98689*x11*x4/1000000 - 27541*x11*x5/100000 - 25867*x11*x6/100000 + 15301*x11*x7/100000 - 1531*x11*x8/12500 - 379*x11*x9/3125 + 3491*x11/10000 + 5393*x12**2/500 - 35679*x12*x13/100000 + 4997*x12*x14/25000 + 689*x12*x15/4000 - 38387*x12*x16/500000 + 8027*x12*x17/50000 + 46939*x12*x2/100000 + 38193*x12*x3/500000 - 3261*x12*x4/1250000 - 31059*x12*x5/500000 - 17519*x12*x6/100000 + 5203*x12*x7/20000 + 29561*x12*x8/100000 - 9719*x12*x9/200000 - 5873*x12/10000 + 10467*x13**2/1000 - 12777*x13*x14/100000 - 19743*x13*x15/500000 + 12483*x13*x16/500000 - 11341*x13*x17/200000 + 21517*x13*x2/100000 - 20259*x13*x3/100000 + 21787*x13*x4/2500000 - 19361*x13*x5/1000000 + 12887*x13*x6/100000 + 59473*x13*x7/1000000 - 9081*x13*x8/500000 - 2597*x13*x9/25000 + 3699*x13/50000 + 10813*x14**2/1000 - 8269*x14*x15/12500 + 669*x14*x16/2000 - 10707*x14*x17/50000 + 1671*x14*x2/12500 - 46091*x14*x3/1000000 - 44761*x14*x4/100000 + 4817*x14*x5/25000 - 79781*x14*x6/100000 - 15387*x14*x7/200000 - 5119*x14*x8/20000 + 10937*x14*x9/125000 + 2937*x14/10000 + 5211*x15**2/500 - 9321*x15*x16/500000 - 45037*x15*x17/1000000 + 1581*x15*x2/6250 - 10299*x15*x3/50000 + 17643*x15*x4/100000 + 1029*x15*x5/6250 + 10979*x15*x6/100000 + 3243*x15*x7/12500 + 20761*x15*x8/100000 + 78003*x15*x9/1000000 - 2847*x15/5000 + 2697*x16**2/250 - 5361*x16*x17/12500 + 52431*x16*x2/100000 - 14551*x16*x3/100000 - 17497*x16*x4/100000 - 3391*x16*x5/100000 - 56129*x16*x6/100000 + 17847*x16*x7/100000 + 59679*x16*x8/1000000 - 2777*x16*x9/40000 - 6243*x16/10000 + 2617*x17**2/250 + 6341*x17*x2/200000 - 5919*x17*x3/25000 + 2993*x17*x4/125000 - 58789*x17*x5/1000000 + 6417*x17*x6/20000 + 5673*x17*x7/50000 + 1237*x17*x8/50000 - 4913*x17*x9/125000 + 643*x17/2500 + 10923*x2**2/1000 - 19139*x2*x3/50000 - 95287*x2*x4/100000000 + 3183*x2*x5/50000 - 75167*x2*x6/100000 + 11793*x2*x7/20000 - 34227*x2*x8/1000000 + 12079*x2*x9/50000 - 8451*x2/10000 + 2079*x3**2/200 + 1377*x3*x4/20000 + 87813*x3*x5/10000000 + 10317*x3*x6/10000 - 27851*x3*x7/1000000 + 383*x3*x8/2500 - 41423*x3*x9/500000 + 1289*x3/10000 + 5523*x4**2/500 - 18209*x4*x5/25000 + 2611*x4*x6/2000 - 7943*x4*x7/50000 + 18149*x4*x8/100000 - 2791*x4*x9/20000 + 6613*x4/10000 + 10467*x5**2/1000 - 1987*x5*x6/4000 - 36849*x5*x7/500000 - 1503*x5*x8/12500 - 781*x5*x9/8000 + 6423*x5/10000 + 2003*x6**2/125 - 96929*x6*x7/100000 + 27309*x6*x8/50000 - 35113*x6*x9/100000 + 4041*x6/10000 + 2641*x7**2/250 - 51273*x7*x8/1000000 - 1979*x7*x9/200000 - 9*x7/10 + 2679*x8**2/250 - 4163*x8*x9/10000 + 1659*x8/10000 + 523*x9**2/50 + 101*x9/500 + 4591/500",
    "Q": "[[9.182137823660225, 0.10552292025508192, 0.0828157718331142, -0.4514304431978755, 0.2032704058499715, 0.32018455935130885, 0.32869232244443575, 0.06462871347214423, -0.41963818612534554, 0.13017975764547662, -0.3106072481522877, -0.287576046677642, 0.14280417556868888, 0.039000414638548815, -0.2913198992498729, 0.17273021459288881, 0.012377847909194536, 0.06908766595172836], [0.10552292025508192, 10.460418182464206, -0.21262547339322677, -0.004184690331496808, -0.17276148013289702, -0.052445636420411224, -0.06767918917919527, -0.03775818508221964, 0.11575940067278576, -0.017194112358128014, -0.03378417856293897, 0.04010445734481324, 0.04741058597485713, -0.048870999251389144, -0.02772232826755104, -0.059542546797699214, -0.12329996636709084, -0.037147616974752155], [0.0828157718331142, -0.21262547339322677, 10.71599175346256, -0.02936087990260883, 0.2774236067480838, -0.05814760634960853, 0.0918130397216154, 0.07588211926350223, -0.022180465332310374, 0.008064391350480524, 0.033411056739642876, 0.10224714215146191, -0.12393655736972098, -0.004621073577864381, 0.15221332132228868, -0.05976182176708079, 0.06890841171480178, 0.10232694748808263], [-0.4514304431978755, -0.004184690331496808, -0.02936087990260883, 10.564165258007883, -0.48081171561324004, -0.03739038471112208, -0.07781108843528925, -0.018636364240832703, 0.2913665791550866, 0.05479706142599241, 0.08516514796090308, 0.13007638760062337, -0.041855662074890894, 0.03296797318211633, 0.12913859856828283, 0.07286816946082636, -0.09981015474502852, -0.15866025590170646], [0.2032704058499715, -0.17276148013289702, 0.2774236067480838, -0.48081171561324004, 16.0238426821591, -0.2519117233748372, 0.6553400908729475, 0.5165791112753096, -0.3702353157984655, 0.160870121121126, -0.2754234446692671, 0.05896866341582842, -0.3989746004850553, 0.06888287098221245, -0.09183694214032727, -0.12416889386915501, 0.5059784530907796, 0.5739239887374674], [0.32018455935130885, -0.052445636420411224, -0.05814760634960853, -0.03739038471112208, -0.2519117233748372, 10.466810306158157, -0.35970506387498996, 0.008094698227431545, 0.030009105381263005, -0.026157524942478215, -0.016280643202792225, 0.07907931934263096, 0.0999264781063824, -0.005332467440866072, -0.029197583245454288, -0.1338840891189914, -0.12451039273284711, 0.022520868793975996], [0.32869232244443575, -0.06767918917919527, 0.0918130397216154, -0.07781108843528925, 0.6553400908729475, -0.35970506387498996, 11.045246985849671, 0.029484193322834477, -0.00464536839614592, 0.009499252260528982, -0.08485197986341118, 0.08514399500361547, -0.22355998941747734, 0.0015717661977233718, 0.0035514273089081723, -0.047627658757773875, 0.1961802241646193, 0.25913528808289515], [0.06462871347214423, -0.03775818508221964, 0.07588211926350223, -0.018636364240832703, 0.5165791112753096, 0.008094698227431545, 0.029484193322834477, 10.394666235178684, -0.18654972730569838, -0.11338470631603832, -0.06959426413526265, -0.106468474143905, -0.02190873314484498, -0.10230475028017305, 0.0347256712663139, -0.11782973914798194, -0.11226364752241708, 0.007131967403740436], [-0.41963818612534554, 0.11575940067278576, -0.022180465332310374, 0.2913665791550866, -0.3702353157984655, 0.030009105381263005, -0.00464536839614592, -0.18654972730569838, 10.922214762458918, 0.019054678605796425, 0.2659296612001307, 0.12382742570258387, 0.06848832511848336, 0.10878173363260672, 0.23460781935707709, 0.009314885545918625, 0.1263777901040035, -0.13683202450187779], [0.13017975764547662, -0.017194112358128014, 0.008064391350480524, 0.05479706142599241, 0.160870121121126, -0.026157524942478215, 0.009499252260528982, -0.11338470631603832, 0.019054678605796425, 10.468169524390461, -0.21470880402964274, -0.023680712713024077, -0.10200434926843262, -0.02338027060629863, 0.0824445215997746, -0.022994783746113853, -0.03326829154654477, -0.04845325301223138], [-0.3106072481522877, -0.03378417856293897, 0.033411056739642876, 0.08516514796090308, -0.2754234446692671, -0.016280643202792225, -0.08485197986341118, -0.06959426413526265, 0.2659296612001307, -0.21470880402964274, 10.787902595270644, -0.008093733409121407, 0.16823474570004374, 0.014537897069738105, -0.03753698662271876, 0.04096494398646111, -0.0427799952904963, -0.15027604839118505], [-0.287576046677642, 0.04010445734481324, 0.10224714215146191, 0.13007638760062337, 0.05896866341582842, 0.07907931934263096, 0.08514399500361547, -0.106468474143905, 0.12382742570258387, -0.023680712713024077, -0.008093733409121407, 10.422098844852325, -0.33068421108460877, -0.021491234211233244, 0.08897551862538992, 0.10423047166066814, 0.03623214101649016, -0.18057865856370517], [0.14280417556868888, 0.04741058597485713, -0.12393655736972098, -0.041855662074890894, -0.3989746004850553, 0.0999264781063824, -0.22355998941747734, -0.02190873314484498, 0.06848832511848336, -0.10200434926843262, 0.16823474570004374, -0.33068421108460877, 10.812505708541744, -0.06511941848646675, 0.09918852134320404, 0.04710594021871873, -0.17421645918020237, -0.02468197948293653], [0.039000414638548815, -0.048870999251389144, -0.004621073577864381, 0.03296797318211633, 0.06888287098221245, -0.005332467440866072, 0.0015717661977233718, -0.10230475028017305, 0.10878173363260672, -0.02338027060629863, 0.014537897069738105, -0.021491234211233244, -0.06511941848646675, 10.468009534906786, -0.17590184308326745, -0.04031526295255941, -0.08792378991339436, -0.04305249326509461], [-0.2913198992498729, -0.02772232826755104, 0.15221332132228868, 0.12913859856828283, -0.09183694214032727, -0.029197583245454288, 0.0035514273089081723, 0.0347256712663139, 0.23460781935707709, 0.0824445215997746, -0.03753698662271876, 0.08897551862538992, 0.09918852134320404, -0.17590184308326745, 10.786780023216755, 0.04517746512015626, 0.09032707168391729, -0.06775775596925751], [0.17273021459288881, -0.059542546797699214, -0.05976182176708079, 0.07286816946082636, -0.12416889386915501, -0.1338840891189914, -0.047627658757773875, -0.11782973914798194, 0.009314885545918625, -0.022994783746113853, 0.04096494398646111, 0.10423047166066814, 0.04710594021871873, -0.04031526295255941, 0.04517746512015626, 10.449853607465153, -0.21438084633369503, -0.007660408581352986], [0.012377847909194536, -0.12329996636709084, 0.06890841171480178, -0.09981015474502852, 0.5059784530907796, -0.12451039273284711, 0.1961802241646193, -0.11226364752241708, 0.1263777901040035, -0.03326829154654477, -0.0427799952904963, 0.03623214101649016, -0.17421645918020237, -0.08792378991339436, 0.09032707168391729, -0.21438084633369503, 11.017267636378941, 0.16594071718696474], [0.06908766595172836, -0.037147616974752155, 0.10232694748808263, -0.15866025590170646, 0.5739239887374674, 0.022520868793975996, 0.25913528808289515, 0.007131967403740436, -0.13683202450187779, -0.04845325301223138, -0.15027604839118505, -0.18057865856370517, -0.02468197948293653, -0.04305249326509461, -0.06775775596925751, -0.007660408581352986, 0.16594071718696474, 10.57272172364246]]",
    "monomial_list": "[1, x9, x8, x7, x6, x5, x4, x3, x2, x17, x16, x15, x14, x13, x12, x11, x10, x1]"
}