{
    "name": "Multiplier-7",
    "rational_expression": "5377*x1**2/500 + 9847*x1*x10/50000 + 14917*x1*x11/100000 + 4347*x1*x12/25000 + 78979*x1*x13/1000000 + 12469*x1*x14/250000 - 16647*x1*x15/250000 + 10237*x1*x16/250000 + 7603*x1*x17/200000 + 16181*x1*x2/50000 + 6589*x1*x3/50000 + 6029*x1*x4/25000 + 10321*x1*x5/125000 + 4783*x1*x6/20000 + 48249*x1*x7/1000000 + 3351*x1*x8/25000 - 30857*x1*x9/1000000 - 10289*x1/10000 + 2167*x10**2/200 - 1247*x10*x11/5000 - 5079*x10*x12/50000 - 3907*x10*x13/20000 - 76991*x10*x14/1000000 - 14789*x10*x15/100000 - 59149*x10*x16/1000000 - 19983*x10*x17/100000 - 50507*x10*x2/1000000 - 18109*x10*x3/100000 - 4113*x10*x4/20000 - 10671*x10*x5/100000 - 16617*x10*x6/100000 - 80601*x10*x7/1000000 - 6599*x10*x8/50000 - 15991*x10*x9/100000 + 547*x10/1250 + 5347*x11**2/500 - 19977*x11*x12/100000 - 21489*x11*x13/100000 - 9201*x11*x14/200000 - 17333*x11*x15/500000 - 6929*x11*x16/50000 - 3543*x11*x17/20000 - 18639*x11*x2/50000 - 1573*x11*x3/5000 - 16749*x11*x4/100000 - 12451*x11*x5/50000 - 6329*x11*x6/25000 + 44121*x11*x7/5000000 - 17043*x11*x8/100000 - 13951*x11*x9/100000 + 1117*x11/1000 + 1073*x12**2/100 - 1373*x12*x13/4000 + 30683*x12*x14/500000 - 97111*x12*x15/1000000 - 24587*x12*x16/100000 - 6767*x12*x17/50000 - 13121*x12*x2/50000 - 7061*x12*x3/50000 - 3679*x12*x4/12500 - 3671*x12*x5/20000 - 1803*x12*x6/5000 - 10407*x12*x7/100000 - 6383*x12*x8/50000 - 434*x12*x9/3125 + 1423*x12/1250 + 10713*x13**2/1000 - 34293*x13*x14/500000 - 781*x13*x15/6250 - 79051*x13*x16/1000000 - 8219*x13*x17/50000 - 3197*x13*x2/12500 - 25711*x13*x3/100000 - 21809*x13*x4/100000 - 10383*x13*x5/100000 - 4757*x13*x6/20000 - 19253*x13*x7/1000000 - 15337*x13*x8/100000 - 24403*x13*x9/250000 + 10289*x13/10000 + 2161*x14**2/200 - 35251*x14*x15/100000 + 18549*x14*x16/250000 - 7147*x14*x17/100000 - 10889*x14*x2/100000 - 74401*x14*x3/1000000 - 26877*x14*x4/500000 + 15633*x14*x5/500000 + 15869*x14*x6/200000 + 58501*x14*x7/1000000 - 55409*x14*x8/1000000 + 14427*x14*x9/500000 + 4817*x14/20000 + 5329*x15**2/500 - 2231*x15*x16/40000 - 10529*x15*x17/100000 - 1287*x15*x2/12500 - 1909*x15*x3/12500 - 3533*x15*x4/20000 + 14687*x15*x5/500000 - 5239*x15*x6/20000 - 51223*x15*x7/1000000 - 7737*x15*x8/125000 + 41339*x15*x9/1000000 + 65673*x15/100000 + 10771*x16**2/1000 - 31703*x16*x17/100000 - 669*x16*x2/12500 - 12819*x16*x3/100000 - 6487*x16*x4/50000 - 18301*x16*x5/100000 - 781*x16*x6/4000 - 39327*x16*x7/500000 - 58529*x16*x8/1000000 - 3817*x16*x9/25000 + 33939*x16/50000 + 10701*x17**2/1000 - 2919*x17*x2/12500 - 3213*x17*x3/12500 - 23953*x17*x4/100000 - 6337*x17*x5/50000 - 7049*x17*x6/25000 - 1941*x17*x7/40000 - 15447*x17*x8/100000 - 4829*x17*x9/62500 + 403*x17/400 + 5379*x2**2/500 - 8007*x2*x3/25000 - 30169*x2*x4/100000 - 33073*x2*x5/100000 - 11753*x2*x6/20000 - 4753*x2*x7/12500 - 8573*x2*x8/25000 - 20841*x2*x9/100000 + 2051*x2/1250 + 266*x3**2/25 - 21547*x3*x4/100000 - 10487*x3*x5/50000 - 28059*x3*x6/100000 - 807*x3*x7/40000 - 5461*x3*x8/50000 - 4079*x3*x9/25000 + 10289*x3/10000 + 10739*x4**2/1000 - 8433*x4*x5/25000 - 4303*x4*x6/12500 - 48401*x4*x7/1000000 - 4767*x4*x8/20000 - 1199*x4*x9/10000 + 10289*x4/10000 + 10709*x5**2/1000 - 47933*x5*x6/500000 + 17687*x5*x7/500000 - 4637*x5*x8/50000 - 5077*x5*x9/50000 + 89791*x5/100000 + 10767*x6**2/1000 + 13183*x6*x7/50000 - 22949*x6*x8/100000 - 22597*x6*x9/250000 + 6347*x6/5000 + 3509*x7**2/250 + 12841*x7*x8/2000000 + 26923*x7*x9/1000000 + 8819*x7/50000 + 2153*x8**2/200 - 1017*x8*x9/4000 + 20811*x8/25000 + 10749*x9**2/1000 + 65673*x9/100000 + 5473/500",
    "Q": "[[10.945894637014552, 0.3244031845449399, 0.41942628221886286, 0.08876990472194014, 0.637469211444434, 0.4486421526926465, 0.5111750654543402, 0.512505164195165, 0.8157643906698683, 0.4999651540587876, 0.3392983502528772, 0.3327416952415417, 0.12160522649269358, 0.5167218525613739, 0.5647186904129078, 0.5615441200061586, 0.21704697538311246, -0.5115336031423626], [0.3244031845449399, 10.748144932569794, -0.12811523551495704, 0.011670829049345162, -0.04853913490576166, -0.05025328948145804, -0.058575910822702665, -0.08357585832044247, -0.10846396358748939, -0.033999014006032835, -0.07050735294459133, 0.015997294795690762, 0.01345252827062547, -0.04996316522589047, -0.07347270889157125, -0.06458219645616552, -0.07493753927649038, -0.010254701805039183], [0.41942628221886286, -0.12811523551495704, 10.764499257549549, 0.0021783679813170004, -0.11631589326792319, -0.04421904812438744, -0.12442454946576796, -0.05383139223467044, -0.17307405583486152, -0.07422531779838812, -0.029463553470661246, -0.025949201997813066, -0.024842915889993114, -0.07246363548146353, -0.06088052960991188, -0.08401758556708257, -0.06710796234319896, 0.0710043937129015], [0.08876990472194014, 0.011670829049345162, 0.0021783679813170004, 14.035807665630324, 0.1310961076512491, 0.019471493939488483, -0.028355498061035687, -0.011118049638759763, -0.1888674640200266, -0.020265160251342913, -0.036312890447134503, -0.02886202860273034, 0.03033585269246601, -0.009571989329914302, -0.04706761484460398, 0.005505120250484922, -0.03467082496858342, 0.017406906426135727], [0.637469211444434, -0.04853913490576166, -0.11631589326792319, 0.1310961076512491, 10.767193655860316, -0.04278110653030236, -0.17345131061571092, -0.13615345487094271, -0.2969747359136247, -0.1393795509208102, -0.09539701897534182, -0.13174613687692863, 0.03523876654865681, -0.1169693721981971, -0.1820125990698605, -0.13116851718747122, -0.08161805556648027, 0.11955271182576094], [0.4486421526926465, -0.05025328948145804, -0.04421904812438744, 0.019471493939488483, -0.04278110653030236, 10.70873477015078, -0.17090153836579186, -0.1013565361139758, -0.16374870170098385, -0.06026430120237048, -0.08629615435492438, 0.017193078848086504, 0.012985689945375798, -0.054608692348616136, -0.0893628277626305, -0.12239117363645044, -0.054003173397855674, 0.04404930909132735], [0.5111750654543402, -0.058575910822702665, -0.12442454946576796, -0.028355498061035687, -0.17345131061571092, -0.17090153836579186, 10.738494686777065, -0.10975529695489913, -0.14769527712923317, -0.11899062689954075, -0.06407017374375143, -0.08730578996845648, -0.031392621792938225, -0.10379962810471405, -0.1436572158736971, -0.08676489341601541, -0.10515562725790085, 0.11578007090511097], [0.512505164195165, -0.08357585832044247, -0.05383139223467044, -0.011118049638759763, -0.13615345487094271, -0.1013565361139758, -0.10975529695489913, 10.639531192842233, -0.16515389059786992, -0.1281213966065172, -0.06846153010068642, -0.07499620856275019, -0.04124164632766722, -0.13375106488259622, -0.07391252799026504, -0.1556785974667766, -0.09385371775467036, 0.06422430061047556], [0.8157643906698683, -0.10846396358748939, -0.17307405583486152, -0.1888674640200266, -0.2969747359136247, -0.16374870170098385, -0.14769527712923317, -0.16515389059786992, 10.757623048614958, -0.11582814543278575, -0.02695273307267296, -0.054321152780191534, -0.05690358710369206, -0.1273794217157155, -0.1336594911882247, -0.18535748124588924, -0.029019138012157643, 0.15721173120934914], [0.4999651540587876, -0.033999014006032835, -0.07422531779838812, -0.020265160251342913, -0.1393795509208102, -0.06026430120237048, -0.11899062689954075, -0.1281213966065172, -0.11582814543278575, 10.699917482344361, -0.15890505104896227, -0.055724517850763135, -0.03632718107552739, -0.08190668327491386, -0.06755075580682464, -0.08724502734151904, -0.09484380856917683, 0.023105229667520006], [0.3392983502528772, -0.07050735294459133, -0.029463553470661246, -0.036312890447134503, -0.09539701897534182, -0.08629615435492438, -0.06407017374375143, -0.06846153010068642, -0.02695273307267296, -0.15890505104896227, 10.770703123087033, -0.03153075172104171, 0.0382461367523068, -0.04376126483930582, -0.12179885750485878, -0.06767675706239565, -0.028277831464440784, 0.0227592420297402], [0.3327416952415417, 0.015997294795690762, -0.025949201997813066, -0.02886202860273034, -0.13174613687692863, 0.017193078848086504, -0.08730578996845648, -0.07499620856275019, -0.054321152780191534, -0.055724517850763135, -0.03153075172104171, 10.657815070478978, -0.1762566674292246, -0.05859506403864049, -0.045513074432573145, -0.012878956553241718, -0.07802403509133331, -0.03480316230907626], [0.12160522649269358, 0.01345252827062547, -0.024842915889993114, 0.03033585269246601, 0.03523876654865681, 0.012985689945375798, -0.031392621792938225, -0.04124164632766722, -0.05690358710369206, -0.03632718107552739, 0.0382461367523068, -0.1762566674292246, 10.804704571822798, -0.03269514230340611, 0.0331576718417142, -0.02012564449901832, -0.034905479460958594, 0.023964734309523037], [0.5167218525613739, -0.04996316522589047, -0.07246363548146353, -0.009571989329914302, -0.1169693721981971, -0.054608692348616136, -0.10379962810471405, -0.13375106488259622, -0.1273794217157155, -0.08190668327491386, -0.04376126483930582, -0.05859506403864049, -0.03269514230340611, 10.712680613710821, -0.17561593533091874, -0.10223298471501828, -0.09574724524869872, 0.03835576162477828], [0.5647186904129078, -0.07347270889157125, -0.06088052960991188, -0.04706761484460398, -0.1820125990698605, -0.0893628277626305, -0.1436572158736971, -0.07391252799026504, -0.1336594911882247, -0.06755075580682464, -0.12179885750485878, -0.045513074432573145, 0.0331576718417142, -0.17561593533091874, 10.729542181773937, -0.0957594456576819, -0.05432062541195214, 0.08360462448004644], [0.5615441200061586, -0.06458219645616552, -0.08401758556708257, 0.005505120250484922, -0.13116851718747122, -0.12239117363645044, -0.08676489341601541, -0.1556785974667766, -0.18535748124588924, -0.08724502734151904, -0.06767675706239565, -0.012878956553241718, -0.02012564449901832, -0.10223298471501828, -0.0957594456576819, 10.69346606989675, -0.1267658932819571, 0.0743273289712595], [0.21704697538311246, -0.07493753927649038, -0.06710796234319896, -0.03467082496858342, -0.08161805556648027, -0.054003173397855674, -0.10515562725790085, -0.09385371775467036, -0.029019138012157643, -0.09484380856917683, -0.028277831464440784, -0.07802403509133331, -0.034905479460958594, -0.09574724524869872, -0.05432062541195214, -0.1267658932819571, 10.834368441252462, 0.09701859772290922], [-0.5115336031423626, -0.010254701805039183, 0.0710043937129015, 0.017406906426135727, 0.11955271182576094, 0.04404930909132735, 0.11578007090511097, 0.06422430061047556, 0.15721173120934914, 0.023105229667520006, 0.0227592420297402, -0.03480316230907626, 0.023964734309523037, 0.03835576162477828, 0.08360462448004644, 0.0743273289712595, 0.09701859772290922, 10.752905268780223]]",
    "monomial_list": "[1, x9, x8, x7, x6, x5, x4, x3, x2, x17, x16, x15, x14, x13, x12, x11, x10, x1]"
}