{
    "name": "Total Decomposition",
    "rational_expression": "377461*x1**4/10000 - 85313*x1**3*x2/20000 - 64381*x1**3*x3/12500 - 42863*x1**3*x4/10000 + 105973*x1**3/2000 + 132507*x1**2*x2**2/2000 + 49891*x1**2*x2*x3/25000 + 195733*x1**2*x2*x4/100000 + 102449*x1**2*x2/2000 + 657297*x1**2*x3**2/10000 + 104679*x1**2*x3*x4/50000 + 515257*x1**2*x3/10000 + 26409*x1**2*x4**2/400 + 530389*x1**2*x4/10000 + 15587*x1**2/125 - 479919*x1*x2**3/100000 + 137717*x1*x2**2*x3/100000 + 191819*x1*x2**2*x4/100000 + 528909*x1*x2**2/10000 + 128409*x1*x2*x3**2/100000 - 161171*x1*x2*x3*x4/2000000 + 935909*x1*x2*x3/100000 + 138091*x1*x2*x4**2/100000 + 12999*x1*x2*x4/1250 + 18157*x1*x2/400 - 230833*x1*x3**3/50000 + 213581*x1*x3**2*x4/100000 + 266049*x1*x3**2/5000 + 87739*x1*x3*x4**2/50000 + 29401*x1*x3*x4/2500 + 206681*x1*x3/5000 - 438171*x1*x4**3/100000 + 112147*x1*x4**2/2000 + 22011*x1*x4/2000 - 125119*x1/5000 + 37781*x2**4/1000 - 265201*x2**3*x3/50000 - 455813*x2**3*x4/100000 + 543997*x2**3/10000 + 657467*x2**2*x3**2/10000 + 43403*x2**2*x3*x4/25000 + 106407*x2**2*x3/2000 + 661777*x2**2*x4**2/10000 + 106111*x2**2*x4/2000 + 873*x2**2/8 - 43153*x2*x3**3/10000 + 88431*x2*x3**2*x4/50000 + 270491*x2*x3**2/5000 + 209377*x2*x3*x4**2/100000 + 55753*x2*x3*x4/5000 + 92001*x2*x3/5000 - 81459*x2*x4**3/20000 + 549211*x2*x4**2/10000 + 8369*x2*x4/1250 + 16407*x2/1250 + 2967*x3**4/80 - 208809*x3**3*x4/50000 + 528759*x3**3/10000 + 661133*x3**2*x4**2/10000 + 540103*x3**2*x4/10000 + 2267*x3**2/20 - 93033*x3*x4**3/20000 + 111251*x3*x4**2/2000 + 70011*x3*x4/50000 - 93307*x3/2500 + 95341*x4**4/2500 + 274091*x4**3/5000 + 890153*x4**2/10000 + 219553*x4/5000 + 1026/5",
    "Q": "[[205.2004711971478, 22.056322635260297, -18.586611903647448, 6.537432968905491, -12.486587297288455, 1.8881914310665733, -19.336522607603502, -18.2994466951664, -15.850432264372786, 9.24617393131284, -15.999837874435126, -10.637505419857222, 9.708409073122342, -6.079758847915364, 13.76166384947674], [22.056322635260297, 85.32954062538666, 19.945844276768042, 21.604487229471825, 21.331304552933506, 27.41757483193725, 10.415673404619008, 10.775430499170708, 10.048674280360828, 12.944821652781211, -0.43470111563833885, -0.9070010808004699, 13.990831745573457, -0.4418321714278737, 13.404027788450753], [-18.586611903647448, 19.945844276768042, 94.84648143031555, 25.198565830546457, 31.31952522313617, 17.31446748076255, 14.053007383876581, 4.524905078773523, 3.25237671993903, 26.461763830341482, 13.050799847500633, 11.879453613175157, 14.799331726312433, 1.1348382168684643, 13.519979992041543], [6.537432968905491, 21.604487229471825, 25.198565830546457, 89.84159387023483, 28.884211460131077, 16.633531436433938, 1.5390619060577493, 12.56013541160618, 1.3950536267393026, 13.968800614401257, 11.804721999297074, 0.45410393698980084, 27.18855189865667, 10.659827009985369, 14.37456550438306], [-12.486587297288455, 21.331304552933506, 31.31952522313617, 28.884211460131077, 97.22539751731776, 17.967577030095015, 3.530938878801489, 4.283825684835396, 13.092248008079743, 14.733723391747839, 3.0630170465151982, 12.219364496559653, 15.806583169048162, 11.258512153125672, 26.475033261210964], [1.8881914310665733, 27.41757483193725, 17.31446748076255, 16.633531436433938, 17.967577030095015, 38.136648769970016, -2.337039625768186, -2.0388635314870656, -2.196846712228932, 8.781157039539206, 0.9535466935277944, 0.5748126556482945, 9.143734146293541, 0.5212547972998414, 8.781607900202442], [-19.336522607603502, 10.415673404619008, 14.053007383876581, 1.5390619060577493, 3.530938878801489, -2.337039625768186, 48.518805845719854, 0.09317889965289106, 0.2923522050364949, -2.100358789029461, 0.03158694103595134, 0.06085175828418422, 0.7550473998166289, -0.40323192497633925, 0.7047640962548912], [-18.2994466951664, 10.775430499170708, 4.524905078773523, 12.56013541160618, 4.283825684835396, -2.0388635314870656, 0.09317889965289106, 47.91373520920944, 0.15762394359035484, 0.8424438719655833, 0.13882912859768698, -0.06797944973336714, -2.2949222015647224, -0.22884904421572852, 1.003636486488311], [-15.850432264372786, 10.048674280360828, 3.25237671993903, 1.3950536267393026, 13.092248008079743, -2.196846712228932, 0.2923522050364949, 0.15762394359035484, 48.44508838524418, 0.9822309093223749, 0.4712113747096841, 0.3231456344238283, 1.189193686473884, -0.024336299563385042, -2.1539163382614146], [9.24617393131284, 12.944821652781211, 26.461763830341482, 13.968800614401257, 14.733723391747839, 8.781157039539206, -2.100358789029461, 0.8424438719655833, 0.9822309093223749, 37.10317907505701, -2.1381592610976, -2.304805537510069, 8.60229289279786, 0.746563790819931, 8.56400226841964], [-15.999837874435126, -0.43470111563833885, 13.050799847500633, 11.804721999297074, 3.0630170465151982, 0.9535466935277944, 0.03158694103595134, 0.13882912859768698, 0.4712113747096841, -2.1381592610976, 48.55098796364477, -0.11212247192666484, -2.6791702929146974, -0.10484568534420362, 0.8844066578825817], [-10.637505419857222, -0.9070010808004699, 11.879453613175157, 0.45410393698980084, 12.219364496559653, 0.5748126556482945, 0.06085175828418422, -0.06797944973336714, 0.3231456344238283, -2.304805537510069, -0.11212247192666484, 48.609105798261005, 0.7846056794397287, 0.12737162931533083, -2.5708840771602937], [9.708409073122342, 13.990831745573457, 14.799331726312433, 27.18855189865667, 15.806583169048162, 9.143734146293541, 0.7550473998166289, -2.2949222015647224, 1.189193686473884, 8.60229289279786, -2.6791702929146974, 0.7846056794397287, 37.7958892241159, -2.413886466438825, 8.978972310083568], [-6.079758847915364, -0.4418321714278737, 1.1348382168684643, 10.659827009985369, 11.258512153125672, 0.5212547972998414, -0.40323192497633925, -0.22884904421572852, -0.024336299563385042, 0.746563790819931, -0.10484568534420362, 0.12737162931533083, -2.413886466438825, 48.31095652350619, -2.1154847367205654], [13.76166384947674, 13.404027788450753, 13.519979992041543, 14.37456550438306, 26.475033261210964, 8.781607900202442, 0.7047640962548912, 1.003636486488311, -2.1539163382614146, 8.56400226841964, 0.8844066578825817, -2.5708840771602937, 8.978972310083568, -2.1154847367205654, 37.727643624523296]]",
    "monomial_list": "[1, x4, x3, x2, x1, x4**2, x3*x4, x2*x4, x1*x4, x3**2, x2*x3, x1*x3, x2**2, x1*x2, x1**2]"
}