{
    "name": "Total Decomposition",
    "rational_expression": "12529*x1**4/2000 + 50083*x1**3*x2/10000 - 11119*x1**3/10000 + 13521*x1**2*x2**2/1000 + 63389*x1**2*x2/100000 + 3309*x1**2/200 + 25911*x1*x2**3/10000 - 54847*x1*x2**2/10000 - 28109*x1*x2/10000 + 37733*x1/5000 + 43987*x2**4/5000 + 14611*x2**3/10000 + 99*x2**2/8 - 15147*x2/5000 + 15787/1000",
    "Q": "[[15.787057213958295, -1.51632352391326, 3.7750270504424357, 1.7504867733170868, 0.04905105777410805, 2.495046473140162], [-1.51632352391326, 8.870790918717733, -1.4549969830709129, 0.7267334444548357, -1.3174758387942593, 0.060181755731198154], [3.7750270504424357, -1.4549969830709129, 11.5573202282304, -1.424467335234441, 0.2558356042215416, -0.5547893473233658], [1.7504867733170868, 0.7267334444548357, -1.424467335234441, 8.794590773914637, 1.2987109702932926, 1.51093365575167], [0.04905105777410805, -1.3174758387942593, 0.2558356042215416, 1.2987109702932926, 10.500664100717923, 2.501926645513819], [2.495046473140162, 0.060181755731198154, -0.5547893473233658, 1.51093365575167, 2.501926645513819, 6.263328044850357]]",
    "monomial_list": "[1, x2, x1, x2**2, x1*x2, x1**2]"
}