{
    "name": "Multiplier-6",
    "rational_expression": "94163*x1**2/10000 + 10047*x1*x2/500 + 26523*x1*x3/1000 + 8551*x1*x4/250 + 12223*x1*x5/500 + 4111*x1*x6/2000 + 26281*x1/1000 + 31431*x2**2/1000 + 93347*x2*x3/1000 + 95969*x2*x4/1000 + 14837*x2*x5/250 + 50457*x2*x6/10000 + 2821*x2/100 + 41993*x3**2/500 + 8013*x3*x4/50 + 1003*x3*x5/10 + 92401*x3*x6/10000 + 21467*x3/500 + 40739*x4**2/500 + 2083*x4*x5/20 + 3959*x4*x6/500 + 24701*x4/500 + 17417*x5**2/500 + 10937*x5*x6/2500 + 1409*x5/40 + 19063*x6**2/10000 + 17277*x6/10000 + 10559/500",
    "Q": "[[21.14412625484029, 0.8638889665188223, 17.629808134101214, 24.71596532404039, 21.485819312798903, 14.10690601477725, 13.143194116194742], [0.8638889665188223, 1.9074942604094856, 2.1877745779224527, 3.9585995367308007, 4.6210430522210775, 2.5216630176016057, 1.0283296431874314], [17.629808134101214, 2.1877745779224527, 34.832176305557724, 52.07544996039472, 50.15330603585148, 29.67779829878363, 12.21054325784323], [24.71596532404039, 3.9585995367308007, 52.07544996039472, 81.47098311217484, 80.13249558105731, 47.9903193742623, 17.076205878492974], [21.485819312798903, 4.6210430522210775, 50.15330603585148, 80.13249558105731, 83.9984564067142, 46.68632045451599, 13.241821840238684], [14.10690601477725, 2.5216630176016057, 29.67779829878363, 47.9903193742623, 46.68632045451599, 31.438765085087667, 10.028635735465071], [13.143194116194742, 1.0283296431874314, 12.21054325784323, 17.076205878492974, 13.241821840238684, 10.028635735465071, 9.409463807875715]]",
    "monomial_list": "[1, x6, x5, x4, x3, x2, x1]"
}