{
    "name": "Multiplier-5",
    "rational_expression": "46227*x1**2/5000 + 2102*x1*x2/125 + 21997*x1*x3/1000 + 3639*x1*x4/125 + 4201*x1*x5/200 + 13591*x1*x6/10000 + 3359*x1/125 + 14297*x2**2/500 + 16757*x2*x3/200 + 10777*x2*x4/125 + 51949*x2*x5/1000 + 44249*x2*x6/10000 + 11403*x2/500 + 37321*x3**2/500 + 7147*x3*x4/50 + 21889*x3*x5/250 + 78231*x3*x6/10000 + 34563*x3/1000 + 14571*x4**2/200 + 91727*x4*x5/1000 + 35043*x4*x6/5000 + 40737*x4/1000 + 30849*x5**2/1000 + 18577*x5*x6/5000 + 29247*x5/1000 + 1039*x6**2/1000 + 46943*x6/50000 + 11179/500",
    "Q": "[[22.35849979107578, 0.48017237072655355, 14.622387777421583, 20.359675430093425, 17.2729224470909, 11.408879073863726, 13.427662993327392], [0.48017237072655355, 1.0426839316494252, 1.8661137269731876, 3.520197629158143, 3.925418329737292, 2.220419648232829, 0.6857424556822141], [14.622387777421583, 1.8661137269731876, 30.871701333313133, 45.87694217763084, 43.78303248029915, 25.99309915321331, 10.501492258277649], [20.359675430093425, 3.520197629158143, 45.87694217763084, 72.84748178536564, 71.4519302980038, 43.11808799467695, 14.551921944929813], [17.2729224470909, 3.925418329737292, 43.78303248029915, 71.4519302980038, 74.62182724226216, 41.89662442392673, 10.995985348838575], [11.408879073863726, 2.220419648232829, 25.99309915321331, 43.11808799467695, 41.89662442392673, 28.60618463022236, 8.413303072643265], [13.427662993327392, 0.6857424556822141, 10.501492258277649, 14.551921944929813, 10.995985348838575, 8.413303072643265, 9.23409889627959]]",
    "monomial_list": "[1, x6, x5, x4, x3, x2, x1]"
}