{
    "name": "Multiplier-1",
    "rational_expression": "2021*x1**2/200 + 12207*x1*x2/1000 + 3293*x1*x3/250 + 2113*x1*x4/100 + 16149*x1*x5/1000 + 14359*x1*x6/10000 + 20803*x1/1000 + 27339*x2**2/1000 + 79253*x2*x3/1000 + 80129*x2*x4/1000 + 48031*x2*x5/1000 + 18371*x2*x6/5000 + 3087*x2/200 + 37151*x3**2/500 + 3412*x3*x4/25 + 41267*x3*x5/500 + 16107*x3*x6/2500 + 17981*x3/1000 + 8589*x4**2/125 + 42407*x4*x5/500 + 31217*x4*x6/5000 + 7159*x4/250 + 7333*x5**2/250 + 34727*x5*x6/10000 + 26599*x5/1000 + 21689*x6**2/10000 + 19607*x6/50000 + 4897/250",
    "Q": "[[19.58845292672368, 0.18888977602784773, 13.30460628255118, 14.320626435040632, 8.999562639823946, 7.723437353047388, 10.408451384683497], [0.18888977602784773, 2.1687486656321995, 1.731401549861347, 3.117427022848379, 3.2180516069968936, 1.8328431157249565, 0.7127791823995068], [13.30460628255118, 1.731401549861347, 29.362160263379526, 42.44046300476751, 41.29414136110534, 24.019783057570237, 8.076359749072063], [14.320626435040632, 3.117427022848379, 42.44046300476751, 68.75925099027712, 68.26992720713567, 40.06451853346804, 10.562078876119633], [8.999562639823946, 3.2180516069968936, 41.29414136110534, 68.26992720713567, 74.30896361571921, 39.61286563709905, 6.580627897974395], [7.723437353047388, 1.8328431157249565, 24.019783057570237, 40.06451853346804, 39.61286563709905, 27.32206264282522, 6.101679962412491], [10.408451384683497, 0.7127791823995068, 8.076359749072063, 10.562078876119633, 6.580627897974395, 6.101679962412491, 10.112050834364938]]",
    "monomial_list": "[1, x6, x5, x4, x3, x2, x1]"
}