{
    "name": "Multiplier-4",
    "rational_expression": "70711*x1**2/10000 + 14117*x1*x2/1000 + 2211*x1*x3/125 + 24423*x1*x4/1000 + 4421*x1*x5/250 + 13409*x1*x6/10000 + 1871*x1/100 + 3312*x2**2/125 + 78257*x2*x3/1000 + 10008*x2*x4/125 + 12263*x2*x5/250 + 8417*x2*x6/2000 + 3591*x2/200 + 35227*x3**2/500 + 1339*x3*x4/10 + 41627*x3*x5/500 + 18871*x3*x6/2500 + 26461*x3/1000 + 68149*x4**2/1000 + 86*x4*x5 + 33853*x4*x6/5000 + 8177*x4/250 + 28701*x5**2/1000 + 38147*x5*x6/10000 + 23417*x5/1000 + 11523*x6**2/10000 + 49059*x6/100000 + 14801/1000",
    "Q": "[[14.799403648473083, 0.24702649767688364, 11.706938036129717, 16.353129941167563, 13.22468956500812, 8.98072674690064, 9.355264933700147], [0.24702649767688364, 1.155191867843069, 1.909445724009537, 3.3920357479265215, 3.7800248576109023, 2.105883761656092, 0.6731749334687634], [11.706938036129717, 1.909445724009537, 28.697931570613815, 42.998728440107676, 41.618875355488356, 24.510116823133, 8.83834421751859], [16.353129941167563, 3.3920357479265215, 42.998728440107676, 68.15948834556276, 66.95068429077249, 40.01377338804714, 12.209956748614594], [13.22468956500812, 3.7800248576109023, 41.618875355488356, 66.95068429077249, 70.44742714308485, 39.10062778810518, 8.837599601526644], [8.98072674690064, 2.105883761656092, 24.510116823133, 40.01377338804714, 39.10062778810518, 26.47127601096888, 7.059783405069175], [9.355264933700147, 0.6731749334687634, 8.83834421751859, 12.209956748614594, 8.837599601526644, 7.059783405069175, 7.073510209488209]]",
    "monomial_list": "[1, x6, x5, x4, x3, x2, x1]"
}