{
    "name": "Multiplier-2",
    "rational_expression": "13803*x1**2/2000 + 2437*x1*x2/200 + 7187*x1*x3/500 + 10601*x1*x4/500 + 15881*x1*x5/1000 + 46903*x1*x6/50000 + 9353*x1/500 + 24989*x2**2/1000 + 17391*x2*x3/250 + 289*x2*x4/4 + 21613*x2*x5/500 + 35081*x2*x6/10000 + 1874*x2/125 + 16661*x3**2/250 + 12521*x3*x4/100 + 78181*x3*x5/1000 + 33183*x3*x6/5000 + 2271*x3/100 + 31441*x4**2/500 + 79939*x4*x5/1000 + 59853*x4*x6/10000 + 7241*x4/250 + 6677*x5**2/250 + 33417*x5*x6/10000 + 22067*x5/1000 + 10619*x6**2/12500 + 40941*x6/100000 + 7307/500",
    "Q": "[[14.61408201919348, 0.21115608332404015, 11.034139356523355, 14.480807788545452, 11.357001976922346, 7.501376121508961, 9.347566180268146], [0.21115608332404015, 0.8506761455846262, 1.67538357425793, 3.000018469978505, 3.3250494485795095, 1.7571383524985613, 0.4733094753708746], [11.034139356523355, 1.67538357425793, 26.71636573700546, 39.96903814683938, 39.09698160675523, 21.613137226218488, 7.925106266644574], [14.480807788545452, 3.000018469978505, 39.96903814683938, 62.85863096395924, 62.59453685346389, 36.11150000457183, 10.575270360754107], [11.357001976922346, 3.3250494485795095, 39.09698160675523, 62.59453685346389, 66.64785996329397, 34.77348227035939, 7.165270536333912], [7.501376121508961, 1.7571383524985613, 21.613137226218488, 36.11150000457183, 34.77348227035939, 24.98196162275742, 6.082136374376449], [9.347566180268146, 0.4733094753708746, 7.925106266644574, 10.575270360754107, 7.165270536333912, 6.082136374376449, 6.893947054506773]]",
    "monomial_list": "[1, x6, x5, x4, x3, x2, x1]"
}