{
    "name": "Total Decomposition",
    "rational_expression": "499*x1**4/1000 - 151*x1**3*x2/2500 - 201*x1**3/500 + 163*x1**2*x2**2/200 - 623*x1**2*x2/1000 + 173*x1**2/250 - 93*x1*x2**3/5000 - 337*x1*x2**2/1000 - 127*x1*x2/1000 - 77*x1/200 + 453*x2**4/1000 - 623*x2**3/1000 + 477*x2**2/1000 - 287*x2/500 + 909/1000",
    "Q": "[[0.9085739280276257, -0.2870916074713346, -0.19300717730773478, -0.15017718824535997, -0.1545020125706784, -0.015121312339796354], [-0.2870916074713346, 0.7763885250011618, 0.09122792746995134, -0.31138843713451514, -0.0943249330291656, -0.14492490539517489], [-0.19300717730773478, 0.09122792746995134, 0.7229405123511288, -0.07391466765604404, -0.16692326686254977, -0.2007226820179002], [-0.15017718824535997, -0.31138843713451514, -0.07391466765604404, 0.4539768397010928, -0.00957967347779611, 0.07626155752367618], [-0.1545020125706784, -0.0943249330291656, -0.16692326686254977, -0.00957967347779611, 0.6629172970260278, -0.03001960174183629], [-0.015121312339796354, -0.14492490539517489, -0.2007226820179002, 0.07626155752367618, -0.03001960174183629, 0.4988201620047996]]",
    "monomial_list": "[1, x2, x1, x2**2, x1*x2, x1**2]"
}