{
    "name": "Multiplier-1",
    "rational_expression": "193*x1**2/400 + 151*x1*x2/1000 + 303*x1*x3/2500 + 179*x1*x4/1250 + 4213*x1*x5/50000 + 123*x1*x6/1000 + 6519*x1*x7/100000 + 257*x1/20000 + 3237*x2**2/5000 + 157*x2*x3/1250 + 1661*x2*x4/10000 + 1541*x2*x5/10000 - 1631*x2*x6/10000 - 107*x2*x7/2500 + 161*x2/500 + 4523*x3**2/10000 + 1181*x3*x4/10000 + 239*x3*x5/2000 + 4551*x3*x6/50000 + 1067*x3*x7/10000 + 2147*x3/10000 + 2283*x4**2/5000 + 1253*x4*x5/10000 + 53*x4*x6/800 + 9029*x4*x7/100000 + 196*x4/625 + 4667*x5**2/10000 + 521*x5*x6/20000 + 3*x5*x7/25 + 4941*x5/10000 + 1117*x6**2/2000 + 953*x6*x7/5000 - 603*x6/20000 + 4899*x7**2/10000 + 4897*x7/10000 + 537/250",
    "Q": "[[2.147583480860632, 0.2458071962418777, -0.015991275239502417, 0.24661677943650936, 0.15665735091240784, 0.10732898342725081, 0.16205297233326973, 0.006963050235663445], [0.2458071962418777, 0.4904854447123959, 0.09544859315322904, 0.05994051342988421, 0.045125013340885534, 0.05330856409071935, -0.02125117013779261, 0.03261329462608678], [-0.015991275239502417, 0.09544859315322904, 0.558106895201763, 0.012845820903296319, 0.03311925031246466, 0.045543636931359474, -0.08147368024179438, 0.06151251265213405], [0.24661677943650936, 0.05994051342988421, 0.012845820903296319, 0.46707052388633175, 0.0628000040378775, 0.059924610970283815, 0.07724417899010383, 0.042129306296333324], [0.15665735091240784, 0.045125013340885534, 0.03311925031246466, 0.0628000040378775, 0.4566507993777389, 0.05915318124134379, 0.08301585721989237, 0.07177505436011669], [0.10732898342725081, 0.05330856409071935, 0.045543636931359474, 0.059924610970283815, 0.05915318124134379, 0.45198353443304135, 0.06281762472544238, 0.0607748969143201], [0.16205297233326973, -0.02125117013779261, -0.08147368024179438, 0.07724417899010383, 0.08301585721989237, 0.06281762472544238, 0.6474309609426053, 0.0757318088872212], [0.006963050235663445, 0.03261329462608678, 0.06151251265213405, 0.042129306296333324, 0.07177505436011669, 0.0607748969143201, 0.0757318088872212, 0.4828328157189408]]",
    "monomial_list": "[1, x7, x6, x5, x4, x3, x2, x1]"
}