{
    "name": "Total Decomposition",
    "rational_expression": "253*x1**4/500 + 3*x1**3*x2/8 + 103*x1**3/250 + 101*x1**2*x2**2/250 - 291*x1**2*x2/1000 + 521*x1**2/1000 + 181*x1*x2**3/1000 - 63*x1*x2**2/1000 - 683*x1*x2/10000 - 21*x1/200 + 131*x2**4/1000 + 67*x2**3/500 + 427*x2**2/1000 - 359*x2/10000 + 59/125",
    "Q": "[[0.4720365966227974, -0.017714277768076915, -0.05225094317713128, -0.02553267395510396, -0.01263260871162427, -0.04183345443356159], [-0.017714277768076915, 0.4772890934219145, -0.021556852056233297, 0.06676464419221247, 0.004764034379063338, -0.11397489905053255], [-0.05225094317713128, -0.021556852056233297, 0.6053491175842424, -0.03623976337331157, -0.031745479109268365, 0.2057967195767534], [-0.02553267395510396, 0.06676464419221247, -0.03623976337331157, 0.1309295648765938, 0.09070562013683947, -0.028168493884285786], [-0.01263260871162427, 0.004764034379063338, -0.031745479109268365, 0.09070562013683947, 0.4607298530424726, 0.18743364193863143], [-0.04183345443356159, -0.11397489905053255, 0.2057967195767534, -0.028168493884285786, 0.18743364193863143, 0.5065134615929222]]",
    "monomial_list": "[1, x2, x1, x2**2, x1*x2, x1**2]"
}