{
    "name": "Total Decomposition",
    "rational_expression": "9501*x1**4/10000 + 2699*x1**3*x2/100000 + 223*x1**3/100 + 889*x1**2*x2**2/500 + 1337*x1**2*x2/500 + 2377*x1**2/1000 + 663*x1*x2**3/25000 + 487*x1*x2**2/250 - 599*x1*x2/200 + 6799*x1/100000 + 331*x2**4/400 + 2213*x2**3/1000 + 6063*x2**2/1000 - 907*x2/250 + 309/100",
    "Q": "[[3.0902026362665027, -1.812714782967053, 0.03528730719698347, -0.04760293532518426, -0.9885354582983018, -0.4780366802994209], [-1.812714782967053, 6.154771586864959, -0.5082880725531536, 1.1095637122965458, 1.0762494007165397, 0.6669776540285086], [0.03528730719698347, -0.5082880725531536, 3.335232100520449, -0.09989928503396761, 0.6681123111718837, 1.1162520920992174], [-0.04760293532518426, 1.1095637122965458, -0.09989928503396761, 0.8288086036734358, 0.01427071444907702, 0.0023994596854600148], [-0.9885354582983018, 1.0762494007165397, 0.6681123111718837, 0.01427071444907702, 1.7746277122598824, 0.014270714449082983], [-0.4780366802994209, 0.6669776540285086, 1.1162520920992174, 0.0023994596854600148, 0.014270714449082983, 0.9506180279676933]]",
    "monomial_list": "[1, x2, x1, x2**2, x1*x2, x1**2]"
}