{
    "name": "Total Decomposition",
    "rational_expression": "5201*x1**4/10000 - 481*x1**3*x2/20000 - 97*x1**3*x3/4000 - 6641*x1**3/10000 + 4189*x1**2*x2**2/10000 - 2839*x1**2*x2*x3/100000 - 2013*x1**2*x2/10000 + 419*x1**2*x3**2/1000 - 2013*x1**2*x3/10000 + 328*x1**2/125 - 3301*x1*x2**3/500000 + 49*x1*x2**2*x3/8000 - 6813*x1*x2**2/10000 + 1239*x1*x2*x3**2/200000 - 209*x1*x2*x3/1000 + 1749*x1*x2/100000 - 847*x1*x3**3/125000 - 6813*x1*x3**2/10000 + 157*x1*x3/12500 - 3151*x1/5000 + 651*x2**4/50000 - 2139*x2**3*x3/2500000 - 637*x2**3/2500 + 77*x2**2*x3**2/3125 - 583*x2**2*x3/2500 + 2853*x2**2/1000 - 1103*x2*x3**3/1250000 - 583*x2*x3**2/2500 - 1189*x2*x3/12500 + 237*x2/2000 + 1303*x3**4/100000 - 637*x3**3/2500 + 2853*x3**2/1000 + 237*x3/2000 + 2693/1000",
    "Q": "[[2.6929176993965167, 0.06049163667925648, 0.06049163669820962, -0.3156263141240219, 0.008069994487353292, -0.040858347951668046, -0.08921883666333764, 0.008069994426873214, -0.08921883663024278, 0.6198945103768818], [0.06049163667925648, 2.836902105244026, -0.006132122916405212, 0.09622247949244628, -0.12678457154334374, -0.12066783463514287, -0.33646288126982243, 0.0023638741821671062, -0.04871253336751888, -0.05250468268095708], [0.06049163669820962, -0.006132122916405212, 2.836902105960931, 0.09622247956487502, 0.002363874337492118, -0.12066783465214093, -0.0487125334627271, -0.1267845717446482, -0.33646288125195295, -0.05250468269361454], [-0.3156263141240219, 0.09622247949244628, 0.09622247956487502, 1.3851931719230082, -0.004156311870361207, -0.00784339498007588, -0.04963441247922364, -0.004156311871628377, -0.04963441247218189, -0.3324151104473079], [0.008069994487353292, -0.12678457154334374, 0.002363874337492118, -0.004156311870361207, 0.012929276690151498, -0.0003591612980467113, -0.0033180847036580457, -9.984591122775714e-05, 0.0022789998298076617, 0.006175464975360128], [-0.040858347951668046, -0.12066783463514287, -0.12066783465214093, -0.00784339498007588, -0.0003591612980467113, 0.025102118198284694, 0.0010608920777798049, -0.00035916128775045843, 0.0010608920715926332, -0.007756487812714224], [-0.08921883666333764, -0.33646288126982243, -0.0487125334627271, -0.04963441247922364, -0.0033180847036580457, 0.0010608920777798049, 0.40639281577049735, 0.0022789998364237604, -0.0064071194347271685, -0.01193358759492499], [0.008069994426873214, 0.0023638741821671062, -0.1267845717446482, -0.004156311871628377, -9.984591122775714e-05, -0.00035916128775045843, 0.0022789998364237604, 0.01292927670768071, -0.0033180847026768705, 0.006175464967413707], [-0.08921883663024278, -0.04871253336751888, -0.33646288125195295, -0.04963441247218189, 0.0022789998298076617, 0.0010608920715926332, -0.0064071194347271685, -0.0033180847026768705, 0.4063928157613376, -0.01193358759172184], [0.6198945103768818, -0.05250468268095708, -0.05250468269361454, -0.3324151104473079, 0.006175464975360128, -0.007756487812714224, -0.01193358759492499, 0.006175464967413707, -0.01193358759172184, 0.520165770728402]]",
    "monomial_list": "[1, x3, x2, x1, x3**2, x2*x3, x1*x3, x2**2, x1*x2, x1**2]"
}