{
    "name": "Total Decomposition",
    "rational_expression": "5201*x1**4/10000 - 2431*x1**3*x2/100000 - 97*x1**3*x3/4000 - 6641*x1**3/10000 + 419*x1**2*x2**2/1000 - 2839*x1**2*x2*x3/100000 - 2013*x1**2*x2/10000 + 419*x1**2*x3**2/1000 - 2013*x1**2*x3/10000 + 328*x1**2/125 - 3301*x1*x2**3/500000 + 49*x1*x2**2*x3/8000 - 6813*x1*x2**2/10000 + 1239*x1*x2*x3**2/200000 - 209*x1*x2*x3/1000 + 1749*x1*x2/100000 - 847*x1*x3**3/125000 - 6813*x1*x3**2/10000 + 157*x1*x3/12500 - 3151*x1/5000 + 651*x2**4/50000 - 2139*x2**3*x3/2500000 - 637*x2**3/2500 + 77*x2**2*x3**2/3125 - 583*x2**2*x3/2500 + 2853*x2**2/1000 - 1103*x2*x3**3/1250000 - 583*x2*x3**2/2500 - 1189*x2*x3/12500 + 237*x2/2000 + 1303*x3**4/100000 - 637*x3**3/2500 + 2853*x3**2/1000 + 237*x3/2000 + 2693/1000",
    "Q": "[[2.693189109799596, 0.060497260112701984, 0.060497260175729144, -0.3156520805391711, 0.008070845789001847, -0.040862547863718963, -0.08922766063056423, 0.008070845782699976, -0.08922766067473023, 0.6199506556736659], [0.060497260112701984, 2.8371149320503766, -0.00613035720523057, 0.09623109901677186, -0.12679409698250382, -0.12067689436660545, -0.33648759529494154, 0.0023639542992393418, -0.04871666974345994, -0.052509041231382926], [0.060497260175729144, -0.00613035720523057, 2.8371149315346544, 0.0962310989134396, 0.002363954498523272, -0.1206768943843295, -0.04871666969033603, -0.12679409711531597, -0.3364875952948443, -0.052509041213728354], [-0.3156520805391711, 0.09623109901677186, 0.0962310989134396, 1.3852929091449344, -0.0041566831301859284, -0.007844015453526641, -0.04963810381472669, -0.004156683168219203, -0.04963810382779888, -0.33244093737678865], [0.008070845789001847, -0.12679409698250382, 0.002363954498523272, -0.0041566831301859284, 0.012930242529270077, -0.00035917535224251775, -0.003318363600060361, -9.985264328449783e-05, 0.002279174817460239, 0.006176010480936002], [-0.040862547863718963, -0.12067689436660545, -0.1206768943843295, -0.007844015453526641, -0.00035917535224251775, 0.025103976820488517, 0.0010609905004048054, -0.0003591753442230595, 0.0010609905039667103, -0.007757253713886142], [-0.08922766063056423, -0.33648759529494154, -0.04871666969033603, -0.04963810381472669, -0.003318363600060361, 0.0010609905004048054, 0.40642332122269176, 0.0022791748160359395, -0.006407375229723747, -0.011934557227719182], [0.008070845782699976, 0.0023639542992393418, -0.12679409711531597, -0.004156683168219203, -9.985264328449783e-05, -0.0003591753442230595, 0.0022791748160359395, 0.012930242542179638, -0.0033183635994779846, 0.006176010492745194], [-0.08922766067473023, -0.04871666974345994, -0.3364875952948443, -0.04963810382779888, 0.002279174817460239, 0.0010609905039667103, -0.006407375229723747, -0.0033183635994779846, 0.40642332121437585, -0.01193455723237052], [0.6199506556736659, -0.052509041231382926, -0.052509041213728354, -0.33244093737678865, 0.006176010480936002, -0.007757253713886142, -0.011934557227719182, 0.006176010492745194, -0.01193455723237052, 0.5202046998054229]]",
    "monomial_list": "[1, x3, x2, x1, x3**2, x2*x3, x1*x3, x2**2, x1*x2, x1**2]"
}