{
    "name": "Total Decomposition",
    "rational_expression": "559*x1**4/2000 + 1507*x1**3*x2/5000 - 7647*x1**3/10000 + 11*x1**2*x2**2/10 - 5993*x1**2*x2/10000 + 413*x1**2/200 - 299*x1*x2**3/10000 - 3741*x1*x2**2/5000 - 166*x1*x2/625 - 1001*x1/10000 + 4837*x2**4/5000 - 1137*x2**3/2500 + 23*x2**2/8 - 5709*x2/10000 + 313/125",
    "Q": "[[2.503898867177017, -0.28561985329725637, -0.05002932878871444, 0.6245514102152946, -0.06558428681557799, 0.08980613962899425], [-0.28561985329725637, 1.6277678312119308, -0.06709473062166567, -0.22680340436425442, -0.20216155670378547, -0.03465945241147592], [-0.05002932878871444, -0.06709473062166567, 1.8841274134953332, -0.17270569561342847, -0.2648977472537753, -0.3824076703930351], [0.6245514102152946, -0.22680340436425442, -0.17270569561342847, 0.9677549988852593, -0.01535963487910241, 0.04786848467325872], [-0.06558428681557799, -0.20216155670378547, -0.2648977472537753, -0.01535963487910241, 1.004220247734755, 0.1505153641362699], [0.08980613962899425, -0.03465945241147592, -0.3824076703930351, 0.04786848467325872, 0.1505153641362699, 0.2795136513408638]]",
    "monomial_list": "[1, x2, x1, x2**2, x1*x2, x1**2]"
}