{
    "name": "Total Decomposition",
    "rational_expression": "4491*x1**4/10000 - 3553*x1**3*x2/100000 - 713*x1**3*x3/20000 - 234*x1**3/625 + 1511*x1**2*x2**2/2000 - 3753*x1**2*x2*x3/500000 - 3327*x1**2*x2/10000 + 7551*x1**2*x3**2/10000 - 831*x1**2*x3/2500 + 3307*x1**2/10000 - 3517*x1*x2**3/100000 - 3871*x1*x2**2*x3/500000 - 333*x1*x2**2/1000 - 903*x1*x2*x3**2/125000 + 1109*x1*x2*x3/50000 - 981*x1*x2/50000 - 881*x1*x3**3/25000 - 831*x1*x3**2/2500 - 1917*x1*x3/100000 - 4053*x1/10000 + 4497*x2**4/10000 - 3521*x2**3*x3/100000 - 3753*x2**3/10000 + 7547*x2**2*x3**2/10000 - 1663*x2**2*x3/5000 + 827*x2**2/2500 - 3529*x2*x3**3/100000 - 3321*x2*x3**2/10000 - 1917*x2*x3/100000 - 4053*x2/10000 + 561*x3**4/1250 - 937*x3**3/2500 + 3307*x3**2/10000 - 4053*x3/10000 + 21/20",
    "Q": "[[1.0501247644399645, -0.20292950104254942, -0.20292950104254986, -0.20292950104255067, -0.12969195219919671, -0.08318984942535268, -0.08318984942535301, -0.12969195219919605, -0.08318984942535272, -0.1296919521991965], [-0.20292950104254942, 0.5910520820509665, 0.07328940647552928, 0.07328940647552945, -0.1874096537219791, -0.09506027238497053, -0.09506027238497149, -0.07116843626207398, 0.003709987077532347, -0.0711684362620749], [-0.20292950104254986, 0.07328940647552928, 0.5910520820509634, 0.07328940647552877, -0.07116843626207252, -0.09506027238497118, 0.0037099870775332954, -0.1874096537219789, -0.09506027238497018, -0.0711684362620739], [-0.20292950104255067, 0.07328940647552945, 0.07328940647552877, 0.5910520820509638, -0.07116843626207339, 0.0037099870775334485, -0.09506027238497186, -0.07116843626207298, -0.09506027238497099, -0.18740965372197882], [-0.12969195219919671, -0.1874096537219791, -0.07116843626207252, -0.07116843626207339, 0.44901013197543005, -0.017537004710091696, -0.017537004710091793, 0.0860167414210772, 0.010305357999726457, 0.08601674142107797], [-0.08318984942535268, -0.09506027238497053, -0.09506027238497118, 0.0037099870775334485, -0.017537004710091696, 0.5828302565355056, -0.014015345077259319, -0.01753700471009161, -0.01401534507726019, 0.01030535799972664], [-0.08318984942535301, -0.09506027238497149, 0.0037099870775332954, -0.09506027238497186, -0.017537004710091793, -0.014015345077259319, 0.582830256535507, 0.010305357999726728, -0.014015345077260277, -0.017537004710092317], [-0.12969195219919605, -0.07116843626207398, -0.1874096537219789, -0.07116843626207298, 0.0860167414210772, -0.01753700471009161, 0.010305357999726728, 0.4490101319754296, -0.017537004710091175, 0.08601674142107758], [-0.08318984942535272, 0.003709987077532347, -0.09506027238497018, -0.09506027238497099, 0.010305357999726457, -0.01401534507726019, -0.014015345077260277, -0.017537004710091175, 0.5828302565355064, -0.0175370047100909], [-0.1296919521991965, -0.0711684362620749, -0.0711684362620739, -0.18740965372197882, 0.08601674142107797, 0.01030535799972664, -0.017537004710092317, 0.08601674142107758, -0.0175370047100909, 0.4490101319754301]]",
    "monomial_list": "[1, x3, x2, x1, x3**2, x2*x3, x1*x3, x2**2, x1*x2, x1**2]"
}