{
    "name": "Total Decomposition",
    "rational_expression": "481*x1**4/1000 - 3681*x1**3*x2/100000 - 3733*x1**3*x3/100000 - 1003*x1**3/2500 + 81*x1**2*x2**2/100 - 867*x1**2*x2*x3/125000 - 3567*x1**2*x2/10000 + 8093*x1**2*x3**2/10000 - 1783*x1**2*x3/5000 + 887*x1**2/2500 - 231*x1*x2**3/6250 - 6783*x1*x2**2*x3/1000000 - 3569*x1*x2**2/10000 - 3613*x1*x2*x3**2/500000 + 1047*x1*x2*x3/50000 - 89*x1*x2/4000 - 3759*x1*x3**3/100000 - 3561*x1*x3**2/10000 - 2257*x1*x3/100000 - 4349*x1/10000 + 4817*x2**4/10000 - 3737*x2**3*x3/100000 - 401*x2**3/1000 + 506*x2**2*x3**2/625 - 1783*x2**2*x3/5000 + 443*x2**2/1250 - 3741*x2*x3**3/100000 - 3561*x2*x3**2/10000 - 2257*x2*x3/100000 - 4349*x2/10000 + 4817*x3**4/10000 - 4011*x3**3/10000 + 1773*x3**2/5000 - 4349*x3/10000 + 1169/1000",
    "Q": "[[1.1686309575974887, -0.2172420703604655, -0.21724207036046628, -0.21724207036046556, -0.14162966602883098, -0.0922485217629931, -0.09224852176299378, -0.1416296660288312, -0.09224852176299315, -0.14162966602883081], [-0.2172420703604655, 0.6376423382286495, 0.08099101919963649, 0.08099101919963603, -0.20077201106312204, -0.10122598148879457, -0.101225981488793, -0.07725801504055459, 0.0035048675905019334, -0.07725801504055559], [-0.21724207036046628, 0.08099101919963649, 0.6376423382286501, 0.08099101919963665, -0.07725801504055502, -0.10122598148879385, 0.003504867590501997, -0.20077201106312292, -0.10122598148879396, -0.07725801504055474], [-0.21724207036046556, 0.08099101919963603, 0.08099101919963665, 0.6376423382286497, -0.07725801504055413, 0.0035048675905021425, -0.10122598148879437, -0.07725801504055538, -0.10122598148879375, -0.20077201106312334], [-0.14162966602883098, -0.20077201106312204, -0.07725801504055502, -0.07725801504055413, 0.48164515674694475, -0.01841368343368292, -0.018413683433682753, 0.09194091252451779, 0.010619490753343173, 0.09194091252451729], [-0.0922485217629931, -0.10122598148879457, -0.10122598148879385, 0.0035048675905021425, -0.01841368343368292, 0.6262238999651822, -0.0141243583438466, -0.018413683433682517, -0.014124358343846845, 0.010619490753343917], [-0.09224852176299378, -0.101225981488793, 0.003504867590501997, -0.10122598148879437, -0.018413683433682753, -0.0141243583438466, 0.6262238999651822, 0.010619490753344027, -0.014124358343846274, -0.01841368343368291], [-0.1416296660288312, -0.07725801504055459, -0.20077201106312292, -0.07725801504055538, 0.09194091252451779, -0.018413683433682517, 0.010619490753344027, 0.48164515674694497, -0.018413683433683322, 0.09194091252451769], [-0.09224852176299315, 0.0035048675905019334, -0.10122598148879396, -0.10122598148879375, 0.010619490753343173, -0.014124358343846845, -0.014124358343846274, -0.018413683433683322, 0.6262238999651826, -0.018413683433682746], [-0.14162966602883081, -0.07725801504055559, -0.07725801504055474, -0.20077201106312334, 0.09194091252451729, 0.010619490753343917, -0.01841368343368291, 0.09194091252451769, -0.018413683433682746, 0.48164515674694464]]",
    "monomial_list": "[1, x3, x2, x1, x3**2, x2*x3, x1*x3, x2**2, x1*x2, x1**2]"
}