{
    "name": "Total Decomposition",
    "rational_expression": "219*x1**4/10000 + 377*x1**3*x2/100000 + 291*x1**3/100000 + 871*x1**2*x2**2/100000 - 23*x1**2*x2/20000 + 101*x1**2/1000 + 913*x1*x2**3/1000000 + 17*x1*x2**2/10000 + 487*x1*x2/50000 + 39*x1/100000 + 123*x2**4/100000 + 3*x2**3/2000 + 23*x2**2/2500 - 39*x2/100000 + 49/500",
    "Q": "[[0.09820629673976422, -0.00020926094428021363, 0.00015131892688217762, -0.005411904493156917, 0.0005311238281440436, 0.0054495331593740785], [-0.00020926094428021363, 0.02005247791381401, 0.004392304117521976, 0.0007450649881031986, 0.000697569922752073, -0.0007403126949429116], [0.00015131892688217762, 0.004392304117521976, 0.08966727029728479, 0.00018949043893655516, 0.00012186451227024613, 0.0014806946321422854], [-0.005411904493156917, 0.0007450649881031986, 0.00018949043893655516, 0.0013795347483187878, 0.0005311247159066328, -0.0014402045684591429], [0.0005311238281440436, 0.000697569922752073, 0.00012186451227024613, 0.0005311247159066328, 0.011304033511401882, 0.0018084602083113122], [0.0054495331593740785, -0.0007403126949429116, 0.0014806946321422854, -0.0014402045684591429, 0.0018084602083113122, 0.022260715772085965]]",
    "monomial_list": "[1, x2, x1, x2**2, x1*x2, x1**2]"
}