{
    "name": "Total Decomposition",
    "rational_expression": "37*x1**4/1250 + 57*x1**3*x2/5000 - 97*x1**3/50000 + 13*x1**2*x2**2/1250 + 51*x1**2*x2/5000 + 109*x1**2/1000 + 43*x1*x2**3/20000 + 253*x1*x2**2/100000 + 111*x1*x2/5000 - 13*x1/12500 + 103*x2**4/100000 - 209*x2**3/100000 + 23*x2**2/3125 + 749*x2/100000 + 13/125",
    "Q": "[[0.10400185640706576, 0.0037342669856159647, -0.0005572883704906537, -0.004902311554501249, 0.0012495849179175048, 0.00761252512274481], [0.0037342669856159647, 0.017556146279937995, 0.010109163618577038, -0.001056305901886159, 0.000788414212589023, 0.002970441143991622], [-0.0005572883704906537, 0.010109163618577038, 0.09372381503316422, 0.00046835869528968064, 0.0021715388078318585, -0.00093546861428273], [-0.004902311554501249, -0.001056305901886159, 0.00046835869528968064, 0.0011520971762039051, 0.0012666342003671935, -0.0019492013389971353], [0.0012495849179175048, 0.000788414212589023, 0.0021715388078318585, 0.0012666342003671935, 0.013678804550719964, 0.0050721956439021025], [0.00761252512274481, 0.002970441143991622, -0.00093546861428273, -0.0019492013389971353, 0.0050721956439021025, 0.0298129844906853]]",
    "monomial_list": "[1, x2, x1, x2**2, x1*x2, x1**2]"
}