{
    "name": "Total Decomposition",
    "rational_expression": "67*x1**4/500 - 3*x1**3/10 + 177*x1**2*x2**2/1000 + 19*x1**2/625 - 77*x1*x2**2/200 + 193*x1/1000 + 233*x2**4/2500 - 7*x2**2/500 + 529/1000",
    "Q": "[[0.5292821825763445, -7.922286481575139e-18, 0.09633245562637453, -0.10958635548128957, -1.301267742002389e-20, -0.13788443684977558], [-7.922286481575139e-18, 0.2047567521164356, 5.1602591965989175e-17, 1.980581159316424e-18, -0.12599682892842062, 9.405873720552273e-18], [0.09633245562637453, 5.1602591965989175e-17, 0.30665872675621736, -0.06640540145495422, -2.42400949303924e-17, -0.15012355287725507], [-0.10958635548128957, 1.980581159316424e-18, -0.06640540145495422, 0.09353959977479237, -1.1980291086060033e-18, 0.022841073912153717], [-1.301267742002389e-20, -0.12599682892842062, -2.42400949303924e-17, -1.1980291086060033e-18, 0.13045356945732875, -4.282260724122701e-18], [-0.13788443684977558, 9.405873720552273e-18, -0.15012355287725507, 0.022841073912153717, -4.282260724122701e-18, 0.13458448880825416]]",
    "monomial_list": "[1, x2, x1, x2**2, x1*x2, x1**2]"
}