{
    "name": "Total Decomposition",
    "rational_expression": "43991*x1**4/50000 + 2897*x1**3*x2/20000 - 13677*x1**3/2000 + 6941*x1**2*x2**2/5000 - 36193*x1**2*x2/10000 + 64*x1**2/5 + 14421*x1*x2**3/100000 - 41173*x1*x2**2/10000 + 14653*x1*x2/10000 + 3007*x1/500 + 25387*x2**4/50000 - 12813*x2**3/10000 + 12367*x2**2/1000 + 1121*x2/1000 + 1839/200",
    "Q": "[[9.194591641748753, 0.5617470060131554, 3.0098230041630676, 0.673356741242947, -1.0084581145701113, -1.0183821252525698], [0.5617470060131554, 11.025215791160322, 1.7479316114361314, -0.6404887276153631, -1.9632627499287418, -0.5654332378641145], [3.0098230041630676, 1.7479316114361314, 14.844256544787802, -0.09627793090066583, -1.2443801271529942, -3.4202626753841368], [0.673356741242947, -0.6404887276153631, -0.09627793090066583, 0.5084874437603586, 0.0720873122768765, -0.027931869374979906], [-1.0084581145701113, -1.9632627499287418, -1.2443801271529942, 0.0720873122768765, 1.4438936364122628, 0.0720873036873267], [-1.0183821252525698, -0.5654332378641145, -3.4202626753841368, -0.027931869374979906, 0.0720873036873267, 0.8795424107906111]]",
    "monomial_list": "[1, x2, x1, x2**2, x1*x2, x1**2]"
}