{
    "name": "Total Decomposition",
    "rational_expression": "10247*x1**4/10000 + 16159*x1**3*x2/100000 - 15911*x1**3/2000 + 1623*x1**2*x2**2/1000 - 20989*x1**2*x2/5000 + 7427*x1**2/500 + 3289*x1*x2**3/20000 - 47983*x1*x2**2/10000 + 948*x1*x2/625 + 73843*x1/10000 + 5913*x2**4/10000 - 944*x2**3/625 + 7001*x2**2/500 + 16551*x2/10000 + 10609/1000",
    "Q": "[[10.609452568907834, 0.8312102294380216, 3.6921177150981928, 0.7260186596718251, -1.2398405572203794, -1.2114128426663748], [0.8312102294380216, 12.559756129875122, 2.002710048929989, -0.7589397385097612, -2.2668270715895074, -0.6484643281293733], [3.6921177150981928, 2.002710048929989, 17.272785566114454, -0.1205286771109497, -1.4564577523496405, -3.978609058394516], [0.7260186596718251, -0.7589397385097612, -0.1205286771109497, 0.5924245222332548, 0.08205650187045996, -0.028500622119111817], [-1.2398405572203794, -2.2668270715895074, -1.4564577523496405, 0.08205650187045996, 1.6741850322499565, 0.0820564920815136], [-1.2114128426663748, -0.6484643281293733, -3.978609058394516, -0.028500622119111817, 0.0820564920815136, 1.0247592142281827]]",
    "monomial_list": "[1, x2, x1, x2**2, x1*x2, x1**2]"
}