{
    "name": "Total Decomposition",
    "rational_expression": "10921*x1**4/2000 + 17501*x1**3*x2/10000 - 62939*x1**3/10000 + 65971*x1**2*x2**2/10000 - 791*x1**2*x2/625 - 21613*x1**2/10000 - 42151*x1*x2**3/10000 + 90399*x1*x2**2/100000 - 7449*x1*x2/500 + 1971*x1/500 + 2749*x2**4/625 - 40437*x2**3/10000 + 24781*x2**2/2500 - 6459*x2/500 + 15161/1000",
    "Q": "[[15.160828686343928, -6.454460589124348, 1.9666411746163002, 0.5145502436865387, -4.947383137111528, -4.446911719493627], [-6.454460589124348, 8.878011402053263, -2.503960245434481, -2.0234207533207162, 0.6484291438178932, 1.2580765840987078], [1.9666411746163002, -2.503960245434481, 6.723181908455116, -0.19329028501261097, -1.8876080066841627, -3.1471604164245544], [0.5145502436865387, -2.0234207533207162, -0.19329028501261097, 4.399616251008508, -2.105839418815289, -0.3253535408732047], [-4.947383137111528, 0.6484291438178932, -1.8876080066841627, -2.105839418815289, 7.243944183616848, 0.8772919155650889], [-4.446911719493627, 1.2580765840987078, -3.1471604164245544, -0.3253535408732047, 0.8772919155650889, 5.464230924275948]]",
    "monomial_list": "[1, x2, x1, x2**2, x1*x2, x1**2]"
}