{
    "name": "Total Decomposition",
    "rational_expression": "831*x1**4/500 - 2663*x1**3*x2/10000 + 231*x1**3/2000 + 437*x1**2*x2**2/200 + 2401*x1**2*x2/10000 + 1861*x1**2/1000 - 142*x1*x2**3/625 + 2471*x1*x2**2/25000 - 429*x1*x2/2000 + 117*x1/1000 + 1007*x2**4/1000 + 2807*x2**3/10000 + 13*x2**2/10 + 157*x2/500 + 581/1000",
    "Q": "[ 5.81e-01  1.57e-01  5.87e-02  1.60e-02 -4.36e-02  1.43e-01]\n[ 1.57e-01  1.27e+00 -6.43e-02  1.40e-01  7.04e-03  1.43e-01]\n[ 5.87e-02 -6.43e-02  1.57e+00  4.22e-02 -2.33e-02  5.84e-02]\n[ 1.60e-02  1.40e-01  4.22e-02  1.01e+00 -1.13e-01  3.36e-01]\n[-4.36e-02  7.04e-03 -2.33e-02 -1.13e-01  1.51e+00 -1.33e-01]\n[ 1.43e-01  1.43e-01  5.84e-02  3.36e-01 -1.33e-01  1.66e+00]",
    "monomial_list": "[1, x2, x1, x2**2, x1*x2, x1**2]"
}