{
    "name": "Multiplier-5",
    "rational_expression": "19009*x1**2/1000 - 8579*x1*x10/25000 - 15869*x1*x11/50000 - 6557*x1*x12/20000 - 41499*x1*x13/100000 - 33681*x1*x14/100000 - 7309*x1*x15/20000 - 32903*x1*x2/100000 - 4421*x1*x3/12500 - 1223*x1*x4/4000 - 78047*x1*x5/100000 - 30439*x1*x6/100000 - 19989*x1*x7/50000 - 7257*x1*x8/20000 - 16111*x1*x9/50000 + 97551*x1/100000 + 19001*x10**2/1000 - 1527*x10*x11/4000 - 711*x10*x12/2000 - 19969*x10*x13/50000 - 4549*x10*x14/12500 - 35237*x10*x15/100000 - 31473*x10*x2/100000 - 19079*x10*x3/50000 - 20723*x10*x4/50000 - 92327*x10*x5/100000 - 16799*x10*x6/50000 - 39069*x10*x7/100000 - 3141*x10*x8/10000 - 39297*x10*x9/100000 + 11637*x10/10000 + 19003*x11**2/1000 - 17989*x11*x12/50000 - 44741*x11*x13/100000 - 37007*x11*x14/100000 - 39987*x11*x15/100000 - 40247*x11*x2/100000 - 35049*x11*x3/100000 - 33843*x11*x4/100000 - 45943*x11*x5/50000 - 853*x11*x6/2500 - 21993*x11*x7/50000 - 8063*x11*x8/20000 - 9019*x11*x9/25000 + 45607*x11/50000 + 4761*x12**2/250 - 24613*x12*x13/50000 - 8419*x12*x14/25000 - 40567*x12*x15/100000 - 40913*x12*x2/100000 - 31589*x12*x3/100000 - 6799*x12*x4/20000 - 45927*x12*x5/50000 - 2701*x12*x6/10000 - 48379*x12*x7/100000 - 40957*x12*x8/100000 - 1136*x12*x9/3125 + 19659*x12/25000 + 2367*x13**2/125 - 4207*x13*x14/10000 - 1388*x13*x15/3125 - 9197*x13*x2/25000 - 3001*x13*x3/6250 - 48279*x13*x4/100000 - 2121*x13*x5/2000 - 9577*x13*x6/20000 - 41343*x13*x7/100000 - 41249*x13*x8/100000 - 1851*x13*x9/4000 + 14479*x13/10000 + 9501*x14**2/500 - 40123*x14*x15/100000 - 3651*x14*x2/10000 - 4393*x14*x3/12500 - 6789*x14*x4/20000 - 18417*x14*x5/20000 - 8569*x14*x6/25000 - 40221*x14*x7/100000 - 7311*x14*x8/20000 - 9019*x14*x9/25000 + 45607*x14/50000 + 18973*x15**2/1000 - 34581*x15*x2/100000 - 41507*x15*x3/100000 - 8223*x15*x4/20000 - 96711*x15*x5/100000 - 20453*x15*x6/50000 - 8499*x15*x7/20000 - 34849*x15*x8/100000 - 4293*x15*x9/10000 + 12271*x15/10000 + 3801*x2**2/200 - 2057*x2*x3/5000 - 22513*x2*x4/50000 - 97269*x2*x5/100000 - 40627*x2*x6/100000 - 4269*x2*x7/12500 - 15089*x2*x8/50000 - 19371*x2*x9/50000 + 14153*x2/10000 + 9503*x3**2/500 - 33881*x3*x4/100000 - 91829*x3*x5/100000 - 17167*x3*x6/50000 - 1771*x3*x7/4000 - 20317*x3*x8/50000 - 9039*x3*x9/25000 + 84973*x3/100000 + 3819*x4**2/200 - 17327*x4*x5/20000 - 16127*x4*x6/50000 - 23659*x4*x7/50000 - 1617*x4*x8/3125 - 15119*x4*x9/50000 + 18819*x4/100000 + 23913*x5**2/1000 - 2884*x5*x6/3125 - 5063*x5*x7/5000 - 98883*x5*x8/100000 - 8817*x5*x9/10000 - 1421*x5/5000 + 4759*x6**2/250 - 48379*x6*x7/100000 - 40957*x6*x8/100000 - 1136*x6*x9/3125 + 19659*x6/25000 + 18957*x7**2/1000 - 37481*x7*x8/100000 - 10611*x7*x9/25000 + 14479*x7/10000 + 18999*x8**2/1000 - 45927*x8*x9/100000 + 8027*x8/5000 + 19031*x9**2/1000 + 34613*x9/50000 + 15731/1000",
    "Q": "[[15.73113914395953, 0.3513892325732494, 0.8005774480093574, 0.7169887497815385, 0.3954307347877661, -0.13700584075453728, 0.09026556232057793, 0.43251853818413705, 0.7095145195022923, 0.6097111086211101, 0.462845417374985, 0.7231495275498464, 0.3971302679911873, 0.4518049955012121, 0.583453820248216, 0.4902556043321864], [0.3513892325732494, 19.030452889346094, -0.22594151889644648, -0.21743670993102598, -0.17634540802193804, -0.44971767708018434, -0.15089408388161804, -0.18120052783720964, -0.1958551755293847, -0.2053516885352136, -0.1767745789683563, -0.2240154682757089, -0.17584135517855165, -0.17854703986092024, -0.19031688315993486, -0.1532615107838042], [0.8005774480093574, -0.22594151889644648, 18.999254320104896, -0.1862521427311696, -0.19609019962626864, -0.4948521593856331, -0.25557735486799354, -0.20119748568704285, -0.14529449957555207, -0.1799078083997105, -0.18984252281264324, -0.1990590795943521, -0.19635169042552372, -0.19721515084134247, -0.1576014495817297, -0.18693724596635303], [0.7169887497815385, -0.21743670993102598, -0.1862521427311696, 18.956130010841434, -0.2334308138037592, -0.5057817271423062, -0.2360640997756515, -0.2261335932070174, -0.17343110615836665, -0.204093452741218, -0.21013469991650768, -0.21296035171276237, -0.23321484424767439, -0.21437936352166392, -0.1923033885984969, -0.19385142292532043], [0.3954307347877661, -0.17634540802193804, -0.19609019962626864, -0.2334308138037592, 19.03604936265523, -0.45683945327431263, -0.16167561045505602, -0.16551738389924409, -0.20583272073104433, -0.19838714888221373, -0.17017733406126592, -0.2307390290092099, -0.1351797229359771, -0.17909059050900816, -0.1777416189722464, -0.16065152611621816], [-0.13700584075453728, -0.44971767708018434, -0.4948521593856331, -0.5057817271423062, -0.45683945327431263, 23.912658751172962, -0.4268781020415329, -0.47064339147033485, -0.47688826883675267, -0.4868217029582473, -0.4655433991936852, -0.5239777123019501, -0.4535939688232198, -0.45895072674890675, -0.47310351132260625, -0.389178055021807], [0.09026556232057793, -0.15089408388161804, -0.25557735486799354, -0.2360640997756515, -0.16167561045505602, -0.4268781020415329, 19.094284106799005, -0.1698471916073811, -0.23394005917145347, -0.21219505053033422, -0.17708383199747435, -0.2361780945179087, -0.1620985524736293, -0.17101338875986116, -0.20815517305028025, -0.15473581258963678], [0.43251853818413705, -0.18120052783720964, -0.20119748568704285, -0.2261335932070174, -0.16551738389924409, -0.47064339147033485, -0.1698471916073811, 19.00660934081008, -0.2025858824329353, -0.20375564232665072, -0.1794772486412968, -0.23612294242560028, -0.16198240659193994, -0.1842557787984727, -0.1861518947626044, -0.16762633256807216], [0.7095145195022923, -0.1958551755293847, -0.14529449957555207, -0.17343110615836665, -0.20583272073104433, -0.47688826883675267, -0.23394005917145347, -0.2025858824329353, 19.004917148734272, -0.17732011226713487, -0.1855023276455042, -0.18610358627144435, -0.20965473740449828, -0.19247801220018673, -0.15512156427955676, -0.17130946967903996], [0.6097111086211101, -0.2053516885352136, -0.1799078083997105, -0.204093452741218, -0.19838714888221373, -0.4868217029582473, -0.21219505053033422, -0.20375564232665072, -0.17732011226713487, 18.97269994211618, -0.19939041395559734, -0.21608440754475008, -0.19712181877093446, -0.20096003707926272, -0.1828678415758234, -0.18407220894927231], [0.462845417374985, -0.1767745789683563, -0.18984252281264324, -0.21013469991650768, -0.17017733406126592, -0.4655433991936852, -0.17708383199747435, -0.1794772486412968, -0.1855023276455042, -0.19939041395559734, 19.002742574645264, -0.217839068807264, -0.17041043278747095, -0.1813834636795549, -0.17785471961204455, -0.1624611302794429], [0.7231495275498464, -0.2240154682757089, -0.1990590795943521, -0.21296035171276237, -0.2307390290092099, -0.5239777123019501, -0.2361780945179087, -0.23612294242560028, -0.18610358627144435, -0.21608440754475008, -0.217839068807264, 18.935634804057273, -0.23994819441630327, -0.22224997332339297, -0.1984701184806303, -0.1995462793968093], [0.3971302679911873, -0.17584135517855165, -0.19635169042552372, -0.23321484424767439, -0.1351797229359771, -0.4535939688232198, -0.1620985524736293, -0.16198240659193994, -0.20965473740449828, -0.19712181877093446, -0.17041043278747095, -0.23994819441630327, 19.043395016875408, -0.17681583001693973, -0.1807288811771565, -0.16193640283670171], [0.4518049955012121, -0.17854703986092024, -0.19721515084134247, -0.21437936352166392, -0.17909059050900816, -0.45895072674890675, -0.17101338875986116, -0.1842557787984727, -0.19247801220018673, -0.20096003707926272, -0.1813834636795549, -0.22224997332339297, -0.17681583001693973, 19.002395025455268, -0.19450212860596194, -0.16292793678870934], [0.583453820248216, -0.19031688315993486, -0.1576014495817297, -0.1923033885984969, -0.1777416189722464, -0.47310351132260625, -0.20815517305028025, -0.1861518947626044, -0.15512156427955676, -0.1828678415758234, -0.17785471961204455, -0.1984701184806303, -0.1807288811771565, -0.19450212860596194, 19.001752207803374, -0.16671102745557875], [0.4902556043321864, -0.1532615107838042, -0.18693724596635303, -0.19385142292532043, -0.16065152611621816, -0.389178055021807, -0.15473581258963678, -0.16762633256807216, -0.17130946967903996, -0.18407220894927231, -0.1624611302794429, -0.1995462793968093, -0.16193640283670171, -0.16292793678870934, -0.16671102745557875, 19.00896245356391]]",
    "monomial_list": "[1, x9, x8, x7, x6, x5, x4, x3, x2, x15, x14, x13, x12, x11, x10, x1]"
}