{
    "name": "Multiplier-7",
    "rational_expression": "18979*x1**2/1000 - 36321*x1*x10/100000 - 4713*x1*x11/12500 - 18631*x1*x12/50000 - 45893*x1*x13/100000 - 36629*x1*x14/100000 - 8643*x1*x15/20000 - 39309*x1*x2/100000 - 39461*x1*x3/100000 - 36709*x1*x4/100000 - 20863*x1*x5/50000 - 1579*x1*x6/4000 - 21907*x1*x7/25000 - 41863*x1*x8/100000 - 18317*x1*x9/50000 + 12719*x1/10000 + 759*x10**2/40 - 43991*x10*x11/100000 - 21993*x10*x12/50000 - 11089*x10*x13/25000 - 39393*x10*x14/100000 - 41989*x10*x15/100000 - 34121*x10*x2/100000 - 21139*x10*x3/50000 - 21753*x10*x4/50000 - 8867*x10*x5/20000 - 8533*x10*x6/20000 - 10173*x10*x7/10000 - 37289*x10*x8/100000 - 43723*x10*x9/100000 + 697*x10/500 + 2371*x11**2/125 - 807*x11*x12/2000 - 9813*x11*x13/20000 - 7979*x11*x14/20000 - 46481*x11*x15/100000 - 10677*x11*x2/25000 - 21433*x11*x3/50000 - 40167*x11*x4/100000 - 49039*x11*x5/100000 - 43051*x11*x6/100000 - 1271*x11*x7/1250 - 45943*x11*x8/100000 - 20319*x11*x9/50000 + 12109*x11/10000 + 1903*x12**2/100 - 56593*x12*x13/100000 - 1323*x12*x14/3125 - 9131*x12*x15/20000 - 399*x12*x2/800 - 37391*x12*x3/100000 - 1917*x12*x4/5000 - 48289*x12*x5/100000 - 8251*x12*x6/25000 - 48567*x12*x7/50000 - 8939*x12*x8/20000 - 42573*x12*x9/100000 + 4541*x12/6250 + 1889*x13**2/100 - 6341*x13*x14/12500 - 4907*x13*x15/10000 - 10213*x13*x2/25000 - 27187*x13*x3/50000 - 521*x13*x4/1000 - 25923*x13*x5/50000 - 56017*x13*x6/100000 - 1441*x13*x7/1250 - 571*x13*x8/1250 - 3071*x13*x9/6250 + 31*x13/16 + 18973*x14**2/1000 - 11661*x14*x15/25000 - 42867*x14*x2/100000 - 1721*x14*x3/4000 - 40329*x14*x4/100000 - 9081*x14*x5/20000 - 19637*x14*x6/50000 - 5089*x14*x7/5000 - 4213*x14*x8/10000 - 20319*x14*x9/50000 + 12109*x14/10000 + 9469*x15**2/500 - 20269*x15*x2/50000 - 22619*x15*x3/50000 - 23279*x15*x4/50000 - 11781*x15*x5/25000 - 46007*x15*x6/100000 - 2657*x15*x7/2500 - 4041*x15*x8/10000 - 23531*x15*x9/50000 + 15141*x15/10000 + 9491*x2**2/500 - 44369*x2*x3/100000 - 45747*x2*x4/100000 - 41931*x2*x5/100000 - 24609*x2*x6/50000 - 10641*x2*x7/10000 - 35197*x2*x8/100000 - 8429*x2*x9/20000 + 17877*x2/10000 + 18973*x3**2/1000 - 2031*x3*x4/5000 - 9951*x3*x5/20000 - 19757*x3*x6/50000 - 10171*x3*x7/10000 - 23289*x3*x8/50000 - 41117*x3*x9/100000 + 2727*x3/2500 + 9511*x4**2/500 - 13517*x4*x5/25000 - 35991*x4*x6/100000 - 96933*x4*x7/100000 - 25357*x4*x8/50000 - 37599*x4*x9/100000 + 5149*x4/5000 + 18931*x5**2/1000 - 12317*x5*x6/25000 - 5539*x5*x7/5000 - 4943*x5*x8/12500 - 25111*x5*x9/50000 + 16657*x5/10000 + 19021*x6**2/1000 - 48567*x6*x7/50000 - 8939*x6*x8/20000 - 42573*x6*x9/100000 + 4541*x6/6250 + 23833*x7**2/1000 - 5203*x7*x8/5000 - 2041*x7*x9/2000 + 90589*x7/1000000 + 18979*x8**2/1000 - 10093*x8*x9/20000 + 16047*x8/10000 + 2373*x9**2/125 + 12109*x9/10000 + 3029/200",
    "Q": "[[15.145441886858984, 0.6071709830923637, 0.8040715114910664, 0.04252475822800504, 0.3607477034349499, 0.8320663276596153, 0.5114471276230397, 0.551471034041437, 0.8879129995924954, 0.7512518799827277, 0.6039513979567871, 0.9641433238917928, 0.36177932054234113, 0.6085836257174674, 0.6927013517839108, 0.636583862956854], [0.6071709830923637, 18.98478499795057, -0.24368198661402138, -0.5037652689537502, -0.20798222303685324, -0.24873981706933937, -0.18323788159834078, -0.2085000654171498, -0.21354184185684147, -0.22829681429093973, -0.20197429906166173, -0.2512156890220481, -0.2081047801381325, -0.2061146628740271, -0.21246580984663527, -0.18003175418423029], [0.8040715114910664, -0.24368198661402138, 18.978785473953806, -0.5285221916766653, -0.23279001898749116, -0.20373031715840495, -0.25225325679864263, -0.22963718407671904, -0.17101611903607444, -0.20930787571725837, -0.21635026219213968, -0.22996864028206307, -0.23265227378503323, -0.2223090418200466, -0.1863151547665728, -0.20969664941282087], [0.04252475822800504, -0.5037652689537502, -0.5285221916766653, 23.833125266357726, -0.49222238463617723, -0.5453162710252895, -0.48972047660163076, -0.5191108370352074, -0.5253022037786791, -0.5366236783716074, -0.5116043736099335, -0.5845265445148174, -0.4892876788188804, -0.5063253856167897, -0.516210229049102, -0.43302168059118695], [0.3607477034349499, -0.20798222303685324, -0.23279001898749116, -0.49222238463617723, 19.021415294244072, -0.2509692677952591, -0.18586094075277246, -0.19471993298157558, -0.24445649938316108, -0.23395197985594743, -0.20179012416987574, -0.2762482092655453, -0.15710895610287515, -0.210114863405822, -0.21224266873339218, -0.18848982799834849], [0.8320663276596153, -0.24873981706933937, -0.20373031715840495, -0.5453162710252895, -0.2509692677952591, 18.931262344858823, -0.2727272653246744, -0.2515503770565133, -0.20127969405684365, -0.23197899946573958, -0.23571034554832607, -0.25022922982199486, -0.25087360987542145, -0.24107242621627384, -0.21626639316519175, -0.2180796577970765], [0.5114471276230397, -0.18323788159834078, -0.25225325679864263, -0.48972047660163076, -0.18586094075277246, -0.2727272653246744, 19.02246604499579, -0.19430623913832482, -0.23568804660870596, -0.2275805990571432, -0.1959839361393911, -0.2563440381347582, -0.18723246790173984, -0.19644387421728843, -0.2181310330863198, -0.17881633091860197], [0.551471034041437, -0.2085000654171498, -0.22963718407671904, -0.5191108370352074, -0.19471993298157558, -0.2515503770565133, -0.19430623913832482, 18.974239211670927, -0.22844873305365038, -0.23439367033101485, -0.20693977063848432, -0.27130785097541604, -0.1913161633913919, -0.21247641914357698, -0.21400052518085452, -0.19339296556373584], [0.8879129995924954, -0.21354184185684147, -0.17101611903607444, -0.5253022037786791, -0.24445649938316108, -0.20127969405684365, -0.23568804660870596, -0.22844873305365038, 18.98163050122372, -0.20150604344387693, -0.20773775322275012, -0.21122992246407013, -0.24838751091437436, -0.21578748701271755, -0.17766350114647791, -0.1928106641998904], [0.7512518799827277, -0.22829681429093973, -0.20930787571725837, -0.5366236783716074, -0.23395197985594743, -0.23197899946573958, -0.2275805990571432, -0.23439367033101485, -0.20150604344387693, 18.93762697026994, -0.2262482018324119, -0.24708670413307665, -0.23305549947238074, -0.22789301569514483, -0.21027553393316845, -0.20883035265917813], [0.6039513979567871, -0.20197429906166173, -0.21635026219213968, -0.5116043736099335, -0.20179012416987574, -0.23571034554832607, -0.1959839361393911, -0.20693977063848432, -0.20773775322275012, -0.2262482018324119, 18.972229347330327, -0.2485933215482087, -0.2023337107552191, -0.20805707070983406, -0.20356885416051212, -0.18703724600312593], [0.9641433238917928, -0.2512156890220481, -0.22996864028206307, -0.5845265445148174, -0.2762482092655453, -0.25022922982199486, -0.2563440381347582, -0.27130785097541604, -0.21122992246407013, -0.24708670413307665, -0.2485933215482087, 18.889269003349035, -0.28735625184329205, -0.2535886436087933, -0.22887041375437672, -0.22934674086922535], [0.36177932054234113, -0.2081047801381325, -0.23265227378503323, -0.4892876788188804, -0.15710895610287515, -0.25087360987542145, -0.18723246790173984, -0.1913161633913919, -0.24838751091437436, -0.23305549947238074, -0.2023337107552191, -0.28735625184329205, 19.03023036947236, -0.20823595508186962, -0.21557191529341407, -0.19046411071843056], [0.6085836257174674, -0.2061146628740271, -0.2223090418200466, -0.5063253856167897, -0.210114863405822, -0.24107242621627384, -0.19644387421728843, -0.21247641914357698, -0.21578748701271755, -0.22789301569514483, -0.20805707070983406, -0.2535886436087933, -0.20823595508186962, 18.96747306986811, -0.22071560388153524, -0.18864265839561506], [0.6927013517839108, -0.21246580984663527, -0.1863151547665728, -0.516210229049102, -0.21224266873339218, -0.21626639316519175, -0.2181310330863198, -0.21400052518085452, -0.17766350114647791, -0.21027553393316845, -0.20356885416051212, -0.22887041375437672, -0.21557191529341407, -0.22071560388153524, 18.975057812440344, -0.19034849920720953], [0.636583862956854, -0.18003175418423029, -0.20969664941282087, -0.43302168059118695, -0.18848982799834849, -0.2180796577970765, -0.17881633091860197, -0.19339296556373584, -0.1928106641998904, -0.20883035265917813, -0.18703724600312593, -0.22934674086922535, -0.19046411071843056, -0.18864265839561506, -0.19034849920720953, 18.979540904048562]]",
    "monomial_list": "[1, x9, x8, x7, x6, x5, x4, x3, x2, x15, x14, x13, x12, x11, x10, x1]"
}