{
    "name": "Multiplier-1",
    "rational_expression": "12563*x1**2/500 + 20919*x1*x10/50000 + 4129*x1*x11/10000 + 10433*x1*x12/25000 + 55713*x1*x13/100000 + 10263*x1*x14/25000 + 48111*x1*x15/100000 + 42001*x1*x2/100000 + 10763*x1*x3/25000 + 39161*x1*x4/100000 + 48403*x1*x5/100000 + 40653*x1*x6/100000 + 1951*x1*x7/4000 + 24057*x1*x8/50000 + 3881*x1*x9/10000 - 679*x1/125 + 2446*x10**2/125 + 5483*x10*x11/12500 + 8783*x10*x12/20000 + 27897*x10*x13/50000 + 43283*x10*x14/100000 + 12283*x10*x15/25000 + 43507*x10*x2/100000 + 48097*x10*x3/100000 + 4563*x10*x4/10000 + 24363*x10*x5/50000 + 46171*x10*x6/100000 + 52561*x10*x7/100000 + 5991*x10*x8/12500 + 2791*x10*x9/6250 - 7597*x10/2500 + 1957*x11**2/100 + 43689*x11*x12/100000 + 27761*x11*x13/50000 + 47093*x11*x14/100000 + 48849*x11*x15/100000 + 23637*x11*x2/50000 + 2989*x11*x3/6250 + 22697*x11*x4/50000 + 26217*x11*x5/50000 + 22943*x11*x6/50000 + 52257*x11*x7/100000 + 23793*x11*x8/50000 + 4439*x11*x9/10000 - 14951*x11/5000 + 4891*x12**2/250 + 55761*x12*x13/100000 + 8651*x12*x14/20000 + 3069*x12*x15/6250 + 43479*x12*x2/100000 + 48069*x12*x3/100000 + 22803*x12*x4/50000 + 48693*x12*x5/100000 + 46147*x12*x6/100000 + 3283*x12*x7/6250 + 10971*x12*x8/25000 + 2791*x12*x9/6250 - 7597*x12/2500 + 19697*x13**2/1000 + 5513*x13*x14/10000 + 1908*x13*x15/3125 + 27677*x13*x2/50000 + 2393*x13*x3/4000 + 56859*x13*x4/100000 + 64283*x13*x5/100000 + 53639*x13*x6/100000 + 63989*x13*x7/100000 + 27857*x13*x8/50000 + 55637*x13*x9/100000 - 17947*x13/5000 + 9783*x14**2/500 + 48821*x14*x15/100000 + 21617*x14*x2/50000 + 2989*x14*x3/6250 + 22697*x14*x4/50000 + 26217*x14*x5/50000 + 22943*x14*x6/50000 + 52257*x14*x7/100000 + 23793*x14*x8/50000 + 4439*x14*x9/10000 - 14951*x14/5000 + 2452*x15**2/125 + 24623*x15*x2/50000 + 26939*x15*x3/50000 + 9433*x15*x4/20000 + 54519*x15*x5/100000 + 47733*x15*x6/100000 + 58157*x15*x7/100000 + 49631*x15*x8/100000 + 25071*x15*x9/50000 - 32913*x15/10000 + 4893*x2**2/250 + 9683*x2*x3/20000 + 20949*x2*x4/50000 + 10617*x2*x5/20000 + 8487*x2*x6/20000 + 26471*x2*x7/50000 + 4827*x2*x8/10000 + 281*x2*x9/625 - 6181*x2/2000 + 4901*x3**2/250 + 1863*x3*x4/4000 + 26917*x3*x5/50000 + 11781*x3*x6/25000 + 28717*x3*x7/50000 + 24473*x3*x8/50000 + 49553*x3*x9/100000 - 31879*x3/10000 + 19547*x4**2/1000 + 47343*x4*x5/100000 + 5621*x4*x6/12500 + 51197*x4*x7/100000 + 21267*x4*x8/50000 + 21767*x4*x9/50000 - 28411*x4/10000 + 3927*x5**2/200 + 52101*x5*x6/100000 + 58493*x5*x7/100000 + 54017*x5*x8/100000 + 6301*x5*x9/12500 - 167*x5/50 + 9781*x6**2/500 + 1632*x6*x7/3125 + 21771*x6*x8/50000 + 4439*x6*x9/10000 - 14951*x6/5000 + 393*x7**2/20 + 54321*x7*x8/100000 + 50693*x7*x9/100000 - 16943*x7/5000 + 98*x8**2/5 + 46367*x8*x9/100000 - 167*x8/50 + 9777*x9**2/500 - 28411*x9/10000 + 24919/1000",
    "Q": "[[24.9192150676157, -1.4325693894426148, -1.6647453613615188, -1.6992799329959523, -1.4959978768964894, -1.679383822717917, -1.4267366459410786, -1.5971303074810412, -1.5475941872730583, -1.6473777896759754, -1.4931328793303642, -1.7841710822643937, -1.5094879840754245, -1.4996226456819373, -1.528058426119481, -2.7101111736783214], [-1.4325693894426148, 19.555064215539876, 0.2247546815750262, 0.2621490836197763, 0.22324851334262658, 0.2544721875808969, 0.22224284078559198, 0.24347500861415527, 0.2239621992537771, 0.2450256091810265, 0.22615969906699593, 0.28130610879180423, 0.22203440840861124, 0.22946870780631407, 0.22310133430806767, 0.1935085225780778], [-1.6647453613615188, 0.2247546815750262, 19.59904446670221, 0.26809789244198584, 0.2270049375480425, 0.2641796484803015, 0.22034685656598116, 0.24657807503590334, 0.23562010531810418, 0.2526222852402083, 0.22822486885366583, 0.2859943794836342, 0.22806416627132262, 0.23327227031913958, 0.23092201096802295, 0.23252100881020102], [-1.6992799329959523, 0.2621490836197763, 0.26809789244198584, 19.650428944879323, 0.2568861707707418, 0.295269990644367, 0.25614286092410693, 0.2816963929744224, 0.2625522488407238, 0.2838823961671019, 0.26066428782517953, 0.32405155735932045, 0.2565671493910118, 0.2663938143331857, 0.25856582690469765, 0.2500977184885937], [-1.4959978768964894, 0.22324851334262658, 0.2270049375480425, 0.2568861707707418, 19.56176253415081, 0.25161360260449134, 0.2204055618183903, 0.24077792799445244, 0.2212023309372431, 0.242041586712184, 0.22426692909582988, 0.2761918443152643, 0.22461613613660208, 0.22657293351300578, 0.22264344354498378, 0.19471536008533544], [-1.679383822717917, 0.2544721875808969, 0.2641796484803015, 0.295269990644367, 0.25161360260449134, 19.63657920484802, 0.24686770620431328, 0.2747336014306941, 0.25601706558098364, 0.27722849249329934, 0.2538308792690665, 0.31578385103831896, 0.2518167598184825, 0.25956810921627693, 0.25242386849768084, 0.24895967519991624], [-1.4267366459410786, 0.22224284078559198, 0.22034685656598116, 0.25614286092410693, 0.2204055618183903, 0.24686770620431328, 19.54743043485955, 0.23865647173004495, 0.21852879875851192, 0.2400172768997375, 0.22237891462158169, 0.27526312656182994, 0.21934607051533347, 0.22485496544968772, 0.21912798715426376, 0.19100595610594284], [-1.5971303074810412, 0.24347500861415527, 0.24657807503590334, 0.2816963929744224, 0.24077792799445244, 0.2747336014306941, 0.23865647173004495, 19.604397977745602, 0.2407411638826395, 0.2637422442587926, 0.24259061321510467, 0.30167932622597854, 0.24067970850766712, 0.2473100539379745, 0.23963718570518958, 0.22151885791686718], [-1.5475941872730583, 0.2239621992537771, 0.23562010531810418, 0.2625522488407238, 0.2212023309372431, 0.25601706558098364, 0.21852879875851192, 0.2407411638826395, 19.57151338408964, 0.24574828200184806, 0.22453954140662621, 0.28069416046555395, 0.22069680190936725, 0.227995153252249, 0.22636405797072273, 0.2133716214093467], [-1.6473777896759754, 0.2450256091810265, 0.2526222852402083, 0.2838823961671019, 0.242041586712184, 0.27722849249329934, 0.2400172768997375, 0.2637422442587926, 0.24574828200184806, 19.616467970982743, 0.24396331449355874, 0.3036304875235042, 0.242193699870465, 0.24951252009186028, 0.24261389201186667, 0.23223289957186619], [-1.4931328793303642, 0.22615969906699593, 0.22822486885366583, 0.26066428782517953, 0.22426692909582988, 0.2538308792690665, 0.22237891462158169, 0.24259061321510467, 0.22453954140662621, 0.24396331449355874, 19.564898170401225, 0.2794936569762753, 0.2235972040171792, 0.22908826798239715, 0.2239609059995533, 0.19531922904926455], [-1.7841710822643937, 0.28130610879180423, 0.2859943794836342, 0.32405155735932045, 0.2761918443152643, 0.31578385103831896, 0.27526312656182994, 0.30167932622597854, 0.28069416046555395, 0.3036304875235042, 0.2794936569762753, 19.69552226765701, 0.27511426071281225, 0.28536017566389044, 0.27735269687150893, 0.26856179101802136], [-1.5094879840754245, 0.22203440840861124, 0.22806416627132262, 0.2565671493910118, 0.22461613613660208, 0.2518167598184825, 0.21934607051533347, 0.24067970850766712, 0.22069680190936725, 0.242193699870465, 0.2235972040171792, 0.27511426071281225, 19.562565085065902, 0.22616808077262204, 0.22195084447078015, 0.19976523526325762], [-1.4996226456819373, 0.22946870780631407, 0.23327227031913958, 0.2663938143331857, 0.22657293351300578, 0.25956810921627693, 0.22485496544968772, 0.2473100539379745, 0.227995153252249, 0.24951252009186028, 0.22908826798239715, 0.28536017566389044, 0.22616808077262204, 19.57081143026187, 0.22579653122759089, 0.2073058217800686], [-1.528058426119481, 0.22310133430806767, 0.23092201096802295, 0.25856582690469765, 0.22264344354498378, 0.25242386849768084, 0.21912798715426376, 0.23963718570518958, 0.22636405797072273, 0.24261389201186667, 0.2239609059995533, 0.27735269687150893, 0.22195084447078015, 0.22579653122759089, 19.568700338574658, 0.1996766053064223], [-2.7101111736783214, 0.1935085225780778, 0.23252100881020102, 0.2500977184885937, 0.19471536008533544, 0.24895967519991624, 0.19100595610594284, 0.22151885791686718, 0.2133716214093467, 0.23223289957186619, 0.19531922904926455, 0.26856179101802136, 0.19976523526325762, 0.2073058217800686, 0.1996766053064223, 25.124714963240823]]",
    "monomial_list": "[1, x9, x8, x7, x6, x5, x4, x3, x2, x15, x14, x13, x12, x11, x10, x1]"
}