{
    "name": "Multiplier-3",
    "rational_expression": "9523*x1**2/500 - 2857*x1*x10/12500 - 22483*x1*x11/100000 - 22249*x1*x12/100000 - 11623*x1*x13/50000 - 4613*x1*x14/20000 - 2967*x1*x15/12500 - 4951*x1*x2/20000 - 31057*x1*x3/50000 - 10219*x1*x4/50000 - 25551*x1*x5/100000 - 20721*x1*x6/100000 - 3239*x1*x7/12500 - 26203*x1*x8/100000 - 10841*x1*x9/50000 + 57781*x1/100000 + 19061*x10**2/1000 - 1887*x10*x11/6250 - 13219*x10*x12/50000 - 27143*x10*x13/100000 - 23213*x10*x14/100000 - 5937*x10*x15/25000 - 5137*x10*x2/25000 - 1769*x10*x3/2500 - 28741*x10*x4/100000 - 1283*x10*x5/5000 - 6279*x10*x6/25000 - 13031*x10*x7/50000 - 893*x10*x8/4000 - 12979*x10*x9/50000 + 1274*x10/3125 + 19039*x11**2/1000 - 25623*x11*x12/100000 - 30429*x11*x13/100000 - 6641*x11*x14/25000 - 27289*x11*x15/100000 - 28399*x11*x2/100000 - 71413*x11*x3/100000 - 12079*x11*x4/50000 - 14681*x11*x5/50000 - 24497*x11*x6/100000 - 5957*x11*x7/20000 - 30109*x11*x8/100000 - 25569*x11*x9/100000 + 15301*x11/25000 + 3813*x12**2/200 - 942*x12*x13/3125 - 10999*x12*x14/50000 - 13451*x12*x15/50000 - 8037*x12*x2/25000 - 77799*x12*x3/100000 - 9777*x12*x4/50000 - 1823*x12*x5/6250 - 16059*x12*x6/100000 - 7383*x12*x7/25000 - 2593*x12*x8/10000 - 24989*x12*x9/100000 + 45903*x12/50000 + 9521*x13**2/500 - 26901*x13*x14/100000 - 13723*x13*x15/50000 - 24257*x13*x2/100000 - 39959*x13*x3/50000 - 897*x13*x4/3125 - 7391*x13*x5/25000 - 291*x13*x6/1000 - 26039*x13*x7/100000 - 6569*x13*x8/25000 - 14987*x13*x9/50000 + 37397*x13/100000 + 4761*x14**2/250 - 2721*x14*x15/10000 - 2841*x14*x2/10000 - 767*x14*x3/1000 - 10051*x14*x4/50000 - 14677*x14*x5/50000 - 10199*x14*x6/50000 - 7437*x14*x7/25000 - 13049*x14*x8/50000 - 25441*x14*x9/100000 + 67947*x14/100000 + 19047*x15**2/1000 - 24451*x15*x2/100000 - 37837*x15*x3/50000 - 2467*x15*x4/10000 - 25609*x15*x5/100000 - x15*x6/4 - 26007*x15*x7/100000 - 3283*x15*x8/12500 - 25893*x15*x9/100000 + 44191*x15/100000 + 9551*x2**2/500 - 17269*x2*x3/25000 - 33389*x2*x4/100000 - 21997*x2*x5/100000 - 33789*x2*x6/100000 - 22437*x2*x7/100000 - 941*x2*x8/5000 - 30619*x2*x9/100000 + 34233*x2/1000000 + 24103*x3**2/1000 - 36587*x3*x4/50000 - 71743*x3*x5/100000 - 39177*x3*x6/50000 - 36423*x3*x7/50000 - 18251*x3*x8/25000 - 9399*x3*x9/12500 - 14627*x3/10000 + 4767*x4**2/250 - 32949*x4*x5/100000 - 20019*x4*x6/100000 - 14803*x4*x7/50000 - 33731*x4*x8/100000 - 21231*x4*x9/100000 + 2548*x4/3125 + 19069*x5**2/1000 - 29327*x5*x6/100000 - 817*x5*x7/3125 - 1863*x5*x8/10000 - 30101*x5*x9/100000 + 15353*x5/50000 + 19063*x6**2/1000 - 29563*x6*x7/100000 - 12977*x6*x8/50000 - 12527*x6*x9/50000 + 88383*x6/100000 + 19061*x7**2/1000 - 22397*x7*x8/100000 - 26149*x7*x9/100000 + 15353*x7/50000 + 19103*x8**2/1000 - 679*x8*x9/2000 + 23859*x8/100000 + 19049*x9**2/1000 + 64627*x9/100000 + 4249/250",
    "Q": "[[16.995969750523813, 0.31723080394685693, 0.11800562374689695, 0.1546282953565296, 0.43834002153370394, 0.15259456525787804, 0.403637114815435, -0.7234501883463484, 0.009723289765706735, 0.22772503243288866, 0.3326210218340249, 0.1881282589341505, 0.46528624760334814, 0.3037234874135223, 0.20801814201459537, 0.29517853091865676], [0.31723080394685693, 19.0492972962682, -0.1674085165083628, -0.13894662012243772, -0.11900022139736716, -0.1504042022049697, -0.10314139071423739, -0.3688298264766667, -0.14557848790811312, -0.13607314202658924, -0.12023499005133133, -0.14328077881014467, -0.11929727930963954, -0.12580597696689452, -0.13465944716209002, -0.10732841340709329], [0.11800562374689695, -0.1674085165083628, 19.1033897834708, -0.11808081019906681, -0.1389139615439912, -0.10137609300584935, -0.16690483167453923, -0.35635657632664003, -0.09120216159335308, -0.12135456993075458, -0.1372487056718349, -0.12939876678916862, -0.13834085614743735, -0.14188132867093012, -0.10652297841238179, -0.13085628534466268], [0.1546282953565296, -0.13894662012243772, -0.11808081019906681, 19.061137781388247, -0.15588398680768556, -0.13203762781020037, -0.14085152141625176, -0.37254375389213334, -0.10449907830983038, -0.1355469188316224, -0.13815844744052802, -0.13611811641287372, -0.1552807702240324, -0.1407079822640362, -0.12573207387799093, -0.12076774866115716], [0.43834002153370394, -0.11900022139736716, -0.1389139615439912, -0.15588398680768556, 19.062434979704523, -0.14158152384392717, -0.0980576879802872, -0.38514604321797563, -0.1629436530611817, -0.12801240446126666, -0.10662537089740508, -0.15099254678146193, -0.07437382798797014, -0.12090670397488983, -0.1200056132360075, -0.11045734889484733], [0.15259456525787804, -0.1504042022049697, -0.10137609300584935, -0.13203762781020037, -0.14158152384392717, 19.069189989279, -0.16682470343210312, -0.364800927240687, -0.10713913394981414, -0.13457807549280912, -0.13889249261668674, -0.14378396397844562, -0.1407397860336408, -0.14272994838469286, -0.12209756786112394, -0.12184253381996406], [0.403637114815435, -0.10314139071423739, -0.16690483167453923, -0.14085152141625176, -0.0980576879802872, -0.16682470343210312, 19.067903346451672, -0.37093994180728235, -0.16420959495952528, -0.12916175861263846, -0.10927372347979625, -0.13984362101660341, -0.09911874964909466, -0.11395707687294418, -0.13359643275668198, -0.10464407553950905], [-0.7234501883463484, -0.3688298264766667, -0.35635657632664003, -0.37254375389213334, -0.38514604321797563, -0.364800927240687, -0.37093994180728235, 24.101702643813947, -0.34084876338406656, -0.3729796825906394, -0.3782758791472789, -0.389143871248116, -0.38489019903802635, -0.36858197882708893, -0.36626582152483017, -0.29890758281754726], [0.009723289765706735, -0.14557848790811312, -0.09120216159335308, -0.10449907830983038, -0.1629436530611817, -0.10713913394981414, -0.16420959495952528, -0.34084876338406656, 19.10062272670531, -0.12363079242613022, -0.14296153054412042, -0.11722216542616892, -0.1661830900999623, -0.1458539346909909, -0.1101871064521342, -0.12045168735602596], [0.22772503243288866, -0.13607314202658924, -0.12135456993075458, -0.1355469188316224, -0.12801240446126666, -0.13457807549280912, -0.12916175861263846, -0.3729796825906394, -0.12363079242613022, 19.046626446168936, -0.13389764741723947, -0.14364426067918898, -0.12684725198136582, -0.135322022432648, -0.12436831989807953, -0.12187203324742595], [0.3326210218340249, -0.12023499005133133, -0.1372487056718349, -0.13815844744052802, -0.10662537089740508, -0.13889249261668674, -0.10927372347979625, -0.3782758791472789, -0.14296153054412042, -0.13389764741723947, 19.043304986100786, -0.14301214166907936, -0.10667378398572398, -0.12491166474787498, -0.12382077537945134, -0.1116542481395977], [0.1881282589341505, -0.14328077881014467, -0.12939876678916862, -0.13611811641287372, -0.15099254678146193, -0.14378396397844562, -0.13984362101660341, -0.389143871248116, -0.11722216542616892, -0.14364426067918898, -0.14301214166907936, 19.041642259969414, -0.15837245393898133, -0.14569845226099853, -0.12961387091144286, -0.12456771373344384], [0.46528624760334814, -0.11929727930963954, -0.13834085614743735, -0.1552807702240324, -0.07437382798797014, -0.1407397860336408, -0.09911874964909466, -0.38489019903802635, -0.1661830900999623, -0.12684725198136582, -0.10667378398572398, -0.15837245393898133, 19.065444176013767, -0.11953395115883109, -0.12217833808167897, -0.11183130103046801], [0.3037234874135223, -0.12580597696689452, -0.14188132867093012, -0.1407079822640362, -0.12090670397488983, -0.14272994838469286, -0.11395707687294418, -0.36858197882708893, -0.1458539346909909, -0.135322022432648, -0.12491166474787498, -0.14569845226099853, -0.11953395115883109, 19.03792564401118, -0.14152835862859395, -0.11413311622167559], [0.20801814201459537, -0.13465944716209002, -0.10652297841238179, -0.12573207387799093, -0.1200056132360075, -0.12209756786112394, -0.13359643275668198, -0.36626582152483017, -0.1101871064521342, -0.12436831989807953, -0.12382077537945134, -0.12961387091144286, -0.12217833808167897, -0.14152835862859395, 19.060619610703927, -0.11517892604869785], [0.29517853091865676, -0.10732841340709329, -0.13085628534466268, -0.12076774866115716, -0.11045734889484733, -0.12184253381996406, -0.10464407553950905, -0.29890758281754726, -0.12045168735602596, -0.12187203324742595, -0.1116542481395977, -0.12456771373344384, -0.11183130103046801, -0.11413311622167559, -0.11517892604869785, 19.046693236160092]]",
    "monomial_list": "[1, x9, x8, x7, x6, x5, x4, x3, x2, x15, x14, x13, x12, x11, x10, x1]"
}