{
    "name": "Multiplier-12",
    "rational_expression": "19481*x1**2/1000 + 35757*x1*x10/50000 + 34927*x1*x11/50000 + 48173*x1*x12/50000 + 22427*x1*x13/25000 + 71499*x1*x14/100000 + 75023*x1*x15/100000 + 36027*x1*x2/50000 + 3417*x1*x3/5000 + 14491*x1*x4/20000 + 80291*x1*x5/100000 + 33269*x1*x6/50000 + 2101*x1*x7/2500 + 68993*x1*x8/100000 + 36601*x1*x9/50000 - 42503*x1/10000 + 9769*x10**2/500 + 8553*x10*x11/12500 + 11429*x10*x12/12500 + 48413*x10*x13/50000 + 73711*x10*x14/100000 + 77529*x10*x15/100000 + 4127*x10*x2/5000 + 70397*x10*x3/100000 + 33493*x10*x4/50000 + 83081*x10*x5/100000 + 72151*x10*x6/100000 + 45453*x10*x7/50000 + 10363*x10*x8/12500 + 17893*x10*x9/25000 - 11397*x10/2500 + 9749*x11**2/500 + 93489*x11*x12/100000 + 18213*x11*x13/20000 + 14487*x11*x14/20000 + 38049*x11*x15/50000 + 36643*x11*x2/50000 + 4571*x11*x3/6250 + 73349*x11*x4/100000 + 77559*x11*x5/100000 + 7111*x11*x6/10000 + 85261*x11*x7/100000 + 73773*x11*x8/100000 + 37071*x11*x9/50000 - 21891*x11/5000 + 25403*x12**2/1000 + 3151*x12*x13/2500 + 88581*x12*x14/100000 + 1259*x12*x15/1250 + 2011*x12*x2/2000 + 10919*x12*x3/12500 + 88739*x12*x4/100000 + 11019*x12*x5/10000 + 81079*x12*x6/100000 + 11963*x12*x7/10000 + 4821*x12*x8/5000 + 44867*x12*x9/50000 - 18487*x12/2000 + 989*x13**2/50 + 17727*x13*x14/20000 + 97667*x13*x15/100000 + 5227*x13*x2/5000 + 21103*x13*x3/25000 + 88757*x13*x4/100000 + 2601*x13*x5/2500 + 40249*x13*x6/50000 + 11349*x13*x7/10000 + 49503*x13*x8/50000 + 45197*x13*x9/50000 - 61009*x13/10000 + 4873*x14**2/250 + 74773*x14*x15/100000 + 71691*x14*x2/100000 + 75853*x14*x3/100000 + 72213*x14*x4/100000 + 79917*x14*x5/100000 + 74007*x14*x6/100000 + 41737*x14*x7/50000 + 14463*x14*x8/20000 + 72779*x14*x9/100000 - 41901*x14/10000 + 9777*x15**2/500 + 8429*x15*x2/10000 + 18891*x15*x3/25000 + 15171*x15*x4/20000 + 84667*x15*x5/100000 + 36571*x15*x6/50000 + 5793*x15*x7/6250 + 80539*x15*x8/100000 + 3071*x15*x9/4000 - 11867*x15/2500 + 19659*x2**2/1000 + 32287*x2*x3/50000 + 61207*x2*x4/100000 + 91049*x2*x5/100000 + 7247*x2*x6/12500 + 5009*x2*x7/5000 + 90599*x2*x8/100000 + 71109*x2*x9/100000 - 27721*x2/5000 + 19487*x3**2/1000 + 14827*x3*x4/20000 + 77423*x3*x5/100000 + 80141*x3*x6/100000 + 80559*x3*x7/100000 + 69811*x3*x8/100000 + 70569*x3*x9/100000 - 38817*x3/10000 + 9763*x4**2/500 + 35333*x4*x5/50000 + 72983*x4*x6/100000 + 81639*x4*x7/100000 + 63257*x4*x8/100000 + 15051*x4*x9/20000 - 40021*x4/10000 + 9817*x5**2/500 + 37719*x5*x6/50000 + 96829*x5*x7/100000 + 18331*x5*x8/20000 + 75979*x5*x9/100000 - 12939*x5/2500 + 19497*x6**2/1000 + 14171*x6*x7/20000 + 68863*x6*x8/100000 + 34971*x6*x9/50000 - 32649*x6/10000 + 9859*x7**2/500 + 5821*x7*x8/6250 + 2649*x7*x9/3125 - 58527*x7/10000 + 19611*x8**2/1000 + 66267*x8*x9/100000 - 3042*x8/625 + 9759*x9**2/500 - 2774*x9/625 + 30813/1000",
    "Q": "[[30.81252858322801, -2.2076487177034854, -2.441121767101478, -2.9303117242389747, -1.6371977193167704, -2.594332278183398, -2.016201493407162, -1.9384084038044687, -2.77305448882662, -2.3693495159058573, -2.0849848656956462, -3.056010134580347, -4.623282786457661, -2.1901321625366954, -2.2908456163568296, -2.121735096436229], [-2.2076487177034854, 19.516343904962064, 0.3225400834901863, 0.42447023906224446, 0.3486329460442665, 0.38309486747272575, 0.3788014022115181, 0.3614342898411379, 0.3589245934020759, 0.3732290239611565, 0.3610270275886915, 0.45385577141025446, 0.45609189112937276, 0.36093945450621445, 0.3522237173433029, 0.3639664595162105], [-2.441121767101478, 0.3225400834901863, 19.61161477423729, 0.47106052350296773, 0.3375655648621109, 0.4584857647346617, 0.31000011414162215, 0.34948483544996883, 0.44565274925434484, 0.4104854042009498, 0.3579204437818088, 0.4937993697444971, 0.4903419805946885, 0.36071192595947066, 0.4068706713148947, 0.34761627915897503], [-2.9303117242389747, 0.42447023906224446, 0.47106052350296773, 19.719000524588825, 0.3640319839193855, 0.49462745576390993, 0.4060456517327685, 0.3996284416098059, 0.5057686106406554, 0.4573787665877787, 0.41598589268726194, 0.5662137006307343, 0.5891391502645642, 0.4230457199338437, 0.446434463367954, 0.42364024160412284], [-1.6371977193167704, 0.3486329460442665, 0.3375655648621109, 0.3640319839193855, 19.496637536272054, 0.37069389393150154, 0.37245683639911614, 0.3913517978459302, 0.2909852318019749, 0.36756804480055194, 0.36744557992657356, 0.40819444763815677, 0.406164851850111, 0.3506013476795581, 0.3522938320768824, 0.34035826343829273], [-2.594332278183398, 0.38309486747272575, 0.4584857647346617, 0.49462745576390993, 0.37069389393150154, 19.635200125073048, 0.3450982592722156, 0.38388056324130077, 0.4597007524086457, 0.43083377324230737, 0.3924517295276291, 0.5203682458089738, 0.5433996639778729, 0.3950718285198102, 0.42228749512364017, 0.3948642349878017], [-2.016201493407162, 0.3788014022115181, 0.31000011414162215, 0.4060456517327685, 0.37245683639911614, 0.3450982592722156, 19.52770114620786, 0.37584288916558917, 0.31503318590032564, 0.3715415082807815, 0.36555924889652197, 0.4438038766613777, 0.4378702004124973, 0.3669425032523147, 0.3415531533409989, 0.3570447906306438], [-1.9384084038044687, 0.3614342898411379, 0.34948483544996883, 0.3996284416098059, 0.3913517978459302, 0.38388056324130077, 0.37584288916558917, 19.48702478769132, 0.32420883883145046, 0.3756528917648752, 0.3693837973151132, 0.42952015863155324, 0.43639565953167914, 0.3618421575424436, 0.3579470305363906, 0.3490786160888224], [-2.77305448882662, 0.3589245934020759, 0.44565274925434484, 0.5057686106406554, 0.2909852318019749, 0.4597007524086457, 0.31503318590032564, 0.32420883883145046, 19.659404855449793, 0.4117688079666878, 0.3512314548983125, 0.5256588945703079, 0.5088668824986347, 0.3579723537267765, 0.4095505622399003, 0.36719617232108565], [-2.3693495159058573, 0.3732290239611565, 0.4104854042009498, 0.4573787665877787, 0.36756804480055194, 0.43083377324230737, 0.3715415082807815, 0.3756528917648752, 0.4117688079666878, 19.552652633730744, 0.3712446181988219, 0.4847668209853825, 0.49380813498953324, 0.3764908691914284, 0.3940155552158922, 0.3692716407956251], [-2.0849848656956462, 0.3610270275886915, 0.3579204437818088, 0.41598589268726194, 0.36744557992657356, 0.3924517295276291, 0.36555924889652197, 0.3693837973151132, 0.3512314548983125, 0.3712446181988219, 19.489789330739825, 0.4455502949391195, 0.43986517685240945, 0.3579645135053891, 0.3615138747659298, 0.35327442002562476], [-3.056010134580347, 0.45385577141025446, 0.4937993697444971, 0.5662137006307343, 0.40819444763815677, 0.5203682458089738, 0.4438038766613777, 0.42952015863155324, 0.5256588945703079, 0.4847668209853825, 0.4455502949391195, 19.781172522733407, 0.6287697528084942, 0.45213693622865453, 0.478981056822593, 0.4527555005570132], [-4.623282786457661, 0.45609189112937276, 0.4903419805946885, 0.5891391502645642, 0.406164851850111, 0.5433996639778729, 0.4378702004124973, 0.43639565953167914, 0.5088668824986347, 0.49380813498953324, 0.43986517685240945, 0.6287697528084942, 25.4022897166205, 0.45824681231975395, 0.46088453293485043, 0.4879778175134476], [-2.1901321625366954, 0.36093945450621445, 0.36071192595947066, 0.4230457199338437, 0.3506013476795581, 0.3950718285198102, 0.3669425032523147, 0.3618421575424436, 0.3579723537267765, 0.3764908691914284, 0.3579645135053891, 0.45213693622865453, 0.45824681231975395, 19.497200756454628, 0.34399969373823913, 0.35646996727568864], [-2.2908456163568296, 0.3522237173433029, 0.4068706713148947, 0.446434463367954, 0.3522938320768824, 0.42228749512364017, 0.3415531533409989, 0.3579470305363906, 0.4095505622399003, 0.3940155552158922, 0.3615138747659298, 0.478981056822593, 0.46088453293485043, 0.34399969373823913, 19.539443379083856, 0.3570334314261485], [-2.121735096436229, 0.3639664595162105, 0.34761627915897503, 0.42364024160412284, 0.34035826343829273, 0.3948642349878017, 0.3570447906306438, 0.3490786160888224, 0.36719617232108565, 0.3692716407956251, 0.35327442002562476, 0.4527555005570132, 0.4879778175134476, 0.35646996727568864, 0.3570334314261485, 19.481697206639247]]",
    "monomial_list": "[1, x9, x8, x7, x6, x5, x4, x3, x2, x15, x14, x13, x12, x11, x10, x1]"
}