{
    "name": "Multiplier-6",
    "rational_expression": "19469*x1**2/1000 + 34551*x1*x10/50000 + 34153*x1*x11/50000 + 64463*x1*x12/100000 + 84639*x1*x13/100000 + 2152*x1*x14/3125 + 14611*x1*x15/20000 + 68921*x1*x2/100000 + 33323*x1*x3/50000 + 13991*x1*x4/20000 + 7837*x1*x5/10000 + 2862*x1*x6/3125 + 16437*x1*x7/20000 + 3351*x1*x8/5000 + 14191*x1*x9/20000 - 40587*x1/10000 + 19523*x10**2/1000 + 16679*x10*x11/25000 + 66003*x10*x12/100000 + 22827*x10*x13/25000 + 2833*x10*x14/4000 + 75297*x10*x15/100000 + 7911*x10*x2/10000 + 68481*x10*x3/100000 + 64227*x10*x4/100000 + 16183*x10*x5/20000 + 86541*x10*x6/100000 + 17029*x10*x7/20000 + 76993*x10*x8/100000 + 69241*x10*x9/100000 - 21809*x10/5000 + 4873*x11**2/250 + 34761*x11*x12/50000 + 43397*x11*x13/50000 + 70403*x11*x14/100000 + 2338*x11*x15/3125 + 17731*x11*x2/25000 + 71979*x11*x3/100000 + 17849*x11*x4/25000 + 38199*x11*x5/50000 + 10699*x11*x6/12500 + 21113*x11*x7/25000 + 68887*x11*x8/100000 + 34383*x11*x9/50000 - 21513*x11/5000 + 9743*x12**2/500 + 19169*x12*x13/25000 + 2833*x12*x14/4000 + 35059*x12*x15/50000 + 57131*x12*x2/100000 + 76597*x12*x3/100000 + 18007*x12*x4/25000 + 70741*x12*x5/100000 + 19467*x12*x6/25000 + 69717*x12*x7/100000 + 6371*x12*x8/10000 + 4279*x12*x9/6250 - 31493*x12/10000 + 19721*x13**2/1000 + 41727*x13*x14/50000 + 93061*x13*x15/100000 + 97863*x13*x2/100000 + 84401*x13*x3/100000 + 41859*x13*x4/50000 + 49607*x13*x5/50000 + 11467*x13*x6/10000 + 10851*x13*x7/10000 + 47139*x13*x8/50000 + 85421*x13*x9/100000 - 27871*x13/5000 + 9739*x14**2/500 + 36293*x14*x15/50000 + 17091*x14*x2/25000 + 70119*x14*x3/100000 + 69531*x14*x4/100000 + 14789*x14*x5/20000 + 16213*x14*x6/20000 + 20419*x14*x7/25000 + 70349*x14*x8/100000 + 70539*x14*x9/100000 - 7999*x14/2000 + 19547*x15**2/1000 + 78019*x15*x2/100000 + 3717*x15*x3/5000 + 69871*x15*x4/100000 + 16697*x15*x5/20000 + 19187*x15*x6/20000 + 88009*x15*x7/100000 + 39697*x15*x8/50000 + 17827*x15*x9/25000 - 46649*x15/10000 + 19633*x2**2/1000 + 7811*x2*x3/12500 + 58053*x2*x4/100000 + 553*x2*x5/625 + 47561*x2*x6/50000 + 97557*x2*x7/100000 + 16811*x2*x8/20000 + 68057*x2*x9/100000 - 52711*x2/10000 + 487*x3**2/25 + 1807*x3*x4/2500 + 9539*x3*x5/12500 + 83103*x3*x6/100000 + 999*x3*x7/1250 + 68917*x3*x8/100000 + 13849*x3*x9/20000 - 38147*x3/10000 + 19509*x4**2/1000 + 68559*x4*x5/100000 + 16611*x4*x6/20000 + 79823*x4*x7/100000 + 57333*x4*x8/100000 + 18271*x4*x9/25000 - 38147*x4/10000 + 4907*x5**2/250 + 134*x5*x6/125 + 47989*x5*x7/50000 + 22609*x5*x8/25000 + 18581*x5*x9/25000 - 50863*x5/10000 + 25377*x6**2/1000 + 11467*x6*x7/10000 + 47357*x6*x8/50000 + 21781*x6*x9/25000 - 91449*x6/10000 + 2464*x7**2/125 + 91727*x7*x8/100000 + 8283*x7*x9/10000 - 14379*x7/2500 + 19597*x8**2/1000 + 30103*x8*x9/50000 - 1181*x8/250 + 9751*x9**2/500 - 42361*x9/10000 + 30281/1000",
    "Q": "[[30.280504321420374, -2.1307652925717684, -2.3761427727420266, -2.8712908428284543, -4.58457283473687, -2.5329674791748347, -1.915003827800413, -1.911906147258359, -2.645649358651387, -2.319534780011547, -2.0029214827491253, -2.7801429905570605, -1.56582322984196, -2.144587107404819, -2.1744321375308306, -2.0223693343065885], [-2.1307652925717684, 19.503774547217272, 0.3105810764234483, 0.41131873771731303, 0.43444268961190297, 0.3704303368364935, 0.3631764418792474, 0.349671664152171, 0.34450849140704803, 0.36085828196262204, 0.3468149728801336, 0.42727483760206614, 0.33380529520990465, 0.3478225783078743, 0.33808961056337034, 0.3498791683163242], [-2.3761427727420266, 0.3105810764234483, 19.599405886047194, 0.45732284085755276, 0.4703064077124205, 0.444161723830535, 0.2974276391456022, 0.33869317452157544, 0.4282841078078469, 0.39749538307327803, 0.3439646117005117, 0.46379164911824783, 0.3244094162811204, 0.34840126561016066, 0.39019558018581035, 0.33452402640970347], [-2.8712908428284543, 0.41131873771731303, 0.45732284085755276, 19.71120291234913, 0.5710671404226921, 0.4822503629700286, 0.39151326728956026, 0.390305695231571, 0.4883794609509624, 0.4460270462676575, 0.40209429533788354, 0.5332817962078794, 0.3528255382209644, 0.41170531510459096, 0.43017914382971967, 0.40975135139762525], [-4.58457283473687, 0.43444268961190297, 0.4703064077124205, 0.5710671404226921, 25.38080583760061, 0.5238581872256625, 0.4130784170763687, 0.41616802926013896, 0.48825207271029275, 0.47401993449355095, 0.4160661735902087, 0.5826602222576371, 0.3795151551659967, 0.43900984953528893, 0.4361847885253939, 0.46650830585225944], [-2.5329674791748347, 0.3704303368364935, 0.444161723830535, 0.4822503629700286, 0.5238581872256625, 19.626161465395175, 0.33303668875904663, 0.37351730548403106, 0.44370418370322406, 0.41893843421489324, 0.37870418807699935, 0.4909829036495964, 0.3582373472645233, 0.38307980062234226, 0.4067658343550628, 0.38139484077895297], [-1.915003827800413, 0.3631764418792474, 0.2974276391456022, 0.39151326728956026, 0.4130784170763687, 0.33303668875904663, 19.5103879098388, 0.36294511679368147, 0.30146589811915714, 0.35800322958828334, 0.35092745812633885, 0.4180096699919095, 0.35622947031998786, 0.35220410855446704, 0.32791702784138105, 0.3428867086414563], [-1.911906147258359, 0.349671664152171, 0.33869317452157544, 0.390305695231571, 0.41616802926013896, 0.37351730548403106, 0.36294511679368147, 19.48088644010403, 0.3167499633643044, 0.3645336543093494, 0.35667282306311215, 0.4129603623808167, 0.3766556004806309, 0.3498411112210157, 0.3469744898494888, 0.3391452494705689], [-2.645649358651387, 0.34450849140704803, 0.4282841078078469, 0.4883794609509624, 0.48825207271029275, 0.44370418370322406, 0.30146589811915714, 0.3167499633643044, 19.634737750901785, 0.39843090770144424, 0.3371690569854502, 0.48617395760469484, 0.27876228400595976, 0.34578218815327694, 0.38997495777916713, 0.3509054420374905], [-2.319534780011547, 0.36085828196262204, 0.39749538307327803, 0.4460270462676575, 0.47401993449355095, 0.41893843421489324, 0.35800322958828334, 0.3645336543093494, 0.39843090770144424, 19.54604847409554, 0.35838859456862787, 0.459911734408452, 0.3543620081003001, 0.36475818915540953, 0.380108548644703, 0.35738885488720634], [-2.0029214827491253, 0.3468149728801336, 0.3439646117005117, 0.40209429533788354, 0.4160661735902087, 0.37870418807699935, 0.35092745812633885, 0.35667282306311215, 0.3371690569854502, 0.35838859456862787, 19.477734208156107, 0.4216887249162842, 0.3520921076586478, 0.3442807775073392, 0.3474610084588667, 0.3399396469358852], [-2.7801429905570605, 0.42727483760206614, 0.46379164911824783, 0.5332817962078794, 0.5826602222576371, 0.4909829036495964, 0.4180096699919095, 0.4129603623808167, 0.48617395760469484, 0.459911734408452, 0.4216887249162842, 19.71948140909274, 0.382964195043083, 0.42728995163241235, 0.4492719476453945, 0.42505396914922905], [-1.56582322984196, 0.33380529520990465, 0.3244094162811204, 0.3528255382209644, 0.3795151551659967, 0.3582373472645233, 0.35622947031998786, 0.3766556004806309, 0.27876228400595976, 0.3543620081003001, 0.3520921076586478, 0.382964195043083, 19.48509426167771, 0.33718053717193386, 0.3370937821487033, 0.32704013072137034], [-2.144587107404819, 0.3478225783078743, 0.34840126561016066, 0.41170531510459096, 0.43900984953528893, 0.38307980062234226, 0.35220410855446704, 0.3498411112210157, 0.34578218815327694, 0.36475818915540953, 0.3442807775073392, 0.42728995163241235, 0.33718053717193386, 19.489843078540385, 0.3312036753068986, 0.34373266167699473], [-2.1744321375308306, 0.33808961056337034, 0.39019558018581035, 0.43017914382971967, 0.4361847885253939, 0.4067658343550628, 0.32791702784138105, 0.3469744898494888, 0.38997495777916713, 0.380108548644703, 0.3474610084588667, 0.4492719476453945, 0.3370937821487033, 0.3312036753068986, 19.52178702010892, 0.342582854221254], [-2.0223693343065885, 0.3498791683163242, 0.33452402640970347, 0.40975135139762525, 0.46650830585225944, 0.38139484077895297, 0.3428867086414563, 0.3391452494705689, 0.3509054420374905, 0.35738885488720634, 0.3399396469358852, 0.42505396914922905, 0.32704013072137034, 0.34373266167699473, 0.342582854221254, 19.468381567564997]]",
    "monomial_list": "[1, x9, x8, x7, x6, x5, x4, x3, x2, x15, x14, x13, x12, x11, x10, x1]"
}