{
    "name": "Multiplier-11",
    "rational_expression": "19191*x1**2/1000 + 32187*x1*x10/500000 - 12831*x1*x11/100000 + 55061*x1*x12/1000000 + 60463*x1*x13/1000000 + 3441*x1*x14/62500 + 29349*x1*x15/500000 + 31169*x1*x2/500000 + 13551*x1*x3/250000 + 51249*x1*x4/1000000 + 61643*x1*x5/1000000 + 1391*x1*x6/25000 + 60111*x1*x7/1000000 + 881*x1*x8/40000 + 3383*x1*x9/62500 - 73599*x1/100000 + 19247*x10**2/1000 - 8111*x10*x11/50000 + 14833*x10*x12/500000 + 489*x10*x13/6250 + 29783*x10*x14/1000000 + 15061*x10*x15/200000 + 82179*x10*x2/1000000 + 1417*x10*x3/50000 + 5721*x10*x4/250000 + 5049*x10*x5/62500 + 31069*x10*x6/1000000 + 15593*x10*x7/200000 + 1981*x10*x8/25000 + 1417*x10*x9/50000 - 13497*x10/10000 + 6141*x11**2/250 - 11187*x11*x12/50000 - 19863*x11*x13/100000 - 6527*x11*x14/25000 - 20369*x11*x15/100000 - 18389*x11*x2/100000 - 1057*x11*x3/4000 - 24221*x11*x4/100000 - 14837*x11*x5/100000 - 25593*x11*x6/100000 - 3917*x11*x7/20000 - 19093*x11*x8/100000 - 22611*x11*x9/100000 - 9917*x11/2500 + 4807*x12**2/250 + 26079*x12*x13/1000000 + 58603*x12*x14/1000000 + 24247*x12*x15/1000000 - 5069*x12*x2/500000 + 28837*x12*x3/500000 + 10811*x12*x4/200000 + 871*x12*x5/31250 + 12263*x12*x6/125000 + 26079*x12*x7/1000000 + 843*x12*x8/31250 + 18887*x12*x9/1000000 - 4497*x12/5000 + 19257*x13**2/1000 + 32469*x13*x14/500000 + 71017*x13*x15/1000000 + 5791*x13*x2/50000 + 2491*x13*x3/100000 + 11747*x13*x4/200000 + 11459*x13*x5/100000 + 3411*x13*x6/125000 + 2801*x13*x7/25000 + 11307*x13*x8/100000 + 63543*x13*x9/1000000 - 11851*x13/10000 + 9603*x14**2/500 + 6091*x14*x15/250000 + 28809*x14*x2/1000000 + 11527*x14*x3/200000 + 26989*x14*x4/500000 + 66711*x14*x5/1000000 + 29701*x14*x6/500000 + 16207*x14*x7/250000 + 843*x14*x8/31250 + 18887*x14*x9/1000000 - 4497*x14/5000 + 19229*x15**2/1000 + 1161*x15*x2/15625 + 4639*x15*x3/200000 + 18693*x15*x4/1000000 + 73143*x15*x5/1000000 + 3177*x15*x6/125000 + 70831*x15*x7/1000000 + 8989*x15*x8/125000 + 4639*x15*x9/200000 - 138*x15/125 + 19261*x2**2/1000 - 2533*x2*x3/250000 - 16669*x2*x4/1000000 + 11837*x2*x5/100000 - 86077*x2*x6/10000000 + 5777*x2*x7/50000 + 11677*x2*x8/100000 + 6861*x2*x9/250000 - 13073*x2/10000 + 2401*x3**2/125 + 26657*x3*x4/500000 + 213*x3*x5/8000 + 58447*x3*x6/1000000 + 24871*x3*x7/1000000 + 402*x3*x8/15625 + 1801*x3*x9/100000 - 2682*x3/3125 + 9609*x4**2/500 - 16107*x4*x5/1000000 + 10937*x4*x6/200000 + 4023*x4*x7/200000 - 449*x4*x8/25000 + 53251*x4*x9/1000000 - 34741*x4/50000 + 2408*x5**2/125 + 29159*x5*x6/1000000 + 11441*x5*x7/100000 + 2889*x5*x8/25000 + 213*x5*x9/8000 - 6337*x5/5000 + 9613*x6**2/500 + 3411*x6*x7/125000 + 28223*x6*x8/1000000 + 3949*x6*x9/200000 - 94057*x6/100000 + 3851*x7**2/200 + 11307*x7*x8/100000 + 63543*x7*x9/1000000 - 11851*x7/10000 + 1927*x8**2/100 - 809*x8*x9/62500 - 6131*x8/5000 + 19209*x9**2/1000 - 2682*x9/3125 + 10219/500",
    "Q": "[[20.43772830809434, -0.42477238678623175, -0.6123165619496147, -0.5950916915864815, -0.4639392685826378, -0.6319262621189312, -0.34463665431929946, -0.4306535759908927, -0.6442713514650869, -0.5525914588571893, -0.454890123119467, -0.5982257353922283, -0.4452036493010732, -1.985090989999497, -0.682319048670212, -0.37512151474547334], [-0.42477238678623175, 19.20834406786279, -0.013709277572941849, 0.02404118065895217, 0.0156610230427464, 0.013152055942870456, 0.029831635449544095, 0.01814863486747274, 0.008059641781908444, 0.016131986707189114, 0.018848373234114646, 0.026885539191464705, 0.014920799894153293, -0.1177397007311168, 0.010075872142246381, 0.026555449380494405], [-0.6123165619496147, -0.013709277572941849, 19.270271994839884, 0.049152820207214336, 0.010496502594289499, 0.06291909638946276, -0.018439731315574776, 0.007354470593060071, 0.05905898843832444, 0.03872800018683141, 0.013679771522550436, 0.046824578722183284, 0.010584680051238953, -0.09227860090297166, 0.046543381159809744, 0.013050236405683641], [-0.5950916915864815, 0.02404118065895217, 0.049152820207214336, 19.255003579654513, 0.006351292871495395, 0.051846099053624105, 0.01736816699877049, 0.017862527526127558, 0.05949038503231481, 0.04043142994441483, 0.02567659746244967, 0.057561753829461826, 0.00668122141986854, -0.08988044395428155, 0.041074377661226534, 0.03341377364841559], [-0.4639392685826378, 0.0156610230427464, 0.010496502594289499, 0.006351292871495395, 19.225625840982676, 0.020021855728288206, 0.029044807150113913, 0.03110363618120318, -0.005586658960162276, 0.019538216238746648, 0.024955275472635485, 0.018478053226551182, 0.0512176869846394, -0.12117821788754145, 0.01987177666069128, 0.022528554294461312], [-0.6319262621189312, 0.013152055942870456, 0.06291909638946276, 0.051846099053624105, 0.020021855728288206, 19.26326437132993, -0.00768196790301431, 0.017543462782500716, 0.0571441083360061, 0.03986013438472115, 0.02433594046428479, 0.049736726411325836, 0.020395783512362934, -0.07914355621589791, 0.04508038802441106, 0.0317439989539425], [-0.34463665431929946, 0.029831635449544095, -0.018439731315574776, 0.01736816699877049, 0.029044807150113913, -0.00768196790301431, 19.217777754332065, 0.027402787648061405, -0.012689208468085595, 0.0169251366537735, 0.02344418257720049, 0.02542696934384088, 0.0270783025550443, -0.12668764830814697, 0.003251077269373999, 0.02557475346132281], [-0.4306535759908927, 0.01814863486747274, 0.007354470593060071, 0.017862527526127558, 0.03110363618120318, 0.017543462782500716, 0.027402787648061405, 19.207903606799825, -0.0009368980936935868, 0.018724445819587834, 0.022070886817662824, 0.02011501029202536, 0.0331707386722252, -0.12568852816849793, 0.014210541541921041, 0.020917760824489828], [-0.6442713514650869, 0.008059641781908444, 0.05905898843832444, 0.05949038503231481, -0.005586658960162276, 0.0571441083360061, -0.012689208468085595, -0.0009368980936935868, 19.26056092583756, 0.03751148127728354, 0.012066305372856037, 0.05615555946149205, -0.009121372580748134, -0.0837322812983411, 0.047292318567989516, 0.021965877299978374], [-0.5525914588571893, 0.016131986707189114, 0.03872800018683141, 0.04043142994441483, 0.019538216238746648, 0.03986013438472115, 0.0169251366537735, 0.018724445819587834, 0.03751148127728354, 19.228954483504637, 0.017914351936826226, 0.04043869398043592, 0.020384823591198423, -0.10288400574019618, 0.03237639380631243, 0.024247606013143897], [-0.454890123119467, 0.018848373234114646, 0.013679771522550436, 0.02567659746244967, 0.024955275472635485, 0.02433594046428479, 0.02344418257720049, 0.022070886817662824, 0.012066305372856037, 0.017914351936826226, 19.206262813991216, 0.028383330425242995, 0.02405728905992306, -0.12260807138763201, 0.018860911354940387, 0.02368002575778142], [-0.5982257353922283, 0.026885539191464705, 0.046824578722183284, 0.057561753829461826, 0.018478053226551182, 0.049736726411325836, 0.02542696934384088, 0.02011501029202536, 0.05615555946149205, 0.04043869398043592, 0.028383330425242995, 19.256717463243596, 0.00977479881129824, -0.09459609962879587, 0.04458569232067245, 0.036657812817618846], [-0.4452036493010732, 0.014920799894153293, 0.010584680051238953, 0.00668122141986854, 0.0512176869846394, 0.020395783512362934, 0.0270783025550443, 0.0331707386722252, -0.009121372580748134, 0.020384823591198423, 0.02405728905992306, 0.00977479881129824, 19.22784707020682, -0.12040702056470624, 0.01666323356037942, 0.02067092764018788], [-1.985090989999497, -0.1177397007311168, -0.09227860090297166, -0.08988044395428155, -0.12117821788754145, -0.07914355621589791, -0.12668764830814697, -0.12568852816849793, -0.0837322812983411, -0.10288400574019618, -0.12260807138763201, -0.09459609962879587, -0.12040702056470624, 24.56441965951881, -0.09135530799602523, -0.06303776178795915], [-0.682319048670212, 0.010075872142246381, 0.046543381159809744, 0.041074377661226534, 0.01987177666069128, 0.04508038802441106, 0.003251077269373999, 0.014210541541921041, 0.047292318567989516, 0.03237639380631243, 0.018860911354940387, 0.04458569232067245, 0.01666323356037942, -0.09135530799602523, 19.24765722791022, 0.023448353899946053], [-0.37512151474547334, 0.026555449380494405, 0.013050236405683641, 0.03341377364841559, 0.022528554294461312, 0.0317439989539425, 0.02557475346132281, 0.020917760824489828, 0.021965877299978374, 0.024247606013143897, 0.02368002575778142, 0.036657812817618846, 0.02067092764018788, -0.06303776178795915, 0.023448353899946053, 19.19154436291562]]",
    "monomial_list": "[1, x9, x8, x7, x6, x5, x4, x3, x2, x15, x14, x13, x12, x11, x10, x1]"
}