{
    "name": "Multiplier-10",
    "rational_expression": "2452*x1**2/125 + 707*x1*x10/500 + 47781*x1*x11/50000 + 96103*x1*x12/100000 + 1351*x1*x13/1250 + 93987*x1*x14/100000 + 49391*x1*x15/50000 + 23157*x1*x2/25000 + 19933*x1*x3/20000 + 49869*x1*x4/50000 + 5023*x1*x5/5000 + 18983*x1*x6/20000 + 10071*x1*x7/10000 + 88337*x1*x8/100000 + 49571*x1*x9/50000 - 54077*x1/10000 + 6457*x10**2/250 + 7053*x10*x11/5000 + 2679*x10*x12/2000 + 15323*x10*x13/10000 + 327*x10*x14/250 + 3523*x10*x15/2500 + 12491*x10*x2/10000 + 7231*x10*x3/5000 + 7127*x10*x4/5000 + 1789*x10*x5/1250 + 6681*x10*x6/5000 + 7277*x10*x7/5000 + 3119*x10*x8/2500 + 7033*x10*x9/5000 - 2347*x10/200 + 1969*x11**2/100 + 98201*x11*x12/100000 + 2211*x11*x13/2000 + 624*x11*x14/625 + 5051*x11*x15/5000 + 94173*x11*x2/100000 + 53*x11*x3/50 + 1281*x11*x4/1250 + 5139*x11*x5/5000 + 97299*x11*x6/100000 + 2143*x11*x7/2000 + 3751*x11*x8/4000 + 2543*x11*x9/2500 - 61319*x11/10000 + 19701*x12**2/1000 + 10713*x12*x13/10000 + 3021*x12*x14/3125 + 5077*x12*x15/5000 + 17491*x12*x2/20000 + 2131*x12*x3/2000 + 10281*x12*x4/10000 + 49699*x12*x5/50000 + 1319*x12*x6/1250 + 19941*x12*x7/20000 + 11351*x12*x8/12500 + 98197*x12*x9/100000 - 3586*x12/625 + 4953*x13**2/250 + 10913*x13*x14/10000 + 11803*x13*x15/10000 + 2869*x13*x2/2500 + 11491*x13*x3/10000 + 11109*x13*x4/10000 + 11919*x13*x5/10000 + 2191*x13*x6/2000 + 12319*x13*x7/10000 + 11337*x13*x8/10000 + 567*x13*x9/500 - 61319*x13/10000 + 2456*x14**2/125 + 201*x14*x15/200 + 22597*x14*x2/25000 + 10539*x14*x3/10000 + 5079*x14*x4/5000 + 5109*x14*x5/5000 + 10049*x14*x6/10000 + 1281*x14*x7/1250 + 23417*x14*x8/25000 + 96989*x14*x9/100000 - 7001*x14/1250 + 3937*x15**2/200 + 49757*x15*x2/50000 + 10691*x15*x3/10000 + 3103*x15*x4/3125 + 10761*x15*x5/10000 + 10193*x15*x6/10000 + 2233*x15*x7/2000 + 5127*x15*x8/5000 + 10211*x15*x9/10000 - 3586*x15/625 + 3927*x2**2/200 + 48429*x2*x3/50000 + 11149*x2*x4/12500 + 2641*x2*x5/2500 + 22119*x2*x6/25000 + 10953*x2*x7/10000 + 24367*x2*x8/25000 + 46131*x2*x9/50000 - 50777*x2/10000 + 3943*x3**2/200 + 10927*x3*x4/10000 + 5291*x3*x5/5000 + 1349*x3*x6/1250 + 5499*x3*x7/5000 + 96729*x3*x8/100000 + 5221*x3*x9/5000 - 59951*x3/10000 + 3949*x4**2/200 + 47489*x4*x5/50000 + 5053*x4*x6/5000 + 2579*x4*x7/2500 + 17221*x4*x8/20000 + 10563*x4*x9/10000 - 61319*x4/10000 + 9857*x5**2/500 + 5101*x5*x6/5000 + 5779*x5*x7/5000 + 133*x5*x8/125 + 10211*x5*x9/10000 - 3586*x5/625 + 19689*x6**2/1000 + 6197*x6*x7/6250 + 18061*x6*x8/20000 + 97643*x6*x9/100000 - 14183*x6/2500 + 9873*x7**2/500 + 1079*x7*x8/1000 + 10773*x7*x9/10000 - 59307*x7/10000 + 19637*x8**2/1000 + 17571*x8*x9/20000 - 25067*x8/5000 + 4923*x9**2/250 - 59307*x9/10000 + 32961/1000",
    "Q": "[[32.96051918233124, -2.9693867150348394, -2.496783089573285, -2.9628541466872256, -2.826629923173107, -2.8777342647591917, -3.052703479268118, -3.002254816887766, -2.5248540228362972, -2.857420480536785, -2.814157249868741, -3.0813075762459907, -2.880662987534238, -3.0807810241914955, -5.857871720774251, -2.7148527482289166], [-2.9693867150348394, 19.692097150443544, 0.4340047403046987, 0.5292167820759854, 0.49330830998522474, 0.5029794801809744, 0.5251498823523681, 0.5250821141874567, 0.46092307433911717, 0.5031921958155762, 0.4944983028877374, 0.5615094252378747, 0.49519249512021096, 0.5075006260967098, 0.6985678819153328, 0.49250631972515657], [-2.496783089573285, 0.4340047403046987, 19.635828963709823, 0.5304963907485145, 0.45961898926422284, 0.5286807886817648, 0.4226705229671459, 0.4877451300418862, 0.4924630572459077, 0.5039485877614488, 0.4618549992707317, 0.5600053664993341, 0.4586005966041567, 0.46287129520326165, 0.624740085277458, 0.4412751616774142], [-2.9628541466872256, 0.5292167820759854, 0.5304963907485145, 19.746008532772986, 0.5010103718271584, 0.5703209697161121, 0.5191317042773683, 0.5482822110114319, 0.5407025930948313, 0.5550308869591423, 0.5226458632626255, 0.625412645765717, 0.5013791883250569, 0.5302871648710762, 0.7304684236642418, 0.513561889900598], [-2.826629923173107, 0.49330830998522474, 0.45961898926422284, 0.5010103718271584, 19.687118289493263, 0.5041023176806294, 0.5106879943369085, 0.5337475032769724, 0.4416661614849361, 0.5009232135884336, 0.4944857413726695, 0.5457839890134959, 0.5329811990866407, 0.49570212607172925, 0.668078542888505, 0.4775958524003683], [-2.8777342647591917, 0.5029794801809744, 0.5286807886817648, 0.5703209697161121, 0.5041023176806294, 19.715324145077055, 0.4738372827188276, 0.5352492065817753, 0.5214044300090696, 0.5398368336789572, 0.5076500835782978, 0.601877959195284, 0.5049954405145926, 0.514325646052763, 0.7115937721276469, 0.49800008457184486], [-3.052703479268118, 0.5251498823523681, 0.4226705229671459, 0.5191317042773683, 0.5106879943369085, 0.4738372827188276, 19.742305830881413, 0.536353024635498, 0.4343580652738275, 0.5024394322919311, 0.4990759063725785, 0.556834379084678, 0.5120991097517497, 0.5191249560550878, 0.7053132955663691, 0.4922985738926096], [-3.002254816887766, 0.5250821141874567, 0.4877451300418862, 0.5482822110114319, 0.5337475032769724, 0.5352492065817753, 0.536353024635498, 19.716465628906764, 0.4787743985995106, 0.5299437690187468, 0.5195401640076691, 0.5824361899033826, 0.5381568832421055, 0.5261451957343694, 0.7190123939661003, 0.5037842771137601], [-2.5248540228362972, 0.46092307433911717, 0.4924630572459077, 0.5407025930948313, 0.4416661614849361, 0.5214044300090696, 0.4343580652738275, 0.4787743985995106, 19.63292922708527, 0.501527480854425, 0.46051853533899884, 0.5687863683908064, 0.4367754299074203, 0.4620310951435144, 0.6282911914020183, 0.45329893426537854], [-2.857420480536785, 0.5031921958155762, 0.5039485877614488, 0.5550308869591423, 0.5009232135884336, 0.5398368336789572, 0.5024394322919311, 0.5299437690187468, 0.501527480854425, 19.6829121701783, 0.49671755944089085, 0.5877237756577349, 0.502483898452147, 0.5069026697672622, 0.6926756639845965, 0.48747245633476405], [-2.814157249868741, 0.4944983028877374, 0.4618549992707317, 0.5226458632626255, 0.4944857413726695, 0.5076500835782978, 0.4990759063725785, 0.5195401640076691, 0.46051853533899884, 0.49671755944089085, 19.650414172027467, 0.5555983385313503, 0.49484752521848696, 0.49336442553666626, 0.6632998371157489, 0.4762309020875128], [-3.0813075762459907, 0.5615094252378747, 0.5600053664993341, 0.625412645765717, 0.5457839890134959, 0.601877959195284, 0.556834379084678, 0.5824361899033826, 0.5687863683908064, 0.5877237756577349, 0.5555983385313503, 19.81528792066663, 0.5347570540301285, 0.5616799784759824, 0.775043903783749, 0.5455595091335472], [-2.880662987534238, 0.49519249512021096, 0.4586005966041567, 0.5013791883250569, 0.5329811990866407, 0.5049954405145926, 0.5120991097517497, 0.5381568832421055, 0.4367754299074203, 0.502483898452147, 0.49484752521848696, 0.5347570540301285, 19.70311001480836, 0.5007277478534602, 0.6773587980781418, 0.4771260248120035], [-3.0807810241914955, 0.5075006260967098, 0.46287129520326165, 0.5302871648710762, 0.49570212607172925, 0.514325646052763, 0.5191249560550878, 0.5261451957343694, 0.4620310951435144, 0.5069026697672622, 0.49336442553666626, 0.5616799784759824, 0.5007277478534602, 19.692646768166703, 0.7109371429804453, 0.489393635013288], [-5.857871720774251, 0.6985678819153328, 0.624740085277458, 0.7304684236642418, 0.668078542888505, 0.7115937721276469, 0.7053132955663691, 0.7190123939661003, 0.6282911914020183, 0.6926756639845965, 0.6632998371157489, 0.775043903783749, 0.6773587980781418, 0.7109371429804453, 25.825587770475497, 0.7009289721626412], [-2.7148527482289166, 0.49250631972515657, 0.4412751616774142, 0.513561889900598, 0.4775958524003683, 0.49800008457184486, 0.4922985738926096, 0.5037842771137601, 0.45329893426537854, 0.48747245633476405, 0.4762309020875128, 0.5455595091335472, 0.4771260248120035, 0.489393635013288, 0.7009289721626412, 19.617758630004445]]",
    "monomial_list": "[1, x9, x8, x7, x6, x5, x4, x3, x2, x15, x14, x13, x12, x11, x10, x1]"
}