{
    "name": "Multiplier-9",
    "rational_expression": "19251*x1**2/1000 + 18671*x1*x10/100000 + 21391*x1*x11/100000 + 5419*x1*x12/25000 + 2671*x1*x13/10000 + 132*x1*x14/625 + 11131*x1*x15/50000 + 18789*x1*x2/100000 + 2617*x1*x3/12500 + 9783*x1*x4/50000 + 11767*x1*x5/50000 + 843*x1*x6/4000 + 11113*x1*x7/50000 + 20657*x1*x8/100000 + 5519*x1*x9/50000 - 7191*x1/5000 + 19311*x10**2/1000 + 16059*x10*x11/100000 + 10111*x10*x12/50000 + 2979*x10*x13/10000 + 9753*x10*x14/50000 + 1007*x10*x15/4000 + 12993*x10*x2/50000 + 9657*x10*x3/50000 + 542*x10*x4/3125 + 6173*x10*x5/20000 + 9801*x10*x6/50000 + 1011*x10*x7/4000 + 16287*x10*x8/50000 + 17067*x10*x9/200000 - 10433*x10/5000 + 19263*x11**2/1000 + 18721*x11*x12/100000 + 24193*x11*x13/100000 + 18123*x11*x14/100000 + 19491*x11*x15/100000 + 20129*x11*x2/100000 + 17967*x11*x3/100000 + 20331*x11*x4/100000 + 12523*x11*x5/50000 + 1817*x11*x6/10000 + 147*x11*x7/625 + 11219*x11*x8/50000 + 22097*x11*x9/500000 - 17157*x11/10000 + 2413*x12**2/125 + 5159*x12*x13/25000 + 281*x12*x14/1250 + 9953*x12*x15/50000 + 12941*x12*x2/100000 + 4467*x12*x3/20000 + 2061*x12*x4/10000 + 12777*x12*x5/50000 + 263*x12*x6/1000 + 19961*x12*x7/100000 + 23037*x12*x8/100000 + 38073*x12*x9/10000000 - 18091*x12/10000 + 19351*x13**2/1000 + 23927*x13*x14/100000 + 29437*x13*x15/100000 + 6803*x13*x2/20000 + 11839*x13*x3/50000 + 21619*x13*x4/100000 + 157*x13*x5/500 + 5989*x13*x6/25000 + 1329*x13*x7/4000 + 4143*x13*x8/12500 + 3587*x13*x9/25000 - 109*x13/50 + 19267*x14**2/1000 + 3867*x14*x15/20000 + 4987*x14*x2/25000 + 5459*x14*x3/25000 + 20239*x14*x4/100000 + 1241*x14*x5/5000 + 22019*x14*x6/100000 + 23327*x14*x7/100000 + 2217*x14*x8/10000 - 11587*x14*x9/1000000 - 1044*x14/625 + 9653*x15**2/500 + 161*x15*x2/625 + 9587*x15*x3/50000 + 21231*x15*x4/100000 + 7653*x15*x5/25000 + 4857*x15*x6/25000 + 7203*x15*x7/25000 + 28509*x15*x8/100000 + 5021*x15*x9/62500 - 20413*x15/10000 + 19349*x2**2/1000 + 2007*x2*x3/12500 + 101*x2*x4/1000 + 35429*x2*x5/100000 + 2049*x2*x6/12500 + 16733*x2*x7/50000 + 37223*x2*x8/100000 + 10073*x2*x9/100000 - 22253*x2/10000 + 1927*x3**2/100 + 4043*x3*x4/20000 + 20769*x3*x5/100000 + 11*x3*x6/50 + 3861*x3*x7/20000 + 4597*x3*x8/25000 - 11587*x3*x9/1000000 - 1044*x3/625 + 19271*x4**2/1000 + 14703*x4*x5/100000 + 20383*x4*x6/100000 + 10669*x4*x7/50000 + 19839*x4*x8/250000 - 71871*x4*x9/10000000 - 783*x4/625 + 3877*x5**2/200 + 4237*x5*x6/20000 + 30981*x5*x7/100000 + 19489*x5*x8/50000 + 17963*x5*x9/100000 - 1566*x5/625 + 3859*x6**2/200 + 1973*x6*x7/10000 + 4743*x6*x8/25000 - 12357*x6*x9/10000000 - 8819*x6/5000 + 19339*x7**2/1000 + 1643*x7*x8/5000 + 3461*x7*x9/25000 - 21347*x7/10000 + 2432*x8**2/125 + 8903*x8*x9/50000 - 14609*x8/5000 + 3092*x9**2/125 - 10297*x9/2000 + 23193/1000",
    "Q": "[[23.193224229857915, -2.573890420453045, -1.4710779163965886, -1.0586254044146381, -0.8854263458095506, -1.2590032810866971, -0.623234706962282, -0.8365945412560215, -1.1045588022144008, -1.0312212899203108, -0.8348642766595624, -1.0801800320428367, -0.8951731966113748, -0.855016512559586, -1.044596655789794, -0.7141883287527442], [-2.573890420453045, 24.735234668397187, 0.09510942877533639, 0.056586815594505825, 0.009027146526940285, 0.09098282499338083, -0.015251702894491171, 0.006109859111544406, 0.054843953283357096, 0.04162471770962434, 0.005327420771208508, 0.05997766361761154, 0.012855172939436959, 0.015045806650876514, 0.03328266468629594, 0.05386669994306402], [-1.4710779163965886, 0.09510942877533639, 19.457906925752088, 0.16086061869525356, 0.10338440633965683, 0.20174599644652888, 0.046117653558558964, 0.09452525923981601, 0.182647425530223, 0.14813673161571908, 0.10267587688971014, 0.1610827869014244, 0.10605434699368962, 0.10454419511457116, 0.15728393448151343, 0.09410229098853332], [-1.0586254044146381, 0.056586815594505825, 0.16086061869525356, 19.337624099335397, 0.0907428145954199, 0.161076585878802, 0.09956754759690645, 0.10596865034557558, 0.15992975648255703, 0.13651718379011646, 0.11450617097360491, 0.16365460051867414, 0.0917452007944486, 0.11282124294847813, 0.13400003221751666, 0.11926819102988019], [-0.8854263458095506, 0.009027146526940285, 0.10338440633965683, 0.0907428145954199, 19.295701536374295, 0.11608157515987119, 0.10710083104438545, 0.11470912029705377, 0.07577423450517366, 0.10536971101171645, 0.10673511523351058, 0.1104894421326271, 0.13972946298680897, 0.09575891913688046, 0.10416743712824865, 0.1003605733988998], [-1.2590032810866971, 0.09098282499338083, 0.20174599644652888, 0.161076585878802, 0.11608157515987119, 19.385517209439993, 0.07191211925016919, 0.11138377340856867, 0.17007133487703152, 0.14562029777747212, 0.11949392499476927, 0.16363554552898232, 0.11798715703105368, 0.11824624492524223, 0.14877959258856668, 0.12346557360850133], [-0.623234706962282, -0.015251702894491171, 0.046117653558558964, 0.09956754759690645, 0.10710083104438545, 0.07191211925016919, 19.27069098155083, 0.1075377636171923, 0.05957787127525865, 0.0966774734992134, 0.10167564325910511, 0.11422365662641164, 0.10441319467591051, 0.09828571834008647, 0.07911243738621479, 0.10294274333088478], [-0.8365945412560215, 0.006109859111544406, 0.09452525923981601, 0.10596865034557558, 0.11470912029705377, 0.11138377340856867, 0.1075377636171923, 19.270186116226572, 0.08155388276508059, 0.10401503284484168, 0.10440147716671842, 0.11343312501266781, 0.1173546130661881, 0.09824616927345456, 0.09825249058768813, 0.10015290550568998], [-1.1045588022144008, 0.054843953283357096, 0.182647425530223, 0.15992975648255703, 0.07577423450517366, 0.17007133487703152, 0.05957787127525865, 0.08155388276508059, 19.34803531767781, 0.13322255463244642, 0.09602183370590602, 0.16085742934261052, 0.0725659614379563, 0.09318946088913939, 0.13838928793907015, 0.1022623771254479], [-1.0312212899203108, 0.04162471770962434, 0.14813673161571908, 0.13651718379011646, 0.10536971101171645, 0.14562029777747212, 0.0966774734992134, 0.10401503284484168, 0.13322255463244642, 19.30707377087955, 0.10279103688662822, 0.141671993690009, 0.1070618973988732, 0.10419634540333395, 0.12304120106725926, 0.10645497452285171], [-0.8348642766595624, 0.005327420771208508, 0.10267587688971014, 0.11450617097360491, 0.10673511523351058, 0.11949392499476927, 0.10167564325910511, 0.10440147716671842, 0.09602183370590602, 0.10279103688662822, 19.266501613178114, 0.12248823410449843, 0.10566429354172653, 0.09643718689590303, 0.10245408484899043, 0.10244512394543058], [-1.0801800320428367, 0.05997766361761154, 0.1610827869014244, 0.16365460051867414, 0.1104894421326271, 0.16363554552898232, 0.11422365662641164, 0.11343312501266781, 0.16085742934261052, 0.141671993690009, 0.12248823410449843, 19.350194632109233, 0.09967146186703968, 0.12020448224867215, 0.14357960373126877, 0.12807577471379114], [-0.8951731966113748, 0.012855172939436959, 0.10605434699368962, 0.0917452007944486, 0.13972946298680897, 0.11798715703105368, 0.10441319467591051, 0.1173546130661881, 0.0725659614379563, 0.1070618973988732, 0.10566429354172653, 0.09967146186703968, 19.303389885932773, 0.09743265147721555, 0.10126071442446402, 0.09811952543312652], [-0.855016512559586, 0.015045806650876514, 0.10454419511457116, 0.11282124294847813, 0.09575891913688046, 0.11824624492524223, 0.09828571834008647, 0.09824616927345456, 0.09318946088913939, 0.10419634540333395, 0.09643718689590303, 0.12020448224867215, 0.09743265147721555, 19.26282338764117, 0.08576587438993266, 0.0999032571672451], [-1.044596655789794, 0.03328266468629594, 0.15728393448151343, 0.13400003221751666, 0.10416743712824865, 0.14877959258856668, 0.07911243738621479, 0.09825249058768813, 0.13838928793907015, 0.12304120106725926, 0.10245408484899043, 0.14357960373126877, 0.10126071442446402, 0.08576587438993266, 19.311247224709174, 0.10235693926600356], [-0.7141883287527442, 0.05386669994306402, 0.09410229098853332, 0.11926819102988019, 0.1003605733988998, 0.12346557360850133, 0.10294274333088478, 0.10015290550568998, 0.1022623771254479, 0.10645497452285171, 0.10244512394543058, 0.12807577471379114, 0.09811952543312652, 0.0999032571672451, 0.10235693926600356, 19.250632118524795]]",
    "monomial_list": "[1, x9, x8, x7, x6, x5, x4, x3, x2, x15, x14, x13, x12, x11, x10, x1]"
}