{
    "name": "Multiplier-15",
    "rational_expression": "3809*x1**2/200 - 25309*x1*x10/100000 - 25667*x1*x11/100000 - 13067*x1*x12/50000 - 14581*x1*x13/50000 - 5363*x1*x14/20000 - 30033*x1*x15/50000 - 13747*x1*x2/50000 - 3529*x1*x3/12500 - 768*x1*x4/3125 - 14117*x1*x5/50000 - 6257*x1*x6/25000 - 28649*x1*x7/100000 - 1443*x1*x8/5000 - 2579*x1*x9/10000 + 1864*x1/3125 + 4761*x10**2/250 - 16239*x10*x11/50000 - 3663*x10*x12/12500 - 14221*x10*x13/50000 - 7503*x10*x14/25000 - 79513*x10*x15/100000 - 5797*x10*x2/25000 - 6997*x10*x3/25000 - 32091*x10*x4/100000 - 27953*x10*x5/100000 - 1153*x10*x6/4000 - 28397*x10*x7/100000 - 24613*x10*x8/100000 - 5917*x10*x9/20000 + 17389*x10/25000 + 476*x11**2/25 - 29291*x11*x12/100000 - 32263*x11*x13/100000 - 7507*x11*x14/25000 - 39287*x11*x15/50000 - 3111*x11*x2/10000 - 28091*x11*x3/100000 - 28411*x11*x4/100000 - 6379*x11*x5/20000 - 28941*x11*x6/100000 - 32379*x11*x7/100000 - 261*x11*x8/800 - 29797*x11*x9/100000 + 7039*x11/12500 + 2384*x12**2/125 - 18167*x12*x13/50000 - 6611*x12*x14/25000 - 19669*x12*x15/25000 - 7009*x12*x2/20000 - 24287*x12*x3/100000 - 4913*x12*x4/20000 - 16019*x12*x5/50000 - 21077*x12*x6/100000 - 9051*x12*x7/25000 - 28993*x12*x8/100000 - 29851*x12*x9/100000 + 3311*x12/6250 + 3801*x13**2/200 - 33091*x13*x14/100000 - 42129*x13*x15/50000 - 26447*x13*x2/100000 - 17427*x13*x3/50000 - 31611*x13*x4/100000 - 15537*x13*x5/50000 - 35879*x13*x6/100000 - 31599*x13*x7/100000 - 31813*x13*x8/100000 - 33041*x13*x9/100000 + 10767*x13/12500 + 4761*x14**2/250 - 78609*x14*x15/100000 - 31403*x14*x2/100000 - 3541*x14*x3/12500 - 3081*x14*x4/12500 - 32149*x14*x5/100000 - 786*x14*x6/3125 - 3261*x14*x7/10000 - 29119*x14*x8/100000 - 25949*x14*x9/100000 + 4969*x14/10000 + 4817*x15**2/200 - 7881*x15*x2/10000 - 39219*x15*x3/50000 - 74859*x15*x4/100000 - 80503*x15*x5/100000 - 4773*x15*x6/6250 - 81941*x15*x7/100000 - 3157*x15*x8/4000 - 14923*x15*x9/20000 - 3397*x15/2500 + 4763*x2**2/250 - 6291*x2*x3/20000 - 7967*x2*x4/25000 - 13799*x2*x5/50000 - 2021*x2*x6/6250 - 5613*x2*x7/20000 - 6067*x2*x8/25000 - 14687*x2*x9/50000 + 207*x2/250 + 19043*x3**2/1000 - 24483*x3*x4/100000 - 7983*x3*x5/25000 - 12493*x3*x6/50000 - 32379*x3*x7/100000 - 261*x3*x8/800 - 29797*x3*x9/100000 + 7039*x3/12500 + 9539*x4**2/500 - 19791*x4*x5/50000 - 2509*x4*x6/10000 - 32549*x4*x7/100000 - 9139*x4*x8/25000 - 25949*x4*x9/100000 + 4969*x4/10000 + 4757*x5**2/250 - 8081*x5*x6/25000 - 31823*x5*x7/100000 - 24317*x5*x8/100000 - 8287*x5*x9/25000 + 79463*x5/100000 + 19067*x6**2/1000 - 9051*x6*x7/25000 - 28993*x6*x8/100000 - 29851*x6*x9/100000 + 3311*x6/6250 + 951*x7**2/50 - 28183*x7*x8/100000 - 6619*x7*x9/20000 + 207*x7/250 + 19053*x8**2/1000 - 18381*x8*x9/50000 + 10767*x8/12500 + 3811*x9**2/200 + 3311*x9/6250 + 4141/250",
    "Q": "[[16.564314511734597, 0.257596552851329, 0.43735676140076596, 0.4166259122229503, 0.2618609159188715, 0.3947428197747505, 0.25435739613474073, 0.28656734754337726, 0.407385943578534, -0.6724599076584407, 0.2506071431893212, 0.42892755967911117, 0.272423117582057, 0.28207232000173443, 0.3513510775151267, 0.29162218505249754], [0.257596552851329, 19.05481118639939, -0.17607548781924848, -0.16182185883738054, -0.13973743111687775, -0.17110454551364868, -0.12150683445006284, -0.14210310551218602, -0.1524177274422396, -0.3779364839199581, -0.13840864179820117, -0.16650085857831556, -0.13992840965734138, -0.14149427209414775, -0.14870978655573133, -0.1199875971635018], [0.43735676140076596, -0.17607548781924848, 19.05351731333478, -0.14179626007635257, -0.15191399512595077, -0.13020249785800428, -0.1783420601979901, -0.1565166616744978, -0.11458804882325727, -0.4036268582228226, -0.15068346559306556, -0.15098511689384572, -0.15160171767885838, -0.1545202733218196, -0.12325257814394176, -0.14619082800065547], [0.4166259122229503, -0.16182185883738054, -0.14179626007635257, 19.020545659878064, -0.17742022070003544, -0.1533031813185576, -0.16550147117061836, -0.17057161333210744, -0.13044449918801893, -0.41515498992429584, -0.15915354416227634, -0.15724701688973128, -0.17709266377678728, -0.1619751461832297, -0.1454941640627262, -0.14447925219420193], [0.2618609159188715, -0.13973743111687775, -0.15191399512595077, -0.17742022070003544, 19.06648923325002, -0.16235214053564448, -0.12383034050918869, -0.1276022739697404, -0.16359100604496524, -0.38398389958934126, -0.1323121763754017, -0.17345360199188342, -0.10297051628686311, -0.14111021764283435, -0.13824094037715795, -0.12553436295207673], [0.3947428197747505, -0.17110454551364868, -0.13020249785800428, -0.1533031813185576, -0.16235214053564448, 19.02857552562918, -0.188307502989758, -0.1674122494347218, -0.1334293317729229, -0.4049351855834337, -0.15862249147357788, -0.16379457007729498, -0.16179352843846545, -0.1628885577803311, -0.14270094944767153, -0.14477011317846644], [0.25435739613474073, -0.12150683445006284, -0.1783420601979901, -0.16550147117061836, -0.12383034050918869, -0.188307502989758, 19.077985569845406, -0.13015056135386782, -0.16764332781426827, -0.37119916035248723, -0.13215105534745797, -0.16555960468625636, -0.12516603822761055, -0.13249551921890723, -0.15075652598769892, -0.11901114542910735], [0.28656734754337726, -0.14210310551218602, -0.1565166616744978, -0.17057161333210744, -0.1276022739697404, -0.1674122494347218, -0.13015056135386782, 19.04304788079392, -0.16084779710993785, -0.39445372853984545, -0.13912548806024813, -0.1771355670461138, -0.12510507266269955, -0.14411470932179, -0.14525129506940265, -0.13091504499969903], [0.407385943578534, -0.1524177274422396, -0.11458804882325727, -0.13044449918801893, -0.16359100604496524, -0.1334293317729229, -0.16764332781426827, -0.16084779710993785, 19.0518215237581, -0.392684777720047, -0.1484516290995664, -0.1400829635438606, -0.16652022408614828, -0.15289901995388594, -0.1219949765702496, -0.13401916193010524], [-0.6724599076584407, -0.3779364839199581, -0.4036268582228226, -0.41515498992429584, -0.38398389958934126, -0.4049351855834337, -0.37119916035248723, -0.39445372853984545, -0.392684777720047, 24.085768836299547, -0.385905137011583, -0.43034436715038404, -0.3817366181610251, -0.3818366823804676, -0.39498707938376265, -0.3108907462380517], [0.2506071431893212, -0.13840864179820117, -0.15068346559306556, -0.15915354416227634, -0.1323121763754017, -0.15862249147357788, -0.13215105534745797, -0.13912548806024813, -0.1484516290995664, -0.385905137011583, 19.044023483989566, -0.16423678459152155, -0.1328426424802425, -0.1423247640009584, -0.1402653588501459, -0.12588039654637986], [0.42892755967911117, -0.16650085857831556, -0.15098511689384572, -0.15724701688973128, -0.17345360199188342, -0.16379457007729498, -0.16555960468625636, -0.1771355670461138, -0.1400829635438606, -0.43034436715038404, -0.16423678459152155, 19.005314542060855, -0.1815437522649358, -0.1673647841399817, -0.14909072184097635, -0.1482456187358241], [0.272423117582057, -0.13992840965734138, -0.15160171767885838, -0.17709266377678728, -0.10297051628686311, -0.16179352843846545, -0.12516603822761055, -0.12510507266269955, -0.16652022408614828, -0.3817366181610251, -0.1328426424802425, -0.1815437522649358, 19.07127413443662, -0.13959663498233885, -0.14078093794764393, -0.12709238445490842], [0.28207232000173443, -0.14149427209414775, -0.1545202733218196, -0.1619751461832297, -0.14111021764283435, -0.1628885577803311, -0.13249551921890723, -0.14411470932179, -0.15289901995388594, -0.3818366823804676, -0.1423247640009584, -0.1673647841399817, -0.13959663498233885, 19.03901624679299, -0.15444991576956588, -0.12709751770795097], [0.3513510775151267, -0.14870978655573133, -0.12325257814394176, -0.1454941640627262, -0.13824094037715795, -0.14270094944767153, -0.15075652598769892, -0.14525129506940265, -0.1219949765702496, -0.39498707938376265, -0.1402653588501459, -0.14909072184097635, -0.14078093794764393, -0.15444991576956588, 19.04461616460148, -0.12998191415663848], [0.29162218505249754, -0.1199875971635018, -0.14619082800065547, -0.14447925219420193, -0.12553436295207673, -0.14477011317846644, -0.11901114542910735, -0.13091504499969903, -0.13401916193010524, -0.3108907462380517, -0.12588039654637986, -0.1482456187358241, -0.12709238445490842, -0.12709751770795097, -0.12998191415663848, 19.04462600611203]]",
    "monomial_list": "[1, x9, x8, x7, x6, x5, x4, x3, x2, x15, x14, x13, x12, x11, x10, x1]"
}