{
    "name": "Multiplier-13",
    "rational_expression": "18939*x1**2/1000 - 23459*x1*x10/50000 - 45359*x1*x11/100000 - 9343*x1*x12/20000 - 10023*x1*x13/10000 - 11183*x1*x14/25000 - 47587*x1*x15/100000 - 11131*x1*x2/25000 - 44891*x1*x3/100000 - 42107*x1*x4/100000 - 10309*x1*x5/20000 - 45533*x1*x6/100000 - 13121*x1*x7/25000 - 48181*x1*x8/100000 - 43209*x1*x9/100000 + 4189*x1/2500 + 18937*x10**2/1000 - 12689*x10*x11/25000 - 26301*x10*x12/50000 - 2351*x10*x13/2000 - 47289*x10*x14/100000 - 6253*x10*x15/12500 - 43087*x10*x2/100000 - 51493*x10*x3/100000 - 48803*x10*x4/100000 - 25213*x10*x5/50000 - 12141*x10*x6/25000 - 51313*x10*x7/100000 - 867*x10*x8/2000 - 49891*x10*x9/100000 + 227*x10/125 + 9461*x11**2/500 - 49123*x11*x12/100000 - 11703*x11*x13/10000 - 25813*x11*x14/50000 - 54469*x11*x15/100000 - 5173*x11*x2/10000 - 52197*x11*x3/100000 - 1141*x11*x4/2500 - 55177*x11*x5/100000 - 49173*x11*x6/100000 - 56277*x11*x7/100000 - 52031*x11*x8/100000 - 50877*x11*x9/100000 + 16461*x11/10000 + 9491*x12**2/500 - 5737*x12*x13/5000 - 2361*x12*x14/5000 - 27197*x12*x15/50000 - 6951*x12*x2/12500 - 47419*x12*x3/100000 - 5587*x12*x4/12500 - 3673*x12*x5/6250 - 40149*x12*x6/100000 - 63769*x12*x7/100000 - 55327*x12*x8/100000 - 12481*x12*x9/25000 + 2911*x12/2500 + 11851*x13**2/500 - 11799*x13*x14/10000 - 12223*x13*x15/10000 - 737*x13*x2/625 - 11823*x13*x3/10000 - 11311*x13*x4/10000 - 311*x13*x5/250 - 5733*x13*x6/5000 - 6433*x13*x7/5000 - 47*x13*x8/40 - 1457*x13*x9/1250 + 73817*x13/100000 + 18929*x14**2/1000 - 54859*x14*x15/100000 - 48263*x14*x2/100000 - 12153*x14*x3/25000 - 11461*x14*x4/25000 - 55441*x14*x5/100000 - 49359*x14*x6/100000 - 28281*x14*x7/50000 - 26147*x14*x8/50000 - 47281*x14*x9/100000 + 2023*x14/1250 + 4723*x15**2/250 - 49603*x15*x2/100000 - 13597*x15*x3/25000 - 10351*x15*x4/20000 - 28527*x15*x5/50000 - 5563*x15*x6/10000 - 54433*x15*x7/100000 - 12609*x15*x8/25000 - 1067*x15*x9/2000 + 18749*x15/10000 + 18947*x2**2/1000 - 53819*x2*x3/100000 - 6881*x2*x4/12500 - 24339*x2*x5/50000 - 55079*x2*x6/100000 - 49537*x2*x7/100000 - 10453*x2*x8/25000 - 4857*x2*x9/10000 + 20447*x2/10000 + 4731*x3**2/250 - 23083*x3*x4/50000 - 1864*x3*x5/3125 - 45889*x3*x6/100000 - 60831*x3*x7/100000 - 52789*x3*x8/100000 - 51527*x3*x9/100000 + 3067*x3/2000 + 2372*x4**2/125 - 31691*x4*x5/50000 - 4587*x4*x6/10000 - 7127*x4*x7/12500 - 56541*x4*x8/100000 - 4387*x4*x9/10000 + 3903*x4/2500 + 18887*x5**2/1000 - 2939*x5*x6/5000 - 14291*x5*x7/25000 - 49631*x5*x8/100000 - 11301*x5*x9/20000 + 9929*x5/5000 + 4741*x6**2/250 - 7779*x6*x7/12500 - 27003*x6*x8/50000 - 6097*x6*x9/12500 + 681*x6/500 + 18867*x7**2/1000 - 25947*x7*x8/50000 - 3449*x7*x9/6250 + 4429*x7/2000 + 18941*x8**2/1000 - 1781*x8*x9/3125 + 9513*x8/5000 + 18939*x9**2/1000 + 16461*x9/10000 + 2839/200",
    "Q": "[[14.195188503929181, 0.8186355405167421, 0.9575044271369075, 1.1125985048684888, 0.6853395306147206, 0.9933736983559593, 0.7753301318024961, 0.7621136324855771, 1.0277839455282765, 0.9362061321789263, 0.8103566828529808, 0.3621449558579893, 0.5771483761355529, 0.8165286592583824, 0.9126327253994463, 0.8422462155846095], [0.8186355405167421, 18.938663301372053, -0.2820684151880298, -0.28210733720946085, -0.24679767515366405, -0.28837070364859896, -0.22281149529555122, -0.2515131477538681, -0.2515899915459787, -0.26875858342637926, -0.24216067348251435, -0.5762682471026866, -0.25077205058748137, -0.24759218816911402, -0.25015311351990915, -0.21820339397245053], [0.9575044271369075, -0.2820684151880298, 18.941836815222562, -0.2592066342845729, -0.2642310791262405, -0.24594756955699787, -0.2862426636967119, -0.2711837594663456, -0.21071285834331274, -0.25128437265874964, -0.2551224564335469, -0.5955034577880765, -0.27129541260747214, -0.261887027531727, -0.22284914290613334, -0.24494369410279584], [1.1125985048684888, -0.28210733720946085, -0.2592066342845729, 18.867350724593287, -0.3093083233262755, -0.2814434004725556, -0.28789674458950687, -0.3023256921274803, -0.23951869213562144, -0.27892796319530894, -0.2792006568092001, -0.6386456676091155, -0.31814983898840493, -0.284926847565438, -0.2592263553413325, -0.25819656481146663], [0.6853395306147206, -0.24679767515366405, -0.2642310791262405, -0.3093083233262755, 18.964606382025455, -0.2861938756538124, -0.2260554303063039, -0.23787791286556356, -0.27212170964620713, -0.27007165685147433, -0.23910675439597617, -0.5729128505127715, -0.2040295198047877, -0.25028288576069196, -0.24508091857732175, -0.22618907156273935], [0.9933736983559593, -0.28837070364859896, -0.24594756955699787, -0.2814434004725556, -0.2861938756538124, 18.887166788206848, -0.3082244028397294, -0.29417619357712843, -0.24231126555056468, -0.27671158923192374, -0.2760650616793903, -0.6185061942065831, -0.29053295769788606, -0.2823615921532237, -0.2552134769933582, -0.25484857638207775], [0.7753301318024961, -0.22281149529555122, -0.2862426636967119, -0.28789674458950687, -0.2260554303063039, -0.3082244028397294, 18.975024055396272, -0.23665481846131195, -0.2683171180444178, -0.26508796893582065, -0.23403329287140556, -0.5655395123049394, -0.23109172003981135, -0.2365385066108358, -0.25210633769425655, -0.21602677588947022], [0.7621136324855771, -0.2515131477538681, -0.2711837594663456, -0.3023256921274803, -0.23787791286556356, -0.29417619357712843, -0.23665481846131195, 18.923774468306352, -0.26915741219504913, -0.27773929469516323, -0.24977762369295725, -0.5946768820154009, -0.23523910533951667, -0.2564195100197132, -0.2550368481844666, -0.2333824434947961], [1.0277839455282765, -0.2515899915459787, -0.21071285834331274, -0.23951869213562144, -0.27212170964620713, -0.24231126555056468, -0.2683171180444178, -0.26915741219504913, 18.947435291699037, -0.24248871527537383, -0.2459276093498335, -0.5895661040715513, -0.2868297558304986, -0.2546300463399716, -0.21284843577569343, -0.22730686277557077], [0.9362061321789263, -0.26875858342637926, -0.25128437265874964, -0.27892796319530894, -0.27007165685147433, -0.27671158923192374, -0.26508796893582065, -0.27773929469516323, -0.24248871527537383, 18.89162918806768, -0.26677482652340867, -0.6107230336020079, -0.273953458424276, -0.26960986218936706, -0.24906570536079733, -0.24619945968651658], [0.8103566828529808, -0.24216067348251435, -0.2551224564335469, -0.2792006568092001, -0.23910675439597617, -0.2760650616793903, -0.23403329287140556, -0.24977762369295725, -0.2459276093498335, -0.26677482652340867, 18.928613101212328, -0.5837915737395585, -0.2440669169971177, -0.24893384796245688, -0.24040809287635456, -0.2244880267510845], [0.3621449558579893, -0.5762682471026866, -0.5955034577880765, -0.6386456676091155, -0.5729128505127715, -0.6185061942065831, -0.5655395123049394, -0.5946768820154009, -0.5895661040715513, -0.6107230336020079, -0.5837915737395585, 23.70033840345271, -0.5631422183073982, -0.5796582514632528, -0.5881965756542329, -0.5015140125024429], [0.5771483761355529, -0.25077205058748137, -0.27129541260747214, -0.31814983898840493, -0.2040295198047877, -0.29053295769788606, -0.23109172003981135, -0.23523910533951667, -0.2868297558304986, -0.273953458424276, -0.2440669169971177, -0.5631422183073982, 18.98163836783601, -0.2514590403424202, -0.2562488913762573, -0.23087690506642675], [0.8165286592583824, -0.24759218816911402, -0.261887027531727, -0.284926847565438, -0.25028288576069196, -0.2823615921532237, -0.2365385066108358, -0.2564195100197132, -0.2546300463399716, -0.26960986218936706, -0.24893384796245688, -0.5796582514632528, -0.2514590403424202, 18.92030823206376, -0.2590312676875643, -0.22754762736516507], [0.9126327253994463, -0.25015311351990915, -0.22284914290613334, -0.2592263553413325, -0.24508091857732175, -0.2552134769933582, -0.25210633769425655, -0.2550368481844666, -0.21284843577569343, -0.24906570536079733, -0.24040809287635456, -0.5881965756542329, -0.2562488913762573, -0.2590312676875643, 18.938863515768155, -0.22549760631507365], [0.8422462155846095, -0.21820339397245053, -0.24494369410279584, -0.25819656481146663, -0.22618907156273935, -0.25484857638207775, -0.21602677588947022, -0.2333824434947961, -0.22730686277557077, -0.24619945968651658, -0.2244880267510845, -0.5015140125024429, -0.23087690506642675, -0.22754762736516507, -0.22549760631507365, 18.94045067299342]]",
    "monomial_list": "[1, x9, x8, x7, x6, x5, x4, x3, x2, x15, x14, x13, x12, x11, x10, x1]"
}