{
    "name": "Total Decomposition",
    "rational_expression": "1819*x1**4/500 - 3481*x1**3*x2/12500 - 18067*x1**3/2000 + 11781*x1**2*x2**2/1250 + 35519*x1**2*x2/100000 + 16729*x1**2/2500 - 447*x1*x2**3/2000 - 84657*x1*x2**2/10000 + 39687*x1*x2/5000 + 4607*x1/2000 + 15439*x2**4/2500 - 7831*x2**3/25000 + 7591*x2**2/1000 + 5551*x2/500 + 8593/500",
    "Q": "[ 1.72e+01  5.55e+00  1.16e+00 -9.55e-01  2.26e+00 -1.97e+00]\n[ 5.55e+00  9.52e+00  1.70e+00 -1.54e-01 -1.66e+00 -7.64e-01]\n[ 1.16e+00  1.70e+00  1.06e+01 -2.57e+00  9.38e-01 -4.52e+00]\n[-9.55e-01 -1.54e-01 -2.57e+00  6.17e+00 -1.09e-01  1.06e+00]\n[ 2.26e+00 -1.66e+00  9.38e-01 -1.09e-01  7.29e+00 -1.39e-01]\n[-1.97e+00 -7.64e-01 -4.52e+00  1.06e+00 -1.39e-01  3.64e+00]",
    "monomial_list": "[1, x2, x1, x2**2, x1*x2, x1**2]"
}