{
    "name": "Total Decomposition",
    "rational_expression": "273*x1**4/500 + 231*x1**3*x2/50000 - 149*x1**3*x3/100000 - 7*x1**3/2500 + 11*x1**2*x2**2/10 - 271*x1**2*x2*x3/100000 + 941*x1**2*x2/100000 + 109*x1**2*x3**2/100 - 31*x1**2*x3/20000 + 153*x1**2/250 + 39*x1*x2**3/10000 + 253*x1*x2**2*x3/1000000 - 237*x1*x2**2/100000 + 479*x1*x2*x3**2/100000 - 117*x1*x2*x3/100000 - 71*x1*x2/500 - 421*x1*x3**3/500000 - 17*x1*x3**2/6250 + 199*x1*x3/5000 + 353*x1/5000 + 11*x2**4/20 - 113*x2**3*x3/50000 + x2**3/100 + 109*x2**2*x3**2/100 - 599*x2**2*x3/1000000 + 62*x2**2/125 - 191*x2*x3**3/100000 + 61*x2*x3**2/6250 + 861*x2*x3/10000 - 3*x2/20 + 543*x3**4/1000 - 199*x3**3/250000 + 343*x3**2/500 + 37*x3/2000 + 68/125",
    "Q": "[[0.543867817514898, 0.009245222102567154, -0.07499692230795828, 0.03546538093195642, -0.02333093793445236, 0.02212447835230155, 0.009666411004524013, -0.07287357644706124, -0.0334633795756226, -0.04115175789648149], [0.009245222102567154, 0.732812093629263, 0.020664361770435548, 0.010210051416055872, -0.0006918037807631073, 4.693772656304327e-05, 0.0008588190528972698, -0.00010854267087744612, -0.00042114822405668985, -0.0010944468675985035], [-0.07499692230795828, 0.020664361770435548, 0.6416270938148664, -0.03723186697588541, 0.004762256481269277, -0.000583261109885851, -0.001195414991352808, 0.004809194207832798, 0.004765815952088046, 0.007524675598185476], [0.03546538093195642, 0.010210051416055872, -0.03723186697588541, 0.6953504612981339, -0.002148540441280779, 0.0016165632154094152, 0.00040264308683539705, -0.006055537340471527, -0.002715481390352731, -0.0012897213883835718], [-0.02333093793445236, -0.0006918037807631073, 0.004762256481269277, -0.002148540441280779, 0.5431974185015127, -0.0011174600324604042, -0.0004855324721085897, 0.07925371813322682, 0.0017909939053026695, 0.07703767987630607], [0.02212447835230155, 4.693772656304327e-05, -0.000583261109885851, 0.0016165632154094152, -0.0011174600324604042, 0.9347064651715448, 7.807156645614784e-05, -0.0011174600324603287, 0.00028995834361790165, -0.0015642425343635347], [0.009666411004524013, 0.0008588190528972698, -0.001195414991352808, 0.00040264308683539705, -0.0004855324721085897, 7.807156645614784e-05, 0.9345748916869417, -0.0007754908157262486, 0.00044678250190315994, -0.00048553247210868445], [-0.07287357644706124, -0.00010854267087744612, 0.004809194207832798, -0.006055537340471527, 0.07925371813322682, -0.0011174600324603287, -0.0007754908157262486, 0.5500164829464373, 0.0018690654717594096, 0.08162420301229847], [-0.0334633795756226, -0.00042114822405668985, 0.004765815952088046, -0.002715481390352731, 0.0017909939053026695, 0.00028995834361790165, 0.00044678250190315994, 0.0018690654717594096, 0.9322209098598807, 0.001869065471759562], [-0.04115175789648149, -0.0010944468675985035, 0.007524675598185476, -0.0012897213883835718, 0.07703767987630607, -0.0015642425343635347, -0.00048553247210868445, 0.08162420301229847, 0.001869065471759562, 0.5454528329479917]]",
    "monomial_list": "[1, x3, x2, x1, x3**2, x2*x3, x1*x3, x2**2, x1*x2, x1**2]"
}