{
    "name": "Total Decomposition",
    "rational_expression": "557*x1**4/1000 + 93*x1**3*x2/20000 - 7*x1**3*x3/6250 - 183*x1**3/100000 + 28*x1**2*x2**2/25 - 29*x1**2*x2*x3/12500 + 57*x1**2*x2/5000 + 111*x1**2*x3**2/100 - 33*x1**2*x3/100000 + 313*x1**2/500 + 423*x1*x2**3/100000 + 51*x1*x2**2*x3/50000 - 169*x1*x2**2/100000 + 237*x1*x2*x3**2/50000 - 237*x1*x2*x3/250000 - 71*x1*x2/500 - 659*x1*x3**3/1000000 - 113*x1*x3**2/100000 + 293*x1*x3/10000 + 599*x1/10000 + 563*x2**4/1000 - 59*x2**3*x3/25000 + 57*x2**3/5000 + 28*x2**2*x3**2/25 - 23*x2**2*x3/62500 + 249*x2**2/500 - 49*x2*x3**3/25000 + 59*x2*x3**2/5000 + 431*x2*x3/5000 - 167*x2/1000 + 111*x3**4/200 - 659*x3**3/1000000 + 349*x3**2/500 + 3*x3/200 + 72/125",
    "Q": "[[0.5755034733091509, 0.007494865160990104, -0.08347473417757147, 0.0296694417410332, -0.025530631547642693, 0.022726101618462384, 0.0076212033109009794, -0.07887847356739862, -0.034549430687782046, -0.043290144073840034], [0.007494865160990104, 0.7491748155519155, 0.020718887422009988, 0.0074484816428857245, -0.0006666417876504151, 6.523063704690053e-05, 0.0008071260972442515, 0.00017073372443197757, -0.000334653186818059, -0.0008731994199295731], [-0.08347473417757147, 0.020718887422009988, 0.6561567556927611, -0.036546437367005254, 0.005390941039949692, -0.0008373755120825821, -0.0009661378488877815, 0.005456171676996655, 0.004557963141031731, 0.008104012640671563], [0.0296694417410332, 0.0074484816428857245, -0.036546437367005254, 0.7122279526552424, -0.0017438456444841847, 0.0013007910357057749, 0.00020655763227926097, -0.005494682688272014, -0.002647840963675509, -0.0009367195472399982], [-0.025530631547642693, -0.0006666417876504151, 0.005390941039949692, -0.0017438456444841847, 0.5550320765984892, -0.0011319307023655828, -0.00038773331778227697, 0.0811297560647135, 0.0018445927246237542, 0.07868522335505887], [0.022726101618462384, 6.523063704690053e-05, -0.0008373755120825821, 0.0013007910357057749, -0.0011319307023655828, 0.9551155009290843, 4.9661836010708236e-05, -0.0011319307023656669, 0.00011736985913569895, -0.001618050981329774], [0.0076212033109009794, 0.0008071260972442515, -0.0009661378488877815, 0.00020655763227926097, -0.00038773331778227697, 4.9661836010708236e-05, 0.954948832794345, -0.0005051031769181129, 0.0004861202789642215, -0.00038773331778225886], [-0.07887847356739862, 0.00017073372443197757, 0.005456171676996655, -0.005494682688272014, 0.0811297560647135, -0.0011319307023656669, -0.0005051031769181129, 0.5623429364711641, 0.0018942545606345563, 0.08353066942151093], [-0.034549430687782046, -0.000334653186818059, 0.004557963141031731, -0.002647840963675509, 0.0018445927246237542, 0.00011736985913569895, 0.0004861202789642215, 0.0018942545606345563, 0.9525688005341151, 0.0018942545606344715], [-0.043290144073840034, -0.0008731994199295731, 0.008104012640671563, -0.0009367195472399982, 0.07868522335505887, -0.001618050981329774, -0.00038773331778225886, 0.08353066942151093, 0.0018942545606344715, 0.5572872029171173]]",
    "monomial_list": "[1, x3, x2, x1, x3**2, x2*x3, x1*x3, x2**2, x1*x2, x1**2]"
}