{
    "name": "Total Decomposition",
    "rational_expression": "1197*x1**4/500 - 2339*x1**3*x2/1000 + 909*x1**3/250 + 6411*x1**2*x2**2/10000 - 4877*x1**2*x2/5000 - 273*x1**2/40 + 229*x1*x2**3/500 + 1221*x1*x2**2/1000 + 1783*x1*x2/250 - 5373*x1/1000 + 1883*x2**4/2500 + 2319*x2**3/1000 + 4521*x2**2/1000 + 2813*x2/1000 + 363/40",
    "Q": "[ 9.07e+00  1.41e+00 -2.69e+00  7.41e-01  2.67e+00 -4.34e+00]\n[ 1.41e+00  3.03e+00  8.89e-01  1.16e+00  5.58e-01  2.84e-02]\n[-2.69e+00  8.89e-01  1.85e+00  5.31e-02 -5.15e-01  1.82e+00]\n[ 7.41e-01  1.16e+00  5.31e-02  7.52e-01  2.28e-01 -2.25e-01]\n[ 2.67e+00  5.58e-01 -5.15e-01  2.28e-01  1.09e+00 -1.17e+00]\n[-4.34e+00  2.84e-02  1.82e+00 -2.25e-01 -1.17e+00  2.39e+00]",
    "monomial_list": "[1, x2, x1, x2**2, x1*x2, x1**2]"
}