{
    "name": "Multiplier-5",
    "rational_expression": "101*x1**2/1000 + 281*x1*x2/10000 + 147*x1*x3/5000 + 67*x1*x4/2500 - 19*x1*x5/1250 + 31*x1*x6/1250 - 14*x1/625 + 13*x2**2/125 + 321*x2*x3/10000 + 303*x2*x4/10000 - 469*x2*x5/50000 + 263*x2*x6/10000 - 161*x2/10000 + 107*x3**2/1000 + 18*x3*x4/625 - 779*x3*x5/100000 + 151*x3*x6/5000 - 197*x3/10000 + 103*x4**2/1000 - 91*x4*x5/10000 + 51*x4*x6/2000 - 229*x4/10000 + 163*x5**2/1000 - 107*x5*x6/10000 + 89*x5/500 + 103*x6**2/1000 - 141*x6/5000 + 14/125",
    "Q": "[[0.11191593814604694, -0.014047951363548, 0.08884473358308195, -0.011464201364950797, -0.00988885684693347, -0.008041934701728013, -0.011167949735546644], [-0.014047951363548, 0.1024157611693106, -0.005301540565939676, 0.012724954589603025, 0.015054598912581414, 0.01308869623077297, 0.0123689555665702], [0.08884473358308195, -0.005301540565939676, 0.16293937687669877, -0.0045876188524511165, -0.0039016732214578473, -0.0046634572970429234, -0.0076207106053539], [-0.011464201364950797, 0.012724954589603025, -0.0045876188524511165, 0.10265398986960324, 0.014395554091239845, 0.01516763341882645, 0.013442519051914978], [-0.00988885684693347, 0.015054598912581414, -0.0039016732214578473, 0.014395554091239845, 0.10723599038935594, 0.016087163936347647, 0.014693618929450813], [-0.008041934701728013, 0.01308869623077297, -0.0046634572970429234, 0.01516763341882645, 0.016087163936347647, 0.1044547083000019, 0.01407980301328102], [-0.011167949735546644, 0.0123689555665702, -0.0076207106053539, 0.013442519051914978, 0.014693618929450813, 0.01407980301328102, 0.10116759174568628]]",
    "monomial_list": "[1, x6, x5, x4, x3, x2, x1]"
}