{
    "name": "Multiplier-4",
    "rational_expression": "497*x1**2/5000 + 131*x1*x2/10000 + 129*x1*x3/10000 - 301*x1*x4/10000 + 31*x1*x5/2500 + 191*x1*x6/20000 - 59*x1/2500 + 101*x2**2/1000 + 17*x2*x3/1250 - 209*x2*x4/10000 + 3*x2*x5/250 + 969*x2*x6/100000 - 21*x2/1250 + 13*x3**2/125 - 249*x3*x4/10000 + 11*x3*x5/1000 + 61*x3*x6/5000 - 21*x3/1000 + 171*x4**2/1000 - 251*x4*x5/10000 - 16*x4*x6/625 + 193*x4/1000 + 987*x5**2/10000 + 197*x5*x6/25000 - 69*x5/2500 + 499*x6**2/5000 - 18*x6/625 + 59/500",
    "Q": "[[0.11831710299557191, -0.014422265305580363, -0.013848350351968665, 0.09652137880026519, -0.010558058624117924, -0.008360284615846257, -0.01180161943798767], [-0.014422265305580363, 0.09927279930634819, 0.0038942706991588255, -0.012810437045176766, 0.0060971794590759425, 0.004832770801379349, 0.004758641185008274], [-0.013848350351968665, 0.0038942706991588255, 0.09831963363340274, -0.012583392597198585, 0.005470049275831084, 0.006023114670256314, 0.006205699811137239], [0.09652137880026519, -0.012810437045176766, -0.012583392597198585, 0.1703963566540765, -0.012429514447362233, -0.010390002928078464, -0.015009805029292781], [-0.010558058624117924, 0.0060971794590759425, 0.005470049275831084, -0.012429514447362233, 0.10312465740836527, 0.006809739537167296, 0.006450788959492568], [-0.008360284615846257, 0.004832770801379349, 0.006023114670256314, -0.010390002928078464, 0.006809739537167296, 0.10104445132947631, 0.006578215138997822], [-0.01180161943798767, 0.004758641185008274, 0.006205699811137239, -0.015009805029292781, 0.006450788959492568, 0.006578215138997822, 0.09948316462092054]]",
    "monomial_list": "[1, x6, x5, x4, x3, x2, x1]"
}