{
    "name": "Multiplier-4",
    "rational_expression": "19*x1**2/500 + 49*x1*x2/10000 + 2*x1*x3/625 - 133*x1*x4/10000 + 363*x1*x5/100000 + x1*x6/400 - 11*x1/1000 + 19*x2**2/500 + x2*x3/200 - 729*x2*x4/100000 + 3*x2*x5/800 + 2*x2*x6/625 - 13*x2/2500 + 19*x3**2/500 - 89*x3*x4/10000 + 87*x3*x5/50000 + 13*x3*x6/10000 - 51*x3/10000 + 339*x4**2/5000 - 23*x4*x5/2000 - 27*x4*x6/2500 + 899*x4/10000 + 377*x5**2/10000 + 131*x5*x6/100000 - 121*x5/10000 + 9*x6**2/250 - 11*x6/1000 + 11/200",
    "Q": "[[0.055204576913301995, -0.005277258174605634, -0.006080847328108425, 0.0451197898549078, -0.002555262707207012, -0.0026176271114526886, -0.005386329070162856], [-0.005277258174605634, 0.03688773388073378, 0.0006709975036662335, -0.0053924853185431665, 0.0006449768027565986, 0.0015887859286480453, 0.0012700838246393722], [-0.006080847328108425, 0.0006709975036662335, 0.0373504319166822, -0.005796760166683331, 0.0008869292591276633, 0.0018581559984077382, 0.0018156548279335695], [0.0451197898549078, -0.0053924853185431665, -0.005796760166683331, 0.06772926208646993, -0.004460934338717393, -0.003674395784092436, -0.006616823977747173], [-0.002555262707207012, 0.0006449768027565986, 0.0008869292591276633, -0.004460934338717393, 0.03791591716979538, 0.002440718014198242, 0.0015919750280625495], [-0.0026176271114526886, 0.0015887859286480453, 0.0018581559984077382, -0.003674395784092436, 0.002440718014198242, 0.03880104175993858, 0.002472263695086623], [-0.005386329070162856, 0.0012700838246393722, 0.0018156548279335695, -0.006616823977747173, 0.0015919750280625495, 0.002472263695086623, 0.0374248891966564]]",
    "monomial_list": "[1, x6, x5, x4, x3, x2, x1]"
}