{
    "name": "Multiplier-5",
    "rational_expression": "x1**2/25 + 7*x1*x2/500 + 27*x1*x3/2000 + 63*x1*x4/5000 - 467*x1*x5/100000 + 119*x1*x6/10000 - 19*x1/2000 + 421*x2**2/10000 + 33*x2*x3/2000 + 9*x2*x4/625 + 619*x2*x5/1000000 + 67*x2*x6/5000 - 21*x2/5000 + 419*x3**2/10000 + 137*x3*x4/10000 + 977*x3*x5/1000000 + 129*x3*x6/10000 - 19*x3/5000 + 403*x4**2/10000 - 113*x4*x5/100000 + 59*x4*x6/5000 - 81*x4/10000 + 657*x5**2/10000 - 17*x5*x6/12500 + 827*x5/10000 + x6**2/25 - 93*x6/10000 + 51/1000",
    "Q": "[[0.05073268771820989, -0.004603149988894643, 0.04108396132157796, -0.004027728367009163, -0.0018742262851212717, -0.0020910393843452564, -0.004702993515281885], [-0.004603149988894643, 0.04000849145336118, -0.0006971795268577232, 0.005863813642613506, 0.006366055380584768, 0.00665436478293172, 0.005876940211343029], [0.04108396132157796, -0.0006971795268577232, 0.06578846701416365, -0.0005431186745429235, 0.0005021748274996276, 0.00031069986666440626, -0.0022828137136111527], [-0.004027728367009163, 0.005863813642613506, -0.0005431186745429235, 0.04057468091845573, 0.0069011464701326936, 0.007278679332809467, 0.006304394642113052], [-0.0018742262851212717, 0.006366055380584768, 0.0005021748274996276, 0.0069011464701326936, 0.04198745299419468, 0.00827435771263359, 0.006749927696711964], [-0.0020910393843452564, 0.00665436478293172, 0.00031069986666440626, 0.007278679332809467, 0.00827435771263359, 0.04252859144411672, 0.007065670553315412], [-0.004702993515281885, 0.005876940211343029, -0.0022828137136111527, 0.006304394642113052, 0.006749927696711964, 0.007065670553315412, 0.03965108375712405]]",
    "monomial_list": "[1, x6, x5, x4, x3, x2, x1]"
}