{
    "name": "Multiplier-4",
    "rational_expression": "47*x1**2/2000 + 11*x1*x2/4000 + 99*x1*x3/50000 - 703*x1*x4/100000 + 19*x1*x5/10000 + 177*x1*x6/100000 - 567*x1/100000 + 23*x2**2/1000 + x2*x3/400 - 607*x2*x4/100000 + 51*x2*x5/25000 + 49*x2*x6/25000 - 13*x2/2500 + 23*x3**2/1000 - 137*x3*x4/25000 + 117*x3*x5/100000 + 117*x3*x6/100000 - 7*x3/2000 + 24*x4**2/625 - 527*x4*x5/100000 - 233*x4*x6/50000 + 469*x4/10000 + 117*x5**2/5000 + 743*x5*x6/1000000 - 27*x5/4000 + 233*x6**2/10000 - 297*x6/50000 + 27/1000",
    "Q": "[[0.026647321717038024, -0.0029415929102698493, -0.003340462328207102, 0.023161445733858498, -0.0017245834595466406, -0.002588645378696753, -0.002810096987087766], [-0.0029415929102698493, 0.02334194198953343, 0.0003733300828728034, -0.0023124283302802385, 0.0005798261582496219, 0.0009748794430362316, 0.0008800788976597488], [-0.003340462328207102, 0.0003733300828728034, 0.02339685227749308, -0.002611360902563258, 0.0005787155892367563, 0.0010051261847512398, 0.000952975288072707], [0.023161445733858498, -0.0023124283302802385, -0.002611360902563258, 0.03810351477583689, -0.002717918614485224, -0.003000398477579881, -0.0034817904954716926], [-0.0017245834595466406, 0.0005798261582496219, 0.0005787155892367563, -0.002717918614485224, 0.023299671653030676, 0.0012553244218854258, 0.00099669247775833], [-0.002588645378696753, 0.0009748794430362316, 0.0010051261847512398, -0.003000398477579881, 0.0012553244218854258, 0.023585064042836383, 0.0013754683603406771], [-0.002810096987087766, 0.0008800788976597488, 0.000952975288072707, -0.0034817904954716926, 0.00099669247775833, 0.0013754683603406771, 0.023159977368225376]]",
    "monomial_list": "[1, x6, x5, x4, x3, x2, x1]"
}