{
    "name": "Multiplier-1",
    "rational_expression": "89*x1**2/2000 - 299*x1*x2/50000 - 527*x1*x3/100000 - 7*x1*x4/1250 - 533*x1*x5/100000 - 459*x1*x6/100000 + 527*x1/10000 + 27*x2**2/1000 + 29*x2*x3/10000 + 29*x2*x4/12500 + 11*x2*x5/5000 + 21*x2*x6/10000 - 23*x2/5000 + 27*x3**2/1000 + 231*x3*x4/100000 + x3*x5/625 + x3*x6/625 - x3/500 + 137*x4**2/5000 + 83*x4*x5/50000 + 141*x4*x6/100000 - 633*x4/100000 + 27*x5**2/1000 + x5*x6/1000 - 61*x5/10000 + 27*x6**2/1000 - 3*x6/625 + 31/1000",
    "Q": "[[0.031062963950310146, -0.0024313393891774015, -0.0030696002998770794, -0.003156233882250077, -0.0009898005055554292, -0.002334033228783657, 0.02636705684773734], [-0.0024313393891774015, 0.027661839982259007, 0.0005271792808598364, 0.0007252563266932475, 0.0007786160097921209, 0.001060862106476895, -0.002299776091052343], [-0.0030696002998770794, 0.0005271792808598364, 0.027803224826003173, 0.0008483970100664433, 0.0008241189168532448, 0.0010831135488096801, -0.002673750041750026], [-0.003156233882250077, 0.0007252563266932475, 0.0008483970100664433, 0.027722855019744832, 0.0011660528806754496, 0.0011673638336879885, -0.002783815319341344], [-0.0009898005055554292, 0.0007786160097921209, 0.0008241189168532448, 0.0011660528806754496, 0.027482096399700354, 0.0014789537389205247, -0.002648797946885336], [-0.002334033228783657, 0.001060862106476895, 0.0010831135488096801, 0.0011673638336879885, 0.0014789537389205247, 0.027759177052761243, -0.0030178273035693566], [0.02636705684773734, -0.002299776091052343, -0.002673750041750026, -0.002783815319341344, -0.002648797946885336, -0.0030178273035693566, 0.044115737106383175]]",
    "monomial_list": "[1, x6, x5, x4, x3, x2, x1]"
}