{
    "name": "Multiplier-1",
    "rational_expression": "24*x1**2/125 - 283*x1*x2/10000 - 273*x1*x3/10000 - 7*x1*x4/250 - 143*x1*x5/5000 - 309*x1*x6/10000 + 11*x1/50 + 23*x2**2/200 + 27*x2*x3/2500 + 121*x2*x4/10000 + 947*x2*x5/100000 + 711*x2*x6/100000 - 9*x2/500 + 59*x3**2/500 + 79*x3*x4/10000 + 83*x3*x5/10000 + 61*x3*x6/6250 - 193*x3/10000 + 23*x4**2/200 + 411*x4*x5/50000 + 677*x4*x6/100000 - 117*x4/5000 + 113*x5**2/1000 + 139*x5*x6/25000 - 17*x5/625 + 23*x6**2/200 - 283*x6/10000 + 17/125",
    "Q": "[[0.13601004033534722, -0.014096246788111102, -0.013663205391558098, -0.01166745627628771, -0.009670552083259872, -0.008911809449584234, 0.11019247019888519], [-0.014096246788111102, 0.11509551728028392, 0.0027266213993092548, 0.003327698763186969, 0.004921552411798209, 0.003543178228795631, -0.015350895247083232], [-0.013663205391558098, 0.0027266213993092548, 0.113580229762424, 0.004124317104619413, 0.004146089448041212, 0.004777882079773265, -0.014383456611185601], [-0.01166745627628771, 0.003327698763186969, 0.004124317104619413, 0.11509253315153381, 0.00391125546914059, 0.005996873054131577, -0.013886616523723637], [-0.009670552083259872, 0.004921552411798209, 0.004146089448041212, 0.00391125546914059, 0.11756704962303671, 0.0054180584279473094, -0.013652083089785595], [-0.008911809449584234, 0.003543178228795631, 0.004777882079773265, 0.005996873054131577, 0.0054180584279473094, 0.11527110447646244, -0.01411704235381774], [0.11019247019888519, -0.015350895247083232, -0.014383456611185601, -0.013886616523723637, -0.013652083089785595, -0.01411704235381774, 0.19248607529420877]]",
    "monomial_list": "[1, x6, x5, x4, x3, x2, x1]"
}