{
    "name": "Multiplier-6",
    "rational_expression": "101*x1**2/1000 + 179*x1*x2/5000 + 81*x1*x3/2000 + 361*x1*x4/10000 + 91*x1*x5/2500 - 761*x1*x6/100000 - 53*x1/2000 + 13*x2**2/125 + 107*x2*x3/2500 + 393*x2*x4/10000 + 93*x2*x5/2500 - 109*x2*x6/100000 - 41*x2/2000 + 27*x3**2/250 + 201*x3*x4/5000 + 101*x3*x5/2500 + 671*x3*x6/100000 - 121*x3/5000 + 103*x4**2/1000 + 367*x4*x5/10000 + 557*x4*x6/1000000 - 17*x4/625 + 51*x5**2/500 - 433*x5*x6/500000 - 31*x5/1000 + 81*x6**2/500 + 159*x6/1000 + 107/1000",
    "Q": "[[0.10728068107087761, 0.07992313925195506, -0.015565179045679969, -0.013571116016543917, -0.012122341959422262, -0.010344464797050501, -0.013295468887560172], [0.07992313925195506, 0.16270566924867214, -0.0004807202661459239, 0.0003142319434246043, 0.003400045371112076, -0.0005673569032447509, -0.0037785855540490325], [-0.015565179045679969, -0.0004807202661459239, 0.10201265958833675, 0.018240276356653408, 0.02013986937974306, 0.01853652415753745, 0.018135461209884237], [-0.013571116016543917, 0.0003142319434246043, 0.018240276356653408, 0.103545898362659, 0.020223279637967526, 0.019667396741582025, 0.018097824896984322], [-0.012122341959422262, 0.003400045371112076, 0.02013986937974306, 0.020223279637967526, 0.10809823002602872, 0.021460414113712283, 0.020205950278811648], [-0.010344464797050501, -0.0005673569032447509, 0.01853652415753745, 0.019667396741582025, 0.021460414113712283, 0.10403994582450318, 0.017956925000536573], [-0.013295468887560172, -0.0037785855540490325, 0.018135461209884237, 0.018097824896984322, 0.020205950278811648, 0.017956925000536573, 0.10146129206997165]]",
    "monomial_list": "[1, x6, x5, x4, x3, x2, x1]"
}