{
    "name": "Multiplier-4",
    "rational_expression": "497*x1**2/5000 + 13*x1*x2/1000 + 8*x1*x3/625 - 3*x1*x4/100 + 31*x1*x5/2500 + 237*x1*x6/25000 - 59*x1/2500 + x2**2/10 + 27*x2*x3/2000 - 13*x2*x4/625 + 3*x2*x5/250 + 961*x2*x6/100000 - 21*x2/1250 + 51*x3**2/500 - 31*x3*x4/1250 + 11*x3*x5/1000 + 121*x3*x6/10000 - 21*x3/1000 + 169*x4**2/1000 - 251*x4*x5/10000 - 16*x4*x6/625 + 193*x4/1000 + 987*x5**2/10000 + 783*x5*x6/100000 - 69*x5/2500 + 247*x6**2/2500 - 18*x6/625 + 59/500",
    "Q": "[[0.11815096927314529, -0.01441287035016167, -0.013839631691557984, 0.09642829638440634, -0.010551281379661912, -0.008353575435896645, -0.01179116605902843], [-0.01441287035016167, 0.09914574736680921, 0.0038835064566821874, -0.012805183678015022, 0.0060845941520734186, 0.004823026765075562, 0.004748083400269962], [-0.013839631691557984, 0.0038835064566821874, 0.09819279188783558, -0.012577778209531196, 0.0054576257014842585, 0.006011069881370612, 0.006192430322359463], [0.09642829638440634, -0.012805183678015022, -0.012577778209531196, 0.17015295401969566, -0.012430357343710962, -0.010389841908227814, -0.015001698399069271], [-0.010551281379661912, 0.0060845941520734186, 0.0054576257014842585, -0.012430357343710962, 0.10299453648770512, 0.006799780180714826, 0.006437701366165883], [-0.008353575435896645, 0.004823026765075562, 0.006011069881370612, -0.010389841908227814, 0.006799780180714826, 0.10091695544127015, 0.006567147903685638], [-0.01179116605902843, 0.004748083400269962, 0.006192430322359463, -0.015001698399069271, 0.006437701366165883, 0.006567147903685638, 0.0993538299685837]]",
    "monomial_list": "[1, x6, x5, x4, x3, x2, x1]"
}