{
    "name": "Multiplier-3",
    "rational_expression": "x1**2/25 + 9*x1*x2/2000 - 69*x1*x3/5000 + 21*x1*x4/5000 + 103*x1*x5/25000 + 33*x1*x6/10000 - 11*x1/1000 + x2**2/25 - 813*x2*x3/100000 + 39*x2*x4/10000 + 77*x2*x5/25000 + 7*x2*x6/2500 - 57*x2/10000 + 763*x3**2/10000 - x3*x4/100 - 61*x3*x5/5000 - 53*x3*x6/5000 + 101*x3/1000 + x4**2/25 + 273*x4*x5/100000 + 21*x4*x6/10000 - 93*x4/10000 + 99*x5**2/2500 + 73*x5*x6/50000 - 61*x5/5000 + 19*x6**2/500 - x6/100 + 61/1000",
    "Q": "[[0.06066028647797361, -0.004987852603905666, -0.006083530307856231, -0.004639933188158734, 0.050476332898828774, -0.002829936631061225, -0.005613737455921799], [-0.004987852603905666, 0.03844105650045154, 0.0007294258794172441, 0.0010795607317125608, -0.00528801587961062, 0.0014011133213103029, 0.0016296981703450924], [-0.006083530307856231, 0.0007294258794172441, 0.03942073452436026, 0.001348378561274598, -0.006091942195750867, 0.0015139817000106208, 0.0020354470139820518], [-0.004639933188158734, 0.0010795607317125608, 0.001348378561274598, 0.04025946674264283, -0.005041208778263989, 0.0019303975419244562, 0.002088252952618845], [0.050476332898828774, -0.00528801587961062, -0.006091942195750867, -0.005041208778263989, 0.0756146149673812, -0.004009208150022281, -0.0068408475786770635], [-0.002829936631061225, 0.0014011133213103029, 0.0015139817000106208, 0.0019303975419244562, -0.004009208150022281, 0.040156691824054555, 0.002209953840377014], [-0.005613737455921799, 0.0016296981703450924, 0.0020354470139820518, 0.002088252952618845, -0.0068408475786770635, 0.002209953840377014, 0.039563746841853646]]",
    "monomial_list": "[1, x6, x5, x4, x3, x2, x1]"
}