{
    "name": "Multiplier-5",
    "rational_expression": "101*x1**2/1000 + 281*x1*x2/10000 + 147*x1*x3/5000 + 67*x1*x4/2500 - 19*x1*x5/1250 + 31*x1*x6/1250 - 14*x1/625 + 13*x2**2/125 + 321*x2*x3/10000 + 303*x2*x4/10000 - 469*x2*x5/50000 + 263*x2*x6/10000 - 161*x2/10000 + 107*x3**2/1000 + 18*x3*x4/625 - 779*x3*x5/100000 + 301*x3*x6/10000 - 197*x3/10000 + 103*x4**2/1000 - 91*x4*x5/10000 + 51*x4*x6/2000 - 229*x4/10000 + 163*x5**2/1000 - 21*x5*x6/2000 + 89*x5/500 + 103*x6**2/1000 - 7*x6/250 + 14/125",
    "Q": "[[0.11207359296844373, -0.014049798494506282, 0.08893167239757813, -0.011465369858407765, -0.009889893660024655, -0.008041512553195405, -0.011173073123576556], [-0.014049798494506282, 0.10255206202987764, -0.005285762737904213, 0.0127503573077819, 0.015079724075979463, 0.013112556262556753, 0.012393120877944442], [0.08893167239757813, -0.005285762737904213, 0.1631860550834771, -0.004570512577497982, -0.0038791774705036947, -0.004645281159381363, -0.007609020268858832], [-0.011465369858407765, 0.0127503573077819, -0.004570512577497982, 0.10279172847764348, 0.014418814951316795, 0.015193938685780376, 0.013467377655319511], [-0.009889893660024655, 0.015079724075979463, -0.0038791774705036947, 0.014418814951316795, 0.10737278239423205, 0.01611072869922774, 0.014718928471628564], [-0.008041512553195405, 0.013112556262556753, -0.004645281159381363, 0.015193938685780376, 0.01611072869922774, 0.10459163432724147, 0.01410335110743529], [-0.011173073123576556, 0.012393120877944442, -0.007609020268858832, 0.013467377655319511, 0.014718928471628564, 0.01410335110743529, 0.10130375658775059]]",
    "monomial_list": "[1, x6, x5, x4, x3, x2, x1]"
}