{
    "name": "Multiplier-1",
    "rational_expression": "24*x1**2/125 - 283*x1*x2/10000 - 17*x1*x3/625 - 279*x1*x4/10000 - 18*x1*x5/625 - 77*x1*x6/2500 + 11*x1/50 + 23*x2**2/200 + 27*x2*x3/2500 + 121*x2*x4/10000 + 949*x2*x5/100000 + 707*x2*x6/100000 - 9*x2/500 + 117*x3**2/1000 + 79*x3*x4/10000 + 831*x3*x5/100000 + 969*x3*x6/100000 - 193*x3/10000 + 23*x4**2/200 + 103*x4*x5/12500 + 673*x4*x6/100000 - 117*x4/5000 + 113*x5**2/1000 + 267*x5*x6/50000 - 11*x5/400 + 57*x6**2/500 - 283*x6/10000 + 17/125",
    "Q": "[[0.1358135290487253, -0.014084209246699257, -0.013650446787794193, -0.011656228088065573, -0.00965978559909852, -0.008903280453820632, 0.11007402871151901], [-0.014084209246699257, 0.11495374564975752, 0.002716983193922906, 0.0033178035904765047, 0.004912095431115712, 0.003534594621770566, -0.015339927480795186], [-0.013650446787794193, 0.002716983193922906, 0.11343940742468954, 0.004112960086223312, 0.004136960445896511, 0.0047670954169703504, -0.01437211607621105], [-0.011656228088065573, 0.0033178035904765047, 0.004112960086223312, 0.11494949058568388, 0.0039044187463411215, 0.005985215937178008, -0.013877191871840357], [-0.00965978559909852, 0.004912095431115712, 0.004136960445896511, 0.0039044187463411215, 0.11742641993735962, 0.005411644494115472, -0.013648457968319672], [-0.008903280453820632, 0.003534594621770566, 0.0047670954169703504, 0.005985215937178008, 0.005411644494115472, 0.11513053001603551, -0.014109141853364109], [0.11007402871151901, -0.015339927480795186, -0.01437211607621105, -0.013877191871840357, -0.013648457968319672, -0.014109141853364109, 0.19222149386713894]]",
    "monomial_list": "[1, x6, x5, x4, x3, x2, x1]"
}