{
    "name": "Multiplier-3",
    "rational_expression": "21*x1**2/200 + 127*x1*x2/10000 - 19*x1*x3/625 + 151*x1*x4/10000 + 3*x1*x5/200 + 31*x1*x6/2500 - 239*x1/10000 + 53*x2**2/500 - 61*x2*x3/2500 + 39*x2*x4/2500 + 33*x2*x5/2500 + 23*x2*x6/2000 - 189*x2/10000 + 19*x3**2/100 - 119*x3*x4/5000 - 3*x3*x5/125 - 197*x3*x6/10000 + 41*x3/200 + 27*x4**2/250 + 71*x4*x5/5000 + 8*x4*x6/625 - 239*x4/10000 + 53*x5**2/500 + 107*x5*x6/10000 - 27*x5/1000 + 13*x6**2/125 - 53*x6/2000 + 63/500",
    "Q": "[[0.12610229137886378, -0.013244582500885062, -0.013435865496899506, -0.011967088123661512, 0.10274330508204528, -0.009510714382982701, -0.012034006574299884], [-0.013244582500885062, 0.10483855516386209, 0.005383140973618378, 0.006451021236604741, -0.009829984903868431, 0.005732717266165619, 0.006229267091183417], [-0.013435865496899506, 0.005383140973618378, 0.10533136258579132, 0.0070285750011352816, -0.011972497040562545, 0.006582832996999231, 0.007538534849539024], [-0.011967088123661512, 0.006451021236604741, 0.0070285750011352816, 0.10817441791297393, -0.011940919739876401, 0.007772536729886078, 0.007539116366883678], [0.10274330508204528, -0.009829984903868431, -0.011972497040562545, -0.011940919739876401, 0.18938400299104788, -0.01221066078223566, -0.015212176490689039], [-0.009510714382982701, 0.005732717266165619, 0.006582832996999231, 0.007772536729886078, -0.01221066078223566, 0.10548132181532112, 0.006415111438304186], [-0.012034006574299884, 0.006229267091183417, 0.007538534849539024, 0.007539116366883678, -0.015212176490689039, 0.006415111438304186, 0.10591719827938396]]",
    "monomial_list": "[1, x6, x5, x4, x3, x2, x1]"
}