{
    "name": "Multiplier-2",
    "rational_expression": "63*x1**2/500 + 79*x1*x2/20000 + 21*x1*x3/400 + 473*x1*x4/10000 + 503*x1*x5/10000 + 533*x1*x6/10000 - 241*x1/10000 + 107*x2**2/500 + 189*x2*x3/10000 + 167*x2*x4/10000 + 163*x2*x5/10000 + 211*x2*x6/10000 + 28*x2/125 + 69*x3**2/500 + 527*x3*x4/10000 + 141*x3*x5/2500 + 41*x3*x6/625 - 209*x3/10000 + 129*x4**2/1000 + 101*x4*x5/2000 + 11*x4*x6/200 - 111*x4/5000 + 131*x5**2/1000 + 569*x5*x6/10000 - 53*x5/2000 + 139*x6**2/1000 - 279*x6/10000 + 67/500",
    "Q": "[[0.13400564523492323, -0.013944442324658525, -0.013209321906004197, -0.011173287574780309, -0.010421939864094343, 0.11218284204319587, -0.012127013111610994], [-0.013944442324658525, 0.13920900279290652, 0.02833565435058249, 0.027503748958532994, 0.0327909989916832, 0.010495276513445374, 0.026540614281296795], [-0.013209321906004197, 0.02833565435058249, 0.1302165312403042, 0.025220280830945498, 0.028121940568834006, 0.008086542410822581, 0.025093645744504848], [-0.011173287574780309, 0.027503748958532994, 0.025220280830945498, 0.128768821958905, 0.026298068088533914, 0.008267996615560432, 0.023670239181534634], [-0.010421939864094343, 0.0327909989916832, 0.028121940568834006, 0.026298068088533914, 0.13819754395120457, 0.009496096380899289, 0.026313165263858476], [0.11218284204319587, 0.010495276513445374, 0.008086542410822581, 0.008267996615560432, 0.009496096380899289, 0.21346934690587982, 0.0019138055122360656], [-0.012127013111610994, 0.026540614281296795, 0.025093645744504848, 0.023670239181534634, 0.026313165263858476, 0.0019138055122360656, 0.126572262268499]]",
    "monomial_list": "[1, x6, x5, x4, x3, x2, x1]"
}