{
    "name": "Multiplier-6",
    "rational_expression": "39*x1**2/1000 + 161*x1*x2/10000 + 167*x1*x3/10000 + 3*x1*x4/200 + 37*x1*x5/2500 - 17*x1*x6/10000 - 27*x1/2500 + 211*x2**2/5000 + 49*x2*x3/2500 + 21*x2*x4/1250 + 157*x2*x5/10000 + 399*x2*x6/100000 - 7*x2/1250 + 423*x3**2/10000 + 87*x3*x4/5000 + 163*x3*x5/10000 + 69*x3*x6/12500 - 53*x3/10000 + 201*x4**2/5000 + 149*x4*x5/10000 + 117*x4*x6/50000 - 47*x4/5000 + 99*x5**2/2500 + 719*x5*x6/1000000 - 123*x5/10000 + 659*x6**2/10000 + 791*x6/10000 + 49/1000",
    "Q": "[[0.04898016042294545, 0.03951246447545797, -0.006101130535105182, -0.0046929769104641405, -0.0026459818577282525, -0.002788875466067153, -0.005377636376999183], [0.03951246447545797, 0.06624300583990192, 0.0004455099388939162, 0.0012477051298512723, 0.002824768157147286, 0.0020510872127008674, -0.0007825616340170968], [-0.006101130535105182, 0.0004455099388939162, 0.03990021917014019, 0.007483552897992376, 0.008212434399989525, 0.007900951193752592, 0.007444961211612073], [-0.0046929769104641405, 0.0012477051298512723, 0.007483552897992376, 0.04040664406994263, 0.008726577059090747, 0.008455544328583416, 0.007551676121169349], [-0.0026459818577282525, 0.002824768157147286, 0.008212434399989525, 0.008726577059090747, 0.04210203188424137, 0.009790989494613598, 0.00832610128823563], [-0.002788875466067153, 0.0020510872127008674, 0.007900951193752592, 0.008455544328583416, 0.009790989494613598, 0.041786800339221226, 0.00800523143247311], [-0.005377636376999183, -0.0007825616340170968, 0.007444961211612073, 0.007551676121169349, 0.00832610128823563, 0.00800523143247311, 0.039227051434151776]]",
    "monomial_list": "[1, x6, x5, x4, x3, x2, x1]"
}