{
    "name": "Multiplier-3",
    "rational_expression": "107*x1**2/1000 + 8*x1*x2/625 - 303*x1*x3/10000 + 19*x1*x4/1250 + 19*x1*x5/1250 + x1*x6/80 - 239*x1/10000 + 53*x2**2/500 - 243*x2*x3/10000 + 157*x2*x4/10000 + 33*x2*x5/2500 + 29*x2*x6/2500 - 189*x2/10000 + 19*x3**2/100 - 119*x3*x4/5000 - 119*x3*x5/5000 - 197*x3*x6/10000 + 41*x3/200 + 109*x4**2/1000 + 71*x4*x5/5000 + 129*x4*x6/10000 - 239*x4/10000 + 53*x5**2/500 + 109*x5*x6/10000 - 267*x5/10000 + 21*x6**2/200 - 53*x6/2000 + 63/500",
    "Q": "[[0.12628666007465594, -0.013256368710706588, -0.013445728460627505, -0.011974133621011717, 0.10285355048886487, -0.009517314706078117, -0.012045958639845419], [-0.013256368710706588, 0.10497755735541586, 0.005399996751161761, 0.006469029044083415, -0.009827902998215102, 0.0057479609948232185, 0.0062453588998240776], [-0.013445728460627505, 0.005399996751161761, 0.1054714568764129, 0.0070487435716526685, -0.011975774669721908, 0.006600179043775583, 0.007557018663302648], [-0.011974133621011717, 0.006469029044083415, 0.0070487435716526685, 0.10831916074642184, -0.01194467787092014, 0.007791045066691061, 0.0075572372015771635], [0.10285355048886487, -0.009827902998215102, -0.011975774669721908, -0.01194467787092014, 0.18967200890192248, -0.01221583934763413, -0.015219564791451617], [-0.009517314706078117, 0.0057479609948232185, 0.006600179043775583, 0.007791045066691061, -0.01221583934763413, 0.10561693178628088, 0.006429146527137482], [-0.012045958639845419, 0.0062453588998240776, 0.007557018663302648, 0.0075572372015771635, -0.015219564791451617, 0.006429146527137482, 0.10605750690323627]]",
    "monomial_list": "[1, x6, x5, x4, x3, x2, x1]"
}