{
    "name": "Multiplier-6",
    "rational_expression": "101*x1**2/1000 + 179*x1*x2/5000 + 81*x1*x3/2000 + 9*x1*x4/250 + 361*x1*x5/10000 - 761*x1*x6/100000 - 53*x1/2000 + 13*x2**2/125 + 107*x2*x3/2500 + 49*x2*x4/1250 + 369*x2*x5/10000 - 63*x2*x6/50000 - 13*x2/625 + 27*x3**2/250 + 101*x3*x4/2500 + 401*x3*x5/10000 + 691*x3*x6/100000 - 121*x3/5000 + 103*x4**2/1000 + 91*x4*x5/2500 + 557*x4*x6/1000000 - 17*x4/625 + 101*x5**2/1000 - 433*x5*x6/500000 - 31*x5/1000 + 81*x6**2/500 + 159*x6/1000 + 107/1000",
    "Q": "[[0.10713353689849295, 0.07985652604283668, -0.015559944863034414, -0.013567479007899735, -0.012114331989087464, -0.010345346249063577, -0.013290766479473899], [0.07985652604283668, 0.1624561664332729, -0.000496888106563225, 0.0002970546488892999, 0.00337424132782457, -0.0005857688044412476, -0.0037903253902686917], [-0.015559944863034414, -0.000496888106563225, 0.10187855455465164, 0.018212308066024214, 0.02011359510032582, 0.018509172482498303, 0.018107767215782705], [-0.013567479007899735, 0.0002970546488892999, 0.018212308066024214, 0.10341213164461145, 0.02020027832656362, 0.019639966458939596, 0.018072214155812845], [-0.012114331989087464, 0.00337424132782457, 0.02011359510032582, 0.02020027832656362, 0.1079653206495454, 0.021436230306025695, 0.020180633840267897], [-0.010345346249063577, -0.0005857688044412476, 0.018509172482498303, 0.019639966458939596, 0.021436230306025695, 0.10390548192821812, 0.01793197005461455], [-0.013290766479473899, -0.0037903253902686917, 0.018107767215782705, 0.018072214155812845, 0.020180633840267897, 0.01793197005461455, 0.10132810384961757]]",
    "monomial_list": "[1, x6, x5, x4, x3, x2, x1]"
}