{
    "name": "Multiplier-3",
    "rational_expression": "3*x1**2/125 + 3*x1*x2/1250 - 771*x1*x3/100000 + 51*x1*x4/25000 + 41*x1*x5/20000 + 19*x1*x6/10000 - 57*x1/10000 + 3*x2**2/125 - 127*x2*x3/20000 + 161*x2*x4/100000 + 177*x2*x5/100000 + 19*x2*x6/10000 - 53*x2/10000 + 409*x3**2/10000 - 581*x3*x4/100000 - 3*x3*x5/500 - 267*x3*x6/50000 + 263*x3/5000 + 61*x4**2/2500 + 149*x4*x5/100000 + 37*x4*x6/25000 - 713*x4/100000 + 61*x5**2/2500 + 23*x5*x6/20000 - 131*x5/20000 + 3*x6**2/125 - x6/200 + 29/1000",
    "Q": "[[0.02885493151567425, -0.0024995285053775063, -0.0032693490115353143, -0.0035528704052626373, 0.026162643126306222, -0.0026480166469356682, -0.0028279845249272613], [-0.0024995285053775063, 0.024071749429547012, 0.0005741556906986074, 0.0007259104713206225, -0.002652192117907415, 0.0009156459121707608, 0.0009463668516468218], [-0.0032693490115353143, 0.0005741556906986074, 0.024425205519540086, 0.0007458439946659146, -0.0029859960363911053, 0.000879214419089597, 0.0010161256651947715], [-0.0035528704052626373, 0.0007259104713206225, 0.0007458439946659146, 0.024202113986340347, -0.0028872714912480976, 0.0007911028090507365, 0.0010092638347367338], [0.026162643126306222, -0.002652192117907415, -0.0029859960363911053, -0.0028872714912480976, 0.040602570477643964, -0.003155174770088443, -0.003829579962836527], [-0.0026480166469356682, 0.0009156459121707608, 0.000879214419089597, 0.0007911028090507365, -0.003155174770088443, 0.024440657455282493, 0.0011919024855571664], [-0.0028279845249272613, 0.0009463668516468218, 0.0010161256651947715, 0.0010092638347367338, -0.003829579962836527, 0.0011919024855571664, 0.02429163145235058]]",
    "monomial_list": "[1, x6, x5, x4, x3, x2, x1]"
}