{
    "name": "Multiplier-6",
    "rational_expression": "111*x1**2/5000 + 63*x1*x2/10000 + 601*x1*x3/100000 + 577*x1*x4/100000 + 279*x1*x5/50000 - 177*x1*x6/50000 - 23*x1/5000 + 29*x2**2/1250 + 139*x2*x3/20000 + 307*x2*x4/50000 + 597*x2*x5/100000 - 101*x2*x6/50000 - 41*x2/10000 + 227*x3**2/10000 + 159*x3*x4/25000 + 569*x3*x5/100000 - 173*x3*x6/100000 - 19*x3/10000 + 57*x4**2/2500 + 273*x4*x5/50000 - 77*x4*x6/50000 - 113*x4/20000 + 9*x5**2/400 - 147*x5*x6/100000 - 7*x5/1250 + 367*x6**2/10000 + 233*x6/5000 + 1/40",
    "Q": "[[0.024752885351878317, 0.023081529678728372, -0.002762024117103235, -0.002809039275266741, -0.000965119308755997, -0.002029544951981418, -0.0022801806560114432], [0.023081529678728372, 0.036410397284554384, -0.0007190388751122862, -0.0007771848515176685, -0.0008503311645100725, -0.0010039627729783746, -0.0017577711407903687], [-0.002762024117103235, -0.0007190388751122862, 0.023010536843085176, 0.0027649187622672973, 0.002904825926782507, 0.0030431738444439515, 0.002843475542127706], [-0.002809039275266741, -0.0007771848515176685, 0.0027649187622672973, 0.02295242485646673, 0.003211660395856749, 0.003084084889364478, 0.0029184787281281497], [-0.000965119308755997, -0.0008503311645100725, 0.002904825926782507, 0.003211660395856749, 0.022986740316389212, 0.0035128582998301644, 0.003037837710830499], [-0.002029544951981418, -0.0010039627729783746, 0.0030431738444439515, 0.003084084889364478, 0.0035128582998301644, 0.02330362703475018, 0.0031760743916036823], [-0.0022801806560114432, -0.0017577711407903687, 0.002843475542127706, 0.0029184787281281497, 0.003037837710830499, 0.0031760743916036823, 0.022546566354333164]]",
    "monomial_list": "[1, x6, x5, x4, x3, x2, x1]"
}