{
    "name": "Multiplier-2",
    "rational_expression": "27*x1**2/1000 - 47*x1*x2/12500 + 3*x1*x3/625 + 13*x1*x4/2500 + 23*x1*x5/5000 + 11*x1*x6/2500 - 9*x1/2500 + 113*x2**2/2500 - 37*x2*x3/25000 - 181*x2*x4/100000 - 47*x2*x5/25000 - 101*x2*x6/100000 + 547*x2/10000 + 27*x3**2/1000 + 51*x3*x4/10000 + 41*x3*x5/10000 + x3*x6/250 - x3/2000 + 27*x4**2/1000 + 23*x4*x5/5000 + 43*x4*x6/10000 - 11*x4/2500 + 27*x5**2/1000 + 7*x5*x6/2000 - 9*x5/2000 + 27*x6**2/1000 - 33*x6/10000 + 31/1000",
    "Q": "[[0.030654557605063366, -0.0016249881245698078, -0.0022145012979472266, -0.002171653772797642, -0.00024494234551613887, 0.027025762843622538, -0.0017931349146266826], [-0.0016249881245698078, 0.027382866285444066, 0.0017922984758076952, 0.00218839702459071, 0.002032076028756453, -0.0004829885998656222, 0.002229109935357402], [-0.0022145012979472266, 0.0017922984758076952, 0.02749736848491757, 0.0023152577201770094, 0.002050781981647085, -0.0009237784807122578, 0.002313709561114476], [-0.002171653772797642, 0.00218839702459071, 0.0023152577201770094, 0.02778903035564225, 0.0025702002341637053, -0.0008697741378176341, 0.0026203812695284293], [-0.00024494234551613887, 0.002032076028756453, 0.002050781981647085, 0.0025702002341637053, 0.027344350892810784, -0.0007191776088891393, 0.0024026497227781704], [0.027025762843622538, -0.0004829885998656222, -0.0009237784807122578, -0.0008697741378176341, -0.0007191776088891393, 0.04470655437909551, -0.0018723617600313871], [-0.0017931349146266826, 0.002229109935357402, 0.002313709561114476, 0.0026203812695284293, 0.0024026497227781704, -0.0018723617600313871, 0.027065852566286016]]",
    "monomial_list": "[1, x6, x5, x4, x3, x2, x1]"
}