{
    "name": "Multiplier-2",
    "rational_expression": "59*x1**2/1250 + 6*x1*x2/3125 + 91*x1*x3/5000 + 17*x1*x4/1000 + 17*x1*x5/1000 + 87*x1*x6/5000 - 43*x1/5000 + 179*x2**2/2000 + 59*x2*x3/5000 + 773*x2*x4/100000 + 557*x2*x5/100000 + 879*x2*x6/100000 + 14*x2/125 + 511*x3**2/10000 + 189*x3*x4/10000 + 183*x3*x5/10000 + 197*x3*x6/10000 - 93*x3/100000 + 487*x4**2/10000 + 43*x4*x5/2500 + 179*x4*x6/10000 - 57*x4/10000 + 487*x5**2/10000 + 87*x5*x6/5000 - 91*x5/10000 + x6**2/20 - 69*x6/10000 + 33/500",
    "Q": "[[0.06550641807501811, -0.0034234929518300143, -0.0044963445469337684, -0.0028121685862478097, -0.00043157455418109663, 0.055389799781774926, -0.004276316411112194], [-0.0034234929518300143, 0.04991147423279245, 0.0086382656878618, 0.008882692149424392, 0.009810800182693131, 0.004343496387094522, 0.008654668453673155], [-0.0044963445469337684, 0.0086382656878618, 0.04876110605668127, 0.00857105122570667, 0.00915962957855842, 0.00282325000227112, 0.008508865951594335], [-0.0028121685862478097, 0.008882692149424392, 0.00857105122570667, 0.048456119422051955, 0.009378204442626032, 0.0038539444385171785, 0.008456683658087358], [-0.00043157455418109663, 0.009810800182693131, 0.00915962957855842, 0.009378204442626032, 0.05071995378566152, 0.00586239684262784, 0.009063495240997001], [0.055389799781774926, 0.004343496387094522, 0.00282325000227112, 0.0038539444385171785, 0.00586239684262784, 0.08958120940257637, 0.0009564393043520598], [-0.004276316411112194, 0.008654668453673155, 0.008508865951594335, 0.008456683658087358, 0.009063495240997001, 0.0009564393043520598, 0.04759665816042498]]",
    "monomial_list": "[1, x6, x5, x4, x3, x2, x1]"
}