{
    "name": "Total Decomposition",
    "rational_expression": "9629*x1**4/50000 - 13903*x1**3*x2/500000 - 13601*x1**3*x3/500000 - 27827*x1**3*x4/1000000 - 28899*x1**3*x5/1000000 - 3791*x1**3*x6/125000 - 13453*x1**3/10000 + 1209*x1**2*x2**2/5000 + 10857*x1**2*x2*x3/1000000 + 737*x1**2*x2*x4/62500 + 10749*x1**2*x2*x5/1250000 + 39827*x1**2*x2*x6/5000000 - 523*x1**2*x2/625 + 4439*x1**2*x3**2/20000 + 73053*x1**2*x3*x4/10000000 + 80223*x1**2*x3*x5/10000000 + 5193*x1**2*x3*x6/500000 - 68643*x1**2*x3/100000 + 1067*x1**2*x4**2/5000 + 7941*x1**2*x4*x5/1000000 + 67383*x1**2*x4*x6/10000000 - 65373*x1**2*x4/100000 + 10731*x1**2*x5**2/50000 + 30667*x1**2*x5*x6/5000000 - 68447*x1**2*x5/100000 + 21517*x1**2*x6**2/100000 - 35041*x1**2*x6/50000 + 11833*x1**2/1000 + 25993*x1*x2**3/5000000 + 26651*x1*x2**2*x3/500000 + 48157*x1*x2**2*x4/1000000 + 25131*x1*x2**2*x5/500000 + 1683*x1*x2**2*x6/31250 - 19929*x1*x2**2/20000 + 12907*x1*x2*x3**2/1000000 + 11511*x1*x2*x3*x4/10000000 + 6579*x1*x2*x3*x5/25000000 + 8933*x1*x2*x3*x6/5000000 - 6369*x1*x2*x3/10000 + 1393*x1*x2*x4**2/100000 - 12409*x1*x2*x4*x5/125000000 + 20337*x1*x2*x4*x6/10000000 - 3061*x1*x2*x4/5000 + 6947*x1*x2*x5**2/250000 + 81*x1*x2*x5*x6/62500 - 1467*x1*x2*x5/2000 + 18071*x1*x2*x6**2/500000 - 42147*x1*x2*x6/50000 + 10939*x1*x2/10000 - 30633*x1*x3**3/1000000 + 3821*x1*x3**2*x4/250000 + 471*x1*x3**2*x5/31250 + 6891*x1*x3**2*x6/500000 - 71403*x1*x3**2/100000 + 13017*x1*x3*x4**2/1000000 + 40073*x1*x3*x4*x5/50000000 + 3063*x1*x3*x4*x6/2000000 - 3067*x1*x3*x4/10000 + 2971*x1*x3*x5**2/100000 + 18021*x1*x3*x5*x6/10000000 - 23297*x1*x3*x5/50000 + 20527*x1*x3*x6**2/500000 - 28809*x1*x3*x6/50000 + 21061*x1*x3/10000 - 29171*x1*x4**3/1000000 + 12637*x1*x4**2*x5/1000000 + 10093*x1*x4**2*x6/1000000 - 17401*x1*x4**2/25000 + 13421*x1*x4*x5**2/500000 + 24623*x1*x4*x5*x6/25000000 - 41963*x1*x4*x5/100000 + 9033*x1*x4*x6**2/250000 - 5923*x1*x4*x6/12500 + 18741*x1*x4/10000 - 15251*x1*x5**3/1000000 + 25127*x1*x5**2*x6/1000000 - 20281*x1*x5**2/25000 + 4567*x1*x5*x6**2/125000 - 61207*x1*x5*x6/100000 + 4531*x1*x5/2000 - 79563*x1*x6**3/10000000 - 87767*x1*x6**2/100000 + 18213*x1*x6/10000 - 461*x1/2000 + 10669*x2**4/50000 + 1951*x2**3*x3/100000 + 16859*x2**3*x4/1000000 + 4259*x2**3*x5/250000 + 5169*x2**3*x6/250000 - 15517*x2**3/10000 + 12159*x2**2*x3**2/50000 + 53341*x2**2*x3*x4/1000000 + 7159*x2**2*x3*x5/125000 + 65863*x2**2*x3*x6/1000000 - 10741*x2**2*x3/10000 + 718*x2**2*x4**2/3125 + 12471*x2**2*x4*x5/250000 + 55499*x2**2*x4*x6/1000000 - 1037*x2**2*x4/1000 + 11761*x2**2*x5**2/50000 + 56879*x2**2*x5*x6/1000000 - 2741*x2**2*x5/2500 + 24351*x2**2*x6**2/100000 - 5711*x2**2*x6/5000 + 5723*x2**2/500 - 6307*x2*x3**3/250000 + 16001*x2*x3**2*x4/1000000 + 12717*x2*x3**2*x5/1000000 + 369*x2*x3**2*x6/31250 - 95437*x2*x3**2/100000 + 14523*x2*x3*x4**2/1000000 + 10341*x2*x3*x4*x5/10000000 + 213*x2*x3*x4*x6/100000 - 69743*x2*x3*x4/100000 + 31889*x2*x3*x5**2/1000000 + 10107*x2*x3*x5*x6/10000000 - 43641*x2*x3*x5/50000 + 4317*x2*x3*x6**2/100000 - 2573*x2*x3*x6/2500 + 577*x2*x3/500 - 4923*x2*x4**3/250000 + 12203*x2*x4**2*x5/1000000 + 1127*x2*x4**2*x6/100000 - 90891*x2*x4**2/100000 + 29751*x2*x4*x5**2/1000000 + 9183*x2*x4*x5*x6/10000000 - 3919*x2*x4*x5/5000 + 20143*x2*x4*x6**2/500000 - 91849*x2*x4*x6/100000 + 4557*x2*x4/2000 - 19159*x2*x5**3/2000000 + 5299*x2*x5**2*x6/200000 - 2551*x2*x5**2/2500 + 3801*x2*x5*x6**2/100000 - 10513*x2*x5*x6/10000 + 21223*x2*x5/10000 - 3121*x2*x6**3/2500000 - 5839*x2*x6**2/5000 + 16193*x2*x6/10000 - 1233*x2/1000 + 19019*x3**4/100000 - 2991*x3**3*x4/125000 - 24181*x3**3*x5/1000000 - 19209*x3**3*x6/1000000 - 881*x3**3/625 + 2641*x3**2*x4**2/12500 + 14133*x3**2*x4*x5/1000000 + 13353*x3**2*x4*x6/1000000 - 1787*x3**2*x4/2500 + 5301*x3**2*x5**2/25000 + 10981*x3**2*x5*x6/1000000 - 2386*x3**2*x5/3125 + 21367*x3**2*x6**2/100000 - 84841*x3**2*x6/100000 + 12719*x3**2/1000 - 24113*x3*x4**3/1000000 + 2381*x3*x4**2*x5/200000 + 2591*x3*x4**2*x6/200000 - 4561*x3*x4**2/6250 + 28937*x3*x4*x5**2/1000000 + 9599*x3*x4*x5*x6/5000000 - 9729*x3*x4*x5/20000 + 10427*x3*x4*x6**2/250000 - 60019*x3*x4*x6/100000 + 3657*x3*x4/2500 - 651*x3*x5**3/78125 + 30449*x3*x5**2*x6/1000000 - 84171*x3*x5**2/100000 + 41903*x3*x5*x6**2/1000000 - 37293*x3*x5*x6/50000 + 4693*x3*x5/2000 + 35521*x3*x6**3/5000000 - 618*x3*x6**2/625 + 31621*x3*x6/10000 - 2007*x3/500 + 17063*x4**4/100000 - 3041*x4**3*x5/125000 - 161*x4**3*x6/6250 - 6489*x4**3/5000 + 20073*x4**2*x5**2/100000 + 84159*x4**2*x5*x6/10000000 - 72793*x4**2*x5/100000 + 2031*x4**2*x6**2/10000 - 74961*x4**2*x6/100000 + 2447*x4**2/200 - 48759*x4*x5**3/5000000 + 5087*x4*x5**2*x6/200000 - 19673*x4*x5**2/25000 + 9429*x4*x5*x6**2/250000 - 63427*x4*x5*x6/100000 + 5679*x4*x5/2500 + 30589*x4*x6**3/50000000 - 8993*x4*x6**2/10000 + 2291*x4*x6/1000 - 757*x4/500 + 13*x5**4/80 - 2749*x5**3*x6/250000 - 12619*x5**3/10000 + 20477*x5**2*x6**2/100000 - 537*x5**2*x6/625 + 597*x5**2/50 - 36067*x5*x6**3/50000000 - 94377*x5*x6**2/100000 + 11757*x5*x6/5000 - 691*x5/500 + 81*x6**4/500 - 6571*x6**3/5000 + 2579*x6**2/200 - 2863*x6/1000 + 4113/500",
    "Q": "[[8.22595912903004, -1.4325269119627946, -0.6939827210997217, -0.7575460082197673, -2.0067863433940007, -0.6170204791435201, -0.11140491323447815, 0.16287815569654246, -0.1416471997891211, -0.07991692564190843, -0.026798877552214842, -0.02784293236380185, -0.08546373722157667, 0.1868616121540425, -0.08350450807056857, -0.019948552118380456, -0.0447766140758433, -0.09972003529597959, 0.23345272916118992, 0.040320512883100464, -0.01874726785839648, -0.059563885349287506, 0.36697888965579045, 0.05785540753895613, -0.009126628263783321, 0.30990129137911554, -0.03440743789024197, 0.22561264614934892], [-1.4325269119627946, 12.566009826796355, 1.3194453160093225, 1.2331525954896496, 1.6020690312418, 0.8392506021228336, 0.992967572585787, -0.6593189827165361, -0.4314893010238849, -0.4168603507884175, -0.43444753059011965, -0.5664956252657577, -0.4419118087762236, -0.038648616273597294, -0.07146325361949156, -0.09229902106578411, -0.1463025903023458, -0.05191411753769161, -0.01268476115492432, -0.09296629917518956, -0.14394087653997056, -0.0426181446123747, -0.04230616049871008, -0.23660875088267344, -0.06919640847672219, -0.1759571852939406, -0.14839491656846235, 8.301331571787552e-05], [-0.6939827210997217, 1.3194453160093225, 11.562101210550859, 1.219167252447485, 1.1917825490025393, 1.1012988339508052, 1.2295832356553225, -0.03529906433902615, -0.3917630011576105, -0.09793261056413616, -0.10674512479330285, -0.18646286590701236, -0.0833760227894365, -0.6362354614230958, -0.3886025027247668, -0.39599029337924546, -0.5104945434314838, -0.40562694745797184, 0.016575061437174007, -0.086107059339306, -0.15066791472633118, -0.053281492883739685, -0.011350696449960694, -0.23116563184015224, -0.07286244386766429, -0.15454154164580014, -0.16141820410059635, 0.0133033465817222], [-0.7575460082197673, 1.2331525954896496, 1.219167252447485, 11.77548540851099, 0.6855738170511808, 1.1569727791240874, 0.9971366428790016, -0.030694301763006266, -0.14337474181385793, -0.3608481608259211, -0.09678564293443497, -0.1827145064986943, -0.08165948367151671, -0.009170510212045237, -0.37779823906519117, -0.08052116991385642, -0.14839998742733929, -0.06090286718303251, -0.6437370389713618, -0.393458182183523, -0.5026370543127475, -0.4021313920558432, 0.024044265519285176, -0.20487649744606115, -0.051150292465966536, -0.13279736985721083, -0.1458945623509463, 0.03229738249777378], [-2.0067863433940007, 1.6020690312418, 1.1917825490025393, 0.6855738170511808, 11.978728003793455, 0.5172102054011039, 1.05968314661328, -0.05393621853575772, -0.16373219766705394, -0.10184024010852626, -0.3786257133648557, -0.1677119874570826, -0.09323400475678922, -0.026831924339780024, -0.06871643619534991, -0.37751906668115004, -0.1179473268848811, -0.05594541900426285, 0.03130977519068576, -0.38253974533279717, -0.09032439612867543, -0.02406827898763108, -0.7021386695605346, -0.5471312304078451, -0.39513494635034396, -0.104656599520595, -0.10309783857332985, 0.015107258733219543], [-0.6170204791435201, 0.8392506021228336, 1.1012988339508052, 1.1569727791240874, 0.5172102054011039, 10.820693220975045, 0.5849885694449459, -0.016236529419491497, -0.18734333231617598, -0.12230975257895954, -0.11164233441118955, -0.3978679461451878, -0.09522750313043063, 0.0035588302747161264, -0.09754867009572002, -0.08342898098967627, -0.390609497002263, -0.07138378180583527, 0.05028455091415933, -0.04829771575396878, -0.38598901890598547, -0.0364676643140978, 0.06789138222678737, -0.43287851722707604, -0.028988108534333028, -0.7737148799063888, -0.4303013677814603, 0.08063724814239452], [-0.11140491323447815, 0.992967572585787, 1.2295832356553225, 0.9971366428790016, 1.05968314661328, 0.5849885694449459, 11.389066350632696, -0.002449625134346665, -0.16158180894410543, -0.10836205451663125, -0.11395009557453264, -0.16847581312613152, -0.3509566383565864, 0.0028537644666557843, -0.09264318266039136, -0.09955227243919082, -0.1393989871788614, -0.3607354027526983, 0.05530961124701669, -0.0764977128586601, -0.11971518893078142, -0.36373749336040556, 0.03682748108411806, -0.18467608414504402, -0.3643625907040701, -0.0639888353246765, -0.5005313140573728, -0.6684229760045088], [0.16287815569654246, -0.6593189827165361, -0.03529906433902615, -0.030694301763006266, -0.05393621853575772, -0.016236529419491497, -0.002449625134346665, 0.1624561664337662, -0.000496888106628726, 0.0002970546490250901, 0.0033742413280618, -0.0005857688042703857, -0.003790325390322908, -0.0029895350807420742, -0.0019592307563054715, -0.0019140341662753863, 0.00020105258476973826, -0.0016414955424285474, 0.00016512484107495328, 0.0011614590674802715, 0.00288896911650384, 0.00011914324342016603, 0.0013462243957328586, 0.007194624343900594, 0.0011437535594338896, 0.008529012883764423, 0.0033103406109481347, -0.0001753757025759126], [-0.1416471997891211, -0.4314893010238849, -0.3917630011576105, -0.14337474181385793, -0.16373219766705394, -0.18734333231617598, -0.16158180894410543, -0.000496888106628726, 0.21027337692733233, 0.020171538822490544, 0.022027629266574856, 0.0183081198974954, 0.019749262758220264, -0.005301540565909874, 0.016968659455399732, 0.018728059745785106, 0.013708954152293782, 0.015887781422685557, -0.0045060145349665025, 0.0009872515174837646, 0.0024892122707341887, 0.0018895969011068312, -0.0015883214298467224, 0.005325704733225966, 0.002660556651333032, 0.0034548542656755643, 0.003956241546129586, -0.0029525470102914468], [-0.07991692564190843, -0.4168603507884175, -0.09793261056413616, -0.3608481608259211, -0.10184024010852626, -0.12230975257895954, -0.10836205451663125, 0.0002970546490250901, 0.020171538822490544, 0.20222762037161035, 0.019038819258821248, 0.01675099734229108, 0.01795307091293145, -0.004243704865959287, 0.008389520991680907, -0.0009119567046833256, -0.0014489804445048872, -0.0007445835291689256, -0.01280518367806172, 0.010117894156091366, 0.006421855180495416, 0.007734243323192624, -0.0016992177780243806, 0.0029770576278790985, 0.0007007728783519336, 0.0028902258269187593, 0.0013451376494884814, -0.0024961652091445206], [-0.026798877552214842, -0.43444753059011965, -0.10674512479330285, -0.09678564293443497, -0.3786257133648557, -0.11164233441118955, -0.11395009557453264, 0.0033742413280618, 0.022027629266574856, 0.019038819258821248, 0.21011141806352543, 0.014241605961857208, 0.019036880280877033, -0.0036734608332416522, -7.52948129264481e-05, 0.0069714624031606024, -0.0031459722218339257, -0.0009485433112995128, -0.004033300004022876, 0.008150239014715488, -0.002030488221198391, -0.00040749598710015087, -0.009829984904016598, 0.00959516328079513, 0.00739416632573124, 0.0006171606873411805, -0.0007881231846429484, -0.00321019238834875], [-0.02784293236380185, -0.5664956252657577, -0.18646286590701236, -0.1827145064986943, -0.1677119874570826, -0.3978679461451878, -0.16847581312613152, -0.0005857688042703857, 0.0183081198974954, 0.01675099734229108, 0.014241605961857208, 0.2260564499971754, 0.014621629443754296, -0.0006202579217247117, -0.0010402318265348405, -0.0021797325115944927, 0.02488080008506388, -0.0018689139638644167, -0.001598828415324769, -0.0009465694066431103, 0.02461352313147444, -0.000932528596212548, -0.003862446014770189, 0.03217383830438676, -0.0019941709459816753, 0.010495276513616873, 0.024134790919572838, -0.0021744723719254997], [-0.08546373722157667, -0.4419118087762236, -0.0833760227894365, -0.08165948367151671, -0.09323400475678922, -0.09522750313043063, -0.3509566383565864, -0.003790325390322908, 0.019749262758220264, 0.01795307091293145, 0.019036880280877033, 0.014621629443754296, 0.2166325919462728, -0.0035188258559203304, -0.0011450133719262975, -0.0017120133401109148, -0.0020873275824317733, 0.005669530203953267, -0.002986159922780211, -0.0002932768912478812, -0.0004126090532188953, 0.005813968799718018, -0.001164899234104057, 0.0027822941307395037, 0.00812228781948519, 0.0024058233614076526, 0.0057090669936310885, -0.01533992748062012], [0.1868616121540425, -0.038648616273597294, -0.6362354614230958, -0.009170510212045237, -0.026831924339780024, 0.0035588302747161264, 0.0028537644666557843, -0.0029895350807420742, -0.005301540565909874, -0.004243704865959287, -0.0036734608332416522, -0.0006202579217247117, -0.0035188258559203304, 0.16293937687658072, -0.0045876188524793075, -0.003901673221164461, -0.004663457297325899, -0.0076207106051839075, 0.00034203702963912796, 0.0021567772645491295, 0.003448121093078064, 0.0004335843963666711, 0.00475177723744445, 0.008314391351582871, 0.002125303526111074, 0.008447298576319302, 0.0050592263139748635, 0.00044503630907487626], [-0.08350450807056857, -0.07146325361949156, -0.3886025027247668, -0.37779823906519117, -0.06871643619534991, -0.09754867009572002, -0.09264318266039136, -0.0019592307563054715, 0.016968659455399732, 0.008389520991680907, -7.52948129264481e-05, -0.0010402318265348405, -0.0011450133719262975, -0.0045876188524793075, 0.2001626987408612, 0.012238776826114794, 0.011719512325590856, 0.013008934655609303, -0.01257777820939345, 0.00764432956828965, 0.0070046471400164135, 0.008613170555453875, -0.001977669213925558, 0.002507945662324147, 0.0008230947092481215, 0.0029395492293459967, 0.0018273584990354088, -0.0013368477774239875], [-0.019948552118380456, -0.09229902106578411, -0.39599029337924546, -0.08052116991385642, -0.37751906668115004, -0.08342898098967627, -0.09955227243919082, -0.0019140341662753863, 0.018728059745785106, -0.0009119567046833256, 0.0069714624031606024, -0.0021797325115944927, -0.0017120133401109148, -0.003901673221164461, 0.012238776826114794, 0.2030637895418247, 0.007772772584486083, 0.012568315403623439, -0.002186703866802365, 0.009006244215114145, -0.0008772944996391853, -6.787270116736117e-05, -0.011972497040614349, 0.01110212931059584, 0.009461747192107739, 0.0025447610894030258, 0.0012521252304046264, -0.0008234213576407744], [-0.0447766140758433, -0.1463025903023458, -0.5104945434314838, -0.14839998742733929, -0.1179473268848811, -0.390609497002263, -0.1393989871788614, 0.00020105258476973826, 0.013708954152293782, -0.0014489804445048872, -0.0031459722218339257, 0.02488080008506388, -0.0020873275824317733, -0.004663457297325899, 0.011719512325590856, 0.007772772584486083, 0.21777663342787149, 0.009020576699155973, -0.0009935772586626892, -0.0016306511627290144, 0.022280731601526875, -0.0011427579839140426, -0.00451929631383329, 0.025577179479292098, -0.002358158500356575, 0.0080865424108669, 0.023525665802695783, -0.0011407045958538916], [-0.09972003529597959, -0.05191411753769161, -0.40562694745797184, -0.06090286718303251, -0.05594541900426285, -0.07138378180583527, -0.3607354027526983, -0.0016414955424285474, 0.015887781422685557, -0.0007445835291689256, -0.0009485433112995128, -0.0018689139638644167, 0.005669530203953267, -0.0076207106051839075, 0.013008934655609303, 0.012568315403623439, 0.009020576699155973, 0.21371691759357314, -0.00242074023324184, -0.0007552220081867545, -0.0006846005151680397, 0.005449807863601359, -0.0019232123425257405, 0.0011060332698227542, 0.0049603818033025085, 0.001567979941766016, 0.00590780001257229, -0.014372116076168772], [0.23345272916118992, -0.01268476115492432, 0.016575061437174007, -0.6437370389713618, 0.03130977519068576, 0.05028455091415933, 0.05530961124701669, 0.00016512484107495328, -0.0045060145349665025, -0.01280518367806172, -0.004033300004022876, -0.001598828415324769, -0.002986159922780211, 0.00034203702963912796, -0.01257777820939345, -0.002186703866802365, -0.0009935772586626892, -0.00242074023324184, 0.1701529540194463, -0.012430357343605607, -0.010389841907999348, -0.015001698399252614, 0.0046175312716515, 0.003853928036494469, -0.0004723511650581911, 0.005994745877418953, 0.002028326813448515, 0.0010120946151385133], [0.040320512883100464, -0.09296629917518956, -0.086107059339306, -0.393458182183523, -0.38253974533279717, -0.04829771575396878, -0.0764977128586601, 0.0011614590674802715, 0.0009872515174837646, 0.010117894156091366, 0.008150239014715488, -0.0009465694066431103, -0.0002932768912478812, 0.0021567772645491295, 0.00764432956828965, 0.009006244215114145, -0.0016306511627290144, -0.0007552220081867545, -0.012430357343605607, 0.2019338829007149, 0.0029458521439829385, 0.00691005253099597, -0.011940919739952538, 0.012511347125085755, 0.009281310175575326, 0.0038877382441054103, 0.0014216274059363056, 0.0015600130242684048], [-0.01874726785839648, -0.14394087653997056, -0.15066791472633118, -0.5026370543127475, -0.09032439612867543, -0.38598901890598547, -0.11971518893078142, 0.00288896911650384, 0.0024892122707341887, 0.006421855180495416, -0.002030488221198391, 0.02461352313147444, -0.0004126090532188953, 0.003448121093078064, 0.0070046471400164135, -0.0008772944996391853, 0.022280731601526875, -0.0006846005151680397, -0.010389841907999348, 0.0029458521439829385, 0.2176962766882011, 0.0045388210904904235, -0.004738810395398027, 0.022410329844445288, -0.002591783907814631, 0.008267996615527372, 0.021689256154196042, 6.713122840290627e-06], [-0.059563885349287506, -0.0426181446123747, -0.053281492883739685, -0.4021313920558432, -0.02406827898763108, -0.0364676643140978, -0.36373749336040556, 0.00011914324342016603, 0.0018895969011068312, 0.007734243323192624, -0.00040749598710015087, -0.000932528596212548, 0.005813968799718018, 0.0004335843963666711, 0.008613170555453875, -6.787270116736117e-05, -0.0011427579839140426, 0.005449807863601359, -0.015001698399252614, 0.00691005253099597, 0.0045388210904904235, 0.21227912236485108, -0.0017421938087337685, 0.0011701565018094775, 0.002344405722019554, 0.0019809830271352515, 0.005978502814449743, -0.013877191871765842], [0.36697888965579045, -0.04230616049871008, -0.011350696449960694, 0.024044265519285176, -0.7021386695605346, 0.06789138222678737, 0.03682748108411806, 0.0013462243957328586, -0.0015883214298467224, -0.0016992177780243806, -0.009829984904016598, -0.003862446014770189, -0.001164899234104057, 0.00475177723744445, -0.001977669213925558, -0.011972497040614349, -0.00451929631383329, -0.0019232123425257405, 0.0046175312716515, -0.011940919739952538, -0.004738810395398027, -0.0017421938087337685, 0.18938400299110056, -0.01221066078219241, -0.015212176490588338, 0.004235653722024967, -0.002144809893077843, 0.003650072899347239], [0.05785540753895613, -0.23660875088267344, -0.23116563184015224, -0.20487649744606115, -0.5471312304078451, -0.43287851722707604, -0.18467608414504402, 0.007194624343900594, 0.005325704733225966, 0.0029770576278790985, 0.00959516328079513, 0.03217383830438676, 0.0027822941307395037, 0.008314391351582871, 0.002507945662324147, 0.01110212931059584, 0.025577179479292098, 0.0011060332698227542, 0.003853928036494469, 0.012511347125085755, 0.022410329844445288, 0.0011701565018094775, -0.01221066078219241, 0.23520754936465768, 0.008559921331495116, 0.009496096380640662, 0.026473793362266417, 0.003592352919996836], [-0.009126628263783321, -0.06919640847672219, -0.07286244386766429, -0.051150292465966536, -0.39513494635034396, -0.028988108534333028, -0.3643625907040701, 0.0011437535594338896, 0.002660556651333032, 0.0007007728783519336, 0.00739416632573124, -0.0019941709459816753, 0.00812228781948519, 0.002125303526111074, 0.0008230947092481215, 0.009461747192107739, -0.002358158500356575, 0.0049603818033025085, -0.0004723511650581911, 0.009281310175575326, -0.002591783907814631, 0.002344405722019554, -0.015212176490588338, 0.008559921331495116, 0.2160434634599745, -0.0001606280984335512, 0.0018192915740799995, -0.013648457968245395], [0.30990129137911554, -0.1759571852939406, -0.15454154164580014, -0.13279736985721083, -0.104656599520595, -0.7737148799063888, -0.0639888353246765, 0.008529012883764423, 0.0034548542656755643, 0.0028902258269187593, 0.0006171606873411805, 0.010495276513616873, 0.0024058233614076526, 0.008447298576319302, 0.0029395492293459967, 0.0025447610894030258, 0.0080865424108669, 0.001567979941766016, 0.005994745877418953, 0.0038877382441054103, 0.008267996615527372, 0.0019809830271352515, 0.004235653722024967, 0.009496096380640662, -0.0001606280984335512, 0.2134693469057032, 0.0019138055123152846, 0.003440438068640181], [-0.03440743789024197, -0.14839491656846235, -0.16141820410059635, -0.1458945623509463, -0.10309783857332985, -0.4303013677814603, -0.5005313140573728, 0.0033103406109481347, 0.003956241546129586, 0.0013451376494884814, -0.0007881231846429484, 0.024134790919572838, 0.0057090669936310885, 0.0050592263139748635, 0.0018273584990354088, 0.0012521252304046264, 0.023525665802695783, 0.00590780001257229, 0.002028326813448515, 0.0014216274059363056, 0.021689256154196042, 0.005978502814449743, -0.002144809893077843, 0.026473793362266417, 0.0018192915740799995, 0.0019138055123152846, 0.23482190718865625, -0.014109141853526299], [0.22561264614934892, 8.301331571787552e-05, 0.0133033465817222, 0.03229738249777378, 0.015107258733219543, 0.08063724814239452, -0.6684229760045088, -0.0001753757025759126, -0.0029525470102914468, -0.0024961652091445206, -0.00321019238834875, -0.0021744723719254997, -0.01533992748062012, 0.00044503630907487626, -0.0013368477774239875, -0.0008234213576407744, -0.0011407045958538916, -0.014372116076168772, 0.0010120946151385133, 0.0015600130242684048, 6.713122840290627e-06, -0.013877191871765842, 0.003650072899347239, 0.003592352919996836, -0.013648457968245395, 0.003440438068640181, -0.014109141853526299, 0.1922214938676271]]",
    "monomial_list": "[1, x6, x5, x4, x3, x2, x1, x6**2, x5*x6, x4*x6, x3*x6, x2*x6, x1*x6, x5**2, x4*x5, x3*x5, x2*x5, x1*x5, x4**2, x3*x4, x2*x4, x1*x4, x3**2, x2*x3, x1*x3, x2**2, x1*x2, x1**2]"
}