{
    "name": "Total Decomposition",
    "rational_expression": "879*x1**4/20000 - 7051*x1**3*x2/1000000 - 5081*x1**3*x3/1000000 - 5687*x1**3*x4/1000000 - 2639*x1**3*x5/500000 - 4783*x1**3*x6/1000000 - 151*x1**3/500 + 1377*x1**2*x2**2/25000 + 3537*x1**2*x2*x3/1000000 + 1169*x1**2*x2*x4/500000 + 1099*x1**2*x2*x5/500000 + 259*x1**2*x2*x6/125000 - 1809*x1**2*x2/10000 + 2577*x1**2*x3**2/50000 + 1211*x1**2*x3*x4/500000 + 317*x1**2*x3*x5/200000 + 1331*x1**2*x3*x6/1000000 - 1661*x1**2*x3/10000 + 641*x1**2*x4**2/12500 + 13*x1**2*x4*x5/8000 + 1301*x1**2*x4*x6/1000000 - 1651*x1**2*x4/10000 + 5121*x1**2*x5**2/100000 + 9501*x1**2*x5*x6/10000000 - 1731*x1**2*x5/10000 + 1261*x1**2*x6**2/25000 - 1713*x1**2*x6/10000 + 2647*x1**2/1000 - 1863*x1*x2**3/500000 + 61*x1*x2**2*x3/12500 + 2571*x1*x2**2*x4/500000 + 2237*x1*x2**2*x5/500000 + 4317*x1*x2**2*x6/1000000 - 39*x1*x2**2/200 + 1207*x1*x2*x3**2/500000 + 1497*x1*x2*x3*x4/50000000 + 581*x1*x2*x3*x5/5000000 - 3447*x1*x2*x3*x6/100000000 - 8749*x1*x2*x3/100000 + 509*x1*x2*x4**2/200000 + 1503*x1*x2*x4*x5/5000000 + 1493*x1*x2*x4*x6/100000000 - 8883*x1*x2*x4/100000 + 6607*x1*x2*x5**2/1000000 - 383*x1*x2*x5*x6/25000000 - 1121*x1*x2*x5/10000 + 617*x1*x2*x6**2/100000 - 1121*x1*x2*x6/10000 + 413*x1*x2/2000 - 7791*x1*x3**3/1000000 + 101*x1*x3**2*x4/50000 + 997*x1*x3**2*x5/500000 + 969*x1*x3**2*x6/500000 - 407*x1*x3**2/2500 + 1961*x1*x3*x4**2/1000000 + 719*x1*x3*x4*x5/5000000 - 7569*x1*x3*x4*x6/100000000 - 5703*x1*x3*x4/100000 + 6087*x1*x3*x5**2/1000000 - 1071*x1*x3*x5*x6/5000000 - 4157*x1*x3*x5/50000 + 6133*x1*x3*x6**2/1000000 - 1043*x1*x3*x6/12500 + 1527*x1*x3/5000 - 6759*x1*x4**3/1000000 + 39*x1*x4**2*x5/20000 + 857*x1*x4**2*x6/500000 - 1677*x1*x4**2/10000 + 1183*x1*x4*x5**2/200000 - 331*x1*x4*x5*x6/2500000 - 8079*x1*x4*x5/100000 + 5943*x1*x4*x6**2/1000000 - 7801*x1*x4*x6/100000 + 2361*x1*x4/10000 - 1861*x1*x5**3/500000 + 5907*x1*x5**2*x6/1000000 - 197*x1*x5**2/1000 + 1469*x1*x5*x6**2/250000 - 287*x1*x5*x6/2500 + 689*x1*x5/2500 - 743*x1*x6**3/200000 - 987*x1*x6**2/5000 + 1339*x1*x6/5000 + 89*x1/4000 + 4473*x2**4/100000 - 201*x2**3*x3/125000 - 1683*x2**3*x4/1000000 - 893*x2**3*x5/500000 - 1151*x2**3*x6/1000000 - 199*x2**3/625 + 5203*x2**2*x3**2/100000 + 2431*x2**2*x3*x4/500000 + 4009*x2**2*x3*x5/1000000 + 4007*x2**2*x3*x6/1000000 - 1941*x2**2*x3/10000 + 2567*x2**2*x4**2/50000 + 231*x2**2*x4*x5/50000 + 849*x2**2*x4*x6/200000 - 1949*x2**2*x4/10000 + 2587*x2**2*x5**2/50000 + 1707*x2**2*x5*x6/500000 - 513*x2**2*x5/2500 + 5091*x2**2*x6**2/100000 - 257*x2**2*x6/1250 + 1303*x2**2/500 - 1249*x2*x3**3/200000 + 287*x2*x3**2*x4/200000 + 1959*x2*x3**2*x5/1000000 + 253*x2*x3**2*x6/125000 - 227*x2*x3**2/1250 + 229*x2*x3*x4**2/100000 + 11*x2*x3*x4*x5/50000 - 1279*x2*x3*x4*x6/25000000 - 751*x2*x3*x4/10000 + 913*x2*x3*x5**2/125000 - 123*x2*x3*x5*x6/1562500 - 113*x2*x3*x5/1000 + 7073*x2*x3*x6**2/1000000 - 579*x2*x3*x6/5000 + 619*x2*x3/6250 - 141*x2*x4**3/25000 + 1159*x2*x4**2*x5/500000 + 437*x2*x4**2*x6/200000 - 919*x2*x4**2/5000 + 1671*x2*x4*x5**2/250000 + 2033*x2*x4*x5*x6/25000000 - 1149*x2*x4*x5/10000 + 6267*x2*x4*x6**2/1000000 - 551*x2*x4*x6/5000 + 1291*x2*x4/5000 - 34*x2*x5**3/15625 + 817*x2*x5**2*x6/125000 - 107*x2*x5**2/500 + 3051*x2*x5*x6**2/500000 - 719*x2*x5*x6/5000 + 247*x2*x5/1000 - 1127*x2*x6**3/500000 - 132*x2*x6**2/625 + 1939*x2*x6/10000 - 1673*x2/10000 + 2033*x3**4/50000 - 6009*x3**3*x4/1000000 - 5967*x3**3*x5/1000000 - 1363*x3**3*x6/250000 - 2911*x3**3/10000 + 189*x3**2*x4**2/4000 + 297*x3**2*x4*x5/200000 + 17*x3**2*x4*x6/12500 - 197*x3**2*x4/1250 + 2447*x3**2*x5**2/50000 + 511*x3**2*x5*x6/500000 - 109*x3**2*x5/625 + 4743*x3**2*x6**2/100000 - 17*x3**2*x6/100 + 1359*x3**2/500 - 5291*x3*x4**3/1000000 + 639*x3*x4**2*x5/500000 + 57*x3*x4**2*x6/50000 - 1597*x3*x4**2/10000 + 1601*x3*x4*x5**2/250000 - 131*x3*x4*x5*x6/12500000 - 1627*x3*x4*x5/20000 + 1633*x3*x4*x6**2/250000 - 7979*x3*x4*x6/100000 + 1301*x3*x4/10000 - 29*x3*x5**3/15625 + 1173*x3*x5**2*x6/200000 - 1931*x3*x5**2/10000 + 2831*x3*x5*x6**2/500000 - 1119*x3*x5*x6/10000 + 1963*x3*x5/5000 - 1877*x3*x6**3/1000000 - 1913*x3*x6**2/10000 + 3991*x3*x6/10000 - 251*x3/250 + 1891*x4**4/50000 - 199*x4**3*x5/40000 - 14*x4**3*x6/3125 - 359*x4**3/1250 + 2363*x4**2*x5**2/50000 + 8951*x4**2*x5*x6/10000000 - 891*x4**2*x5/5000 + 1161*x4**2*x6**2/25000 - 111*x4**2*x6/625 + 2707*x4**2/1000 - 383*x4*x5**3/200000 + 669*x4*x5**2*x6/125000 - 1909*x4*x5**2/10000 + 5663*x4*x5*x6**2/1000000 - 1043*x4*x5*x6/10000 + 2013*x4*x5/10000 - 1753*x4*x6**3/1000000 - 983*x4*x6**2/5000 + 421*x4*x6/2000 + 549*x4/2500 + 3809*x5**4/100000 - 1671*x5**3*x6/2000000 - 2923*x5**3/10000 + 1191*x5**2*x6**2/25000 - 413*x5**2*x6/2000 + 2717*x5**2/1000 - 1563*x5*x6**3/1000000 - 2107*x5*x6**2/10000 + 1581*x5*x6/5000 + 1209*x5/12500 + 3661*x6**4/100000 - 707*x6**3/2500 + 1399*x6**2/500 - 3347*x6/10000 + 93/50",
    "Q": "[[1.860329243337001, -0.16820660838384036, 0.04914978120214119, 0.10974272732790132, -0.5025355120686796, -0.08407119453415728, 0.010671207592725523, 0.052157647958851895, -0.021698843165363038, -0.023353110237719934, -0.003565476280313287, -0.02120723060356707, -0.02085628529477758, 0.04016476899956717, -0.028878201857821067, -0.010654106116337658, -0.02620481589835464, -0.027658898504269367, 0.040626863165677325, -0.01600563481233998, -0.02450744181447838, -0.028391602065069882, 0.0857070815335282, -0.013886246420553241, -0.011322801868665893, 0.058280401453657656, -0.027514553228650766, 0.05768274178134082], [-0.16820660838384036, 2.694196951952374, 0.18030194093583343, 0.1304994748424816, 0.20320019043160803, 0.11663544010004037, 0.15356443278393492, -0.14258577622957852, -0.09852679975158184, -0.09623033276615728, -0.08763995745662513, -0.1080212049713931, -0.0995669689405175, -0.009480598610529554, -0.013090526311300466, -0.015784864960002674, -0.021787596021298587, -0.013391817171865139, -0.002605206755682492, -0.009904364213682194, -0.013044179831643327, -0.006052707647620373, -0.00939075648702332, -0.019667740590438687, -0.009148160525410952, -0.014080866250657206, -0.014168444602240707, -0.006075304434959129], [0.04914978120214119, 0.18030194093583343, 2.6354151147094536, 0.13162824864037087, 0.20782505893395162, 0.15076397392372387, 0.16636401122825056, -0.006181648442383862, -0.09361691962096272, -0.015910457788638217, -0.019571211473895525, -0.02682448606197101, -0.01711042449592015, -0.14540156427038273, -0.09641042430213544, -0.08779704256535682, -0.10683305677009985, -0.09949771410578917, 0.001825336755390454, -0.012130295760641435, -0.016585672422392884, -0.009005796307923123, -0.005668088241037041, -0.022916068992205718, -0.012140583266297333, -0.010254891198684992, -0.017937022244212772, -0.00117672631815207], [0.10974272732790132, 0.1304994748424816, 0.13162824864037087, 2.624757083979835, 0.082676592447903, 0.15240616170695387, 0.1460231865077334, -0.001043775428412177, -0.02384396851885599, -0.08465179102275744, -0.016655515801289888, -0.026979913541277985, -0.015924527495230642, 4.9736209118667525e-05, -0.09024243870157435, -0.015075321118196306, -0.02516811977692255, -0.015053635724260661, -0.14258884899300012, -0.08100650012738655, -0.09837523033578138, -0.09174995330912596, 0.001864163786605482, -0.020804609666475696, -0.00878767373105317, -0.0063556883572850826, -0.017965485868430935, 0.0037617490621934067], [-0.5025355120686796, 0.20320019043160803, 0.20782505893395162, 0.082676592447903, 2.5477689730565882, 0.06178882290411135, 0.16294471282305864, -0.007892083411575606, -0.022436725417082796, -0.01388095603102215, -0.0751548063587961, -0.022649268429713452, -0.013325509168848289, -0.008936173456794514, -0.01234830189627176, -0.08065419611727548, -0.01994926784442783, -0.012062352608295154, 6.882494870806178e-05, -0.08222880154245202, -0.009561095865742952, -0.003466853252054617, -0.14639828140313066, -0.09461695867699006, -0.08474740910300615, -0.011364335851899695, -0.011139714428068152, -0.005942301028992218], [-0.08407119453415728, 0.11663544010004037, 0.15076397392372387, 0.15240616170695387, 0.06178882290411135, 2.4901381848322797, 0.13163914649141828, 0.0014888299897398865, -0.022407952677073326, -0.014686224936500318, -0.014299221886991157, -0.08956681852918118, -0.013887749784047563, 0.0007307406737493272, -0.014475496075211626, -0.013537550779064903, -0.09379641147252524, -0.013424414771581884, 0.006565580573457256, -0.008612652382261849, -0.09119187228148826, -0.007039767092294019, 0.005308875283871045, -0.08678422672837444, -0.0067017668276089125, -0.15850643143333873, -0.09535190866403076, 0.004918129316777262], [0.010671207592725523, 0.15356443278393492, 0.16636401122825056, 0.1460231865077334, 0.16294471282305864, 0.13163914649141828, 2.5318741762111485, 0.0012520548900100776, -0.02540103451080572, -0.01811218384293415, -0.01952156103090527, -0.027940677058639854, -0.08031472467280146, 0.0010473815756622846, -0.01738645613760039, -0.018625771573567658, -0.025847283684306287, -0.08590302006682264, 0.00695387312291193, -0.014440468672185573, -0.01816613289757378, -0.08511498398648511, 0.0031683651583595185, -0.024211207023822633, -0.07683167003022816, -0.0033252899160517006, -0.09513104595388085, -0.152301676328637], [0.052157647958851895, -0.14258577622957852, -0.006181648442383862, -0.001043775428412177, -0.007892083411575606, 0.0014888299897398865, 0.0012520548900100776, 0.036410397284686306, -0.0007190388752028039, -0.0007771848514889276, -0.0008503311644624886, -0.0010039627729311123, -0.001757771140738066, 0.0007358379781415054, -0.0007077990883749612, -0.0004460884541076406, -0.00037681338717927636, -0.00044747678033928655, 0.0008769364514481068, 0.0001325678119979943, -0.0004134678224276932, -0.00033948001029168436, 0.0015990327945118055, 0.0005959816732677202, 0.00019456770212345365, 0.0015503251318799492, 0.0001319999541670098, 0.0014040442352635386], [-0.021698843165363038, -0.09852679975158184, -0.09361691962096272, -0.02384396851885599, -0.022436725417082796, -0.022407952677073326, -0.02540103451080572, -0.0007190388752028039, 0.04591856349524421, 0.0034727178507012756, 0.0033509143809273695, 0.003419987231624713, 0.003290952322376388, -0.00042652564503650926, 0.003285855005003026, 0.003351451048386928, 0.0031727021126563104, 0.003109010090274839, -0.0006392524849709599, 0.00013924559406739223, -0.0002597821019370908, -6.49104790707434e-05, -0.000300452427741805, 0.000135610526562098, -7.524173396334287e-05, -0.0008973122102346152, -0.0001558110223705106, -0.0005235718989158549], [-0.023353110237719934, -0.09623033276615728, -0.015910457788638217, -0.08465179102275744, -0.01388095603102215, -0.014686224936500318, -0.01811218384293415, -0.0007771848514889276, 0.0034727178507012756, 0.044540493942761064, 0.0030790925837496127, 0.0034975527116653236, 0.003257958738589336, -0.0005402123021793396, 0.0010125825678577354, -0.00013823600148801075, 5.707633792762699e-05, 6.3073456692440405e-06, -0.0023124283303197954, 0.0010526812043157377, 0.0008349868335409073, 0.0010821979482938155, -0.00027846968071893743, 0.00010500793864122496, -0.00013481091523447975, -0.0005188653077971752, -1.969275884352177e-05, -0.00031814236596019205], [-0.003565476280313287, -0.08763995745662513, -0.019571211473895525, -0.016655515801289888, -0.0751548063587961, -0.014299221886991157, -0.01952156103090527, -0.0008503311644624886, 0.0033509143809273695, 0.0030790925837496127, 0.043860424156671726, 0.0029168766265810176, 0.002843270008699763, -0.00037633166229132626, -1.0095925839696311e-06, 0.0008746081184086798, -7.983083903504434e-05, 6.214666052240592e-05, -0.00047285504606199753, 0.0010043801522186641, -0.00024348758545238405, -3.5256574319726246e-05, -0.002652192117898542, 0.0008814907768033895, 0.0009661912222969785, -0.0006343879870674723, -0.00010655325911769283, -9.746585492848634e-05], [-0.02120723060356707, -0.1080212049713931, -0.02682448606197101, -0.026979913541277985, -0.022649268429713452, -0.08956681852918118, -0.027940677058639854, -0.0010039627729311123, 0.003419987231624713, 0.0034975527116653236, 0.0029168766265810176, 0.04758584305601154, 0.003044074437258452, 2.4047991183501824e-05, 0.00020270576402553025, -5.577968749885327e-05, 0.0026896106859887908, 0.00013284968043338616, 0.00013989260963465528, 0.00013847964682490156, 0.0027072623324837252, 0.00011776410184902006, 3.4155135458431846e-05, 0.002666464015717069, -0.00013146346461765434, -0.0004829885998052739, 0.0025303173621298316, 0.00011739820600695999], [-0.02085628529477758, -0.0995669689405175, -0.01711042449592015, -0.015924527495230642, -0.013325509168848289, -0.013887749784047563, -0.08031472467280146, -0.001757771140738066, 0.003290952322376388, 0.003257958738589336, 0.002843270008699763, 0.003044074437258452, 0.04740031786630691, -0.00021490934679938012, 5.860313340476644e-05, 1.3095073440933574e-05, 2.2961341921742783e-05, 0.0010507511798295514, -0.00020211905065587016, 0.0001700674895529665, -9.807134300239242e-05, 0.0010433986926492139, -1.9824370639189298e-05, 0.00023801672373604437, 0.0008760818647235974, -0.0003012074267381857, 0.0009434639004195656, -0.002299776091027714], [0.04016476899956717, -0.009480598610529554, -0.14540156427038273, 4.9736209118667525e-05, -0.008936173456794514, 0.0007307406737493272, 0.0010473815756622846, 0.0007358379781415054, -0.00042652564503650926, -0.0005402123021793396, -0.00037633166229132626, 2.4047991183501824e-05, -0.00021490934679938012, 0.03786555445076099, -0.0009069404567351898, -0.0008972261609539461, -0.0011120936806012008, -0.0018340291574347864, 0.0007365810090734897, 0.00022001289338193276, -0.00019340140624923637, -0.00021290052604223633, 0.0016750299428436887, 0.0008456009990004951, 0.0003817560941158804, 0.001518378772057468, 0.0003839683422491649, 0.0012485513840836768], [-0.028878201857821067, -0.013090526311300466, -0.09641042430213544, -0.09024243870157435, -0.01234830189627176, -0.014475496075211626, -0.01738645613760039, -0.0007077990883749612, 0.003285855005003026, 0.0010125825678577354, -1.0095925839696311e-06, 0.00020270576402553025, 5.860313340476644e-05, -0.0009069404567351898, 0.04614739341914153, 0.002946213929375009, 0.003369586963723193, 0.0031660451223776737, -0.0026113609026158615, 0.0010427470647149258, 0.0010149319169653322, 0.0012431309606067533, -0.0003639000542374126, 0.00021506226303139625, -6.196988186901728e-05, -0.0004703338418080406, 4.465459261889675e-05, -0.0003872964511915464], [-0.010654106116337658, -0.015784864960002674, -0.08779704256535682, -0.015075321118196306, -0.08065419611727548, -0.013537550779064903, -0.018625771573567658, -0.0004460884541076406, 0.003351451048386928, -0.00013823600148801075, 0.0008746081184086798, -5.577968749885327e-05, 1.3095073440933574e-05, -0.0008972261609539461, 0.002946213929375009, 0.04544231428454063, 0.002739575951015012, 0.00270996029326285, -0.0004640314755644256, 0.00110974404898376, -0.00030337979307059216, -0.0001087507723821673, -0.002985996036398604, 0.0010014250176772022, 0.0011050826701789532, -0.0005580818461930898, -0.00013886009865288337, -7.984651502761972e-05], [-0.02620481589835464, -0.021787596021298587, -0.10683305677009985, -0.02516811977692255, -0.01994926784442783, -0.09379641147252524, -0.025847283684306287, -0.00037681338717927636, 0.0031727021126563104, 5.707633792762699e-05, -7.983083903504434e-05, 0.0026896106859887908, 2.2961341921742783e-05, -0.0011120936806012008, 0.003369586963723193, 0.002739575951015012, 0.04906828764239646, 0.002900493685601467, -9.805732128790756e-06, 8.831753010480295e-05, 0.0027855915619509133, 4.008095897777689e-05, -0.0001222105987516841, 0.002608863827807038, -0.00016012935117408212, -0.0009237784808617668, 0.00261128239070956, -3.987862414876028e-05], [-0.027658898504269367, -0.013391817171865139, -0.09949771410578917, -0.015053635724260661, -0.012062352608295154, -0.013424414771581884, -0.08590302006682264, -0.00044747678033928655, 0.003109010090274839, 6.3073456692440405e-06, 6.214666052240592e-05, 0.00013284968043338616, 0.0010507511798295514, -0.0018340291574347864, 0.0031660451223776737, 0.00270996029326285, 0.002900493685601467, 0.04905163217877182, -0.00029015567246217514, 0.00017072065424471276, -8.473555159534542e-05, 0.0012356934612921101, -8.895700503239897e-05, 0.0002989894498439976, 0.0009039654318915707, -0.0002975728295157278, 0.0011229921729156223, -0.0026737500417572135], [0.040626863165677325, -0.002605206755682492, 0.001825336755390454, -0.14258884899300012, 6.882494870806178e-05, 0.006565580573457256, 0.00695387312291193, 0.0008769364514481068, -0.0006392524849709599, -0.0023124283303197954, -0.00047285504606199753, 0.00013989260963465528, -0.00020211905065587016, 0.0007365810090734897, -0.0026113609026158615, -0.0004640314755644256, -9.805732128790756e-06, -0.00029015567246217514, 0.03810351477547856, -0.0027179186146302943, -0.0030003984775789794, -0.0034817904954029923, 0.0015798780014071264, 0.0005750072351225756, 0.00010363199036327949, 0.001502521537401121, 0.0003852569720583321, 0.0011672500846070086], [-0.01600563481233998, -0.009904364213682194, -0.012130295760641435, -0.08100650012738655, -0.08222880154245202, -0.008612652382261849, -0.014440468672185573, 0.0001325678119979943, 0.00013924559406739223, 0.0010526812043157377, 0.0010043801522186641, 0.00013847964682490156, 0.0001700674895529665, 0.00022001289338193276, 0.0010427470647149258, 0.00110974404898376, 8.831753010480295e-05, 0.00017072065424471276, -0.0027179186146302943, 0.04434202963641311, 0.0006803171867914022, 0.0008930604874183905, -0.002887271491292202, 0.0011684758089304506, 0.0012270638219835886, -3.2962581227844446e-05, 7.746249271828464e-05, 0.0003192575237401235], [-0.02450744181447838, -0.013044179831643327, -0.016585672422392884, -0.09837523033578138, -0.009561095865742952, -0.09119187228148826, -0.01816613289757378, -0.0004134678224276932, -0.0002597821019370908, 0.0008349868335409073, -0.00024348758545238405, 0.0027072623324837252, -9.807134300239242e-05, -0.00019340140624923637, 0.0010149319169653322, -0.00030337979307059216, 0.0027855915619509133, -8.473555159534542e-05, -0.0030003984775789794, 0.0006803171867914022, 0.048369051322433416, 0.000990211388179918, -0.0003773729998930217, 0.002603162815419843, -0.0002686747040787169, -0.0008697741377817512, 0.002707376131682814, -6.31932814769104e-06], [-0.028391602065069882, -0.006052707647620373, -0.009005796307923123, -0.09174995330912596, -0.003466853252054617, -0.007039767092294019, -0.08511498398648511, -0.00033948001029168436, -6.49104790707434e-05, 0.0010821979482938155, -3.5256574319726246e-05, 0.00011776410184902006, 0.0010433986926492139, -0.00021290052604223633, 0.0012431309606067533, -0.0001087507723821673, 4.008095897777689e-05, 0.0012356934612921101, -0.0034817904954029923, 0.0008930604874183905, 0.000990211388179918, 0.04854833221887363, -0.00021779998726577292, 0.0001912122113529378, 0.0008467953568719481, -8.699486214397814e-05, 0.001173683161835363, -0.0027838153194988014], [0.0857070815335282, -0.00939075648702332, -0.005668088241037041, 0.001864163786605482, -0.14639828140313066, 0.005308875283871045, 0.0031683651583595185, 0.0015990327945118055, -0.000300452427741805, -0.00027846968071893743, -0.002652192117898542, 3.4155135458431846e-05, -1.9824370639189298e-05, 0.0016750299428436887, -0.0003639000542374126, -0.002985996036398604, -0.0001222105987516841, -8.895700503239897e-05, 0.0015798780014071264, -0.002887271491292202, -0.0003773729998930217, -0.00021779998726577292, 0.04060257047792135, -0.0031551747700752216, -0.0038295799628201488, 0.0020653594964701815, 0.0001456369427797219, 0.001948851459273647], [-0.013886246420553241, -0.019667740590438687, -0.022916068992205718, -0.020804609666475696, -0.09461695867699006, -0.08678422672837444, -0.024211207023822633, 0.0005959816732677202, 0.000135610526562098, 0.00010500793864122496, 0.0008814907768033895, 0.002666464015717069, 0.00023801672373604437, 0.0008456009990004951, 0.00021506226303139625, 0.0010014250176772022, 0.002608863827807038, 0.0002989894498439976, 0.0005750072351225756, 0.0011684758089304506, 0.002603162815419843, 0.0001912122113529378, -0.0031551747700752216, 0.04765428935496397, 0.0010462655428220093, -0.0007191776088876899, 0.002378434869778489, 0.000824738133553228], [-0.011322801868665893, -0.009148160525410952, -0.012140583266297333, -0.00878767373105317, -0.08474740910300615, -0.0067017668276089125, -0.07683167003022816, 0.00019456770212345365, -7.524173396334287e-05, -0.00013481091523447975, 0.0009661912222969785, -0.00013146346461765434, 0.0008760818647235974, 0.0003817560941158804, -6.196988186901728e-05, 0.0011050826701789532, -0.00016012935117408212, 0.0009039654318915707, 0.00010363199036327949, 0.0012270638219835886, -0.0002686747040787169, 0.0008467953568719481, -0.0038295799628201488, 0.0010462655428220093, 0.04787602493313284, 2.421485290944832e-05, 0.0006542156053600404, -0.002648797946849948], [0.058280401453657656, -0.014080866250657206, -0.010254891198684992, -0.0063556883572850826, -0.011364335851899695, -0.15850643143333873, -0.0033252899160517006, 0.0015503251318799492, -0.0008973122102346152, -0.0005188653077971752, -0.0006343879870674723, -0.0004829885998052739, -0.0003012074267381857, 0.001518378772057468, -0.0004703338418080406, -0.0005580818461930898, -0.0009237784808617668, -0.0002975728295157278, 0.001502521537401121, -3.2962581227844446e-05, -0.0008697741377817512, -8.699486214397814e-05, 0.0020653594964701815, -0.0007191776088876899, 2.421485290944832e-05, 0.044706554379332436, -0.001872361759927535, 0.0017942986871775915], [-0.027514553228650766, -0.014168444602240707, -0.017937022244212772, -0.017965485868430935, -0.011139714428068152, -0.09535190866403076, -0.09513104595388085, 0.0001319999541670098, -0.0001558110223705106, -1.969275884352177e-05, -0.00010655325911769283, 0.0025303173621298316, 0.0009434639004195656, 0.0003839683422491649, 4.465459261889675e-05, -0.00013886009865288337, 0.00261128239070956, 0.0011229921729156223, 0.0003852569720583321, 7.746249271828464e-05, 0.002707376131682814, 0.001173683161835363, 0.0001456369427797219, 0.002378434869778489, 0.0006542156053600404, -0.001872361759927535, 0.05123643224465608, -0.0030178273035431614], [0.05768274178134082, -0.006075304434959129, -0.00117672631815207, 0.0037617490621934067, -0.005942301028992218, 0.004918129316777262, -0.152301676328637, 0.0014040442352635386, -0.0005235718989158549, -0.00031814236596019205, -9.746585492848634e-05, 0.00011739820600695999, -0.002299776091027714, 0.0012485513840836768, -0.0003872964511915464, -7.984651502761972e-05, -3.987862414876028e-05, -0.0026737500417572135, 0.0011672500846070086, 0.0003192575237401235, -6.31932814769104e-06, -0.0027838153194988014, 0.001948851459273647, 0.000824738133553228, -0.002648797946849948, 0.0017942986871775915, -0.0030178273035431614, 0.044115737106280785]]",
    "monomial_list": "[1, x6, x5, x4, x3, x2, x1, x6**2, x5*x6, x4*x6, x3*x6, x2*x6, x1*x6, x5**2, x4*x5, x3*x5, x2*x5, x1*x5, x4**2, x3*x4, x2*x4, x1*x4, x3**2, x2*x3, x1*x3, x2**2, x1*x2, x1**2]"
}