{
    "name": "Total Decomposition",
    "rational_expression": "199*x1**4/10000 - 13*x1**3*x2/1000 + 63*x1**3/2000 - 577*x1**2*x2**2/10000 + 467*x1**2*x2/10000 + 157*x1**2/2000 - 77*x1*x2**3/12500 - 193*x1*x2**2/2500 - 171*x1*x2/25000 - 37*x1/2500 + 18*x2**4/125 - 991*x2**3/10000 + 229*x2**2/1000 - 59*x2/2000 + 97/500",
    "Q": "[[0.19358891211512008, -0.014760278944818659, -0.007314384781299567, 0.021365361974468814, 0.0017903541491925618, -0.013009041970159554], [-0.014760278944818659, 0.18619605027582403, -0.005232214010342652, -0.049638613970573044, -0.0025521046961767477, 0.018589806735721602], [-0.007314384781299567, -0.005232214010342652, 0.10428515207785516, -0.03591111009253306, 0.004786231943821458, 0.015754183618745206], [0.021365361974468814, -0.049638613970573044, -0.03591111009253306, 0.14376195232092642, -0.0030551547366199985, -0.04151461347944638], [0.0017903541491925618, -0.0025521046961767477, 0.004786231943821458, -0.0030551547366199985, 0.025633053826596853, -0.006603962847555411], [-0.013009041970159554, 0.018589806735721602, 0.015754183618745206, -0.04151461347944638, -0.006603962847555411, 0.02017652597038843]]",
    "monomial_list": "[1, x2, x1, x2**2, x1*x2, x1**2]"
}