{
    "name": "Total Decomposition",
    "rational_expression": "83*x1**4/5000 - 67*x1**3*x2/5000 + 51*x1**3/2500 - 487*x1**2*x2**2/10000 + 169*x1**2*x2/5000 + 7*x1**2/100 - 129*x1*x2**3/1000000 - 73*x1*x2**2/1250 - 17*x1*x2/1000 - 723*x1/100000 + 73*x2**4/500 - 81*x2**3/1000 + 219*x2**2/1000 - 217*x2/10000 + 19/100",
    "Q": "[[0.1902952060257343, -0.010875310691232995, -0.003539821073234801, 0.019289256189109358, 0.0022980919577622085, -0.011402064921604397], [-0.010875310691232995, 0.1804660489061077, -0.010846445893736656, -0.04051069137936979, -0.0034364834789658853, 0.013439220724491505], [-0.003539821073234801, -0.010846445893736656, 0.0926171763272484, -0.02578558308886307, 0.0034785930078429237, 0.010148025722923974], [0.019289256189109358, -0.04051069137936979, -0.02578558308886307, 0.14632233825403515, -6.43571619302208e-05, -0.036975007834103575], [0.0022980919577622085, -0.0034364834789658853, 0.0034785930078429237, -6.43571619302208e-05, 0.025670740711339603, -0.006827378022079486], [-0.011402064921604397, 0.013439220724491505, 0.010148025722923974, -0.036975007834103575, -0.006827378022079486, 0.01642415122247743]]",
    "monomial_list": "[1, x2, x1, x2**2, x1*x2, x1**2]"
}