{
    "name": "Multiplier-6",
    "rational_expression": "458*x1**2/125 + 343*x1*x2/2500 + 1043*x1*x3/10000 + 1371*x1*x4/20000 + 8389*x1*x5/100000 - 2569*x1*x6/5000 - 111*x1/4000 + 183*x2**2/50 + 3193*x2*x3/50000 + 9663*x2*x4/100000 + 41*x2*x5/250 - 5551*x2*x6/10000 + 3111*x2/50000 + 3659*x3**2/1000 + 411*x3*x4/10000 + 7083*x3*x5/100000 - 3549*x3*x6/10000 - 21*x3/50 + 3673*x4**2/1000 + 7649*x4*x5/100000 - 4291*x4*x6/10000 - 267*x4/1250 + 458*x5**2/125 - 613*x5*x6/1250 - 8261*x5/100000 + 551*x6**2/125 - 961*x6/500 + 861/250",
    "Q": "[[3.444160538238496, -0.9607682719085867, -0.04045233163037399, -0.10510169573364216, -0.211556937696793, 0.030612481429396286, -0.012612539864364622], [-0.9607682719085867, 4.407887208373726, -0.24737709416387527, -0.21353463903844733, -0.1751932834395448, -0.2783160383429125, -0.2579209405813835], [-0.04045233163037399, -0.24737709416387527, 3.664405677758067, 0.03964006944732806, 0.03668508577022873, 0.08235021643283055, 0.04326016006587125], [-0.10510169573364216, -0.21353463903844733, 0.03964006944732806, 3.6724986730650437, 0.01854872267508036, 0.048707190485878175, 0.03339049156205353], [-0.211556937696793, -0.1751932834395448, 0.03668508577022873, 0.01854872267508036, 3.659817514793358, 0.03233886815616867, 0.05212068301303718], [0.030612481429396286, -0.2783160383429125, 0.08235021643283055, 0.048707190485878175, 0.03233886815616867, 3.660036685780462, 0.07054136431523038], [-0.012612539864364622, -0.2579209405813835, 0.04326016006587125, 0.03339049156205353, 0.05212068301303718, 0.07054136431523038, 3.663536262378006]]",
    "monomial_list": "[1, x6, x5, x4, x3, x2, x1]"
}