{
    "name": "Multiplier-1",
    "rational_expression": "4453*x1**2/1000 - 5351*x1*x2/10000 - 953*x1*x3/2500 - 4083*x1*x4/10000 - 4819*x1*x5/10000 - 181*x1*x6/400 - 1091*x1/500 + 917*x2**2/250 + 2653*x2*x3/50000 + 567*x2*x4/5000 + 817*x2*x5/5000 + 147*x2*x6/1250 + 361*x3**2/100 + 3641*x3*x4/100000 + 963*x3*x5/12500 + 2583*x3*x6/100000 - 1537*x3/10000 + 92*x4**2/25 + 2383*x4*x5/25000 + 1753*x4*x6/20000 - 677*x4/2500 + 917*x5**2/250 + 341*x5*x6/2500 - 1611*x5/10000 + 1839*x6**2/500 - 183*x6/1000 + 3661/1000",
    "Q": "[[3.6612814218666925, -0.09237475157116162, -0.08065799938682407, -0.13389825634994365, -0.07831552219164646, -0.0010190860552938559, -1.092426974708405], [-0.09237475157116162, 3.6782333473428928, 0.0682185737498374, 0.04540732283460906, 0.01358244225122595, 0.058504573451302944, -0.22595981795212422], [-0.08065799938682407, 0.0682185737498374, 3.667734349861806, 0.047594417702892765, 0.03889560027794865, 0.0809634161514404, -0.24167766280351985], [-0.13389825634994365, 0.04540732283460906, 0.047594417702892765, 3.67999408625149, 0.01973431731817159, 0.05538012601816787, -0.20533166590627555], [-0.07831552219164646, 0.01358244225122595, 0.03889560027794865, 0.01973431731817159, 3.6104494174074824, 0.027264212170003535, -0.19197878262641582], [-0.0010190860552938559, 0.058504573451302944, 0.0809634161514404, 0.05538012601816787, 0.027264212170003535, 3.6672182102544673, -0.26718296753401166], [-1.092426974708405, -0.22595981795212422, -0.24167766280351985, -0.20533166590627555, -0.19197878262641582, -0.26718296753401166, 4.454799559025459]]",
    "monomial_list": "[1, x6, x5, x4, x3, x2, x1]"
}