{
    "name": "Multiplier-4",
    "rational_expression": "3707*x1**2/1000 + 1407*x1*x2/10000 + 1267*x1*x3/10000 - 2399*x1*x4/5000 + 1093*x1*x5/10000 + 1083*x1*x6/10000 - 347*x1/2000 + 37*x2**2/10 + 6949*x2*x3/100000 - 521*x2*x4/1000 + 1659*x2*x5/10000 + 159*x2*x6/1250 - 4871*x2/100000 + 3667*x3**2/1000 - 1721*x3*x4/5000 + 9823*x3*x5/100000 + 4013*x3*x6/100000 - 989*x3/2500 + 893*x4**2/200 - 2443*x4*x5/5000 - 2299*x4*x6/5000 - 1971*x4/1000 + 462*x5**2/125 + 86*x5*x6/625 - 1597*x5/10000 + 3707*x6**2/1000 - 451*x6/2500 + 347/100",
    "Q": "[[3.4704840084664736, -0.08910998998104917, -0.08152333999245492, -0.9851754440512585, -0.19761934703068657, -0.0235060994899911, -0.08587137364501518], [-0.08910998998104917, 3.7071198604017734, 0.06970814326921555, -0.22921214908817208, 0.020584420764502117, 0.062241994962738446, 0.053293284984829443], [-0.08152333999245492, 0.06970814326921555, 3.696145195940041, -0.24350688533962064, 0.04795553454532823, 0.08360121380892684, 0.05628128615602105], [-0.9851754440512585, -0.22921214908817208, -0.24350688533962064, 4.464941152877268, -0.17066853657656691, -0.2620926481616482, -0.24200389242309892], [-0.19761934703068657, 0.020584420764502117, 0.04795553454532823, -0.17066853657656691, 3.666905697549686, 0.0364370537730516, 0.06222130327720951], [-0.0235060994899911, 0.062241994962738446, 0.08360121380892684, -0.2620926481616482, 0.0364370537730516, 3.699942321811982, 0.07145777896796492], [-0.08587137364501518, 0.053293284984829443, 0.05628128615602105, -0.24200389242309892, 0.06222130327720951, 0.07145777896796492, 3.7067995125770397]]",
    "monomial_list": "[1, x6, x5, x4, x3, x2, x1]"
}