{
    "name": "Multiplier-2",
    "rational_expression": "457*x1**2/125 - 1321*x1*x2/2500 + 109*x1*x3/1250 + 7461*x1*x4/100000 + 9607*x1*x5/100000 + 547*x1*x6/6250 + 1479*x1/100000 + 1111*x2**2/250 - 1751*x2*x3/5000 - 563*x2*x4/1250 - 2799*x2*x5/5000 - 2409*x2*x6/5000 - 279*x2/125 + 453*x3**2/125 + 2773*x3*x4/100000 + 333*x3*x5/6250 + 909*x3*x6/50000 - 3451*x3/10000 + 913*x4**2/250 + 9*x4*x5/125 + 6713*x4*x6/100000 - 1101*x4/10000 + 3637*x5**2/1000 + 217*x5*x6/2000 + 587*x5/5000 + 731*x6**2/200 - 7349*x6/100000 + 3671/1000",
    "Q": "[[3.6707020662936034, -0.03499659339891662, 0.06037239912794867, -0.055394066374033615, -0.171266636617489, -1.1164074109574433, 0.007006246476521496], [-0.03499659339891662, 3.6558140061093516, 0.0551772761687218, 0.034200810771841055, 0.009266031544065514, -0.24299360966602052, 0.04406854188415525], [0.06037239912794867, 0.0551772761687218, 3.6366764844916903, 0.034327570009823984, 0.025274097409278586, -0.27872695387832086, 0.04846639152687552], [-0.055394066374033615, 0.034200810771841055, 0.034327570009823984, 3.6520880243111766, 0.014665090210691135, -0.22699432995442986, 0.03632552792225599], [-0.171266636617489, 0.009266031544065514, 0.025274097409278586, 0.014665090210691135, 3.624052779437622, -0.17411875190567197, 0.044836718547100585], [-1.1164074109574433, -0.24299360966602052, -0.27872695387832086, -0.22699432995442986, -0.17411875190567197, 4.444333602670381, -0.2649456782878427], [0.007006246476521496, 0.04406854188415525, 0.04846639152687552, 0.03632552792225599, 0.044836718547100585, -0.2649456782878427, 3.6560223041693742]]",
    "monomial_list": "[1, x6, x5, x4, x3, x2, x1]"
}