{
    "name": "Multiplier-4",
    "rational_expression": "3699*x1**2/1000 + 1269*x1*x2/10000 + 67*x1*x3/625 - 1273*x1*x4/2500 + 3911*x1*x5/50000 + 1069*x1*x6/10000 - 763*x1/5000 + 3689*x2**2/1000 + 3137*x2*x3/50000 - 5557*x2*x4/10000 + 157*x2*x5/1000 + 1263*x2*x6/10000 - 267*x2/20000 + 92*x3**2/25 - 1823*x3*x4/5000 + 1703*x3*x5/25000 + 3809*x3*x6/100000 - 4111*x3/10000 + 4449*x4**2/1000 - 2509*x4*x5/5000 - 497*x4*x6/1000 - 1857*x4/1000 + 739*x5**2/200 + 4953*x5*x6/50000 - 53*x5/400 + 3709*x6**2/1000 - 53*x6/400 + 663/200",
    "Q": "[[3.314729816360568, -0.06688373985005133, -0.06580150345875274, -0.929680286143716, -0.2054320498121961, -0.007685090876214776, -0.07523113932455551], [-0.06688373985005133, 3.7098049330297895, 0.04939137219743235, -0.2476608277960089, 0.017683668627195066, 0.06275113300698335, 0.05402245971963901], [-0.06580150345875274, 0.04939137219743235, 3.6950425342020337, -0.24955171894687658, 0.034159857186674074, 0.0782784916333777, 0.040047646318442834], [-0.929680286143716, -0.2476608277960089, -0.24955171894687658, 4.449661314369888, -0.18224204460744622, -0.27868166539385003, -0.25411217708708456], [-0.2054320498121961, 0.017683668627195066, 0.034159857186674074, -0.18224204460744622, 3.6800121121525127, 0.03287567723058913, 0.054579802689638114], [-0.007685090876214776, 0.06275113300698335, 0.0782784916333777, -0.27868166539385003, 0.03287567723058913, 3.689661335235875, 0.06508582723092493], [-0.07523113932455551, 0.05402245971963901, 0.040047646318442834, -0.25411217708708456, 0.054579802689638114, 0.06508582723092493, 3.6986316640047208]]",
    "monomial_list": "[1, x6, x5, x4, x3, x2, x1]"
}