{
    "name": "Multiplier-1",
    "rational_expression": "4451*x1**2/1000 - 1337*x1*x2/2500 - 381*x1*x3/1000 - 4081*x1*x4/10000 - 301*x1*x5/625 - 4523*x1*x6/10000 - 2181*x1/1000 + 1833*x2**2/500 + 5303*x2*x3/100000 + 567*x2*x4/5000 + 1633*x2*x5/10000 + 47*x2*x6/400 + 451*x3**2/125 + 3639*x3*x4/100000 + 77*x3*x5/1000 + 1291*x3*x6/50000 - 1537*x3/10000 + 1839*x4**2/500 + 9527*x4*x5/100000 + 219*x4*x6/2500 - 2707*x4/10000 + 1833*x5**2/500 + 1363*x5*x6/10000 - 1611*x5/10000 + 919*x6**2/250 - 183*x6/1000 + 183/50",
    "Q": "[[3.659768056411664, -0.09230527060176952, -0.08059623941138032, -0.13382914627411388, -0.07822039588471806, -0.0009594983275084944, -1.0920718448645934], [-0.09230527060176952, 3.6763598028069886, 0.06819922256037592, 0.04538919991420613, 0.013561672468683313, 0.05848956010235314, -0.22584500526353446], [-0.08059623941138032, 0.06819922256037592, 3.6658703524073717, 0.04757927032214405, 0.038871940187653095, 0.08094779499139956, -0.24155967466552256], [-0.13382914627411388, 0.04538919991420613, 0.04757927032214405, 3.678120831452514, 0.01971284571150947, 0.055365272325023654, -0.20521432401134257], [-0.07822039588471806, 0.013561672468683313, 0.038871940187653095, 0.01971284571150947, 3.6085731428711503, 0.027245322972987245, -0.19187663116802883], [-0.0009594983275084944, 0.05848956010235314, 0.08094779499139956, 0.055365272325023654, 0.027245322972987245, 3.665358321257597, -0.2670679528457831], [-1.0920718448645934, -0.22584500526353446, -0.24155967466552256, -0.20521432401134257, -0.19187663116802883, -0.2670679528457831, 4.452619692786161]]",
    "monomial_list": "[1, x6, x5, x4, x3, x2, x1]"
}