{
    "name": "Multiplier-3",
    "rational_expression": "947*x1**2/250 + 973*x1*x2/5000 - 4563*x1*x3/10000 + 1437*x1*x4/10000 + 857*x1*x5/5000 + 1683*x1*x6/10000 - 33*x1/2500 + 3799*x2**2/1000 - 4391*x2*x3/10000 + 459*x2*x4/2500 + 2281*x2*x5/10000 + 1923*x2*x6/10000 - 459*x2/2500 + 4641*x3**2/1000 - 173*x3*x4/500 - 1077*x3*x5/2500 - 3589*x3*x6/10000 - 1091*x3/500 + 3803*x4**2/1000 + 101*x4*x5/625 + 403*x4*x6/2500 - 3143*x4/10000 + 379*x5**2/100 + 1063*x5*x6/5000 - 131*x5/1000 + 1909*x6**2/500 - 3407*x6/10000 + 819/250",
    "Q": "[[3.2760801209765296, -0.17174472690588952, -0.06622390244146402, -0.15869391117205178, -1.0905688227707242, -0.09188520027153463, -0.007097412177745713], [-0.17174472690588952, 3.8175626624176124, 0.10473368325810656, 0.08194593126993104, -0.1805726788026704, 0.09729662207170939, 0.08273053290635196], [-0.06622390244146402, 0.10473368325810656, 3.7901041543067957, 0.08021381038676201, -0.21384206067042288, 0.11429414139906954, 0.08555652571798901], [-0.15869391117205178, 0.08194593126993104, 0.08021381038676201, 3.8040149125183067, -0.17296561327354035, 0.0913782561863799, 0.07296648119543679], [-1.0905688227707242, -0.1805726788026704, -0.21384206067042288, -0.17296561327354035, 4.6414970505023, -0.21901355369221123, -0.22735629090840573], [-0.09188520027153463, 0.09729662207170939, 0.11429414139906954, 0.0913782561863799, -0.21901355369221123, 3.7988790979199316, 0.09767732494493425], [-0.007097412177745713, 0.08273053290635196, 0.08555652571798901, 0.07296648119543679, -0.22735629090840573, 0.09767732494493425, 3.7872305907190427]]",
    "monomial_list": "[1, x6, x5, x4, x3, x2, x1]"
}