{
    "name": "Multiplier-6",
    "rational_expression": "369*x1**2/100 + 769*x1*x2/5000 + 1317*x1*x3/10000 + 1003*x1*x4/10000 + 119*x1*x5/1000 - 1199*x1*x6/2500 - 127*x1/1000 + 3687*x2**2/1000 + 837*x2*x3/10000 + 1279*x2*x4/10000 + 1781*x2*x5/10000 - 2559*x2*x6/5000 - 4221*x2/100000 + 458*x3**2/125 + 619*x3*x4/10000 + 4649*x3*x5/50000 - 3191*x3*x6/10000 - 2291*x3/5000 + 3689*x4**2/1000 + 2369*x4*x5/25000 - 207*x4*x6/500 - 2117*x4/10000 + 459*x5**2/125 - 5091*x5*x6/10000 + 3553*x5/500000 + 4443*x6**2/1000 - 501*x6/250 + 441/125",
    "Q": "[[3.5279946618921905, -1.0034867120948117, 0.004103784261369731, -0.10619376755076897, -0.230101348633439, -0.021263629845934325, -0.06354305465466226], [-1.0034867120948117, 4.4430172507261005, -0.2535862341144158, -0.2084995827009139, -0.15881215823077738, -0.25598879476756775, -0.24035593553277365], [0.004103784261369731, -0.2535862341144158, 3.672799104035187, 0.048974097043166596, 0.04712162591157838, 0.08850159537922282, 0.05876955611636336], [-0.10619376755076897, -0.2084995827009139, 0.048974097043166596, 3.6895091469945442, 0.03253914080369288, 0.06352371826096966, 0.04884089555872981], [-0.230101348633439, -0.15881215823077738, 0.04712162591157838, 0.03253914080369288, 3.6646998007772837, 0.04259839535026604, 0.06672059911447711], [-0.021263629845934325, -0.25598879476756775, 0.08850159537922282, 0.06352371826096966, 0.04259839535026604, 3.6873484827698046, 0.07609081523061839], [-0.06354305465466226, -0.24035593553277365, 0.05876955611636336, 0.04884089555872981, 0.06672059911447711, 0.07609081523061839, 3.6894338862882345]]",
    "monomial_list": "[1, x6, x5, x4, x3, x2, x1]"
}