{
    "name": "Multiplier-2",
    "rational_expression": "3637*x1**2/1000 - 358*x1*x2/625 + 1369*x1*x3/25000 + 1781*x1*x4/50000 + 1339*x1*x5/25000 + 8063*x1*x6/100000 + 8597*x1/100000 + 1107*x2**2/250 - 151*x2*x3/400 - 37*x2*x4/80 - 1161*x2*x5/2000 - 681*x2*x6/1250 - 443*x2/200 + 453*x3**2/125 - 1921*x3*x4/1000000 + 7047*x3*x5/1000000 - 1801*x3*x6/1000000 - 301*x3/1000 + 91*x4**2/25 + 209*x4*x5/6250 + 893*x4*x6/25000 - 609*x4/5000 + 1809*x5**2/500 + 2987*x5*x6/50000 + 112*x5/625 + 3641*x6**2/1000 + 134*x6/3125 + 448/125",
    "Q": "[[3.5837296283347317, 0.020829426993501703, 0.09010300596705756, -0.06202424719017159, -0.15103526101229917, -1.1076053105393109, 0.044728463603686], [0.020829426993501703, 3.641565766487583, 0.030023188478417725, 0.019638016661972898, -0.0026893148200174068, -0.2711695661724645, 0.03960774703686031], [0.09010300596705756, 0.030023188478417725, 3.618986472173463, 0.015509558424411162, 0.003103726822599732, -0.2896107026396728, 0.0284278454922774], [-0.06202424719017159, 0.019638016661972898, 0.015509558424411162, 3.6400025963239737, 0.0004397937253730077, -0.23091569232524758, 0.017118981662800816], [-0.15103526101229917, -0.0026893148200174068, 0.003103726822599732, 0.0004397937253730077, 3.6240671693959006, -0.1900520926361435, 0.027229950064234728], [-1.1076053105393109, -0.2711695661724645, -0.2896107026396728, -0.23091569232524758, -0.1900520926361435, 4.42852952976469, -0.28480628560983795], [0.044728463603686, 0.03960774703686031, 0.0284278454922774, 0.017118981662800816, 0.027229950064234728, -0.28480628560983795, 3.6363605465517193]]",
    "monomial_list": "[1, x6, x5, x4, x3, x2, x1]"
}