{
    "name": "Multiplier-6",
    "rational_expression": "1167*x1**2/500 + 1019*x1*x2/10000 + 1873*x1*x3/25000 + 71*x1*x4/2000 + 5009*x1*x5/100000 - 3229*x1*x6/10000 - 5681*x1/100000 + 2333*x2**2/1000 + 671*x2*x3/20000 + 1461*x2*x4/25000 + 127*x2*x5/1250 - 1757*x2*x6/5000 + 4401*x2/500000 + 1169*x3**2/500 + 1253*x3*x4/100000 + 461*x3*x5/12500 - 1087*x3*x6/5000 - 3323*x3/10000 + 2343*x4**2/1000 + 153*x4*x5/3125 - 2827*x4*x6/10000 - 273*x4/2500 + 293*x5**2/125 - 204*x5*x6/625 - 273*x5/6250 + 14*x6**2/5 - 1171*x6/1000 + 437/200",
    "Q": "[[2.1848663548396656, -0.5846925901297352, -0.022207566668814627, -0.05515849818905499, -0.1650262658313227, 0.003834566192657476, -0.027604188122105015], [-0.5846925901297352, 2.7996796446817767, -0.16284864259552487, -0.14154292895901197, -0.10822667009181937, -0.17471456513010777, -0.16223441473571606], [-0.022207566668814627, -0.16284864259552487, 2.3444006303324123, 0.024589829014036075, 0.01887050984798131, 0.05064405493915035, 0.02574338727483357], [-0.05515849818905499, -0.14154292895901197, 0.024589829014036075, 2.3429743507002656, 0.007007001568325751, 0.029440553164780087, 0.017940968955042075], [-0.1650262658313227, -0.10822667009181937, 0.01887050984798131, 0.007007001568325751, 2.336889662980515, 0.017409981967111608, 0.036459861672175554], [0.003834566192657476, -0.17471456513010777, 0.05064405493915035, 0.029440553164780087, 0.017409981967111608, 2.333320878143519, 0.05074403837056216], [-0.027604188122105015, -0.16223441473571606, 0.02574338727483357, 0.017940968955042075, 0.036459861672175554, 0.05074403837056216, 2.3342049307185206]]",
    "monomial_list": "[1, x6, x5, x4, x3, x2, x1]"
}