{
    "name": "Multiplier-5",
    "rational_expression": "919*x1**2/250 + 76*x1*x2/625 + 8607*x1*x3/100000 + 5897*x1*x4/100000 - 657*x1*x5/1250 + 4813*x1*x6/50000 - 547*x1/5000 + 3659*x2**2/1000 + 3767*x2*x3/100000 + 1441*x2*x4/20000 - 6179*x2*x5/10000 + 109*x2*x6/1000 + 113*x2/500 + 3633*x3**2/1000 + 1051*x3*x4/200000 - 3989*x3*x5/10000 + 203*x3*x6/12500 - 1197*x3/5000 + 367*x4**2/100 - 91*x4*x5/200 + 6027*x4*x6/100000 - 1711*x4/10000 + 443*x5**2/100 - 5247*x5*x6/10000 - 1013*x5/500 + 3677*x6**2/1000 - 2047*x6/50000 + 1711/500",
    "Q": "[[3.422221627773498, -0.02071061887843151, -1.0118043055302492, -0.08431674446897626, -0.12074025554173722, 0.11157795734923566, -0.05349235667073316], [-0.02071061887843151, 3.6768564150369873, -0.2609874081761409, 0.029103730304102723, 0.006636870411246792, 0.05559876714980325, 0.04986417191679534], [-1.0118043055302492, -0.2609874081761409, 4.429885996209903, -0.22683895113172312, -0.20033998133768716, -0.3085283504371479, -0.2614796180266241], [-0.08431674446897626, 0.029103730304102723, -0.22683895113172312, 3.6695634966678776, 0.0027833677941361224, 0.03635493400515639, 0.029125856690558935], [-0.12074025554173722, 0.006636870411246792, -0.20033998133768716, 0.0027833677941361224, 3.632963978913185, 0.018060775316285006, 0.04447755335840489], [0.11157795734923566, 0.05559876714980325, -0.3085283504371479, 0.03635493400515639, 0.018060775316285006, 3.6590432568162328, 0.059899771306325976], [-0.05349235667073316, 0.04986417191679534, -0.2614796180266241, 0.029125856690558935, 0.04447755335840489, 0.059899771306325976, 3.675395620720374]]",
    "monomial_list": "[1, x6, x5, x4, x3, x2, x1]"
}