{
    "name": "Multiplier-2",
    "rational_expression": "231*x1**2/100 - 783*x1*x2/2000 + 1773*x1*x3/100000 + 723*x1*x4/250000 + 2209*x1*x5/100000 + 2829*x1*x6/100000 + 1223*x1/10000 + 2827*x2**2/1000 - 2503*x2*x3/10000 - 3101*x2*x4/10000 - 1933*x2*x5/5000 - 699*x2*x6/2000 - 176*x2/125 + 1151*x3**2/500 - 1591*x3*x4/100000 - 29*x3*x5/2000 - 3337*x3*x6/100000 - 1857*x3/10000 + 93*x4**2/40 + 599*x4*x5/50000 + 1843*x4*x6/100000 - 7241*x4/100000 + 579*x5**2/250 + 297*x5*x6/12500 + 1223*x5/10000 + 581*x6**2/250 + 57*x6/3125 + 283/125",
    "Q": "[[2.263941619181302, 0.008794511592120692, 0.061758721135151434, -0.0352856354068823, -0.09276446940791334, -0.7038582999443771, 0.060904278866509835], [0.008794511592120692, 2.324192894857512, 0.013016578005824102, 0.009342139617124528, -0.016004170434926187, -0.17542729779308883, 0.013023419256040785], [0.061758721135151434, 0.013016578005824102, 2.3156279591589195, 0.006522080632296868, -0.006974124018498618, -0.19456278824953877, 0.011227436405707324], [-0.0352856354068823, 0.009342139617124528, 0.006522080632296868, 2.324472104489413, -0.00852263984119089, -0.15436899790592343, 0.0014726833440729806], [-0.09276446940791334, -0.016004170434926187, -0.006974124018498618, -0.00852263984119089, 2.30201118105382, -0.12478511679594828, 0.008038370193495199], [-0.7038582999443771, -0.17542729779308883, -0.19456278824953877, -0.15436899790592343, -0.12478511679594828, 2.826484679961673, -0.19474797459981555], [0.060904278866509835, 0.013023419256040785, 0.011227436405707324, 0.0014726833440729806, 0.008038370193495199, -0.19474797459981555, 2.3092060756583948]]",
    "monomial_list": "[1, x6, x5, x4, x3, x2, x1]"
}