{
    "name": "Multiplier-4",
    "rational_expression": "741*x1**2/200 + 1407*x1*x2/10000 + 1267*x1*x3/10000 - 1199*x1*x4/2500 + 1093*x1*x5/10000 + 541*x1*x6/5000 - 867*x1/5000 + 1849*x2**2/500 + 1389*x2*x3/20000 - 5207*x2*x4/10000 + 829*x2*x5/5000 + 159*x2*x6/1250 - 487*x2/10000 + 733*x3**2/200 - 43*x3*x4/125 + 4909*x3*x5/50000 + 1003*x3*x6/25000 - 791*x3/2000 + 4463*x4**2/1000 - 4883*x4*x5/10000 - 1149*x4*x6/2500 - 197*x4/100 + 1847*x5**2/500 + 11*x5*x6/80 - 399*x5/2500 + 741*x6**2/200 - 451*x6/2500 + 3469/1000",
    "Q": "[[3.4689587660830523, -0.08903372078099066, -0.08145984354803841, -0.9847946273173362, -0.19751295190830132, -0.02344683684968943, -0.08581534942291028], [-0.08903372078099066, 3.7052409762344167, 0.06968590411283489, -0.22910736438705745, 0.02055522691974876, 0.0622235725546088, 0.053276543401976184], [-0.08145984354803841, 0.06968590411283489, 3.6942771962815253, -0.2433969323527442, 0.047925579185490695, 0.08358333803988638, 0.056268648717879614], [-0.9847946273173362, -0.22910736438705745, -0.2433969323527442, 4.462736526280906, -0.17057439386353346, -0.2619828615640092, -0.2418895330045178], [-0.19751295190830132, 0.02055522691974876, 0.047925579185490695, -0.17057439386353346, 3.6650132942505995, 0.03641108846798902, 0.06219258248744376], [-0.02344683684968943, 0.0622235725546088, 0.08358333803988638, -0.2619828615640092, 0.03641108846798902, 3.698077830534708, 0.07144473085824511], [-0.08581534942291028, 0.053276543401976184, 0.056268648717879614, -0.2418895330045178, 0.06219258248744376, 0.07144473085824511, 3.7049356366629302]]",
    "monomial_list": "[1, x6, x5, x4, x3, x2, x1]"
}