{
    "name": "Multiplier-6",
    "rational_expression": "369*x1**2/100 + 769*x1*x2/5000 + 1317*x1*x3/10000 + 1003*x1*x4/10000 + 119*x1*x5/1000 - 1199*x1*x6/2500 - 127*x1/1000 + 3687*x2**2/1000 + 837*x2*x3/10000 + 1279*x2*x4/10000 + 1781*x2*x5/10000 - 2559*x2*x6/5000 - 4221*x2/100000 + 458*x3**2/125 + 619*x3*x4/10000 + 4649*x3*x5/50000 - 3191*x3*x6/10000 - 2291*x3/5000 + 3689*x4**2/1000 + 2369*x4*x5/25000 - 207*x4*x6/500 - 2117*x4/10000 + 459*x5**2/125 - 5091*x5*x6/10000 + 3553*x5/500000 + 4443*x6**2/1000 - 501*x6/250 + 441/125",
    "Q": "[[3.527994661891817, -1.0034867120947144, 0.004103784261372357, -0.10619376755077045, -0.230101348633443, -0.021263629845940536, -0.0635430546546598], [-1.0034867120947144, 4.4430172507256644, -0.25358623411439357, -0.20849958270089028, -0.15881215823074699, -0.2559887947675424, -0.2403559355327482], [0.004103784261372357, -0.25358623411439357, 3.6727991040348296, 0.0489740970431768, 0.04712162591157118, 0.08850159537923012, 0.05876955611636468], [-0.10619376755077045, -0.20849958270089028, 0.0489740970431768, 3.689509146994172, 0.03253914080368816, 0.06352371826096997, 0.04884089555873431], [-0.230101348633443, -0.15881215823074699, 0.04712162591157118, 0.03253914080368816, 3.664699800776917, 0.04259839535026226, 0.06672059911447496], [-0.021263629845940536, -0.2559887947675424, 0.08850159537923012, 0.06352371826096997, 0.04259839535026226, 3.687348482769445, 0.07609081523062354], [-0.0635430546546598, -0.2403559355327482, 0.05876955611636468, 0.04884089555873431, 0.06672059911447496, 0.07609081523062354, 3.6894338862878664]]",
    "monomial_list": "[1, x6, x5, x4, x3, x2, x1]"
}