{
    "name": "Multiplier-5",
    "rational_expression": "583*x1**2/250 + 8681*x1*x2/100000 + 5653*x1*x3/100000 + 2937*x1*x4/100000 - 833*x1*x5/2500 + 5219*x1*x6/100000 - 9259*x1/100000 + 1161*x2**2/500 + 34*x2*x3/3125 + 1071*x2*x4/25000 - 771*x2*x5/2000 + 599*x2*x6/10000 + 551*x2/5000 + 577*x3**2/250 - 2337*x3*x4/500000 - 2501*x3*x5/10000 - 1249*x3*x6/100000 - 463*x3/2500 + 467*x4**2/200 - 743*x4*x5/2500 + 3853*x4*x6/100000 - 529*x4/5000 + 1399*x5**2/500 - 1657*x5*x6/5000 - 247*x5/200 + 1169*x6**2/500 - 3553*x6/100000 + 441/200",
    "Q": "[[2.204536174753462, -0.01873137957753187, -0.6166883170304744, -0.0531586098855024, -0.09156334945645128, 0.05602914550641152, -0.04637327087592295], [-0.01873137957753187, 2.338585912104905, -0.1649320796421212, 0.018705530617975644, -0.0066476855681212605, 0.030815471285694476, 0.025877550851376736], [-0.6166883170304744, -0.1649320796421212, 2.797610310025643, -0.14815092031529317, -0.12600701318408436, -0.19219816166319675, -0.16538422193812716], [-0.0531586098855024, 0.018705530617975644, -0.14815092031529317, 2.335169237599558, -0.0018798808049291028, 0.02120219193855847, 0.014272685291362655], [-0.09156334945645128, -0.0066476855681212605, -0.12600701318408436, -0.0018798808049291028, 2.3074110868780457, 0.0062638016032779895, 0.02912235842031412], [0.05602914550641152, 0.030815471285694476, -0.19219816166319675, 0.02120219193855847, 0.0062638016032779895, 2.3219728160410447, 0.04341459386882252], [-0.04637327087592295, 0.025877550851376736, -0.16538422193812716, 0.014272685291362655, 0.02912235842031412, 0.04341459386882252, 2.331595092107869]]",
    "monomial_list": "[1, x6, x5, x4, x3, x2, x1]"
}