{
    "name": "Multiplier-3",
    "rational_expression": "947*x1**2/250 + 973*x1*x2/5000 - 4563*x1*x3/10000 + 1437*x1*x4/10000 + 857*x1*x5/5000 + 1683*x1*x6/10000 - 33*x1/2500 + 3799*x2**2/1000 - 4391*x2*x3/10000 + 459*x2*x4/2500 + 2281*x2*x5/10000 + 1923*x2*x6/10000 - 459*x2/2500 + 4641*x3**2/1000 - 173*x3*x4/500 - 1077*x3*x5/2500 - 3589*x3*x6/10000 - 1091*x3/500 + 3803*x4**2/1000 + 101*x4*x5/625 + 403*x4*x6/2500 - 3143*x4/10000 + 379*x5**2/100 + 1063*x5*x6/5000 - 131*x5/1000 + 1909*x6**2/500 - 3407*x6/10000 + 819/250",
    "Q": "[[3.276080120976862, -0.17174472690587023, -0.06622390244143184, -0.15869391117203163, -1.090568822770787, -0.09188520027152065, -0.007097412177733438], [-0.17174472690587023, 3.8175626624179664, 0.10473368325808483, 0.08194593126991837, -0.1805726788027185, 0.09729662207169802, 0.0827305329063391], [-0.06622390244143184, 0.10473368325808483, 3.79010415430714, 0.08021381038674916, -0.21384206067046638, 0.1142941413990485, 0.08555652571797585], [-0.15869391117203163, 0.08194593126991837, 0.08021381038674916, 3.8040149125186495, -0.1729656132735819, 0.09137825618636451, 0.0729664811954273], [-1.090568822770787, -0.1805726788027185, -0.21384206067046638, -0.1729656132735819, 4.6414970505027116, -0.21901355369225783, -0.22735629090844833], [-0.09188520027152065, 0.09729662207169802, 0.1142941413990485, 0.09137825618636451, -0.21901355369225783, 3.7988790979202904, 0.09767732494492339], [-0.007097412177733438, 0.0827305329063391, 0.08555652571797585, 0.0729664811954273, -0.22735629090844833, 0.09767732494492339, 3.7872305907194024]]",
    "monomial_list": "[1, x6, x5, x4, x3, x2, x1]"
}