{
    "name": "Multiplier-6",
    "rational_expression": "923*x1**2/250 + 1539*x1*x2/10000 + 1317*x1*x3/10000 + 251*x1*x4/2500 + 1191*x1*x5/10000 - 2399*x1*x6/5000 - 1271*x1/10000 + 3689*x2**2/1000 + 67*x2*x3/800 + 16*x2*x4/125 + 891*x2*x5/5000 - 5121*x2*x6/10000 - 4223*x2/100000 + 1833*x3**2/500 + 3097*x3*x4/50000 + 9303*x3*x5/100000 - 399*x3*x6/1250 - 917*x3/2000 + 3691*x4**2/1000 + 237*x4*x5/2500 - 4141*x4*x6/10000 - 1059*x4/5000 + 1837*x5**2/500 - 5093*x5*x6/10000 + 711*x5/100000 + 889*x6**2/200 - 401*x6/200 + 353/100",
    "Q": "[[3.529518157467491, -1.0038676664101527, 0.004035187116342071, -0.10627256834325412, -0.2302080004456117, -0.021325915309194865, -0.06360215363028665], [-1.0038676664101527, 4.4452244712738676, -0.25368934453794484, -0.20860348626229605, -0.15890594290428137, -0.25609632915033487, -0.24046691040623847], [0.004035187116342071, -0.25368934453794484, 3.674665200786419, 0.04899179751119396, 0.047152145801351825, 0.08851890434938695, 0.058781716154760764], [-0.10627256834325412, -0.20860348626229605, 0.04899179751119396, 3.6913876082475263, 0.03256949729798332, 0.06354241404598679, 0.04885682894559145], [-0.2302080004456117, -0.15890594290428137, 0.047152145801351825, 0.03256949729798332, 3.6665939415377964, 0.04262583733577271, 0.06675075949431923], [-0.021325915309194865, -0.25609632915033487, 0.08851890434938695, 0.06354241404598679, 0.04262583733577271, 3.6892139206231156, 0.07610467538243955], [-0.06360215363028665, -0.24046691040623847, 0.058781716154760764, 0.04885682894559145, 0.06675075949431923, 0.07610467538243955, 3.6912987364358467]]",
    "monomial_list": "[1, x6, x5, x4, x3, x2, x1]"
}