{
    "name": "Multiplier-2",
    "rational_expression": "457*x1**2/125 - 1321*x1*x2/2500 + 109*x1*x3/1250 + 7461*x1*x4/100000 + 9607*x1*x5/100000 + 547*x1*x6/6250 + 1479*x1/100000 + 1111*x2**2/250 - 1751*x2*x3/5000 - 563*x2*x4/1250 - 2799*x2*x5/5000 - 2409*x2*x6/5000 - 279*x2/125 + 453*x3**2/125 + 2773*x3*x4/100000 + 333*x3*x5/6250 + 909*x3*x6/50000 - 3451*x3/10000 + 913*x4**2/250 + 9*x4*x5/125 + 6713*x4*x6/100000 - 1101*x4/10000 + 3637*x5**2/1000 + 217*x5*x6/2000 + 587*x5/5000 + 731*x6**2/200 - 7349*x6/100000 + 3671/1000",
    "Q": "[[3.670702066293214, -0.034996593398907205, 0.060372399127958706, -0.0553940663740243, -0.17126663661748404, -1.1164074109573296, 0.007006246476534003], [-0.034996593398907205, 3.6558140061089683, 0.055177276168722714, 0.03420081077183236, 0.009266031544058029, -0.2429936096659995, 0.04406854188415155], [0.060372399127958706, 0.055177276168722714, 3.6366764844913133, 0.03432757000981633, 0.025274097409270772, -0.2787269538783058, 0.04846639152687016], [-0.0553940663740243, 0.03420081077183236, 0.03432757000981633, 3.6520880243108076, 0.014665090210684637, -0.226994329954408, 0.03632552792224332], [-0.17126663661748404, 0.009266031544058029, 0.025274097409270772, 0.014665090210684637, 3.6240527794372532, -0.17411875190564988, 0.044836718547096845], [-1.1164074109573296, -0.2429936096659995, -0.2787269538783058, -0.226994329954408, -0.17411875190564988, 4.444333602669902, -0.264945678287818], [0.007006246476534003, 0.04406854188415155, 0.04846639152687016, 0.03632552792224332, 0.044836718547096845, -0.264945678287818, 3.656022304169008]]",
    "monomial_list": "[1, x6, x5, x4, x3, x2, x1]"
}