{
    "name": "Multiplier-1",
    "rational_expression": "4451*x1**2/1000 - 1337*x1*x2/2500 - 381*x1*x3/1000 - 4081*x1*x4/10000 - 301*x1*x5/625 - 4523*x1*x6/10000 - 2181*x1/1000 + 1833*x2**2/500 + 5303*x2*x3/100000 + 567*x2*x4/5000 + 1633*x2*x5/10000 + 47*x2*x6/400 + 451*x3**2/125 + 3639*x3*x4/100000 + 77*x3*x5/1000 + 1291*x3*x6/50000 - 1537*x3/10000 + 1839*x4**2/500 + 9527*x4*x5/100000 + 219*x4*x6/2500 - 2707*x4/10000 + 1833*x5**2/500 + 1363*x5*x6/10000 - 1611*x5/10000 + 919*x6**2/250 - 183*x6/1000 + 183/50",
    "Q": "[[3.659768056411276, -0.09230527060175762, -0.08059623941136308, -0.13382914627410045, -0.07822039588470246, -0.0009594983274966428, -1.0920718448644808], [-0.09230527060175762, 3.676359802806614, 0.06819922256036802, 0.04538919991419999, 0.01356167246867888, 0.05848956010234547, -0.22584500526351864], [-0.08059623941136308, 0.06819922256036802, 3.6658703524069916, 0.04757927032213701, 0.03887194018764734, 0.08094779499139186, -0.24155967466550626], [-0.13382914627410045, 0.04538919991419999, 0.04757927032213701, 3.678120831452145, 0.019712845711504636, 0.055365272325014744, -0.2052143240113299], [-0.07822039588470246, 0.01356167246867888, 0.03887194018764734, 0.019712845711504636, 3.6085731428707697, 0.02724532297298174, -0.19187663116801357], [-0.0009594983274966428, 0.05848956010234547, 0.08094779499139186, 0.055365272325014744, 0.02724532297298174, 3.665358321257222, -0.267067952845761], [-1.0920718448644808, -0.22584500526351864, -0.24155967466550626, -0.2052143240113299, -0.19187663116801357, -0.267067952845761, 4.452619692785709]]",
    "monomial_list": "[1, x6, x5, x4, x3, x2, x1]"
}