{
    "name": "Multiplier-4",
    "rational_expression": "2353*x1**2/1000 + 2289*x1*x2/25000 + 1767*x1*x3/25000 - 1637*x1*x4/5000 + 141*x1*x5/3125 + 5389*x1*x6/100000 - 1229*x1/10000 + 2347*x2**2/1000 + 2769*x2*x3/100000 - 893*x2*x4/2500 + 9083*x2*x5/100000 + 6659*x2*x6/100000 - 119*x2/4000 + 2337*x3**2/1000 - 2389*x3*x4/10000 + 2777*x3*x5/100000 - 1223*x3*x6/125000 - 2711*x3/10000 + 2821*x4**2/1000 - 3341*x4*x5/10000 - 201*x4*x6/625 - 287*x4/250 + 1179*x5**2/500 + 5301*x5*x6/100000 - 6777*x5/100000 + 2361*x6**2/1000 - 6777*x6/100000 + 2119/1000",
    "Q": "[[2.1190716280438253, -0.03362280725031818, -0.03417196715216703, -0.5742927989199215, -0.1348994005327802, -0.014750987192891899, -0.06221127005113759], [-0.03362280725031818, 2.360745957520459, 0.026857666841376627, -0.1619633025839556, -0.003836564683291387, 0.03395830538113057, 0.02690271814754185], [-0.03417196715216703, 0.026857666841376627, 2.357847273416429, -0.16764630894796567, 0.01374311324604482, 0.04593226009637079, 0.02184944368106843], [-0.5742927989199215, -0.1619633025839556, -0.16764630894796567, 2.820923706371386, -0.11882407800709419, -0.178613450578328, -0.16309651094758096], [-0.1348994005327802, -0.003836564683291387, 0.01374311324604482, -0.11882407800709419, 2.336656367817338, 0.014333163119478487, 0.03408513501295786], [-0.014750987192891899, 0.03395830538113057, 0.04593226009637079, -0.178613450578328, 0.014333163119478487, 2.3476204590359786, 0.04678902760458623], [-0.06221127005113759, 0.02690271814754185, 0.02184944368106843, -0.16309651094758096, 0.03408513501295786, 0.04678902760458623, 2.3523487939366996]]",
    "monomial_list": "[1, x6, x5, x4, x3, x2, x1]"
}