{
    "name": "Multiplier-3",
    "rational_expression": "121*x1**2/50 + 96*x1*x2/625 - 687*x1*x3/2500 + 293*x1*x4/3125 + 277*x1*x5/2500 + 119*x1*x6/1000 - 2857*x1/100000 + 2421*x2**2/1000 - 699*x2*x3/2500 + 231*x2*x4/2000 + 791*x2*x5/5000 + 1351*x2*x6/10000 - 631*x2/5000 + 589*x3**2/200 - 103*x3*x4/500 - 1289*x3*x5/5000 - 2267*x3*x6/10000 - 1319*x3/1000 + 609*x4**2/250 + 543*x4*x5/5000 + 1191*x4*x6/10000 - 641*x4/2500 + 487*x5**2/200 + 1263*x5*x6/10000 - 1423*x5/10000 + 49*x6**2/20 - 2643*x6/10000 + 407/200",
    "Q": "[[2.035403101253366, -0.1329712127283644, -0.07095953407510919, -0.12838801226727056, -0.6592796072247384, -0.06351278836538025, -0.013787103575010364], [-0.1329712127283644, 2.449512148075849, 0.0639502210890368, 0.058630030291900566, -0.11202831778817442, 0.06841809417937732, 0.05975537366512266], [-0.07095953407510919, 0.0639502210890368, 2.4346920013812547, 0.055166261964185795, -0.12857941458750888, 0.07823715960536033, 0.056173289946692], [-0.12838801226727056, 0.058630030291900566, 0.055166261964185795, 2.4357942115126976, -0.10381469403923638, 0.05847624811842309, 0.046190700660509086], [-0.6592796072247384, -0.11202831778817442, -0.12857941458750888, -0.10381469403923638, 2.9440520237713157, -0.13964246356644403, -0.13870387096173406], [-0.06351278836538025, 0.06841809417937732, 0.07823715960536033, 0.05847624811842309, -0.13964246356644403, 2.4216006364436495, 0.07737622421473056], [-0.013787103575010364, 0.05975537366512266, 0.056173289946692, 0.046190700660509086, -0.13870387096173406, 0.07737622421473056, 2.4201200645715177]]",
    "monomial_list": "[1, x6, x5, x4, x3, x2, x1]"
}