{
    "name": "Multiplier-5",
    "rational_expression": "3679*x1**2/1000 + 243*x1*x2/2000 + 363*x1*x3/4000 + 1991*x1*x4/25000 - 5081*x1*x5/10000 + 8731*x1*x6/100000 - 201*x1/2000 + 458*x2**2/125 + 3249*x2*x3/100000 + 8823*x2*x4/100000 - 589*x2*x5/1000 + 517*x2*x6/5000 + 789*x2/5000 + 452*x3**2/125 + 2609*x3*x4/100000 - 989*x3*x5/2500 - 1041*x3*x6/1000000 - 2079*x3/10000 + 1837*x4**2/500 - 179*x4*x5/400 + 6521*x4*x6/100000 - 373*x4/2000 + 558*x5**2/125 - 327*x5*x6/625 - 277*x5/125 + 3661*x6**2/1000 + 3589*x6/100000 + 1793/500",
    "Q": "[[3.585628114103202, 0.01689484659614157, -1.1071915726745085, -0.09288431981733754, -0.10293808352706488, 0.07994286324085106, -0.04937307396256108], [0.01689484659614157, 3.6611389860390107, -0.2612373180144214, 0.030749616069322694, -0.00026188833664217344, 0.050574821018412784, 0.043216107844074404], [-1.1071915726745085, -0.2612373180144214, 4.463387786880895, -0.22321008485566066, -0.19621204195519332, -0.2959788164745145, -0.2565716055754858], [-0.09288431981733754, 0.030749616069322694, -0.22321008485566066, 3.6736829975849927, 0.011223232410999465, 0.04527534583653418, 0.038460668893271883], [-0.10293808352706488, -0.00026188833664217344, -0.19621204195519332, 0.011223232410999465, 3.615768069240286, 0.017626156043859767, 0.04603890601934903], [0.07994286324085106, 0.050574821018412784, -0.2959788164745145, 0.04527534583653418, 0.017626156043859767, 3.663826696951247, 0.06264997029242245], [-0.04937307396256108, 0.043216107844074404, -0.2565716055754858, 0.038460668893271883, 0.04603890601934903, 0.06264997029242245, 3.679641509205078]]",
    "monomial_list": "[1, x6, x5, x4, x3, x2, x1]"
}