{
    "name": "Multiplier-5",
    "rational_expression": "3681*x1**2/1000 + 243*x1*x2/2000 + 227*x1*x3/2500 + 249*x1*x4/3125 - 1271*x1*x5/2500 + 273*x1*x6/3125 - 201*x1/2000 + 733*x2**2/200 + 13*x2*x3/400 + 2207*x2*x4/25000 - 5893*x2*x5/10000 + 517*x2*x6/5000 + 1579*x2/10000 + 1809*x3**2/500 + 2611*x3*x4/100000 - 3959*x3*x5/10000 - 521*x3*x6/500000 - 26*x3/125 + 919*x4**2/250 - 4477*x4*x5/10000 + 1631*x4*x6/25000 - 373*x4/2000 + 2233*x5**2/500 - 1047*x5*x6/2000 - 2217*x5/1000 + 3663*x6**2/1000 + 359*x6/10000 + 3587/1000",
    "Q": "[[3.5871521446206978, 0.01681396419587293, -1.1075557731917123, -0.09296156655460065, -0.1030416666280285, 0.0798766168905287, -0.04943478274391559], [0.01681396419587293, 3.66301277885007, -0.26133814415017037, 0.03077054864369082, -0.00023469038859593553, 0.050590527385066905, 0.043231629276047456], [-1.1075557731917123, -0.26133814415017037, 4.465573976698557, -0.22331794360242402, -0.19630729865387697, -0.29608373732853216, -0.25668518147035224], [-0.09296156655460065, 0.03077054864369082, -0.22331794360242402, 3.67555883141141, 0.011251259195649782, 0.04529210490253793, 0.038475959166457234], [-0.1030416666280285, -0.00023469038859593553, -0.19630729865387697, 0.011251259195649782, 3.6176543615635257, 0.017649722569134687, 0.04606689141377889], [0.0798766168905287, 0.050590527385066905, -0.29608373732853216, 0.04529210490253793, 0.017649722569134687, 3.6656857276380106, 0.0626617898984777], [-0.04943478274391559, 0.043231629276047456, -0.25668518147035224, 0.038475959166457234, 0.04606689141377889, 0.0626617898984777, 3.6815031926489596]]",
    "monomial_list": "[1, x6, x5, x4, x3, x2, x1]"
}