{
    "name": "Multiplier-1",
    "rational_expression": "177*x1**2/40 - 5939*x1*x2/10000 - 1039*x1*x3/2500 - 2147*x1*x4/5000 - 312*x1*x5/625 - 5239*x1*x6/10000 - 2081*x1/1000 + 3647*x2**2/1000 + 1381*x2*x3/50000 + 6407*x2*x4/100000 + 163*x2*x5/1250 + 51*x2*x6/500 + 527*x2/5000 + 3609*x3**2/1000 + 1373*x3*x4/250000 + 797*x3*x5/20000 + 7031*x3*x6/10000000 - 281*x3/2000 + 3669*x4**2/1000 + 6549*x4*x5/100000 + 1317*x4*x6/25000 - 13*x4/50 + 183*x5**2/50 + 4067*x5*x6/50000 - 809*x5/5000 + 183*x6**2/50 - 1759*x6/50000 + 703/200",
    "Q": "[[3.515326174509582, -0.0188471878914008, -0.08030839964106466, -0.12908771460344518, -0.07040066785174753, 0.051903302104482234, -1.042267536611402], [-0.0188471878914008, 3.660511633032891, 0.03982233764050407, 0.026608046225664518, -0.0006738294516043742, 0.050987831066433384, -0.261471259388167], [-0.08030839964106466, 0.03982233764050407, 3.659989402631363, 0.033170592817010666, 0.02032309619179367, 0.06693455027220921, -0.2505755501770678], [-0.12908771460344518, 0.026608046225664518, 0.033170592817010666, 3.6694582213279623, 0.0012180274810433159, 0.033267571295113485, -0.2167637423135234], [-0.07040066785174753, -0.0006738294516043742, 0.02032309619179367, 0.0012180274810433159, 3.6092920999755065, 0.013893774832779959, -0.20862154871030184], [0.051903302104482234, 0.050987831066433384, 0.06693455027220921, 0.033267571295113485, 0.013893774832779959, 3.64683272530638, -0.29780579909679306], [-1.042267536611402, -0.261471259388167, -0.2505755501770678, -0.2167637423135234, -0.20862154871030184, -0.29780579909679306, 4.426795799983973]]",
    "monomial_list": "[1, x6, x5, x4, x3, x2, x1]"
}