{
    "name": "Multiplier-1",
    "rational_expression": "141*x1**2/50 - 2027*x1*x2/5000 - 1491*x1*x3/5000 - 1493*x1*x4/5000 - 869*x1*x5/2500 - 857*x1*x6/2500 - 1311*x1/1000 + 581*x2**2/250 - 8999*x2*x3/10000000 + 1459*x2*x4/50000 + 1463*x2*x5/20000 + 2297*x2*x6/50000 + 17*x2/125 + 457*x3**2/200 - 29*x3*x4/1250 - 4239*x3*x5/50000000 - 819*x3*x6/25000 - 41*x3/3125 + 293*x4**2/125 + 709*x4*x5/20000 + 577*x4*x6/20000 - 181*x4/1250 + 2343*x5**2/1000 + 1067*x5*x6/25000 - 3507*x5/50000 + 2339*x6**2/1000 - 2623*x6/100000 + 2193/1000",
    "Q": "[[2.1933630685970953, -0.013036696430497315, -0.03554660538672633, -0.0730675644174619, -0.007501541932565268, 0.06839644827006937, -0.6554024303061012], [-0.013036696430497315, 2.3390880019267906, 0.020665381555558183, 0.014454837451739538, -0.016569405668194478, 0.023921172894518134, -0.17189627872082341], [-0.03554660538672633, 0.020665381555558183, 2.3426279625050785, 0.016821949395004976, 0.0009544359076535922, 0.03594920855483314, -0.17257171351356407], [-0.0730675644174619, 0.014454837451739538, 0.016821949395004976, 2.3435887376168316, -0.011642089262283977, 0.014355169044167893, -0.14813551221475899], [-0.007501541932565268, -0.016569405668194478, 0.0009544359076535922, -0.011642089262283977, 2.2856378763608354, 0.0001692104696448326, -0.1486888983943878], [0.06839644827006937, 0.023921172894518134, 0.03594920855483314, 0.014355169044167893, 0.0001692104696448326, 2.324458686608535, -0.2037291261670107], [-0.6554024303061012, -0.17189627872082341, -0.17257171351356407, -0.14813551221475899, -0.1486888983943878, -0.2037291261670107, 2.819822764378995]]",
    "monomial_list": "[1, x6, x5, x4, x3, x2, x1]"
}