{
    "name": "Multiplier-3",
    "rational_expression": "379*x1**2/100 + 1947*x1*x2/10000 - 913*x1*x3/2000 + 719*x1*x4/5000 + 343*x1*x5/2000 + 421*x1*x6/2500 - 33*x1/2500 + 3801*x2**2/1000 - 4393*x2*x3/10000 + 1837*x2*x4/10000 + 1141*x2*x5/5000 + 1923*x2*x6/10000 - 1837*x2/10000 + 1161*x3**2/250 - 1731*x3*x4/5000 - 4311*x3*x5/10000 - 359*x3*x6/1000 - 2183*x3/1000 + 761*x4**2/200 + 101*x4*x5/625 + 403*x4*x6/2500 - 629*x4/2000 + 474*x5**2/125 + 1063*x5*x6/5000 - 131*x5/1000 + 3819*x6**2/1000 - 3409*x6/10000 + 1639/500",
    "Q": "[[3.2775410006376178, -0.17179749003776174, -0.06626615740701348, -0.1587500206490113, -1.0909224120417091, -0.09192529169165761, -0.007138641768236192], [-0.17179749003776174, 3.8194299395770073, 0.10474668614418223, 0.08195897510000306, -0.18069661964439798, 0.09731052414388565, 0.08274357116535593], [-0.06626615740701348, 0.10474668614418223, 3.791963803760607, 0.08022538205950358, -0.21396357056861398, 0.11430662704290444, 0.08556553122839378], [-0.1587500206490113, 0.08195897510000306, 0.08022538205950358, 3.8058831115142393, -0.17308713412216695, 0.09139232001403685, 0.07297883761260393], [-1.0909224120417091, -0.18069661964439798, -0.21396357056861398, -0.17308713412216695, 4.6436681483212805, -0.21913576790659434, -0.22747301345169615], [-0.09192529169165761, 0.09731052414388565, 0.11430662704290444, 0.09139232001403685, -0.21913576790659434, 3.8007415658428476, 0.09768859076138284], [-0.007138641768236192, 0.08274357116535593, 0.08556553122839378, 0.07297883761260393, -0.22747301345169615, 0.09768859076138284, 3.7890905796544647]]",
    "monomial_list": "[1, x6, x5, x4, x3, x2, x1]"
}