{
    "name": "Multiplier-1",
<<<<<<< HEAD
    "rational_expression": "141*x1**2/50 - 2027*x1*x2/5000 - 1491*x1*x3/5000 - 1493*x1*x4/5000 - 869*x1*x5/2500 - 857*x1*x6/2500 - 1311*x1/1000 + 581*x2**2/250 - 8999*x2*x3/10000000 + 1459*x2*x4/50000 + 1463*x2*x5/20000 + 2297*x2*x6/50000 + 17*x2/125 + 457*x3**2/200 - 29*x3*x4/1250 - 4239*x3*x5/50000000 - 819*x3*x6/25000 - 41*x3/3125 + 293*x4**2/125 + 709*x4*x5/20000 + 577*x4*x6/20000 - 181*x4/1250 + 2343*x5**2/1000 + 1067*x5*x6/25000 - 3507*x5/50000 + 2339*x6**2/1000 - 2623*x6/100000 + 2193/1000",
    "Q": "[[2.1933630685970953, -0.013036696430497315, -0.03554660538672633, -0.0730675644174619, -0.007501541932565268, 0.06839644827006937, -0.6554024303061012], [-0.013036696430497315, 2.3390880019267906, 0.020665381555558183, 0.014454837451739538, -0.016569405668194478, 0.023921172894518134, -0.17189627872082341], [-0.03554660538672633, 0.020665381555558183, 2.3426279625050785, 0.016821949395004976, 0.0009544359076535922, 0.03594920855483314, -0.17257171351356407], [-0.0730675644174619, 0.014454837451739538, 0.016821949395004976, 2.3435887376168316, -0.011642089262283977, 0.014355169044167893, -0.14813551221475899], [-0.007501541932565268, -0.016569405668194478, 0.0009544359076535922, -0.011642089262283977, 2.2856378763608354, 0.0001692104696448326, -0.1486888983943878], [0.06839644827006937, 0.023921172894518134, 0.03594920855483314, 0.014355169044167893, 0.0001692104696448326, 2.324458686608535, -0.2037291261670107], [-0.6554024303061012, -0.17189627872082341, -0.17257171351356407, -0.14813551221475899, -0.1486888983943878, -0.2037291261670107, 2.819822764378995]]",
=======
    "rational_expression": "4451*x1**2/1000 - 1337*x1*x2/2500 - 381*x1*x3/1000 - 4081*x1*x4/10000 - 301*x1*x5/625 - 4523*x1*x6/10000 - 2181*x1/1000 + 1833*x2**2/500 + 5303*x2*x3/100000 + 567*x2*x4/5000 + 1633*x2*x5/10000 + 47*x2*x6/400 + 451*x3**2/125 + 3639*x3*x4/100000 + 77*x3*x5/1000 + 1291*x3*x6/50000 - 1537*x3/10000 + 1839*x4**2/500 + 9527*x4*x5/100000 + 219*x4*x6/2500 - 2707*x4/10000 + 1833*x5**2/500 + 1363*x5*x6/10000 - 1611*x5/10000 + 919*x6**2/250 - 183*x6/1000 + 183/50",
    "Q": "[[3.659768056411276, -0.09230527060175762, -0.08059623941136308, -0.13382914627410045, -0.07822039588470246, -0.0009594983274966428, -1.0920718448644808], [-0.09230527060175762, 3.676359802806614, 0.06819922256036802, 0.04538919991419999, 0.01356167246867888, 0.05848956010234547, -0.22584500526351864], [-0.08059623941136308, 0.06819922256036802, 3.6658703524069916, 0.04757927032213701, 0.03887194018764734, 0.08094779499139186, -0.24155967466550626], [-0.13382914627410045, 0.04538919991419999, 0.04757927032213701, 3.678120831452145, 0.019712845711504636, 0.055365272325014744, -0.2052143240113299], [-0.07822039588470246, 0.01356167246867888, 0.03887194018764734, 0.019712845711504636, 3.6085731428707697, 0.02724532297298174, -0.19187663116801357], [-0.0009594983274966428, 0.05848956010234547, 0.08094779499139186, 0.055365272325014744, 0.02724532297298174, 3.665358321257222, -0.267067952845761], [-1.0920718448644808, -0.22584500526351864, -0.24155967466550626, -0.2052143240113299, -0.19187663116801357, -0.267067952845761, 4.452619692785709]]",
>>>>>>> 6e8ee7c2836f2ec018a3b86cf4f0968211ab4acd
    "monomial_list": "[1, x6, x5, x4, x3, x2, x1]"
}