{
    "name": "Multiplier-3",
    "rational_expression": "941*x1**2/250 + 1791*x1*x2/10000 - 19*x1*x3/40 + 597*x1*x4/5000 + 1399*x1*x5/10000 + 1677*x1*x6/10000 - 1903*x1/100000 + 3767*x2**2/1000 - 1209*x2*x3/2500 + 157*x2*x4/1000 + 437*x2*x5/2000 + 937*x2*x6/5000 - 121*x2/1000 + 572*x3**2/125 - 3561*x3*x4/10000 - 539*x3*x5/1250 - 2049*x3*x6/5000 - 2023*x3/1000 + 1893*x4**2/500 + 703*x4*x5/5000 + 29*x4*x6/200 - 713*x4/2000 + 3777*x5**2/1000 + 167*x5*x6/1000 - 859*x5/5000 + 1899*x6**2/500 - 1431*x6/5000 + 3181/1000",
    "Q": "[[3.1811550143979686, -0.14408088348999562, -0.08619539344990347, -0.1793736115087938, -1.0119645706161016, -0.06182746795031115, -0.008367893274125125], [-0.14408088348999562, 3.798718041675947, 0.08526522583381897, 0.07335273865904127, -0.20469818226873462, 0.09492693946814612, 0.08235803225219997], [-0.08619539344990347, 0.08526522583381897, 3.777362327549811, 0.07173130316548927, -0.2153695692718987, 0.10941440224063695, 0.07119368066000668], [-0.1793736115087938, 0.07335273865904127, 0.07173130316548927, 3.7859729418168384, -0.1781269050804049, 0.07971029668956998, 0.06028796504041504], [-1.0119645706161016, -0.20469818226873462, -0.2153695692718987, -0.1781269050804049, 4.57624387344051, -0.24072386786066807, -0.23649490332123765], [-0.06182746795031115, 0.09492693946814612, 0.10941440224063695, 0.07971029668956998, -0.24072386786066807, 3.7668551710720837, 0.0909327608628419], [-0.008367893274125125, 0.08235803225219997, 0.07119368066000668, 0.06028796504041504, -0.23649490332123765, 0.0909327608628419, 3.7633074319285322]]",
    "monomial_list": "[1, x6, x5, x4, x3, x2, x1]"
}