{
    "name": "Multiplier-2",
    "rational_expression": "1829*x1**2/500 - 5287*x1*x2/10000 + 349*x1*x3/4000 + 7463*x1*x4/100000 + 2403*x1*x5/25000 + 8757*x1*x6/100000 + 1479*x1/100000 + 2223*x2**2/500 - 219*x2*x3/625 - 2253*x2*x4/5000 - 14*x2*x5/25 - 4821*x2*x6/10000 - 2233*x2/1000 + 1813*x3**2/500 + 1387*x3*x4/50000 + 5331*x3*x5/100000 + 1819*x3*x6/100000 - 3451*x3/10000 + 1827*x4**2/500 + 1801*x4*x5/25000 + 6717*x4*x6/100000 - 551*x4/5000 + 3639*x5**2/1000 + 217*x5*x6/2000 + 587*x5/5000 + 3657*x6**2/1000 - 7351*x6/100000 + 459/125",
    "Q": "[[3.672214459205589, -0.03507262110275431, 0.06030309119009207, -0.05546933518718688, -0.17136115658386963, -1.1167621420962257, 0.006945078359785131], [-0.03507262110275431, 3.657688035483064, 0.05519579414614026, 0.03421977884185122, 0.009292092435380418, -0.24310155252612284, 0.04408182465164071], [0.06030309119009207, 0.05519579414614026, 3.6385368696336156, 0.03434171758255571, 0.025300477600101037, -0.27883362223389935, 0.048474608021197726], [-0.05546933518718688, 0.03421977884185122, 0.03434171758255571, 3.653960427318555, 0.014690832072331707, -0.22710389116566035, 0.0363372130694723], [-0.17136115658386963, 0.009292092435380418, 0.025300477600101037, 0.014690832072331707, 3.62593676404547, -0.17422383175030465, 0.04486260155304445], [-1.1167621420962257, -0.24310155252612284, -0.27883362223389935, -0.22710389116566035, -0.17422383175030465, 4.446514903164071, -0.2650589847593828], [0.006945078359785131, 0.04408182465164071, 0.048474608021197726, 0.0363372130694723, 0.04486260155304445, -0.2650589847593828, 3.6578807479773268]]",
    "monomial_list": "[1, x6, x5, x4, x3, x2, x1]"
}