{
    "name": "Total Decomposition",
    "rational_expression": "44533*x1**4/10000 - 26481*x1**3*x2/50000 - 19077*x1**3*x3/50000 - 20477*x1**3*x4/50000 - 3003*x1**3*x5/6250 - 45507*x1**3*x6/100000 + 44999*x1**3/10000 + 18309*x1**2*x2**2/2500 + 827*x1**2*x2*x3/15625 + 10941*x1**2*x2*x4/100000 + 16531*x1**2*x2*x5/100000 + 433*x1**2*x2*x6/4000 + 187*x1**2*x2/40 + 1849*x1**2*x3**2/250 + 38653*x1**2*x3*x4/1000000 + 19951*x1**2*x3*x5/250000 + 6063*x1**2*x3*x6/250000 + 49501*x1**2*x3/10000 + 7381*x1**2*x4**2/1000 + 89541*x1**2*x4*x5/1000000 + 23757*x1**2*x4*x6/250000 + 46841*x1**2*x4/10000 + 9183*x1**2*x5**2/1250 + 827*x1**2*x5*x6/6250 + 46269*x1**2*x5/10000 + 18421*x1**2*x6**2/2500 + 11667*x1**2*x6/2500 + 13597*x1**2/1000 - 52527*x1*x2**3/100000 + 2013*x1*x2**2*x3/20000 + 14271*x1*x2**2*x4/200000 + 18183*x1*x2**2*x5/200000 + 19151*x1*x2**2*x6/250000 + 5911*x1*x2**2/1250 + 9897*x1*x2*x3**2/50000 - 13733*x1*x2*x3*x4/2000000 - 53997*x1*x2*x3*x5/10000000 + 65117*x1*x2*x3*x6/10000000 + 2613*x1*x2*x3/5000 + 731*x1*x2*x4**2/5000 - 41561*x1*x2*x4*x5/10000000 - 2787*x1*x2*x4*x6/400000 + 12059*x1*x2*x4/25000 + 1277*x1*x2*x5**2/10000 - 6187*x1*x2*x5*x6/1250000 + 57747*x1*x2*x5/100000 + 7323*x1*x2*x6**2/50000 + 26273*x1*x2*x6/50000 - 5527*x1*x2/5000 - 1123*x1*x3**3/2500 + 15127*x1*x3**2*x4/100000 + 17497*x1*x3**2*x5/100000 + 1617*x1*x3**2*x6/10000 + 23673*x1*x3**2/5000 + 2531*x1*x3*x4**2/20000 + 7*x1*x3*x4*x5/10000 - 2491*x1*x3*x4*x6/400000 + 9429*x1*x3*x4/20000 + 93877*x1*x3*x5**2/1000000 - 19331*x1*x3*x5*x6/5000000 + 13141*x1*x3*x5/25000 + 821*x1*x3*x6**2/6250 + 4899*x1*x3*x6/10000 - 29111*x1*x3/10000 - 24207*x1*x4**3/50000 + 1451*x1*x4**2*x5/12500 + 5143*x1*x4**2*x6/50000 + 46209*x1*x4**2/10000 + 17719*x1*x4*x5**2/250000 + 10823*x1*x4*x5*x6/1000000 + 1073*x1*x4*x5/2500 + 9569*x1*x4*x6**2/100000 + 4639*x1*x4*x6/10000 + 34081*x1*x4/1000000 - 13011*x1*x5**3/25000 + 423*x1*x5**2*x6/5000 + 46259*x1*x5**2/10000 + 12337*x1*x5*x6**2/100000 + 2557*x1*x5*x6/5000 - 7569*x1*x5/50000 - 48317*x1*x6**3/100000 + 9349*x1*x6**2/2000 - 52567*x1*x6/100000 - 219*x1/400 + 2223*x2**4/500 - 34597*x2**3*x3/100000 - 11243*x2**3*x4/25000 - 1373*x2**3*x5/2500 - 6033*x2**3*x6/12500 + 11099*x2**3/2500 + 74279*x2**2*x3**2/10000 + 15477*x2**2*x3*x4/500000 + 25421*x2**2*x3*x5/500000 + 377*x2**2*x3*x6/15625 + 24183*x2**2*x3/5000 + 18391*x2**2*x4**2/2500 + 2451*x2**2*x4*x5/40000 + 72101*x2**2*x4*x6/1000000 + 23767*x2**2*x4/5000 + 913*x2**2*x5**2/125 + 2687*x2**2*x5*x6/25000 + 11979*x2**2*x5/2500 + 7351*x2**2*x6**2/1000 + 11829*x2**2*x6/2500 + 2751*x2**2/200 - 43853*x2*x3**3/100000 + 1123*x2*x3**2*x4/6250 + 22663*x2*x3**2*x5/100000 + 9681*x2*x3**2*x6/50000 + 22951*x2*x3**2/5000 + 72491*x2*x3*x4**2/1000000 - 10279*x2*x3*x4*x5/1000000 - 19249*x2*x3*x4*x6/2000000 + 41637*x2*x3*x4/100000 + 30123*x2*x3*x5**2/1000000 + 2861*x2*x3*x5*x6/1250000 + 9301*x2*x3*x5/20000 + 83043*x2*x3*x6**2/1000000 + 11469*x2*x3*x6/25000 - 1317*x2*x3/1000 - 52359*x2*x4**3/100000 + 16529*x2*x4**2*x5/100000 + 2551*x2*x4**2*x6/20000 + 46563*x2*x4**2/10000 + 81223*x2*x4*x5**2/1000000 + 6773*x2*x4*x5*x6/1000000 + 47753*x2*x4*x5/100000 + 1499*x2*x4*x6**2/12500 + 12481*x2*x4*x6/25000 - 714*x2*x4/625 - 58979*x2*x5**3/100000 + 317*x2*x5**2*x6/3125 + 11819*x2*x5**2/2500 + 4617*x2*x5*x6**2/25000 + 14579*x2*x5*x6/25000 - 1191*x2*x5/500 - 51109*x2*x6**3/100000 + 46793*x2*x6**2/10000 - 543*x2*x6/400 - 95847*x2/100000 + 1859*x3**4/400 - 34473*x3**3*x4/100000 - 21473*x3**3*x5/50000 - 36401*x3**3*x6/100000 + 47883*x3**3/10000 + 74699*x3**2*x4**2/10000 + 15389*x3**2*x4*x5/100000 + 4001*x3**2*x4*x6/25000 + 1867*x3**2*x4/400 + 18529*x3**2*x5**2/2500 + 4087*x3**2*x5*x6/20000 + 23331*x3**2*x5/5000 + 3747*x3**2*x6**2/500 + 23139*x3**2*x6/5000 + 11719*x3**2/1000 - 6843*x3*x4**3/20000 + 1449*x3*x4**2*x5/15625 + 45347*x3*x4**2*x6/1000000 + 47877*x3*x4**2/10000 + 20369*x3*x4*x5**2/1000000 + 30527*x3*x4*x5*x6/5000000 + 41033*x3*x4*x5/100000 + 2753*x3*x4*x6**2/50000 + 40483*x3*x4*x6/100000 - 16011*x3*x4/10000 - 39623*x3*x5**3/100000 - 12931*x3*x5**2*x6/10000000 + 6121*x3*x5**2/1250 + 92381*x3*x5*x6**2/1000000 + 44527*x3*x5*x6/100000 - 12087*x3*x5/5000 - 1283*x3*x6**3/4000 + 11977*x3*x6**2/2500 - 1627*x3*x6/1250 + 41313*x3/5000 + 11159*x4**4/2500 - 4829*x4**3*x5/10000 - 22619*x4**3*x6/50000 + 47283*x4**3/10000 + 73649*x4**2*x5**2/10000 + 2733*x4**2*x5*x6/20000 + 1847*x4**2*x5/400 + 73997*x4**2*x6**2/10000 + 46707*x4**2*x6/10000 + 3067*x4**2/250 - 44831*x4*x5**3/100000 + 4427*x4*x5**2*x6/62500 + 23403*x4*x5**2/5000 + 97811*x4*x5*x6**2/1000000 + 11427*x4*x5*x6/25000 - 49421*x4*x5/100000 - 41759*x4*x6**3/100000 + 2954*x4*x6**2/625 - 5289*x4*x6/5000 + 14823*x4/5000 + 4463*x5**4/1000 - 13083*x5**3*x6/25000 + 44741*x5**3/10000 + 36723*x5**2*x6**2/5000 + 47559*x5**2*x6/10000 + 3443*x5**2/250 - 50867*x5*x6**3/100000 + 949*x5*x6**2/200 - 11377*x5*x6/5000 + 13653*x5/100000 + 44489*x6**4/10000 + 9333*x6**3/2000 + 6081*x6**2/500 + 10727*x6/5000 + 913/40",
    "Q": "[[22.82451333001075, 1.0695883295824928, 0.07723320956605002, 1.4882001922440864, 4.135639446846149, -0.478093197023025, -0.27048419191409917, 1.8411182046234171, -2.4092748032831737, -1.992021826337728, -2.0393622624214376, -2.145823055713946, -1.8728457858423686, 2.3736728208778746, -1.8544845700137431, -2.3374464697645685, -2.517893375627007, -1.8447386192186506, 1.9029543443336077, -2.0998150199775885, -2.0563899687770135, -1.6940861138764443, 1.666370488826016, -1.978630064676497, -2.4458754861823193, 2.3587977823507726, -2.153912208017283, 2.284773119076566], [1.0695883295824928, 8.461835641003962, 1.2798421116038092, 1.453886787170023, 1.3778922896100259, 1.4635273197101886, 1.6074905485507895, 2.3300506791243283, 1.0832924860432862, 1.0269091901370762, 1.0607473528215219, 1.0629522923743453, 1.0193190508989143, 1.1904822180250036, 0.010845698299098977, 0.18474993725488095, -0.0086914570969508, -0.05976720944792153, 1.3103803036396322, 0.24183141466213048, 0.02050112114734784, 0.001325347983353768, 1.5042859555687946, 0.12202404311905998, 0.1842483107285679, 1.1696752640167716, -0.032343814251149294, 1.1936334334066974], [0.07723320956605002, 1.2798421116038092, 9.024001830767963, 1.60514265647412, 1.1210999037054876, 1.3225097732144164, 1.768950701205216, 1.287468260482787, 1.190323422614545, 0.17985396844097862, 0.31206969048327654, 0.08427815465497035, 0.08087361190476092, 2.24162470141128, 1.1049435492753075, 1.1686295487437521, 1.2130999854982405, 1.1210014183173356, 1.3024966435497662, 0.3394857098929619, 0.11192100163772072, 0.09954219011973735, 1.517687821084862, 0.20505499264260374, 0.28147714817511854, 1.1457112477711913, 0.04923140314437839, 1.1733624416345312], [1.4882001922440864, 1.453886787170023, 1.60514265647412, 8.480978932349089, 1.299459434840488, 1.4788470663750743, 1.7038645995631603, 1.3342528995066578, 0.03350606739605511, 1.0252321810117933, 0.17660800260321535, -0.02122821878198086, -0.02622123133620389, 1.2392268578006047, 1.00738880408597, 0.14583416048645562, -0.021468260694667358, -0.06377140719015541, 2.3635304126857917, 1.040430139529238, 1.034143659947783, 0.9825025559905692, 1.5447627416532241, 0.08047135387627673, 0.1418368515559267, 1.2146049248608757, -0.059870392676128474, 1.2381056567357194], [4.135639446846149, 1.3778922896100259, 1.1210999037054876, 1.299459434840488, 8.387375268824728, 1.329425676150406, 0.9826796572862306, 1.3352581791383071, -0.2693234154027484, -0.21577007752159982, 0.8028170731593331, -0.2841945931935871, -0.2979934383827891, 1.277840681546946, -0.2761716066786713, 0.8083414289070011, -0.3267952050680944, -0.3576218370062538, 1.3603600342900095, 0.7870358017558758, -0.2768437609945236, -0.2934708328379727, 2.39182869127833, 0.8005131589443882, 0.80583966374716, 1.2588892744044995, -0.34958783705172386, 1.273129930933074], [-0.478093197023025, 1.4635273197101886, 1.3225097732144164, 1.4788470663750743, 1.329425676150406, 9.053650348569915, 1.589106308870539, 1.2748433172823492, 0.21587114126285967, 0.24073337941046652, 0.38601323094706547, 1.1975102186377466, 0.13725216907553825, 1.1515536697038153, 0.15439981349797832, 0.35762545324370937, 1.2456056978756467, 0.06861351894824406, 1.289681580887777, 0.410152715907339, 1.1642266366414968, 0.1308775026762189, 1.4983104626173014, 1.1589699878474182, 0.3571511026388121, 2.2181240273559286, 1.192666955990257, 1.1496008349729883], [-0.27048419191409917, 1.6074905485507895, 1.768950701205216, 1.7038645995631603, 0.9826796572862306, 1.589106308870539, 9.028092275286618, 1.3150534324476995, 0.2342414763141621, 0.24623203850040867, 0.3583602870205438, 0.16312825540365866, 1.1435261324999324, 1.1953367812086697, 0.17775671160849185, 0.33193672321132245, 0.1703047990140366, 1.144590451339181, 1.3286157884974914, 0.38403566859400357, 0.17375556708331583, 1.1000982145668077, 1.5536492294417332, 0.24715984113949854, 1.2024042997555975, 1.167103295000421, 1.1920161807327978, 2.248672686639816], [1.8411182046234171, 2.3300506791243283, 1.287468260482787, 1.3342528995066578, 1.3352581791383071, 1.2748433172823492, 1.3150534324476995, 4.445224471273864, -0.25368934453793907, -0.20860348626230055, -0.1589059429042925, -0.2560963291503359, -0.2404669104062326, 0.9840091907456411, -0.07873421198399941, -0.04669100898581123, -0.0759470543989964, -0.08266437043147194, 1.0488138606233084, -0.009018904525900751, -0.057040513685990814, -0.05336702412171827, 1.1101016092570082, -0.04007788894363266, -0.001011949409412293, 0.9984647979615537, -0.06074065737760945, 1.019506426332568], [-2.4092748032831737, 1.0832924860432862, 1.190323422614545, 0.03350606739605511, -0.2693234154027484, 0.21587114126285967, 0.2342414763141621, -0.25368934453793907, 5.369659587584036, 0.1277260094951843, 0.09384315478716294, 0.164465958748384, 0.14144608658622831, -0.2613381441501777, 0.13824773613147107, 0.13625925506516104, 0.20635068008112917, 0.15384126721006705, -0.03397123550286095, 0.050402785558748824, 0.019837987480492134, 0.027175360305468486, -0.035315046860432305, -0.00988275867472014, 0.10513405574490546, -0.13484003484114498, 0.033736936194059215, -0.0735899464722501], [-1.992021826337728, 1.0269091901370762, 0.17985396844097862, 1.0252321810117933, -0.21577007752159982, 0.24073337941046652, 0.24623203850040867, -0.20860348626230055, 0.1277260094951843, 5.300879736841457, 0.0415884018238756, 0.12058292773196749, 0.10222385306731244, -0.10747718748776908, 0.10367937877207431, 0.018646149055474705, 0.028604435067275873, -0.01176442556508938, -0.22921214908817283, 0.048379552051370414, 0.12178480652562158, 0.09783056164558127, -0.029414026264931722, -0.012780630263024718, 0.08015774898616845, -0.10506317294971301, 0.02134303003354009, -0.06406499870065446], [-2.0393622624214376, 1.0607473528215219, 0.31206969048327654, 0.17660800260321535, 0.8028170731593331, 0.38601323094706547, 0.3583602870205438, -0.1589059429042925, 0.09384315478716294, 0.0415884018238756, 5.265820652039568, 0.08270372627940505, 0.06776270890374794, -0.1364939454537527, -0.06904893461421445, 0.1400617330046188, 0.013173133331487901, -0.08622433319615237, -0.027795131286871985, 0.1113730013649411, -0.006112741058522585, -0.061979990454131155, -0.1806966196443991, 0.12718622151572787, 0.1702921926976857, -0.09123689815298566, -0.014417466770218528, -0.09460375978655115], [-2.145823055713946, 1.0629522923743453, 0.08427815465497035, -0.02122821878198086, -0.2841945931935871, 1.1975102186377466, 0.16312825540365866, -0.2560963291503359, 0.164465958748384, 0.12058292773196749, 0.08270372627940505, 5.349972349621864, 0.136845332760047, -0.15576015269605598, -0.04844242254777067, -0.0032903746567721505, 0.19003582898728147, -0.04690532314559998, -0.05954281156288531, 0.018893371321545564, 0.1392829517915668, -0.019020860189735714, -0.029875697371837578, 0.10052899058837202, 0.06512548291993979, -0.24310155252612284, 0.16075776692931823, -0.09687086475293148], [-1.8728457858423686, 1.0193190508989143, 0.08087361190476092, -0.02622123133620389, -0.2979934383827891, 0.13725216907553825, 1.1435261324999324, -0.2404669104062326, 0.14144608658622831, 0.10222385306731244, 0.06776270890374794, 0.136845332760047, 5.33051922055237, -0.11060963793402256, -0.015410934740379266, -0.018909722548751624, 0.01316838695154789, 0.14180852022208823, -0.04453727666075573, -0.018177758532035373, -0.0023221698438072947, 0.10947232153527277, -0.08754862153232262, -0.05070801614972198, 0.10818620203778323, -0.11667594227767913, 0.15537543820424296, -0.22595981795212183], [2.3736728208778746, 1.1904822180250036, 2.24162470141128, 1.2392268578006047, 1.277840681546946, 1.1515536697038153, 1.1953367812086697, 0.9840091907456411, -0.2613381441501777, -0.10747718748776908, -0.1364939454537527, -0.15576015269605598, -0.11060963793402256, 4.46557397669856, -0.22331794360242113, -0.1963072986538735, -0.2960837373285369, -0.25668518147034997, 1.035891466197849, -0.08638143603070536, -0.11903264419956049, -0.08196860242332991, 1.0345290851121467, -0.14735131122676645, -0.08169535644941206, 0.9601990886485997, -0.11911868880682171, 1.015368510508839], [-1.8544845700137431, 0.010845698299098977, 1.1049435492753075, 1.00738880408597, -0.2761716066786713, 0.15439981349797832, 0.17775671160849185, -0.07873421198399941, 0.13824773613147107, 0.10367937877207431, -0.06904893461421445, -0.04844242254777067, -0.015410934740379266, -0.22331794360242113, 5.299921084394558, 0.0976326952263568, 0.16432474910209788, 0.12044456158978496, -0.24350688533961973, 0.06187167342629991, 0.1309032474379805, 0.10496927030727579, -0.07587705834796107, -0.06912976745748324, 0.04594313998892441, -0.13265549330673304, -0.0023326340728591164, -0.06693453065878988], [-2.3374464697645685, 0.18474993725488095, 1.1686295487437521, 0.14583416048645562, 0.8083414289070011, 0.35762545324370937, 0.33193672321132245, -0.04669100898581123, 0.13625925506516104, 0.018646149055474705, 0.1400617330046188, -0.0032903746567721505, -0.018909722548751624, -0.1963072986538735, 0.0976326952263568, 5.340559984538618, 0.16500103379589762, 0.1277622478631975, -0.01391613888096124, 0.15610244040746718, 0.01432334516674174, -0.010612163719949627, -0.21396357056861293, 0.15256452491829686, 0.2070966350045557, -0.11930167378991129, 0.0021626001439766377, -0.08900705215727776], [-2.517893375627007, -0.0086914570969508, 1.2130999854982405, -0.021468260694667358, -0.3267952050680944, 1.2456056978756467, 0.1703047990140366, -0.0759470543989964, 0.20635068008112917, 0.028604435067275873, 0.013173133331487901, 0.19003582898728147, 0.01316838695154789, -0.2960837373285369, 0.16432474910209788, 0.16500103379589762, 5.3838244094132355, 0.18178047870530398, -0.047302033629053865, 0.054806422290747656, 0.16699721088929181, 0.02166830624529228, -0.0382578978753891, 0.14460215139000815, 0.09284696985328496, -0.27883362223389746, 0.1889771144815811, -0.09209833914860353], [-1.8447386192186506, -0.05976720944792153, 1.1210014183173356, -0.06377140719015541, -0.3576218370062538, 0.06861351894824406, 1.144590451339181, -0.08266437043147194, 0.15384126721006705, -0.01176442556508938, -0.08622433319615237, -0.04690532314559998, 0.14180852022208823, -0.25668518147034997, 0.12044456158978496, 0.1277622478631975, 0.18178047870530398, 5.318500510931889, -0.04868798415124732, -0.03533097626898066, -0.01933567217243426, 0.11452894836168442, -0.1215311037761581, -0.0950095699972677, 0.12790265243523094, -0.14050250646038887, 0.17306175530003723, -0.24167766280351624], [1.9029543443336077, 1.3103803036396322, 1.3024966435497662, 2.3635304126857917, 1.3603600342900095, 1.289681580887777, 1.3286157884974914, 1.0488138606233084, -0.03397123550286095, -0.22921214908817283, -0.027795131286871985, -0.05954281156288531, -0.04453727666075573, 1.035891466197849, -0.24350688533961973, -0.01391613888096124, -0.047302033629053865, -0.04868798415124732, 4.464941152877246, -0.1706685365765621, -0.2620926481616558, -0.24200389242309178, 1.1038634994368328, -0.04610896058485214, -6.028605005410686e-05, 1.0107876467905346, -0.05316485229619074, 1.039889677736549], [-2.0998150199775885, 0.24183141466213048, 0.3394857098929619, 1.040430139529238, 0.7870358017558758, 0.410152715907339, 0.38403566859400357, -0.009018904525900751, 0.050402785558748824, 0.048379552051370414, 0.1113730013649411, 0.018893371321545564, -0.018177758532035373, -0.08638143603070536, 0.06187167342629991, 0.15610244040746718, 0.054806422290747656, -0.03533097626898066, -0.1706685365765621, 5.26506179962907, 0.08254601435790052, 0.062281589327261085, -0.17308713412215848, 0.12892598760169466, 0.1743603444376717, -0.08184961973605451, 0.005864360815129119, -0.07686607987421992], [-2.0563899687770135, 0.02050112114734784, 0.11192100163772072, 1.034143659947783, -0.2768437609945236, 1.1642266366414968, 0.17375556708331583, -0.057040513685990814, 0.019837987480492134, 0.12178480652562158, -0.006112741058522585, 0.1392829517915668, -0.0023221698438072947, -0.11903264419956049, 0.1309032474379805, 0.01432334516674174, 0.16699721088929181, -0.01933567217243426, -0.2620926481616558, 0.08254601435790052, 5.332327444988267, 0.12462263126415399, -0.03753366758765223, 0.09654045180837809, 0.06203537363287589, -0.22710389116565224, 0.14752295007838817, -0.08431983389136208], [-1.6940861138764443, 0.001325347983353768, 0.09954219011973735, 0.9825025559905692, -0.2934708328379727, 0.1308775026762189, 1.1000982145668077, -0.05336702412171827, 0.027175360305468486, 0.09783056164558127, -0.061979990454131155, -0.019020860189735714, 0.10947232153527277, -0.08196860242332991, 0.10496927030727579, -0.010612163719949627, 0.02166830624529228, 0.11452894836168442, -0.24200389242309178, 0.062281589327261085, 0.12462263126415399, 5.307014232794238, -0.10138150682506208, -0.06789973444800626, 0.09660039719240084, -0.11118573700891253, 0.13969995990953246, -0.2053316659062768], [1.666370488826016, 1.5042859555687946, 1.517687821084862, 1.5447627416532241, 2.39182869127833, 1.4983104626173014, 1.5536492294417332, 1.1101016092570082, -0.035315046860432305, -0.029414026264931722, -0.1806966196443991, -0.029875697371837578, -0.08754862153232262, 1.0345290851121467, -0.07587705834796107, -0.21396357056861293, -0.0382578978753891, -0.1215311037761581, 1.1038634994368328, -0.17308713412215848, -0.03753366758765223, -0.10138150682506208, 4.643668148321285, -0.21913576790658412, -0.22747301345168564, 1.0615757961168455, -0.07782875586633738, 1.0173182685444033], [-1.978630064676497, 0.12202404311905998, 0.20505499264260374, 0.08047135387627673, 0.8005131589443882, 1.1589699878474182, 0.24715984113949854, -0.04007788894363266, -0.00988275867472014, -0.012780630263024718, 0.12718622151572787, 0.10052899058837202, -0.05070801614972198, -0.14735131122676645, -0.06912976745748324, 0.15256452491829686, 0.14460215139000815, -0.0950095699972677, -0.04610896058485214, 0.12892598760169466, 0.09654045180837809, -0.06789973444800626, -0.21913576790658412, 5.303526727093461, 0.17551734662772556, -0.17422383175030032, 0.1344071319958325, -0.11858673226687225], [-2.4458754861823193, 0.1842483107285679, 0.28147714817511854, 0.1418368515559267, 0.80583966374716, 0.3571511026388121, 1.2024042997555975, -0.001011949409412293, 0.10513405574490546, 0.08015774898616845, 0.1702921926976857, 0.06512548291993979, 0.10818620203778323, -0.08169535644941206, 0.04594313998892441, 0.2070966350045557, 0.09284696985328496, 0.12790265243523094, -6.028605005410686e-05, 0.1743603444376717, 0.06203537363287589, 0.09660039719240084, -0.22747301345168564, 0.17551734662772556, 5.364903449411923, -0.08954453044277957, 0.14585094443687968, -0.19197878262641566], [2.3587977823507726, 1.1696752640167716, 1.1457112477711913, 1.2146049248608757, 1.2588892744044995, 2.2181240273559286, 1.167103295000421, 0.9984647979615537, -0.13484003484114498, -0.10506317294971301, -0.09123689815298566, -0.24310155252612284, -0.11667594227767913, 0.9601990886485997, -0.13265549330673304, -0.11930167378991129, -0.27883362223389746, -0.14050250646038887, 1.0107876467905346, -0.08184961973605451, -0.22710389116565224, -0.11118573700891253, 1.0615757961168455, -0.17422383175030032, -0.08954453044277957, 4.446514903164061, -0.2650589847593834, 0.9853587806707342], [-2.153912208017283, -0.032343814251149294, 0.04923140314437839, -0.059870392676128474, -0.34958783705172386, 1.192666955990257, 1.1920161807327978, -0.06074065737760945, 0.033736936194059215, 0.02134303003354009, -0.014417466770218528, 0.16075776692931823, 0.15537543820424296, -0.11911868880682171, -0.0023326340728591164, 0.0021626001439766377, 0.1889771144815811, 0.17306175530003723, -0.05316485229619074, 0.005864360815129119, 0.14752295007838817, 0.13969995990953246, -0.07782875586633738, 0.1344071319958325, 0.14585094443687968, -0.2650589847593834, 5.354381386329119, -0.2671829675340124], [2.284773119076566, 1.1936334334066974, 1.1733624416345312, 1.2381056567357194, 1.273129930933074, 1.1496008349729883, 2.248672686639816, 1.019506426332568, -0.0735899464722501, -0.06406499870065446, -0.09460375978655115, -0.09687086475293148, -0.22595981795212183, 1.015368510508839, -0.06693453065878988, -0.08900705215727776, -0.09209833914860353, -0.24167766280351624, 1.039889677736549, -0.07686607987421992, -0.08431983389136208, -0.2053316659062768, 1.0173182685444033, -0.11858673226687225, -0.19197878262641566, 0.9853587806707342, -0.2671829675340124, 4.454799559025472]]",
    "monomial_list": "[1, x6, x5, x4, x3, x2, x1, x6**2, x5*x6, x4*x6, x3*x6, x2*x6, x1*x6, x5**2, x4*x5, x3*x5, x2*x5, x1*x5, x4**2, x3*x4, x2*x4, x1*x4, x3**2, x2*x3, x1*x3, x2**2, x1*x2, x1**2]"
}