{
    "name": "Total Decomposition",
    "rational_expression": "7051*x1**4/2500 - 40467*x1**3*x2/100000 - 29767*x1**3*x3/100000 - 29403*x1**3*x4/100000 - 8617*x1**3*x5/25000 - 17061*x1**3*x6/50000 + 14617*x1**3/5000 + 46349*x1**2*x2**2/10000 + 3193*x1**2*x2*x3/625000 + 30871*x1**2*x2*x4/1000000 + 7647*x1**2*x2*x5/100000 + 9791*x1**2*x2*x6/200000 + 5991*x1**2*x2/2000 + 9419*x1**2*x3**2/2000 - 23937*x1**2*x3*x4/1000000 - 4087*x1**2*x3*x5/2000000 - 1221*x1**2*x3*x6/40000 + 31701*x1**2*x3/10000 + 5873*x1**2*x4**2/1250 + 18329*x1**2*x4*x5/500000 + 2919*x1**2*x4*x6/100000 + 5871*x1**2*x4/2000 + 2922*x1**2*x5**2/625 + 2123*x1**2*x5*x6/50000 + 29117*x1**2*x5/10000 + 46721*x1**2*x6**2/10000 + 29677*x1**2*x6/10000 + 43933*x1**2/5000 - 39269*x1*x2**3/100000 + 3831*x1*x2**2*x3/400000 + 851*x1*x2**2*x4/500000 + 2329*x1*x2**2*x5/125000 + 431*x1*x2**2*x6/15625 + 1886*x1*x2**2/625 + 3803*x1*x2*x3**2/25000 + 16451*x1*x2*x3*x4/250000000 + 4661*x1*x2*x3*x5/2500000 + 39167*x1*x2*x3*x6/10000000 + 25383*x1*x2*x3/100000 + 22733*x1*x2*x4**2/250000 - 377*x1*x2*x4*x5/312500 + 43297*x1*x2*x4*x6/50000000 + 3691*x1*x2*x4/20000 + 17417*x1*x2*x5**2/200000 - 24309*x1*x2*x5*x6/5000000 + 1679*x1*x2*x5/6250 + 24583*x1*x2*x6**2/250000 + 631*x1*x2*x6/2500 - 8197*x1*x2/5000 - 7043*x1*x3**3/25000 + 23561*x1*x3**2*x4/250000 + 11367*x1*x3**2*x5/100000 + 11997*x1*x3**2*x6/100000 + 29811*x1*x3**2/10000 + 6659*x1*x3*x4**2/100000 - 19021*x1*x3*x4*x5/5000000 + 40359*x1*x3*x4*x6/10000000 + 20203*x1*x3*x4/100000 + 55123*x1*x3*x5**2/1000000 + 36917*x1*x3*x5*x6/10000000 + 25847*x1*x3*x5/100000 + 76427*x1*x3*x6**2/1000000 + 4869*x1*x3*x6/20000 - 24991*x1*x3/10000 - 3297*x1*x4**3/10000 + 867*x1*x4**2*x5/20000 + 6977*x1*x4**2*x6/125000 + 579*x1*x4**2/200 + 3051*x1*x4*x5**2/125000 + 11559*x1*x4*x5*x6/10000000 + 15527*x1*x4*x5/100000 + 10203*x1*x4*x6**2/250000 + 17977*x1*x4*x6/100000 - 27321*x1*x4/1000000 - 32981*x1*x5**3/100000 + 14271*x1*x5**2*x6/250000 + 293*x1*x5**2/100 + 27763*x1*x5*x6**2/500000 + 10993*x1*x5*x6/50000 - 20169*x1*x5/100000 - 32521*x1*x6**3/100000 + 741*x1*x6**2/250 - 41091*x1*x6/50000 + 36983*x1/100000 + 28277*x2**4/10000 - 5001*x2**3*x3/20000 - 6261*x2**3*x4/20000 - 4933*x2**3*x5/12500 - 8751*x2**3*x6/25000 + 14149*x2**3/5000 + 47231*x2**2*x3**2/10000 - 18633*x2**2*x3*x4/1000000 - 8421*x2**2*x3*x5/500000 - 35883*x2**2*x3*x6/1000000 + 6149*x2**2*x3/2000 + 23377*x2**2*x4**2/5000 + 14089*x2**2*x4*x5/1000000 + 1369*x2**2*x4*x6/62500 + 29869*x2**2*x4/10000 + 23181*x2**2*x5**2/5000 + 22119*x2**2*x5*x6/1000000 + 30227*x2**2*x5/10000 + 46571*x2**2*x6**2/10000 + 29981*x2**2*x6/10000 + 46547*x2**2/5000 - 1761*x2*x3**3/6250 + 5823*x2*x3**2*x4/50000 + 3011*x2*x3**2*x5/20000 + 416*x2*x3**2*x6/3125 + 29027*x2*x3**2/10000 + 1977*x2*x3*x4**2/62500 - 26407*x2*x3*x4*x5/10000000 + 9191*x2*x3*x4*x6/2500000 + 9543*x2*x3*x4/50000 + 14097*x2*x3*x5**2/1000000 + 24729*x2*x3*x5*x6/10000000 + 23167*x2*x3*x5/100000 + 9277*x2*x3*x6**2/250000 + 1049*x2*x3*x6/5000 - 2568*x2*x3/3125 - 17959*x2*x4**3/50000 + 44357*x2*x4**2*x5/500000 + 6311*x2*x4**2*x6/100000 + 14619*x2*x4**2/5000 + 27*x2*x4*x5**2/625 + 24853*x2*x4*x5*x6/10000000 + 179*x2*x4*x5/800 + 64369*x2*x4*x6**2/1000000 + 21499*x2*x4*x6/100000 - 24987*x2*x4/50000 - 7643*x2*x5**3/20000 + 2893*x2*x5**2*x6/50000 + 7521*x2*x5**2/2500 + 201*x2*x5*x6**2/2000 + 6887*x2*x5*x6/25000 - 67*x2*x5/40 - 34873*x2*x6**3/100000 + 14849*x2*x6**2/5000 - 10081*x2*x6/10000 - 35477*x2/50000 + 5889*x3**4/2000 - 5191*x3**3*x4/25000 - 25913*x3**3*x5/100000 - 11123*x3**3*x6/50000 + 31*x3**3/10 + 47757*x3**2*x4**2/10000 + 5099*x3**2*x4*x5/50000 + 11293*x3**2*x4*x6/100000 + 29399*x3**2*x4/10000 + 47423*x3**2*x5**2/10000 + 12841*x3**2*x5*x6/100000 + 7331*x3**2*x5/2500 + 47857*x3**2*x6**2/10000 + 29027*x3**2*x6/10000 + 36273*x3**2/5000 - 599*x3*x4**3/2500 + 19859*x3*x4**2*x5/1000000 - 103*x3*x4**2*x6/25000 + 3031*x3*x4**2/1000 - 30787*x3*x4*x5**2/5000000 + 24991*x3*x4*x5*x6/5000000 + 3761*x3*x4*x5/20000 + 14287*x3*x4*x6**2/1000000 + 17981*x3*x4*x6/100000 - 17827*x3*x4/20000 - 6349*x3*x5**3/25000 - 12267*x3*x5**2*x6/1000000 + 7707*x3*x5**2/2500 + 9573*x3*x5*x6**2/250000 + 22377*x3*x5*x6/100000 - 14539*x3*x5/10000 - 21443*x3*x6**3/100000 + 15073*x3*x6**2/5000 - 31009*x3*x6/50000 + 57667*x3/10000 + 28217*x4**4/10000 - 6727*x4**3*x5/20000 - 16157*x4**3*x6/50000 + 30809*x4**3/10000 + 46961*x4**2*x5**2/10000 + 11697*x4**2*x5*x6/200000 + 1833*x4**2*x5/625 + 4703*x4**2*x6**2/1000 + 14799*x4**2*x6/5000 + 38581*x4**2/5000 - 29713*x4*x5**3/100000 + 21739*x4*x5**2*x6/500000 + 14919*x4*x5**2/5000 + 10063*x4*x5*x6**2/200000 + 10783*x4*x5*x6/50000 - 66689*x4*x5/100000 - 14191*x4*x6**3/50000 + 751*x4*x6**2/250 - 19871*x4*x6/20000 + 24053*x4/10000 + 1399*x5**4/500 - 8193*x5**3*x6/25000 + 7417*x5**3/2500 + 46813*x5**2*x6**2/10000 + 14921*x5**2*x6/5000 + 81469*x5**2/10000 - 16151*x5*x6**3/50000 + 29777*x5*x6**2/10000 - 1059*x5*x6/1000 + 30819*x5/50000 + 1399*x6**4/500 + 30271*x6**3/10000 + 943*x6**2/125 + 14793*x6/10000 + 7709/500",
    "Q": "[[15.417990941234677, 0.7327589951770911, 0.30318512009011966, 1.2016975517399862, 2.880264262958713, -0.3618694332399529, 0.1914601056075404, 1.1462804806022617, -1.4465548199889735, -1.395556094357928, -1.2780268668969366, -1.4491736883861424, -1.3759700263146168, 1.345652357652044, -1.3064595702713377, -1.51645913078314, -1.6774919293101584, -1.2178891158780112, 1.2114409340997303, -1.3520584034009802, -1.26818754750055, -1.106054268082255, 0.996992136997491, -1.3002123487742885, -1.8167237848637607, 1.7209345282442234, -1.6751446104386853, 1.562985199397071], [0.7327589951770911, 5.2637349355765854, 0.9202317858545838, 0.9056901047382425, 0.9701919458506133, 0.9447780817602115, 0.9608286424813478, 1.5150671433816125, 0.656120714603582, 0.6387484801974058, 0.6505158122065507, 0.6522110576550801, 0.6416222828359566, 0.7952164211521218, 0.025109579236571443, 0.12896552149918, -0.006321929333297863, -0.027147756457068153, 0.854056057262851, 0.15607441832088076, -0.011874150158303051, -0.0015502547372394527, 0.977316854153073, 0.06821676144910135, 0.14869287678779008, 0.7351178328674843, -0.01037163066390057, 0.7738077039089231], [0.30318512009011966, 0.9202317858545838, 5.461846703530563, 0.9757728044491926, 0.7826995727869573, 0.8407974333089991, 1.116698621992144, 0.8313381889130289, 0.6969545525564652, 0.09945507842337951, 0.16645361073662765, 0.02295751375840351, 0.053048648769256766, 1.4815194154887419, 0.66495490844163, 0.7060448351791565, 0.7208360778099812, 0.6644440165188746, 0.8486470456892408, 0.19380491478641076, 0.02368361624855191, 0.042408381115635725, 0.9871118065477548, 0.09808564861974943, 0.19003960604960554, 0.7184448301596716, 0.032149344963981336, 0.7641160672387048], [1.2016975517399862, 0.9056901047382425, 0.9757728044491926, 5.28110936564936, 0.9088393881078001, 1.0130770109654779, 1.0991059454939185, 0.8643380963153919, -0.01933511794985234, 0.626606944636122, 0.08013662459013567, -0.04842210216471133, -0.026693667524135364, 0.8280455562622752, 0.6170884519363276, 0.07666442819671282, -0.04116341995427314, -0.05418111739650418, 1.5413999808586274, 0.6268228674955539, 0.6120417196069808, 0.5929090865134168, 1.0045002253037412, 0.0211650498219244, 0.09399824689977647, 0.7755358017623296, -0.038098830164381044, 0.8115301401673256], [2.880264262958713, 0.9701919458506133, 0.7826995727869573, 0.9088393881078001, 5.251197115439734, 0.880478142262671, 0.5694689265261244, 0.8592520278812777, -0.1811595641824806, -0.1435103421456206, 0.474336703671714, -0.20110153782186024, -0.1972140363423185, 0.8394002966242504, -0.1699251013751442, 0.4796178526544072, -0.22544598521071602, -0.22864163928014963, 0.8868872735955584, 0.46388199723314083, -0.1924903587846238, -0.18758546767130735, 1.5487594106037461, 0.4701840045392266, 0.482646370156349, 0.8146033120945547, -0.24441303320065905, 0.8359458617363785], [-0.3618694332399529, 0.9447780817602115, 0.8407974333089991, 1.0130770109654779, 0.880478142262671, 5.854291135116341, 0.8607037562218341, 0.8326963319855791, 0.12507857192093186, 0.1694077495675825, 0.23762063494016722, 0.7605263906426633, 0.1053162207513736, 0.7836167945708388, 0.12796460270654, 0.2436505923761706, 0.7929493206319648, 0.05148700050923246, 0.8486411956997213, 0.26775546605785344, 0.7183404102488982, 0.08977079392299082, 0.9833478975360904, 0.7216550206363487, 0.27558239005074353, 1.416005210026897, 0.7870923706452013, 0.7494639865369706], [0.1914601056075404, 0.9608286424813478, 1.116698621992144, 1.0991059454939185, 0.5694689265261244, 0.8607037562218341, 5.672588211413204, 0.8417379083834782, 0.0825285872104522, 0.11719170909289814, 0.16798990405814587, 0.03658835569419016, 0.7059648796182447, 0.7980773515768285, 0.09118885383200336, 0.1679771596425437, 0.05225051277084805, 0.6901760761851174, 0.8579264302266537, 0.19653784038824995, 0.042253356230582524, 0.6574606225456077, 1.0097391270966831, 0.0972063504667249, 0.7486092971680973, 0.7250339612780269, 0.7452433292264289, 1.4594646429781555], [1.1462804806022617, 1.5150671433816125, 0.8313381889130289, 0.8643380963153919, 0.8592520278812777, 0.8326963319855791, 0.8417379083834782, 2.7996796446817824, -0.16284864259553472, -0.14154292895901385, -0.10822667009182059, -0.17471456513010716, -0.1622344147357184, 0.6456857033372108, -0.04441121741003898, -0.010542722533715377, -0.04357275066293715, -0.05693939663059715, 0.6671738575940781, -0.005554764000994877, -0.05214793137805198, -0.05136397722721458, 0.7274221947556142, -0.02889710946194222, 0.005427912179706419, 0.6256884517483464, -0.04192289728657576, 0.6426318311093321], [-1.4465548199889735, 0.656120714603582, 0.6969545525564652, -0.01933511794985234, -0.1811595641824806, 0.12507857192093186, 0.0825285872104522, -0.16284864259553472, 3.391615135762908, 0.06900104642407359, 0.029413232381702275, 0.09421680560208626, 0.0826827839054162, -0.16493207964212853, 0.06897332391832789, 0.04898171061912243, 0.11302264806570625, 0.07729818968987431, -0.03934420759980486, 0.0046019649116035115, -0.02114964103331492, -0.00912693116066159, -0.020754014982982658, -0.02159937607291238, 0.06632640461162988, -0.11612012002219096, 0.026069300718641778, -0.06690034236984897], [-1.395556094357928, 0.6387484801974058, 0.09945507842337951, 0.626606944636122, -0.1435103421456206, 0.1694077495675825, 0.11719170909289814, -0.14154292895901385, 0.06900104642407359, 3.3693725930325553, 0.012561765569320125, 0.08158848454283488, 0.06930494618226324, -0.05026779330033627, 0.06620187444118163, 0.02700878645721747, 0.03454380369726907, -0.003912842113354082, -0.1619633025839496, 0.021198096989468222, 0.076427509445015, 0.058158313492650514, -0.0022829729465555825, 0.007589117783654406, 0.07774992720581836, -0.08867038726113431, 0.04519962462309441, -0.05712575667943598], [-1.2780268668969366, 0.6505158122065507, 0.16645361073662765, 0.08013662459013567, 0.474336703671714, 0.23762063494016722, 0.16798990405814587, -0.10822667009182059, 0.029413232381702275, 0.012561765569320125, 3.331557421545124, 0.04630709142905682, 0.031031949492466664, -0.05562939618724326, -0.03161075136882106, 0.08470423607202655, 0.01392609757592518, -0.06933034423444649, -0.02503466167275107, 0.060913003238462354, -0.0244479424558467, -0.06904224901671155, -0.11202831778817232, 0.08210862401772469, 0.11258295778018482, -0.0869176586557931, 0.0022800641474266027, -0.09437202593991884], [-1.4491736883861424, 0.6522110576550801, 0.02295751375840351, -0.04842210216471133, -0.20110153782186024, 0.7605263906426633, 0.03658835569419016, -0.17471456513010716, 0.09421680560208626, 0.08158848454283488, 0.04630709142905682, 3.406136869504348, 0.09266693565713525, -0.08220717678000947, -0.013394162663947164, 0.007673278496981477, 0.1291366980280171, -0.04212145795750104, -0.042469204063873583, 0.016858824672199284, 0.0980125268782625, -0.029071871862948778, -0.013690529838343828, 0.07091348822087151, 0.04087609231984041, -0.1754272977930862, 0.1285962768339024, -0.09704222101460275], [-1.3759700263146168, 0.6416222828359566, 0.053048648769256766, -0.026693667524135364, -0.1972140363423185, 0.1053162207513736, 0.7059648796182447, -0.1622344147357184, 0.0826827839054162, 0.06930494618226324, 0.031031949492466664, 0.09266693565713525, 3.3880292704266597, -0.05142063883849938, 0.013039773274020769, 0.003003939622807953, 0.016052157238867066, 0.08756572392541048, -0.031255595345119055, -0.008707678189117184, -0.016127752760154553, 0.07158059413117077, -0.05282758411505338, -0.04315615646727576, 0.07780262027172755, -0.115572857577856, 0.12096339390912227, -0.17189627872081828], [1.345652357652044, 0.7952164211521218, 1.4815194154887419, 0.8280455562622752, 0.8394002966242504, 0.7836167945708388, 0.7980773515768285, 0.6456857033372108, -0.16493207964212853, -0.05026779330033627, -0.05562939618724326, -0.08220717678000947, -0.05142063883849938, 2.797610310025657, -0.14815092031529184, -0.12600701318407778, -0.192198161663201, -0.1653842219381229, 0.6626500266737382, -0.03925308985183529, -0.07663739021094874, -0.04953082729879193, 0.682395369071984, -0.08197832510532539, -0.023391222624647167, 0.6060666177159648, -0.06308543309368007, 0.6501902707950252], [-1.3064595702713377, 0.025109579236571443, 0.66495490844163, 0.6170884519363276, -0.1699251013751442, 0.12796460270654, 0.09118885383200336, -0.04441121741003898, 0.06897332391832789, 0.06620187444118163, -0.03161075136882106, -0.013394162663947164, 0.013039773274020769, -0.14815092031529184, 3.3677164576684886, 0.03737320904690024, 0.0978395821495013, 0.06380351259015632, -0.1676463089479598, 0.02634194559254377, 0.07896652193051451, 0.06082204647820189, -0.03455568723386562, -0.02780627377326867, 0.06180099617205247, -0.10331451907963063, 0.03326351990128404, -0.05200757829640564], [-1.51645913078314, 0.12896552149918, 0.7060448351791565, 0.07666442819671282, 0.4796178526544072, 0.2436505923761706, 0.1679771596425437, -0.010542722533715377, 0.04898171061912243, 0.02700878645721747, 0.08470423607202655, 0.007673278496981477, 0.003003939622807953, -0.12600701318407778, 0.03737320904690024, 3.3773123501153095, 0.0882421267086034, 0.05251358104495212, -0.01259883234650313, 0.08972194919805156, -0.010865259075994994, -0.02479429458118182, -0.12857941458750244, 0.09436717218246068, 0.1450068837148151, -0.10346935794168337, 0.0206949121157246, -0.07583061230869693], [-1.6774919293101584, -0.006321929333297863, 0.7208360778099812, -0.04116341995427314, -0.22544598521071602, 0.7929493206319648, 0.05225051277084805, -0.04357275066293715, 0.11302264806570625, 0.03454380369726907, 0.01392609757592518, 0.1291366980280171, 0.016052157238867066, -0.192198161663201, 0.0978395821495013, 0.0882421267086034, 3.425467539768068, 0.10650002696250141, -0.03303426183415209, 0.03867153284925279, 0.10983659971193098, 0.0029668831663086145, -0.016130012577102067, 0.09649523392318725, 0.06780273775001354, -0.19456278824953488, 0.14153711044361209, -0.08365741011247413], [-1.2178891158780112, -0.027147756457068153, 0.6644440165188746, -0.05418111739650418, -0.22864163928014963, 0.05148700050923246, 0.6901760761851174, -0.05693939663059715, 0.07729818968987431, -0.003912842113354082, -0.06933034423444649, -0.04212145795750104, 0.08756572392541048, -0.1653842219381229, 0.06380351259015632, 0.05251358104495212, 0.10650002696250141, 3.3738425130229026, -0.038972602797147454, -0.03700670159086524, -0.03623040306759455, 0.0688295276914172, -0.088833593768123, -0.08849764986574206, 0.07678504821635335, -0.13030967403789556, 0.11960661866730421, -0.1725717135135703], [1.2114409340997303, 0.854056057262851, 0.8486470456892408, 1.5413999808586274, 0.8868872735955584, 0.8486411956997213, 0.8579264302266537, 0.6671738575940781, -0.03934420759980486, -0.1619633025839496, -0.02503466167275107, -0.042469204063873583, -0.031255595345119055, 0.6626500266737382, -0.1676463089479598, -0.01259883234650313, -0.03303426183415209, -0.038972602797147454, 2.8209237063713632, -0.11882407800709718, -0.17861345057832745, -0.16309651094759192, 0.7211186243518212, -0.0257716811118908, 0.013991128679556961, 0.64574654293484, -0.025334082490360618, 0.6697452488142361], [-1.3520584034009802, 0.15607441832088076, 0.19380491478641076, 0.6268228674955539, 0.46388199723314083, 0.26775546605785344, 0.19653784038824995, -0.005554764000994877, 0.0046019649116035115, 0.021198096989468222, 0.060913003238462354, 0.016858824672199284, -0.008707678189117184, -0.03925308985183529, 0.02634194559254377, 0.08972194919805156, 0.03867153284925279, -0.03700670159086524, -0.11882407800709718, 3.330213330626403, 0.04010484423137194, 0.02009400633340051, -0.103814694039229, 0.08745201817726826, 0.1237229088757075, -0.07175724624193333, 0.03445094794609137, -0.06722874752073946], [-1.26818754750055, -0.011874150158303051, 0.02368361624855191, 0.6120417196069808, -0.1924903587846238, 0.7183404102488982, 0.042253356230582524, -0.05214793137805198, -0.02114964103331492, 0.076427509445015, -0.0244479424558467, 0.0980125268782625, -0.016127752760154553, -0.07663739021094874, 0.07896652193051451, -0.010865259075994994, 0.10983659971193098, -0.03623040306759455, -0.17861345057832745, 0.04010484423137194, 3.380599477655781, 0.07212311009494123, -0.028975770058846897, 0.06323460640073948, 0.02756664098932451, -0.15436899790592157, 0.10539576736636747, -0.08173177083824575], [-1.106054268082255, -0.0015502547372394527, 0.042408381115635725, 0.5929090865134168, -0.18758546767130735, 0.08977079392299082, 0.6574606225456077, -0.05136397722721458, -0.00912693116066159, 0.058158313492650514, -0.06904224901671155, -0.029071871862948778, 0.07158059413117077, -0.04953082729879193, 0.06082204647820189, -0.02479429458118182, 0.0029668831663086145, 0.0688295276914172, -0.16309651094759192, 0.02009400633340051, 0.07212311009494123, 3.35644703392505, -0.0775322082152087, -0.062017588935412205, 0.05558665825846581, -0.1039230840223068, 0.09608693988242141, -0.14813551221475835], [0.996992136997491, 0.977316854153073, 0.9871118065477548, 1.0045002253037412, 1.5487594106037461, 0.9833478975360904, 1.0097391270966831, 0.7274221947556142, -0.020754014982982658, -0.0022829729465555825, -0.11202831778817232, -0.013690529838343828, -0.05282758411505338, 0.682395369071984, -0.03455568723386562, -0.12857941458750244, -0.016130012577102067, -0.088833593768123, 0.7211186243518212, -0.103814694039229, -0.028975770058846897, -0.0775322082152087, 2.944052023771305, -0.13964246356644666, -0.13870387096173828, 0.6711409336243693, -0.03769080551612527, 0.636207243948984], [-1.3002123487742885, 0.06821676144910135, 0.09808564861974943, 0.0211650498219244, 0.4701840045392266, 0.7216550206363487, 0.0972063504667249, -0.02889710946194222, -0.02159937607291238, 0.007589117783654406, 0.08210862401772469, 0.07091348822087151, -0.04315615646727576, -0.08197832510532539, -0.02780627377326867, 0.09436717218246068, 0.09649523392318725, -0.08849764986574206, -0.0257716811118908, 0.08745201817726826, 0.06323460640073948, -0.062017588935412205, -0.13964246356644666, 3.381329950248699, 0.11506702973085015, -0.12478511679595003, 0.10965660204727834, -0.12024497641678614], [-1.8167237848637607, 0.14869287678779008, 0.19003960604960554, 0.09399824689977647, 0.482646370156349, 0.27558239005074353, 0.7486092971680973, 0.005427912179706419, 0.06632640461162988, 0.07774992720581836, 0.11258295778018482, 0.04087609231984041, 0.07780262027172755, -0.023391222624647167, 0.06180099617205247, 0.1450068837148151, 0.06780273775001354, 0.07678504821635335, 0.013991128679556961, 0.1237229088757075, 0.02756664098932451, 0.05558665825846581, -0.13870387096173828, 0.11506702973085015, 3.4333434530343987, -0.10161823185378152, 0.12041418688642759, -0.14868889839438634], [1.7209345282442234, 0.7351178328674843, 0.7184448301596716, 0.7755358017623296, 0.8146033120945547, 1.416005210026897, 0.7250339612780269, 0.6256884517483464, -0.11612012002219096, -0.08867038726113431, -0.0869176586557931, -0.1754272977930862, -0.115572857577856, 0.6060666177159648, -0.10331451907963063, -0.10346935794168337, -0.19456278824953488, -0.13030967403789556, 0.64574654293484, -0.07175724624193333, -0.15436899790592157, -0.1039230840223068, 0.6711409336243693, -0.12478511679595003, -0.10161823185378152, 2.8264846799616636, -0.19474797459981624, 0.6094941050036552], [-1.6751446104386853, -0.01037163066390057, 0.032149344963981336, -0.038098830164381044, -0.24441303320065905, 0.7870923706452013, 0.7452433292264289, -0.04192289728657576, 0.026069300718641778, 0.04519962462309441, 0.0022800641474266027, 0.1285962768339024, 0.12096339390912227, -0.06308543309368007, 0.03326351990128404, 0.0206949121157246, 0.14153711044361209, 0.11960661866730421, -0.025334082490360618, 0.03445094794609137, 0.10539576736636747, 0.09608693988242141, -0.03769080551612527, 0.10965660204727834, 0.12041418688642759, -0.19474797459981624, 3.414676552259639, -0.203729126167006], [1.562985199397071, 0.7738077039089231, 0.7641160672387048, 0.8115301401673256, 0.8359458617363785, 0.7494639865369706, 1.4594646429781555, 0.6426318311093321, -0.06690034236984897, -0.05712575667943598, -0.09437202593991884, -0.09704222101460275, -0.17189627872081828, 0.6501902707950252, -0.05200757829640564, -0.07583061230869693, -0.08365741011247413, -0.1725717135135703, 0.6697452488142361, -0.06722874752073946, -0.08173177083824575, -0.14813551221475835, 0.636207243948984, -0.12024497641678614, -0.14868889839438634, 0.6094941050036552, -0.203729126167006, 2.8198227643789995]]",
    "monomial_list": "[1, x6, x5, x4, x3, x2, x1, x6**2, x5*x6, x4*x6, x3*x6, x2*x6, x1*x6, x5**2, x4*x5, x3*x5, x2*x5, x1*x5, x4**2, x3*x4, x2*x4, x1*x4, x3**2, x2*x3, x1*x3, x2**2, x1*x2, x1**2]"
}