{
    "name": "Total Decomposition",
    "rational_expression": "22253*x1**4/5000 - 52899*x1**3*x2/100000 - 9531*x1**3*x3/25000 - 40933*x1**3*x4/100000 - 48019*x1**3*x5/100000 - 1137*x1**3*x6/2500 + 44981*x1**3/10000 + 9149*x1**2*x2**2/1250 + 52869*x1**2*x2*x3/1000000 + 10831*x1**2*x2*x4/100000 + 16529*x1**2*x2*x5/100000 + 5411*x1**2*x2*x6/50000 + 11683*x1**2*x2/2500 + 73923*x1**2*x3**2/10000 + 9583*x1**2*x3*x4/250000 + 16009*x1**2*x3*x5/200000 + 24213*x1**2*x3*x6/1000000 + 49477*x1**2*x3/10000 + 36887*x1**2*x4**2/5000 + 89173*x1**2*x4*x5/1000000 + 94497*x1**2*x4*x6/1000000 + 46821*x1**2*x4/10000 + 36717*x1**2*x5**2/5000 + 13229*x1**2*x5*x6/100000 + 46249*x1**2*x5/10000 + 18413*x1**2*x6**2/2500 + 46647*x1**2*x6/10000 + 1359*x1**2/100 - 26237*x1*x2**3/50000 + 10057*x1*x2**2*x3/100000 + 70941*x1*x2**2*x4/1000000 + 2843*x1*x2**2*x5/31250 + 9571*x1*x2**2*x6/125000 + 4727*x1*x2**2/1000 + 2473*x1*x2*x3**2/12500 - 39873*x1*x2*x3*x4/5000000 - 11589*x1*x2*x3*x5/2000000 + 12497*x1*x2*x3*x6/2000000 + 6531*x1*x2*x3/12500 + 91*x1*x2*x4**2/625 - 12579*x1*x2*x4*x5/2500000 + 947*x1*x2*x4*x6/500000 + 48221*x1*x2*x4/100000 + 12777*x1*x2*x5**2/100000 - 52299*x1*x2*x5*x6/10000000 + 14429*x1*x2*x5/25000 + 14639*x1*x2*x6**2/100000 + 52517*x1*x2*x6/100000 - 5519*x1*x2/5000 - 44869*x1*x3**3/100000 + 7551*x1*x3**2*x4/50000 + 8729*x1*x3**2*x5/50000 + 8077*x1*x3**2*x6/50000 + 23663*x1*x3**2/5000 + 12611*x1*x3*x4**2/100000 - 72479*x1*x3*x4*x5/1000000000 - 19083*x1*x3*x4*x6/2500000 + 943*x1*x3*x4/2000 + 93011*x1*x3*x5**2/1000000 - 41561*x1*x3*x5*x6/10000000 + 26277*x1*x3*x5/50000 + 6563*x1*x3*x6**2/50000 + 48981*x1*x3*x6/100000 - 29089*x1*x3/10000 - 48449*x1*x4**3/100000 + 463*x1*x4**2*x5/4000 + 701*x1*x4**2*x6/6250 + 46191*x1*x4**2/10000 + 70723*x1*x4*x5**2/1000000 + 10581*x1*x4*x5*x6/1000000 + 42903*x1*x4*x5/100000 + 9561*x1*x4*x6**2/100000 + 46373*x1*x4*x6/100000 + 873*x1*x4/25000 - 6503*x1*x5**3/12500 + 1691*x1*x5**2*x6/20000 + 46239*x1*x5**2/10000 + 12327*x1*x5*x6**2/100000 + 25557*x1*x5*x6/50000 - 7527*x1*x5/50000 - 3019*x1*x6**3/6250 + 1869*x1*x6**2/400 - 2099*x1*x6/4000 - 27357*x1/50000 + 22217*x2**4/5000 - 1383*x2**3*x3/4000 - 22471*x2**3*x4/50000 - 27433*x2**3*x5/50000 - 6029*x2**3*x6/12500 + 44379*x2**3/10000 + 74241*x2**2*x3**2/10000 + 15313*x2**2*x3*x4/500000 + 12781*x2**2*x3*x5/250000 + 24101*x2**2*x3*x6/1000000 + 48343*x2**2*x3/10000 + 18379*x2**2*x4**2/2500 + 6091*x2**2*x4*x5/100000 + 72077*x2**2*x4*x6/1000000 + 9503*x2**2*x4/2000 + 18249*x2**2*x5**2/2500 + 10743*x2**2*x5*x6/100000 + 5987*x2**2*x5/1250 + 73477*x2**2*x6**2/10000 + 23647*x2**2*x6/5000 + 13749*x2**2/1000 - 8761*x2*x3**3/20000 + 2243*x2*x3**2*x4/12500 + 1131*x2*x3**2*x5/5000 + 19349*x2*x3**2*x6/100000 + 45881*x2*x3**2/10000 + 72137*x2*x3*x4**2/1000000 - 11101*x2*x3*x4*x5/1000000 - 19699*x2*x3*x4*x6/2000000 + 20821*x2*x3*x4/50000 + 7299*x2*x3*x5**2/250000 + 19779*x2*x3*x5*x6/10000000 + 23249*x2*x3*x5/50000 + 16583*x2*x3*x6**2/200000 + 22933*x2*x3*x6/50000 - 6579*x2*x3/5000 - 52327*x2*x4**3/100000 + 8249*x2*x4**2*x5/50000 + 51*x2*x4**2*x6/400 + 2909*x2*x4**2/625 + 81073*x2*x4*x5**2/1000000 + 12947*x2*x4*x5*x6/2000000 + 9547*x2*x4*x5/20000 + 749*x2*x4*x6**2/6250 + 24953*x2*x4*x6/50000 - 11409*x2*x4/10000 - 58953*x2*x5**3/100000 + 1267*x2*x5**2*x6/12500 + 5907*x2*x5**2/1250 + 2307*x2*x5*x6**2/12500 + 58287*x2*x5*x6/100000 - 23799*x2*x5/10000 - 25547*x2*x6**3/50000 + 46773*x2*x6**2/10000 - 13561*x2*x6/10000 - 11973*x2/12500 + 46447*x3**4/10000 - 1377*x3**3*x4/4000 - 42917*x3**3*x5/100000 - 9097*x3**3*x6/25000 + 2991*x3**3/625 + 14931*x3**2*x4**2/2000 + 1919*x3**2*x4*x5/12500 + 15991*x3**2*x4*x6/100000 + 23327*x3**2*x4/5000 + 18519*x3**2*x5**2/2500 + 10209*x3**2*x5*x6/50000 + 583*x3**2*x5/125 + 18727*x3**2*x6**2/2500 + 9251*x3**2*x6/2000 + 1464*x3**2/125 - 1068*x3*x4**3/3125 + 93121*x3*x4**2*x5/1000000 + 1811*x3*x4**2*x6/40000 + 2991*x3*x4**2/625 + 2461*x3*x4*x5**2/125000 + 58327*x3*x4*x5*x6/10000000 + 513*x3*x4*x5/1250 + 54971*x3*x4*x6**2/1000000 + 10123*x3*x4*x6/25000 - 3999*x3*x4/2500 - 9733*x3*x5**3/25000 - 13589*x3*x5**2*x6/10000000 + 9789*x3*x5**2/2000 + 92253*x3*x5*x6**2/1000000 + 4453*x3*x5*x6/10000 - 24153*x3*x5/10000 - 32071*x3*x6**3/100000 + 47883*x3*x6**2/10000 - 3251*x3*x6/2500 + 20643*x3/2500 + 44611*x4**4/10000 - 12061*x4**3*x5/25000 - 4521*x4**3*x6/10000 + 2954*x4**3/625 + 73607*x4**2*x5**2/10000 + 683*x4**2*x5*x6/5000 + 11539*x4**2*x5/2500 + 14793*x4**2*x6**2/2000 + 23343*x4**2*x6/5000 + 6131*x4**2/500 - 44813*x4*x5**3/100000 + 70793*x4*x5**2*x6/1000000 + 9357*x4*x5**2/2000 + 12213*x4*x5*x6**2/125000 + 11423*x4*x5*x6/25000 - 49319*x4*x5/100000 - 41747*x4*x6**3/100000 + 47243*x4*x6**2/10000 - 5283*x4*x6/5000 + 14813*x4/5000 + 8923*x5**4/2000 - 523*x5**3*x6/1000 + 44721*x5**3/10000 + 36707*x5**2*x6**2/5000 + 47537*x5**2*x6/10000 + 2753*x5**2/200 - 12713*x5*x6**3/25000 + 11857*x5*x6**2/2500 - 11367*x5*x6/5000 + 3411*x5/25000 + 22237*x6**4/5000 + 23321*x6**3/5000 + 3039*x6**2/250 + 268*x6/125 + 2281/100",
    "Q": "[[22.809983626778205, 1.068813896762047, 0.07642499517780173, 1.487424936768702, 4.134973719870147, -0.47890638932558655, -0.27130203623087124, 1.8400853702005802, -2.4080755790810713, -1.9908211139104246, -2.038120147485125, -2.1446461255226126, -1.8716772096996657, 2.372614290131163, -1.8533077064311527, -2.3362012925923112, -2.5167086741876727, -1.8435876830024824, 1.901917166731382, -2.098573405521503, -2.0552093854174203, -1.6929255473852483, 1.6653111615933722, -1.977403900436026, -2.444635332799942, 2.357731432563352, -2.15275328934934, 2.2837154498352485], [1.068813896762047, 8.457733302902934, 1.2789325194009191, 1.4529874901660393, 1.376946548613531, 1.4626340757958969, 1.606598444085489, 2.3287762180241423, 1.0828364262785577, 1.0264499497220598, 1.0602897742598996, 1.0625029615447572, 1.0188729235201093, 1.1897696075900546, 0.01081873493033863, 0.18472283263362743, -0.00872702275309023, -0.05979116709853183, 1.3096617857856583, 0.24180540357931327, 0.020470714040216262, 0.001302169170021027, 1.5036042359078539, 0.12199681405869411, 0.18421454126439996, 1.1689593608128612, -0.03237106008408199, 1.1929184802358683], [0.07642499517780173, 1.2789325194009191, 9.019935304125575, 1.6042565299828786, 1.1201266091711104, 1.3216025520484387, 1.7680797403986213, 1.2867422384148475, 1.189868582085228, 0.17982899728757387, 0.3120563888222126, 0.08425638581623988, 0.08085214247452997, 2.240349259560543, 1.1044928776826342, 1.1681597459398954, 1.2126564135081004, 1.1205689148267555, 1.301766874885649, 0.3394656785862243, 0.11190006458790154, 0.09952405027964915, 1.5170014053213696, 0.2050408971180944, 0.281451314110527, 1.1449896300573728, 0.04921255873842095, 1.1726341006932626], [1.487424936768702, 1.4529874901660393, 1.6042565299828786, 8.476884106112047, 1.298516610691501, 1.4779457679162809, 1.702979952560611, 1.3335376329260265, 0.03346669362012913, 1.0247752991730437, 0.1765824937696781, -0.02126253479724033, -0.026251335281477665, 1.2385155645020933, 1.0069401233003359, 0.1458000163320509, -0.02150598981158194, -0.06379810182548758, 2.362257759467755, 1.0399697152868295, 1.0336946338495516, 0.9820595157033991, 1.5440859330071293, 0.08044355558759606, 0.14180038916603027, 1.2138953249549995, -0.05989951275407, 1.2373941002558257], [4.134973719870147, 1.376946548613531, 1.1201266091711104, 1.298516610691501, 8.383291714748353, 1.328467144513533, 0.9816970999732605, 1.3345626286483958, -0.2693890902062578, -0.21582744885891464, 0.8023168616395939, -0.28425408527863794, -0.2980401553155199, 1.2771622154050193, -0.2762217619433578, 0.8078376452361649, -0.32686083654994325, -0.35766621433183515, 1.3596669184729264, 0.7865316986728187, -0.2769001493639795, -0.293511669844108, 2.390553957180603, 0.8000191369037275, 0.8053386633891779, 1.2582081589687617, -0.349639829123635, 1.2724525557070432], [-0.47890638932558655, 1.4626340757958969, 1.3216025520484387, 1.4779457679162809, 1.328467144513533, 9.049588540003027, 1.5882176877100411, 1.2741107131143685, 0.21585117578640103, 0.2407139731382076, 0.385998844669025, 1.1970649854409545, 0.13723628118904332, 1.1508255804641239, 0.15438530605309064, 0.35761153171019316, 1.2451623530409464, 0.0686016914747096, 1.2889502472625312, 0.41013824607398724, 1.1637774787147477, 0.1308658357510345, 1.4976149089389932, 1.1585063920698508, 0.35713379687221597, 2.216842783119736, 1.192233671022467, 1.148868873324729], [-0.27130203623087124, 1.606598444085489, 1.7680797403986213, 1.702979952560611, 0.9816970999732605, 1.5882176877100411, 9.024015283572364, 1.3143199627056825, 0.23421635440522495, 0.2462091244238303, 0.35834482078543456, 0.16310815472073126, 1.1430841480576481, 1.1946033592273646, 0.1777369334458122, 0.33191595810879243, 0.17028198500294128, 1.1441612718752698, 1.3278814510306958, 0.3840191447696388, 0.17373697366132845, 1.0996569870246558, 1.5529593372982051, 0.2471450819489512, 1.2019350367701178, 1.1663727910398838, 1.1915864192804915, 2.2473929167994076], [1.8400853702005802, 2.3287762180241423, 1.2867422384148475, 1.3335376329260265, 1.3345626286483958, 1.2741107131143685, 1.3143199627056825, 4.443017250725648, -0.2535862341143893, -0.20849958270089067, -0.15881215823075376, -0.2559887947675494, -0.24035593553274454, 0.9834629763475013, -0.07870158370958077, -0.04667214949737906, -0.07591917787579412, -0.08262448438708923, 1.0482617219246404, -0.008994988452187809, -0.05700779349336205, -0.0533268487053361, 1.109545630097823, -0.04004982707893551, -0.0009862468377420288, 0.9979206220170339, -0.060703168482617975, 1.0189633465481536], [-2.4080755790810713, 1.0828364262785577, 1.189868582085228, 0.03346669362012913, -0.2693890902062578, 0.21585117578640103, 0.23421635440522495, -0.2535862341143893, 5.3670121268112565, 0.12767568075275088, 0.09379377540895463, 0.1644207732550253, 0.14139404050345908, -0.26123731801440286, 0.1382016592359043, 0.13621719897891973, 0.2063099355200775, 0.15379208675652445, -0.033943357078000246, 0.050409119458423655, 0.019838839163993708, 0.027178090817186033, -0.03528417376302954, -0.009884303196459394, 0.1051434549489734, -0.13481977304363488, 0.03373835150763096, -0.07356546067561535], [-1.9908211139104246, 1.0264499497220598, 0.17982899728757387, 1.0247752991730437, -0.21582744885891464, 0.2407139731382076, 0.2462091244238303, -0.20849958270089067, 0.12767568075275088, 5.298226668811749, 0.04153412925587821, 0.1205315117543371, 0.10216774426407382, -0.10745204316658025, 0.10362926119083334, 0.01864755325775247, 0.028607320289022124, -0.011765765008865298, -0.2291073643870333, 0.04832767035272123, 0.12173454446579914, 0.09777543149378325, -0.029383881506088064, -0.012782370424675806, 0.08016736673047706, -0.10503708535087895, 0.021344332598003765, -0.06403635197055738], [-2.038120147485125, 1.0602897742598996, 0.3120563888222126, 0.1765824937696781, 0.8023168616395939, 0.385998844669025, 0.35834482078543456, -0.15881215823075376, 0.09379377540895463, 0.04153412925587821, 5.263171192431698, 0.08264822242919379, 0.06770684595222132, -0.13647908731556616, -0.0690566727161828, 0.14001785702112815, 0.01317446083759121, -0.08623227017743779, -0.027772443432983424, 0.11132981277601256, -0.006114978697912227, -0.06198826555001931, -0.1805726788026706, 0.1271371698807942, 0.17024811676100463, -0.09121780943396028, -0.01442054488801533, -0.09458685950902712], [-2.1446461255226126, 1.0625029615447572, 0.08425638581623988, -0.02126253479724033, -0.28425408527863794, 1.1970649854409545, 0.16310815472073126, -0.2559887947675494, 0.1644207732550253, 0.1205315117543371, 0.08264822242919379, 5.347321234277136, 0.1367939837132453, -0.15573511450166078, -0.048446159453020304, -0.0032901576411393644, 0.18999704921235325, -0.046909202148379486, -0.059510971911189314, 0.018897349122583916, 0.13923789612271104, -0.019022242409129086, -0.029840547809082532, 0.10048384097801738, 0.06513351901312751, -0.242993609665998, 0.1607103318156165, -0.09684212935548213], [-1.8716772096996657, 1.0188729235201093, 0.08085214247452997, -0.026251335281477665, -0.2980401553155199, 0.13723628118904332, 1.1430841480576481, -0.24035593553274454, 0.14139404050345908, 0.10216774426407382, 0.06770684595222132, 0.1367939837132453, 5.32786698543099, -0.11057597891244639, -0.015412325808318311, -0.018911184771540277, 0.013170850640750282, 0.14176468323598612, -0.04449888809180459, -0.018179101180444825, -0.002322090188865507, 0.10942555188475268, -0.08751758385464711, -0.05071297412511456, 0.10814853197770173, -0.11664178993146627, 0.15533168945783105, -0.22584500526351853], [2.372614290131163, 1.1897696075900546, 2.240349259560543, 1.2385155645020933, 1.2771622154050193, 1.1508255804641239, 1.1946033592273646, 0.9834629763475013, -0.26123731801440286, -0.10745204316658025, -0.13647908731556616, -0.15573511450166078, -0.11057597891244639, 4.463387786880441, -0.2232100848556345, -0.19621204195516403, -0.29597881647448243, -0.2565716055754573, 1.0353498560585563, -0.08636266333468139, -0.11900428328109268, -0.08192916464138575, 1.0339768681948782, -0.14733069537714005, -0.08167502313287277, 0.959663457038376, -0.11908474492281057, 1.014837966917007], [-1.8533077064311527, 0.01081873493033863, 1.1044928776826342, 1.0069401233003359, -0.2762217619433578, 0.15438530605309064, 0.1777369334458122, -0.07870158370958077, 0.1382016592359043, 0.10362926119083334, -0.0690566727161828, -0.048446159453020304, -0.015412325808318311, -0.2232100848556345, 5.297260471181472, 0.09758589574567739, 0.1642796291176282, 0.12038983353464562, -0.24339693235272117, 0.06181928843226413, 0.13085516256731547, 0.10491314596939413, -0.07584562698532864, -0.06913636993681443, 0.045948914657773426, -0.13262576864798203, -0.0023333161457103958, -0.06689886635063622], [-2.3362012925923112, 0.18472283263362743, 1.1681597459398954, 0.1458000163320509, 0.8078376452361649, 0.35761153171019316, 0.33191595810879243, -0.04667214949737906, 0.13621719897891973, 0.01864755325775247, 0.14001785702112815, -0.0032901576411393644, -0.018911184771540277, -0.19621204195516403, 0.09758589574567739, 5.337918476589738, 0.16495685142100427, 0.1277139291522325, -0.013893709246785284, 0.15605943737209307, 0.01432384409996802, -0.010614696793829856, -0.21384206067042508, 0.1525176025624893, 0.20705195754718064, -0.11928688893068515, 0.002162569999795612, -0.08899133337134273], [-2.5167086741876727, -0.00872702275309023, 1.2126564135081004, -0.02150598981158194, -0.32686083654994325, 1.2451623530409464, 0.17028198500294128, -0.07591917787579412, 0.2063099355200775, 0.028607320289022124, 0.01317446083759121, 0.18999704921235325, 0.013170850640750282, -0.29597881647448243, 0.1642796291176282, 0.16495685142100427, 5.381176256798235, 0.18173471521523168, -0.0472718245274275, 0.054812525836841035, 0.16695333865779466, 0.021671413279055547, -0.03822346116342657, 0.14456098633995954, 0.09285436068621192, -0.27872695387829993, 0.18893196778331733, -0.0920712363486975], [-1.8435876830024824, -0.05979116709853183, 1.1205689148267555, -0.06379810182548758, -0.35766621433183515, 0.0686016914747096, 1.1441612718752698, -0.08262448438708923, 0.15379208675652445, -0.011765765008865298, -0.08623227017743779, -0.046909202148379486, 0.14176468323598612, -0.2565716055754573, 0.12038983353464562, 0.1277139291522325, 0.18173471521523168, 5.315835917210521, -0.048644497251512424, -0.03533421786394063, -0.019338097133346294, 0.11447813667277391, -0.1214954318291807, -0.09501693068600998, 0.12786327355898788, -0.14046557625643832, 0.17301903134009539, -0.24155967466550735], [1.901917166731382, 1.3096617857856583, 1.301766874885649, 2.362257759467755, 1.3596669184729264, 1.2889502472625312, 1.3278814510306958, 1.0482617219246404, -0.033943357078000246, -0.2291073643870333, -0.027772443432983424, -0.059510971911189314, -0.04449888809180459, 1.0353498560585563, -0.24339693235272117, -0.013893709246785284, -0.0472718245274275, -0.048644497251512424, 4.4627365262804535, -0.17057439386350212, -0.2619828615639813, -0.24188953300449081, 1.1033065507339208, -0.04608168841493575, -3.547108771136207e-05, 1.0102450156750578, -0.05312638732661399, 1.0393496335386045], [-2.098573405521503, 0.24180540357931327, 0.3394656785862243, 1.0399697152868295, 0.7865316986728187, 0.41013824607398724, 0.3840191447696388, -0.008994988452187809, 0.050409119458423655, 0.04832767035272123, 0.11132981277601256, 0.018897349122583916, -0.018179101180444825, -0.08636266333468139, 0.06181928843226413, 0.15605943737209307, 0.054812525836841035, -0.03533421786394063, -0.17057439386350212, 5.262415094733487, 0.0824927768829262, 0.06222805357516343, -0.17296561327353885, 0.12887805625819465, 0.17431603738298426, -0.08183042433338295, 0.00586481876755631, -0.07684885030075277], [-2.0552093854174203, 0.020470714040216262, 0.11190006458790154, 1.0336946338495516, -0.2769001493639795, 1.1637774787147477, 0.17373697366132845, -0.05700779349336205, 0.019838839163993708, 0.12173454446579914, -0.006114978697912227, 0.13923789612271104, -0.002322090188865507, -0.11900428328109268, 0.13085516256731547, 0.01432384409996802, 0.16695333865779466, -0.019338097133346294, -0.2619828615639813, 0.0824927768829262, 5.3296758129278645, 0.12457111818486603, -0.037499800071809294, 0.09649551454406567, 0.062041878729725074, -0.22699432995440597, 0.14747373948120224, -0.08428831041532865], [-1.6929255473852483, 0.001302169170021027, 0.09952405027964915, 0.9820595157033991, -0.293511669844108, 0.1308658357510345, 1.0996569870246558, -0.0533268487053361, 0.027178090817186033, 0.09777543149378325, -0.06198826555001931, -0.019022242409129086, 0.10942555188475268, -0.08192916464138575, 0.10491314596939413, -0.010614696793829856, 0.021671413279055547, 0.11447813667277391, -0.24188953300449081, 0.06222805357516343, 0.12457111818486603, 5.304357190470281, -0.10134955618754572, -0.0679066974972806, 0.09656169601225353, -0.11114821155895484, 0.13965358274033635, -0.2052143240113287], [1.6653111615933722, 1.5036042359078539, 1.5170014053213696, 1.5440859330071293, 2.390553957180603, 1.4976149089389932, 1.5529593372982051, 1.109545630097823, -0.03528417376302954, -0.029383881506088064, -0.1805726788026706, -0.029840547809082532, -0.08751758385464711, 1.0339768681948782, -0.07584562698532864, -0.21384206067042508, -0.03822346116342657, -0.1214954318291807, 1.1033065507339208, -0.17296561327353885, -0.037499800071809294, -0.10134955618754572, 4.641497050502291, -0.21901355369221046, -0.22735629090839915, 1.061025723660007, -0.0777931500015738, 1.0167661508072152], [-1.977403900436026, 0.12199681405869411, 0.2050408971180944, 0.08044355558759606, 0.8000191369037275, 1.1585063920698508, 0.2471450819489512, -0.04004982707893551, -0.009884303196459394, -0.012782370424675806, 0.1271371698807942, 0.10048384097801738, -0.05071297412511456, -0.14733069537714005, -0.06913636993681443, 0.1525176025624893, 0.14456098633995954, -0.09501693068600998, -0.04608168841493575, 0.12887805625819465, 0.09649551454406567, -0.0679066974972806, -0.21901355369221046, 5.300880419469976, 0.1754704749465164, -0.17411875190564968, 0.13436160413123494, -0.11856436723683163], [-2.444635332799942, 0.18421454126439996, 0.281451314110527, 0.14180038916603027, 0.8053386633891779, 0.35713379687221597, 1.2019350367701178, -0.0009862468377420288, 0.1051434549489734, 0.08016736673047706, 0.17024811676100463, 0.06513351901312751, 0.10814853197770173, -0.08167502313287277, 0.045948914657773426, 0.20705195754718064, 0.09285436068621192, 0.12786327355898788, -3.547108771136207e-05, 0.17431603738298426, 0.062041878729725074, 0.09656169601225353, -0.22735629090839915, 0.1754704749465164, 5.362271421408178, -0.08952488558414406, 0.14580969020981635, -0.19187663116801898], [2.357731432563352, 1.1689593608128612, 1.1449896300573728, 1.2138953249549995, 1.2582081589687617, 2.216842783119736, 1.1663727910398838, 0.9979206220170339, -0.13481977304363488, -0.10503708535087895, -0.09121780943396028, -0.242993609665998, -0.11664178993146627, 0.959663457038376, -0.13262576864798203, -0.11928688893068515, -0.27872695387829993, -0.14046557625643832, 1.0102450156750578, -0.08183042433338295, -0.22699432995440597, -0.11114821155895484, 1.061025723660007, -0.17411875190564968, -0.08952488558414406, 4.444333602669923, -0.2649456782878241, 0.9848271601068851], [-2.15275328934934, -0.03237106008408199, 0.04921255873842095, -0.05989951275407, -0.349639829123635, 1.192233671022467, 1.1915864192804915, -0.060703168482617975, 0.03373835150763096, 0.021344332598003765, -0.01442054488801533, 0.1607103318156165, 0.15533168945783105, -0.11908474492281057, -0.0023333161457103958, 0.002162569999795612, 0.18893196778331733, 0.17301903134009539, -0.05312638732661399, 0.00586481876755631, 0.14747373948120224, 0.13965358274033635, -0.0777931500015738, 0.13436160413123494, 0.14580969020981635, -0.2649456782878241, 5.351726294645264, -0.2670679528457616], [2.2837154498352485, 1.1929184802358683, 1.1726341006932626, 1.2373941002558257, 1.2724525557070432, 1.148868873324729, 2.2473929167994076, 1.0189633465481536, -0.07356546067561535, -0.06403635197055738, -0.09458685950902712, -0.09684212935548213, -0.22584500526351853, 1.014837966917007, -0.06689886635063622, -0.08899133337134273, -0.0920712363486975, -0.24155967466550735, 1.0393496335386045, -0.07684885030075277, -0.08428831041532865, -0.2052143240113287, 1.0167661508072152, -0.11856436723683163, -0.19187663116801898, 0.9848271601068851, -0.2670679528457616, 4.452619692785706]]",
    "monomial_list": "[1, x6, x5, x4, x3, x2, x1, x6**2, x5*x6, x4*x6, x3*x6, x2*x6, x1*x6, x5**2, x4*x5, x3*x5, x2*x5, x1*x5, x4**2, x3*x4, x2*x4, x1*x4, x3**2, x2*x3, x1*x3, x2**2, x1*x2, x1**2]"
}