{
    "name": "Multiplier-3",
    "rational_expression": "53*x1**2/200 + 391*x1*x2/50000 - 597*x1*x3/10000 + 109*x1*x4/10000 + 47*x1*x5/5000 + 199*x1*x6/100000 - 149*x1/5000 + 33*x2**2/125 - 127*x2*x3/2000 + x2*x4/100 + 949*x2*x5/100000 + 11*x2*x6/4000 - 41*x2/1250 + 319*x3**2/1000 - 159*x3*x4/2500 - 287*x3*x5/5000 - 73*x3*x6/1000 + 219*x3/1000 + 67*x4**2/250 + 27*x4*x5/3125 + x4*x6/80 - 173*x4/5000 + 267*x5**2/1000 + 477*x5*x6/50000 - 173*x5/10000 + 51*x6**2/200 - x6/20 + 149/500",
    "Q": "[[0.29810150028767934, -0.02516552880441415, -0.008776232815906577, -0.017187372131725512, 0.10927052200822278, -0.01650593835375403, -0.014832080627964159], [-0.02516552880441415, 0.2548610988142276, 0.004671973540552687, 0.006308588082812595, -0.03647489285780595, 0.0014084212588712094, 0.0009882778860645259], [-0.008776232815906577, 0.004671973540552687, 0.26723463567308453, 0.004364307352317304, -0.028708039381311203, 0.004629521392436003, 0.004758667222424186], [-0.017187372131725512, 0.006308588082812595, 0.004364307352317304, 0.26820804526155717, -0.03164579874624176, 0.005027227762056668, 0.005319183904937721], [0.10927052200822278, -0.03647489285780595, -0.028708039381311203, -0.03164579874624176, 0.3187415210020547, -0.031725133738569666, -0.029897083613773953], [-0.01650593835375403, 0.0014084212588712094, 0.004629521392436003, 0.005027227762056668, -0.031725133738569666, 0.26454924144217556, 0.003918586718184517], [-0.014832080627964159, 0.0009882778860645259, 0.004758667222424186, 0.005319183904937721, -0.029897083613773953, 0.003918586718184517, 0.26542437339831215]]",
    "monomial_list": "[1, x6, x5, x4, x3, x2, x1]"
}