{
    "name": "Multiplier-2",
    "rational_expression": "267*x1**2/1000 - 611*x1*x2/10000 + 179*x1*x3/25000 + 833*x1*x4/100000 + 737*x1*x5/100000 - 51*x1*x6/50000 - 229*x1/10000 + 81*x2**2/250 - 359*x2*x3/5000 - 329*x2*x4/5000 - 603*x2*x5/10000 - 737*x2*x6/10000 + 28*x2/125 + 267*x3**2/1000 + 21*x3*x4/2500 + 663*x3*x5/100000 + 23*x3*x6/12500 - 429*x3/10000 + 27*x4**2/100 + 733*x4*x5/100000 + 933*x4*x6/100000 - 163*x4/5000 + 269*x5**2/1000 + 311*x5*x6/50000 - 3*x5/125 + 32*x6**2/125 - 383*x6/10000 + 143/500",
    "Q": "[[0.2864346658023834, -0.019131805047460215, -0.011987224741725346, -0.01635322946066987, -0.021397273010302115, 0.11228281719266667, -0.011549889074559403], [-0.019131805047460215, 0.2560831173863132, 0.0031623305595957956, 0.004592150084872651, 0.0009327742617865432, -0.036850529709442165, -0.00043683727975830894], [-0.011987224741725346, 0.0031623305595957956, 0.26876985365586076, 0.003586048356743377, 0.0032160059372278445, -0.030160046491761, 0.003791334092909415], [-0.01635322946066987, 0.004592150084872651, 0.003586048356743377, 0.26966700639288604, 0.004276324825536203, -0.0328211001260823, 0.004069494185993709], [-0.021397273010302115, 0.0009327742617865432, 0.0032160059372278445, 0.004276324825536203, 0.26672023545434986, -0.03579184162057274, 0.0035568980018500247], [0.11228281719266667, -0.036850529709442165, -0.030160046491761, -0.0328211001260823, -0.03579184162057274, 0.3240580243171798, -0.030605969806177677], [-0.011549889074559403, -0.00043683727975830894, 0.003791334092909415, 0.004069494185993709, 0.0035568980018500247, -0.030605969806177677, 0.26708123572763803]]",
    "monomial_list": "[1, x6, x5, x4, x3, x2, x1]"
}