{
    "name": "Multiplier-6",
    "rational_expression": "69*x1**2/250 + 21*x1*x2/1000 + 121*x1*x3/5000 + 27*x1*x4/1250 + 19*x1*x5/1000 - 223*x1*x6/5000 - 39*x1/2500 + 277*x2**2/1000 + 69*x2*x3/2500 + 51*x2*x4/2000 + 219*x2*x5/10000 - 477*x2*x6/10000 - 29*x2/1000 + 281*x3**2/1000 + 299*x3*x4/10000 + 123*x3*x5/5000 - 107*x3*x6/2000 - 237*x3/5000 + 279*x4**2/1000 + 219*x4*x5/10000 - 527*x4*x6/10000 - 519*x4/10000 + 69*x5**2/250 - 479*x5*x6/10000 - 173*x5/5000 + 42*x6**2/125 + 247*x6/1000 + 279/1000",
    "Q": "[[0.2787632292902371, 0.12317172482101615, -0.017383355661342866, -0.025965179348777994, -0.023641514464499854, -0.014460236699041232, -0.007769758563007661], [0.12317172482101615, 0.33498537067617606, -0.023970788399240182, -0.026249677388618584, -0.026582203025674565, -0.02379655064472612, -0.022248847722251473], [-0.017383355661342866, -0.023970788399240182, 0.2757893158600258, 0.011037971999086996, 0.012162609024196858, 0.011030317355455637, 0.009416463330128617], [-0.025965179348777994, -0.026249677388618584, 0.011037971999086996, 0.27955102034095436, 0.0150598438653305, 0.01276091199814598, 0.01079290852687975], [-0.023641514464499854, -0.026582203025674565, 0.012162609024196858, 0.0150598438653305, 0.28058885466417355, 0.013806810158299144, 0.012209808948280623], [-0.014460236699041232, -0.02379655064472612, 0.011030317355455637, 0.01276091199814598, 0.013806810158299144, 0.2770933771677294, 0.01049713097916054], [-0.007769758563007661, -0.022248847722251473, 0.009416463330128617, 0.01079290852687975, 0.012209808948280623, 0.01049713097916054, 0.2752589808727554]]",
    "monomial_list": "[1, x6, x5, x4, x3, x2, x1]"
}