{
    "name": "Multiplier-1",
    "rational_expression": "41*x1**2/125 - 319*x1*x2/5000 - 707*x1*x3/10000 - 13*x1*x4/200 - 299*x1*x5/5000 - 687*x1*x6/10000 + 231*x1/1000 + 267*x2**2/1000 + 91*x2*x3/20000 + 671*x2*x4/100000 + 623*x2*x5/100000 - 11*x2*x6/62500 - 31*x2/1250 + 267*x3**2/1000 + 757*x3*x4/100000 + 289*x3*x5/50000 + 59*x3*x6/62500 - 83*x3/2000 + 27*x4**2/100 + 651*x4*x5/100000 + 83*x4*x6/10000 - 3*x4/100 + 269*x5**2/1000 + 589*x5*x6/100000 - 201*x5/10000 + 259*x6**2/1000 - 201*x6/10000 + 36/125",
    "Q": "[[0.28761619447538445, -0.01016441593182908, -0.010052427359341263, -0.014820562035743222, -0.0206542480493573, -0.012428663678294113, 0.11544679677073676], [-0.01016441593182908, 0.2592070703921481, 0.0029008624795403763, 0.004174032027473452, 0.0005371126783517305, -0.00019781374741402577, -0.03437215776273409], [-0.010052427359341263, 0.0029008624795403763, 0.26940275748183423, 0.003139525755394481, 0.002747405993820718, 0.0032222838662280557, -0.029767361838504196], [-0.014820562035743222, 0.004174032027473452, 0.003139525755394481, 0.2701803107342833, 0.0037929829240541117, 0.0033023718603758185, -0.032518356111185906], [-0.0206542480493573, 0.0005371126783517305, 0.002747405993820718, 0.0037929829240541117, 0.26716772392788757, 0.0022379259094866986, -0.03536265674856588], [-0.012428663678294113, -0.00019781374741402577, 0.0032222838662280557, 0.0033023718603758185, 0.0022379259094866986, 0.2665549718220558, -0.03196034412298214], [0.11544679677073676, -0.03437215776273409, -0.029767361838504196, -0.032518356111185906, -0.03536265674856588, -0.03196034412298214, 0.32841299712944805]]",
    "monomial_list": "[1, x6, x5, x4, x3, x2, x1]"
}