{
    "name": "Multiplier-4",
    "rational_expression": "133*x1**2/500 + 131*x1*x2/20000 + 171*x1*x3/20000 - 289*x1*x4/5000 + 867*x1*x5/100000 + 193*x1*x6/1000000 - 39*x1/2500 + 53*x2**2/200 + 339*x2*x3/50000 - 607*x2*x4/10000 + 871*x2*x5/100000 + 39*x2*x6/25000 - x2/50 + 267*x3**2/1000 - 669*x3*x4/10000 + 723*x3*x5/100000 + 503*x3*x6/100000 - 159*x3/5000 + 13*x4**2/40 - 111*x4*x5/2000 - 693*x4*x6/10000 + 237*x4/1000 + 67*x5**2/250 + 847*x5*x6/100000 - 219*x5/50000 + 32*x6**2/125 - 487*x6/10000 + 39/125",
    "Q": "[[0.31161482004618224, -0.024262475996439076, -0.0022696719330134365, 0.11796619608728777, -0.015847623440641823, -0.010091687743202096, -0.007710274712271569], [-0.024262475996439076, 0.2557955007429194, 0.00421760165819641, -0.03464171538744675, 0.002420595158020366, 0.0008470400120728301, 0.0001592552636814963], [-0.0022696719330134365, 0.00421760165819641, 0.26812114247696966, -0.027859201622643964, 0.003581053694985844, 0.004230878476211583, 0.0043466277726429674], [0.11796619608728777, -0.03464171538744675, -0.027859201622643964, 0.3248621669551573, -0.033328264247872615, -0.030499129739934832, -0.028855347099036244], [-0.015847623440641823, 0.002420595158020366, 0.003581053694985844, -0.033328264247872615, 0.26610517246556004, 0.0034152174179220393, 0.004182496681653165], [-0.010091687743202096, 0.0008470400120728301, 0.004230878476211583, -0.030499129739934832, 0.0034152174179220393, 0.2650757046553919, 0.0031990567450566765], [-0.007710274712271569, 0.0001592552636814963, 0.0043466277726429674, -0.028855347099036244, 0.004182496681653165, 0.0031990567450566765, 0.26597031110156155]]",
    "monomial_list": "[1, x6, x5, x4, x3, x2, x1]"
}