{
    "name": "Multiplier-5",
    "rational_expression": "269*x1**2/1000 + 297*x1*x2/50000 + 419*x1*x3/50000 + 43*x1*x4/5000 - 36*x1*x5/625 + 93*x1*x6/125000 - 69*x1/5000 + 267*x2**2/1000 + 657*x2*x3/100000 + 26*x2*x4/3125 - 61*x2*x5/1000 + 13*x2*x6/6250 - 191*x2/10000 + 269*x3**2/1000 + 37*x3*x4/4000 - 651*x3*x5/10000 + 73*x3*x6/12500 - 43*x3/2000 + 271*x4**2/1000 - 611*x4*x5/10000 + 121*x4*x6/10000 - 63*x4/5000 + 331*x5**2/1000 - 663*x5*x6/10000 + 6*x5/25 + 13*x6**2/50 - 323*x6/10000 + 299/1000",
    "Q": "[[0.2994105938736746, -0.0160831042643711, 0.12009431953875523, -0.006338751360764294, -0.010635235677970086, -0.009509102600649801, -0.006826388831401288], [-0.0160831042643711, 0.2595533355797605, -0.03305897474906821, 0.005946209264279648, 0.0029332924158194072, 0.0009564551106033077, 0.00024576677545176765], [0.12009431953875523, -0.03305897474906821, 0.33083322419878136, -0.03045594759810961, -0.03244291470109673, -0.030320972589205117, -0.028708576480918097], [-0.006338751360764294, 0.005946209264279648, -0.03045594759810961, 0.2710029435845569, 0.0045882104908203615, 0.004086954612752195, 0.00433766937661897], [-0.010635235677970086, 0.0029332924158194072, -0.03244291470109673, 0.0045882104908203615, 0.26888745453607515, 0.0033725965860889897, 0.00410620538355421], [-0.009509102600649801, 0.0009564551106033077, -0.030320972589205117, 0.004086954612752195, 0.0033725965860889897, 0.2671561601214841, 0.0029571385194502543], [-0.006826388831401288, 0.00024576677545176765, -0.028708576480918097, 0.00433766937661897, 0.00410620538355421, 0.0029571385194502543, 0.2681060744694204]]",
    "monomial_list": "[1, x6, x5, x4, x3, x2, x1]"
}