{
    "name": "Total Decomposition",
    "rational_expression": "3283*x1**4/10000 - 6391*x1**3*x2/100000 - 883*x1**3*x3/12500 - 1621*x1**3*x4/25000 - 5949*x1**3*x5/100000 - 341*x1**3*x6/5000 - 4263*x1**3/10000 + 5343*x1**2*x2**2/10000 + 2067*x1**2*x2*x3/500000 + 743*x1**2*x2*x4/125000 + 263*x1**2*x2*x5/40000 - 739*x1**2*x2*x6/2000000 - 539*x1**2*x2/1250 + 333*x1**2*x3**2/625 + 7921*x1**2*x3*x4/1000000 + 1237*x1**2*x3*x5/250000 + 1083*x1**2*x3*x6/1000000 - 4297*x1**2*x3/10000 + 5361*x1**2*x4**2/10000 + 3169*x1**2*x4*x5/500000 + 7627*x1**2*x4*x6/1000000 - 4311*x1**2*x4/10000 + 2683*x1**2*x5**2/5000 + 5909*x1**2*x5*x6/1000000 - 4377*x1**2*x5/10000 + 1069*x1**2*x6**2/2000 - 271*x1**2*x6/625 + 121*x1**2/100 - 3061*x1*x2**3/50000 + 7109*x1*x2**2*x3/1000000 + 1037*x1*x2**2*x4/125000 + 7301*x1*x2**2*x5/1000000 - 8503*x1*x2**2*x6/10000000 - 4343*x1*x2**2/10000 + 757*x1*x2*x3**2/100000 - 2017*x1*x2*x3*x4/10000000 + 713*x1*x2*x3*x5/5000000 + 2079*x1*x2*x3*x6/10000000 - 99*x1*x2*x3/2500 + 1393*x1*x2*x4**2/200000 + 993*x1*x2*x4*x5/2500000 + 103*x1*x2*x4*x6/500000 - 1049*x1*x2*x4/25000 + 6243*x1*x2*x5**2/1000000 - 103*x1*x2*x5*x6/400000 - 521*x1*x2*x5/12500 + 2137*x1*x2*x6**2/100000 - 4063*x1*x2*x6/100000 + 1397*x1*x2/10000 - 2999*x1*x3**3/50000 + 511*x1*x3**2*x4/50000 + 9779*x1*x3**2*x5/1000000 + 2169*x1*x3**2*x6/1000000 - 278*x1*x3**2/625 + 4437*x1*x3*x4**2/500000 + 8583*x1*x3*x4*x5/100000000 - 2213*x1*x3*x4*x6/10000000 - 5327*x1*x3*x4/100000 + 8277*x1*x3*x5**2/1000000 + 3233*x1*x3*x5*x6/10000000 - 119*x1*x3*x5/2500 + 2437*x1*x3*x6**2/100000 - 111*x1*x3*x6/2000 + 1991*x1*x3/25000 - 5779*x1*x4**3/100000 + 9001*x1*x4**2*x5/1000000 + 961*x1*x4**2*x6/1000000 - 4413*x1*x4**2/10000 + 4461*x1*x4*x5**2/500000 - 1049*x1*x4*x5*x6/50000000 - 4773*x1*x4*x5/100000 + 2103*x1*x4*x6**2/100000 - 757*x1*x4*x6/12500 + 2359*x1*x4/10000 - 5751*x1*x5**3/100000 + 129*x1*x5**2*x6/125000 - 2187*x1*x5**2/5000 + 483*x1*x5*x6**2/25000 - 5107*x1*x5*x6/100000 + 241*x1*x5/1000 - 441*x1*x6**3/10000 - 1113*x1*x6**2/2500 - 3631*x1*x6/50000 + 249*x1/10000 + 649*x2**4/2000 - 7161*x2**3*x3/100000 - 821*x2**3*x4/12500 - 1197*x2**3*x5/20000 - 1849*x2**3*x6/25000 - 4233*x2**3/10000 + 2657*x2**2*x3**2/5000 + 8883*x2**2*x3*x4/1000000 + 6921*x2**2*x3*x5/1000000 + 2029*x2**2*x3*x6/1000000 - 2143*x2**2*x3/5000 + 2677*x2**2*x4**2/5000 + 7599*x2**2*x4*x5/1000000 + 8677*x2**2*x4*x6/1000000 - 541*x2**2*x4/1250 + 2679*x2**2*x5**2/5000 + 5519*x2**2*x5*x6/1000000 - 4379*x2**2*x5/10000 + 2667*x2**2*x6**2/5000 - 891*x2**2*x6/2000 + 47*x2**2/40 - 199*x2*x3**3/3125 + 2413*x2*x3**2*x4/250000 + 891*x2*x3**2*x5/100000 + 2447*x2*x3**2*x6/1000000 - 4383*x2*x3**2/10000 + 471*x2*x3*x4**2/62500 + 323*x2*x3*x4*x5/1250000 + 2289*x2*x3*x4*x6/10000000 - 5267*x2*x3*x4/100000 + 6817*x2*x3*x5**2/1000000 + 2689*x2*x3*x5*x6/10000000 - 4567*x2*x3*x5/100000 + 1379*x2*x3*x6**2/50000 - 1633*x2*x3*x6/25000 + 799*x2*x3/12500 - 763*x2*x4**3/12500 + 2203*x2*x4**2*x5/250000 + 219*x2*x4**2*x6/125000 - 547*x2*x4**2/1250 + 4269*x2*x4*x5**2/500000 + 309*x2*x4*x5*x6/4000000 - 2493*x2*x4*x5/50000 + 311*x2*x4*x6**2/12500 - 143*x2*x4*x6/2000 + 129*x2*x4/625 - 757*x2*x5**3/12500 + 2111*x2*x5**2*x6/1000000 - 2179*x2*x5**2/5000 + 9*x2*x5*x6**2/400 - 3067*x2*x5*x6/50000 + 2037*x2*x5/10000 - 951*x2*x6**3/20000 - 1117*x2*x6**2/2500 - 277*x2*x6/1250 + 1429*x2/50000 + 1597*x3**4/5000 - 6293*x3**3*x4/100000 - 5757*x3**3*x5/100000 - 1459*x3**3*x6/20000 - 4191*x3**3/10000 + 5339*x3**2*x4**2/10000 + 4081*x3**2*x4*x5/500000 + 1227*x3**2*x4*x6/100000 - 1099*x3**2*x4/2500 + 5363*x3**2*x5**2/10000 + 9183*x3**2*x5*x6/1000000 - 4407*x3**2*x5/10000 + 1071*x3**2*x6**2/2000 - 233*x3**2*x6/500 + 1143*x3**2/1000 - 208*x3*x4**3/3125 + 7567*x3*x4**2*x5/1000000 + 5589*x3*x4**2*x6/1000000 - 4361*x3*x4**2/10000 + 9427*x3*x4*x5**2/1000000 + 329*x3*x4*x5*x6/5000000 - 2561*x3*x4*x5/50000 + 61*x3*x4*x6**2/2000 - 9621*x3*x4*x6/100000 + 257*x3*x4/1250 - 6483*x3*x5**3/100000 + 5807*x3*x5**2*x6/1000000 - 1063*x3*x5**2/2500 + 617*x3*x5*x6**2/25000 - 1981*x3*x5*x6/25000 + 1257*x3*x5/5000 - 1051*x3*x6**3/20000 - 2257*x3*x6**2/5000 - 89*x3*x6/250 + 479*x3/2500 + 3253*x4**4/10000 - 5557*x4**3*x5/100000 - 3453*x4**3*x6/50000 - 1037*x4**3/2500 + 2693*x4**2*x5**2/5000 + 1679*x4**2*x5*x6/200000 - 1089*x4**2*x5/2500 + 669*x4**2*x6**2/1250 - 1171*x4**2*x6/2500 + 643*x4**2/500 - 3041*x4*x5**3/50000 + 237*x4*x5**2*x6/20000 - 4273*x4*x5**2/10000 + 68*x4*x5*x6**2/3125 - 8381*x4*x5*x6/100000 + 201*x4*x5/500 - 2623*x4*x6**3/50000 - 4581*x4*x6**2/10000 - 2999*x4*x6/10000 + 149*x4/400 + 827*x5**4/2500 - 6599*x5**3*x6/100000 - 1053*x5**3/2500 + 5351*x5**2*x6**2/10000 - 4509*x5**2*x6/10000 + 129*x5**2/100 - 597*x5*x6**3/12500 - 4587*x5*x6**2/10000 - 1839*x5*x6/10000 + 1047*x5/5000 + 67*x6**4/200 - 849*x6**3/2000 + 9613*x6**2/10000 - 306*x6/625 + 887/500",
    "Q": "[[1.773526078713382, -0.2447804969379063, 0.10423629354961111, 0.185909745569507, 0.09569064118971476, 0.013840901933746118, 0.012114005363412422, 0.07910638786778372, -0.18274608067529285, -0.21609831192068013, -0.2376985708504767, -0.19918831421955954, -0.15484391137240763, 0.16579621886456022, -0.08810688170214108, -0.11167825990940543, -0.11764370663684086, -0.10866379632316397, 0.15516982821508152, -0.13385991639551295, -0.12190551695696013, -0.1151784861352762, 0.12726706358294376, -0.14931585872803974, -0.14624707125602152, 0.14500999947974744, -0.12285388568244285, 0.1545828642977976], [-0.2447804969379063, 0.8015818648640578, 0.09047158304472129, 0.06622098231317436, 0.06005555597365216, 0.08810366012387814, 0.11837743087898962, -0.21181364585403956, -0.0815780846554627, -0.08379889518568814, -0.09199696367631874, -0.08809371208464944, -0.08327896455684347, -0.08724787393905428, 0.03431215524880921, 0.032474890129127354, 0.02731301300115005, 0.02441660753554545, -0.08203865205035085, 0.03624906707526284, 0.031925595899079146, 0.028642431130555368, -0.08540074871252158, 0.028596023538963795, 0.026051458143997744, -0.0892457733298781, 0.023481301881782574, -0.09101242304834124], [0.10423629354961111, 0.09047158304472129, 0.9602036023116235, 0.28912099190319024, 0.2378528638108711, 0.21849137277847472, 0.22874744950595421, -0.14741702978604235, -0.13850659668608822, -0.03790674768483724, -0.04798301861913474, -0.04013583380474644, -0.027913845716919794, -0.21073890465890832, -0.1099200388072019, -0.11707322425174684, -0.11683516398746574, -0.11381952210445279, -0.10781479545150029, -0.012977855863362002, -0.011610175304228705, -0.011518824806968374, -0.11468413376330334, -0.018981040117700642, -0.019689739527854862, -0.11390480691667454, -0.015375795429838631, -0.11289195616667784], [0.185909745569507, 0.06622098231317436, 0.28912099190319024, 0.976972381205773, 0.2354281657419848, 0.2251096422690762, 0.23331369136685415, -0.14546243012765625, -0.03880897340709617, -0.15249141351103124, -0.05582426795097978, -0.04732385727232559, -0.03340738984879179, -0.10362795983319571, -0.10973941681966509, -0.014350677097664652, -0.019499417403636733, -0.01810171747848783, -0.20689597086675102, -0.12454390240131069, -0.12006598268603584, -0.1173980265202232, -0.10931437290380698, -0.02449288301379259, -0.024934406470897355, -0.10915936894953451, -0.021061555060977084, -0.10769738261665278], [0.09569064118971476, 0.06005555597365216, 0.2378528638108711, 0.2354281657419848, 0.8881893915322786, 0.1811728928124234, 0.18551573037340446, -0.1333412435499434, -0.024027621471134304, -0.028002853336609925, -0.14740384903931159, -0.031258834504336364, -0.019705396492949254, -0.09591081769599576, 0.0022613898847815028, -0.10556347482493555, -0.007001584341269228, -0.005832213185238173, -0.09285523780402691, -0.1106865741998703, -0.003324224836745007, -0.0028400776646560918, -0.2094709989927154, -0.11582594767769819, -0.11402279462486278, -0.09993523547444152, -0.007730698163821698, -0.0988924835404909], [0.013840901933746118, 0.08810366012387814, 0.21849137277847472, 0.2251096422690762, 0.1811728928124234, 0.8835491109163909, 0.19264415962252357, -0.1348565407101321, -0.017475385247717832, -0.02100194281693257, -0.029633200392544926, -0.1332783494653117, -0.014708971831340968, -0.10080184708951578, 0.007301829816451295, 0.0035463766274676477, -0.10491848496189511, -0.0011924447003436808, -0.09869445196906262, 0.0023795678395041654, -0.10662736491324708, 0.0006640807230483122, -0.10394995865215446, -0.11442759573578005, -0.0053837697950511465, -0.21177520712340306, -0.1070166995046221, -0.1050050044629469], [0.012114005363412422, 0.11837743087898962, 0.22874744950595421, 0.23331369136685415, 0.18551573037340446, 0.19264415962252357, 0.9012507171418902, -0.13920016895268822, -0.021628946988865732, -0.025487432917837543, -0.03381646067644606, -0.02849728995440595, -0.12566665822966058, -0.10499247124582942, 0.0059728964761440965, 0.002297395513498572, -0.003373272826992643, -0.10573182198395878, -0.10278186472714469, 0.0011851571142696778, -0.0007443712449241037, -0.10805677829716258, -0.10818284270232296, -0.006312353300159927, -0.11646082440893282, -0.10987622177852371, -0.11058420669589773, -0.21296620035759664], [0.07910638786778372, -0.21181364585403956, -0.14741702978604235, -0.14546243012765625, -0.1333412435499434, -0.1348565407101321, -0.13920016895268822, 0.3349853706761768, -0.023970788399240096, -0.026249677388619507, -0.02658220302567132, -0.0237965506447267, -0.022248847722252326, 0.07474428099725872, -0.007033266884398457, -0.00646358348444823, -0.0026625901196230084, -0.0003669680126826093, 0.07181350857196345, -0.007771611012662213, -0.005414673620546341, -0.00247277521984463, 0.07043340048229356, -0.005056012032773944, -0.0008794069468323722, 0.07428156837406566, 7.299491337462063e-06, 0.07824748226894822], [-0.18274608067529285, -0.0815780846554627, -0.13850659668608822, -0.03880897340709617, -0.024027621471134304, -0.017475385247717832, -0.021628946988865732, -0.023970788399240096, 0.3858540894441511, 0.018071238883485226, 0.0186261925086439, 0.013692907475078047, 0.009783431342810924, -0.03305897474906816, 0.006547461022826025, 0.005065013998643412, 0.004010087113856483, 0.0032218414753008872, -0.0005700734004356699, 0.0016471939120882453, 0.0009815656792085932, 0.001797445733108334, 6.390934025851195e-05, 0.0018910423635589793, 0.003581915686996582, -0.0012066011324504346, 0.0018353667384062805, -1.1684570556459704e-05], [-0.21609831192068013, -0.08379889518568814, -0.03790674768483724, -0.15249141351103124, -0.028002853336609925, -0.02100194281693257, -0.025487432917837543, -0.026249677388619507, 0.018071238883485226, 0.39171950393882954, 0.022831454877991552, 0.018175585618690784, 0.013265683746724932, -0.0006012517585467381, 0.00478767505863213, 0.0014700727828994308, 0.004070874506851797, 0.004249654281372036, -0.03464171538744646, 0.006167549283230246, 0.004238055651292075, 0.003799050725081691, -0.000844049665783497, 0.0034909464962080564, 0.005160019123935401, -0.0006542048746451226, 0.0040626683330764034, 5.5932647486038824e-05], [-0.2376985708504767, -0.09199696367631874, -0.04798301861913474, -0.05582426795097978, -0.14740384903931159, -0.029633200392544926, -0.03381646067644606, -0.02658220302567132, 0.0186261925086439, 0.022831454877991552, 0.39458315251270437, 0.018862822191072732, 0.013089215895111904, -0.002131721582824185, -0.0031172666949872523, 0.0046080642002945486, 0.002105506766572252, 0.002376066661838657, -0.003746954125209858, 0.007152637748596729, -0.0005680058113139721, 0.0003877378134297814, -0.03647489285780592, 0.004600646998088726, 0.005658114406347844, -0.002370612197534232, 0.002002074798890768, -0.001463356283897969], [-0.19918831421955954, -0.08809371208464944, -0.04013583380474644, -0.04732385727232559, -0.031258834504336364, -0.1332783494653117, -0.02849728995440595, -0.0237965506447267, 0.013692907475078047, 0.018175585618690784, 0.018862822191072732, 0.38461335780480116, 0.010489831487823372, -0.003053632003253265, -0.005052440186059655, -0.003996549130131157, 0.004368931692046145, 0.0005730909657185356, -0.0033910156392200153, -0.0029229406848946923, 0.005246354959518193, -0.00028783770100558153, -0.003192225739217482, 0.0033033864593202227, 0.0019076166739196525, -0.03685052970944266, 0.002056270132417629, -0.0003555313704744652], [-0.15484391137240763, -0.08327896455684347, -0.027913845716919794, -0.03340738984879179, -0.019705396492949254, -0.014708971831340968, -0.12566665822966058, -0.022248847722252326, 0.009783431342810924, 0.013265683746724932, 0.013089215895111904, 0.010489831487823372, 0.3779710867258882, -0.0029760746998488837, -0.0060471000144800054, -0.005957982348835312, -0.0024084577041245422, 0.002912547050096375, -0.0036397954613998956, -0.0055477569373654275, -0.0037748306320713847, 0.004118099379987139, -0.00466983652028243, -0.003909691472812378, 0.002000468962248927, -0.0024931074121767767, 0.00015771762306032478, -0.03437215776273425], [0.16579621886456022, -0.08724787393905428, -0.21073890465890832, -0.10362795983319571, -0.09591081769599576, -0.10080184708951578, -0.10499247124582942, 0.07474428099725872, -0.03305897474906816, -0.0006012517585467381, -0.002131721582824185, -0.003053632003253265, -0.0029760746998488837, 0.3308332241987816, -0.03045594759810963, -0.032442914701096885, -0.03032097258920534, -0.028708576480918097, 0.07653667730839493, -0.0010223784661743036, -0.000763480556430059, -0.0002557821035312948, 0.07573255137696798, -0.0014566717912244456, -0.0007913260424163012, 0.07624826931594522, -0.0010118692756305645, 0.07702901298875285], [-0.08810688170214108, 0.03431215524880921, -0.1099200388072019, -0.10973941681966509, 0.0022613898847815028, 0.007301829816451295, 0.0059728964761440965, -0.007033266884398457, 0.006547461022826025, 0.00478767505863213, -0.0031172666949872523, -0.005052440186059655, -0.0060471000144800054, -0.03045594759810963, 0.3860507314436195, 0.005610588956994707, 0.004850435169181842, 0.004593451480150354, -0.027859201622644072, 0.00416420110145658, 0.0036543468154276674, 0.0034776858088762775, -0.0005018895990834215, -0.0010903796073722582, -0.0007194292124595078, -0.0015265196056798206, -0.001781383201284608, -0.0016084579317213513], [-0.11167825990940543, 0.032474890129127354, -0.11707322425174684, -0.014350677097664652, -0.10556347482493555, 0.0035463766274676477, 0.002297395513498572, -0.00646358348444823, 0.005065013998643412, 0.0014700727828994308, 0.0046080642002945486, -0.003996549130131157, -0.005957982348835312, -0.032442914701096885, 0.005610588956994707, 0.38465698745410987, 0.004829268377312808, 0.0048975314259701004, -0.0005831474064707942, 0.004866196951400536, -0.00040547879192618947, -0.0003930148815695706, -0.02870803938131082, 0.003968933527691068, 0.004016364232600324, -0.0022180867950460205, -0.0020141005622099795, -0.002488553424313472], [-0.11764370663684086, 0.02731301300115005, -0.11683516398746574, -0.019499417403636733, -0.007001584341269228, -0.10491848496189511, -0.003373272826992643, -0.0026625901196230084, 0.004010087113856483, 0.004070874506851797, 0.002105506766572252, 0.004368931692046145, -0.0024084577041245422, -0.03032097258920534, 0.004850435169181842, 0.004829268377312808, 0.38342947514433684, 0.003969007795080749, 0.0005765316607837627, 0.0014958583992983401, 0.005112567962423644, 0.0010030946368348845, 0.0006605878647452217, 0.005434092732274401, 0.0013774657769762002, -0.03016004649176074, 0.0038919759173383296, -0.0007168246231502609], [-0.10866379632316397, 0.02441660753554545, -0.11381952210445279, -0.01810171747848783, -0.005832213185238173, -0.0011924447003436808, -0.10573182198395878, -0.0003669680126826093, 0.0032218414753008872, 0.004249654281372036, 0.002376066661838657, 0.0005730909657185356, 0.002912547050096375, -0.028708576480918097, 0.004593451480150354, 0.0048975314259701004, 0.003969007795080749, 0.38345080597263126, 0.0008689419637667178, 0.001112444094029118, 0.0007782885644499046, 0.004747983687115763, 0.0007423029898236114, 0.0006366347852334271, 0.0052359594181343545, -0.00010064182442893182, 0.003939108489378383, -0.02976736183850403], [0.15516982821508152, -0.08203865205035085, -0.10781479545150029, -0.20689597086675102, -0.09285523780402691, -0.09869445196906262, -0.10278186472714469, 0.07181350857196345, -0.0005700734004356699, -0.03464171538744646, -0.003746954125209858, -0.0033910156392200153, -0.0036397954613998956, 0.07653667730839493, -0.027859201622644072, -0.0005831474064707942, 0.0005765316607837627, 0.0008689419637667178, 0.32486216695515785, -0.03332826424787238, -0.030499129739934783, -0.028855347099035866, 0.0739957720084911, -0.0014063799475309343, -0.0008434311906789866, 0.07528180069269046, -0.00045169373825483316, 0.07579820402766427], [-0.13385991639551295, 0.03624906707526284, -0.012977855863362002, -0.12454390240131069, -0.1106865741998703, 0.0023795678395041654, 0.0011851571142696778, -0.007771611012662213, 0.0016471939120882453, 0.006167549283230246, 0.007152637748596729, -0.0029229406848946923, -0.0055477569373654275, -0.0010223784661743036, 0.00416420110145658, 0.004866196951400536, 0.0014958583992983401, 0.001112444094029118, -0.03332826424787238, 0.3863216737090169, 0.004821597365452769, 0.005025927872331617, -0.03164579874624126, 0.005948500147910507, 0.005967679601846429, -0.0021563851380772643, -0.0007313312961465063, -0.002756504630396668], [-0.12190551695696013, 0.031925595899079146, -0.011610175304228705, -0.12006598268603584, -0.003324224836745007, -0.10662736491324708, -0.0007443712449241037, -0.005414673620546341, 0.0009815656792085932, 0.004238055651292075, -0.0005680058113139721, 0.005246354959518193, -0.0037748306320713847, -0.000763480556430059, 0.0036543468154276674, -0.00040547879192618947, 0.005112567962423644, 0.0007782885644499046, -0.030499129739934783, 0.004821597365452769, 0.3841791096617752, 0.003650750483311498, -0.0009212723858546052, 0.006432709963613918, 0.0005929884188856318, -0.03282110012608227, 0.004694775753710497, -0.0015168052475344922], [-0.1151784861352762, 0.028642431130555368, -0.011518824806968374, -0.1173980265202232, -0.0028400776646560918, 0.0006640807230483122, -0.10805677829716258, -0.00247277521984463, 0.001797445733108334, 0.003799050725081691, 0.0003877378134297814, -0.00028783770100558153, 0.004118099379987139, -0.0002557821035312948, 0.0034776858088762775, -0.0003930148815695706, 0.0010030946368348845, 0.004747983687115763, -0.028855347099035866, 0.005025927872331617, 0.003650750483311498, 0.3845542137793996, -0.0006484956969084717, 0.00013834287726112657, 0.006549487554450861, -0.0006252815677162335, 0.0048191771079102155, -0.032518356111185434], [0.12726706358294376, -0.08540074871252158, -0.11468413376330334, -0.10931437290380698, -0.2094709989927154, -0.10394995865215446, -0.10818284270232296, 0.07043340048229356, 6.390934025851195e-05, -0.000844049665783497, -0.03647489285780592, -0.003192225739217482, -0.00466983652028243, 0.07573255137696798, -0.0005018895990834215, -0.02870803938131082, 0.0006605878647452217, 0.0007423029898236114, 0.0739957720084911, -0.03164579874624126, -0.0009212723858546052, -0.0006484956969084717, 0.3187415210020551, -0.03172513373856893, -0.029897083613774907, 0.07391011808831467, -0.001077390253330019, 0.0741346616895283], [-0.14931585872803974, 0.028596023538963795, -0.018981040117700642, -0.02449288301379259, -0.11582594767769819, -0.11442759573578005, -0.006312353300159927, -0.005056012032773944, 0.0018910423635589793, 0.0034909464962080564, 0.004600646998088726, 0.0033033864593202227, -0.003909691472812378, -0.0014566717912244456, -0.0010903796073722582, 0.003968933527691068, 0.005434092732274401, 0.0006366347852334271, -0.0014063799475309343, 0.005948500147910507, 0.006432709963613918, 0.00013834287726112657, -0.03172513373856893, 0.3834492407187784, 0.004995976971514915, -0.035791841620573445, 0.004625295917400524, -0.0024742138536596667], [-0.14624707125602152, 0.026051458143997744, -0.019689739527854862, -0.024934406470897355, -0.11402279462486278, -0.0053837697950511465, -0.11646082440893282, -0.0008794069468323722, 0.003581915686996582, 0.005160019123935401, 0.005658114406347844, 0.0019076166739196525, 0.002000468962248927, -0.0007913260424163012, -0.0007194292124595078, 0.004016364232600324, 0.0013774657769762002, 0.0052359594181343545, -0.0008434311906789866, 0.005967679601846429, 0.0005929884188856318, 0.006549487554450861, -0.029897083613774907, 0.004995976971514915, 0.38432277394602365, -0.001068397915550869, 0.004712139763146981, -0.035362656748566104], [0.14500999947974744, -0.0892457733298781, -0.11390480691667454, -0.10915936894953451, -0.09993523547444152, -0.21177520712340306, -0.10987622177852371, 0.07428156837406566, -0.0012066011324504346, -0.0006542048746451226, -0.002370612197534232, -0.03685052970944266, -0.0024931074121767767, 0.07624826931594522, -0.0015265196056798206, -0.0022180867950460205, -0.03016004649176074, -0.00010064182442893182, 0.07528180069269046, -0.0021563851380772643, -0.03282110012608227, -0.0006252815677162335, 0.07391011808831467, -0.035791841620573445, -0.001068397915550869, 0.32405802431718, -0.03060596980617763, 0.07634459222310959], [-0.12285388568244285, 0.023481301881782574, -0.015375795429838631, -0.021061555060977084, -0.007730698163821698, -0.1070166995046221, -0.11058420669589773, 7.299491337462063e-06, 0.0018353667384062805, 0.0040626683330764034, 0.002002074798890768, 0.002056270132417629, 0.00015771762306032478, -0.0010118692756305645, -0.001781383201284608, -0.0020141005622099795, 0.0038919759173383296, 0.003939108489378383, -0.00045169373825483316, -0.0007313312961465063, 0.004694775753710497, 0.0048191771079102155, -0.001077390253330019, 0.004625295917400524, 0.004712139763146981, -0.03060596980617763, 0.3809470231023556, -0.03196034412298182], [0.1545828642977976, -0.09101242304834124, -0.11289195616667784, -0.10769738261665278, -0.0988924835404909, -0.1050050044629469, -0.21296620035759664, 0.07824748226894822, -1.1684570556459704e-05, 5.5932647486038824e-05, -0.001463356283897969, -0.0003555313704744652, -0.03437215776273425, 0.07702901298875285, -0.0016084579317213513, -0.002488553424313472, -0.0007168246231502609, -0.02976736183850403, 0.07579820402766427, -0.002756504630396668, -0.0015168052475344922, -0.032518356111185434, 0.0741346616895283, -0.0024742138536596667, -0.035362656748566104, 0.07634459222310959, -0.03196034412298182, 0.32841299712944944]]",
    "monomial_list": "[1, x6, x5, x4, x3, x2, x1, x6**2, x5*x6, x4*x6, x3*x6, x2*x6, x1*x6, x5**2, x4*x5, x3*x5, x2*x5, x1*x5, x4**2, x3*x4, x2*x4, x1*x4, x3**2, x2*x3, x1*x3, x2**2, x1*x2, x1**2]"
}