{
    "name": "Total Decomposition",
    "rational_expression": "51*x1**4/100 - 17*x1**3*x2/500 + 383*x1**3/1000 + 51*x1**2*x2**2/50 + 349*x1**2*x2/1000 + 49*x1**2/100 - 333*x1*x2**3/10000 + 349*x1*x2**2/1000 - 53*x1*x2/200 + 457*x1/1000 + 511*x2**4/1000 + 383*x2**3/1000 + 49*x2**2/100 + 457*x2/1000 + 189/200",
    "Q": "[[0.9445901290799369, 0.2289339391091252, 0.22893393910912538, -0.10327414564474567, -0.15267572165914414, -0.10327414564474614], [0.2289339391091252, 0.6963057773266668, 0.02086408958157357, 0.1914385264867471, 0.10554359406723017, 0.06928574894319675], [0.22893393910912538, 0.02086408958157357, 0.6963057773266655, 0.0692857489431962, 0.10554359406723011, 0.1914385264867467], [-0.10327414564474567, 0.1914385264867471, 0.0692857489431962, 0.5105364018617791, -0.016609183476320538, 0.08429572811484184], [-0.15267572165914414, 0.10554359406723017, 0.10554359406723011, -0.016609183476320538, 0.8524813348140804, -0.01660918347632049], [-0.10327414564474614, 0.06928574894319675, 0.1914385264867467, 0.08429572811484184, -0.01660918347632049, 0.5105364018617788]]",
    "monomial_list": "[1, x2, x1, x2**2, x1*x2, x1**2]"
}