{
    "name": "Total Decomposition",
    "rational_expression": "8703*x1**4/5000 - 10843*x1**3*x2/25000 + 39327*x1**3/10000 + 17207*x1**2*x2**2/5000 + 2352*x1**2*x2/625 + 62157*x1**2/10000 - 40311*x1*x2**3/100000 + 40131*x1*x2**2/10000 + 8957*x1*x2/10000 - 5123*x1/2500 + 8641*x2**4/5000 + 20063*x2**3/5000 + 23299*x2**2/5000 - 5713*x2/2500 + 10679/1000",
    "Q": "[[10.678652328234094, -1.139476256978011, -1.0199425081670983, -0.6381945396392726, -1.234377423631929, -0.07210827165733923], [-1.139476256978011, 5.940785866810219, 1.6859077738245825, 2.0084537822867707, 1.0558136730192045, 0.7952022258952435], [-1.0199425081670983, 1.6859077738245825, 6.364510519911307, 0.9511510806902074, 1.0893022343586503, 1.9645033464061028], [-0.6381945396392726, 2.0084537822867707, 0.9511510806902074, 1.7303165410011467, -0.2020671351768783, 0.32875290259365897], [-1.234377423631929, 1.0558136730192045, 1.0893022343586503, -0.2020671351768783, 2.7859748587759157, -0.21582716577020528], [-0.07210827165733923, 0.7952022258952435, 1.9645033464061028, 0.32875290259365897, -0.21582716577020528, 1.7396235290645974]]",
    "monomial_list": "[1, x2, x1, x2**2, x1*x2, x1**2]"
}