{
    "name": "Multiplier-2",
    "rational_expression": "381*x1**4/100 - 1471*x1**3*x2/200 - 531*x1**3/125 + 9943*x1**2*x2**2/1000 + 1697*x1**2*x2/200 + 15*x1**2/8 + 1209*x1*x2**3/1000 + 2959*x1*x2**2/10000 - 7199*x1*x2/1000 - 457*x1/125 + 501*x2**4/200 - 359*x2**3/200 - 1761*x2**2/500 + 51*x2/50 + 1677/500",
    "Q": "[[3.3544638168778156, 0.508489546157714, -1.8282095165471166, -2.3394638825965504, -2.2816172482396144, -0.6035829175063254], [0.508489546157714, 1.1529089122262561, -1.317325330050459, -0.897345280821861, -1.2343704791971148, 0.9071660058503179], [-1.8282095165471166, -1.317325330050459, 3.083094322527576, 1.3848095971956214, 3.33700835709395, -2.125021710975897], [-2.3394638825965504, -0.897345280821861, 1.3848095971956214, 2.5061068490128244, 0.6072060298766347, 0.8240900173430222], [-2.2816172482396144, -1.2343704791971148, 3.33700835709395, 0.6072060298766347, 8.295097014126695, -3.6795408198568893], [-0.6035829175063254, 0.9071660058503179, -2.125021710975897, 0.8240900173430222, -3.6795408198568893, 3.810835522618746]]",
    "monomial_list": "[1, x2, x1, x2**2, x1*x2, x1**2]"
}