{
    "name": "Multiplier-3",
    "rational_expression": "4929*x1**4/250 + 36517*x1**3*x2/100000 - 54777*x1**3/1000000 + 11849*x1**2*x2**2/500 - 66877*x1**2*x2/1000000 + 5371*x1**2/200 + 5583*x1*x2**3/50000 - 1461*x1*x2**2/10000000 + 187*x1*x2/1250 + 9817*x2**4/500 - 6473*x2**3/500000 + 26847*x2**2/1000 - 977*x2/20000 + 25011/1000",
    "Q": "[[25.01127658740646, -0.012539689511610564, -0.0028876547088239344, 3.6227607358282315e-20, 6.633160389753536, 0.06369367150155796, -2.579598874570187e-19, 6.634137875623182, 1.0376281303953052e-17, -9.328896909479317e-05], [-0.012539689511610564, 13.589856755036902, 0.005646239670157486, 3.9836310927393705e-18, 0.001167639490065806, 0.005564484221231436, 8.079367435223807e-17, -0.014039780749750581, 1.5007549560566367e-17, 5.147732765977252e-08], [-0.0028876547088239344, 0.005646239670157486, 13.59821902331364, 1.4400450964298205e-17, 0.004690629194431737, -0.013997354899428674, 5.711972241124992e-17, -0.028593518505829113, 1.6970521922951394e-17, 5.031404290024987e-08], [3.6227607358282315e-20, 3.9836310927393705e-18, 1.4400450964298205e-17, 0.00018657357022043358, 8.972795050396206e-18, -4.806412934754755e-17, -5.147856791469053e-08, -7.472160789001244e-18, -5.0315547932783244e-08, -4.232968255383009e-23], [6.633160389753536, 0.001167639490065806, 0.004690629194431737, 8.972795050396206e-18, 19.635730483558977, 0.04837932836276395, 3.878487158906936e-18, 5.376688799677579, 4.719085051174544e-18, -8.136183113817531e-05], [0.06369367150155796, 0.005564484221231436, -0.013997354899428674, -4.806412934754755e-17, 0.04837932836276395, 12.962464414432871, 2.662093321092059e-17, 0.18100518731211984, 8.868499425634437e-18, -6.117763841404998e-07], [-2.579598874570187e-19, 8.079367435223807e-17, 5.711972241124992e-17, -5.147856791469053e-08, 3.878487158906936e-18, 2.662093321092059e-17, 0.00016271969419539667, -6.78018030325538e-18, 6.117688716375196e-07, 2.76544741575718e-23], [6.634137875623182, -0.014039780749750581, -0.028593518505829113, -7.472160789001244e-18, 5.376688799677579, 0.18100518731211984, -6.78018030325538e-18, 19.72131757590512, 1.6727394971854145e-19, -8.151854367131186e-05], [1.0376281303953052e-17, 1.5007549560566367e-17, 1.6970521922951394e-17, -5.0315547932783244e-08, 4.719085051174544e-18, 8.868499425634437e-18, 6.117688716375196e-07, 1.6727394971854145e-19, 0.00016303308991852598, -5.11659262968955e-23], [-9.328896909479317e-05, 5.147732765977252e-08, 5.031404290024987e-08, -4.232968255383009e-23, -8.136183113817531e-05, -6.117763841404998e-07, 2.76544741575718e-23, -8.151854367131186e-05, -5.11659262968955e-23, 7.860640939213961e-10]]",
    "monomial_list": "[1, x2, x1, u, x2**2, x1*x2, u*x2, x1**2, u*x1, u**2]"
}