{
    "name": "Multiplier-1",
    "rational_expression": "299*x1**4/100 - 5841*x1**3*x2/1000 - 3879*x1**3/1000 + 9441*x1**2*x2**2/1000 + 7161*x1**2*x2/1000 + 2201*x1**2/1000 + 1309*x1*x2**3/5000 + 5973*x1*x2**2/10000 - 1691*x1*x2/250 - 29*x1/10 + 8307*x2**4/10000 + 1503*x2**3/1000000 - 1653*x2**2/1000 - 7073*x2/10000 + 29/10",
    "Q": "[[2.9013639515541065, -0.35258277857141906, -1.4502537048443525, -1.0691848794212842, -2.9480554073647514, -0.1452562675177013], [-0.35258277857141906, 0.4869402247504604, -0.4359415039545594, 0.0002497905940219366, -0.14279374562209382, 0.6271056813057706], [-1.4502537048443525, -0.4359415039545594, 2.4885162365556703, 0.43923727433857107, 2.9530657326932532, -1.93799030155431], [-1.0691848794212842, 0.0002497905940219366, 0.43923727433857107, 0.8303331159414751, 0.12992977559688149, 0.51789354397035], [-2.9480554073647514, -0.14279374562209382, 2.9530657326932532, 0.12992977559688149, 8.407596235487421, -2.920083177700133], [-0.1452562675177013, 0.6271056813057706, -1.93799030155431, 0.51789354397035, -2.920083177700133, 2.9901218431910443]]",
    "monomial_list": "[1, x2, x1, x2**2, x1*x2, x1**2]"
}