{
    "name": "Multiplier-1",
    "rational_expression": "91177*x1**4/10000 + 7889*x1**3*x2/200 - 21713*x1**3/5000 + 1642*x1**2*x2**2/25 - 1783*x1**2*x2/125 + 2907*x1**2/2000 + 49479*x1*x2**3/1000 - 15289*x1*x2**2/1000 + 1201*x1*x2/500 - 1793*x1/10000 + 2887*x2**4/200 - 29169*x2**3/5000 + 5439*x2**2/5000 - 1101*x2/10000 + 741/50000",
    "Q": "[[0.01492826361388554, -0.055227093808450305, -0.09000082874976463, -2.6135631581286884e-20, 0.026025327197295996, 0.14728159119110137, 1.2997437766695388e-19, 0.07996947218649939, 9.888258656121672e-20, -1.465957152785118e-06], [-0.055227093808450305, 1.0366778782509953, 1.0565641325174298, -5.654147929798211e-19, -2.9168780527195275, -5.141137974012919, -9.514576292563194e-19, -2.1486628113860533, -8.565536259110048e-19, 8.95192971525017e-06], [-0.09000082874976463, 1.0565641325174298, 1.2978987123490022, -6.251631045854981e-19, -2.51064327959311, -4.995277700675292, -1.0432449928324046e-18, -2.1762821143902933, -9.85882089629915e-19, 7.312350876520004e-06], [-2.6135631581286884e-20, -5.654147929798211e-19, -6.251631045854981e-19, 2.8721579187517293e-06, 1.3970355280273851e-18, 2.9625553467345255e-18, -8.945212771015955e-06, 1.4935105445473286e-18, -7.318372760958776e-06, 2.174882348374243e-23], [0.026025327197295996, -2.9168780527195275, -2.51064327959311, 1.3970355280273851e-18, 14.422548038218057, 24.72916708306634, 1.1501830264915979e-18, 10.45673307961005, 5.318603952858171e-19, -4.66707961327481e-05], [0.14728159119110137, -5.141137974012919, -4.995277700675292, 2.9625553467345255e-18, 24.72916708306634, 44.76220319091085, 2.108567164076265e-18, 19.72231822620836, 1.4422015705426494e-18, -8.771443990903113e-05], [1.2997437766695388e-19, -9.514576292563194e-19, -1.0432449928324046e-18, -8.945212771015955e-06, 1.1501830264915979e-18, 2.108567164076265e-18, 9.330850477392331e-05, 1.1106584519551789e-18, 8.773413544113038e-05, -7.253336091121731e-23], [0.07996947218649939, -2.1486628113860533, -2.1762821143902933, 1.4935105445473286e-18, 10.45673307961005, 19.72231822620836, 1.1106584519551789e-18, 9.117644257656995, 1.0664083426617582e-18, -4.5281972404413124e-05], [9.888258656121672e-20, -8.565536259110048e-19, -9.85882089629915e-19, -7.318372760958776e-06, 5.318603952858171e-19, 1.4422015705426494e-18, 8.773413544113038e-05, 1.0664083426617582e-18, 9.05035864360595e-05, -7.461371168323731e-23], [-1.465957152785118e-06, 8.95192971525017e-06, 7.312350876520004e-06, 2.174882348374243e-23, -4.66707961327481e-05, -8.771443990903113e-05, -7.253336091121731e-23, -4.5281972404413124e-05, -7.461371168323731e-23, 1.0329044799596858e-09]]",
    "monomial_list": "[1, x2, x1, u, x2**2, x1*x2, u*x2, x1**2, u*x1, u**2]"
}