{
    "name": "Multiplier-2",
    "rational_expression": "1057*x1**4/100 + 5451*x1**3*x2/125 - 51307*x1**3/10000 + 1714*x1**2*x2**2/25 - 15571*x1**2*x2/1000 + 988*x1**2/625 + 24341*x1*x2**3/500 - 31*x1*x2**2/2 + 25847*x1*x2/10000 - 1907*x1/10000 + 6739*x2**4/500 - 55379*x2**3/10000 + 5721*x2**2/5000 - 1227*x2/10000 + 761/50000",
    "Q": "[[0.015013440832614501, -0.0609024436383926, -0.09462439534227171, 1.8095817759611915e-20, 0.07737728713475278, 0.25191065823203196, -2.3138859332327686e-19, 0.1342655276145366, -2.676013107436258e-19, -1.2827913931541067e-06], [-0.0609024436383926, 0.989528278132721, 1.0376063228635706, 1.190192981574992e-19, -2.773276840252246, -5.165890282708259, -1.5183090900469216e-18, -2.3146021840889417, -1.257884136807745e-18, 8.308100270308696e-06], [-0.09462439534227171, 1.0376063228635706, 1.307395487630531, -1.5720315653760133e-19, -2.5850528099504673, -5.465383179952281, -4.966616294246806e-19, -2.56260452121258, -3.9771651965733663e-19, 6.88034128518329e-06], [1.8095817759611915e-20, 1.190192981574992e-19, -1.5720315653760133e-19, 2.56358436617954e-06, -1.6959237540098182e-18, -2.465042540722162e-18, -8.299404376835171e-06, -1.0831479800444543e-18, -6.888247888880558e-06, 1.859207426504822e-23], [0.07737728713475278, -2.773276840252246, -2.5850528099504673, -1.6959237540098182e-18, 13.486362604065382, 24.348973592596813, -1.2446398500997015e-18, 10.922632932661045, -1.580055805828117e-18, -4.35492535344893e-05], [0.25191065823203196, -5.165890282708259, -5.465383179952281, -2.465042540722162e-18, 24.348973592596813, 46.732057570362244, -1.4149738292005453e-17, 21.809404170420198, -1.3963082806259213e-17, -8.16477940565081e-05], [-2.3138859332327686e-19, -1.5183090900469216e-18, -4.966616294246806e-19, -8.299404376835171e-06, -1.2446398500997015e-18, -1.4149738292005453e-17, 8.70831171235389e-05, -1.1939081961775952e-17, 8.165769220898313e-05, 7.641489833972095e-23], [0.1342655276145366, -2.3146021840889417, -2.56260452121258, -1.0831479800444543e-18, 10.922632932661045, 21.809404170420198, -1.1939081961775952e-17, 10.573759240028508, -1.1584845542626273e-17, -4.175744163095703e-05], [-2.676013107436258e-19, -1.257884136807745e-18, -3.9771651965733663e-19, -6.888247888880558e-06, -1.580055805828117e-18, -1.3963082806259213e-17, 8.165769220898313e-05, -1.1584845542626273e-17, 8.348079900245953e-05, 9.724108304207628e-23], [-1.2827913931541067e-06, 8.308100270308696e-06, 6.88034128518329e-06, 1.859207426504822e-23, -4.35492535344893e-05, -8.16477940565081e-05, 7.641489833972095e-23, -4.175744163095703e-05, 9.724108304207628e-23, 7.721471238829365e-10]]",
    "monomial_list": "[1, x2, x1, u, x2**2, x1*x2, u*x2, x1**2, u*x1, u**2]"
}