{
    "name": "Total Decomposition",
    "rational_expression": "97*u**6/100000000 + 13*u**5*x1**2/100000000 + 19*u**5*x1*x2/100000000 + 63*u**5*x2**2/1000000000 + 8989*u**4*x1**4/250000000 + 43027*u**4*x1**3*x2/500000000 - 5041*u**4*x1**3/1000000000 + 9599*u**4*x1**2*x2**2/125000000 - 4729*u**4*x1**2*x2/1000000000 + 1303*u**4*x1**2/100000 + 1707*u**4*x1*x2**3/200000000 + 7*u**4*x1*x2**2/12500000 - 207*u**4*x1*x2/2000000 + 483*u**4*x1/25000000 + 207*u**4*x2**4/200000000 + 13*u**4*x2**3/100000000 + 1301*u**4*x2**2/100000 - 631*u**4*x2/50000000 + 503*u**4/25000 + u**3*x1**4*x2/50000000 - 253*u**3*x1**4/40000 - 511*u**3*x1**3*x2**2/50000000 + 57*u**3*x1**3*x2/25000 + 1023*u**3*x1**3/100000 + 769*u**3*x1**2*x2**3/200000000 + 1493*u**3*x1**2*x2**2/2500000 - 7883*u**3*x1**2*x2/1000000 - 727*u**3*x1**2/50000 + 3*u**3*x1*x2**4/100000000 + 2033*u**3*x1*x2**3/1000000 - 91*u**3*x1*x2**2/50000 - 1509*u**3*x1*x2/250000 + 143*u**3*x1/31250 + u**3*x2**5/250000000 + 3*u**3*x2**4/125000 + 539*u**3*x2**3/200000 - 31*u**3*x2**2/2000 + 5789*u**3*x2/1000000 + 8357*u**3/10000000 - 10671*u**2*x1**6/25000000 + 18359*u**2*x1**5*x2/5000000 - 681*u**2*x1**5/250000 + 2639*u**2*x1**4*x2**2/250000 + 1113*u**2*x1**4*x2/500000 + 19751*u**2*x1**4/1000 + 8297*u**2*x1**3*x2**3/2000000 - 457*u**2*x1**3*x2**2/500000 + 20187*u**2*x1**3*x2/50000 - 1517*u**2*x1**3/25000 + 84291*u**2*x1**2*x2**4/100000000 - 23*u**2*x1**2*x2**3/2000 + 594*u**2*x1**2*x2**2/25 - 57903*u**2*x1**2*x2/1000000 + 6723*u**2*x1**2/250 + 781*u**2*x1*x2**5/125000 - 539*u**2*x1*x2**4/125000 + 10237*u**2*x1*x2**3/100000 + 29431*u**2*x1*x2**2/1000000 + 8231*u**2*x1*x2/50000 - 40989*u**2*x1/5000000 + 161*u**2*x2**6/100000 + 2097*u**2*x2**5/1000000 + 3931*u**2*x2**4/200 + 45311*u**2*x2**3/5000000 + 6719*u**2*x2**2/250 - 83013*u**2*x2/10000000 + 2501*u**2/100 - 4461*u*x1**7/10000000 - 53*u*x1**6*x2/20000 + 17103*u*x1**6/2500000 - 389*u*x1**5*x2**2/100000 - 12699*u*x1**5*x2/1000000 - 1771*u*x1**5/125000 - 3521*u*x1**4*x2**3/1000000 + 28687*u*x1**4*x2**2/10000000 - 23729*u*x1**4*x2/1000000 - 48207*u*x1**4/5000 - 4641*u*x1**3*x2**4/1000000 - 8191*u*x1**3*x2**3/500000 - 1809*u*x1**3*x2**2/100000 - 8731*u*x1**3*x2/50000 + 14363*u*x1**3/1000000 - 1601*u*x1**2*x2**5/500000 - 17771*u*x1**2*x2**4/1000000 + 4389*u*x1**2*x2**3/1250000 - 11609*u*x1**2*x2**2/1000 + 38459*u*x1**2*x2/1000000 - 6573*u*x1**2/500 - 1427*u*x1*x2**6/2500000 - 7249*u*x1*x2**5/500000 + 29*u*x1*x2**4/16000 - 50241*u*x1*x2**3/1000000 - 18343*u*x1*x2**2/500000 - 68827*u*x1*x2/1000000 - 19211*u*x1/1000000 - 29*u*x2**7/50000000 - 19107*u*x2**6/10000000 + 67309*u*x2**5/10000000 - 19171*u*x2**4/2000 + 9357*u*x2**3/500000 - 3281*u*x2**2/250 + 119*u*x2/5000 - 1526*u/125 + 28299*x1**8/5000 + 12907*x1**7*x2/500 - 36579*x1**7/5000 + 18643*x1**6*x2**2/500 - 2526*x1**6*x2/125 + 843*x1**6/40 + 95943*x1**5*x2**3/10000 - 10209*x1**5*x2**2/5000 + 45237*x1**5*x2/1000 - 11961*x1**5/1000 - 45437*x1**4*x2**4/5000 + 30329*x1**4*x2**3/1000 - 12459*x1**4*x2**2/10000 - 2537*x1**4*x2/125 + 16819*x1**4/2000 + 9097*x1**3*x2**5/500 + 5637*x1**3*x2**4/500 - 1891*x1**3*x2**3/50 + 318*x1**3*x2**2/625 + 17161*x1**3*x2/1000 - 46891*x1**3/10000 + 3013*x1**2*x2**6/100 - 90267*x1**2*x2**5/10000 + 15193*x1**2*x2**4/50000 + 15827*x1**2*x2**3/2500 + 5263*x1**2*x2**2/200 - 14183*x1**2*x2/2500 + 60403*x1**2/10000 + 5697*x1*x2**7/500 + 28247*x1*x2**6/10000 + 11827*x1*x2**5/1000 + 12541*x1*x2**4/2500 + 23017*x1*x2**3/1000 - 20367*x1*x2**2/10000 + 52083*x1*x2/10000 - 70789*x1/100000 + 1289*x2**8/1000 + 3567*x2**7/2500 + 85299*x2**6/10000 - 6753*x2**5/2000 + 5737*x2**4/500 - 97063*x2**3/100000 + 399*x2**2/125 - 20157*x2/50000 + 3861/2500",
    "Q": "[[1.545689956068178, -0.19951808849701141, -0.35668717603793426, -6.1068711113698155, 0.24929084275544874, 0.20745575105648617, -0.02864533827214287, 0.6572945833167719, -0.04290177166858568, 0.0007079663895523577, -0.015794361345697134, -0.19630869284152852, -1.835931337581812, -0.04865546463916989, 0.06312158852010788, -4.398643073912281e-05, 0.13313507352058843, -1.763029631344692, 0.0002707232873494433, 0.0024636531939233913, 0.008431402583737558, 0.11646824818168604, -9.670077586646621e-05, 0.43106880969434946, -0.00041282646452062307, -0.00010528718700052167, 0.456340088524477, -0.00014679541804569948, -0.000491044072202535, 1.9808870385119291e-07, 0.14559477130401705, 9.431079829009841e-05, -0.00032051071525000937, 1.7118815281383201e-07, -9.414281396690276e-07], [-0.19951808849701141, 2.690685606956074, 2.396927080080612, 0.034768837593875036, -0.4675626851062591, -1.4669687847293849, -2.6539040202392585, -0.8763262507748978, 0.23298069369795588, 0.0005893551145716405, 0.6434510140159078, 1.4481840542114688, 0.06423108321644866, 0.14475265117883296, -0.2555603918971325, -0.0009376024940222629, -0.9996357791504216, -0.04151454612477948, -0.0009448938786282427, -1.5439582482408677e-05, 0.18287462952883088, 0.7880805908137068, 0.0006175309565700007, 0.2784940742749227, 0.002860112226689735, -0.0003900158199081935, -0.28894956915055225, 0.0019409332181605354, -0.0017957065460703137, 9.215557770890928e-07, -0.08437824734136493, 5.140320871609991e-05, -0.0011764907956464815, 7.605340488936862e-07, -6.99724984330354e-08], [-0.35668717603793426, 2.396927080080612, 4.720857907400607, 0.04431189842233867, 0.6410289325155824, -1.9096817639737225, 0.2788117817349498, -2.478872273022325, -2.545647697997284, -0.007263339008456748, 1.1709313312882548, 0.8671495214169934, 0.31055604868311254, 1.059946496575117, -0.32047402927471413, -0.0002620441550603045, -0.5221090328014623, -0.19800219300279948, -0.001944115874775949, -2.8832049626353033e-05, 0.7992215652840916, 3.3722365994396934, 0.00025501681338392965, 0.6457157091546393, 0.0014496791527343796, -0.0008308550769078494, -2.5859156511485177, 0.002035178766313916, -0.0038072671497024367, 8.829157074066807e-07, -1.0934147960291136, 0.0008279703521683437, -0.0024964116270329204, 1.8254236411702816e-06, 2.3834999107183716e-06], [-6.1068711113698155, 0.034768837593875036, 0.04431189842233867, 25.009860654632355, -2.067495459524975, -0.6087747826504821, -0.013085058195695557, -2.251172593915092, 0.004104961012994886, -0.002463653194404198, -0.1906874710672946, -0.12894284850046486, 7.335530796157748, 0.457327788237716, -0.19072421151794403, 0.00010175153950244498, 0.3380023682071009, 7.307975404889474, -0.0004887145856739278, -0.010073199985506133, -0.18692733935253802, -1.0940616892964092, 0.00033885678992654064, -1.759241124710877, 0.0015366261119309243, 0.00058964868732269, -1.2519777423628098, 0.0009286793823839119, 0.0027351436481554124, -6.676331116090739e-07, -0.357873198175637, -5.916150902117072e-05, 0.0017879324465121507, -5.320415813538115e-07, 3.1132576567917438e-06], [0.24929084275544874, -0.4675626851062591, 0.6410289325155824, -2.067495459524975, 10.16583930695904, 8.769933111799162, 0.12598289590940961, 2.9116685314140343, 0.22395853629584006, -0.01744050208948683, -1.8688845279016333, 1.293499560643895, -4.0026774333271256, -0.9934999364231735, 1.3614373198897372, 0.0005201353172389435, -2.6644908014120907, -1.3061114005077086, -0.0005299202175744333, 0.0015743035729427017, 0.020402100091590693, -0.10893956563022993, -0.00014425687363847986, -0.8883445990365899, -0.0008406351105153007, -0.0004146723541124253, -0.6891653326255999, -0.0012528761708588017, -0.0018717601362092569, 1.8713403272902543e-07, -0.05122354946376398, -0.0005362509530061568, -0.0012331352776147181, -1.6191266212985235e-08, 5.1538809958479305e-06], [0.20745575105648617, -1.4669687847293849, -1.9096817639737225, -0.6087747826504821, 8.769933111799162, 17.59114215978628, -0.1546063917141679, 8.05942046782838, -0.06376411663663997, -0.0062112682301182975, -0.36778166654381744, 0.3305748368966824, 0.36837872769732877, -1.7461174742538157, -0.5908254858685574, -0.0008540789352373449, -1.9363185970203671, 0.7476075074038258, 0.0006063329768190017, -2.2296806202853084e-05, -0.6681895562680461, -2.9832111888305284, -0.0001541191722432273, -1.1003609778203716, -0.0006592843086985928, -0.0004598748633445784, 2.5570079092771474, -0.00023681290274652858, -0.0021074278402686973, 1.2932173101145665e-07, 1.496217706819307, 0.00014880778103360933, -0.0013846651946815489, 1.854192649736926e-07, 1.3207962617340659e-06], [-0.02864533827214287, -2.6539040202392585, 0.2788117817349498, -0.013085058195695557, 0.12598289590940961, -0.1546063917141679, 12.22208272580094, -0.01773694255379794, 0.2679733730288908, -8.651004581045249e-05, -0.6053652104955132, -0.4704389548610707, 0.002359116371727056, -0.49323649822633814, -0.03222077253086991, -0.0016840251400549475, -0.36044336459431114, -0.008663138074791866, 7.391285857503059e-05, 7.799946661367903e-06, -0.0644353430083937, -0.2822916004495143, -0.002731522922275053, -0.0949719252895137, -0.01312676182861272, 1.7751652058738056e-05, 0.20004773113316476, -0.01076620576341931, 8.230193004329425e-05, -4.900557523261872e-06, 0.10317646574375382, -0.00165431851163131, 5.3712870885275357e-05, -4.554342124683838e-06, 7.687046278612132e-08], [0.6572945833167719, -0.8763262507748978, -2.478872273022325, -2.251172593915092, 2.9116685314140343, 8.05942046782838, -0.01773694255379794, 9.15746353052387, -0.12613142965369012, 0.007558536731573241, 0.17952541872623468, 4.313291784099757, -1.3876309270929525, -5.536057945028701, 1.2481240289017104, -0.00045944539033471047, -4.885068525407185, -4.0527102526311785, 0.0009568896436295454, 0.0016393559036301788, -1.7834234128926378, -7.6289137398927425, -0.00010574563414280778, -1.7424920017848875, -0.00046917897499426214, 0.0009057649599717568, 6.269031910111644, -0.00024361077669150127, 0.0041474394524074355, 3.8882276491329134e-07, 2.971615242386573, 4.850288306150028e-05, 0.0027174646990304903, 3.615788603784217e-07, -2.9529004459162266e-06], [-0.04290177166858568, 0.23298069369795588, -2.545647697997284, 0.004104961012994886, 0.22395853629584006, -0.06376411663663997, 0.2679733730288908, -0.12613142965369012, 12.239956144451812, 0.000517375447190716, -0.19205558189563343, -0.25691687945608677, 0.031113374886144463, -0.47378716970085305, -0.010929181499750355, -7.07246032245594e-05, -0.40549431938548525, -0.014597034561771234, -0.0016786971602449747, -4.463771900714668e-06, 0.007348119203189394, 0.037949526652087194, -0.000956371093972693, 0.06321468316192472, -0.006303751668196917, -0.00010740609976879557, 0.11367752880471191, -0.011605217972762791, -0.0004955437909735165, -5.153175405530564e-06, 0.06626973114071082, -0.005704003444743105, -0.0003245610214586154, -9.336729730647308e-06, -1.7464988238104242e-07], [0.0007079663895523577, 0.0005893551145716405, -0.007263339008456748, -0.002463653194404198, -0.01744050208948683, -0.0062112682301182975, -8.651004581045249e-05, 0.007558536731573241, 0.000517375447190716, 0.020148283497475675, -0.001660453167280301, 0.013836445725608727, -0.0004808486761099782, -0.004536625099660361, -0.002717678546966685, -7.062341009843345e-06, -0.012397800450510484, -0.0017504166136348412, 2.612313561879839e-06, -3.113287268684988e-06, 0.008752328493808371, 0.0869617437405963, -1.2684289320749962e-06, 0.27308350790621483, -4.723030894897867e-06, 8.91793425780897e-06, 0.28745641622478596, 1.2834023848425761e-06, 1.6950951617692963e-05, -4.408311007264389e-10, 0.09612556720392586, 3.343313975552725e-06, 1.5165258755077379e-05, -5.951580879893707e-09, -3.372632248674009e-06], [-0.015794361345697134, 0.6434510140159078, 1.1709313312882548, -0.1906874710672946, -1.8688845279016333, -0.36778166654381744, -0.6053652104955132, 0.17952541872623468, -0.19205558189563343, -0.001660453167280301, 8.48971297312144, 6.686854546761853, 0.06457959988064013, -3.634602117581833, -0.07632482878912557, -0.000900678024355772, -3.845746173677422, 0.29685391784664567, 9.164044687385287e-05, -9.999117844282742e-06, 0.7109682479714297, 3.0764541950428548, 0.0004997576464189934, 1.060590003389625, 0.002309745724118762, -0.0011407840805377264, -1.453865887610119, 0.0015552425309768652, -0.00525179852039398, 7.85688669438315e-08, -0.5693837636019854, 3.232515106072895e-05, -0.003440567454802268, 1.3961687968046086e-07, 1.9443111142451935e-09], [-0.19630869284152852, 1.4481840542114688, 0.8671495214169934, -0.12894284850046486, 1.293499560643895, 0.3305748368966824, -0.4704389548610707, 4.313291784099757, -0.25691687945608677, 0.013836445725608727, 6.686854546761853, 18.87667997776103, 0.3522630643195176, -5.651974091195426, -0.21043110550559233, -0.001336077549800024, -11.071690416387824, 0.17760567382614872, -0.0010622913527607758, -7.513983720387495e-05, -1.6729756653677814, -7.114003534096601, 0.0004058380867006109, -1.2298098389320307, 0.0018463184015212438, 8.860454297312591e-07, 6.9724267088539005, 0.0011274958414376362, -3.018372769500102e-05, 1.2111928551426283e-07, 3.4188040646232443, -6.25504753736491e-05, -1.8311352196061897e-05, 1.8076073352194215e-07, -4.597239752001358e-06], [-1.835931337581812, 0.06423108321644866, 0.31055604868311254, 7.335530796157748, -4.0026774333271256, 0.36837872769732877, 0.002359116371727056, -1.3876309270929525, 0.031113374886144463, -0.0004808486761099782, 0.06457959988064013, 0.3522630643195176, 19.62631957319585, -0.027382507591111552, -0.02092321035483641, -6.671239399313196e-06, -0.3747683874052432, 4.746080022449843, -9.142829835878294e-05, -0.006575060912614055, -0.000499757647474491, -0.014974837368359752, 0.0010620088004723333, -0.03301630257686273, 0.005116964061261419, -8.382457838470356e-05, 0.08508162561399865, 0.004285710730603504, -0.00038466481008625795, -1.298485029245515e-06, 0.08073850399666573, 0.0007135988739114051, -0.00025227945148710443, -6.29836520482088e-07, 1.2525768550538834e-07], [-0.04865546463916989, 0.14475265117883296, 1.059946496575117, 0.457327788237716, -0.9934999364231735, -1.7461174742538157, -0.49323649822633814, -5.536057945028701, -0.47378716970085305, -0.004536625099660361, -3.634602117581833, -5.651974091195426, -0.027382507591111552, 19.353180513673724, -0.06485745788378881, -0.001285558913260994, 14.851602140925005, -0.20014064276293975, -0.002591060732666733, -8.316401082431507e-05, 1.5434954278293516, 6.63887137588145, 0.00013875282589480178, 1.5747755741182317, 0.0011006637945666742, -0.00027913604110283964, -5.77741486442709, 0.002542846685120959, -0.0012689334322069055, 2.3910026552539206e-07, -2.8738503165503038, 0.0013912931357343778, -0.0008303721153252189, 2.722557994866212e-07, 2.058345719204652e-06], [0.06312158852010788, -0.2555603918971325, -0.32047402927471413, -0.19072421151794403, 1.3614373198897372, -0.5908254858685574, -0.03222077253086991, 1.2481240289017104, -0.010929181499750355, -0.002717678546966685, -0.07632482878912557, -0.21043110550559233, -0.02092321035483641, -0.06485745788378881, 13.721220164795849, 0.0001962822057924742, -0.016618548790858986, -0.09306840309639652, 0.00026219003512225784, 5.821701255387004e-05, 0.012259253558778011, 0.07560734790216522, 2.4017380741598458e-06, 0.15152882530608472, 0.00016002167019815068, -9.161271408498838e-05, 0.17842917175526057, 0.000686800606967082, -0.00041749677313507956, 3.8649997392682306e-07, 0.0789473188872273, 0.0004446600729557533, -0.00027443188889257294, 1.2882131423253923e-08, 6.015108468025598e-07], [-4.398643073912281e-05, -0.0009376024940222629, -0.0002620441550603045, 0.00010175153950244498, 0.0005201353172389435, -0.0008540789352373449, -0.0016840251400549475, -0.00045944539033471047, -7.07246032245594e-05, -7.062341009843345e-06, -0.000900678024355772, -0.001336077549800024, -6.671239399313196e-06, -0.001285558913260994, 0.0001962822057924742, 0.013131779977515481, -0.0002950028557272857, 0.00026094725131036, -6.678124158518287e-05, -7.643103133211706e-08, 7.877529031487537e-05, 0.0002392255187481962, 1.8803119956497676e-05, -0.0005344420009752649, 0.00010576292665145209, 1.534187766884448e-06, -0.0013155346129898398, 0.00014515022104893014, 7.0649153081943085e-06, 1.4536648506550493e-08, -0.0006186344920540969, 5.793850199378565e-05, 4.627137662849108e-06, 1.8665596433572118e-08, -5.092822506289848e-10], [0.13313507352058843, -0.9996357791504216, -0.5221090328014623, 0.3380023682071009, -2.6644908014120907, -1.9363185970203671, -0.36044336459431114, -4.885068525407185, -0.40549431938548525, -0.012397800450510484, -3.845746173677422, -11.071690416387824, -0.3747683874052432, 14.851602140925005, -0.016618548790858986, -0.0002950028557272857, 15.133968421963296, -0.06631823402256112, -0.0009337683242810159, -4.009158774251956e-06, 1.6815531089183249, 7.189218012055598, 0.00016296263545897638, 1.3401061731994315, 0.0010565277854521235, 0.0003814095667518997, -7.232841799173679, 0.0019006868034228612, 0.0017856016305957396, 2.076771927667055e-07, -3.6599271440379137, 0.0009229543133173231, 0.0011694221873829924, 2.43121285490337e-07, 4.046093894784064e-06], [-1.763029631344692, -0.04151454612477948, -0.19800219300279948, 7.307975404889474, -1.3061114005077086, 0.7476075074038258, -0.008663138074791866, -4.0527102526311785, -0.014597034561771234, -0.0017504166136348412, 0.29685391784664567, 0.17760567382614872, 4.746080022449843, -0.20014064276293975, -0.09306840309639652, 0.00026094725131036, -0.06631823402256112, 19.536907055589374, 0.0003248652874580363, -0.006558537642715382, -0.04613135908477579, -0.2390338983409527, 0.00016388728988295774, -0.2627044997486478, 0.0001504846051445673, 8.474485670162874e-07, -0.08223929882496175, -0.0022722093428606525, 6.596465193762817e-06, -7.651675857324619e-07, -0.0009229543148822428, -0.0018104207792764796, 3.7505545100814775e-06, -6.21983722655652e-07, 3.932202277259819e-07], [0.0002707232873494433, -0.0009448938786282427, -0.001944115874775949, -0.0004887145856739278, -0.0005299202175744333, 0.0006063329768190017, 7.391285857503059e-05, 0.0009568896436295454, -0.0016786971602449747, 2.612313561879839e-06, 9.164044687385287e-05, -0.0010622913527607758, -9.142829835878294e-05, -0.002591060732666733, 0.00026219003512225784, -6.678124158518287e-05, -0.0009337683242810159, 0.0003248652874580363, 0.013111324697772002, 1.8060418955105527e-07, -0.00010767884463915683, -0.00032529046711970516, 1.2896389886813432e-05, 0.0006704857466024543, 4.2012508189047854e-05, -1.2001784884258164e-06, 0.001490954244050609, -4.0947688419573374e-05, -5.5276272789363054e-06, 2.0717789268446942e-08, 0.0006409985952020153, -5.229963684260607e-05, -3.626588393146303e-06, 2.6870430568772512e-08, -2.4710755484019393e-10], [0.0024636531939233913, -1.5439582482408677e-05, -2.8832049626353033e-05, -0.010073199985506133, 0.0015743035729427017, -2.2296806202853084e-05, 7.799946661367903e-06, 0.0016393559036301788, -4.463771900714668e-06, -3.113287268684988e-06, -9.999117844282742e-06, -7.513983720387495e-05, -0.006575060912614055, -8.316401082431507e-05, 5.821701255387004e-05, -7.643103133211706e-08, -4.009158774251956e-06, -0.006558537642715382, 1.8060418955105527e-07, 6.6757973214255515e-06, 6.49428891777416e-05, 0.0003573574716055206, -2.3765010899058918e-07, 0.0004813461859165111, -1.0241576696561792e-06, -1.3974891230891407e-07, 0.00025036467703127343, -4.055729900292888e-07, -6.408469475931051e-07, 4.6156483229631807e-10, 4.83059610148276e-05, 2.024809499638953e-07, -4.200748464971457e-07, 2.866052186850995e-10, 2.8474582714108333e-10], [0.008431402583737558, 0.18287462952883088, 0.7992215652840916, -0.18692733935253802, 0.020402100091590693, -0.6681895562680461, -0.0644353430083937, -1.7834234128926378, 0.007348119203189394, 0.008752328493808371, 0.7109682479714297, -1.6729756653677814, -0.000499757647474491, 1.5434954278293516, 0.012259253558778011, 7.877529031487537e-05, 1.6815531089183249, -0.04613135908477579, -0.00010767884463915683, 6.49428891777416e-05, 1.2895334834490226, 5.698553324085565, 1.025325950531022e-12, 2.219318400381559, 3.636484437092749e-06, -0.0008004785306988723, -3.4286956259696897, 1.6699229805070163e-05, -0.003701524880774124, 9.020301223778538e-09, -1.7852514177657464, 1.090727513042441e-05, -0.0024197049584984355, 2.821286276371608e-08, -2.5117866752385786e-06], [0.11646824818168604, 0.7880805908137068, 3.3722365994396934, -1.0940616892964092, -0.10893956563022993, -2.9832111888305284, -0.2822916004495143, -7.6289137398927425, 0.037949526652087194, 0.0869617437405963, 3.0764541950428548, -7.114003534096601, -0.014974837368359752, 6.63887137588145, 0.07560734790216522, 0.0002392255187481962, 7.189218012055598, -0.2390338983409527, -0.00032529046711970516, 0.0003573574716055206, 5.698553324085565, 25.695191112773596, -3.6364832968441084e-06, 12.528845813212142, -5.749441457348199e-06, -0.0040881789597140335, -11.938800658581377, 3.9405209684279535e-05, -0.018992831348148154, 3.6342422654413345e-08, -6.796769257637386, 3.2853774400349224e-05, -0.012402651632823378, 1.0260524251268055e-07, -2.5253974143111842e-05], [-9.670077586646621e-05, 0.0006175309565700007, 0.00025501681338392965, 0.00033885678992654064, -0.00014425687363847986, -0.0001541191722432273, -0.002731522922275053, -0.00010574563414280778, -0.000956371093972693, -1.2684289320749962e-06, 0.0004997576464189934, 0.0004058380867006109, 0.0010620088004723333, 0.00013875282589480178, 2.4017380741598458e-06, 1.8803119956497676e-05, 0.00016296263545897638, 0.00016388728988295774, 1.2896389886813432e-05, -2.3765010899058918e-07, 1.025325950531022e-12, -3.6364832968441084e-06, 0.00160095753553743, -1.0949790063025762e-05, 0.007789703883626509, -9.021947665360061e-09, 1.561188186590483e-05, 0.0067870482501851195, -4.157292822638698e-08, -8.588857405919269e-07, 1.7400391598619033e-05, 0.001287530754551885, -2.8266824601634937e-08, -1.1539917881696331e-06, -8.640740745133144e-11], [0.43106880969434946, 0.2784940742749227, 0.6457157091546393, -1.759241124710877, -0.8883445990365899, -1.1003609778203716, -0.0949719252895137, -1.7424920017848875, 0.06321468316192472, 0.27308350790621483, 1.060590003389625, -1.2298098389320307, -0.03301630257686273, 1.5747755741182317, 0.15152882530608472, -0.0005344420009752649, 1.3401061731994315, -0.2627044997486478, 0.0006704857466024543, 0.0004813461859165111, 2.219318400381559, 12.528845813212142, -1.0949790063025762e-05, 18.357096601272755, -6.592436478394711e-05, -0.004707480406863832, 11.585876136925771, -0.00010444823442467615, -0.02223189888943309, -2.5837265681625402e-08, 3.0105427123028887, -4.680637740894276e-05, -0.014466453393823091, -9.492857428380157e-08, -7.982855838675371e-05], [-0.00041282646452062307, 0.002860112226689735, 0.0014496791527343796, 0.0015366261119309243, -0.0008406351105153007, -0.0006592843086985928, -0.01312676182861272, -0.00046917897499426214, -0.006303751668196917, -4.723030894897867e-06, 0.002309745724118762, 0.0018463184015212438, 0.005116964061261419, 0.0011006637945666742, 0.00016002167019815068, 0.00010576292665145209, 0.0010565277854521235, 0.0001504846051445673, 4.2012508189047854e-05, -1.0241576696561792e-06, 3.636484437092749e-06, -5.749441457348199e-06, 0.007789703883626509, -6.592436478394711e-05, 0.03866593770032653, -2.2984401371983315e-08, 5.41940664575953e-05, 0.03654020773501185, -1.0572910647967001e-07, -4.534841476765897e-06, 7.984647454811548e-05, 0.008568655007911527, -7.447442980417232e-08, -6.177493592430738e-06, -4.715134679761396e-10], [-0.00010528718700052167, -0.0003900158199081935, -0.0008308550769078494, 0.00058964868732269, -0.0004146723541124253, -0.0004598748633445784, 1.7751652058738056e-05, 0.0009057649599717568, -0.00010740609976879557, 8.91793425780897e-06, -0.0011407840805377264, 8.860454297312591e-07, -8.382457838470356e-05, -0.00027913604110283964, -9.161271408498838e-05, 1.534187766884448e-06, 0.0003814095667518997, 8.474485670162874e-07, -1.2001784884258164e-06, -1.3974891230891407e-07, -0.0008004785306988723, -0.0040881789597140335, -9.021947665360061e-09, -0.004707480406863832, -2.2984401371983315e-08, 6.741448816278039e-06, -0.0031931880268046327, 5.723065221629715e-08, 3.094084568751593e-05, 7.850570156390752e-11, -0.0012903068099535172, 5.5161922571177977e-08, 2.0273365958645895e-05, 7.80175269748817e-11, -7.822343443831357e-09], [0.456340088524477, -0.28894956915055225, -2.5859156511485177, -1.2519777423628098, -0.6891653326255999, 2.5570079092771474, 0.20004773113316476, 6.269031910111644, 0.11367752880471191, 0.28745641622478596, -1.453865887610119, 6.9724267088539005, 0.08508162561399865, -5.77741486442709, 0.17842917175526057, -0.0013155346129898398, -7.232841799173679, -0.08223929882496175, 0.001490954244050609, 0.00025036467703127343, -3.4286956259696897, -11.938800658581377, 1.561188186590483e-05, 11.585876136925771, 5.41940664575953e-05, -0.0031931880268046327, 31.2522615908766, -3.3040095164663254e-05, -0.015293487322056125, -1.5034539576530948e-07, 12.905102224333566, -5.2182165692319385e-05, -0.009927785930315236, -3.345262295249816e-07, -8.380392317039249e-05], [-0.00014679541804569948, 0.0019409332181605354, 0.002035178766313916, 0.0009286793823839119, -0.0012528761708588017, -0.00023681290274652858, -0.01076620576341931, -0.00024361077669150127, -0.011605217972762791, 1.2834023848425761e-06, 0.0015552425309768652, 0.0011274958414376362, 0.004285710730603504, 0.002542846685120959, 0.000686800606967082, 0.00014515022104893014, 0.0019006868034228612, -0.0022722093428606525, -4.0947688419573374e-05, -4.055729900292888e-07, 1.6699229805070163e-05, 3.9405209684279535e-05, 0.0067870482501851195, -0.00010444823442467615, 0.03654020773501185, 5.723065221629715e-08, -3.3040095164663254e-05, 0.04496318590532125, 2.6458355486182625e-07, -5.3283557688718495e-06, 5.2182163752204724e-05, 0.01606537287086724, 1.68080464900712e-07, -7.520475443303373e-06, -5.994163916978184e-10], [-0.000491044072202535, -0.0017957065460703137, -0.0038072671497024367, 0.0027351436481554124, -0.0018717601362092569, -0.0021074278402686973, 8.230193004329425e-05, 0.0041474394524074355, -0.0004955437909735165, 1.6950951617692963e-05, -0.00525179852039398, -3.018372769500102e-05, -0.00038466481008625795, -0.0012689334322069055, -0.00041749677313507956, 7.0649153081943085e-06, 0.0017856016305957396, 6.596465193762817e-06, -5.5276272789363054e-06, -6.408469475931051e-07, -0.003701524880774124, -0.018992831348148154, -4.157292822638698e-08, -0.02223189888943309, -1.0572910647967001e-07, 3.094084568751593e-05, -0.015293487322056125, 2.6458355486182625e-07, 0.00014212038648906658, 3.590564029352384e-10, -0.0061375869440632265, 2.5475109077966165e-07, 9.312594707741137e-05, 3.656883508399197e-10, -3.007428059039973e-08], [1.9808870385119291e-07, 9.215557770890928e-07, 8.829157074066807e-07, -6.676331116090739e-07, 1.8713403272902543e-07, 1.2932173101145665e-07, -4.900557523261872e-06, 3.8882276491329134e-07, -5.153175405530564e-06, -4.408311007264389e-10, 7.85688669438315e-08, 1.2111928551426283e-07, -1.298485029245515e-06, 2.3910026552539206e-07, 3.8649997392682306e-07, 1.4536648506550493e-08, 2.076771927667055e-07, -7.651675857324619e-07, 2.0717789268446942e-08, 4.6156483229631807e-10, 9.020301223778538e-09, 3.6342422654413345e-08, -8.588857405919269e-07, -2.5837265681625402e-08, -4.534841476765897e-06, 7.850570156390752e-11, -1.5034539576530948e-07, -5.3283557688718495e-06, 3.590564029352384e-10, 5.752032112653099e-09, -8.830229134393196e-08, -1.8038866012937478e-06, 2.364667136903157e-10, 6.131458175492965e-09, 1.0948062203547892e-13], [0.14559477130401705, -0.08437824734136493, -1.0934147960291136, -0.357873198175637, -0.05122354946376398, 1.496217706819307, 0.10317646574375382, 2.971615242386573, 0.06626973114071082, 0.09612556720392586, -0.5693837636019854, 3.4188040646232443, 0.08073850399666573, -2.8738503165503038, 0.0789473188872273, -0.0006186344920540969, -3.6599271440379137, -0.0009229543148822428, 0.0006409985952020153, 4.83059610148276e-05, -1.7852514177657464, -6.796769257637386, 1.7400391598619033e-05, 3.0105427123028887, 7.984647454811548e-05, -0.0012903068099535172, 12.905102224333566, 5.2182163752204724e-05, -0.0061375869440632265, -8.830229134393196e-08, 5.659388520449868, 1.777545075948159e-12, -0.003992325277860858, -1.6548270716157982e-07, -2.785656342254162e-05], [9.431079829009841e-05, 5.140320871609991e-05, 0.0008279703521683437, -5.916150902117072e-05, -0.0005362509530061568, 0.00014880778103360933, -0.00165431851163131, 4.850288306150028e-05, -0.005704003444743105, 3.343313975552725e-06, 3.232515106072895e-05, -6.25504753736491e-05, 0.0007135988739114051, 0.0013912931357343778, 0.0004446600729557533, 5.793850199378565e-05, 0.0009229543133173231, -0.0018104207792764796, -5.229963684260607e-05, 2.024809499638953e-07, 1.090727513042441e-05, 3.2853774400349224e-05, 0.001287530754551885, -4.680637740894276e-05, 0.008568655007911527, 5.5161922571177977e-08, -5.2182165692319385e-05, 0.01606537287086724, 2.5475109077966165e-07, -1.8038866012937478e-06, 1.777545075948159e-12, 0.007984650898383893, 1.6547999545677046e-07, -2.6597919347788422e-06, -2.2218604748846908e-10], [-0.00032051071525000937, -0.0011764907956464815, -0.0024964116270329204, 0.0017879324465121507, -0.0012331352776147181, -0.0013846651946815489, 5.3712870885275357e-05, 0.0027174646990304903, -0.0003245610214586154, 1.5165258755077379e-05, -0.003440567454802268, -1.8311352196061897e-05, -0.00025227945148710443, -0.0008303721153252189, -0.00027443188889257294, 4.627137662849108e-06, 0.0011694221873829924, 3.7505545100814775e-06, -3.626588393146303e-06, -4.200748464971457e-07, -0.0024197049584984355, -0.012402651632823378, -2.8266824601634937e-08, -0.014466453393823091, -7.447442980417232e-08, 2.0273365958645895e-05, -0.009927785930315236, 1.68080464900712e-07, 9.312594707741137e-05, 2.364667136903157e-10, -0.003992325277860858, 1.6547999545677046e-07, 6.1030355448634e-05, 2.423953459571518e-10, -2.0678795077326465e-08], [1.7118815281383201e-07, 7.605340488936862e-07, 1.8254236411702816e-06, -5.320415813538115e-07, -1.6191266212985235e-08, 1.854192649736926e-07, -4.554342124683838e-06, 3.615788603784217e-07, -9.336729730647308e-06, -5.951580879893707e-09, 1.3961687968046086e-07, 1.8076073352194215e-07, -6.29836520482088e-07, 2.722557994866212e-07, 1.2882131423253923e-08, 1.8665596433572118e-08, 2.43121285490337e-07, -6.21983722655652e-07, 2.6870430568772512e-08, 2.866052186850995e-10, 2.821286276371608e-08, 1.0260524251268055e-07, -1.1539917881696331e-06, -9.492857428380157e-08, -6.177493592430738e-06, 7.80175269748817e-11, -3.345262295249816e-07, -7.520475443303373e-06, 3.656883508399197e-10, 6.131458175492965e-09, -1.6548270716157982e-07, -2.6597919347788422e-06, 2.423953459571518e-10, 1.0459268957697387e-08, 1.193501212316363e-12], [-9.414281396690276e-07, -6.99724984330354e-08, 2.3834999107183716e-06, 3.1132576567917438e-06, 5.1538809958479305e-06, 1.3207962617340659e-06, 7.687046278612132e-08, -2.9529004459162266e-06, -1.7464988238104242e-07, -3.372632248674009e-06, 1.9443111142451935e-09, -4.597239752001358e-06, 1.2525768550538834e-07, 2.058345719204652e-06, 6.015108468025598e-07, -5.092822506289848e-10, 4.046093894784064e-06, 3.932202277259819e-07, -2.4710755484019393e-10, 2.8474582714108333e-10, -2.5117866752385786e-06, -2.5253974143111842e-05, -8.640740745133144e-11, -7.982855838675371e-05, -4.715134679761396e-10, -7.822343443831357e-09, -8.380392317039249e-05, -5.994163916978184e-10, -3.007428059039973e-08, 1.0948062203547892e-13, -2.785656342254162e-05, -2.2218604748846908e-10, -2.0678795077326465e-08, 1.193501212316363e-12, 8.171490174377489e-10]]",
    "monomial_list": "[1, x2, x1, u, x2**2, x1*x2, u*x2, x1**2, u*x1, u**2, x2**3, x1*x2**2, u*x2**2, x1**2*x2, u*x1*x2, u**2*x2, x1**3, u*x1**2, u**2*x1, u**3, x2**4, x1*x2**3, u*x2**3, x1**2*x2**2, u*x1*x2**2, u**2*x2**2, x1**3*x2, u*x1**2*x2, u**2*x1*x2, u**3*x2, x1**4, u*x1**3, u**2*x1**2, u**3*x1, u**4]"
}