{
    "name": "Total Decomposition",
    "rational_expression": "300946719944477*x1**8/500000000000000 - 24664425291121*x1**7*x2/31250000000000 - 62251675128937*x1**7/50000000000000 + 29837989807129*x1**6*x2**2/20000000000000 + 317447304725647*x1**6*x2/100000000000000 + 710135722160339*x1**6/100000000000000 - 157137703895569*x1**5*x2**3/50000000000000 - 11183385848999*x1**5*x2**2/10000000000000 - 160466480255127*x1**5*x2/20000000000000 - 899*x1**5/200 + 110195231437683*x1**4*x2**4/25000000000000 + 296566867828369*x1**4*x2**3/50000000000000 + 207006025314331*x1**4*x2**2/25000000000000 + 2369*x1**4*x2/500 + 1957*x1**4/1000 - 180246841907501*x1**3*x2**5/50000000000000 - 685898971557617*x1**3*x2**4/100000000000000 - 54461*x1**3*x2**3/8192 - 366*x1**3*x2**2/25 - 293*x1**3*x2/20 - 25*x1**3/4 + 511593174934387*x1**2*x2**6/100000000000000 + 27666733264923*x1**2*x2**5/2500000000000 + 14068265914917*x1**2*x2**4/1000000000000 + 1083*x1**2*x2**3/100 + 1749*x1**2*x2**2/100 + 277*x1**2*x2/20 + 626*x1**2/125 - 137321949005127*x1*x2**7/50000000000000 - 55410349369049*x1*x2**6/25000000000000 + 1377*x1*x2**5/1000 - 199*x1*x2**4/50 - 8171*x1*x2**3/1000 - 458*x1*x2**2/125 - 3943*x1*x2/500 - 1751*x1/500 + 20549653172493*x2**8/20000000000000 + 403*x2**7/250 - 314*x2**6/625 - 1431*x2**5/1000 - 4307*x2**4/10000 - 2079*x2**3/1000 + 747*x2**2/500 + 261*x2/200 + 3183/1000",
    "Q": "[[3.1833561979679064, 0.6526058001930102, -1.7508137350988926, -1.5793149849814028, -2.044886681028474, -0.35030020238508286, -0.5128251090547256, -1.2056487899294541, 1.517907563755955, -0.8452507851812228, 0.16236593112354283, -1.0127082309414106, 0.8821274311842332, -0.3007733275264043, 0.11856922857165338], [0.6526058001930102, 4.651943713400472, -1.9018304085001396, -0.5276594124911825, -1.775512174104882, 1.951170005520043, -2.0199802880043674, -3.2125681440272533, 0.9650044167679688, -1.6188527465383677, -0.17205109579934208, -1.7550268367967303, 0.4667954972931167, -0.6938677379231639, 0.3121770766373375], [-1.7508137350988926, -1.9018304085001396, 5.709476891630792, 1.1510084073371656, 3.45685380896075, -2.2784074061212567, -0.14120909631841427, 3.028873569377462, -2.366277208841464, -1.6081133373130927, -0.6796038158356295, 2.1973422952443715, -1.5435553890950016, 0.23910394262233342, -0.31415882759816327], [-1.5793149849814028, -0.5276594124911825, 1.1510084073371656, 3.2864925405234677, 0.2822429961236751, -0.0692233722574216, -0.5458216531307005, 0.431784648791588, -1.13171961580537, 0.6087512900527882, -1.2482629234670537, 1.3601660190669895, -0.28481948333596063, 0.1823400829978368, -0.1381464398685692], [-2.044886681028474, -1.775512174104882, 3.45685380896075, 0.2822429961236751, 7.879921526037149, -3.0403496338021534, 0.012698707861953014, 3.868682923190193, -2.8532318803378587, 0.32880376085304025, -0.5127082033021816, 2.0939335291808963, -1.0672660170861534, 0.3514625990274026, -0.5310229250686709], [-0.35030020238508286, 1.951170005520043, -2.2784074061212567, -0.0692233722574216, -3.0403496338021534, 4.935185742580686, 0.013813763750746598, -2.839068584407965, 1.4865969188851484, -1.931029211148678, 0.48550343950029484, -1.6340193180554377, 0.4296091015428149, -1.109485136804938, 0.49134007532997476], [-0.5128251090547256, -2.0199802880043674, -0.14120909631841427, -0.5458216531307005, 0.012698707861953014, 0.013813763750746598, 1.9969337215379677, -0.1578374412694783, 0.005554254988639481, 1.3310054971466605, 0.8058232188808147, -0.35772620092804996, 0.2754350051995876, 0.23094828812338236, -0.05398562694626945], [-1.2056487899294541, -3.2125681440272533, 3.028873569377462, 0.431784648791588, 3.868682923190193, -2.839068584407965, -0.1578374412694783, 9.4681602208505, -2.132639707646103, 0.3320882483848152, -0.7446941062408375, 4.5708497335354, -1.9091952300159603, 0.8914578568720692, -0.45284196128105636], [1.517907563755955, 0.9650044167679688, -2.366277208841464, -1.13171961580537, -2.8532318803378587, 1.4865969188851484, 0.005554254988639481, -2.132639707646103, 6.327712145503259, -2.3684221723326595, 0.6856218532857117, -1.8342868192447546, 1.4955539909671156, -0.553635542463412, 0.426303219547528], [-0.8452507851812228, -1.6188527465383677, -1.6081133373130927, 0.6087512900527882, 0.32880376085304025, -1.931029211148678, 1.3310054971466605, 0.3320882483848152, -2.3684221723326595, 6.115226265251867, 0.08596540097946997, 0.6330822579329646, 0.4494100041827922, 1.1595338202832937, -0.6229920928409765], [0.16236593112354283, -0.17205109579934208, -0.6796038158356295, -1.2482629234670537, -0.5127082033021816, 0.48550343950029484, 0.8058232188808147, -0.7446941062408375, 0.6856218532857117, 0.08596540097946997, 1.0253845189991289, -1.3697521284703835, 0.12560948999132404, 0.13264704603253727, 0.18311392406702712], [-1.0127082309414106, -1.7550268367967303, 2.1973422952443715, 1.3601660190669895, 2.0939335291808963, -1.6340193180554377, -0.35772620092804996, 4.5708497335354, -1.8342868192447546, 0.6330822579329646, -1.3697521284703835, 4.860943534498217, -1.9334955170561294, 0.011391109010569484, -0.34560055945184087], [0.8821274311842332, 0.4667954972931167, -1.5435553890950016, -0.28481948333596063, -1.0672660170861534, 0.4296091015428149, 0.2754350051995876, -1.9091952300159603, 1.4955539909671156, 0.4494100041827922, 0.12560948999132404, -1.9334955170561294, 4.020014197948409, -1.2252814549334063, -0.32598959672639943], [-0.3007733275264043, -0.6938677379231639, 0.23910394262233342, 0.1823400829978368, 0.3514625990274026, -1.109485136804938, 0.23094828812338236, 0.8914578568720692, -0.553635542463412, 1.1595338202832937, 0.13264704603253727, 0.011391109010569484, -1.2252814549334063, 2.1425286983850818, -0.3943162196294828], [0.11856922857165338, 0.3121770766373375, -0.31415882759816327, -0.1381464398685692, -0.5310229250686709, 0.49134007532997476, -0.05398562694626945, -0.45284196128105636, 0.426303219547528, -0.6229920928409765, 0.18311392406702712, -0.34560055945184087, -0.32598959672639943, -0.3943162196294828, 0.6022518201891683]]",
    "monomial_list": "[1, x2, x1, x2**2, x1*x2, x1**2, x2**3, x1*x2**2, x1**2*x2, x1**3, x2**4, x1*x2**3, x1**2*x2**2, x1**3*x2, x1**4]"
}