{
    "name": "Multiplier-4",
    "rational_expression": "37*x1**2/250 + 33*x1*x2/2000 + 153*x1*x3/10000 - 97*x1*x4/2000 + 17*x1*x5/1000 + 37*x1*x6/2500 + 109*x1/2000 + 147*x2**2/1000 + 153*x2*x3/10000 - 481*x2*x4/10000 + 167*x2*x5/10000 + 3*x2*x6/250 + 549*x2/10000 + 147*x3**2/1000 - 99*x3*x4/2000 + 91*x3*x5/5000 + 917*x3*x6/100000 + 297*x3/5000 + 231*x4**2/1000 - 129*x4*x5/2500 - 101*x4*x6/2500 - 159*x4/500 + 37*x5**2/250 + 53*x5*x6/5000 + 63*x5/1000 + 73*x6**2/500 + 87*x6/2500 + 101/500",
    "Q": "[[0.20161028079465773, 0.01734935066835077, 0.031376433609957614, -0.158902835353811, 0.02962800082891502, 0.02742169962648306, 0.027153919974515175], [0.01734935066835077, 0.14695261791782058, 0.005304366871958117, -0.020168946450994287, 0.0045241657034186655, 0.005983629457203626, 0.007498975238956868], [0.031376433609957614, 0.005304366871958117, 0.1479397484937336, -0.025758881306160854, 0.009142789780750206, 0.008323168716127633, 0.008511340223398505], [-0.158902835353811, -0.020168946450994287, -0.025758881306160854, 0.23032376994885176, -0.02477234809456656, -0.0239992047736986, -0.024131760383284673], [0.02962800082891502, 0.0045241657034186655, 0.009142789780750206, -0.02477234809456656, 0.14672186698871678, 0.007660427066070573, 0.0076219114678539686], [0.02742169962648306, 0.005983629457203626, 0.008323168716127633, -0.0239992047736986, 0.007660427066070573, 0.14726580961228536, 0.008231709528465124], [0.027153919974515175, 0.007498975238956868, 0.008511340223398505, -0.024131760383284673, 0.0076219114678539686, 0.008231709528465124, 0.14774183820811582]]",
    "monomial_list": "[1, x6, x5, x4, x3, x2, x1]"
}