{
    "name": "Multiplier-1",
    "rational_expression": "47*x1**2/200 - 247*x1*x2/5000 - 63*x1*x3/1250 - 539*x1*x4/10000 - 523*x1*x5/10000 - 217*x1*x6/5000 - 163*x1/500 + 37*x2**2/250 + 151*x2*x3/10000 + 17*x2*x4/1000 + 167*x2*x5/10000 + 49*x2*x6/5000 + 141*x2/2500 + 149*x3**2/1000 + 177*x3*x4/10000 + 37*x3*x5/2000 + 751*x3*x6/100000 + 147*x3/2500 + 3*x4**2/20 + 103*x4*x5/5000 + 89*x4*x6/12500 + 163*x4/2500 + 3*x5**2/20 + 459*x5*x6/50000 + 38*x5/625 + 73*x6**2/500 + 59*x6/1250 + 1/5",
    "Q": "[[0.2001558754749134, 0.02359919569017727, 0.03051854829432104, 0.032649131364978365, 0.02946085526507649, 0.028319282739326445, -0.16335958154689484], [0.02359919569017727, 0.14616342111649097, 0.004654713750411696, 0.0034921969253312412, 0.003790206120649808, 0.0049639866000247175, -0.021739651646322064], [0.03051854829432104, 0.004654713750411696, 0.1497655797548945, 0.010282140533291288, 0.009294931059253645, 0.008335672680463334, -0.02630003487660577], [0.032649131364978365, 0.0034921969253312412, 0.010282140533291288, 0.14975807473047437, 0.008861091616194184, 0.008570863409372497, -0.026944612023012758], [0.02946085526507649, 0.003790206120649808, 0.009294931059253645, 0.008861091616194184, 0.14829797101910744, 0.007607204676813925, -0.02529997445467396], [0.028319282739326445, 0.0049639866000247175, 0.008335672680463334, 0.008570863409372497, 0.007607204676813925, 0.148568543037829, -0.024739955745268733], [-0.16335958154689484, -0.021739651646322064, -0.02630003487660577, -0.026944612023012758, -0.02529997445467396, -0.024739955745268733, 0.2358317702439738]]",
    "monomial_list": "[1, x6, x5, x4, x3, x2, x1]"
}