{
    "name": "Multiplier-2",
    "rational_expression": "147*x1**2/1000 - 131*x1*x2/2500 + 8*x1*x3/625 + 73*x1*x4/5000 + 29*x1*x5/2000 + 119*x1*x6/10000 + 559*x1/10000 + 47*x2**2/200 - 531*x2*x3/10000 - 141*x2*x4/2500 - 137*x2*x5/2500 - 441*x2*x6/10000 - 163*x2/500 + 147*x3**2/1000 + 19*x3*x4/1250 + 161*x3*x5/10000 + 339*x3*x6/50000 + 591*x3/10000 + 37*x4**2/250 + 181*x4*x5/10000 + 299*x4*x6/50000 + 651*x4/10000 + 149*x5**2/1000 + 167*x5*x6/20000 + 603*x5/10000 + 73*x6**2/500 + 211*x6/5000 + 201/1000",
    "Q": "[[0.20131716479152847, 0.021163353373837446, 0.030230282588501595, 0.03256233449599733, 0.02963079188906002, -0.1634387354351033, 0.027968304108864698], [0.021163353373837446, 0.14648571844697933, 0.004196581735670788, 0.002959420267766483, 0.0033612213491452992, -0.022036715135788112, 0.005972411198515363], [0.030230282588501595, 0.004196581735670788, 0.1484590131133083, 0.00903171027026556, 0.00811811401913037, -0.027498262019529433, 0.007284558911411709], [0.03256233449599733, 0.002959420267766483, 0.00903171027026556, 0.1483760520767395, 0.007673893775933454, -0.02823085318706642, 0.007386442981236795], [0.02963079188906002, 0.0033612213491452992, 0.00811811401913037, 0.007673893775933454, 0.14711301206773494, -0.02657045831747065, 0.006381884330112465], [-0.1634387354351033, -0.022036715135788112, -0.027498262019529433, -0.02823085318706642, -0.02657045831747065, 0.23496369950234247, -0.02616082760670431], [0.027968304108864698, 0.005972411198515363, 0.007284558911411709, 0.007386442981236795, 0.006381884330112465, -0.02616082760670431, 0.14766902349111274]]",
    "monomial_list": "[1, x6, x5, x4, x3, x2, x1]"
}