{
    "name": "Multiplier-3",
    "rational_expression": "147*x1**2/1000 + 69*x1*x2/5000 - 129*x1*x3/2500 + 147*x1*x4/10000 + 7*x1*x5/500 + 129*x1*x6/10000 + 517*x1/10000 + 147*x2**2/1000 - 129*x2*x3/2500 + 143*x2*x4/10000 + 17*x2*x5/1250 + 491*x2*x6/50000 + 529*x2/10000 + 117*x3**2/500 - 563*x3*x4/10000 - 69*x3*x5/1250 - 43*x3*x6/1000 - 327*x3/1000 + 147*x4**2/1000 + 87*x4*x5/5000 + 19*x4*x6/3125 + 631*x4/10000 + 37*x5**2/250 + 847*x5*x6/100000 + 607*x5/10000 + 147*x6**2/1000 + 357*x6/10000 + 41/200",
    "Q": "[[0.2048662699271763, 0.017913023374231375, 0.03031042454846957, 0.03156138748225017, -0.16352018944184243, 0.02643520407908221, 0.025823632762697973], [0.017913023374231375, 0.14676524055646642, 0.004199612450425314, 0.003091172420833698, -0.021486425283097965, 0.004919757715291701, 0.006479798564736553], [0.03031042454846957, 0.004199612450425314, 0.147145041606804, 0.00863041256144113, -0.02759457929829389, 0.006811161423075412, 0.007074096280691471], [0.03156138748225017, 0.003091172420833698, 0.00863041256144113, 0.14739924377011424, -0.02814519117581392, 0.00714305057885326, 0.007282410493212019], [-0.16352018944184243, -0.021486425283097965, -0.02759457929829389, -0.02814519117581392, 0.23360364595779806, -0.02580001459217302, -0.02583070720304769], [0.02643520407908221, 0.004919757715291701, 0.006811161423075412, 0.00714305057885326, -0.02580001459217302, 0.14656283306335519, 0.006833608514587748], [0.025823632762697973, 0.006479798564736553, 0.007074096280691471, 0.007282410493212019, -0.02583070720304769, 0.006833608514587748, 0.14716585060450785]]",
    "monomial_list": "[1, x6, x5, x4, x3, x2, x1]"
}