{
    "name": "Multiplier-6",
    "rational_expression": "19*x1**2/125 + 41*x1*x2/2000 + 49*x1*x3/2500 + 49*x1*x4/2000 + 241*x1*x5/10000 - 229*x1*x6/5000 + 237*x1/5000 + 19*x2**2/125 + 203*x2*x3/10000 + 49*x2*x4/2000 + 239*x2*x5/10000 - 451*x2*x6/10000 + 221*x2/5000 + 19*x3**2/125 + x3*x4/40 + 129*x3*x5/5000 - 93*x3*x6/2000 + 223*x3/5000 + 39*x4**2/250 + 307*x4*x5/10000 - 59*x4*x6/1250 + 9*x4/200 + 39*x5**2/250 - 459*x5*x6/10000 + 221*x5/5000 + 123*x6**2/500 - 339*x6/1000 + 201/1000",
    "Q": "[[0.20104170003977767, -0.16953535707597697, 0.022053054207055563, 0.02244074369712764, 0.022244554542609814, 0.022034291416844917, 0.02379153440930292], [-0.16953535707597697, 0.24636901685282556, -0.022941994338661672, -0.023600422776076303, -0.023217795412477045, -0.022560873553584323, -0.022924835845200664], [0.022053054207055563, -0.022941994338661672, 0.15568154449585525, 0.015308825851259755, 0.012853638687593325, 0.01196521217344175, 0.01201926001635011], [0.02244074369712764, -0.023600422776076303, 0.015308825851259755, 0.15548519965188573, 0.012407846027421556, 0.01218734177841479, 0.012131251738003328], [0.022244554542609814, -0.023217795412477045, 0.012853638687593325, 0.012407846027421556, 0.1516808094801872, 0.010067575273664489, 0.009807756543879146], [0.022034291416844917, -0.022560873553584323, 0.01196521217344175, 0.01218734177841479, 0.010067575273664489, 0.15194990136218306, 0.010304943945451605], [0.02379153440930292, -0.022924835845200664, 0.01201926001635011, 0.012131251738003328, 0.009807756543879146, 0.010304943945451605, 0.15199384587851797]]",
    "monomial_list": "[1, x6, x5, x4, x3, x2, x1]"
}