{
    "name": "Total Decomposition",
    "rational_expression": "2359*x1**4/10000 - 1237*x1**3*x2/25000 - 1021*x1**3*x3/20000 - 5383*x1**3*x4/100000 - 2623*x1**3*x5/50000 - 4311*x1**3*x6/100000 + 5217*x1**3/10000 + 1481*x1**2*x2**2/5000 + 1521*x1**2*x2*x3/100000 + 87*x1**2*x2*x4/5000 + 327*x1**2*x2*x5/20000 + 9637*x1**2*x2*x6/1000000 + 2057*x1**2*x2/5000 + 591*x1**2*x3**2/2000 + 1819*x1**2*x3*x4/100000 + 361*x1**2*x3*x5/20000 + 7531*x1**2*x3*x6/1000000 + 2031*x1**2*x3/5000 + 2969*x1**2*x4**2/10000 + 2011*x1**2*x4*x5/100000 + 6713*x1**2*x4*x6/1000000 + 1009*x1**2*x4/2500 + 601*x1**2*x5**2/2000 + 8837*x1**2*x5*x6/1000000 + 4151*x1**2*x5/10000 + 149*x1**2*x6**2/500 + 4379*x1**2*x6/10000 + 1017*x1**2/500 - 5221*x1*x2**3/100000 + 303*x1*x2**2*x3/25000 + 57*x1*x2**2*x4/4000 + 1447*x1*x2**2*x5/100000 + 253*x1*x2**2*x6/20000 + 503*x1*x2**2/1250 + 87*x1*x2*x3**2/6250 + 3507*x1*x2*x3*x4/5000000 - 7051*x1*x2*x3*x5/100000000 + 5021*x1*x2*x3*x6/10000000 + 747*x1*x2*x3/5000 + 839*x1*x2*x4**2/50000 - 1549*x1*x2*x4*x5/10000000 - 389*x1*x2*x4*x6/2000000 + 861*x1*x2*x4/5000 + 2113*x1*x2*x5**2/100000 - 2351*x1*x2*x5*x6/5000000 + 47*x1*x2*x5/250 + 2079*x1*x2*x6**2/100000 + 1547*x1*x2*x6/10000 + 513*x1*x2/2500 - 643*x1*x3**3/12500 + 299*x1*x3**2*x4/20000 + 9*x1*x3**2*x5/625 + 343*x1*x3**2*x6/25000 + 801*x1*x3**2/2000 + 1571*x1*x3*x4**2/100000 + 4007*x1*x3*x4*x5/10000000 - 4551*x1*x3*x4*x6/10000000 + 429*x1*x3*x4/2500 + 909*x1*x3*x5**2/50000 - 1613*x1*x3*x5*x6/2500000 + 459*x1*x3*x5/2500 + 1883*x1*x3*x6**2/100000 + 1451*x1*x3*x6/10000 + 177*x1*x3/625 - 4819*x1*x4**3/100000 + 879*x1*x4**2*x5/50000 + 781*x1*x4**2*x6/50000 + 4197*x1*x4**2/10000 + 27*x1*x4*x5**2/1250 - 8893*x1*x4*x5*x6/10000000 + 133*x1*x4*x5/625 + 2383*x1*x4*x6**2/100000 + 1663*x1*x4*x6/10000 + 1429*x1*x4/10000 - 4331*x1*x5**3/100000 + 1751*x1*x5**2*x6/100000 + 437*x1*x5**2/1000 + 2409*x1*x5*x6**2/100000 + 1821*x1*x5*x6/10000 + 1063*x1*x5/10000 - 4591*x1*x6**3/100000 + 4083*x1*x6**2/10000 + 759*x1*x6/2500 + 409*x1/20000 + 1173*x2**4/5000 - 333*x2**3*x3/6250 - 559*x2**3*x4/10000 - 1369*x2**3*x5/25000 - 4399*x2**3*x6/100000 + 1037*x2**3/2000 + 2929*x2**2*x3**2/10000 + 1513*x2**2*x3*x4/100000 + 1599*x2**2*x3*x5/100000 + 1729*x2**2*x3*x6/250000 + 789*x2**2*x3/2000 + 737*x2**2*x4**2/2500 + 359*x2**2*x4*x5/20000 + 381*x2**2*x4*x6/62500 + 3919*x2**2*x4/10000 + 1491*x2**2*x5**2/5000 + 8989*x2**2*x5*x6/1000000 + 252*x2**2*x5/625 + 2983*x2**2*x6**2/10000 + 2153*x2**2*x6/5000 + 2069*x2**2/1000 - 643*x2*x3**3/12500 + 37*x2*x3**2*x4/2500 + 129*x2*x3**2*x5/10000 + 509*x2*x3**2*x6/50000 + 791*x2*x3**2/2000 + 799*x2*x3*x4**2/50000 + 77*x2*x3*x4*x5/625000 + 1731*x2*x3*x4*x6/20000000 + 813*x2*x3*x4/5000 + 1879*x2*x3*x5**2/100000 - 3617*x2*x3*x5*x6/10000000 + 1737*x2*x3*x5/10000 + 989*x2*x3*x6**2/50000 + 1341*x2*x3*x6/10000 + 1563*x2*x3/5000 - 4759*x2*x4**3/100000 + 423*x2*x4**2*x5/25000 + 1241*x2*x4**2*x6/100000 + 4171*x2*x4**2/10000 + 541*x2*x4*x5**2/25000 + 41*x2*x4*x5*x6/78125 + 2037*x2*x4*x5/10000 + 2381*x2*x4*x6**2/100000 + 757*x2*x4*x6/5000 + 1903*x2*x4/10000 - 4329*x2*x5**3/100000 + 723*x2*x5**2*x6/50000 + 173*x2*x5**2/400 + 237*x2*x5*x6**2/10000 + 423*x2*x5*x6/2500 + 1541*x2*x5/10000 - 181*x2*x6**3/4000 + 2039*x2*x6**2/5000 + 4409*x2*x6/10000 - 3443*x2/500000 + 2331*x3**4/10000 - 5589*x3**3*x4/100000 - 2751*x3**3*x5/50000 - 1067*x3**3*x6/25000 + 2569*x3**3/5000 + 2937*x3**2*x4**2/10000 + 1723*x3**2*x4*x5/100000 + 1239*x3**2*x4*x6/200000 + 3887*x3**2*x4/10000 + 1479*x3**2*x5**2/5000 + 171*x3**2*x5*x6/20000 + 1991*x3**2*x5/5000 + 597*x3**2*x6**2/2000 + 1073*x3**2*x6/2500 + 2119*x3**2/1000 - 1231*x3*x4**3/25000 + 1921*x3*x4**2*x5/100000 + 9627*x3*x4**2*x6/1000000 + 4137*x3*x4**2/10000 + 2113*x3*x4*x5**2/100000 - 827*x3*x4*x5*x6/1250000 + 2067*x3*x4*x5/10000 + 2389*x3*x4*x6**2/100000 + 71*x3*x4*x6/500 + 227*x3*x4/1000 - 909*x3*x5**3/20000 + 517*x3*x5**2*x6/50000 + 4257*x3*x5**2/10000 + 2511*x3*x5*x6**2/100000 + 317*x3*x5*x6/2000 + 1351*x3*x5/10000 - 463*x3*x6**3/10000 + 4043*x3*x6**2/10000 + 29*x3*x6/50 - 41*x3/250 + 461*x4**4/2000 - 5151*x4**3*x5/100000 - 3997*x4**3*x6/100000 + 5131*x4**3/10000 + 3*x4**2*x5**2/10 + 561*x4**2*x5*x6/50000 + 529*x4**2*x5/1250 + 151*x4**2*x6**2/500 + 4503*x4**2*x6/10000 + 1007*x4**2/500 - 1201*x4*x5**3/25000 + 1077*x4*x5**2*x6/100000 + 171*x4*x5**2/400 + 1509*x4*x5*x6**2/50000 + 3*x4*x5*x6/16 + 1877*x4*x5/1000000 - 4767*x4*x6**3/100000 + 4011*x4*x6**2/10000 + 5437*x4*x6/10000 - 2529*x4/10000 + 471*x5**4/2000 - 377*x5**3*x6/10000 + 1313*x5**3/2500 + 3041*x5**2*x6**2/10000 + 1163*x5**2*x6/2500 + 1977*x5**2/1000 - 2293*x5*x6**3/50000 + 4111*x5*x6**2/10000 + 4083*x5*x6/10000 - 889*x5/10000 + 2463*x6**4/10000 + 5479*x6**3/10000 + 2163*x6**2/1000 + 2529*x6/10000 + 3419/1000",
    "Q": "[[3.4185046338373, 0.12533524397939616, -0.0459398878220192, -0.12670141272015578, -0.08256526251761961, -0.003438984615515137, 0.009669983273123994, 0.26182658614393545, -0.13804949593940294, -0.12343778863364775, -0.11722334417189309, -0.1296651078941348, -0.1486223605871377, 0.22410054300599644, -0.21433457937391573, -0.1886807711525895, -0.18087345546128253, -0.18954031029273244, 0.22381096138892492, -0.1803701595761126, -0.17831607363985152, -0.18418873165162472, 0.24755361437785214, -0.1569705792196581, -0.15909917304896765, 0.25109477916670603, -0.16564239493081517, 0.24568676003908776], [0.12533524397939616, 1.6358968084524974, 0.34038853801057156, 0.39463956417010354, 0.4064371252095326, 0.3510911990879472, 0.2983955270414828, 0.27392887448755565, 0.1440228580324384, 0.13819661094063107, 0.13264343967962391, 0.13716520066942178, 0.14346152764539863, 0.09572687217121821, 0.052230139222070524, 0.03895216421344795, 0.03925420065071928, 0.04332567201174656, 0.09069204108218408, 0.03301068570257799, 0.034953552094390834, 0.03729477896099682, 0.08196645794948759, 0.024707637976668886, 0.024847624174040777, 0.08287247746399454, 0.030673844447966572, 0.08303084001378043], [-0.0459398878220192, 0.34038853801057156, 1.5254812050585964, 0.21585876156180414, 0.25575356856355075, 0.25808061874287685, 0.2415365168196938, 0.06136751393469571, 0.13605427543717633, 0.012558001308041277, 0.011881893122303195, 0.020722862597530745, 0.02848543993252259, 0.2624250750524706, 0.15739021224838118, 0.14586148068736046, 0.14744043436135315, 0.15283788549239594, 0.04637701298798074, 0.01820636965111279, 0.023035908684875674, 0.026871755529749113, 0.04308536942834386, 0.015800127434980334, 0.017507720437462286, 0.05041914458995337, 0.0255271054000944, 0.05420135645557957], [-0.12670141272015578, 0.39463956417010354, 0.21585876156180414, 1.569501377770323, 0.29484578663643624, 0.27227291416270644, 0.2563986241165284, 0.06379732249533435, 0.02860359741647018, 0.1339224614001785, 0.018523568389407975, 0.02692398926673353, 0.035789254124859476, 0.05592638941972817, 0.1646728698024626, 0.033923857454103194, 0.035852313466746416, 0.04206381130326484, 0.2556799515913446, 0.14618979517784111, 0.14853237987402768, 0.15320471010952302, 0.04380147013168979, 0.02206965036028428, 0.0242399830846857, 0.04891637800524907, 0.03179429127988784, 0.05350742898048909], [-0.08256526251761961, 0.4064371252095326, 0.25575356856355075, 0.29484578663643624, 1.6267804072604526, 0.31330132385481413, 0.3021969944769221, 0.07019448386723615, 0.02997064594907933, 0.020549209331383104, 0.13162089105737282, 0.028059927891560952, 0.03760228514911827, 0.06747685227640728, 0.05050118890491788, 0.1562967534878813, 0.04036921565014162, 0.04716777538298752, 0.05957639075481379, 0.15053658906697304, 0.0348157524188365, 0.03990416920288054, 0.2569663743585022, 0.14265086891763634, 0.14567720730217779, 0.06002776187617068, 0.03641051174894679, 0.06551330510667465], [-0.003438984615515137, 0.3510911990879472, 0.25808061874287685, 0.27227291416270644, 0.31330132385481413, 1.5696855654815212, 0.26698231337931433, 0.06732423865892896, 0.023863555579545743, 0.014191868554895813, 0.013287230186348037, 0.1324685234503929, 0.029102889058416063, 0.06930316924429875, 0.04272567127509088, 0.03196723140642292, 0.1516175051418932, 0.039055685858460094, 0.05956907579335581, 0.02403313487189722, 0.14709334169342386, 0.03138052183317571, 0.05570770378162537, 0.13776247898920427, 0.021432898478147104, 0.25949592476166494, 0.14467109249012466, 0.06353459665084656], [0.009669983273123994, 0.2983955270414828, 0.2415365168196938, 0.2563986241165284, 0.3021969944769221, 0.26698231337931433, 1.5413377928627447, 0.060894755218189045, 0.01933571301540726, 0.010156693513830847, 0.009830031580874353, 0.016692097278290144, 0.1358945319160846, 0.06576327097516636, 0.03845295963776011, 0.0287838973794354, 0.02959769106623101, 0.15352364099735735, 0.05663940650132676, 0.02141133715718747, 0.02390564477235586, 0.14807640728656135, 0.0540922268074068, 0.017118301346828388, 0.13776617265236082, 0.05654160914157047, 0.14152508715152345, 0.2611376059950691], [0.26182658614393545, 0.27392887448755565, 0.06136751393469571, 0.06379732249533435, 0.07019448386723615, 0.06732423865892896, 0.060894755218189045, 0.24636901685282983, -0.02294199433866097, -0.023600422776077726, -0.023217795412480355, -0.022560873553583004, -0.022924835845203644, 0.03886467965027492, -0.0001335914234696061, -0.0001291186365094548, -0.001073285565285723, -0.0020703849966617785, 0.03882895459304991, -9.880743457886014e-05, -0.0007266055237427807, -0.001590854058451854, 0.03905736197179887, -0.0006142410668088555, -0.00146676243223806, 0.0385791673288453, -0.0021827444453907372, 0.03736196037249142], [-0.13804949593940294, 0.1440228580324384, 0.13605427543717633, 0.02860359741647018, 0.02997064594907933, 0.023863555579545743, 0.01933571301540726, -0.02294199433866097, 0.22569023862037443, 0.015442417274719322, 0.012982757324101105, 0.013038497738721988, 0.014089645013006838, -0.01889140924422688, 0.008519038865779939, 0.006928307270971549, 0.007328859784258348, 0.008309518880746804, -0.0010723972575697803, 0.0005306218682673711, -0.00011451189907649166, -0.0010608310457688873, -0.0013020827977832901, -0.0005484983663988955, -0.0015614866406034504, -0.0019797864394549267, -0.0016447666687926703, -0.003485456977709084], [-0.12343778863364775, 0.13819661094063107, 0.012558001308041277, 0.1339224614001785, 0.020549209331383104, 0.014191868554895813, 0.010156693513830847, -0.023600422776077726, 0.015442417274719322, 0.2247799074344532, 0.012506653462004459, 0.01291394730215897, 0.013722105796460358, -0.0031900823311931865, 0.0063767641295307525, -0.0009243719823378599, -0.0023746954289719916, -0.003367929317264967, -0.020168946450993253, 0.004829909787295293, 0.0054694484516626205, 0.006404932884641299, -0.0017076234897021373, -0.0014188407185655217, -0.002353725616966427, -0.002741456736848625, -0.002782176426010007, -0.004100116017713459], [-0.11722334417189309, 0.13264343967962391, 0.011881893122303195, 0.018523568389407975, 0.13162089105737282, 0.013287230186348037, 0.009830031580874353, -0.023217795412480355, 0.012982757324101105, 0.012506653462004459, 0.2203313251438849, 0.010681816340473802, 0.011274518976118588, -0.0015358076452012149, 0.00039375011407675884, 0.005501695248211394, -0.0011158724470004436, -0.0017316563426099617, -0.00030574408387396056, 0.004798795910537481, -0.0002621097756124173, -0.000830903584579601, -0.021486425283094742, 0.004920777155075298, 0.0059867977446122, -0.0013990089999943857, -0.001373329185190168, -0.0022460686247645543], [-0.1296651078941348, 0.13716520066942178, 0.020722862597530745, 0.02692398926673353, 0.028059927891560952, 0.1324685234503929, 0.016692097278290144, -0.022560873553583004, 0.013038497738721988, 0.01291394730215897, 0.010681816340473802, 0.22127728420229933, 0.012487688390839625, -0.00020159306211141488, 0.002489207328039487, 0.0016643708134009003, 0.0061763681751298765, -0.00021040132065861615, 0.0005141810055377589, 0.0016809504941828611, 0.005700877004613231, 0.00036989433541685917, -1.019439782035928e-06, 0.004760230349146506, -0.00027156747324414055, -0.022036715135789517, 0.006702135854879725, -0.002146010180408463], [-0.1486223605871377, 0.14346152764539863, 0.02848543993252259, 0.035789254124859476, 0.03760228514911827, 0.029102889058416063, 0.1358945319160846, -0.022924835845203644, 0.014089645013006838, 0.013722105796460358, 0.011274518976118588, 0.012487688390839625, 0.2234333453008809, 0.00033506967362256985, 0.004428760363032321, 0.0032931429832164095, 0.0018551679894514845, 0.008140170728124865, 0.0010940423543163355, 0.0031846292015490665, 0.00241228209059025, 0.007592312943038564, 0.0004930008201176188, 0.001644896658438578, 0.006036274745414928, -0.0007297246563660444, 0.007109996780438602, -0.021739651646315597], [0.22410054300599644, 0.09572687217121821, 0.2624250750524706, 0.05592638941972817, 0.06747685227640728, 0.06930316924429875, 0.06576327097516636, 0.03886467965027492, -0.01889140924422688, -0.0031900823311931865, -0.0015358076452012149, -0.00020159306211141488, 0.00033506967362256985, 0.23570318384098982, -0.023999497156665564, -0.022803693856624747, -0.021577699893364995, -0.02168123700881281, 0.03196393647033428, -0.005722615345390708, -0.005329436627292083, -0.006083206110928578, 0.03432498633608628, -0.0037309331691117763, -0.0044170520994270285, 0.03536368659919186, -0.0035105925529113307, 0.03478266503558674], [-0.21433457937391573, 0.052230139222070524, 0.15739021224838118, 0.1646728698024626, 0.05050118890491788, 0.04272567127509088, 0.03845295963776011, -0.0001335914234696061, 0.008519038865779939, 0.0063767641295307525, 0.00039375011407675884, 0.002489207328039487, 0.004428760363032321, -0.023999497156665564, 0.2353482203822964, 0.016458139483867686, 0.016200638961339615, 0.017119871398599728, -0.025758881306147837, 0.014070294931296707, 0.013672851153020452, 0.01418721210341318, -0.00541592855160782, 0.00011448636021231446, -0.0003532101148323488, -0.0046236292574873255, 0.001205553636676134, -0.004806143406707375], [-0.1886807711525895, 0.03895216421344795, 0.14586148068736046, 0.033923857454103194, 0.1562967534878813, 0.03196723140642292, 0.0287838973794354, -0.0001291186365094548, 0.006928307270971549, -0.0009243719823378599, 0.005501695248211394, 0.0016643708134009003, 0.0032931429832164095, -0.022803693856624747, 0.016458139483867686, 0.2276129482245859, 0.01328403936798046, 0.014008967143055242, -0.004927505150547172, 0.014046341113048701, 0.0003736112382522049, 0.0004566182381393706, -0.027594579298293734, 0.010925771583990824, 0.011150313121602815, -0.003234586292311249, 0.001277755882513594, -0.003001547448030219], [-0.18087345546128253, 0.03925420065071928, 0.14744043436135315, 0.035852313466746416, 0.04036921565014162, 0.1516175051418932, 0.02959769106623101, -0.001073285565285723, 0.007328859784258348, -0.0023746954289719916, -0.0011158724470004436, 0.0061763681751298765, 0.0018551679894514845, -0.021577699893364995, 0.016200638961339615, 0.01328403936798046, 0.22817614506808404, 0.014051605878012036, -0.005349682436889868, -0.0004880975984648585, 0.013655339527751779, -0.0008301868956002393, -0.004114610160912755, 0.011352700311443593, -0.00101975365776342, -0.027498262019523875, 0.011353891273467302, -0.004113102077946963], [-0.18954031029273244, 0.04332567201174656, 0.15283788549239594, 0.04206381130326484, 0.04716777538298752, 0.039055685858460094, 0.15352364099735735, -0.0020703849966617785, 0.008309518880746804, -0.003367929317264967, -0.0017316563426099617, -0.00021040132065861615, 0.008140170728124865, -0.02168123700881281, 0.017119871398599728, 0.014008967143055242, 0.014051605878012036, 0.23124834609534126, -0.005675871880012145, -0.00010340812330889347, -0.0003753667410708875, 0.015088283939997855, -0.004076216840909914, -0.0002580022247486437, 0.012296478507287736, -0.004069332362053028, 0.012448774758418973, -0.026300034876607606], [0.22381096138892492, 0.09069204108218408, 0.04637701298798074, 0.2556799515913446, 0.05957639075481379, 0.05956907579335581, 0.05663940650132676, 0.03882895459304991, -0.0010723972575697803, -0.020168946450993253, -0.00030574408387396056, 0.0005141810055377589, 0.0010940423543163355, 0.03196393647033428, -0.025758881306147837, -0.004927505150547172, -0.005349682436889868, -0.005675871880012145, 0.23032376994884515, -0.02477234809456629, -0.023999204773701127, -0.024131760383281513, 0.03413513190485526, -0.0034895529957366064, -0.003884573935061417, 0.0345628997322442, -0.0035572719892390976, 0.034340896833526674], [-0.1803701595761126, 0.03301068570257799, 0.01820636965111279, 0.14618979517784111, 0.15053658906697304, 0.02403313487189722, 0.02141133715718747, -9.880743457886014e-05, 0.0005306218682673711, 0.004829909787295293, 0.004798795910537481, 0.0016809504941828611, 0.0031846292015490665, -0.005722615345390708, 0.014070294931296707, 0.014046341113048701, -0.0004880975984648585, -0.00010340812330889347, -0.02477234809456629, 0.2258508459999557, 0.01114998006180428, 0.01150648540289837, -0.028145191175807497, 0.011117961460458509, 0.011272762315605318, -0.0037461830231150916, 0.0007459704389891808, -0.003390209929099588], [-0.17831607363985152, 0.034953552094390834, 0.023035908684875674, 0.14853237987402768, 0.0348157524188365, 0.14709334169342386, 0.02390564477235586, -0.0007266055237427807, -0.00011451189907649166, 0.0054694484516626205, -0.0002621097756124173, 0.005700877004613231, 0.00241228209059025, -0.005329436627292083, 0.013672851153020452, 0.0003736112382522049, 0.013655339527751779, -0.0003753667410708875, -0.023999204773701127, 0.01114998006180428, 0.22651606127535664, 0.01178898151770267, -0.003974910881613505, 0.011420076799059856, -0.0005753480320867477, -0.028230853187063625, 0.011804779383821596, -0.004139451891668575], [-0.18418873165162472, 0.03729477896099682, 0.026871755529749113, 0.15320471010952302, 0.03990416920288054, 0.03138052183317571, 0.14807640728656135, -0.001590854058451854, -0.0010608310457688873, 0.006404932884641299, -0.000830903584579601, 0.00036989433541685917, 0.007592312943038564, -0.006083206110928578, 0.01418721210341318, 0.0004566182381393706, -0.0008301868956002393, 0.015088283939997855, -0.024131760383281513, 0.01150648540289837, 0.01178898151770267, 0.22881811832235693, -0.003990351822396775, -0.0001706224069032753, 0.01225130154529687, -0.004418336402583586, 0.012710315301048311, -0.026944612023018455], [0.24755361437785214, 0.08196645794948759, 0.04308536942834386, 0.04380147013168979, 0.2569663743585022, 0.05570770378162537, 0.0540922268074068, 0.03905736197179887, -0.0013020827977832901, -0.0017076234897021373, -0.021486425283094742, -1.019439782035928e-06, 0.0004930008201176188, 0.03432498633608628, -0.00541592855160782, -0.027594579298293734, -0.004114610160912755, -0.004076216840909914, 0.03413513190485526, -0.028145191175807497, -0.003974910881613505, -0.003990351822396775, 0.23360364595779054, -0.02580001459217549, -0.025830707203053353, 0.03607910855328113, -0.0025276549879589398, 0.036334173566027174], [-0.1569705792196581, 0.024707637976668886, 0.015800127434980334, 0.02206965036028428, 0.14265086891763634, 0.13776247898920427, 0.017118301346828388, -0.0006142410668088555, -0.0005484983663988955, -0.0014188407185655217, 0.004920777155075298, 0.004760230349146506, 0.001644896658438578, -0.0037309331691117763, 0.00011448636021231446, 0.010925771583990824, 0.011352700311443593, -0.0002580022247486437, -0.0034895529957366064, 0.011117961460458509, 0.011420076799059856, -0.0001706224069032753, -0.02580001459217549, 0.2215176270753525, 0.00936126350255227, -0.02657045831747458, 0.009558553428564412, -0.0025973695851159886], [-0.15909917304896765, 0.024847624174040777, 0.017507720437462286, 0.0242399830846857, 0.14567720730217779, 0.021432898478147104, 0.13776617265236082, -0.00146676243223806, -0.0015614866406034504, -0.002353725616966427, 0.0059867977446122, -0.00027156747324414055, 0.006036274745414928, -0.0044170520994270285, -0.0003532101148323488, 0.011150313121602815, -0.00101975365776342, 0.012296478507287736, -0.003884573935061417, 0.011272762315605318, -0.0005753480320867477, 0.01225130154529687, -0.025830707203053353, 0.00936126350255227, 0.22279547354241114, -0.0031766690984542244, 0.010204574261926556, -0.02529997445467017], [0.25109477916670603, 0.08287247746399454, 0.05041914458995337, 0.04891637800524907, 0.06002776187617068, 0.25949592476166494, 0.05654160914157047, 0.0385791673288453, -0.0019797864394549267, -0.002741456736848625, -0.0013990089999943857, -0.022036715135789517, -0.0007297246563660444, 0.03536368659919186, -0.0046236292574873255, -0.003234586292311249, -0.027498262019523875, -0.004069332362053028, 0.0345628997322442, -0.0037461830231150916, -0.028230853187063625, -0.004418336402583586, 0.03607910855328113, -0.02657045831747458, -0.0031766690984542244, 0.23496369950234705, -0.026160827606697502, 0.036159917053509245], [-0.16564239493081517, 0.030673844447966572, 0.0255271054000944, 0.03179429127988784, 0.03641051174894679, 0.14467109249012466, 0.14152508715152345, -0.0021827444453907372, -0.0016447666687926703, -0.002782176426010007, -0.001373329185190168, 0.006702135854879725, 0.007109996780438602, -0.0035105925529113307, 0.001205553636676134, 0.001277755882513594, 0.011353891273467302, 0.012448774758418973, -0.0035572719892390976, 0.0007459704389891808, 0.011804779383821596, 0.012710315301048311, -0.0025276549879589398, 0.009558553428564412, 0.010204574261926556, -0.026160827606697502, 0.22391773147273955, -0.024739955745275023], [0.24568676003908776, 0.08303084001378043, 0.05420135645557957, 0.05350742898048909, 0.06551330510667465, 0.06353459665084656, 0.2611376059950691, 0.03736196037249142, -0.003485456977709084, -0.004100116017713459, -0.0022460686247645543, -0.002146010180408463, -0.021739651646315597, 0.03478266503558674, -0.004806143406707375, -0.003001547448030219, -0.004113102077946963, -0.026300034876607606, 0.034340896833526674, -0.003390209929099588, -0.004139451891668575, -0.026944612023018455, 0.036334173566027174, -0.0025973695851159886, -0.02529997445467017, 0.036159917053509245, -0.024739955745275023, 0.23583177024398816]]",
    "monomial_list": "[1, x6, x5, x4, x3, x2, x1, x6**2, x5*x6, x4*x6, x3*x6, x2*x6, x1*x6, x5**2, x4*x5, x3*x5, x2*x5, x1*x5, x4**2, x3*x4, x2*x4, x1*x4, x3**2, x2*x3, x1*x3, x2**2, x1*x2, x1**2]"
}