{
    "name": "Total Decomposition",
    "rational_expression": "531*x1**4/125000 - 1229*x1**3*x2/100000 - 1101*x1**3/20000 + 629*x1**2*x2**2/2500 - 341*x1**2*x2/1000 + 893*x1**2/2000 - 4561*x1*x2**3/100000 - 3019*x1*x2**2/10000 - 3617*x1*x2/10000 - 1203*x1/5000 + 2647*x2**4/10000 - 417*x2**3/1000 + 293*x2**2/250 - 1677*x2/5000 + 371/250",
    "Q": "[[1.4835067636491186, -0.16834713574676702, -0.11999680833347746, 0.23639034352226268, -0.20286360016322752, 0.015805999301981326], [-0.16834713574676702, 0.7001809536350543, 0.022503535254895415, -0.20837877602836663, -0.07336990629716415, 0.0011167680591812471], [-0.11999680833347746, 0.022503535254895415, 0.4141947162040311, -0.07745441308954458, -0.17157035223913875, -0.027665896567282137], [0.23639034352226268, -0.20837877602836663, -0.07745441308954458, 0.26503536375094533, -0.02282586985091219, 0.007628295123576469], [-0.20286360016322752, -0.07336990629716415, -0.17157035223913875, -0.02282586985091219, 0.23576464602900601, -0.006006942761866741], [0.015805999301981326, 0.0011167680591812471, -0.027665896567282137, 0.007628295123576469, -0.006006942761866741, 0.004395504378841889]]",
    "monomial_list": "[1, x2, x1, x2**2, x1*x2, x1**2]"
}