{
    "name": "Total Decomposition",
    "rational_expression": "2429*x1**4/500000 - 259*x1**3*x2/20000 - 3121*x1**3/50000 + 1347*x1**2*x2**2/5000 - 1833*x1**2*x2/5000 + 967*x1**2/2000 - 959*x1*x2**3/20000 - 3213*x1*x2**2/10000 - 1939*x1*x2/5000 - 299*x1/1250 + 2809*x2**4/10000 - 2217*x2**3/5000 + 5*x2**2/4 - 3557*x2/10000 + 1617/1000",
    "Q": "[[1.6169369687365365, -0.17807879204830912, -0.12008392334035382, 0.2540050776846194, -0.22100963260610237, 0.015531679906518842], [-0.17807879204830912, 0.7427563131672545, 0.027928983396656858, -0.2214788841171782, -0.0784185694420631, 0.0006882933752896778], [-0.12008392334035382, 0.027928983396656858, 0.45079978207003873, -0.0825293934331582, -0.18344623898597703, -0.031034923805006713], [0.2540050776846194, -0.2214788841171782, -0.0825293934331582, 0.28111197427336043, -0.024024836843871897, 0.008035182156747998], [-0.22100963260610237, -0.0784185694420631, -0.18344623898597703, -0.024024836843871897, 0.2524623914773381, -0.006401075784126145], [0.015531679906518842, 0.0006882933752896778, -0.031034923805006713, 0.008035182156747998, -0.006401075784126145, 0.004961855238870366]]",
    "monomial_list": "[1, x2, x1, x2**2, x1*x2, x1**2]"
}