{
    "name": "Total Decomposition",
    "rational_expression": "1943*x1**4/1000 - 549*x1**3*x2/5000 - 1373*x1**3/100000 + 444*x1**2*x2**2/125 - 3203*x1**2*x2/10000 + 121*x1**2/40 + 89*x1*x2**3/200 + 291*x1*x2**2/200 + 611*x1*x2/2000 + 1199*x1/1000 + 837*x2**4/500 + 5181*x2**3/10000 + 639*x2**2/200 + 653*x2/2500 + 3349/1000",
    "Q": "[[3.3494382262753963, 0.12995648087845765, 0.5993504844348918, 0.2373585024850791, 0.06794939981835628, 0.1482100682853252], [0.12995648087845765, 2.719461179750498, 0.0844764319958982, 0.25834699640197634, 0.4760819312217222, -0.07277966927473957], [0.5993504844348918, 0.0844764319958982, 2.7296003911328537, 0.25167118591167864, -0.08770982006644547, -0.007854965923846472], [0.2373585024850791, 0.25834699640197634, 0.25167118591167864, 1.6736194280113297, 0.22210195233695942, 0.2129135907756141], [0.06794939981835628, 0.4760819312217222, -0.08770982006644547, 0.22210195233695942, 3.127294566952351, -0.056247505786703046], [0.1482100682853252, -0.07277966927473957, -0.007854965923846472, 0.2129135907756141, -0.056247505786703046, 1.9422969674286983]]",
    "monomial_list": "[1, x2, x1, x2**2, x1*x2, x1**2]"
}