{
    "name": "Multiplier-15",
    "rational_expression": "12573*x1**2/1000 + 10339*x1*x10/1000000 - 22229*x1*x11/500000 - 20699*x1*x12/1000000 - 14571*x1*x13/1000000 + 8757*x1*x14/500000 - 358*x1*x15/3125 - 14699*x1*x16/1000000 - 5247*x1*x17/250000 - 24907*x1*x18/1000000 - 433*x1*x19/31250 - 817*x1*x2/50000 - 19799*x1*x3/1000000 - 7521*x1*x4/500000 - 46969*x1*x5/1000000 - 45307*x1*x6/1000000 - 8479*x1*x7/500000 - 11113*x1*x8/250000 - 3671*x1*x9/200000 - 5541*x1/12500 + 2521*x10**2/200 - 42959*x10*x11/1000000 + 5921*x10*x12/1000000 - 12489*x10*x13/1000000 + 5107*x10*x14/250000 - 481*x10*x15/2000 + 11107*x10*x16/1000000 - 2069*x10*x17/100000 - 6283*x10*x18/250000 + 5981*x10*x19/500000 + 91277*x10*x2/10000000 - 1927*x10*x3/100000 + 8993*x10*x4/250000 - 11649*x10*x5/250000 - 18599*x10*x6/1000000 - 2107*x10*x7/125000 - 43761*x10*x8/1000000 + 69511*x10*x9/10000000 - 49581*x10/100000 + 503*x11**2/40 - 5203*x11*x12/250000 + 79257*x11*x13/10000000 - 2721*x11*x14/200000 - 26201*x11*x15/100000 - 9763*x11*x16/500000 - 21987*x11*x17/1000000 - 4863*x11*x18/200000 - 731*x11*x19/40000 - 10259*x11*x2/500000 - 1067*x11*x3/50000 - 9903*x11*x4/500000 + 10937*x11*x5/5000000 - 5347*x11*x6/250000 - 2513*x11*x7/125000 + 37069*x11*x8/10000000 - 10839*x11*x9/500000 - 26103*x11/100000 + 6289*x12**2/500 - 22559*x12*x13/500000 - 42863*x12*x14/1000000 - 13541*x12*x15/50000 - 47281*x12*x16/1000000 - 4573*x12*x17/200000 + 38117*x12*x18/100000000 - 11729*x12*x19/250000 - 11167*x12*x2/500000 - 5823*x12*x3/250000 + 2189*x12*x4/625000 - 23963*x12*x5/1000000 - 48751*x12*x6/1000000 - 2261*x12*x7/100000 - 24239*x12*x8/500000 - 22381*x12*x9/1000000 - 7799*x12/50000 + 6301*x13**2/500 + 47521*x13*x14/1000000 - 10233*x13*x15/50000 + 9423*x13*x16/250000 - 20219*x13*x17/1000000 - 50467*x13*x18/1000000 + 3301*x13*x19/250000 + 10033*x13*x2/1000000 - 3581*x13*x3/200000 - 1303*x13*x4/100000 - 20087*x13*x5/1000000 + 66159*x13*x6/10000000 - 7621*x13*x7/500000 + 77233*x13*x8/10000000 - 8831*x13*x9/500000 - 27377*x13/50000 + 3163*x14**2/250 - 1049*x14*x15/6250 + 46361*x14*x16/1000000 - 16689*x14*x17/1000000 - 75059*x14*x18/1000000 + 47959*x14*x19/1000000 + 8541*x14*x2/500000 - 6603*x14*x3/500000 + 3969*x14*x4/200000 - 17709*x14*x5/1000000 - 6639*x14*x6/500000 + 3203*x14*x7/200000 - 5691*x14*x8/500000 - 1141*x14*x9/100000 - 93909*x14/100000 + 16141*x15**2/1000 - 11093*x15*x16/50000 - 12587*x15*x17/50000 - 854*x15*x18/3125 - 19201*x15*x19/100000 - 23091*x15*x2/100000 - 11023*x15*x3/50000 - 11203*x15*x4/50000 - 6401*x15*x5/25000 - 4937*x15*x6/20000 - 20923*x15*x7/100000 - 5419*x15*x8/25000 - 6061*x15*x9/25000 - 1532*x15/625 + 12613*x16**2/1000 - 45401*x16*x17/1000000 - 25297*x16*x18/500000 + 39179*x16*x19/1000000 + 35873*x16*x2/1000000 - 4597*x16*x3/250000 + 6061*x16*x4/500000 - 4969*x16*x5/250000 + 3463*x16*x6/500000 - 2959*x16*x7/200000 + 3233*x16*x8/400000 - 16533*x16*x9/1000000 - 2869*x16/5000 + 1257*x17**2/100 - 24237*x17*x18/1000000 - 4901*x17*x19/250000 - 5799*x17*x2/125000 + 3717*x17*x3/1250000 - 2533*x17*x4/125000 - 11293*x17*x5/500000 - 1123*x17*x6/50000 - 10257*x17*x7/500000 - 5501*x17*x8/250000 - 22033*x17*x9/1000000 - 23557*x17/100000 + 2513*x18**2/200 - 50659*x18*x19/1000000 - 6279*x18*x2/250000 - 25137*x18*x3/1000000 - 12631*x18*x4/250000 - 6119*x18*x5/250000 - 5057*x18*x6/200000 - 25261*x18*x7/1000000 - 25331*x18*x8/500000 - 12667*x18*x9/500000 + 1576*x19**2/125 - 6641*x19*x2/500000 + 37851*x19*x3/5000000 + 3301*x19*x4/250000 - 973*x19*x5/50000 + 37739*x19*x6/5000000 - 1739*x19*x7/125000 + 88161*x19*x8/10000000 - 79*x19*x9/5000 - 62553*x19/100000 + 1261*x2**2/100 - 69461*x2*x3/1000000 - 2917*x2*x4/200000 - 2587*x2*x5/125000 - 4721*x2*x6/250000 - 17303*x2*x7/1000000 - 17959*x2*x8/1000000 - 4689*x2*x9/250000 - 23477*x2/50000 + 12581*x3**2/1000 - 373*x3*x4/20000 - 21957*x3*x5/1000000 - 2077*x3*x6/100000 - 4801*x3*x7/250000 - 4031*x3*x8/200000 - 20183*x3*x9/1000000 - 7819*x3/25000 + 6299*x4**2/500 - 20831*x4*x5/1000000 - 17953*x4*x6/1000000 - 15193*x4*x7/1000000 - 42991*x4*x8/1000000 - 8447*x4*x9/500000 - 27377*x4/50000 + 12571*x5**2/1000 - 21997*x5*x6/1000000 - 10487*x5*x7/500000 + 599*x5*x8/200000 - 2239*x5*x9/100000 - 2101*x5/10000 + 12581*x6**2/1000 - 3999*x6*x7/200000 + 44343*x6*x8/10000000 - 20951*x6*x9/1000000 - 7819*x6/25000 + 12583*x7**2/1000 - 9163*x7*x8/500000 - 19123*x7*x9/1000000 - 5541*x7/12500 + 1574*x8**2/125 - 45551*x8*x9/1000000 - 36529*x8/100000 + 12581*x9**2/1000 - 36529*x9/100000 + 13039/1000",
    "Q": "[[13.039378550678444, -0.18593991560345657, -0.17762471080527698, -0.22260042138031003, -0.1588776731617235, -0.10648452172106582, -0.2743241922694923, -0.15426637867430468, -0.22951038759786696, -0.3120452113369031, 0.005680478407869904, -0.11685149105721, -0.2903660507672862, -1.231689778416066, -0.4721665775440925, -0.2796570174665857, -0.08402816963701726, -0.12949462071752013, -0.25025532464858935, -0.2259424602414057], [-0.18593991560345657, 12.58017556097613, -0.0197834524832866, -0.009798324537096297, -0.011061173224161985, -0.013810737889005487, -0.0029673503357167557, -0.008038451532435244, -0.009853167445379694, -0.002538449114630375, -0.013285663513853982, -0.012803970562803779, -0.005735122096121808, -0.1146659751828308, -0.0012808269282536878, -0.00911866126521137, -0.006100971478697527, -0.015021073595733389, 0.00170503084769349, -0.005210248503685236], [-0.17762471080527698, -0.0197834524832866, 12.591780980410242, -0.005825645760402379, 0.002186334823342249, -0.001652411186613608, -0.01550252461172288, -0.006429688641443096, -0.005562858570254902, 0.0032831823317208187, -0.019746579224733486, -0.012723667840952002, 0.005126046463245533, -0.11379267868070585, -0.0004929411429146154, 0.01005679526357525, -0.027565685472852593, 0.002422197567347218, -0.023029186465269542, -0.021401329158050094], [-0.22260042138031003, -0.009798324537096297, -0.005825645760402379, 12.583159813174667, -0.012377565496876429, -0.008441717203008608, -0.007489603845631385, -0.006996015420304776, -0.009146921227897046, -0.001219569288677211, -0.014203567932077993, -0.009395648115365172, -0.006179539857339067, -0.10774504622598376, 0.004045563704274883, -0.0016712039533833213, -0.01500897163027633, -0.0059242045632484745, -0.012056050655097243, -0.006346099825086211], [-0.1588776731617235, -0.011061173224161985, 0.002186334823342249, -0.012377565496876429, 12.580672962116923, -0.007835815368152727, -0.00867862607829512, -0.00876383001459433, -0.004026717123533601, 0.001933987652472721, -0.018830481858350383, -0.01560839786922637, 0.006268498429205332, -0.12006725417668239, -0.003614440132472036, 0.0020769406707213944, -0.018062933262187397, -0.0077035349732900845, -0.006957593501789989, -0.01685204296074481], [-0.10648452172106582, -0.013810737889005487, -0.001652411186613608, -0.008441717203008608, -0.007835815368152727, 12.570440753513152, -0.016377165422445824, -0.009065208856480465, -0.009465979372489738, -0.009611356378189757, -0.007149188917727462, -0.009636418126729312, -0.009465137447549772, -0.12739814237159994, -0.013378340568324437, -0.004574487473390208, -0.012628598633175048, -0.00330692513474587, -0.01775816936945084, -0.01711261073459086], [-0.2743241922694923, -0.0029673503357167557, -0.01550252461172288, -0.007489603845631385, -0.00867862607829512, -0.016377165422445824, 12.597601372930294, -0.009402529505538963, -0.0028702655666107326, 0.004245754749431739, -0.019726899680041432, -0.01358634352563797, 0.003111890402872159, -0.11468897534652338, 0.013878336555031167, -0.004154346050070195, -0.004293708420478065, -0.015155041586973145, 0.01211157128835038, -0.0037299315371338666], [-0.15426637867430468, -0.008038451532435244, -0.006429688641443096, -0.006996015420304776, -0.00876383001459433, -0.009065208856480465, -0.009402529505538963, 12.580671092896578, -0.030469460792601537, -0.0007452735517413604, -0.013154726195836191, -0.0034649119862994724, -0.015342662178362197, -0.1167791990292975, -0.0022182354489808185, -0.004702645648876691, -0.011854522010677278, -0.0051892263223636695, -0.01286304933085693, -0.012323036509707135], [-0.22951038759786696, -0.009853167445379694, -0.005562858570254902, -0.009146921227897046, -0.004026717123533601, -0.009465979372489738, -0.0028702655666107326, -0.030469460792601537, 12.609852320763988, -0.0022474310993129713, -0.018027801035570515, -0.028052957622992543, 0.020607182546443968, -0.11276381864543468, 0.0033143732937960095, 0.0019709374075464097, -0.013201976320503564, -0.014704792669005366, 0.004307950649620835, -0.007389034963014557], [-0.3120452113369031, -0.002538449114630375, 0.0032831823317208187, -0.001219569288677211, 0.001933987652472721, -0.009611356378189757, 0.004245754749431739, -0.0007452735517413604, -0.0022474310993129713, 12.607942068019964, -0.025351604081095748, -0.01110576314627639, 0.013905571141760496, -0.1009112467323879, 0.02691870746723908, 0.0123671122667542, -0.017232777116381486, -0.00627246440709871, 0.0020475631441906525, -0.002082772087228468], [0.005680478407869904, -0.013285663513853982, -0.019746579224733486, -0.014203567932077993, -0.018830481858350383, -0.007149188917727462, -0.019726899680041432, -0.013154726195836191, -0.018027801035570515, -0.025351604081095748, 12.565451108585943, -0.0075635854904526935, -0.0280965989791143, -0.1395660685276087, -0.034401008550694584, -0.023094611380212866, -1.6518599757690462e-05, -0.01036178005911846, -0.016292454066814593, -0.017329952778811754], [-0.11685149105721, -0.012803970562803779, -0.012723667840952002, -0.009395648115365172, -0.01560839786922637, -0.009636418126729312, -0.01358634352563797, -0.0034649119862994724, -0.028052957622992543, -0.01110576314627639, -0.0075635854904526935, 12.570295832776003, -0.02350614122361086, -0.12170392857322436, -0.012572303500596732, -0.012615756170528371, -0.009363899858392326, -0.007547367149199102, -0.015222354928817383, -0.013892113737568287], [-0.2903660507672862, -0.005735122096121808, 0.005126046463245533, -0.006179539857339067, 0.006268498429205332, -0.009465137447549772, 0.003111890402872159, -0.015342662178362197, 0.020607182546443968, 0.013905571141760496, -0.0280965989791143, -0.02350614122361086, 12.61402925253646, -0.1052993021889408, 0.01909463174599861, 0.012860483335919536, -0.020535563363308532, -0.00969388167258282, 0.004357824795722924, -0.006996115300723258], [-1.231689778416066, -0.1146659751828308, -0.11379267868070585, -0.10774504622598376, -0.12006725417668239, -0.12739814237159994, -0.11468897534652338, -0.1167791990292975, -0.11276381864543468, -0.1009112467323879, -0.1395660685276087, -0.12170392857322436, -0.1052993021889408, 16.14247826052695, -0.08179341098262662, -0.103446187266691, -0.138738053492217, -0.12345665242618152, -0.11867814483372338, -0.05334713880887914], [-0.4721665775440925, -0.0012808269282536878, -0.0004929411429146154, 0.004045563704274883, -0.003614440132472036, -0.013378340568324437, 0.013878336555031167, -0.0022182354489808185, 0.0033143732937960095, 0.02691870746723908, -0.034401008550694584, -0.012572303500596732, 0.01909463174599861, -0.08179341098262662, 12.651886972490695, 0.019490999788065382, -0.019864231556831497, -0.008955653495640783, 0.011319058664573776, 0.007153610821218278], [-0.2796570174665857, -0.00911866126521137, 0.01005679526357525, -0.0016712039533833213, 0.0020769406707213944, -0.004574487473390208, -0.004154346050070195, -0.004702645648876691, 0.0019709374075464097, 0.0123671122667542, -0.023094611380212866, -0.012615756170528371, 0.012860483335919536, -0.103446187266691, 0.019490999788065382, 12.602004345832931, -0.0228545328894815, -0.0020451469416529534, -0.00843811727999256, -0.007458818110053614], [-0.08402816963701726, -0.006100971478697527, -0.027565685472852593, -0.01500897163027633, -0.018062933262187397, -0.012628598633175048, -0.004293708420478065, -0.011854522010677278, -0.013201976320503564, -0.017232777116381486, -1.6518599757690462e-05, -0.009363899858392326, -0.020535563363308532, -0.138738053492217, -0.019864231556831497, -0.0228545328894815, 12.577962148965014, -0.016047098816565537, 0.003952429308781196, -0.012154755201461698], [-0.12949462071752013, -0.015021073595733389, 0.002422197567347218, -0.0059242045632484745, -0.0077035349732900845, -0.00330692513474587, -0.015155041586973145, -0.0051892263223636695, -0.014704792669005366, -0.00627246440709871, -0.01036178005911846, -0.007547367149199102, -0.00969388167258282, -0.12345665242618152, -0.008955653495640783, -0.0020451469416529534, -0.016047098816565537, 12.574608783439563, -0.021436259142939392, -0.018084022576823327], [-0.25025532464858935, 0.00170503084769349, -0.023029186465269542, -0.012056050655097243, -0.006957593501789989, -0.01775816936945084, 0.01211157128835038, -0.01286304933085693, 0.004307950649620835, 0.0020475631441906525, -0.016292454066814593, -0.015222354928817383, 0.004357824795722924, -0.11867814483372338, 0.011319058664573776, -0.00843811727999256, 0.003952429308781196, -0.021436259142939392, 12.605321440785012, 0.0023289175168793998], [-0.2259424602414057, -0.005210248503685236, -0.021401329158050094, -0.006346099825086211, -0.01685204296074481, -0.01711261073459086, -0.0037299315371338666, -0.012323036509707135, -0.007389034963014557, -0.002082772087228468, -0.017329952778811754, -0.013892113737568287, -0.006996115300723258, -0.05334713880887914, 0.007153610821218278, -0.007458818110053614, -0.012154755201461698, -0.018084022576823327, 0.0023289175168793998, 12.572320819371214]]",
    "monomial_list": "[1, x9, x8, x7, x6, x5, x4, x3, x2, x19, x18, x17, x16, x15, x14, x13, x12, x11, x10, x1]"
}