{
    "name": "Multiplier-19",
    "rational_expression": "12557*x1**2/1000 - 5369*x1*x10/250000 - 22421*x1*x11/500000 - 9611*x1*x12/500000 - 47311*x1*x13/1000000 - 4937*x1*x14/200000 - 871*x1*x15/50000 - 24329*x1*x16/500000 - 18999*x1*x17/1000000 - 303*x1*x18/20000 - 6369*x1*x19/50000 - 867*x1*x2/40000 - 11011*x1*x3/500000 - 24813*x1*x4/1000000 - 507*x1*x5/25000 - 48991*x1*x6/1000000 - 10451*x1*x7/500000 - 24217*x1*x8/500000 - 10571*x1*x9/500000 - 6191*x1/20000 + 6289*x10**2/500 - 46821*x10*x11/1000000 + 43839*x10*x12/10000000 - 21611*x10*x13/1000000 + 4089*x10*x14/1250000 - 46339*x10*x15/1000000 + 6763*x10*x16/2000000 - 46689*x10*x17/1000000 - 5747*x10*x18/125000 - 31101*x10*x19/100000 + 1077*x10*x2/1000000 - 24397*x10*x3/1000000 + 25619*x10*x4/1000000 - 12337*x10*x5/250000 - 24051*x10*x6/1000000 - 99*x10*x7/2000 - 10023*x10*x8/200000 + 84919*x10*x9/100000000 - 77191*x10/1000000 + 6287*x11**2/500 - 43603*x11*x12/1000000 - 4043*x11*x13/200000 - 1503*x11*x14/62500 - 1541*x11*x15/100000 - 22497*x11*x16/1000000 - 8533*x11*x17/500000 - 7289*x11*x18/500000 - 22309*x11*x19/100000 - 46819*x11*x2/1000000 - 5267*x11*x3/250000 - 50231*x11*x4/1000000 + 54401*x11*x5/10000000 - 11393*x11*x6/500000 - 9911*x11*x7/500000 + 24047*x11*x8/10000000 - 1081*x11*x9/50000 - 16777*x11/50000 + 629*x12**2/50 - 4603*x12*x13/100000 - 23589*x12*x14/1000000 - 3983*x12*x15/250000 - 23729*x12*x16/500000 - 441*x12*x17/25000 - 6769*x12*x18/500000 - 2541*x12*x19/10000 - 2141*x12*x2/100000 - 10893*x12*x3/500000 + 52849*x12*x4/100000000 - 9931*x12*x5/500000 - 2443*x12*x6/50000 - 20539*x12*x7/1000000 - 48253*x12*x8/1000000 - 20853*x12*x9/1000000 - 16777*x12/50000 + 6283*x13**2/500 + 26321*x13*x14/10000000 - 45527*x13*x15/1000000 + 6213*x13*x16/2000000 - 9227*x13*x17/200000 - 2811*x13*x18/62500 - 27493*x13*x19/100000 - 22989*x13*x2/1000000 - 23929*x13*x3/1000000 - 24323*x13*x4/1000000 - 11223*x13*x5/500000 + 36127*x13*x6/50000000 - 23481*x13*x7/1000000 + 96167*x13*x8/100000000 - 2389*x13*x9/100000 - 6459*x13/50000 + 12569*x14**2/1000 - 74781*x14*x15/1000000 + 14893*x14*x16/5000000 - 4961*x14*x17/100000 - 4711*x14*x18/62500 - 29733*x14*x19/100000 - 25529*x14*x2/1000000 - 26243*x14*x3/1000000 + 5083*x14*x4/200000 - 52243*x14*x5/1000000 - 6247*x14*x6/250000 - 26723*x14*x7/1000000 - 12621*x14*x8/500000 - 26457*x14*x9/1000000 + 10397*x14/100000 + 6293*x15**2/500 - 47689*x15*x16/1000000 - 3583*x15*x17/250000 + 7689*x15*x18/500000 - 41*x15*x19/200 - 22393*x15*x2/500000 - 3843*x15*x3/200000 - 24989*x15*x4/500000 - 16239*x15*x5/1000000 - 453*x15*x6/20000 - 18041*x15*x7/1000000 - 21659*x15*x8/1000000 - 9819*x15*x9/500000 - 6449*x15/12500 + 3143*x16**2/250 - 47869*x16*x17/1000000 - 36147*x16*x18/500000 - 14279*x16*x19/50000 + 25859*x16*x2/1000000 - 50313*x16*x3/1000000 + 12577*x16*x4/100000000 - 199*x16*x5/8000 + 633*x16*x6/3125000 - 24937*x16*x7/1000000 + 4557*x16*x8/20000000 - 5007*x16*x9/200000 - 5041*x16/200000 + 503*x17**2/40 - 2473*x17*x18/200000 - 21723*x17*x19/100000 - 70837*x17*x2/1000000 + 637*x17*x3/156250 - 313*x17*x4/6250 - 1827*x17*x5/100000 - 48603*x17*x6/1000000 - 19077*x17*x7/1000000 - 141*x17*x8/6250 - 10527*x17*x9/500000 - 38713*x17/100000 + 12601*x18**2/1000 - 19189*x18*x19/100000 - 43307*x18*x2/1000000 - 9317*x18*x3/500000 - 49803*x18*x4/1000000 - 14147*x18*x5/1000000 - 4731*x18*x6/100000 - 15439*x18*x7/1000000 - 11519*x18*x8/250000 - 18211*x18*x9/1000000 - 64509*x18/100000 + 16137*x19**2/1000 - 24693*x19*x2/100000 - 24987*x19*x3/100000 - 14871*x19*x4/50000 - 11791*x19*x5/50000 - 13157*x19*x6/50000 - 10779*x19*x7/50000 - 808*x19*x8/3125 - 4979*x19*x9/20000 - 3131*x19/1250 + 1259*x2**2/100 - 72201*x2*x3/1000000 - 24121*x2*x4/1000000 - 2589*x2*x5/125000 - 23043*x2*x6/1000000 - 2129*x2*x7/100000 - 23283*x2*x8/1000000 - 22189*x2*x9/1000000 - 5679*x2/20000 + 3143*x3**2/250 - 4983*x3*x4/200000 - 20357*x3*x5/1000000 - 23941*x3*x6/1000000 - 261*x3*x7/12500 - 709*x3*x8/31250 - 22469*x3*x9/1000000 - 5167*x3/20000 + 12569*x4**2/1000 - 50179*x4*x5/1000000 - 24339*x4*x6/1000000 - 24913*x4*x7/1000000 - 12551*x4*x8/500000 - 6067*x4*x9/250000 - 5041*x4/200000 + 6289*x5**2/500 - 362*x5*x6/15625 - 18739*x5*x7/1000000 + 29493*x5*x8/10000000 - 20771*x5*x9/1000000 - 41273*x5/100000 + 2513*x6**2/200 - 48797*x6*x7/1000000 + 96167*x6*x8/100000000 - 2389*x6*x9/100000 - 6459*x6/50000 + 3143*x7**2/250 - 22739*x7*x8/1000000 - 21337*x7*x9/1000000 - 18077*x7/50000 + 1572*x8**2/125 - 4863*x8*x9/100000 - 4529*x8/25000 + 12569*x9**2/1000 - 5679*x9/20000 + 2581/200",
    "Q": "[[12.904522228759943, -0.14150131870816318, -0.09668698552681691, -0.18227745728669517, -0.06534925639220777, -0.21084725954108285, -0.007845595655412593, -0.12529355782174628, -0.14835880167627016, -1.2531507308488357, -0.32419028639566844, -0.19965134381383973, -0.00907555755992857, -0.25566455889514855, 0.045708398902740095, -0.07033667587079422, -0.16323911422611115, -0.1714116231275477, -0.0394580462428616, -0.1506763572279311], [-0.14150131870816318, 12.568131093511358, -0.02371904492581656, -0.014107170926823346, -0.015475456075265511, -0.014698461758343254, -0.009327718310243446, -0.0113782051411488, -0.01535542378338007, -0.12069371131181923, -0.01030330744666222, -0.013668279390989387, -0.014646258049491767, -0.011926911338366476, -0.01451364284254345, -0.016468829836128736, -0.006278586606337231, -0.01691409003617249, -0.004681618204085762, -0.009783223984060212], [-0.09668698552681691, -0.02371904492581656, 12.575432867856854, -0.01152971067349913, -0.0032105798095434022, -0.003468655039878974, -0.01859429630447845, -0.011213899491310486, -0.011641011259833274, -0.12482609471675263, -0.020372790707993173, -0.01535361259396405, -0.004209984488691877, -0.010910293086609716, -0.01243787251827913, -5.378412693432959e-05, -0.02823192733218478, -0.0007617503101044274, -0.02562187648011332, -0.026398011735109465], [-0.18227745728669517, -0.014107170926823346, -0.01152971067349913, 12.571159332573142, -0.017938255631335172, -0.007463342713016456, -0.016844305509957254, -0.010483458601282877, -0.01593783901862753, -0.1125487336624838, -0.0072867056027702696, -0.00906294544128471, -0.018326757857050967, -0.010385059774139595, -0.015740272170866508, -0.01224119913676507, -0.015269874283952881, -0.00715467389041768, -0.020148433710764115, -0.0110419253999907], [-0.06534925639220777, -0.015475456075265511, -0.0032105798095434022, -0.017938255631335172, 12.565240171890284, -0.011723763676756175, -0.008852312030996564, -0.013178583224528905, -0.00924181693005628, -0.13398789399426117, -0.02361237263058018, -0.019491434790989613, -0.00019342388734982352, -0.013433797583209452, -0.009243068970786795, -0.004416554079211638, -0.018434117810110753, -0.011423735659948564, -0.008140585748419747, -0.02231677511676643], [-0.21084725954108285, -0.014698461758343254, -0.003468655039878974, -0.007463342713016456, -0.011723763676756175, 12.578972297170333, -0.022312884315986048, -0.009408372650566437, -0.012228743673454699, -0.1125325088395643, -0.001874317572469202, -0.007649473535737113, -0.01593506734626447, -0.0025334925674449084, -0.020426612669473043, -0.008525568844045978, -0.015531131415731165, -0.0024628344179138694, -0.02322566486143361, -0.015265259988206934], [-0.007845595655412593, -0.009327718310243446, -0.01859429630447845, -0.016844305509957254, -0.008852312030996564, -0.022312884315986048, 12.569337572277515, -0.014884249655783742, -0.00805286083195096, -0.15218046869602408, -0.02894903198565325, -0.020242576530133838, 0.0010435825637930963, -0.026736712479269887, 0.007559106801709772, -0.009152498404002667, -0.002673423486184401, -0.01966745892208143, 0.012574704394237968, -0.015352633617618155], [-0.12529355782174628, -0.0113782051411488, -0.011213899491310486, -0.010483458601282877, -0.013178583224528905, -0.009408372650566437, -0.014884249655783742, 12.571932001790762, -0.034655295720483745, -0.11918418848954934, -0.010275865241870602, -0.00383823532189305, -0.022064302275134243, -0.008575999381609193, -0.014764367226380677, -0.01216587569371902, -0.012873748480166118, -0.0068457436203170005, -0.01785512360697112, -0.015489451115812652], [-0.14835880167627016, -0.01535542378338007, -0.011641011259833274, -0.01593783901862753, -0.00924181693005628, -0.012228743673454699, -0.00805286083195096, -0.034655295720483745, 12.589469132197424, -0.1270038794663319, -0.018264636377434536, -0.030934482145336117, 0.008403007014728377, -0.017032161223673813, -0.010888445963630995, -0.008088529312158943, -0.01300736270587709, -0.0182028521203825, -0.0014571683388350952, -0.014297661070939377], [-1.2531507308488357, -0.12069371131181923, -0.12482609471675263, -0.1125487336624838, -0.13398789399426117, -0.1125325088395643, -0.15218046869602408, -0.11918418848954934, -0.1270038794663319, 16.136866532572167, -0.09490683901141604, -0.10913577181206935, -0.1462337682617514, -0.10238312618361393, -0.15182696170353488, -0.1330233409094683, -0.12959122258975694, -0.11701489259516441, -0.14935798234760278, -0.06315654775822702], [-0.32419028639566844, -0.01030330744666222, -0.020372790707993173, -0.0072867056027702696, -0.02361237263058018, -0.001874317572469202, -0.02894903198565325, -0.010275865241870602, -0.018264636377434536, -0.09490683901141604, 12.601449486796877, -0.001392449535519031, -0.03364440315756793, 0.005070324160119455, -0.037017092649016155, -0.024022918963603517, -0.004693480737813566, -0.007921706182529341, -0.023967477809516774, -0.006426307533592145], [-0.19965134381383973, -0.013668279390989387, -0.01535361259396405, -0.00906294544128471, -0.019491434790989613, -0.007649473535737113, -0.020242576530133838, -0.00383823532189305, -0.030934482145336117, -0.10913577181206935, -0.001392449535519031, 12.575784443356396, -0.029576965785634467, -0.006011014701101468, -0.021435533366071045, -0.01723048396885347, -0.01135589257850443, -0.007223012160564711, -0.021077438577974436, -0.012341166174215401], [-0.00907555755992857, -0.014646258049491767, -0.004209984488691877, -0.018326757857050967, -0.00019342388734982352, -0.01593506734626447, 0.0010435825637930963, -0.022064302275134243, 0.008403007014728377, -0.1462337682617514, -0.03364440315756793, -0.029576965785634467, 12.571744292812154, -0.02241151909503001, 0.0012999078955059683, -0.0010702766575147408, -0.01772119201778528, -0.015721746277097357, 0.0011549494929711864, -0.02074355120283499], [-0.25566455889514855, -0.011926911338366476, -0.010910293086609716, -0.010385059774139595, -0.013433797583209452, -0.0025334925674449084, -0.026736712479269887, -0.008575999381609193, -0.017032161223673813, -0.10238312618361393, 0.005070324160119455, -0.006011014701101468, -0.02241151909503001, 12.586702614240329, -0.03424367871898284, -0.01680133230202285, -0.012518964857416114, -0.0061888313425272, -0.023893354534486416, -0.013046196826359385], [0.045708398902740095, -0.01451364284254345, -0.01243787251827913, -0.015740272170866508, -0.009243068970786795, -0.020426612669473043, 0.007559106801709772, -0.014764367226380677, -0.010888445963630995, -0.15182696170353488, -0.037017092649016155, -0.021435533366071045, 0.0012999078955059683, -0.03424367871898284, 12.568732969245755, -0.002790250536188162, -0.013541914129900313, -0.016550724030069595, 0.004668797337884424, -0.016930737679073635], [-0.07033667587079422, -0.016468829836128736, -5.378412693432959e-05, -0.01224119913676507, -0.004416554079211638, -0.008525568844045978, -0.009152498404002667, -0.01216587569371902, -0.008088529312158943, -0.1330233409094683, -0.024022918963603517, -0.01723048396885347, -0.0010702766575147408, -0.01680133230202285, -0.002790250536188162, 12.566060156243303, -0.0210836497620608, -0.007189809778918474, -0.013154585597426998, -0.019120964875561308], [-0.16323911422611115, -0.006278586606337231, -0.02823192733218478, -0.015269874283952881, -0.018434117810110753, -0.015531131415731165, -0.002673423486184401, -0.012873748480166118, -0.01300736270587709, -0.12959122258975694, -0.004693480737813566, -0.01135589257850443, -0.01772119201778528, -0.012518964857416114, -0.013541914129900313, -0.0210836497620608, 12.579373249809803, -0.018558342903144925, 0.004680441561522792, -0.009843055318768086], [-0.1714116231275477, -0.01691409003617249, -0.0007617503101044274, -0.00715467389041768, -0.011423735659948564, -0.0024628344179138694, -0.01966745892208143, -0.0068457436203170005, -0.0182028521203825, -0.11701489259516441, -0.007921706182529341, -0.007223012160564711, -0.015721746277097357, -0.0061888313425272, -0.016550724030069595, -0.007189809778918474, -0.018558342903144925, 12.574512960169523, -0.025429970710635963, -0.018472230830822774], [-0.0394580462428616, -0.004681618204085762, -0.02562187648011332, -0.020148433710764115, -0.008140585748419747, -0.02322566486143361, 0.012574704394237968, -0.01785512360697112, -0.0014571683388350952, -0.14935798234760278, -0.023967477809516774, -0.021077438577974436, 0.0011549494929711864, -0.023893354534486416, 0.004668797337884424, -0.013154585597426998, 0.004680441561522792, -0.025429970710635963, 12.578306557186972, -0.00840721903071065], [-0.1506763572279311, -0.009783223984060212, -0.026398011735109465, -0.0110419253999907, -0.02231677511676643, -0.015265259988206934, -0.015352633617618155, -0.015489451115812652, -0.014297661070939377, -0.06315654775822702, -0.006426307533592145, -0.012341166174215401, -0.02074355120283499, -0.013046196826359385, -0.016930737679073635, -0.019120964875561308, -0.009843055318768086, -0.018472230830822774, -0.00840721903071065, 12.556936036164517]]",
    "monomial_list": "[1, x9, x8, x7, x6, x5, x4, x3, x2, x19, x18, x17, x16, x15, x14, x13, x12, x11, x10, x1]"
}