{
    "name": "Multiplier-17",
    "rational_expression": "12569*x1**2/1000 + 5061*x1*x10/500000 - 9603*x1*x11/500000 - 10001*x1*x12/500000 - 3243*x1*x13/250000 + 1329*x1*x14/125000 - 18731*x1*x15/1000000 + 17459*x1*x16/1000000 - 11887*x1*x17/100000 - 11569*x1*x18/500000 - 15087*x1*x19/1000000 + 4209*x1*x2/250000 - 11619*x1*x3/500000 - 3453*x1*x4/200000 - 2417*x1*x5/125000 - 3753*x1*x6/250000 - 9281*x1*x7/500000 - 20791*x1*x8/500000 + 35987*x1*x9/5000000 - 2*x1/5 + 12609*x10**2/1000 - 1303*x10*x11/31250 + 33649*x10*x12/5000000 - 76751*x10*x13/10000000 + 769*x10*x14/50000 - 15759*x10*x15/1000000 + 25279*x10*x16/500000 - 23353*x10*x17/100000 - 351*x10*x18/15625 + 13377*x10*x19/1000000 + 24531*x10*x2/500000 - 1359*x10*x3/62500 + 35541*x10*x4/1000000 - 3389*x10*x5/200000 + 363*x10*x6/25000 - 4043*x10*x7/250000 - 37907*x10*x8/1000000 + 2521*x10*x9/250000 - 6999*x10/12500 + 6289*x11**2/500 - 20763*x11*x12/1000000 + 2079*x11*x13/200000 - 3027*x11*x14/200000 + 63099*x11*x15/10000000 + 14943*x11*x16/1000000 - 5651*x11*x17/25000 - 22899*x11*x18/1000000 + 15387*x11*x19/2000000 - 1411*x11*x2/125000 + 8247*x11*x3/5000000 - 19621*x11*x4/1000000 + 12061*x11*x5/2500000 + 4171*x11*x6/500000 + 12061*x11*x7/2500000 + 16391*x11*x8/500000 - 9409*x11*x9/500000 - 1999*x11/6250 + 12577*x12**2/1000 - 21913*x12*x13/500000 - 18747*x12*x14/1000000 - 19659*x12*x15/1000000 - 41457*x12*x16/1000000 - 26917*x12*x17/100000 + 349*x12*x18/312500 - 2621*x12*x19/125000 - 17583*x12*x2/1000000 - 23557*x12*x3/1000000 + 273*x12*x4/78125 - 21763*x12*x5/1000000 - 411*x12*x6/20000 - 21757*x12*x7/1000000 - 9297*x12*x8/200000 + 16849*x12*x9/5000000 - 9359*x12/50000 + 1577*x13**2/125 + 10899*x13*x14/250000 - 6783*x13*x15/500000 + 81457*x13*x16/1000000 - 1909*x13*x17/10000 - 21947*x13*x18/1000000 + 2629*x13*x19/62500 + 5461*x13*x2/100000 + 8617*x13*x3/2500000 + 12437*x13*x4/1000000 + 5201*x13*x5/500000 + 10861*x13*x6/250000 + 5201*x13*x7/500000 + 41341*x13*x8/1000000 + 12487*x13*x9/1000000 - 69339*x13/100000 + 1577*x14**2/125 - 40631*x14*x15/1000000 + 52649*x14*x16/1000000 - 19723*x14*x17/100000 - 23781*x14*x18/500000 + 20053*x14*x19/500000 + 25837*x14*x2/1000000 - 5369*x14*x3/250000 + 443*x14*x4/40000 - 3841*x14*x5/250000 + 7973*x14*x6/500000 + 46033*x14*x7/5000000 + 2823*x14*x8/200000 + 221*x14*x9/20000 - 15341*x14/25000 + 6289*x15**2/500 - 21917*x15*x16/2500000 - 5567*x15*x17/25000 + 18829*x15*x18/10000000 - 3259*x15*x19/200000 - 631*x15*x2/62500 - 11369*x15*x3/500000 - 19089*x15*x4/1000000 + 209*x15*x5/40000 + 45199*x15*x6/5000000 - 967*x15*x7/50000 + 79979*x15*x8/10000000 - 9167*x15*x9/500000 - 3467*x15/10000 + 1584*x16**2/125 - 11879*x16*x17/100000 - 45337*x16*x18/1000000 + 19271*x16*x19/250000 + 487*x16*x2/4000 - 19889*x16*x3/1000000 + 1961*x16*x4/100000 + 4101*x16*x5/250000 + 1238*x16*x6/15625 + 4101*x16*x7/250000 + 50573*x16*x8/1000000 + 3937*x16*x9/200000 - 5469*x16/5000 + 16163*x17**2/1000 - 6537*x17*x18/25000 - 594*x17*x19/3125 - 11819*x17*x2/100000 - 5249*x17*x3/20000 - 22897*x17*x4/100000 - 53*x17*x5/250 - 3687*x17*x6/20000 - 10597*x17*x7/50000 - 16741*x17*x8/100000 - 20449*x17*x9/100000 - 26141*x17/10000 + 12569*x18**2/1000 - 2223*x18*x19/100000 - 19833*x18*x2/1000000 - 11891*x18*x3/500000 - 22879*x18*x4/1000000 + 5067*x18*x5/2500000 - 5479*x18*x6/250000 - 11269*x18*x7/500000 - 22299*x18*x8/1000000 - 887*x18*x9/40000 - 13347*x18/100000 + 12609*x19**2/1000 + 13441*x19*x2/500000 + 6353*x19*x3/2000000 + 11471*x19*x4/1000000 + 12001*x19*x5/1250000 + 8409*x19*x6/200000 + 12001*x19*x7/1250000 + 1003*x19*x8/25000 + 11521*x19*x9/1000000 - 1999*x19/3125 + 12679*x2**2/1000 - 8699*x2*x3/125000 + 20143*x2*x4/1000000 + 8393*x2*x5/500000 + 54481*x2*x6/1000000 + 8393*x2*x7/500000 + 25763*x2*x8/1000000 + 2521*x2*x9/125000 - 5599*x2/5000 + 1571*x3**2/125 - 2767*x3*x4/125000 + 5067*x3*x5/2500000 - 10561*x3*x6/500000 - 11269*x3*x7/500000 + 30957*x3*x8/10000000 - 887*x3*x9/40000 - 13347*x3/100000 + 12593*x4**2/1000 - 18141*x4*x5/1000000 - 12131*x4*x6/1000000 - 17367*x4*x7/1000000 - 1793*x4*x8/125000 + 86471*x4*x9/10000000 - 48017*x4/100000 + 12583*x5**2/1000 + 5201*x5*x6/500000 + 60261*x5*x7/10000000 + 92313*x5*x8/10000000 - 17381*x5*x9/1000000 - 2*x5/5 + 12613*x6**2/1000 - 14163*x6*x7/1000000 + 41341*x6*x8/1000000 + 12487*x6*x9/1000000 - 69339*x6/100000 + 629*x7**2/50 + 92313*x7*x8/10000000 - 17381*x7*x9/1000000 - 2*x7/5 + 2523*x8**2/200 - 1787*x8*x9/125000 - 15341*x8/25000 + 3147*x9**2/250 - 48017*x9/100000 + 6667/500",
    "Q": "[[13.333775068645801, -0.24409929564739888, -0.30190311104201273, -0.1990251461538773, -0.34746312364438076, -0.19762897126388917, -0.2407136035362057, -0.06812081380976817, -0.556134938684938, -0.3166192921818751, -0.06805831795447266, -1.304570625526138, -0.5413890630714524, -0.17110704460115478, -0.31218043592054123, -0.3429305798502468, -0.09961364031634652, -0.15457058635816437, -0.2794340094523972, -0.20162429967067547], [-0.24409929564739888, 12.588399842222168, -0.010028947075099057, -0.004901096541123291, 0.0006996042972207293, -0.00604733898960979, 0.0012861301506580573, -0.006574231500332151, 0.006765363583211342, 0.004815670381434337, -0.008550902431611768, -0.10288946623547499, 0.01047390035682389, -0.005354928477251802, 0.002209010864917491, 0.00035494228921030335, -0.0031515947951582897, -0.009616652947450437, 0.007843392904130215, -0.0020875040289331384], [-0.30190311104201273, -0.010028947075099057, 12.614765512879318, 0.0021206879456720155, 0.020239661434159888, 0.009602166825924434, -0.008764935054602897, -0.003712493159512465, 0.018330736240978307, 0.015184085887256048, -0.01417851898430513, -0.0899666256094407, 0.02987534153370469, 0.0007131876970749322, 0.007375474296233807, 0.025096971812034536, -0.024786076758357953, 0.010264580613175487, -0.014324282269208002, -0.015491233664061282], [-0.1990251461538773, -0.004901096541123291, 0.0021206879456720155, 12.57991788852183, -0.0029256365990878315, -0.001109629996465721, -0.004666182479704241, -0.006375211936477798, 0.003554978558756147, 0.002474902796050261, -0.00815084658083467, -0.10642919308847804, 0.005247223006041629, -0.006599757984445193, 0.00260517252074112, 0.004342685109901922, -0.010820076652929273, -0.0011239867150186168, -0.007545365647241091, -0.006058997703822148], [-0.34746312364438076, 0.0006996042972207293, 0.020239661434159888, -0.0029256365990878315, 12.61296988406499, 0.0034345929571415945, -0.00034845166262109965, -0.0050738345040914805, 0.02351342419013094, 0.01745584488920573, -0.014510763532788535, -0.08816746602956825, 0.03544048868433061, 0.0016835719962018188, 0.008659589562997687, 0.020230491580938814, -0.015861614086872505, 0.00043854346936595106, 0.0038400090539528727, -0.008647210961816917], [-0.19762897126388917, -0.00604733898960979, 0.009602166825924434, -0.001109629996465721, 0.0034345929571415945, 12.58287790843579, -0.009938228519454945, -0.005174019613241887, 0.005761681535548516, 0.0012192198086212274, -0.003812728313814904, -0.11019555383780788, 0.006880930102508449, -0.00028737549336737975, -0.0026133974950458133, 0.0074567839030036595, -0.010460148824664211, 0.002697086467335925, -0.010541726838764764, -0.011041236479442353], [-0.2407136035362057, 0.0012861301506580573, -0.008764935054602897, -0.004666182479704241, -0.00034845166262109965, -0.009938228519454945, 12.593473221759064, -0.007673275890826316, 0.007041344113587187, 0.0072173722132141795, -0.014019366854651445, -0.11444133813172924, 0.012730705943594245, -0.011849451285375933, 0.011561228201517192, 0.0008976826185139559, -0.0005566338959717263, -0.010404547195832519, 0.015155838493907756, -0.003718161198703229], [-0.06812081380976817, -0.006574231500332151, -0.003712493159512465, -0.006375211936477798, -0.0050738345040914805, -0.005174019613241887, -0.007673275890826316, 12.568461812077576, -0.029927115070578835, -0.0007506551780576376, -0.00899199309022678, -0.12633395844942316, -0.01347302430313284, -0.0061901000314838845, -0.004735947188603298, -0.003517016775041899, -0.008046703994602533, -0.002350993159622269, -0.010982287707876957, -0.014515816796889163], [-0.556134938684938, 0.006765363583211342, 0.018330736240978307, 0.003554978558756147, 0.02351342419013094, 0.005761681535548516, 0.007041344113587187, -0.029927115070578835, 12.678758980248187, 0.018127670066061804, -0.012604316128410401, -0.06108343583511415, 0.06544578349193593, -0.0009710496332806142, 0.018268298873265178, 0.026864449509649085, -0.011803374073356125, -0.0053132817543227115, 0.019610726507618574, 0.005870801249188749], [-0.3166192921818751, 0.004815670381434337, 0.015184085887256048, 0.002474902796050261, 0.01745584488920573, 0.0012192198086212274, 0.0072173722132141795, -0.0007506551780576376, 0.018127670066061804, 12.608674283501838, -0.016342600167125874, -0.09377431402023012, 0.032429581842900214, -0.004408962465037487, 0.021684289064517255, 0.020524930372409447, -0.011648763829629486, 0.000414011868569278, 0.008068281752113545, -0.0016598613864081484], [-0.06805831795447266, -0.008550902431611768, -0.01417851898430513, -0.00815084658083467, -0.014510763532788535, -0.003812728313814904, -0.014019366854651445, -0.00899199309022678, -0.012604316128410401, -0.016342600167125874, 12.569034146243753, -0.12756579448841934, -0.02040791130037496, -0.0021338912186232117, -0.020992211172494425, -0.014752743989109812, 0.0003440218554132078, -0.0068548671919441105, -0.011278276323295242, -0.0115808947210198], [-1.304570625526138, -0.10288946623547499, -0.0899666256094407, -0.10642919308847804, -0.08816746602956825, -0.11019555383780788, -0.11444133813172924, -0.12633395844942316, -0.06108343583511415, -0.09377431402023012, -0.12756579448841934, 16.16258266819912, -0.06275351485638826, -0.11133102464593511, -0.09523974183594638, -0.08739083507836842, -0.13435946482243838, -0.11605392158968308, -0.10987486962050085, -0.05379050742566756], [-0.5413890630714524, 0.01047390035682389, 0.02987534153370469, 0.005247223006041629, 0.03544048868433061, 0.006880930102508449, 0.012730705943594245, -0.01347302430313284, 0.06544578349193593, 0.032429581842900214, -0.02040791130037496, -0.06275351485638826, 12.671419527227197, 0.0003436037162360034, 0.02913155262413591, 0.036342205179035664, -0.01671776599706197, 0.0009054855665771878, 0.018988512003895924, 0.003108354479885147], [-0.17110704460115478, -0.005354928477251802, 0.0007131876970749322, -0.006599757984445193, 0.0016835719962018188, -0.00028737549336737975, -0.011849451285375933, -0.0061901000314838845, -0.0009710496332806142, -0.004408962465037487, -0.0021338912186232117, -0.11133102464593511, 0.0003436037162360034, 12.578001355690995, -0.015438533295182995, -0.001928569331729812, -0.00766395249009994, -0.002738747207013323, -0.009464677514651935, -0.012230189212085517], [-0.31218043592054123, 0.002209010864917491, 0.007375474296233807, 0.00260517252074112, 0.008659589562997687, -0.0026133974950458133, 0.011561228201517192, -0.004735947188603298, 0.018268298873265178, 0.021684289064517255, -0.020992211172494425, -0.09523974183594638, 0.02913155262413591, -0.015438533295182995, 12.616739837953725, 0.019655309560701755, -0.011676495890652326, -0.003087674999346193, 0.012651492363661919, 0.0006290838508283153], [-0.3429305798502468, 0.00035494228921030335, 0.025096971812034536, 0.004342685109901922, 0.020230491580938814, 0.0074567839030036595, 0.0008976826185139559, -0.003517016775041899, 0.026864449509649085, 0.020524930372409447, -0.014752743989109812, -0.08739083507836842, 0.036342205179035664, -0.001928569331729812, 0.019655309560701755, 12.615370841428959, -0.01790998927577226, 0.005620004952294564, -0.0003544116959361623, -0.004133413803104119], [-0.09961364031634652, -0.0031515947951582897, -0.024786076758357953, -0.010820076652929273, -0.015861614086872505, -0.010460148824664211, -0.0005566338959717263, -0.008046703994602533, -0.011803374073356125, -0.011648763829629486, 0.0003440218554132078, -0.13435946482243838, -0.01671776599706197, -0.00766395249009994, -0.011676495890652326, -0.01790998927577226, 12.576961903965957, -0.013319006765688715, 0.00696066589776804, -0.00894966422797278], [-0.15457058635816437, -0.009616652947450437, 0.010264580613175487, -0.0011239867150186168, 0.00043854346936595106, 0.002697086467335925, -0.010404547195832519, -0.002350993159622269, -0.0053132817543227115, 0.000414011868569278, -0.0068548671919441105, -0.11605392158968308, 0.0009054855665771878, -0.002738747207013323, -0.003087674999346193, 0.005620004952294564, -0.013319006765688715, 12.577733172410136, -0.016197841596588894, -0.014860460808875415], [-0.2794340094523972, 0.007843392904130215, -0.014324282269208002, -0.007545365647241091, 0.0038400090539528727, -0.010541726838764764, 0.015155838493907756, -0.010982287707876957, 0.019610726507618574, 0.008068281752113545, -0.011278276323295242, -0.10987486962050085, 0.018988512003895924, -0.009464677514651935, 0.012651492363661919, -0.0003544116959361623, 0.00696066589776804, -0.016197841596588894, 12.609535114389598, 0.004797461044436111], [-0.20162429967067547, -0.0020875040289331384, -0.015491233664061282, -0.006058997703822148, -0.008647210961816917, -0.011041236479442353, -0.003718161198703229, -0.014515816796889163, 0.005870801249188749, -0.0016598613864081484, -0.0115808947210198, -0.05379050742566756, 0.003108354479885147, -0.012230189212085517, 0.0006290838508283153, -0.004133413803104119, -0.00894966422797278, -0.014860460808875415, 0.004797461044436111, 12.568658288497026]]",
    "monomial_list": "[1, x9, x8, x7, x6, x5, x4, x3, x2, x19, x18, x17, x16, x15, x14, x13, x12, x11, x10, x1]"
}