{
    "name": "Multiplier-9",
    "rational_expression": "6277*x1**2/500 - 2263*x1*x10/100000 - 45549*x1*x11/1000000 - 11523*x1*x12/500000 - 20191*x1*x13/1000000 - 10611*x1*x14/500000 - 1069*x1*x15/50000 - 2631*x1*x16/125000 - 427*x1*x17/20000 - 881*x1*x18/40000 - 4313*x1*x19/200000 - 10583*x1*x2/500000 - 21719*x1*x3/1000000 - 22853*x1*x4/1000000 - 4169*x1*x5/200000 - 9279*x1*x6/200000 - 21217*x1*x7/1000000 - 44281*x1*x8/1000000 - 7253*x1*x9/50000 - 7829*x1/50000 + 6287*x10**2/500 - 24661*x10*x11/500000 + 29381*x10*x12/1000000 - 49263*x10*x13/1000000 + 6413*x10*x14/2500000 - 24303*x10*x15/500000 - 22257*x10*x16/1000000 - 6081*x10*x17/125000 - 22897*x10*x18/1000000 - 22639*x10*x19/1000000 + 23871*x10*x2/10000000 - 9743*x10*x3/200000 + 14323*x10*x4/500000 - 49077*x10*x5/1000000 - 23701*x10*x6/1000000 - 49019*x10*x7/1000000 - 3757*x10*x8/50000 - 163*x10*x9/500 + 52727*x10/1000000 + 63*x11**2/5 - 47829*x11*x12/1000000 + 4177*x11*x13/250000 - 6921*x11*x14/500000 - 6599*x11*x15/500000 - 5957*x11*x16/500000 - 413*x11*x17/31250 - 16253*x11*x18/1000000 - 669*x11*x19/50000 - 6681*x11*x2/500000 + 331*x11*x3/31250 - 11409*x11*x4/250000 + 3537*x11*x5/250000 - 2211*x11*x6/200000 + 6463*x11*x7/500000 + 12083*x11*x8/250000 - 19921*x11*x9/100000 - 15059*x11/25000 + 12569*x12**2/1000 - 48049*x12*x13/1000000 - 22047*x12*x14/1000000 - 22381*x12*x15/1000000 - 23799*x12*x16/500000 - 22353*x12*x17/1000000 - 21423*x12*x18/1000000 - 4793*x12*x19/100000 - 22167*x12*x2/1000000 - 22589*x12*x3/1000000 + 35657*x12*x4/10000000 - 47999*x12*x5/1000000 - 48047*x12*x6/1000000 - 4807*x12*x7/100000 - 4581*x12*x8/62500 - 32083*x12*x9/100000 + 6303*x13**2/500 + 2987*x13*x14/250000 - 6443*x13*x15/500000 + 207*x13*x16/15625 - 3431*x13*x17/250000 - 21119*x13*x18/500000 + 1447*x13*x19/125000 + 12457*x13*x2/1000000 - 341*x13*x3/25000 - 4043*x13*x4/200000 + 733*x13*x5/50000 + 14037*x13*x6/1000000 - 11179*x13*x7/1000000 + 49231*x13*x8/1000000 - 2459*x13*x9/12500 - 62793*x13/100000 + 1259*x14**2/100 - 42249*x14*x15/1000000 + 95341*x14*x16/10000000 - 1689*x14*x17/100000 - 11043*x14*x18/250000 + 83117*x14*x19/10000000 - 15523*x14*x2/1000000 - 8337*x14*x3/500000 + 46363*x14*x4/10000000 - 7563*x14*x5/500000 - 923*x14*x6/62500 - 7589*x14*x7/500000 - 17847*x14*x8/2000000 - 1569*x14*x9/6250 - 7853*x14/20000 + 629*x15**2/50 - 16141*x15*x16/1000000 - 509*x15*x17/31250 - 18223*x15*x18/1000000 - 17221*x15*x19/1000000 - 4143*x15*x2/250000 - 4217*x15*x3/250000 - 11589*x15*x4/250000 - 14601*x15*x5/1000000 - 15011*x15*x6/1000000 - 1619*x15*x7/100000 + 311*x15*x8/20000 - 10987*x15*x9/50000 - 7853*x15/20000 + 6299*x16**2/500 - 41579*x16*x17/1000000 - 10943*x16*x18/250000 + 22747*x16*x19/2500000 + 35339*x16*x2/1000000 - 42041*x16*x3/1000000 - 19781*x16*x4/1000000 - 3333*x16*x5/250000 + 2703*x16*x6/250000 - 14997*x16*x7/1000000 + 17571*x16*x8/1000000 - 24589*x16*x9/100000 - 22249*x16/50000 + 6289*x17**2/500 - 1131*x17*x18/62500 - 17197*x17*x19/1000000 - 66593*x17*x2/1000000 + 77009*x17*x3/10000000 - 23153*x17*x4/500000 - 14601*x17*x5/1000000 - 789*x17*x6/50000 - 15423*x17*x7/1000000 - 45611*x17*x8/5000000 - 10987*x17*x9/50000 - 7853*x17/20000 + 503*x18**2/40 - 44499*x18*x19/1000000 - 21981*x18*x2/500000 - 3889*x18*x3/200000 - 11689*x18*x4/250000 - 17197*x18*x5/1000000 - 21809*x18*x6/500000 - 18543*x18*x7/1000000 - 39917*x18*x8/1000000 - 23257*x18*x9/100000 - 6541*x18/25000 + 1573*x19**2/125 - 15853*x19*x2/1000000 - 8459*x19*x3/500000 - 2537*x19*x4/125000 - 7313*x19*x5/500000 + 95679*x19*x6/10000000 - 15423*x19*x7/1000000 + 311*x19*x8/20000 - 10987*x19*x9/50000 - 7853*x19/20000 + 12601*x2**2/1000 - 66953*x2*x3/1000000 - 4953*x2*x4/250000 - 2769*x2*x5/200000 - 3567*x2*x6/250000 - 967*x2*x7/62500 - 10031*x2*x8/1250000 - 24849*x2*x9/100000 - 20931*x2/50000 + 12583*x3**2/1000 - 21143*x3*x4/1000000 - 7563*x3*x5/500000 - 15499*x3*x6/1000000 - 3177*x3*x7/200000 + 14651*x3*x8/1000000 - 5557*x3*x9/25000 - 36669*x3/100000 + 3143*x4**2/250 - 22971*x4*x5/500000 - 20721*x4*x6/1000000 - 20839*x4*x7/1000000 - 8987*x4*x8/200000 - 621*x4*x9/2000 - 2109*x4/20000 + 12591*x5**2/1000 - 783*x5*x6/62500 - 13063*x5*x7/1000000 + 10059*x5*x8/500000 - 2069*x5*x9/10000 - 52327*x5/100000 + 12591*x6**2/1000 - 14293*x6*x7/1000000 + 961*x6*x8/50000 - 4189*x6*x9/20000 - 49771*x6/100000 + 12583*x7**2/1000 + 2287*x7*x8/125000 - 4241*x7*x9/20000 - 23567*x7/50000 + 12649*x8**2/1000 - 169*x8*x9/1250 - 91553*x8/100000 + 2019*x9**2/125 - 1283*x9/500 + 13089/1000",
    "Q": "[[13.088838666765957, -1.2784954975024476, -0.452061373242982, -0.23492044586276198, -0.2467969446932516, -0.2662148826504823, -0.057152135896619084, -0.17870077536406678, -0.20337611532052766, -0.20105621179258176, -0.13311428040430043, -0.1930126495269963, -0.22159988646751788, -0.19252228754659576, -0.1928112555334146, -0.3092124998671721, 0.004164044577323858, -0.30044422953494343, 0.02160595663000781, -0.08388364207502476], [-1.2784954975024476, 16.151362447797403, -0.07259698700980079, -0.10457708397087248, -0.10755633925337517, -0.10322001938088343, -0.1474519459358849, -0.11145079596959769, -0.11805535292629228, -0.11617090794724808, -0.1203916169848447, -0.10995052937816018, -0.1154446840651795, -0.11016684270735161, -0.11948360962625047, -0.09745361616948019, -0.15430720044314428, -0.09714087508130287, -0.16023486564010805, -0.0734328597754139], [-0.452061373242982, -0.07259698700980079, 12.648147984933665, 0.004831658963478853, 0.015609341012881412, 0.015567420265375543, -0.02624703489195411, 0.002912289628122435, -0.00093332429370605, 0.007906147110144472, -0.014507625974029966, -0.003926716986405009, 0.011813155237699475, 0.0018824461983651653, -0.001567901822435665, 0.027527334959962672, -0.03974001243226549, 0.02310227400829931, -0.03884568700563998, -0.023004475019242146], [-0.23492044586276198, -0.10457708397087248, 0.004831658963478853, 12.583193912613826, -0.00950367194699403, -0.002086019031755935, -0.01563515776246722, -0.005698649391075513, -0.011266129097823548, -0.005709707729028338, -0.010042573305279983, -0.006872632669837415, -0.009004306991141789, -0.008906563228299708, -0.0065508013427182325, -0.0004895151489536292, -0.018931604888907216, 0.0010322082672362947, -0.02175984954891731, -0.01200059045528178], [-0.2467969446932516, -0.10755633925337517, 0.015609341012881412, -0.00950367194699403, 12.591200472803289, -0.001840840406027372, -0.014290181971561008, -0.006156295790669394, -0.0038775420256677356, 0.0013415166357470477, -0.01709783116065798, -0.012929102281415486, 0.0066063440532477345, -0.004930992814470486, -0.00656768167851389, 0.0071449563715841645, -0.022909824354434512, -0.0005802927377802818, -0.015010816231597016, -0.018875113923699616], [-0.2662148826504823, -0.10322001938088343, 0.015567420265375543, -0.002086019031755935, -0.001840840406027372, 12.591725662951578, -0.020545802037006292, -0.003842807730605774, -0.0070622239182129036, -0.00536147407821313, -0.005437863331111409, -0.005087420278700693, -0.0052800144454653135, -0.0014433935394737127, -0.010135927936362683, 0.004902070995556012, -0.01935472165272089, 0.006511452166478877, -0.024525432681529572, -0.015872363828559617], [-0.057152135896619084, -0.1474519459358849, -0.02624703489195411, -0.01563515776246722, -0.014290181971561008, -0.020545802037006292, 12.571537682523912, -0.014894866930576442, -0.009591812947513358, -0.006819398908886149, -0.01840214401857968, -0.017292228633460718, -0.006449502415249201, -0.02055414014454328, -0.0019191950768959881, -0.015121282315511896, -7.586033547605348e-05, -0.020649727043291446, 0.009095121324813923, -0.011411449023029556], [-0.17870077536406678, -0.11145079596959769, 0.002912289628122435, -0.005698649391075513, -0.006156295790669394, -0.003842807730605774, -0.014894866930576442, 12.582539262696228, -0.030423169171402652, -0.003382100566044841, -0.010422392767722877, -0.001378784713512229, -0.01588851788184903, -0.0060829045516215124, -0.008353910549526866, -0.0023983738834163918, -0.015375671647749079, 0.0009062121223743953, -0.019581046124641215, -0.015616804301673021], [-0.20337611532052766, -0.11805535292629228, -0.00093332429370605, -0.011266129097823548, -0.0038775420256677356, -0.0070622239182129036, -0.009591812947513358, -0.030423169171402652, 12.600414988873295, -0.00793827113258741, -0.016038066289660646, -0.027309201623792335, 0.014219056895754522, -0.013265741495082486, -0.00708639018957682, -0.00021942692115958272, -0.015329845601517478, -0.012108329925680028, -0.004629025065081765, -0.013311337927874556], [-0.20105621179258176, -0.11617090794724808, 0.007906147110144472, -0.005709707729028338, 0.0013415166357470477, -0.00536147407821313, -0.006819398908886149, -0.003382100566044841, -0.00793827113258741, 12.584372684065746, -0.019272955964880534, -0.010544836941965204, 0.004201830015177923, -0.011440047888273635, 0.004434805392671953, 0.005925969059762098, -0.017872645161884384, -0.0025129640151349735, -0.009891034581646845, -0.012671973584856253], [-0.13311428040430043, -0.1203916169848447, -0.014507625974029966, -0.010042573305279983, -0.01709783116065798, -0.005437863331111409, -0.01840214401857968, -0.010422392767722877, -0.016038066289660646, -0.019272955964880534, 12.574977641752348, -0.006549718297824341, -0.023285100877789018, -0.004067871815037873, -0.02433523493875233, -0.01703882443273932, -0.005060685588129475, -0.0077542147659518034, -0.016305220501498893, -0.012998992882575793], [-0.1930126495269963, -0.10995052937816018, -0.003926716986405009, -0.006872632669837415, -0.012929102281415486, -0.005087420278700693, -0.017292228633460718, -0.001378784713512229, -0.027309201623792335, -0.010544836941965204, -0.006549718297824341, 12.577832108324937, -0.022012572972357935, -0.007436130302132554, -0.013491251180142846, -0.008624250103922388, -0.013860920956125762, -0.0021282467802952623, -0.02035882762324513, -0.014656248625663953], [-0.22159988646751788, -0.1154446840651795, 0.011813155237699475, -0.009004306991141789, 0.0066063440532477345, -0.0052800144454653135, -0.006449502415249201, -0.01588851788184903, 0.014219056895754522, 0.004201830015177923, -0.023285100877789018, -0.022012572972357935, 12.597966206621761, -0.011743446665570215, 0.0019603210497717407, 0.009135289971904374, -0.021576675393107064, -0.00542098939588153, -0.006921237970525995, -0.015491520815212836], [-0.19252228754659576, -0.11016684270735161, 0.0018824461983651653, -0.008906563228299708, -0.004930992814470486, -0.0014433935394737127, -0.02055414014454328, -0.0060829045516215124, -0.013265741495082486, -0.011440047888273635, -0.004067871815037873, -0.007436130302132554, -0.011743446665570215, 12.579685173837154, -0.022408151241900737, -0.006555198224393804, -0.014667130040343588, -0.0015559285323808686, -0.02091901983320831, -0.016773892759132842], [-0.1928112555334146, -0.11948360962625047, -0.001567901822435665, -0.0065508013427182325, -0.00656768167851389, -0.010135927936362683, -0.0019191950768959881, -0.008353910549526866, -0.00708639018957682, 0.004434805392671953, -0.02433523493875233, -0.013491251180142846, 0.0019603210497717407, -0.022408151241900737, 12.590622013198399, 0.004392826732908865, -0.01712050458708055, -0.007416037609436069, -0.004440858883201862, -0.010727301217522724], [-0.3092124998671721, -0.09745361616948019, 0.027527334959962672, -0.0004895151489536292, 0.0071449563715841645, 0.004902070995556012, -0.015121282315511896, -0.0023983738834163918, -0.00021942692115958272, 0.005925969059762098, -0.01703882443273932, -0.008624250103922388, 0.009135289971904374, -0.006555198224393804, 0.004392826732908865, 12.60556562493547, -0.027593761839722782, 0.008411701122325166, -0.02182764998952958, -0.014804576901238826], [0.004164044577323858, -0.15430720044314428, -0.03974001243226549, -0.018931604888907216, -0.022909824354434512, -0.01935472165272089, -7.586033547605348e-05, -0.015375671647749079, -0.015329845601517478, -0.017872645161884384, -0.005060685588129475, -0.013860920956125762, -0.021576675393107064, -0.014667130040343588, -0.01712050458708055, -0.027593761839722782, 12.569392564338127, -0.023424179324715067, 0.009240138700236615, -0.011520392770095733], [-0.30044422953494343, -0.09714087508130287, 0.02310227400829931, 0.0010322082672362947, -0.0005802927377802818, 0.006511452166478877, -0.020649727043291446, 0.0009062121223743953, -0.012108329925680028, -0.0025129640151349735, -0.0077542147659518034, -0.0021282467802952623, -0.00542098939588153, -0.0015559285323808686, -0.007416037609436069, 0.008411701122325166, -0.023424179324715067, 12.599701395034682, -0.029574180745384468, -0.01754704644097356], [0.02160595663000781, -0.16023486564010805, -0.03884568700563998, -0.02175984954891731, -0.015010816231597016, -0.024525432681529572, 0.009095121324813923, -0.019581046124641215, -0.004629025065081765, -0.009891034581646845, -0.016305220501498893, -0.02035882762324513, -0.006921237970525995, -0.02091901983320831, -0.004440858883201862, -0.02182764998952958, 0.009240138700236615, -0.029574180745384468, 12.574272442804675, -0.006717520349100306], [-0.08388364207502476, -0.0734328597754139, -0.023004475019242146, -0.01200059045528178, -0.018875113923699616, -0.015872363828559617, -0.011411449023029556, -0.015616804301673021, -0.013311337927874556, -0.012671973584856253, -0.012998992882575793, -0.014656248625663953, -0.015491520815212836, -0.016773892759132842, -0.010727301217522724, -0.014804576901238826, -0.011520392770095733, -0.01754704644097356, -0.006717520349100306, 12.554186435846331]]",
    "monomial_list": "[1, x9, x8, x7, x6, x5, x4, x3, x2, x19, x18, x17, x16, x15, x14, x13, x12, x11, x10, x1]"
}