{
    "name": "Multiplier-16",
    "rational_expression": "12551*x1**2/1000 + 15227*x1*x10/10000000 - 12143*x1*x11/1000000 - 3021*x1*x12/250000 - 21183*x1*x13/1000000 - 4273*x1*x14/200000 - 19031*x1*x15/2000000 - 2711*x1*x16/25000 + 21249*x1*x17/1000000 + 19509*x1*x18/1000000 - 21877*x1*x19/1000000 - 7523*x1*x2/125000 + 4807*x1*x3/250000 - 24629*x1*x4/1000000 - 2919*x1*x5/200000 - 2501*x1*x6/50000 + 12961*x1*x7/1000000 - 46643*x1*x8/1000000 + 10141*x1*x9/1000000 - 11261*x1/20000 + 6279*x10**2/500 - 48601*x10*x11/1000000 + 28273*x10*x12/1000000 - 10993*x10*x13/500000 + 5667*x10*x14/200000 - 24311*x10*x15/500000 - 28691*x10*x16/100000 - 409*x10*x17/8000 - 3183*x10*x18/62500 + 593*x10*x19/8000000 + 10177*x10*x2/200000 - 127*x10*x3/2500 + 50671*x10*x4/1000000 - 253*x10*x5/5000 - 25443*x10*x6/1000000000 - 3163*x10*x7/125000 - 1581*x10*x8/31250 + 12571*x11**2/1000 - 11823*x11*x12/1000000 + 50577*x11*x13/10000000 - 10243*x11*x14/500000 + 8191*x11*x15/500000 - 20581*x11*x16/100000 + 4409*x11*x17/200000 + 4039*x11*x18/200000 + 7029*x11*x19/2000000 - 8863*x11*x2/250000 + 45493*x11*x3/1000000 - 24727*x11*x4/1000000 + 18283*x11*x5/500000 + 7837*x11*x6/12500000 + 1363*x11*x7/100000 + 3687*x11*x8/125000 - 6937*x11*x9/500000 - 29571*x11/50000 + 1257*x12**2/100 - 45519*x12*x13/1000000 - 20177*x12*x14/1000000 - 93693*x12*x15/10000000 - 23989*x12*x16/100000 - 47171*x12*x17/10000000 + 18339*x12*x18/1000000 - 21253*x12*x19/1000000 - 44921*x12*x2/5000000 - 15919*x12*x3/2500000 + 31963*x12*x4/50000000 - 897*x12*x5/62500 - 24763*x12*x6/1000000 - 611*x12*x7/50000 - 46831*x12*x8/1000000 + 96439*x12*x9/10000000 - 26777*x12/50000 + 6273*x13**2/500 + 463*x13*x14/156250 - 4793*x13*x15/250000 - 24409*x13*x16/100000 - 1267*x13*x17/62500 - 2299*x13*x18/50000 + 84619*x13*x19/100000000 - 22737*x13*x2/10000000 - 1981*x13*x3/100000 + 5863*x13*x4/50000000 + 5407*x13*x5/2000000 + 4677*x13*x6/25000000 + 32677*x13*x7/10000000 + 26339*x13*x8/1000000 - 21987*x13*x9/1000000 - 7049*x13/50000 + 3139*x14**2/250 - 46447*x14*x15/1000000 - 7001*x14*x16/25000 - 11209*x14*x17/500000 - 47987*x14*x18/1000000 + 25821*x14*x19/1000000 - 6171*x14*x2/5000000 - 21767*x14*x3/1000000 + 12703*x14*x4/500000 - 5727*x14*x5/250000 + 13093*x14*x6/100000000 - 1411*x14*x7/62500 + 64039*x14*x8/100000000 - 23009*x14*x9/1000000 - 84243*x14/1000000 + 6289*x15**2/500 - 987*x15*x16/5000 + 12719*x15*x17/500000 + 24329*x15*x18/500000 - 20461*x15*x19/1000000 - 62217*x15*x2/1000000 + 48417*x15*x3/1000000 - 49863*x15*x4/1000000 + 12841*x15*x5/1000000 - 11917*x15*x6/500000 + 7777*x15*x7/500000 + 47413*x15*x8/10000000 + 12169*x15*x9/1000000 - 33783*x15/50000 + 4023*x16**2/250 - 15933*x16*x17/100000 - 3329*x16*x18/20000 - 26089*x16*x19/100000 - 3959*x16*x2/12500 - 14367*x16*x3/100000 - 5457*x16*x4/20000 - 1021*x16*x5/5000 - 2733*x16*x6/10000 - 3897*x16*x7/20000 - 5833*x16*x8/25000 - 5171*x16*x9/25000 - 6129*x16/2500 + 1261*x17**2/100 + 613*x17*x18/10000 - 571*x17*x19/31250 - 1489*x17*x2/12500 + 17251*x17*x3/200000 - 49469*x17*x4/1000000 + 9899*x17*x5/500000 - 24763*x17*x6/500000 + 11981*x17*x7/500000 - 17223*x17*x8/1000000 + 3*x17*x9/160 - 10419*x17/10000 + 12609*x18**2/1000 - 44811*x18*x19/1000000 - 33519*x18*x2/500000 + 58033*x18*x3/1000000 - 24777*x18*x4/500000 + 18213*x18*x5/1000000 - 49609*x18*x6/1000000 + 5507*x18*x7/250000 - 18573*x18*x8/1000000 + 8623*x18*x9/500000 - 47881*x18/50000 + 12547*x19**2/1000 - 7039*x19*x2/2500000 + 28643*x19*x3/5000000 + 21899*x19*x4/100000000 - 2133*x19*x5/100000 + 757*x19*x6/4000000 - 10331*x19*x7/500000 + 591*x19*x8/500000 + 15161*x19*x9/5000000 - 16849*x19/100000 + 6277*x2**2/500 - 11783*x2*x3/100000 + 621*x2*x4/25000 - 6723*x2*x5/200000 + 12421*x2*x6/500000 - 36293*x2*x7/1000000 - 33103*x2*x8/10000000 - 6783*x2*x9/200000 + 47881*x2/100000 + 6307*x3**2/500 - 6077*x3*x4/250000 + 18213*x3*x5/1000000 - 23559*x3*x6/1000000 + 5507*x3*x7/250000 + 2689*x3*x8/400000 + 8623*x3*x9/500000 - 47881*x3/50000 + 12547*x4**2/1000 - 24761*x4*x5/1000000 + 27711*x4*x6/1000000000 - 24651*x4*x7/1000000 - 3137*x4*x8/125000 + 319*x4*x9/625000 - 28367*x4/1000000 + 6283*x5**2/500 + 27347*x5*x6/50000000 + 12341*x5*x7/1000000 + 19051*x5*x8/5000000 - 7441*x5*x9/500000 - 26777*x5/50000 + 12541*x6**2/1000 - 24647*x6*x7/1000000 + 12769*x6*x8/500000 - 2403*x6*x9/100000 - 6877*x6/250000 + 1257*x7**2/100 + 1149*x7*x8/250000 - 12853*x7*x9/1000000 - 12963*x7/20000 + 314*x8**2/25 - 2939*x8*x9/62500 - 19771*x8/100000 + 6281*x9**2/500 - 25359*x9/50000 + 3521/250",
    "Q": "[[14.08442237644105, -0.2509340613492361, -0.09284446621651442, -0.3264299526294831, -0.012223667643874517, -0.27348023415281764, -0.020575369487337933, -0.4785978839481512, 0.24054142074532792, -0.07898407307994182, -0.48484367886465424, -0.5203900979807098, -1.2229805873039814, -0.33786859962993926, -0.04920536635975569, -0.06955306991854603, -0.2663746316726775, -0.2931724671237745, -0.0006758319910150892, -0.2773655140630874], [-0.2509340613492361, 12.561718961801775, -0.019344237807751526, -0.0006288266972891885, -0.010382188660335499, -0.003920857289936094, -0.003254570317798674, 0.00921374600593164, -0.017233546807983547, -0.0033607061721544792, 0.007098878927920963, 0.00494700602652953, -0.10501781432573887, 0.0019177468306620954, -0.007107668786805766, -0.010239630976429952, 0.005492264258381362, -0.006041334230522931, 0.002453715836487382, 0.0017755185338201274], [-0.09284446621651442, -0.019344237807751526, 12.559318345706602, -0.0024100136567940305, 0.008165280455790291, 0.007660425026317076, -0.013635059985535037, -0.00010886070518765465, -0.0023941862229824016, 0.003771655510361805, -0.01365571534742883, -0.007083888227624922, -0.11897207472021214, -0.0015790163861692961, -0.00402603719987948, 0.012365483954377244, -0.02635160720241815, 0.012387307083210857, -0.022633691872959, -0.026046276643960704], [-0.3264299526294831, -0.0006288266972891885, -0.0024100136567940305, 12.570511242470806, -0.014437815831714164, 0.006323470533304085, -0.012627683041368479, 0.015746962145542012, -0.02304759556916519, -0.004727394653722717, 0.012916484031060917, 0.015917982492947635, -0.09481362701333566, 0.004723501418490422, -0.0063597069075945105, -0.004226500659805821, -0.00508488031791582, 0.009398985226062712, -0.018299820440316982, 0.0016969728685840525], [-0.012223667643874517, -0.010382188660335499, 0.008165280455790291, -0.014437815831714164, 12.541498396662238, -0.004397913832224133, -0.0014357641650551618, -0.010830693909063169, 0.006739172606845779, 0.004689354064722758, -0.02083207074391593, -0.019225895808632966, -0.13186952307342792, -0.00645875349085011, -0.0025662767049646155, 0.005666233936310908, -0.015283333603210514, -0.004931970133631609, 0.0005430377927186522, -0.023132355797205604], [-0.27348023415281764, -0.003920857289936094, 0.007660425026317076, 0.006323470533304085, -0.004397913832224133, 12.565925690357655, -0.01702994980248767, 0.01124047409548148, -0.013901945508425021, -0.005022902698633274, 0.013531862772135294, 0.01118068211260772, -0.10310110398985213, 0.010411687386308599, -0.011107436696445419, 0.0010321253324683413, -0.006328782911828213, 0.01232914147611168, -0.019476191973723404, -0.008106757102635663], [-0.020575369487337933, -0.003254570317798674, -0.013635059985535037, -0.012627683041368479, -0.0014357641650551618, -0.01702994980248767, 12.547481620272304, -0.017322009868643403, 0.011313904243575017, 0.0051866869139451975, -0.024359193417026505, -0.02141438163510957, -0.14031637539585345, -0.021081500138698295, 0.012463287131968127, -0.0029188895985275617, 0.0032317544068372764, -0.01687134651813903, 0.02352857454904401, -0.012309151583750238], [-0.4785978839481512, 0.00921374600593164, -0.00010886070518765465, 0.015746962145542012, -0.010830693909063169, 0.01124047409548148, -0.017322009868643403, 12.614204213115208, -0.05824136365956177, -0.000569621911429541, 0.024277766414905023, 0.03945669857216845, -0.07766429691764283, 0.01865925922945419, -0.009538781960305909, -0.004943313804397157, -4.610538228612539e-05, 0.017869595504707604, -0.02254647076382185, 0.004758068403373008], [0.24054142074532792, -0.017233546807983547, -0.0023941862229824016, -0.02304759556916519, 0.006739172606845779, -0.013901945508425021, 0.011313904243575017, -0.05824136365956177, 12.554544311643419, -0.0018939308470129967, -0.034061421948629364, -0.053955581177848315, -0.1606026477836971, -0.02494184921821362, 0.0028483810652160514, 0.003933606541358156, -0.009640776085584283, -0.022291143064070824, 0.02013678122907915, -0.025273029763640594], [-0.07898407307994182, -0.0033607061721544792, 0.003771655510361805, -0.004727394653722717, 0.004689354064722758, -0.005022902698633274, 0.0051866869139451975, -0.000569621911429541, -0.0018939308470129967, 12.546649249844556, -0.019282819372702768, -0.00956424887882698, -0.12713184258599383, -0.010614457934488983, 0.010854232290859155, 0.006521205192555104, -0.009911042291660082, -0.0028509331299482036, 0.0033077801793151155, -0.01125200861138424], [-0.48484367886465424, 0.007098878927920963, -0.01365571534742883, 0.012916484031060917, -0.02083207074391593, 0.013531862772135294, -0.024359193417026505, 0.024277766414905023, -0.034061421948629364, -0.019282819372702768, 12.608659472997822, 0.032242340418843614, -0.07890392891951174, 0.024373225225658608, -0.0292025654312428, -0.017872087519424738, 0.01252467026007302, 0.010317685456095212, -0.020822928492251643, 0.008412354181943523], [-0.5203900979807098, 0.00494700602652953, -0.007083888227624922, 0.015917982492947635, -0.019225895808632966, 0.01118068211260772, -0.02141438163510957, 0.03945669857216845, -0.053955581177848315, -0.00956424887882698, 0.032242340418843614, 12.609215579994055, -0.07359255914347806, 0.018302409472203757, -0.016161961678675098, -0.011618261570243588, 0.0029284541708481386, 0.015294858054229386, -0.02430997812755742, 0.007070751444156379], [-1.2229805873039814, -0.10501781432573887, -0.11897207472021214, -0.09481362701333566, -0.13186952307342792, -0.10310110398985213, -0.14031637539585345, -0.07766429691764283, -0.1606026477836971, -0.12713184258599383, -0.07890392891951174, -0.07359255914347806, 16.091349561174074, -0.09246773812711404, -0.13185349399831356, -0.1263442015943306, -0.11315886928888903, -0.10001289621252109, -0.14381987797003748, -0.05086592305551879], [-0.33786859962993926, 0.0019177468306620954, -0.0015790163861692961, 0.004723501418490422, -0.00645875349085011, 0.010411687386308599, -0.021081500138698295, 0.01865925922945419, -0.02494184921821362, -0.010614457934488983, 0.024373225225658608, 0.018302409472203757, -0.09246773812711404, 12.578149625443132, -0.026468507892145943, -0.00885456436815929, -0.00018833563295833798, 0.00944909303202055, -0.019569268285197106, -0.003750876395619493], [-0.04920536635975569, -0.007107668786805766, -0.00402603719987948, -0.0063597069075945105, -0.0025662767049646155, -0.011107436696445419, 0.012463287131968127, -0.009538781960305909, 0.0028483810652160514, 0.010854232290859155, -0.0292025654312428, -0.016161961678675098, -0.13185349399831356, -0.026468507892145943, 12.555737133346367, 0.006646744529289542, -0.010396177547679231, -0.008808783629422416, 0.010999783856117502, -0.01029307741668882], [-0.06955306991854603, -0.010239630976429952, 0.012365483954377244, -0.004226500659805821, 0.005666233936310908, 0.0010321253324683413, -0.0029188895985275617, -0.004943313804397157, 0.003933606541358156, 0.006521205192555104, -0.017872087519424738, -0.011618261570243588, -0.1263442015943306, -0.00885456436815929, 0.006646744529289542, 12.546324762153198, -0.017802183288013747, 0.0025648924066918773, -0.007292787254873882, -0.016071561872925775], [-0.2663746316726775, 0.005492264258381362, -0.02635160720241815, -0.00508488031791582, -0.015283333603210514, -0.006328782911828213, 0.0032317544068372764, -4.610538228612539e-05, -0.009640776085584283, -0.009911042291660082, 0.01252467026007302, 0.0029284541708481386, -0.11315886928888903, -0.00018833563295833798, -0.010396177547679231, -0.017802183288013747, 12.56929042834269, -0.010800019132208991, 0.013381093149328718, -0.001094724950190773], [-0.2931724671237745, -0.006041334230522931, 0.012387307083210857, 0.009398985226062712, -0.004931970133631609, 0.01232914147611168, -0.01687134651813903, 0.017869595504707604, -0.022291143064070824, -0.0028509331299482036, 0.010317685456095212, 0.015294858054229386, -0.10001289621252109, 0.00944909303202055, -0.008808783629422416, 0.0025648924066918773, -0.010800019132208991, 12.570839835146977, -0.02536078564138544, -0.010117359376361514], [-0.0006758319910150892, 0.002453715836487382, -0.022633691872959, -0.018299820440316982, 0.0005430377927186522, -0.019476191973723404, 0.02352857454904401, -0.02254647076382185, 0.02013678122907915, 0.0033077801793151155, -0.020822928492251643, -0.02430997812755742, -0.14381987797003748, -0.019569268285197106, 0.010999783856117502, -0.007292787254873882, 0.013381093149328718, -0.02536078564138544, 12.557368066302194, -0.00479161981553213], [-0.2773655140630874, 0.0017755185338201274, -0.026046276643960704, 0.0016969728685840525, -0.023132355797205604, -0.008106757102635663, -0.012309151583750238, 0.004758068403373008, -0.025273029763640594, -0.01125200861138424, 0.008412354181943523, 0.007070751444156379, -0.05086592305551879, -0.003750876395619493, -0.01029307741668882, -0.016071561872925775, -0.001094724950190773, -0.010117359376361514, -0.00479161981553213, 12.550899842411708]]",
    "monomial_list": "[1, x9, x8, x7, x6, x5, x4, x3, x2, x19, x18, x17, x16, x15, x14, x13, x12, x11, x10, x1]"
}