{
    "name": "Multiplier-7",
    "rational_expression": "6283*x1**2/500 - 18441*x1*x10/1000000 - 46821*x1*x11/1000000 - 10441*x1*x12/500000 - 45727*x1*x13/1000000 - 10469*x1*x14/500000 - 22893*x1*x15/500000 - 19371*x1*x16/1000000 - 21791*x1*x17/1000000 - 5399*x1*x18/250000 - 5071*x1*x19/250000 - 4047*x1*x2/200000 - 10553*x1*x3/500000 - 10553*x1*x4/500000 - 2329*x1*x5/50000 - 5579*x1*x6/125000 - 13753*x1*x7/100000 - 23857*x1*x8/500000 - 5289*x1*x9/250000 - 22811*x1/100000 + 3151*x10**2/250 - 22037*x10*x11/500000 + 38267*x10*x12/5000000 - 1301*x10*x13/31250 - 8341*x10*x14/500000 - 41947*x10*x15/1000000 - 13467*x10*x16/1000000 - 44497*x10*x17/1000000 - 44209*x10*x18/1000000 - 15317*x10*x19/1000000 - 381*x10*x2/25000 - 21533*x10*x3/500000 + 19009*x10*x4/2500000 - 21609*x10*x5/500000 - 14019*x10*x6/1000000 - 24717*x10*x7/100000 - 22549*x10*x8/500000 - 9067*x10*x9/500000 - 10731*x10/25000 + 6289*x11**2/500 - 22729*x11*x12/500000 - 18751*x11*x13/1000000 - 10067*x11*x14/500000 - 19737*x11*x15/1000000 - 9333*x11*x16/500000 - 20961*x11*x17/1000000 - 20663*x11*x18/1000000 - 779*x11*x19/40000 - 44861*x11*x2/1000000 - 9829*x11*x3/500000 - 22851*x11*x4/500000 - 981*x11*x5/50000 - 749*x11*x6/40000 - 5387*x11*x7/20000 + 687*x11*x8/250000 - 11909*x11*x9/250000 - 4069*x11/20000 + 12589*x12**2/1000 - 5527*x12*x13/125000 - 44881*x12*x14/1000000 - 19007*x12*x15/1000000 - 4317*x12*x16/100000 - 2049*x12*x17/100000 - 9687*x12*x18/500000 - 44097*x12*x19/1000000 - 44101*x12*x2/1000000 - 2477*x12*x3/125000 - 18947*x12*x4/1000000 - 19803*x12*x5/1000000 - 21551*x12*x6/500000 - 13217*x12*x7/50000 - 23699*x12*x8/500000 - 20789*x12*x9/1000000 - 12619*x12/50000 + 12591*x13**2/1000 - 3543*x13*x14/200000 - 17787*x13*x15/1000000 + 4833*x13*x16/500000 - 22627*x13*x17/500000 - 5627*x13*x18/125000 + 40289*x13*x19/5000000 - 1653*x13*x2/100000 - 187*x13*x3/10000 - 3751*x13*x4/200000 - 9011*x13*x5/500000 + 9779*x13*x6/1000000 - 797*x13*x7/3125 + 46507*x13*x8/10000000 - 501*x13*x9/25000 - 8843*x13/25000 + 12593*x14**2/1000 - 44169*x14*x15/1000000 - 16427*x14*x16/1000000 - 45811*x14*x17/1000000 - 22787*x14*x18/500000 + 34607*x14*x19/5000000 - 18411*x14*x2/1000000 - 19589*x14*x3/1000000 + 58377*x14*x4/10000000 - 19573*x14*x5/1000000 - 17191*x14*x6/1000000 - 26213*x14*x7/100000 - 21701*x14*x8/1000000 - 10589*x14*x9/500000 - 27781*x14/100000 + 6293*x15**2/500 - 16131*x15*x16/1000000 - 9997*x15*x17/500000 - 4741*x15*x18/250000 - 17529*x15*x19/1000000 - 8583*x15*x2/200000 - 1887*x15*x3/100000 - 22167*x15*x4/500000 - 18279*x15*x5/1000000 - 15071*x15*x6/1000000 - 4469*x15*x7/20000 - 3989*x15*x8/200000 - 501*x15*x9/25000 - 8843*x15/25000 + 1261*x16**2/100 - 11091*x16*x17/250000 - 44077*x16*x18/1000000 + 99287*x16*x19/10000000 + 17721*x16*x2/500000 - 42533*x16*x3/1000000 - 8297*x16*x4/500000 - 17399*x16*x5/1000000 + 3107*x16*x6/250000 - 607*x16*x7/2500 + 62883*x16*x8/10000000 - 567*x16*x9/31250 - 4801*x16/10000 + 1572*x17**2/125 - 161*x17*x18/8000 - 989*x17*x19/50000 - 34891*x17*x2/500000 - 19903*x17*x3/1000000 - 20607*x17*x4/1000000 - 20669*x17*x5/1000000 - 44369*x17*x6/1000000 - 5951*x17*x7/25000 - 22667*x17*x8/1000000 - 5573*x17*x9/250000 - 4069*x17/20000 + 12581*x18**2/1000 - 22403*x18*x19/500000 - 44809*x18*x2/1000000 - 20377*x18*x3/1000000 - 45599*x18*x4/1000000 - 19571*x18*x5/1000000 - 353*x18*x6/8000 - 26907*x18*x7/100000 - 1501*x18*x8/31250 - 5573*x18*x9/250000 - 4069*x18/20000 + 12593*x19**2/1000 - 8449*x19*x2/500000 - 2201*x19*x3/125000 - 17659*x19*x4/1000000 - 18489*x19*x5/1000000 + 1287*x19*x6/125000 - 25237*x19*x7/100000 - 19621*x19*x8/1000000 - 18893*x19*x9/1000000 - 9469*x19/25000 + 12607*x2**2/1000 - 68269*x2*x3/1000000 - 18401*x2*x4/1000000 - 18463*x2*x5/1000000 - 14309*x2*x6/1000000 - 5047*x2*x7/20000 - 5097*x2*x8/250000 - 19661*x2*x9/1000000 - 9469*x2/25000 + 6293*x3**2/500 - 2443*x3*x4/125000 - 9803*x3*x5/500000 - 1057*x3*x6/62500 - 22841*x3*x7/100000 - 20607*x3*x8/1000000 - 20799*x3*x9/1000000 - 15143*x3/50000 + 3147*x4**2/250 - 44883*x4*x5/1000000 - 2149*x4*x6/125000 - 13093*x4*x7/50000 - 47067*x4*x8/1000000 - 2041*x4*x9/100000 - 27781*x4/100000 + 12581*x5**2/1000 - 17191*x5*x6/1000000 - 13107*x5*x7/50000 - 5233*x5*x8/250000 - 10589*x5*x9/500000 - 27781*x5/100000 + 2521*x6**2/200 - 20663*x6*x7/100000 + 13877*x6*x8/2000000 - 17397*x6*x9/1000000 - 53019*x6/100000 + 3231*x7**2/200 - 24469*x7*x8/100000 - 6003*x7*x9/25000 - 12253*x7/5000 + 2519*x8**2/200 - 45763*x8*x9/1000000 - 32829*x8/100000 + 6293*x9**2/500 - 9469*x9/25000 + 6313/500",
    "Q": "[[12.626281300109614, -0.18601328269972894, -0.1660918996888518, -1.2302538510142664, -0.2592938948884524, -0.1347967072868635, -0.14208136575841607, -0.14772748152756973, -0.18829419987436224, -0.19404445968066047, -0.10531990094482262, -0.10668378961616368, -0.23850569154142412, -0.1813179444944428, -0.14291092199914007, -0.18109437184859653, -0.12890916748311868, -0.1016458357157911, -0.2155119598612199, -0.11188816800250043], [-0.18601328269972894, 12.586118414364561, -0.022153372901271347, -0.11611317841739313, -0.011843350857454785, -0.01577075398906962, -0.009802382472578, -0.011520509400460836, -0.014141029678038037, -0.009276457765359129, -0.014070685202482402, -0.015992833122249122, -0.010644224495131232, -0.012853490414355967, -0.012569340138729191, -0.014470834910193877, -0.009349252731433786, -0.018165091921757817, -0.004148123080811395, -0.0104465878149868], [-0.1660918996888518, -0.022153372901271347, 12.595618439972341, -0.11711536701658971, 0.0013421113912205867, -0.005118486908633769, -0.02048499053122924, -0.010242754488233996, -0.010258680139944932, -0.004147924665611565, -0.020534605704554964, -0.016345097085656964, -0.0006644167495829179, -0.010046554145258471, -0.011905534457149598, 0.0018456139031216101, -0.02950504968055851, -0.003121453354904447, -0.026093795607091522, -0.02491098067954901], [-1.2302538510142664, -0.11611317841739313, -0.11711536701658971, 16.15590576946215, -0.10865757187502394, -0.12497229518516437, -0.13524402959303986, -0.11903732570374764, -0.1204821514216692, -0.11918310439961449, -0.12593478206191128, -0.12434762286045549, -0.11491114540933607, -0.11432047541131043, -0.1274273550367596, -0.1189629228079753, -0.13554573010935886, -0.12898337238379337, -0.12628248148766494, -0.06880902842419229], [-0.2592938948884524, -0.011843350857454785, 0.0013421113912205867, -0.10865757187502394, 12.60410695581061, -0.010069970016113533, -0.014300692533655589, -0.01007692441636983, -0.006082355460473316, -0.0004124479986988882, -0.02141147413090881, -0.019084040018155054, 0.006030743231720608, -0.0075548234446955985, -0.010704701318054307, -0.0005574292121507702, -0.023064198031024472, -0.01190160980065502, -0.00986792484319276, -0.018799306035006937], [-0.1347967072868635, -0.01577075398906962, -0.005118486908633769, -0.12497229518516437, -0.010069970016113533, 12.580529867867421, -0.018535987865134218, -0.011355503251058895, -0.01248317342752092, -0.012080002056164513, -0.009873988528730218, -0.012229667237780998, -0.012362740999075706, -0.009029973867865047, -0.015501474627328255, -0.007901498489402676, -0.01569079175675275, -0.006787992952056588, -0.020013909850822516, -0.017794450018014486], [-0.14208136575841607, -0.009802382472578, -0.02048499053122924, -0.13524402959303986, -0.014300692533655589, -0.018535987865134218, 12.588076016385724, -0.014573157097939552, -0.010241075814059154, -0.0071667655726283435, -0.01887630312256335, -0.016287615508573154, -0.007343947316152024, -0.020122132795168887, -0.0023810124277873525, -0.013358731885579197, -0.0056810117645212195, -0.017643362131819926, 0.0033156455858897875, -0.011194883871540632], [-0.14772748152756973, -0.011520509400460836, -0.010242754488233996, -0.11903732570374764, -0.01007692441636983, -0.011355503251058895, -0.014573157097939552, 12.586005945203382, -0.03239485366332495, -0.007375529849543312, -0.014016757383618735, -0.007422224238401334, -0.01912020919771643, -0.010531124330031762, -0.012373431710451863, -0.01044497014172702, -0.014473205824182966, -0.009127995477666512, -0.01695117232091437, -0.01658057646916577], [-0.18829419987436224, -0.014141029678038037, -0.010258680139944932, -0.1204821514216692, -0.006082355460473316, -0.01248317342752092, -0.010241075814059154, -0.03239485366332495, 12.607444459932962, -0.010567637654582568, -0.018450507760762635, -0.029934189576084527, 0.01126640964317198, -0.015481325757326924, -0.010480945918635715, -0.006498358394147006, -0.015623663602902746, -0.01841836862957619, -0.002438790893353922, -0.01315451074924316], [-0.19404445968066047, -0.009276457765359129, -0.004147924665611565, -0.11918310439961449, -0.0004124479986988882, -0.012080002056164513, -0.0071667655726283435, -0.007375529849543312, -0.010567637654582568, 12.593005811983792, -0.022539507970165976, -0.015612544572952997, 0.0018948442026652135, -0.014168658892608436, 2.5180991970303077e-06, -0.0013611317386831156, -0.018265720994532417, -0.011592179648345935, -0.006801180754966511, -0.013190176444116176], [-0.10531990094482262, -0.014070685202482402, -0.020534605704554964, -0.12593478206191128, -0.02141147413090881, -0.009873988528730218, -0.01887630312256335, -0.014016757383618735, -0.018450507760762635, -0.022539507970165976, 12.581019867147353, -0.009570473008476845, -0.026798330009249714, -0.008031468079249619, -0.02594366210086002, -0.021244308118033278, -0.0050318126037013, -0.012309025117960013, -0.017114288781032605, -0.014065518088703589], [-0.10668378961616368, -0.015992833122249122, -0.016345097085656964, -0.12434762286045549, -0.019084040018155054, -0.012229667237780998, -0.016287615508573154, -0.007422224238401334, -0.029934189576084527, -0.015612544572952997, -0.009570473008476845, 12.57628827121481, -0.026779589824038746, -0.012788142800128311, -0.01713105352877006, -0.016742494922694723, -0.011605345508589413, -0.010637904588713751, -0.01842202952427042, -0.016196242128833215], [-0.23850569154142412, -0.010644224495131232, -0.0006644167495829179, -0.11491114540933607, 0.006030743231720608, -0.012362740999075706, -0.007343947316152024, -0.01912020919771643, 0.01126640964317198, 0.0018948442026652135, -0.026798330009249714, -0.026779589824038746, 12.610178721872135, -0.01389179629129047, -0.002555999275433479, 0.0016063090157618896, -0.0227028600968111, -0.014880850590790353, -0.00324542975169689, -0.015195014168142387], [-0.1813179444944428, -0.012853490414355967, -0.010046554145258471, -0.11432047541131043, -0.0075548234446955985, -0.009029973867865047, -0.020122132795168887, -0.010531124330031762, -0.015481325757326924, -0.014168658892608436, -0.008031468079249619, -0.012788142800128311, -0.01389179629129047, 12.586186528233458, -0.024963919631892657, -0.013156730482359128, -0.013896073027170889, -0.011008004774457333, -0.017665568763169884, -0.01707710284311339], [-0.14291092199914007, -0.012569340138729191, -0.011905534457149598, -0.1274273550367596, -0.010704701318054307, -0.015501474627328255, -0.0023810124277873525, -0.012373431710451863, -0.010480945918635715, 2.5180991970303077e-06, -0.02594366210086002, -0.01713105352877006, -0.002555999275433479, -0.024963919631892657, 12.59311508688765, -0.003567557766140524, -0.01666499590892411, -0.01420921790983195, -0.002964282331823156, -0.011634842583372114], [-0.18109437184859653, -0.014470834910193877, 0.0018456139031216101, -0.1189629228079753, -0.0005574292121507702, -0.007901498489402676, -0.013358731885579197, -0.01044497014172702, -0.006498358394147006, -0.0013611317386831156, -0.021244308118033278, -0.016742494922694723, 0.0016063090157618896, -0.013156730482359128, -0.003567557766140524, 12.59094610794596, -0.023540383382642204, -0.007937936439406738, -0.015250362816486819, -0.016482773593590745], [-0.12890916748311868, -0.009349252731433786, -0.02950504968055851, -0.13554573010935886, -0.023064198031024472, -0.01569079175675275, -0.0056810117645212195, -0.014473205824182966, -0.015623663602902746, -0.018265720994532417, -0.0050318126037013, -0.011605345508589413, -0.0227028600968111, -0.013896073027170889, -0.01666499590892411, -0.023540383382642204, 12.588772887517266, -0.017834240006196763, 0.0001795298856679541, -0.011077286017861575], [-0.1016458357157911, -0.018165091921757817, -0.003121453354904447, -0.12898337238379337, -0.01190160980065502, -0.006787992952056588, -0.017643362131819926, -0.009127995477666512, -0.01841836862957619, -0.011592179648345935, -0.012309025117960013, -0.010637904588713751, -0.014880850590790353, -0.011008004774457333, -0.01420921790983195, -0.007937936439406738, -0.017834240006196763, 12.578144747824982, -0.024049558636884405, -0.020095209755948588], [-0.2155119598612199, -0.004148123080811395, -0.026093795607091522, -0.12628248148766494, -0.00986792484319276, -0.020013909850822516, 0.0033156455858897875, -0.01695117232091437, -0.002438790893353922, -0.006801180754966511, -0.017114288781032605, -0.01842202952427042, -0.00324542975169689, -0.017665568763169884, -0.002964282331823156, -0.015250362816486819, 0.0001795298856679541, -0.024049558636884405, 12.604107141057, -0.004515542738723869], [-0.11188816800250043, -0.0104465878149868, -0.02491098067954901, -0.06880902842419229, -0.018799306035006937, -0.017794450018014486, -0.011194883871540632, -0.01658057646916577, -0.01315451074924316, -0.013190176444116176, -0.014065518088703589, -0.016196242128833215, -0.015195014168142387, -0.01707710284311339, -0.011634842583372114, -0.016482773593590745, -0.011077286017861575, -0.020095209755948588, -0.004515542738723869, 12.565367479234203]]",
    "monomial_list": "[1, x9, x8, x7, x6, x5, x4, x3, x2, x19, x18, x17, x16, x15, x14, x13, x12, x11, x10, x1]"
}