{
    "name": "Multiplier-11",
    "rational_expression": "12579*x1**2/1000 + 17383*x1*x10/1000000 - 10259*x1*x11/100000 - 7613*x1*x12/500000 - 2513*x1*x13/125000 - 7439*x1*x14/500000 - 11327*x1*x15/250000 - 14773*x1*x16/1000000 - 5421*x1*x17/250000 - 9989*x1*x18/500000 - 977*x1*x19/62500 - 13393*x1*x2/1000000 - 20687*x1*x3/1000000 - 13857*x1*x4/1000000 - 48329*x1*x5/1000000 - 4353*x1*x6/100000 - 20291*x1*x7/1000000 - 37863*x1*x8/500000 + 5739*x1*x9/500000 - 10939*x1/20000 + 6311*x10**2/500 - 2161*x10*x11/10000 + 12129*x10*x12/1000000 - 18499*x10*x13/1000000 + 12813*x10*x14/1000000 - 43833*x10*x15/1000000 + 14167*x10*x16/1000000 - 5759*x10*x17/125000 - 18553*x10*x18/1000000 + 237*x10*x19/20000 + 1481*x10*x2/100000 - 1929*x10*x3/100000 + 1977*x10*x4/50000 - 23809*x10*x5/500000 - 15047*x10*x6/1000000 - 18639*x10*x7/1000000 - 7591*x10*x8/100000 + 479*x10*x9/31250 - 72979*x10/100000 + 16137*x11**2/1000 - 25759*x11*x12/100000 - 5031*x11*x13/20000 - 1159*x11*x14/5000 - 784*x11*x15/3125 - 4559*x11*x16/20000 - 25863*x11*x17/100000 - 25097*x11*x18/100000 - 23569*x11*x19/100000 - 22553*x11*x2/100000 - 5101*x11*x3/20000 - 22797*x11*x4/100000 - 26567*x11*x5/100000 - 24403*x11*x6/100000 - 25359*x11*x7/100000 - 6963*x11*x8/25000 - 19961*x11*x9/100000 - 1237*x11/500 + 12587*x12**2/1000 - 46707*x12*x13/1000000 - 4497*x12*x14/250000 - 20457*x12*x15/1000000 - 21337*x12*x16/500000 - 21771*x12*x17/1000000 + 40921*x12*x18/10000000 - 18511*x12*x19/1000000 - 16821*x12*x2/1000000 - 681*x12*x3/31250 + 81767*x12*x4/10000000 - 2941*x12*x5/125000 - 22597*x12*x6/500000 - 2147*x12*x7/100000 - 25499*x12*x8/500000 - 15837*x12*x9/1000000 - 41657*x12/100000 + 12573*x13**2/1000 + 8599*x13*x14/2000000 - 11489*x13*x15/500000 + 23617*x13*x16/5000000 - 23681*x13*x17/1000000 - 3021*x13*x18/62500 + 9713*x13*x19/2500000 - 2469*x13*x2/125000 - 4513*x13*x3/200000 - 20011*x13*x4/1000000 - 2943*x13*x5/125000 + 3109*x13*x6/1000000 - 22379*x13*x7/1000000 - 37*x13*x8/200000 - 10203*x13*x9/500000 - 23531*x13/100000 + 6299*x14**2/500 - 11607*x14*x15/250000 + 17347*x14*x16/2000000 - 2241*x14*x17/100000 - 46447*x14*x18/1000000 + 14453*x14*x19/2000000 - 15571*x14*x2/1000000 - 326*x14*x3/15625 + 21491*x14*x4/2500000 - 23449*x14*x5/1000000 - 4689*x14*x6/250000 - 5123*x14*x7/250000 - 2571*x14*x8/100000 - 15291*x14*x9/1000000 - 44281*x14/100000 + 1571*x15**2/125 - 10377*x15*x16/500000 - 22859*x15*x17/1000000 + 12437*x15*x18/5000000 - 2679*x15*x19/125000 - 10223*x15*x2/500000 - 2249*x15*x3/100000 - 5757*x15*x4/125000 - 23519*x15*x5/1000000 - 21453*x15*x6/1000000 - 11561*x15*x7/500000 - 6183*x15*x8/250000 - 10203*x15*x9/500000 - 23531*x15/100000 + 12603*x16**2/1000 - 47601*x16*x17/1000000 - 23037*x16*x18/500000 + 40119*x16*x19/5000000 + 35521*x16*x2/1000000 - 1863*x16*x3/40000 + 2379*x16*x4/250000 - 23261*x16*x5/1000000 + 32423*x16*x6/5000000 - 20811*x16*x7/1000000 - 4489*x16*x8/10000000 - 2837*x16*x9/200000 - 49527*x16/100000 + 2513*x17**2/200 - 22823*x17*x18/1000000 - 567*x17*x19/25000 - 1443*x17*x2/20000 + 7011*x17*x3/5000000 - 22213*x17*x4/1000000 - 5959*x17*x5/250000 - 4651*x17*x6/200000 - 23087*x17*x7/1000000 - 1271*x17*x8/50000 - 22077*x17*x9/1000000 - 7791*x17/50000 + 12573*x18**2/1000 - 23387*x18*x19/500000 - 20421*x18*x2/1000000 - 4493*x18*x3/200000 - 46029*x18*x4/1000000 - 11747*x18*x5/500000 - 47551*x18*x6/1000000 - 11177*x18*x7/500000 - 25499*x18*x8/1000000 - 10203*x18*x9/500000 - 23531*x18/100000 + 2517*x19**2/200 - 1613*x19*x2/100000 - 211*x19*x3/10000 + 80741*x19*x4/10000000 - 11789*x19*x5/500000 + 54653*x19*x6/10000000 - 20729*x19*x7/1000000 - 24917*x19*x8/1000000 - 15837*x19*x9/1000000 - 41657*x19/100000 + 12613*x2**2/1000 - 1107*x2*x3/15625 - 14507*x2*x4/1000000 - 11567*x2*x5/500000 - 17743*x2*x6/1000000 - 20557*x2*x7/1000000 - 6447*x2*x8/250000 - 13651*x2*x9/1000000 - 52071*x2/100000 + 12571*x3**2/1000 - 21191*x3*x4/1000000 - 1181*x3*x5/50000 - 21783*x3*x6/1000000 - 5651*x3*x7/250000 - 24709*x3*x8/1000000 - 5043*x3*x9/250000 - 5247*x3/25000 + 12591*x4**2/1000 - 48541*x4*x5/1000000 - 9039*x4*x6/500000 - 10381*x4*x7/500000 - 51077*x4*x8/1000000 - 2837*x4*x9/200000 - 49527*x4/100000 + 12563*x5**2/1000 - 23147*x5*x6/1000000 - 23571*x5*x7/1000000 - 54571*x5*x8/1000000000 - 4629*x5*x9/200000 - 5247*x5/50000 + 6289*x6**2/500 - 1389*x6*x7/62500 - 29019*x6*x8/100000000 - 3649*x6*x9/200000 - 16933*x6/50000 + 6283*x7**2/500 - 6183*x7*x8/250000 - 10203*x7*x9/500000 - 23531*x7/100000 + 1571*x8**2/125 - 12813*x8*x9/250000 + 13117*x8/500000 + 1574*x9**2/125 - 10939*x9/20000 + 521/40",
    "Q": "[[13.02452321081772, -0.27618697852910823, 0.018503334849199093, -0.1180291776826376, -0.1658374320800143, -0.05465462481061779, -0.24452651311487367, -0.09875863212971876, -0.2657631976163186, -0.20758836404130318, -0.11216713097107693, -0.08443997790032723, -0.2431476696548245, -0.11165580187510288, -0.22437377109919573, -0.1203237840957173, -0.20628560568368992, -1.2385039472081758, -0.36925321027309604, -0.2780506414311839], [-0.27618697852910823, 12.591719024125844, -0.02840050119529761, -0.01193842486854924, -0.010621457993035148, -0.016908825396681756, -0.0017777550476068048, -0.009456885420733566, -0.006115102159814963, -0.0031479272190487622, -0.010503179641619172, -0.014116574908267072, -0.004375699845673407, -0.01140895985182578, -0.004466781066306706, -0.013292429062411924, -0.0026900801505379828, -0.10352680427741574, 0.009285433249793163, 0.0022838973140223914], [0.018503334849199093, -0.02840050119529761, 12.567693353288606, -0.011637239992358038, -0.0024838930732016653, -0.0019070299108569315, -0.020435021177602684, -0.010675633085504326, -0.01366951773796521, -0.007520880357525888, -0.018737697377754714, -0.014075426423158538, -0.00494116540144997, -0.01060624240990285, -0.013663725781919942, 0.0012499718155566054, -0.027893672582304765, -0.1419110573311114, -0.03198369567101811, -0.033052677589593876], [-0.1180291776826376, -0.01193842486854924, -0.011637239992358038, 12.56583311386054, -0.014815418913275539, -0.009659801580987188, -0.011147382057738797, -0.010399692843388023, -0.012823716161666547, -0.0090320208731513, -0.010971475498278455, -0.010780548121612835, -0.01257058528277821, -0.013256341820568208, -0.00830942532504361, -0.009379231086382223, -0.013055187064975502, -0.12216477730318621, -0.014663221495028977, -0.010798552046792566], [-0.1658374320800143, -0.010621457993035148, -0.0024838930732016653, -0.014815418913275539, 12.57852443059466, -0.009271209378963863, -0.009126209435637226, -0.01097974861242054, -0.003910640883640834, -0.0006912133272502613, -0.01867446194007575, -0.017166360159268014, 0.005064447675481679, -0.009222150632254515, -0.007469385439729882, -0.0016610588677995121, -0.017868932382096303, -0.12141504060396806, -0.006160292007806786, -0.01727457569556806], [-0.05465462481061779, -0.016908825396681756, -0.0019070299108569315, -0.009659801580987188, -0.009271209378963863, 12.56352391105045, -0.017829075547707678, -0.009847042035477023, -0.012521843490231792, -0.011986800575092483, -0.007310242043819631, -0.009732608768118758, -0.01251926292530827, -0.00745509578685195, -0.015418446103251496, -0.006252659146182765, -0.01375821646906987, -0.13478176636833658, -0.02173444731121361, -0.021064413612691974], [-0.24452651311487367, -0.0017777550476068048, -0.020435021177602684, -0.011147382057738797, -0.009126209435637226, -0.017829075547707678, 12.590875302332444, -0.01188552766767567, -0.002815900982813554, -9.595745322708485e-05, -0.017791251450130573, -0.01507364008696857, 0.0008946336149258467, -0.017821301811729476, 0.005346917535305588, -0.009384297702885756, -0.0019593150376486378, -0.11971682535288086, 0.014252497606349, -0.003944117694955728], [-0.09875863212971876, -0.009456885420733566, -0.010675633085504326, -0.010399692843388023, -0.01097974861242054, -0.009847042035477023, -0.01188552766767567, 12.57107136151121, -0.033899910676071204, -0.006523435106386674, -0.011365625693360481, -0.004322167262349567, -0.019858770946716734, -0.009755003040533498, -0.010290248068434097, -0.010107359831876208, -0.011027469476180074, -0.12498288853587801, -0.015371708280875897, -0.01557457641098649], [-0.2657631976163186, -0.006115102159814963, -0.01366951773796521, -0.012823716161666547, -0.003910640883640834, -0.012521843490231792, -0.002815900982813554, -0.033899910676071204, 12.613512763756876, -0.005042665703850915, -0.016363098977470524, -0.03077094681561618, 0.02074896488396745, -0.014654467330614403, -0.0026591883916648844, -0.0038021870697700472, -0.010995918638807995, -0.10981309942152859, 0.009721233006462134, -0.0035236688066291226], [-0.20758836404130318, -0.0031479272190487622, -0.007520880357525888, -0.0090320208731513, -0.0006912133272502613, -0.011986800575092483, -9.595745322708485e-05, -0.006523435106386674, -0.005042665703850915, 12.585489046250375, -0.020745091264155798, -0.013867445047163461, 0.006408810128344982, -0.014325584369636806, 0.007708465598951718, 0.0002044383750917412, -0.013681865931764759, -0.11693817969398809, 0.0016728361728352373, -0.006240151187562206], [-0.11216713097107693, -0.010503179641619172, -0.018737697377754714, -0.010971475498278455, -0.01867446194007575, -0.007310242043819631, -0.017791251450130573, -0.011365625693360481, -0.016363098977470524, -0.020745091264155798, 12.572978944526746, -0.006591593943177748, -0.02511013854185777, -0.004303330421275653, -0.025592846381666846, -0.019369956012638006, -0.0016161671733194972, -0.1235651585887825, -0.0148131672225436, -0.011934596175027883], [-0.08443997790032723, -0.014116574908267072, -0.014075426423158538, -0.010780548121612835, -0.017166360159268014, -0.009732608768118758, -0.01507364008696857, -0.004322167262349567, -0.03077094681561618, -0.013867445047163461, -0.006591593943177748, 12.565001481371732, -0.026410562544463966, -0.010220885019175039, -0.015916957415994037, -0.014862138719199088, -0.009295070736214953, -0.12597036143211635, -0.01774515576165926, -0.01590630307573411], [-0.2431476696548245, -0.004375699845673407, -0.00494116540144997, -0.01257058528277821, 0.005064447675481679, -0.01251926292530827, 0.0008946336149258467, -0.019858770946716734, 0.02074896488396745, 0.006408810128344982, -0.02511013854185777, -0.026410562544463966, 12.60317100143051, -0.014744430869645078, 0.005734778287752635, 0.0031420319870003343, -0.017614203137551226, -0.11415432297200227, 0.006912289829897138, -0.00772577574008625], [-0.11165580187510288, -0.01140895985182578, -0.01060624240990285, -0.013256341820568208, -0.009222150632254515, -0.00745509578685195, -0.017821301811729476, -0.009755003040533498, -0.014654467330614403, -0.014325584369636806, -0.004303330421275653, -0.010220885019175039, -0.014744430869645078, 12.568486020519916, -0.024660742357301944, -0.013191235653358549, -0.009607244989946898, -0.12330099254968806, -0.016256703281140105, -0.016693465210573404], [-0.22437377109919573, -0.004466781066306706, -0.013663725781919942, -0.00830942532504361, -0.007469385439729882, -0.015418446103251496, 0.005346917535305588, -0.010290248068434097, -0.0026591883916648844, 0.007708465598951718, -0.025592846381666846, -0.015916957415994037, 0.005734778287752635, -0.024660742357301944, 12.59794631024411, 0.00041952726825910113, -0.013597939303460701, -0.11518540452533559, 0.007957293902321335, -0.0024786240672081206], [-0.1203237840957173, -0.013292429062411924, 0.0012499718155566054, -0.009379231086382223, -0.0016610588677995121, -0.006252659146182765, -0.009384297702885756, -0.010107359831876208, -0.0038021870697700472, 0.0002044383750917412, -0.019369956012638006, -0.014862138719199088, 0.0031420319870003343, -0.013191235653358549, 0.00041952726825910113, 12.573682279366508, -0.020521093798485022, -0.12682803448303653, -0.012772567210529542, -0.01553180415870838], [-0.20628560568368992, -0.0026900801505379828, -0.027893672582304765, -0.013055187064975502, -0.017868932382096303, -0.01375821646906987, -0.0019593150376486378, -0.011027469476180074, -0.010995918638807995, -0.013681865931764759, -0.0016161671733194972, -0.009295070736214953, -0.017614203137551226, -0.009607244989946898, -0.013597939303460701, -0.020521093798485022, 12.58690957089464, -0.1229626582967498, 0.00782665627218449, -0.006307781364894587], [-1.2385039472081758, -0.10352680427741574, -0.1419110573311114, -0.12216477730318621, -0.12141504060396806, -0.13478176636833658, -0.11971682535288086, -0.12498288853587801, -0.10981309942152859, -0.11693817969398809, -0.1235651585887825, -0.12597036143211635, -0.11415432297200227, -0.12330099254968806, -0.11518540452533559, -0.12682803448303653, -0.1229626582967498, 16.13724141487393, -0.10509210217919832, -0.04651473352648379], [-0.36925321027309604, 0.009285433249793163, -0.03198369567101811, -0.014663221495028977, -0.006160292007806786, -0.02173444731121361, 0.014252497606349, -0.015371708280875897, 0.009721233006462134, 0.0016728361728352373, -0.0148131672225436, -0.01774515576165926, 0.006912289829897138, -0.016256703281140105, 0.007957293902321335, -0.012772567210529542, 0.00782665627218449, -0.10509210217919832, 12.62193841844691, 0.010631208363246209], [-0.2780506414311839, 0.0022838973140223914, -0.033052677589593876, -0.010798552046792566, -0.01727457569556806, -0.021064413612691974, -0.003944117694955728, -0.01557457641098649, -0.0035236688066291226, -0.006240151187562206, -0.011934596175027883, -0.01590630307573411, -0.00772577574008625, -0.016693465210573404, -0.0024786240672081206, -0.01553180415870838, -0.006307781364894587, -0.04651473352648379, 0.010631208363246209, 12.57861959523598]]",
    "monomial_list": "[1, x9, x8, x7, x6, x5, x4, x3, x2, x19, x18, x17, x16, x15, x14, x13, x12, x11, x10, x1]"
}