{
    "name": "Multiplier-5",
    "rational_expression": "3143*x1**2/250 + 11711*x1*x10/1000000 - 23677*x1*x11/500000 - 1151*x1*x12/62500 - 44573*x1*x13/1000000 - 3607*x1*x14/250000 - 46147*x1*x15/1000000 - 16713*x1*x16/1000000 - 9829*x1*x17/500000 - 21723*x1*x18/1000000 - 7539*x1*x19/500000 - 377*x1*x2/20000 - 4653*x1*x3/250000 - 7303*x1*x4/500000 - 581*x1*x5/5000 - 22681*x1*x6/500000 - 10213*x1*x7/500000 - 4929*x1*x8/100000 - 16691*x1*x9/1000000 - 547*x1/1250 + 1576*x10**2/125 - 45969*x10*x11/1000000 + 46571*x10*x12/5000000 - 523*x10*x13/31250 + 111*x10*x14/8000 - 1771*x10*x15/40000 + 12043*x10*x16/1000000 - 42907*x10*x17/1000000 - 5683*x10*x18/125000 - 2321*x10*x19/200000 + 11417*x10*x2/1250000 - 4143*x10*x3/100000 + 13571*x10*x4/1000000 - 728*x10*x5/3125 - 18491*x10*x6/1000000 - 44347*x10*x7/1000000 - 24477*x10*x8/500000 + 10201*x10*x9/1000000 - 11329*x10/20000 + 6283*x11**2/500 - 21361*x11*x12/1000000 - 20863*x11*x13/1000000 - 20963*x11*x14/1000000 - 841*x11*x15/40000 - 10641*x11*x16/500000 - 21077*x11*x17/1000000 - 4241*x11*x18/200000 - 21139*x11*x19/1000000 - 11757*x11*x2/250000 - 2117*x11*x3/100000 - 4651*x11*x4/100000 - 28083*x11*x5/100000 - 23563*x11*x6/1000000 - 23649*x11*x7/1000000 + 6643*x11*x8/20000000 - 9859*x11*x9/200000 - 76993*x11/1000000 + 6291*x12**2/500 - 2251*x12*x13/50000 - 21219*x12*x14/500000 - 5127*x12*x15/250000 - 43417*x12*x16/1000000 - 20027*x12*x17/1000000 + 21*x12*x18/5000 - 107*x12*x19/2500 - 19371*x12*x2/1000000 - 9721*x12*x3/500000 - 1637*x12*x4/100000 - 26021*x12*x5/100000 - 2951*x12*x6/62500 - 22123*x12*x7/1000000 - 6219*x12*x8/125000 - 1217*x12*x9/62500 - 14161*x12/50000 + 12577*x13**2/1000 + 7821*x13*x14/1000000 - 4183*x13*x15/200000 + 13987*x13*x16/2000000 - 10209*x13*x17/500000 - 46789*x13*x18/1000000 + 36921*x13*x19/5000000 - 9493*x13*x2/500000 - 19849*x13*x3/1000000 - 8891*x13*x4/500000 - 13193*x13*x5/50000 + 1961*x13*x6/625000 - 5423*x13*x7/250000 + 20513*x13*x8/25000000 - 10353*x13*x9/500000 - 2573*x13/10000 + 3151*x14**2/250 - 11203*x14*x15/250000 + 5369*x14*x16/500000 - 43611*x14*x17/1000000 - 45831*x14*x18/1000000 + 11563*x14*x19/1000000 - 1641*x14*x2/100000 - 3409*x14*x3/200000 + 12057*x14*x4/1000000 - 301*x14*x5/1250 - 3729*x14*x6/200000 - 9557*x14*x7/500000 - 23811*x14*x8/1000000 - 7879*x14*x9/500000 - 24473*x14/50000 + 12567*x15**2/1000 - 4541*x15*x16/100000 - 53*x15*x17/2500 - 10447*x15*x18/500000 - 45129*x15*x19/1000000 - 20817*x15*x2/1000000 - 10507*x15*x3/500000 - 45021*x15*x4/1000000 - 27333*x15*x5/100000 - 2833*x15*x6/125000 - 2357*x15*x7/100000 - 4809*x15*x8/200000 - 22569*x15*x9/1000000 - 15399*x15/100000 + 12597*x16**2/1000 - 44459*x16*x17/1000000 - 46243*x16*x18/1000000 + 10139*x16*x19/1000000 + 16373*x16*x2/500000 - 43333*x16*x3/1000000 - 14073*x16*x4/1000000 - 4977*x16*x5/20000 + 24929*x16*x6/5000000 - 20759*x16*x7/1000000 + 801*x16*x8/625000 - 8963*x16*x9/500000 - 2573*x16/6250 + 12569*x17**2/1000 - 1299*x17*x18/62500 - 18619*x17*x19/1000000 - 70189*x17*x2/1000000 - 19521*x17*x3/1000000 - 43807*x17*x4/1000000 - 11707*x17*x5/50000 - 2391*x17*x6/50000 - 22703*x17*x7/1000000 - 24579*x17*x8/1000000 - 10577*x17*x9/500000 - 4651*x17/20000 + 1257*x18**2/100 - 5751*x18*x19/125000 - 9341*x18*x2/200000 - 2159*x18*x3/100000 - 45951*x18*x4/1000000 - 1737*x18*x5/6250 - 9873*x18*x6/200000 - 24121*x18*x7/1000000 - 24963*x18*x8/1000000 - 11737*x18*x9/500000 - 10371*x18/100000 + 1574*x19**2/125 - 2183*x19*x2/125000 - 3317*x19*x3/200000 - 13043*x19*x4/1000000 - 24359*x19*x5/100000 + 7013*x19*x6/1250000 - 19397*x19*x7/1000000 - 11561*x19*x8/500000 - 649*x19*x9/40000 - 46353*x19/100000 + 2519*x2**2/200 - 6939*x2*x3/100000 - 257*x2*x4/15625 - 13039*x2*x5/50000 - 21117*x2*x6/1000000 - 22149*x2*x7/1000000 - 23659*x2*x8/1000000 - 253*x2*x9/12500 - 14161*x2/50000 + 629*x3**2/50 - 17037*x3*x4/1000000 - 4541*x3*x5/20000 - 1079*x3*x6/50000 - 21103*x3*x7/1000000 - 23583*x3*x8/1000000 - 19011*x3*x9/1000000 - 7719*x3/25000 + 1574*x4**2/125 - 24051*x4*x5/100000 - 4853*x4*x6/250000 - 3971*x4*x7/200000 - 9827*x4*x8/200000 - 7879*x4*x9/500000 - 24473*x4/50000 + 16143*x5**2/1000 - 24623*x5*x6/100000 - 24851*x5*x7/100000 - 13433*x5*x8/50000 - 413*x5*x9/2000 - 24983*x5/10000 + 6289*x6**2/500 - 10947*x6*x7/500000 + 48737*x6*x8/50000000 - 19779*x6*x9/1000000 - 7719*x6/25000 + 1257*x7**2/100 - 12213*x7*x8/500000 - 253*x7*x9/12500 - 14161*x7/50000 + 12573*x8**2/1000 - 9859*x8*x9/200000 - 76993*x8/1000000 + 2517*x9**2/200 - 46353*x9/100000 + 1609/125",
    "Q": "[[12.871774559524868, -0.2260379124375664, -0.038654129820454027, -0.13893275429314142, -0.15214020608643095, -1.243887311119521, -0.24607874169788993, -0.15758834491633586, -0.14064943526967694, -0.23132648952824683, -0.045145889236089184, -0.11123368791052776, -0.2063395013005302, -0.07518812058283597, -0.2509574960190297, -0.13306063683204775, -0.1384178844540398, -0.04334361117207255, -0.27942135300775683, -0.2246179234926105], [-0.2260379124375664, 12.58447424309402, -0.025670690571505537, -0.013262968073072989, -0.01319577286681604, -0.11019887301281966, -0.0049362401361361915, -0.009025216370083487, -0.013684520375293496, -0.005358226666899352, -0.014643564754416626, -0.014536290124439322, -0.009224342622786968, -0.01488113277217581, -0.006626682278322484, -0.014376895781345734, -0.007268314097272422, -0.019926844906731033, 0.0014075685437516285, -0.003923837217131374], [-0.038654129820454027, -0.025670690571505537, 12.573444973931803, -0.012692457639060822, -0.0029377470485731283, -0.13481435309006673, -0.020534653925221125, -0.011911197035742003, -0.010968217815237123, -0.0076026267621321, -0.01793454494390112, -0.015415096963810168, -0.004388643375041479, -0.011194668760452664, -0.013904825364571112, 3.599853281335012e-05, -0.026146555995395237, -0.0009307546946662761, -0.02828274927794611, -0.029470018470965774], [-0.13893275429314142, -0.013262968073072989, -0.012692457639060822, 12.569652682634963, -0.01593836630649054, -0.11988739437170633, -0.012375850968146427, -0.01082998301973967, -0.014754579851498034, -0.009865437601182707, -0.01303333830214062, -0.011904251126269553, -0.013916614842340299, -0.01519002372475031, -0.009068742834140517, -0.01059478423615469, -0.014569147199878691, -0.010242246160523452, -0.01582176864904861, -0.011460550990811308], [-0.15214020608643095, -0.01319577286681604, -0.0029377470485731283, -0.01593836630649054, 12.578212801761481, -0.12356081360577004, -0.011118452440789323, -0.01124140671653808, -0.0075866855693836385, -0.0025296009961459946, -0.01988302652261488, -0.017728110876925083, 0.001539271096320824, -0.011360017666214885, -0.009336203341558899, -0.0033875660630405704, -0.019010902746642088, -0.010987729654507662, -0.009238827304663163, -0.019119643379131277], [-1.243887311119521, -0.11019887301281966, -0.13481435309006673, -0.11988739437170633, -0.12356081360577004, 16.142512205122443, -0.12056870524802898, -0.11713803127964206, -0.12672592079391395, -0.11401889320029845, -0.13289764106161078, -0.12277329975911326, -0.1196361959408447, -0.12864107481077028, -0.11203532339684674, -0.12536710902771397, -0.13268919653636038, -0.1363216090303812, -0.1169914571721456, -0.05308863922891517], [-0.24607874169788993, -0.0049362401361361915, -0.020534653925221125, -0.012375850968146427, -0.011118452440789323, -0.12056870524802898, 12.591866526136716, -0.012176729014857376, -0.0072728286715281285, -0.0016352833516878966, -0.020049479824230634, -0.015880648328501137, -0.002234011082647448, -0.019779160714753347, 0.0036599898375436293, -0.010769673579249798, -0.004930903499580975, -0.018843584028117383, 0.00957071772965642, -0.00627994371185496], [-0.15758834491633586, -0.009025216370083487, -0.011911197035742003, -0.01082998301973967, -0.01124140671653808, -0.11713803127964206, -0.012176729014857376, 12.579953845767626, -0.03309773500308939, -0.005028174615566041, -0.013767931885044571, -0.005376007395816865, -0.018995457422590543, -0.011868633819130375, -0.008763586301710445, -0.010260729397165783, -0.012976285056800242, -0.009312068103522378, -0.014763786856092082, -0.013357316698639057], [-0.14064943526967694, -0.013684520375293496, -0.010968217815237123, -0.014754579851498034, -0.0075866855693836385, -0.12672592079391395, -0.0072728286715281285, -0.03309773500308939, 12.595131592482637, -0.009913178535689283, -0.017395708446084276, -0.02961129712822464, 0.011903962238552064, -0.01632425016481849, -0.008163684323257571, -0.006177910581706184, -0.013017609041751449, -0.017557271161763227, 3.094488564379641e-05, -0.012719503371658333], [-0.23132648952824683, -0.005358226666899352, -0.0076026267621321, -0.009865437601182707, -0.0025296009961459946, -0.11401889320029845, -0.0016352833516878966, -0.005028174615566041, -0.009913178535689283, 12.591284959727426, -0.02411706933292285, -0.014394552559939152, 0.003817100593638887, -0.017536302334067225, 0.0081911782559766, -0.0006520008699821535, -0.01682077655669279, -0.013079845167598633, -0.0016455840195323153, -0.007132667476233475], [-0.045145889236089184, -0.014643564754416626, -0.01793454494390112, -0.01303333830214062, -0.01988302652261488, -0.13289764106161078, -0.020049479824230634, -0.013767931885044571, -0.017395708446084276, -0.02411706933292285, 12.569236301646454, -0.008157978408395137, -0.027070539218215225, -0.005573277545784897, -0.029060269417739128, -0.020525095685811512, -0.0026383310655952903, -0.009898025022104052, -0.017971567200918283, -0.016756506881582953], [-0.11123368791052776, -0.014536290124439322, -0.015415096963810168, -0.011904251126269553, -0.017728110876925083, -0.12277329975911326, -0.015880648328501137, -0.005376007395816865, -0.02961129712822464, -0.014394552559939152, -0.008157978408395137, 12.56891165134703, -0.02607548959405414, -0.011745684186720722, -0.016324775693919553, -0.01569812811300039, -0.010424297450167114, -0.009723103709705689, -0.017528310693881905, -0.015307439483404711], [-0.2063395013005302, -0.009224342622786968, -0.004388643375041479, -0.013916614842340299, 0.001539271096320824, -0.1196361959408447, -0.002234011082647448, -0.018995457422590543, 0.011903962238552064, 0.003817100593638887, -0.027070539218215225, -0.02607548959405414, 12.597065050580929, -0.01740480034502552, 0.0029475971870776083, 0.0009107413019211207, -0.019926753072562867, -0.015185385935268159, 0.0004753751498629817, -0.012284976776288207], [-0.07518812058283597, -0.01488113277217581, -0.011194668760452664, -0.01519002372475031, -0.011360017666214885, -0.12864107481077028, -0.019779160714753347, -0.011868633819130375, -0.01632425016481849, -0.017536302334067225, -0.005573277545784897, -0.011745684186720722, -0.01740480034502552, 12.566550130583524, -0.027626142830326012, -0.01512803752158359, -0.010372247499994361, -0.009536457880291456, -0.018657952552364358, -0.01980538018855834], [-0.2509574960190297, -0.006626682278322484, -0.013904825364571112, -0.009068742834140517, -0.009336203341558899, -0.11203532339684674, 0.0036599898375436293, -0.008763586301710445, -0.008163684323257571, 0.0081911782559766, -0.029060269417739128, -0.016324775693919553, 0.0029475971870776083, -0.027626142830326012, 12.603920605706223, -0.000509511195817183, -0.017036052594658586, -0.01641890581735895, 0.004142725607881083, -0.0032807861173230098], [-0.13306063683204775, -0.014376895781345734, 3.599853281335012e-05, -0.01059478423615469, -0.0033875660630405704, -0.12536710902771397, -0.010769673579249798, -0.010260729397165783, -0.006177910581706184, -0.0006520008699821535, -0.020525095685811512, -0.01569812811300039, 0.0009107413019211207, -0.01512803752158359, -0.000509511195817183, 12.576655098756197, -0.02124073417420712, -0.007266821161272436, -0.013932198170999518, -0.015775301099495122], [-0.1384178844540398, -0.007268314097272422, -0.026146555995395237, -0.014569147199878691, -0.019010902746642088, -0.13268919653636038, -0.004930903499580975, -0.012976285056800242, -0.013017609041751449, -0.01682077655669279, -0.0026383310655952903, -0.010424297450167114, -0.019926753072562867, -0.010372247499994361, -0.017036052594658586, -0.02124073417420712, 12.581956973338134, -0.016169849524139485, 0.002507798498598981, -0.011288471551692774], [-0.04334361117207255, -0.019926844906731033, -0.0009307546946662761, -0.010242246160523452, -0.010987729654507662, -0.1363216090303812, -0.018843584028117383, -0.009312068103522378, -0.017557271161763227, -0.013079845167598633, -0.009898025022104052, -0.009723103709705689, -0.015185385935268159, -0.009536457880291456, -0.01641890581735895, -0.007266821161272436, -0.016169849524139485, 12.56584732777399, -0.025812325186865718, -0.024003374542022362], [-0.27942135300775683, 0.0014075685437516285, -0.02828274927794611, -0.01582176864904861, -0.009238827304663163, -0.1169914571721456, 0.00957071772965642, -0.014763786856092082, 3.094488564379641e-05, -0.0016455840195323153, -0.017971567200918283, -0.017528310693881905, 0.0004753751498629817, -0.018657952552364358, 0.004142725607881083, -0.013932198170999518, 0.002507798498598981, -0.025812325186865718, 12.607366231260135, 0.0023009872860686605], [-0.2246179234926105, -0.003923837217131374, -0.029470018470965774, -0.011460550990811308, -0.019119643379131277, -0.05308863922891517, -0.00627994371185496, -0.013357316698639057, -0.012719503371658333, -0.007132667476233475, -0.016756506881582953, -0.015307439483404711, -0.012284976776288207, -0.01980538018855834, -0.0032807861173230098, -0.015775301099495122, -0.011288471551692774, -0.024003374542022362, 0.0023009872860686605, 12.572158505990366]]",
    "monomial_list": "[1, x9, x8, x7, x6, x5, x4, x3, x2, x19, x18, x17, x16, x15, x14, x13, x12, x11, x10, x1]"
}