{
    "name": "Multiplier-4",
    "rational_expression": "6273*x1**2/500 + 3159*x1*x10/125000 + 2603*x1*x11/100000 + 5991*x1*x12/1000000 + 11507*x1*x13/500000 + 46917*x1*x14/5000000 + 26631*x1*x15/1000000 + 14137*x1*x16/1000000 + 21819*x1*x17/1000000 + 48351*x1*x18/1000000 + 42443*x1*x19/1000000 + 13473*x1*x2/1000000 + 24431*x1*x3/500000 - 63941*x1*x4/1000000 + 25779*x1*x5/1000000 + 791*x1*x6/40000 + 23441*x1*x7/500000 + 447*x1*x8/15625 + 39611*x1*x9/1000000 - 14901*x1/25000 + 12553*x10**2/1000 - 123*x10*x11/390625 + 9629*x10*x12/125000 + 25699*x10*x13/1000000 + 76713*x10*x14/1000000 - 35393*x10*x15/50000000 + 19069*x10*x16/250000 - 42543*x10*x17/100000000 - 1359*x10*x18/3125000 + 51163*x10*x19/1000000 + 411*x10*x2/8000 + 24677*x10*x3/1000000 - 13307*x10*x4/50000 - 5969*x10*x5/2500000 + 12199*x10*x6/250000 + 11597*x10*x7/500000 - 29799*x10*x8/10000000 + 393*x10*x9/8000 + 7893*x10/125000 + 3159*x11**2/250 + 12577*x11*x12/1000000 + 15419*x11*x13/100000 + 35859*x11*x14/500000 + 3379*x11*x15/25000 + 82533*x11*x16/1000000 + 3099*x11*x17/25000 + 2539*x11*x18/25000 + 1137*x11*x19/10000 + 857*x11*x2/15625 + 7693*x11*x3/50000 - 18541*x11*x4/1000000 + 15927*x11*x5/100000 + 2989*x11*x6/25000 + 6161*x11*x7/50000 + 18971*x11*x8/100000 + 20553*x11*x9/250000 - 2633*x11/2000 + 251*x12**2/20 + 11383*x12*x13/1000000 + 30871*x12*x14/1000000 + 38067*x12*x15/1000000 + 32823*x12*x16/1000000 + 1121*x12*x17/31250 + 18267*x12*x18/500000 + 34057*x12*x19/1000000 + 8139*x12*x2/250000 + 36499*x12*x3/1000000 - 5777*x12*x4/25000 + 36341*x12*x5/1000000 + 1679*x12*x6/200000 + 34481*x12*x7/1000000 - 12511*x12*x8/1000000 + 28351*x12*x9/500000 - 12629*x12/50000 + 1579*x13**2/125 + 47199*x13*x14/500000 + 6423*x13*x15/50000 + 6507*x13*x16/50000 + 46913*x13*x17/500000 + 4403*x13*x18/62500 + 13571*x13*x19/100000 + 2031*x13*x2/20000 + 12179*x13*x3/100000 - 4501*x13*x4/125000 + 15259*x13*x5/100000 + 14049*x13*x6/100000 + 5877*x13*x7/50000 + 18217*x13*x8/100000 + 15689*x13*x9/200000 - 2899*x13/2500 + 12579*x14**2/1000 + 10627*x14*x15/500000 + 87539*x14*x16/1000000 + 42753*x14*x17/1000000 + 3629*x14*x18/200000 + 2311*x14*x19/20000 + 30841*x14*x2/500000 + 17321*x14*x3/250000 - 14521*x14*x4/100000 + 35147*x14*x5/500000 + 32819*x14*x6/500000 + 66799*x14*x7/1000000 + 72043*x14*x8/1000000 + 61179*x14*x9/1000000 - 21957*x14/50000 + 3159*x15**2/250 + 1296*x15*x16/15625 + 3121*x15*x17/25000 + 2543*x15*x18/20000 + 44843*x15*x19/500000 + 6929*x15*x2/125000 + 12877*x15*x3/100000 - 14647*x15*x4/1000000 + 3361*x15*x5/25000 + 6027*x15*x6/50000 + 3107*x15*x7/25000 + 8329*x15*x8/50000 + 82989*x15*x9/1000000 - 1349*x15/1000 + 12599*x16**2/1000 + 26413*x16*x17/1000000 + 13809*x16*x18/500000 + 12283*x16*x19/100000 + 2357*x16*x2/20000 + 19787*x16*x3/250000 - 11829*x16*x4/100000 + 20361*x16*x5/250000 + 2497*x16*x6/20000 + 3799*x16*x7/50000 + 2699*x16*x8/20000 + 67173*x16*x9/1000000 - 3449*x16/5000 + 1576*x17**2/125 + 46587*x17*x18/500000 + 20673*x17*x19/250000 + 4937*x17*x2/200000 + 14513*x17*x3/100000 - 21047*x17*x4/500000 + 6169*x17*x5/50000 + 87463*x17*x6/1000000 + 1439*x17*x7/12500 + 12827*x17*x8/100000 + 1539*x17*x9/20000 - 2741*x17/2500 + 1577*x18**2/125 + 14719*x18*x19/250000 + 51441*x18*x2/1000000 + 48319*x18*x3/500000 - 65963*x18*x4/1000000 + 6291*x18*x5/50000 + 32021*x18*x6/500000 + 1159*x18*x7/12500 + 10657*x18*x8/100000 + 15689*x18*x9/200000 - 2899*x18/2500 + 12603*x19**2/1000 + 70551*x19*x2/1000000 + 2199*x19*x3/20000 - 5079*x19*x4/50000 + 2823*x19*x5/25000 + 3253*x19*x6/25000 + 2657*x19*x7/25000 + 57*x19*x8/400 + 95493*x19*x9/1000000 - 8467*x19/10000 + 2519*x2**2/200 + 5363*x2*x3/200000 - 7699*x2*x4/50000 + 39793*x2*x5/500000 + 72771*x2*x6/1000000 + 12319*x2*x7/250000 + 82511*x2*x8/1000000 + 20553*x2*x9/500000 - 65823*x2/100000 + 6317*x3**2/500 - 6419*x3*x4/200000 + 12773*x3*x5/100000 + 5769*x3*x6/50000 + 11871*x3*x7/100000 + 15907*x3*x8/100000 + 10377*x3*x9/100000 - 11921*x3/10000 + 811*x4**2/50 - 30683*x4*x5/1000000 - 6429*x4*x6/100000 - 26723*x4*x7/500000 + 14021*x4*x8/1000000 - 2397*x4*x9/20000 - 6897*x4/2000 + 12637*x5**2/1000 + 6027*x5*x6/50000 + 3107*x5*x7/25000 + 8329*x5*x8/50000 + 82989*x5*x9/1000000 - 1349*x5/1000 + 1261*x6**2/100 + 88387*x6*x7/1000000 + 15157*x6*x8/100000 + 15097*x6*x9/200000 - 647*x6/625 + 12613*x7**2/1000 + 12983*x7*x8/100000 + 77727*x7*x9/1000000 - 11289*x7/10000 + 507*x8**2/40 + 61377*x8*x9/1000000 - 188*x8/125 + 629*x9**2/50 - 75199*x9/100000 + 627/40",
    "Q": "[[15.67527772050834, -0.38227532501414396, -0.7450889019051414, -0.5595356299249781, -0.516379429265854, -0.6802820101504149, -1.729583116562258, -0.592346963383737, -0.3284952855333995, -0.41808717311969834, -0.5847047678765827, -0.5508347632851464, -0.34785654774634106, -0.6756137213941068, -0.22247985859321653, -0.582510608303789, -0.12956796882547625, -0.6560020179667535, 0.03356708984501975, -0.2931108342613577], [-0.38227532501414396, 12.580436385491803, 0.03633473657338023, 0.04043182666406229, 0.03733972123434189, 0.04255063119108347, -0.05287191443537024, 0.047490647270838814, 0.024471256428326347, 0.04365197571457104, 0.036430024130679785, 0.0357986294909321, 0.03441162088113425, 0.04331003810522531, 0.030597667076238327, 0.04282579753040997, 0.0230264767249061, 0.039287131566006495, 0.025790359022927357, 0.016883187883885268], [-0.7450889019051414, 0.03633473657338023, 12.674843967103085, 0.07032683806882145, 0.077568990285422, 0.08813259634107459, 0.006863061358676071, 0.07613095032199783, 0.043950772817789203, 0.07012032718113971, 0.050710183924806924, 0.05870935821831127, 0.0638854677641152, 0.0764332082227861, 0.04218883256353084, 0.09280892915756563, -0.0021366090432060497, 0.09065087813132562, -0.004750248672670829, 0.010556004267676423], [-0.5595356299249781, 0.04043182666406229, 0.07032683806882145, 12.613198299903953, 0.046953508736278175, 0.06519783771223886, -0.02097588094299816, 0.06272372284227708, 0.0307060989220146, 0.052956368277023914, 0.05004382931975437, 0.05292037977891741, 0.0397672020835037, 0.05834181752524872, 0.03769388757218255, 0.06291675640655106, 0.014481468387594511, 0.06571658495049224, 0.008304296531093802, 0.021654756276976078], [-0.516379429265854, 0.03733972123434189, 0.077568990285422, 0.046953508736278175, 12.61038027198837, 0.059883086601735976, -0.03354831341087201, 0.05584477718126658, 0.038928961683999126, 0.05893998521067057, 0.03440817945865219, 0.039222425914056974, 0.05761781032225839, 0.05670609039251531, 0.037130617376902535, 0.06814283168585783, 0.009470880971037815, 0.058386314281624496, 0.018464280561880396, 0.008816569618833092], [-0.6802820101504149, 0.04255063119108347, 0.08813259634107459, 0.06519783771223886, 0.059883086601735976, 12.638221625108732, -0.008580671616688478, 0.06922678961371362, 0.037826786234737036, 0.05570924077689995, 0.06077781919150611, 0.05896518803300654, 0.046023793342839625, 0.07350820533772263, 0.033455175684128174, 0.07315770494845948, 0.014059393215047357, 0.07718159617261183, 0.0030606019240036965, 0.018514736809915222], [-1.729583116562258, -0.05287191443537024, 0.006863061358676071, -0.02097588094299816, -0.03354831341087201, -0.008580671616688478, 16.220671687098907, -0.013439324025557467, -0.07023467963323012, -0.044266666942878806, -0.02701055327831496, -0.025849423855951927, -0.060867819140815425, -0.007574332903196609, -0.07771616921155405, -0.01868879107102013, -0.10749717375569792, -0.010723825171697636, -0.12907435684219876, -0.02520196519690708], [-0.592346963383737, 0.047490647270838814, 0.07613095032199783, 0.06272372284227708, 0.05584477718126658, 0.06922678961371362, -0.013439324025557467, 12.633673821366765, 0.009110450049712802, 0.060402019119309945, 0.053908024734268395, 0.06597846711090118, 0.03422555579579019, 0.06797313355968213, 0.03855693430816822, 0.0666169027217827, 0.0178877372146913, 0.07228309835056268, 0.009033598104072772, 0.019578320724222067], [-0.3284952855333995, 0.024471256428326347, 0.043950772817789203, 0.0307060989220146, 0.038928961683999126, 0.037826786234737036, -0.07023467963323012, 0.009110450049712802, 12.595023997894543, 0.036299579101824214, 0.020574467359619483, 0.006872944987421282, 0.05838886101105061, 0.029561030116904804, 0.029778158016551058, 0.046287985316171565, 0.013234675263742408, 0.029567658092374837, 0.028385086081341934, 0.007647505372721751], [-0.41808717311969834, 0.04365197571457104, 0.07012032718113971, 0.052956368277023914, 0.05893998521067057, 0.05570924077689995, -0.044266666942878806, 0.060402019119309945, 0.036299579101824214, 12.60259487305499, 0.03050096687236749, 0.04280394996713937, 0.058225679983511545, 0.0477293220955001, 0.05491488998561056, 0.06913076128181621, 0.018006764348066442, 0.057008699439923836, 0.02953526677866159, 0.01641712913341966], [-0.5847047678765827, 0.036430024130679785, 0.050710183924806924, 0.05004382931975437, 0.03440817945865219, 0.06077781919150611, -0.02701055327831496, 0.053908024734268395, 0.020574467359619483, 0.03050096687236749, 12.616584616194187, 0.05201709057506088, 0.017063857347578582, 0.06413294486939541, 0.00965609513502825, 0.04112026070909969, 0.02131229414032967, 0.055044061756908715, 0.0012833255237124613, 0.019282415618747446], [-0.5508347632851464, 0.0357986294909321, 0.05870935821831127, 0.05292037977891741, 0.039222425914056974, 0.05896518803300654, -0.025849423855951927, 0.06597846711090118, 0.006872944987421282, 0.04280394996713937, 0.05201709057506088, 12.608186224653638, 0.019566935380436946, 0.057857599250657296, 0.02533650359595218, 0.04999208797208815, 0.01548645553031283, 0.05990169704834055, 0.0031983706866232143, 0.01667157174769746], [-0.34785654774634106, 0.03441162088113425, 0.0638854677641152, 0.0397672020835037, 0.05761781032225839, 0.046023793342839625, -0.060867819140815425, 0.03422555579579019, 0.05838886101105061, 0.058225679983511545, 0.017063857347578582, 0.019566935380436946, 12.59939739320028, 0.03735807196916353, 0.04710977918951862, 0.06379834678463643, 0.011867812071753001, 0.04366788673360322, 0.032579036718101154, 0.007960487322985366], [-0.6756137213941068, 0.04331003810522531, 0.0764332082227861, 0.05834181752524872, 0.05670609039251531, 0.07350820533772263, -0.007574332903196609, 0.06797313355968213, 0.029561030116904804, 0.0477293220955001, 0.06413294486939541, 0.057857599250657296, 0.03735807196916353, 12.63638267801943, 0.01710863331667581, 0.06099626809869024, 0.015822828351363886, 0.06971564064985039, 0.0018018549071897017, 0.01851526973411955], [-0.22247985859321653, 0.030597667076238327, 0.04218883256353084, 0.03769388757218255, 0.037130617376902535, 0.033455175684128174, -0.07771616921155405, 0.03855693430816822, 0.029778158016551058, 0.05491488998561056, 0.00965609513502825, 0.02533650359595218, 0.04710977918951862, 0.01710863331667581, 12.579286774065809, 0.05305083357932273, 0.016286481353919385, 0.03563867085477556, 0.03626766792417129, 0.010646076015817943], [-0.582510608303789, 0.04282579753040997, 0.09280892915756563, 0.06291675640655106, 0.06814283168585783, 0.07315770494845948, -0.01868879107102013, 0.0666169027217827, 0.046287985316171565, 0.06913076128181621, 0.04112026070909969, 0.04999208797208815, 0.06379834678463643, 0.06099626809869024, 0.05305083357932273, 12.631976302377671, 0.009513408445359625, 0.07321496123506546, 0.015603242276751339, 0.017550988333015702], [-0.12956796882547625, 0.0230264767249061, -0.0021366090432060497, 0.014481468387594511, 0.009470880971037815, 0.014059393215047357, -0.10749717375569792, 0.0178877372146913, 0.013234675263742408, 0.018006764348066442, 0.02131229414032967, 0.01548645553031283, 0.011867812071753001, 0.015822828351363886, 0.016286481353919385, 0.009513408445359625, 12.55022693022924, 0.009848815150122777, 0.03635556117198185, 0.0036925249450744744], [-0.6560020179667535, 0.039287131566006495, 0.09065087813132562, 0.06571658495049224, 0.058386314281624496, 0.07718159617261183, -0.010723825171697636, 0.07228309835056268, 0.029567658092374837, 0.057008699439923836, 0.055044061756908715, 0.05990169704834055, 0.04366788673360322, 0.06971564064985039, 0.03563867085477556, 0.07321496123506546, 0.009848815150122777, 12.635150335355371, -0.0011870002039712385, 0.015088149445421056], [0.03356708984501975, 0.025790359022927357, -0.004750248672670829, 0.008304296531093802, 0.018464280561880396, 0.0030606019240036965, -0.12907435684219876, 0.009033598104072772, 0.028385086081341934, 0.02953526677866159, 0.0012833255237124613, 0.0031983706866232143, 0.032579036718101154, 0.0018018549071897017, 0.03626766792417129, 0.015603242276751339, 0.03635556117198185, -0.0011870002039712385, 12.553038393420772, 0.006755835177957802], [-0.2931108342613577, 0.016883187883885268, 0.010556004267676423, 0.021654756276976078, 0.008816569618833092, 0.018514736809915222, -0.02520196519690708, 0.019578320724222067, 0.007647505372721751, 0.01641712913341966, 0.019282415618747446, 0.01667157174769746, 0.007960487322985366, 0.01851526973411955, 0.010646076015817943, 0.017550988333015702, 0.0036925249450744744, 0.015088149445421056, 0.006755835177957802, 12.545940563425626]]",
    "monomial_list": "[1, x9, x8, x7, x6, x5, x4, x3, x2, x19, x18, x17, x16, x15, x14, x13, x12, x11, x10, x1]"
}