{
    "name": "Multiplier-12",
    "rational_expression": "314*x1**2/25 + 6687*x1*x10/100000 + 324*x1*x11/3125 + 37339*x1*x12/1000000 + 11451*x1*x13/100000 + 6147*x1*x14/50000 + 18519*x1*x15/200000 + 2083*x1*x16/20000 + 21799*x1*x17/250000 + 38189*x1*x18/500000 + 3227*x1*x19/25000 + 88179*x1*x2/1000000 + 12051*x1*x3/125000 + 17709*x1*x4/250000 + 96691*x1*x5/1000000 + 10151*x1*x6/100000 + 753*x1*x7/6250 + 45107*x1*x8/500000 + 10671*x1*x9/100000 - 43447*x1/50000 + 1259*x10**2/100 + 17363*x10*x11/200000 - 2159*x10*x12/20000 + 361*x10*x13/2500 + 989*x10*x14/6250 + 10341*x10*x15/100000 + 1613*x10*x16/10000 + 12379*x10*x17/125000 + 11857*x10*x18/100000 + 8029*x10*x19/50000 + 299*x10*x2/2000 + 12981*x10*x3/100000 + 509*x10*x4/3125 + 257*x10*x5/2500 + 13129*x10*x6/100000 + 319*x10*x7/2500 + 43899*x10*x8/500000 + 7187*x10*x9/50000 - 48699*x10/100000 + 2539*x11**2/200 + 7959*x11*x12/50000 + 32003*x11*x13/100000 + 4653*x11*x14/20000 + 24479*x11*x15/100000 + 6141*x11*x16/25000 + 2597*x11*x17/12500 + 18367*x11*x18/100000 + 29707*x11*x19/100000 + 4627*x11*x2/25000 + 5581*x11*x3/20000 + 481*x11*x4/4000 + 5589*x11*x5/20000 + 6591*x11*x6/25000 + 27703*x11*x7/100000 + 4333*x11*x8/12500 + 19503*x11*x9/100000 - 19119*x11/10000 + 1633*x12**2/100 + 22257*x12*x13/100000 + 51*x12*x14/500 + 2079*x12*x15/20000 + 13183*x12*x16/100000 + 5859*x12*x17/100000 + 4409*x12*x18/500000 + 8161*x12*x19/50000 + 43343*x12*x2/1000000 + 13143*x12*x3/100000 - 10673*x12*x4/125000 + 2743*x12*x5/20000 + 407*x12*x6/2500 + 13821*x12*x7/100000 + 25953*x12*x8/100000 + 49909*x12*x9/1000000 - 10517*x12/2500 + 12759*x13**2/1000 + 30623*x13*x14/100000 + 6617*x13*x15/25000 + 34823*x13*x16/100000 + 5621*x13*x17/25000 + 17121*x13*x18/100000 + 9339*x13*x19/25000 + 1009*x13*x2/4000 + 30059*x13*x3/100000 + 3119*x13*x4/20000 + 3013*x13*x5/10000 + 17009*x13*x6/50000 + 29853*x13*x7/100000 + 40261*x13*x8/100000 + 11739*x13*x9/50000 - 23299*x13/10000 + 1269*x14**2/100 + 749*x14*x15/4000 + 7153*x14*x16/25000 + 3513*x14*x17/20000 + 799*x14*x18/6250 + 15627*x14*x19/50000 + 10103*x14*x2/50000 + 4867*x14*x3/20000 + 521*x14*x4/3125 + 4381*x14*x5/20000 + 25311*x14*x6/100000 + 4831*x14*x7/20000 + 28107*x14*x8/100000 + 118*x14*x9/625 - 17379*x14/10000 + 12657*x15**2/1000 + 11151*x15*x16/50000 + 19221*x15*x17/100000 + 17271*x15*x18/100000 + 2479*x15*x19/10000 + 3379*x15*x2/20000 + 4663*x15*x3/20000 + 11159*x15*x4/100000 + 11667*x15*x5/50000 + 3019*x15*x6/12500 + 2889*x15*x7/12500 + 7301*x15*x8/25000 + 18131*x15*x9/100000 - 15299*x15/10000 + 509*x16**2/40 + 499*x16*x17/3125 + 3377*x16*x18/25000 + 32799*x16*x19/100000 + 28979*x16*x2/100000 + 2317*x16*x3/10000 + 4313*x16*x4/25000 + 2569*x16*x5/10000 + 29383*x16*x6/100000 + 6363*x16*x7/25000 + 4401*x16*x8/12500 + 11109*x16*x9/50000 - 19819*x16/10000 + 1579*x17**2/125 + 1671*x17*x18/10000 + 5291*x17*x19/25000 + 551*x17*x2/5000 + 22341*x17*x3/100000 + 5363*x17*x4/50000 + 19889*x17*x5/100000 + 9081*x17*x6/50000 + 19721*x17*x7/100000 + 11401*x17*x8/50000 + 17501*x17*x9/100000 - 13559*x17/10000 + 2521*x18**2/200 + 16249*x18*x19/100000 + 5879*x18*x2/50000 + 4443*x18*x3/25000 + 98003*x18*x4/1000000 + 887*x18*x5/5000 + 15761*x18*x6/100000 + 703*x18*x7/4000 + 4311*x18*x8/25000 + 8001*x18*x9/50000 - 11737*x18/12500 + 3181*x19**2/250 + 11967*x19*x2/50000 + 3563*x19*x3/12500 + 3473*x19*x4/20000 + 7133*x19*x5/25000 + 6447*x19*x6/20000 + 28259*x19*x7/100000 + 1773*x19*x8/5000 + 12477*x19*x9/50000 - 20159*x19/10000 + 1583*x2**2/125 + 3783*x2*x3/25000 + 13489*x2*x4/100000 + 81*x2*x5/400 + 10509*x2*x6/50000 + 20067*x2*x7/100000 + 23307*x2*x8/100000 + 1529*x2*x9/10000 - 14259*x2/10000 + 12693*x3**2/1000 + 14259*x3*x4/100000 + 3381*x3*x5/12500 + 25361*x3*x6/100000 + 26807*x3*x7/100000 + 6151*x3*x8/20000 + 21343*x3*x9/100000 - 17379*x3/10000 + 6293*x4**2/500 + 1171*x4*x5/10000 + 589*x4*x6/4000 + 3547*x4*x7/25000 + 1663*x4*x8/12500 + 12913*x4*x9/100000 - 4781*x4/6250 + 6343*x5**2/500 + 25581*x5*x6/100000 + 27*x5*x7/100 + 33643*x5*x8/100000 + 9503*x5*x9/50000 - 17739*x5/10000 + 1588*x6**2/125 + 25439*x6*x7/100000 + 7039*x6*x8/20000 + 3951*x6*x9/20000 - 19819*x6/10000 + 12679*x7**2/1000 + 969*x7*x8/3125 + 9503*x7*x9/50000 - 17739*x7/10000 + 2559*x8**2/200 + 21877*x8*x9/100000 - 12859*x8/5000 + 12631*x9**2/1000 - 12519*x9/10000 + 17383/1000",
    "Q": "[[17.382797913027915, -0.6214978032544833, -1.2802987640273937, -0.8888168174509923, -0.9874208119970336, -0.893543582284671, -0.39041172411971364, -0.8695815440972758, -0.7067733837497621, -1.0012402062606283, -0.4661447299605138, -0.6789888132642924, -0.9981514230704239, -0.7631994749321213, -0.8678304445455504, -1.1598767254063542, -2.0955465295027276, -0.9520726803885731, -0.24038987508727114, -0.44028974112412744], [-0.6214978032544833, 12.629726952960567, 0.10326948620989837, 0.1005302636616251, 0.10228554884807824, 0.1005236815751192, 0.07059706847781361, 0.10724308743263071, 0.08123282706412674, 0.1179901520985837, 0.07659119095964421, 0.0833433988934519, 0.1061571428968641, 0.09455011158468897, 0.09893653968820577, 0.11615175016333631, 0.023065595956279283, 0.09719845435552678, 0.07519493524903746, 0.047755591847370875], [-1.2802987640273937, 0.10326948620989837, 12.794581929256823, 0.15327183624334081, 0.1737467289612563, 0.16458447665916104, 0.0636070067013523, 0.15614075416382525, 0.1208784208862098, 0.17779358500210954, 0.08764523700870672, 0.1173035267014716, 0.17286153272115395, 0.13914762613285234, 0.14278000534708898, 0.20569522879029584, 0.1227636116468491, 0.17268077697366707, 0.043777920032704996, 0.0508919470479475], [-0.8888168174509923, 0.1005302636616251, 0.15327183624334081, 12.679752311996774, 0.12273454318374788, 0.12894488856878464, 0.06842612569315372, 0.1293251336024977, 0.09525382670549389, 0.14016557188495568, 0.08723594270239499, 0.10376707076308286, 0.12548395916594712, 0.11209833275987201, 0.12003747525857225, 0.1510466924068697, 0.06782205496998467, 0.1319955320316441, 0.058840850749121695, 0.05607815241338744], [-0.9874208119970336, 0.10228554884807824, 0.1737467289612563, 0.12273454318374788, 12.703915186765512, 0.13230700655019503, 0.07055695514520904, 0.13048097799578023, 0.10922114678248701, 0.1541891553886006, 0.07723013960655964, 0.09626279757763498, 0.15276777032448388, 0.11954082500823557, 0.12345836599840437, 0.16666131162402723, 0.0745457318469767, 0.13309606722995485, 0.06667153267624519, 0.04730675767437677], [-0.893543582284671, 0.1005236815751192, 0.16458447665916104, 0.12894488856878464, 0.13230700655019503, 12.68580378598531, 0.06331228965865357, 0.13113105933891941, 0.1007135524988273, 0.13971885098656928, 0.09420147223404207, 0.10581155765317292, 0.12967944202289772, 0.12200793265473524, 0.11411617413363678, 0.15639727802570186, 0.06667523218071861, 0.13824963116370223, 0.057075884834000216, 0.0497323045351132], [-0.39041172411971364, 0.07059706847781361, 0.0636070067013523, 0.06842612569315372, 0.07055695514520904, 0.06331228965865357, 12.58704056243628, 0.07005768470704857, 0.06501494506016264, 0.08856184275917148, 0.0484543477452891, 0.054754519321752224, 0.08253896325575044, 0.0571174135100798, 0.08390335841692198, 0.0801441232783023, -0.03613023293642619, 0.061430496737594806, 0.07770875625040193, 0.030698668711947808], [-0.8695815440972758, 0.10724308743263071, 0.15614075416382525, 0.1293251336024977, 0.13048097799578023, 0.13113105933891941, 0.07005768470704857, 12.693448647190628, 0.07035760710273282, 0.14685784806778562, 0.09015940882705023, 0.11600404853603495, 0.11728851191910189, 0.12005341901865224, 0.12004710168022359, 0.15238698758494285, 0.0693991252715805, 0.1367139805170959, 0.06152925859416003, 0.052442326014083815], [-0.7067733837497621, 0.08123282706412674, 0.1208784208862098, 0.09525382670549389, 0.10922114678248701, 0.1007135524988273, 0.06501494506016264, 0.07035760710273282, 12.663384124511696, 0.11340508223347012, 0.06293567926312911, 0.056088524496149664, 0.13852762511434213, 0.08563145069528391, 0.09951003042373288, 0.1269161367480375, 0.022056712081844242, 0.09210528856140202, 0.07156047483603538, 0.041929429770750135], [-1.0012402062606283, 0.1179901520985837, 0.17779358500210954, 0.14016557188495568, 0.1541891553886006, 0.13971885098656928, 0.08856184275917148, 0.14685784806778562, 0.11340508223347012, 12.722998091816603, 0.08314272634868412, 0.11007182308526468, 0.16146925218876296, 0.12154536175861765, 0.1509872870514096, 0.17928511289595175, 0.08431132794252806, 0.14271764069246226, 0.08144026870014086, 0.0624768620212242], [-0.4661447299605138, 0.07659119095964421, 0.08764523700870672, 0.08723594270239499, 0.07723013960655964, 0.09420147223404207, 0.0484543477452891, 0.09015940882705023, 0.06293567926312911, 0.08314272634868412, 12.604752577282115, 0.08009439435438062, 0.06883402500681397, 0.09118529040040518, 0.06261889099727404, 0.08803068891167772, -0.0020034189581949278, 0.08915908940467702, 0.053086726261106776, 0.03543043624334677], [-0.6789888132642924, 0.0833433988934519, 0.1173035267014716, 0.10376707076308286, 0.09626279757763498, 0.10581155765317292, 0.054754519321752224, 0.11600404853603495, 0.056088524496149664, 0.11007182308526468, 0.08009439435438062, 12.631983459205761, 0.08409529305818139, 0.09673746032971074, 0.09004126796680972, 0.11508885490348335, 0.030535411791132748, 0.10856369715794802, 0.05036436501503715, 0.04090282824628154], [-0.9981514230704239, 0.1061571428968641, 0.17286153272115395, 0.12548395916594712, 0.15276777032448388, 0.12967944202289772, 0.08253896325575044, 0.11728851191910189, 0.13852762511434213, 0.16146925218876296, 0.06883402500681397, 0.08409529305818139, 12.725264480370974, 0.11138646153261307, 0.13882286346583747, 0.17353567754343308, 0.07246811620953916, 0.12842580658173838, 0.07903440163109034, 0.05348874136337578], [-0.7631994749321213, 0.09455011158468897, 0.13914762613285234, 0.11209833275987201, 0.11954082500823557, 0.12200793265473524, 0.0571174135100798, 0.12005341901865224, 0.08563145069528391, 0.12154536175861765, 0.09118529040040518, 0.09673746032971074, 0.11138646153261307, 12.657151712480143, 0.08880362884965111, 0.13180123878117983, 0.048076262479809916, 0.12062654390117507, 0.0559179764050549, 0.043625619097905896], [-0.8678304445455504, 0.09893653968820577, 0.14278000534708898, 0.12003747525857225, 0.12345836599840437, 0.11411617413363678, 0.08390335841692198, 0.12004710168022359, 0.09951003042373288, 0.1509872870514096, 0.06261889099727404, 0.09004126796680972, 0.13882286346583747, 0.08880362884965111, 12.690047917339047, 0.15500946396517679, 0.05235130525058201, 0.1168428273467227, 0.07824225779273049, 0.055563554168771075], [-1.1598767254063542, 0.11615175016333631, 0.20569522879029584, 0.1510466924068697, 0.16666131162402723, 0.15639727802570186, 0.0801441232783023, 0.15238698758494285, 0.1269161367480375, 0.17928511289595175, 0.08803068891167772, 0.11508885490348335, 0.17353567754343308, 0.13180123878117983, 0.15500946396517679, 12.758894466254251, 0.10782045135731648, 0.15984157294964818, 0.06781728860088529, 0.06286017406737421], [-2.0955465295027276, 0.023065595956279283, 0.1227636116468491, 0.06782205496998467, 0.0745457318469767, 0.06667523218071861, -0.03613023293642619, 0.0693991252715805, 0.022056712081844242, 0.08431132794252806, -0.0020034189581949278, 0.030535411791132748, 0.07246811620953916, 0.048076262479809916, 0.05235130525058201, 0.10782045135731648, 16.328238321909208, 0.0727933642592536, -0.05368089505524727, 0.017513666189075152], [-0.9520726803885731, 0.09719845435552678, 0.17268077697366707, 0.1319955320316441, 0.13309606722995485, 0.13824963116370223, 0.061430496737594806, 0.1367139805170959, 0.09210528856140202, 0.14271764069246226, 0.08915908940467702, 0.10856369715794802, 0.12842580658173838, 0.12062654390117507, 0.1168428273467227, 0.15984157294964818, 0.0727933642592536, 12.694697730972978, 0.04822680731813715, 0.047362454920901284], [-0.24038987508727114, 0.07519493524903746, 0.043777920032704996, 0.058840850749121695, 0.06667153267624519, 0.057075884834000216, 0.07770875625040193, 0.06152925859416003, 0.07156047483603538, 0.08144026870014086, 0.053086726261106776, 0.05036436501503715, 0.07903440163109034, 0.0559179764050549, 0.07824225779273049, 0.06781728860088529, -0.05368089505524727, 0.04822680731813715, 12.589779191607029, 0.035757261803619655], [-0.44028974112412744, 0.047755591847370875, 0.0508919470479475, 0.05607815241338744, 0.04730675767437677, 0.0497323045351132, 0.030698668711947808, 0.052442326014083815, 0.041929429770750135, 0.0624768620212242, 0.03543043624334677, 0.04090282824628154, 0.05348874136337578, 0.043625619097905896, 0.055563554168771075, 0.06286017406737421, 0.017513666189075152, 0.047362454920901284, 0.035757261803619655, 12.560486662899839]]",
    "monomial_list": "[1, x9, x8, x7, x6, x5, x4, x3, x2, x19, x18, x17, x16, x15, x14, x13, x12, x11, x10, x1]"
}