{
    "name": "Multiplier-10",
    "rational_expression": "6261*x1**2/500 - 98053*x1*x10/1000000 + 1657*x1*x11/100000 + 12607*x1*x12/500000 + 171*x1*x13/12500 + 15393*x1*x14/500000 + 827*x1*x15/62500 + 33533*x1*x16/5000000 + 12307*x1*x17/1000000 + 287*x1*x18/8000 + 2167*x1*x19/62500 + 36291*x1*x2/10000000 + 489*x1*x3/12500 + 24343*x1*x4/1000000 + 2927*x1*x5/200000 + 97621*x1*x6/10000000 + 19321*x1*x7/500000 - 30727*x1*x8/5000000 + 31131*x1*x9/1000000 - 16261*x1/50000 + 2021*x10**2/125 + 32363*x10*x11/10000000 - 5821*x10*x12/25000 - 26541*x10*x13/1000000 - 15549*x10*x14/100000 - 26889*x10*x15/1000000 - 5853*x10*x16/50000 - 15227*x10*x17/250000 - 19011*x10*x18/250000 - 22731*x10*x19/250000 - 4223*x10*x2/25000 - 18623*x10*x3/1000000 - 5923*x10*x4/25000 - 33997*x10*x5/1000000 - 5073*x10*x6/62500 - 22773*x10*x7/500000 + 4033*x10*x8/125000 - 2953*x10*x9/25000 - 16107*x10/5000 + 2529*x11**2/200 - 10017*x11*x12/12500000 + 17167*x11*x13/100000 + 19581*x11*x14/250000 + 3571*x11*x15/25000 + 21259*x11*x16/250000 + 1373*x11*x17/10000 + 10401*x11*x18/100000 + 6141*x11*x19/50000 + 21967*x11*x2/500000 + 17143*x11*x3/100000 - 11273*x11*x4/2500000 + 3517*x11*x5/20000 + 6241*x11*x6/50000 + 8433*x11*x7/50000 + 4387*x11*x8/20000 + 39921*x11*x9/500000 - 8133*x11/5000 + 1253*x12**2/100 - 7561*x12*x13/25000000 + 799*x12*x14/31250 + 1547*x12*x15/62500 + 25483*x12*x16/1000000 + 24603*x12*x17/1000000 + 1249*x12*x18/25000 + 12573*x12*x19/500000 + 50567*x12*x2/1000000 + 24389*x12*x3/1000000 + 7523*x12*x4/100000 + 24019*x12*x5/1000000 + 24397*x12*x6/1000000 + 24001*x12*x7/1000000 - 13643*x12*x8/500000 + 24979*x12*x9/500000 + 3277*x12/100000 + 1263*x13**2/100 + 6237*x13*x14/50000 + 13133*x13*x15/100000 + 3261*x13*x16/25000 + 10191*x13*x17/100000 + 69471*x13*x18/1000000 + 14103*x13*x19/100000 + 90689*x13*x2/1000000 + 3983*x13*x3/25000 + 21633*x13*x4/1000000 + 509*x13*x5/3125 + 14221*x13*x6/100000 + 817*x13*x7/6250 + 22741*x13*x8/100000 + 74567*x13*x9/1000000 - 6673*x13/5000 + 1257*x14**2/100 + 22239*x14*x15/1000000 + 17453*x14*x16/200000 + 4559*x14*x17/100000 + 17447*x14*x18/1000000 + 2933*x14*x19/25000 + 5691*x14*x2/100000 + 73563*x14*x3/1000000 + 73653*x14*x4/1000000 + 18699*x14*x5/250000 + 33339*x14*x6/500000 + 1447*x14*x7/20000 + 5041*x14*x8/62500 + 59919*x14*x9/1000000 - 10407*x14/20000 + 6307*x15**2/500 + 78239*x15*x16/1000000 + 6251*x15*x17/50000 + 11793*x15*x18/100000 + 88847*x15*x19/1000000 + 20141*x15*x2/500000 + 13143*x15*x3/100000 - 17809*x15*x4/5000000 + 8053*x15*x5/50000 + 2873*x15*x6/25000 + 3229*x15*x7/25000 + 17603*x15*x8/100000 + 73977*x15*x9/1000000 - 13009*x15/10000 + 12583*x16**2/1000 + 25147*x16*x17/1000000 + 21759*x16*x18/1000000 + 12141*x16*x19/100000 + 6687*x16*x2/50000 + 6749*x16*x3/125000 + 14673*x16*x4/200000 + 81069*x16*x5/1000000 + 2429*x16*x6/20000 + 19473*x16*x7/250000 + 6949*x16*x8/50000 + 31131*x16*x9/500000 - 16261*x16/25000 + 63*x17**2/5 + 1147*x17*x18/10000 + 85839*x17*x19/1000000 - 433*x17*x2/40000 + 15321*x17*x3/100000 - 8301*x17*x4/2500000 + 1629*x17*x5/12500 + 4367*x17*x6/50000 + 6251*x17*x7/50000 + 14433*x17*x8/100000 + 4513*x17*x9/62500 - 3009*x17/2500 + 12591*x18**2/1000 + 27847*x18*x19/500000 + 37147*x18*x2/1000000 + 5999*x18*x3/50000 - 29073*x18*x4/10000000 + 767*x18*x5/6250 + 56957*x18*x6/1000000 + 937*x18*x7/10000 + 1379*x18*x8/12500 + 69291*x18*x9/1000000 - 10407*x18/10000 + 1574*x19**2/125 + 30743*x19*x2/500000 + 14139*x19*x3/100000 + 72657*x19*x4/1000000 + 2351*x19*x5/20000 + 12937*x19*x6/100000 + 11319*x19*x7/100000 + 1539*x19*x8/10000 + 91471*x19*x9/1000000 - 91161*x19/100000 + 12569*x2**2/1000 - 2733*x2*x3/312500 + 49637*x2*x4/1000000 + 16857*x2*x5/250000 + 12351*x2*x6/200000 + 40331*x2*x7/1000000 + 4463*x2*x8/62500 + 28497*x2*x9/500000 - 35799*x2/100000 + 6317*x3**2/500 + 21529*x3*x4/1000000 + 16403*x3*x5/100000 + 1169*x3*x6/10000 + 3297*x3*x7/25000 + 17991*x3*x8/100000 + 6229*x3*x9/62500 - 854*x3/625 + 12531*x4**2/1000 - 40467*x4*x5/10000000 + 11973*x4*x6/250000 + 1073*x4*x7/50000 - 27481*x4*x8/5000000 + 12199*x4*x9/250000 + 48659*x4/500000 + 3157*x5**2/250 + 11987*x5*x6/100000 + 1359*x5*x7/10000 + 5251*x5*x8/25000 + 38447*x5*x9/500000 - 14637*x5/10000 + 12591*x6**2/1000 + 22809*x6*x7/250000 + 197*x6*x8/1250 + 4257*x6*x9/62500 - 6101*x6/6250 + 3153*x7**2/250 + 8901*x7*x8/50000 + 74567*x7*x9/1000000 - 6673*x7/5000 + 6349*x8**2/500 + 11733*x8*x9/200000 - 371*x8/200 + 12553*x9**2/1000 - 58589*x9/100000 + 1627/100",
    "Q": "[[16.27040825727785, -0.28874159526678894, -0.9266207153828182, -0.6627696205538014, -0.4918741149442255, -0.7271182376972775, 0.04317607180020126, -0.6832002293243746, -0.18441868221921826, -0.4607758598532697, -0.5274885354998144, -0.6010534168087088, -0.3197180071776622, -0.6524043375453049, -0.2568157013283367, -0.6744903966235883, 0.023992241067718304, -0.8108703221907525, -1.615632326640954, -0.16748902400729357], [-0.28874159526678894, 12.553472299494763, 0.029227260144768286, 0.03627083002804713, 0.03400351970777461, 0.037047097612852305, 0.02640467330024748, 0.044450144455467744, 0.02238529791573487, 0.0419935772396198, 0.031857053743945825, 0.03241684309130168, 0.03260420495795875, 0.03750383403969053, 0.03132029611493116, 0.038538594526067955, 0.027295236619088975, 0.03455523075967521, -0.06438085385264007, 0.01433307057771727], [-0.9266207153828182, 0.029227260144768286, 12.697540850152741, 0.08428062466590162, 0.0840174422405131, 0.1019891421224759, -0.004210785575867966, 0.09096148371647804, 0.03585441458644422, 0.0777981847841325, 0.05213030688192201, 0.06886942546488777, 0.06554806260147271, 0.08376862096936433, 0.04462974327482573, 0.10982272913852795, -0.01748663543309065, 0.11376733816078602, 0.015898895650824415, 0.001955818931179437], [-0.6627696205538014, 0.03627083002804713, 0.08428062466590162, 12.611348840415552, 0.04706734283736779, 0.07164416439317145, 0.009180266576924388, 0.07088779822885324, 0.024006944361981072, 0.05564662960060897, 0.051041648016286155, 0.05925836763650846, 0.037445869706376526, 0.06065369396129783, 0.038998691488775154, 0.07007636367080654, 0.007320307232292439, 0.07802769452711082, -0.017266881384759288, 0.017621364798237518], [-0.4918741149442255, 0.03400351970777461, 0.0840174422405131, 0.04706734283736779, 12.591561480174414, 0.06007673857047261, 0.018548546852545363, 0.057621335534847974, 0.036072993834089545, 0.06094547223195557, 0.030656830803040682, 0.03895084999264144, 0.05881105480997293, 0.05513813360030624, 0.03851592111757119, 0.07133581801050191, 0.007336293592727312, 0.06175153253536773, -0.038962251701579895, 0.0037971220599452887], [-0.7271182376972775, 0.037047097612852305, 0.1019891421224759, 0.07164416439317145, 0.06007673857047261, 12.628392798412486, 0.002107731517447753, 0.07577019881819728, 0.030789605813026637, 0.057634605299291305, 0.0602047699738064, 0.06361861851052115, 0.04399840499294968, 0.07468205059484004, 0.03408264373301405, 0.07975489147542326, 0.007035944216989099, 0.08868290058884289, -0.01163786284905445, 0.011556730909966171], [0.04317607180020126, 0.02640467330024748, -0.004210785575867966, 0.009180266576924388, 0.018548546852545363, 0.002107731517447753, 12.530783446386046, 0.010043231707608387, 0.028622375270164063, 0.031804815097300335, -0.00033067054165646635, 0.0035288854517097523, 0.034209763121637565, -0.00010316608446946199, 0.04032370881448641, 0.016753038219522308, 0.03964414569497939, -0.00046047691680273933, -0.11824496930711284, 0.006265591819192917], [-0.6832002293243746, 0.044450144455467744, 0.09096148371647804, 0.07088779822885324, 0.057621335534847974, 0.07577019881819728, 0.010043231707608387, 12.634111698754818, -0.0017175485763464597, 0.06473501847844189, 0.05482243905756309, 0.0745178825221005, 0.031081899323742942, 0.07145032198962768, 0.040350479434229085, 0.07430392509870534, 0.01131846253733054, 0.08539569167919517, -0.01018053359785928, 0.014893594247277705], [-0.18441868221921826, 0.02238529791573487, 0.03585441458644422, 0.024006944361981072, 0.036072993834089545, 0.030789605813026637, 0.028622375270164063, -0.0017175485763464597, 12.569107511410925, 0.033532914298641026, 0.01473895750962697, -0.0016351339277252323, 0.06150075027948365, 0.021720814635214962, 0.03119113344512775, 0.04176484089959157, 0.020134908366232347, 0.021261373484260358, -0.08429289290326532, 0.005507609731192315], [-0.4607758598532697, 0.0419935772396198, 0.0777981847841325, 0.05564662960060897, 0.06094547223195557, 0.057634605299291305, 0.031804815097300335, 0.06473501847844189, 0.033532914298641026, 12.591570893962878, 0.028621741447201178, 0.04493014522674011, 0.059231114209126405, 0.04762916183301297, 0.05805115555647466, 0.0738517831174485, 0.01595863803060214, 0.06194128397463394, -0.04127745467095819, 0.014670035287291227], [-0.5274885354998144, 0.031857053743945825, 0.05213030688192201, 0.051041648016286155, 0.030656830803040682, 0.0602047699738064, -0.00033067054165646635, 0.05482243905756309, 0.01473895750962697, 0.028621741447201178, 12.591456630619764, 0.052999476493718646, 0.012715745094593863, 0.06123812580365897, 0.008583740125466751, 0.03994062163638073, 0.020990791691534193, 0.058189688621306204, -0.03945155134883173, 0.013324171814960588], [-0.6010534168087088, 0.03241684309130168, 0.06886942546488777, 0.05925836763650846, 0.03895084999264144, 0.06361861851052115, 0.0035288854517097523, 0.0745178825221005, -0.0016351339277252323, 0.04493014522674011, 0.052999476493718646, 12.599799163824633, 0.015741352152778113, 0.05962602755941495, 0.02634084229227513, 0.05470725081523831, 0.011074517256689554, 0.06992874354409823, -0.026390853116368858, 0.012455401588178884], [-0.3197180071776622, 0.03260420495795875, 0.06554806260147271, 0.037445869706376526, 0.05881105480997293, 0.04399840499294968, 0.034209763121637565, 0.031081899323742942, 0.06150075027948365, 0.059231114209126405, 0.012715745094593863, 0.015741352152778113, 12.582076955596055, 0.034164174523051455, 0.0490284577751448, 0.06503700245707325, 0.012926524340577158, 0.0423601608010697, -0.0636736887060161, 0.005813916798542235], [-0.6524043375453049, 0.03750383403969053, 0.08376862096936433, 0.06065369396129783, 0.05513813360030624, 0.07468205059484004, -0.00010316608446946199, 0.07145032198962768, 0.021720814635214962, 0.04762916183301297, 0.06123812580365897, 0.05962602755941495, 0.034164174523051455, 12.614633093019393, 0.015790466995425093, 0.06299760461305318, 0.011306219786741453, 0.07624553988200168, -0.018268381818950418, 0.010521761867612842], [-0.2568157013283367, 0.03132029611493116, 0.04462974327482573, 0.038998691488775154, 0.03851592111757119, 0.03408264373301405, 0.04032370881448641, 0.040350479434229085, 0.03119113344512775, 0.05805115555647466, 0.008583740125466751, 0.02634084229227513, 0.0490284577751448, 0.015790466995425093, 12.569761504231233, 0.056367530489109904, 0.018208990735496092, 0.03685184014386237, -0.07129876857190394, 0.012727972063428373], [-0.6744903966235883, 0.038538594526067955, 0.10982272913852795, 0.07007636367080654, 0.07133581801050191, 0.07975489147542326, 0.016753038219522308, 0.07430392509870534, 0.04176484089959157, 0.0738517831174485, 0.03994062163638073, 0.05470725081523831, 0.06503700245707325, 0.06299760461305318, 0.056367530489109904, 12.630084180000134, 0.0016117318523099298, 0.08529334161539104, -0.014508166448330535, 0.012867309606330117], [0.023992241067718304, 0.027295236619088975, -0.01748663543309065, 0.007320307232292439, 0.007336293592727312, 0.007035944216989099, 0.03964414569497939, 0.01131846253733054, 0.020134908366232347, 0.01595863803060214, 0.020990791691534193, 0.011074517256689554, 0.012926524340577158, 0.011306219786741453, 0.018208990735496092, 0.0016117318523099298, 12.530187081450848, -0.0007732278095311214, -0.11537124603772345, 0.007024136403973028], [-0.8108703221907525, 0.03455523075967521, 0.11376733816078602, 0.07802769452711082, 0.06175153253536773, 0.08868290058884289, -0.00046047691680273933, 0.08539569167919517, 0.021261373484260358, 0.06194128397463394, 0.058189688621306204, 0.06992874354409823, 0.0423601608010697, 0.07624553988200168, 0.03685184014386237, 0.08529334161539104, -0.0007732278095311214, 12.645449325215942, -0.00280471684987657, 0.008964896660405586], [-1.615632326640954, -0.06438085385264007, 0.015898895650824415, -0.017266881384759288, -0.038962251701579895, -0.01163786284905445, -0.11824496930711284, -0.01018053359785928, -0.08429289290326532, -0.04127745467095819, -0.03945155134883173, -0.026390853116368858, -0.0636736887060161, -0.018268381818950418, -0.07129876857190394, -0.014508166448330535, -0.11537124603772345, -0.00280471684987657, 16.169676378694835, -0.04140224719112548], [-0.16748902400729357, 0.01433307057771727, 0.001955818931179437, 0.017621364798237518, 0.0037971220599452887, 0.011556730909966171, 0.006265591819192917, 0.014893594247277705, 0.005507609731192315, 0.014670035287291227, 0.013324171814960588, 0.012455401588178884, 0.005813916798542235, 0.010521761867612842, 0.012727972063428373, 0.012867309606330117, 0.007024136403973028, 0.008964896660405586, -0.04140224719112548, 12.521639728411614]]",
    "monomial_list": "[1, x9, x8, x7, x6, x5, x4, x3, x2, x19, x18, x17, x16, x15, x14, x13, x12, x11, x10, x1]"
}