{
    "name": "Multiplier-6",
    "rational_expression": "1572*x1**2/125 - 1711*x1*x10/100000 - 40959*x1*x11/1000000 - 581*x1*x12/50000 - 44633*x1*x13/1000000 - 7153*x1*x14/500000 - 16991*x1*x15/1000000 - 1567*x1*x16/31250 - 10193*x1*x17/1000000 - 19079*x1*x18/2000000 - 18821*x1*x19/1000000 - 45377*x1*x2/1000000 - 1419*x1*x3/100000 - 17657*x1*x4/1000000 - 16091*x1*x5/1000000 - 10221*x1*x6/100000 - 5577*x1*x7/500000 - 1249*x1*x8/25000 - 14257*x1*x9/1000000 - 60623*x1/100000 + 6291*x10**2/500 - 44997*x10*x11/1000000 + 2279*x10*x12/312500 - 5173*x10*x13/250000 + 64171*x10*x14/10000000 - 22741*x10*x15/500000 + 5413*x10*x16/2000000 - 43253*x10*x17/1000000 - 21471*x10*x18/500000 + 23427*x10*x19/5000000 + 43237*x10*x2/10000000 - 22209*x10*x3/500000 + 30527*x10*x4/1000000 - 11291*x10*x5/250000 - 1329*x10*x6/5000 - 45387*x10*x7/1000000 - 50381*x10*x8/1000000 + 10113*x10*x9/2500000 - 23799*x10/100000 + 12573*x11**2/1000 - 41809*x11*x12/1000000 - 9771*x11*x13/500000 - 8987*x11*x14/500000 - 18397*x11*x15/1000000 - 23459*x11*x16/1000000 - 14979*x11*x17/1000000 - 7321*x11*x18/500000 - 2417*x11*x19/125000 - 9227*x11*x2/200000 - 16913*x11*x3/1000000 - 44847*x11*x4/1000000 + 65793*x11*x5/10000000 - 901*x11*x6/4000 - 1063*x11*x7/62500 + 7921*x11*x8/20000000 - 19503*x11*x9/1000000 - 34251*x11/100000 + 2517*x12**2/200 - 22227*x12*x13/500000 - 7909*x12*x14/500000 - 3489*x12*x15/200000 - 24373*x12*x16/500000 - 6389*x12*x17/500000 + 1639*x12*x18/125000 - 18737*x12*x19/1000000 - 19651*x12*x2/1000000 - 7639*x12*x3/500000 - 17033*x12*x4/1000000 - 2097*x12*x5/125000 - 609*x12*x6/2500 - 1853*x12*x7/125000 - 50093*x12*x8/1000000 - 16493*x12*x9/1000000 - 47437*x12/100000 + 2513*x13**2/200 + 55177*x13*x14/10000000 - 10379*x13*x15/500000 + 26039*x13*x16/10000000 - 9469*x13*x17/500000 - 22057*x13*x18/500000 + 5303*x13*x19/1250000 - 10333*x13*x2/500000 - 1919*x13*x3/100000 - 19981*x13*x4/1000000 - 9887*x13*x5/500000 - 13567*x13*x6/50000 - 819*x13*x7/40000 + 23783*x13*x8/100000000 - 11091*x13*x9/500000 - 4623*x13/25000 + 2517*x14**2/200 - 4407*x14*x15/100000 + 5589*x14*x16/2500000 - 15093*x14*x17/1000000 - 10017*x14*x18/250000 + 7153*x14*x19/1250000 - 9781*x14*x2/500000 - 4253*x14*x3/250000 + 103*x14*x4/16000 - 9073*x14*x5/500000 - 25379*x14*x6/100000 - 8203*x14*x7/500000 - 12061*x14*x8/500000 - 4571*x14*x9/250000 - 4613*x14/12500 + 12569*x15**2/1000 - 1461*x15*x16/62500 - 3221*x15*x17/200000 + 88019*x15*x18/10000000 - 10263*x15*x19/500000 - 10531*x15*x2/500000 - 17707*x15*x3/1000000 - 453*x15*x4/10000 - 4663*x15*x5/250000 - 4599*x15*x6/20000 - 9457*x15*x7/500000 - 24201*x15*x8/1000000 - 9817*x15*x9/500000 - 5797*x15/20000 + 1571*x16**2/125 - 18503*x16*x17/250000 - 74033*x16*x18/1000000 + 23233*x16*x19/10000000 + 279*x16*x2/10000 - 49097*x16*x3/1000000 + 22227*x16*x4/10000000 - 2951*x16*x5/125000 - 5869*x16*x6/20000 - 2591*x16*x7/50000 - 12139*x16*x8/5000000000 - 26227*x16*x9/1000000 + 10613*x16/200000 + 6293*x17**2/500 + 14677*x17*x18/1000000 - 18379*x17*x19/1000000 - 69467*x17*x2/1000000 + 2767*x17*x3/250000 - 10667*x17*x4/250000 - 3809*x17*x5/250000 - 20523*x17*x6/100000 - 3087*x17*x7/250000 - 24703*x17*x8/1000000 - 7581*x17*x9/500000 - 13829*x17/25000 + 6297*x18**2/500 - 2717*x18*x19/62500 - 22321*x18*x2/500000 - 6523*x18*x3/500000 - 42379*x18*x4/1000000 - 3721*x18*x5/250000 - 5061*x18*x6/25000 - 367*x18*x7/31250 - 24993*x18*x8/500000 - 14709*x18*x9/1000000 - 5797*x18/10000 + 6283*x19**2/500 - 20527*x19*x2/1000000 - 18781*x19*x3/1000000 + 6057*x19*x4/1250000 - 2523*x19*x5/125000 - 13439*x19*x6/50000 - 19873*x19*x7/1000000 + 26303*x19*x8/100000000 - 20953*x19*x9/1000000 - 10613*x19/50000 + 6291*x2**2/500 - 1098*x2*x3/15625 - 10113*x2*x4/500000 - 4179*x2*x5/200000 - 13681*x2*x6/50000 - 21821*x2*x7/1000000 - 24333*x2*x8/1000000 - 22647*x2*x9/1000000 - 15759*x2/100000 + 6291*x3**2/500 - 4667*x3*x4/250000 - 1059*x3*x5/62500 - 136*x3*x6/625 - 61*x3*x7/4000 - 24069*x3*x8/1000000 - 8699*x3*x9/500000 - 4213*x3/10000 + 6287*x4**2/500 - 22417*x4*x5/500000 - 2637*x4*x6/10000 - 19497*x4*x7/1000000 - 4999*x4*x8/200000 - 251*x4*x9/12500 - 6583*x4/25000 + 12571*x5**2/1000 - 901*x5*x6/4000 - 1063*x5*x7/62500 + 7921*x5*x8/20000000 - 19503*x5*x9/1000000 - 34251*x5/100000 + 16129*x6**2/1000 - 19647*x6*x7/100000 - 27349*x6*x8/100000 - 20923*x6*x9/100000 - 6191*x6/2500 + 6293*x7**2/500 - 6169*x7*x8/250000 - 14709*x7*x9/1000000 - 5797*x7/10000 + 6283*x8**2/500 - 50201*x8*x9/1000000 - 26533*x8/1000000 + 6289*x9**2/500 - 2799*x9/6250 + 13173/1000",
    "Q": "[[13.173142954045204, -0.2271929483382787, -0.018569681121551607, -0.29417474532100213, -1.2444037897731755, -0.17075377093916078, -0.13682593991085165, -0.2093798568508696, -0.08375906873729436, -0.10102570216357616, -0.2927200935428993, -0.27419911162732846, 0.020306511986991814, -0.14878158366323607, -0.18752478861083602, -0.08617979074287736, -0.23185875972443612, -0.17045691674448368, -0.11384187849858254, -0.3001497425616973], [-0.2271929483382787, 12.577806848915792, -0.025045241255511094, -0.006888000531766036, -0.10980202600461822, -0.012128892191656021, -0.0070993703721521926, -0.00520061986143653, -0.015191691420745971, -0.009010658353121146, -0.004494350629699221, -0.007400626774988847, -0.015771340389012574, -0.00985382214936104, -0.008829625872570968, -0.014904006285820497, -0.002683184531441926, -0.014248499117992306, -0.0020858143033689377, -0.00142381273020917], [-0.018569681121551607, -0.025045241255511094, 12.565954582064503, -0.013121447422140579, -0.13572223737126907, -0.0030972891408122464, -0.017148145119638945, -0.011304024106968003, -0.009221872463903606, -0.004394939835685666, -0.02142691461287042, -0.016634588630598416, 0.00013173716799045503, -0.010761532496842245, -0.011216278943781372, 0.002390292037677151, -0.02783611253835729, 2.6990872572267104e-05, -0.023825464279291598, -0.03083767829351537], [-0.29417474532100213, -0.006888000531766036, -0.013121447422140579, 12.586547053504225, -0.09935322451733491, -0.004922281115073164, -0.013532428746744226, -0.002335033178835561, -0.016533993188482036, -0.009815402652172059, -0.0009180023643312453, -0.0005392925077172432, -0.020415607431182585, -0.00952096936162747, -0.005883975646633214, -0.009909043691891018, -0.011179470413739625, -0.00337955287747701, -0.017963460986439583, 0.00018749867963600538], [-1.2444037897731755, -0.10980202600461822, -0.13572223737126907, -0.09935322451733491, 16.130891741660832, -0.11855275188653441, -0.13471198496901773, -0.10823038310747381, -0.1352696360894711, -0.1309339709127863, -0.09930422122640128, -0.1000411725858773, -0.14937440681960407, -0.1166761653976062, -0.12159130555837735, -0.13122477349791548, -0.12006696498855071, -0.11800191860651732, -0.13815215173983067, -0.044410811648640976], [-0.17075377093916078, -0.012128892191656021, -0.0030972891408122464, -0.004922281115073164, -0.11855275188653441, 12.571106610194114, -0.017353728191348998, -0.0062445717622795745, -0.01134837305740247, -0.010188567584996736, -0.0030258644600329523, -0.005959786909021746, -0.012841768087050533, -0.004967845506503217, -0.012764074521511104, -0.005636847709817911, -0.012631160209976238, -0.0014822508619390445, -0.01894211416897385, -0.013821634682172245], [-0.13682593991085165, -0.0070993703721521926, -0.017148145119638945, -0.013532428746744226, -0.13471198496901773, -0.017353728191348998, 12.573824557121105, -0.013336214232244254, -0.005628901988756535, -0.0028249235944907422, -0.019898725778025095, -0.016534220267917482, -0.001100065732166856, -0.01884969779914878, 0.0018169450710592667, -0.00960169273897212, -0.002547096317027824, -0.016769357516147294, 0.009798897970413738, -0.011854397811759246], [-0.2093798568508696, -0.00520061986143653, -0.011304024106968003, -0.002335033178835561, -0.10823038310747381, -0.0062445717622795745, -0.013336214232244254, 12.58263495843822, -0.035560522958431484, -0.0064251457346841765, -0.0039478947769256935, 0.003949085989778442, -0.02414223618249215, -0.0060748565564116876, -0.008526964344485938, -0.009900662362844799, -0.009696855277675727, -0.0030065706255555987, -0.016626308485406055, -0.0075092411664461015], [-0.08375906873729436, -0.015191691420745971, -0.009221872463903606, -0.016533993188482036, -0.1352696360894711, -0.01134837305740247, -0.005628901988756535, -0.035560522958431484, 12.582005187406308, -0.010303635051018696, -0.01862261968836886, -0.03203292520587476, 0.012547284873370085, -0.016299732505663002, -0.009043692879099004, -0.005710446751007154, -0.011853669378677857, -0.01720522131792644, 0.0015706381211228531, -0.01663731459351978], [-0.10102570216357616, -0.009010658353121146, -0.004394939835685666, -0.009815402652172059, -0.1309339709127863, -0.010188567584996736, -0.0028249235944907422, -0.0064251457346841765, -0.010303635051018696, 12.566253089812866, -0.020899755207452006, -0.013187440402459533, 0.00011397787969527078, -0.014710466173131523, 0.0026313748107863973, -0.001355229655500518, -0.014083588255251031, -0.00863857663898304, -0.004013165307331507, -0.013498558594397652], [-0.2927200935428993, -0.004494350629699221, -0.02142691461287042, -0.0009180023643312453, -0.09930422122640128, -0.0030258644600329523, -0.019898725778025095, -0.0039478947769256935, -0.01862261968836886, -0.020899755207452006, 12.593807536320448, 0.003122412778547301, -0.030937074027790574, 0.00047551728659436993, -0.02357594034840714, -0.02007350164807434, 0.0008165340166527515, -0.006496360510115902, -0.016657951078885364, -0.0003746245799252528], [-0.27419911162732846, -0.007400626774988847, -0.016634588630598416, -0.0005392925077172432, -0.1000411725858773, -0.005959786909021746, -0.016534220267917482, 0.003949085989778442, -0.03203292520587476, -0.013187440402459533, 0.003122412778547301, 12.585454969744587, -0.03111636239495654, -0.005906495531658885, -0.012814420029408288, -0.014985411437357567, -0.0072574449619127145, -0.00427871663429015, -0.018259553243508808, -0.003497786489283845], [0.020306511986991814, -0.015771340389012574, 0.00013173716799045503, -0.020415607431182585, -0.14937440681960407, -0.012841768087050533, -0.001100065732166856, -0.02414223618249215, 0.012547284873370085, 0.00011397787969527078, -0.030937074027790574, -0.03111636239495654, 12.567407896902198, -0.017650740924956734, -0.0026015136966230554, 0.0007304258021729889, -0.0185952385974192, -0.01385782840025509, 0.0008646263650207492, -0.025120379534500394], [-0.14878158366323607, -0.00985382214936104, -0.010761532496842245, -0.00952096936162747, -0.1166761653976062, -0.004967845506503217, -0.01884969779914878, -0.0060748565564116876, -0.016299732505663002, -0.014710466173131523, 0.00047551728659436993, -0.005906495531658885, -0.017650740924956734, 12.569084112206708, -0.02445477006311682, -0.013459472602676473, -0.008792904381017501, -0.006450318057259365, -0.017018280898219103, -0.013301214274668228], [-0.18752478861083602, -0.008829625872570968, -0.011216278943781372, -0.005883975646633214, -0.12159130555837735, -0.012764074521511104, 0.0018169450710592667, -0.008526964344485938, -0.009043692879099004, 0.0026313748107863973, -0.02357594034840714, -0.012814420029408288, -0.0026015136966230554, -0.02445477006311682, 12.585544416649196, -0.0012716123171333115, -0.013566497364292777, -0.010910996865896418, 0.0005748522997815089, -0.006838354566290387], [-0.08617979074287736, -0.014904006285820497, 0.002390292037677151, -0.009909043691891018, -0.13122477349791548, -0.005636847709817911, -0.00960169273897212, -0.009900662362844799, -0.005710446751007154, -0.001355229655500518, -0.02007350164807434, -0.014985411437357567, 0.0007304258021729889, -0.013459472602676473, -0.0012716123171333115, 12.565148187576352, -0.020435168978409045, -0.004587427035469165, -0.012868536993494509, -0.018032501598205658], [-0.23185875972443612, -0.002683184531441926, -0.02783611253835729, -0.011179470413739625, -0.12006696498855071, -0.012631160209976238, -0.002547096317027824, -0.009696855277675727, -0.011853669378677857, -0.014083588255251031, 0.0008165340166527515, -0.0072574449619127145, -0.0185952385974192, -0.008792904381017501, -0.013566497364292777, -0.020435168978409045, 12.584661456936415, -0.016197999957410534, 0.005759703047104762, -0.00576056685434054], [-0.17045691674448368, -0.014248499117992306, 2.6990872572267104e-05, -0.00337955287747701, -0.11800191860651732, -0.0014822508619390445, -0.016769357516147294, -0.0030065706255555987, -0.01720522131792644, -0.00863857663898304, -0.006496360510115902, -0.00427871663429015, -0.01385782840025509, -0.006450318057259365, -0.010910996865896418, -0.004587427035469165, -0.016197999957410534, 12.572346480529545, -0.023109094560413587, -0.016182931196258018], [-0.11384187849858254, -0.0020858143033689377, -0.023825464279291598, -0.017963460986439583, -0.13815215173983067, -0.01894211416897385, 0.009798897970413738, -0.016626308485406055, 0.0015706381211228531, -0.004013165307331507, -0.016657951078885364, -0.018259553243508808, 0.0008646263650207492, -0.017018280898219103, 0.0005748522997815089, -0.012868536993494509, 0.005759703047104762, -0.023109094560413587, 12.581920285488986, -0.005463374035303299], [-0.3001497425616973, -0.00142381273020917, -0.03083767829351537, 0.00018749867963600538, -0.044410811648640976, -0.013821634682172245, -0.011854397811759246, -0.0075092411664461015, -0.01663731459351978, -0.013498558594397652, -0.0003746245799252528, -0.003497786489283845, -0.025120379534500394, -0.013301214274668228, -0.006838354566290387, -0.018032501598205658, -0.00576056685434054, -0.016182931196258018, -0.005463374035303299, 12.575870506163499]]",
    "monomial_list": "[1, x9, x8, x7, x6, x5, x4, x3, x2, x19, x18, x17, x16, x15, x14, x13, x12, x11, x10, x1]"
}