{
    "name": "Multiplier-1",
    "rational_expression": "16333*x1**2/1000 - 2019*x1*x10/10000 - 49871*x1*x11/500000 - 4299*x1*x12/25000 - 10187*x1*x13/100000 - 13891*x1*x14/100000 - 2663*x1*x15/25000 - 12979*x1*x16/100000 - 6971*x1*x17/50000 - 14273*x1*x18/100000 - 669*x1*x19/5000 - 6993*x1*x2/50000 - 5367*x1*x3/50000 - 8489*x1*x4/50000 - 521*x1*x5/5000 - 6209*x1*x6/62500 - 2817*x1*x7/20000 - 32269*x1*x8/500000 - 3649*x1*x9/25000 - 16997*x1/10000 + 1269*x10**2/100 - 14849*x10*x11/1000000 - 22261*x10*x12/500000 - 15277*x10*x13/1000000 - 17531*x10*x14/1000000 - 16249*x10*x15/1000000 - 15599*x10*x16/1000000 - 1761*x10*x17/100000 - 9147*x10*x18/500000 - 3277*x10*x19/200000 - 21633*x10*x2/500000 - 41*x10*x3/2500 - 22009*x10*x4/500000 - 7881*x10*x5/500000 - 59*x10*x6/4000 - 17873*x10*x7/1000000 - 1587*x10*x8/125000 - 18917*x10*x9/1000000 - 4377*x10/12500 + 2547*x11**2/200 - 1563*x11*x12/125000 + 21889*x11*x13/1000000 - 81637*x11*x14/10000000 + 19649*x11*x15/1000000 + 21151*x11*x16/1000000 - 81911*x11*x17/10000000 - 97009*x11*x18/10000000 + 783*x11*x19/40000 - 82247*x11*x2/10000000 + 783*x11*x3/40000 - 5263*x11*x4/500000 + 21051*x11*x5/1000000 + 5817*x11*x6/250000 - 1297*x11*x7/156250 + 13887*x11*x8/500000 - 2637*x11*x9/250000 - 74991*x11/100000 + 6347*x12**2/500 - 13033*x12*x13/1000000 - 7893*x12*x14/500000 - 19919*x12*x15/500000 - 6713*x12*x16/500000 - 41501*x12*x17/1000000 - 21169*x12*x18/500000 - 14417*x12*x19/1000000 - 8319*x12*x2/200000 - 451*x12*x3/31250 - 4249*x12*x4/100000 - 13639*x12*x5/1000000 - 12401*x12*x6/1000000 - 16203*x12*x7/1000000 - 4953*x12*x8/500000 - 21539*x12*x9/500000 - 10623*x12/25000 + 6369*x13**2/500 - 87363*x13*x14/10000000 + 18957*x13*x15/1000000 + 4087*x13*x16/200000 - 87637*x13*x17/10000000 - 10227*x13*x18/1000000 + 4727*x13*x19/250000 - 21993*x13*x2/2500000 + 18883*x13*x3/1000000 - 2763*x13*x4/250000 + 1271*x13*x5/62500 + 4501*x13*x6/200000 + 15973*x13*x7/1000000 + 1341*x13*x8/50000 - 441*x13*x9/40000 - 72473*x13/100000 + 3177*x14**2/250 - 10331*x14*x15/1000000 - 9287*x14*x16/1000000 - 3123*x14*x17/250000 - 13607*x14*x18/1000000 - 10463*x14*x19/1000000 - 267*x14*x2/20000 - 5227*x14*x3/500000 - 7241*x14*x4/500000 - 46983*x14*x5/5000000 - 19469*x14*x6/2500000 - 12699*x14*x7/1000000 + 509*x14*x8/25000 - 14351*x14*x9/1000000 - 13751*x14/25000 + 12723*x15**2/1000 + 9181*x15*x16/500000 - 2067*x15*x17/200000 - 3107*x15*x18/250000 + 16977*x15*x19/1000000 - 5197*x15*x2/500000 - 39277*x15*x3/5000000 - 1563*x15*x4/125000 - 13167*x15*x5/2000000 + 20169*x15*x6/1000000 - 5247*x15*x7/500000 + 4811*x15*x8/200000 - 1557*x15*x9/125000 - 64997*x15/100000 + 6363*x16**2/500 - 9287*x16*x17/1000000 - 10701*x16*x18/1000000 + 18289*x16*x19/1000000 - 631*x16*x2/62500 + 1143*x16*x3/62500 - 1441*x16*x4/125000 + 19669*x16*x5/1000000 + 10871*x16*x6/500000 - 46987*x16*x7/5000000 + 12957*x16*x8/500000 - 5739*x16*x9/500000 - 4377*x16/6250 + 1271*x17**2/100 - 7191*x17*x18/500000 - 10463*x17*x19/1000000 - 6287*x17*x2/500000 - 10453*x17*x3/1000000 - 14481*x17*x4/1000000 - 93959*x17*x5/10000000 - 77869*x17*x6/10000000 - 12699*x17*x7/1000000 + 509*x17*x8/25000 - 7563*x17*x9/500000 - 13751*x17/25000 + 12701*x18**2/1000 - 11773*x18*x19/1000000 - 14431*x18*x2/1000000 - 627*x18*x3/50000 - 3091*x18*x4/200000 - 5789*x18*x5/500000 - 18673*x18*x6/2000000 - 14583*x18*x7/1000000 - 63877*x18*x8/10000000 - 201*x18*x9/12500 - 49969*x18/100000 + 12727*x19**2/1000 - 5221*x19*x2/500000 + 2119*x19*x3/125000 - 6277*x19*x4/500000 + 9119*x19*x5/500000 + 20169*x19*x6/1000000 + 1791*x19*x7/125000 + 4811*x19*x8/200000 - 1557*x19*x9/125000 - 64997*x19/100000 + 6351*x2**2/500 + 14379*x2*x3/1000000 - 1807*x2*x4/125000 - 93959*x2*x5/10000000 - 77869*x2*x6/10000000 - 12699*x2*x7/1000000 - 22641*x2*x8/5000000 - 7563*x2*x9/500000 - 13751*x2/25000 + 6361*x3**2/500 - 12529*x3*x4/1000000 + 9131*x3*x5/500000 + 20169*x3*x6/1000000 - 5247*x3*x7/500000 + 4811*x3*x8/200000 - 1557*x3*x9/125000 - 64997*x3/100000 + 12701*x4**2/1000 - 5789*x4*x5/500000 - 10113*x4*x6/1000000 - 14583*x4*x7/1000000 - 14331*x4*x8/2000000 - 201*x4*x9/12500 - 49969*x4/100000 + 12731*x5**2/1000 + 10871*x5*x6/500000 - 46987*x5*x7/5000000 + 12957*x5*x8/500000 - 5739*x5*x9/500000 - 4377*x5/6250 + 12739*x6**2/1000 + 1707*x6*x7/100000 + 717*x6*x8/25000 - 1259*x6*x9/125000 - 19377*x6/25000 + 2543*x7**2/200 + 509*x7*x8/25000 - 14351*x7*x9/1000000 - 13751*x7/25000 + 319*x8**2/25 - 72347*x8*x9/10000000 - 92461*x8/100000 + 2541*x9**2/200 - 47527*x9/100000 + 12499/1000",
    "Q": "[[12.499110688208916, -0.23953440488351477, -0.45732385792195585, -0.276570667540909, -0.3867764709813651, -0.3485411936733455, -0.24526598058534926, -0.32214738956786254, -0.2807009193108267, -0.32235434118808953, -0.2458815791256804, -0.27886684034852716, -0.3493083094634077, -0.3243201022810782, -0.269292720042511, -0.36135287833285495, -0.21453107579875355, -0.37025388051707847, -0.18055271997913935, -0.8527400998693508], [-0.23953440488351477, 12.704653894425, 0.0020698484592629103, -0.006372373216511336, -0.002416715795631098, -0.0032821847312955676, -0.012829170137816771, -0.005362658526759691, -0.008342002376616899, -0.0033397299615437045, -0.011215184185184817, -0.008891425731330112, -0.0035468730454217374, -0.006194999054255292, -0.007150462440122817, -0.000610026144100242, -0.0164627256642684, -0.002608371214736612, -0.015016478666554069, -0.0766067511312775], [-0.45732385792195585, 0.0020698484592629103, 12.76005880445222, 0.007531392051469429, 0.018073581843025585, 0.014422680605460822, -0.004639185372442197, 0.013439155736211754, 0.0027821628231882102, 0.01349064598011404, 0.0008203800774590724, 0.0050731849376153895, 0.013071071914824137, 0.011560901556298192, 0.0042979169049735646, 0.018223033517928477, -0.00890060441773685, 0.016397478882944374, -0.008508538938692082, -0.029857263936599494], [-0.276570667540909, -0.006372373216511336, 0.007531392051469429, 12.715369657955664, 0.0029112050741691305, 0.0003075663365488605, -0.00962384004645025, -0.0009222789021992671, -0.005068630689900178, 0.0012351199634652596, -0.008597880661620975, -0.006250843741377833, 0.0013561726758183183, -0.0017161380402407678, -0.004283206102496322, 0.003541552917395674, -0.013193950609009292, 0.0009555861476774674, -0.01026074076729764, -0.06645708773098048], [-0.3867764709813651, -0.002416715795631098, 0.018073581843025585, 0.0029112050741691305, 12.738704392159248, 0.007647634870838499, -0.008167631219766732, 0.006941417734382602, -0.0022202401956240648, 0.006728010361847936, -0.0027513399840444776, 0.0006116260278759725, 0.005647521758237929, 0.004954196024935401, -7.63654178448288e-05, 0.01056724927013684, -0.011404977046625239, 0.009156114967096255, -0.012048369683365657, -0.04772771722834037], [-0.3485411936733455, -0.0032821847312955676, 0.014422680605460822, 0.0003075663365488605, 0.007647634870838499, 12.731151493360558, -0.007117371915857458, 0.004266594352878468, -0.0026915339463050017, 0.005923898509383823, -0.00633462503515566, -0.0022572572438610164, 0.005367463962051413, 0.0019119902961571948, -0.0002034140031897378, 0.008647438072979567, -0.012413482249537866, 0.006007459687654687, -0.009582404803031023, -0.054298732875816894], [-0.24526598058534926, -0.012829170137816771, -0.004639185372442197, -0.00962384004645025, -0.008167631219766732, -0.007117371915857458, 12.701213680371458, -0.008511809681149802, -0.01292355402285701, -0.009452409143785145, -0.010757262593578487, -0.010716233556228172, -0.010348909610703835, -0.008132992907914655, -0.013567528972741555, -0.006904677784209573, -0.01746774508158957, -0.0071631265474190135, -0.018868909505692814, -0.08432852886195007], [-0.32214738956786254, -0.005362658526759691, 0.013439155736211754, -0.0009222789021992671, 0.006941417734382602, 0.004266594352878468, -0.008511809681149802, 12.722533941051598, 0.001157676581999057, 0.003956168591787803, -0.006489071260142468, -0.005321452531720434, 0.006155594699861104, 0.0010628997071028172, -0.0019556776022432096, 0.007929485081943856, -0.013131144222773526, 0.004798623060421645, -0.010208842888643007, -0.05689092880162101], [-0.2807009193108267, -0.008342002376616899, 0.0027821628231882102, -0.005068630689900178, -0.0022202401956240648, -0.0026915339463050017, -0.01292355402285701, 0.001157676581999057, 12.702704495811478, -0.0021447081998943406, -0.008749138767943115, -0.0037559438810760327, -0.007771646002682632, -0.004030028812083477, -0.0072781406628744175, -0.0011687983223723105, -0.014522502490067432, -0.000921073189115824, -0.016245033602522656, -0.07092182098669408], [-0.32235434118808953, -0.0033397299615437045, 0.01349064598011404, 0.0012351199634652596, 0.006728010361847936, 0.005923898509383823, -0.009452409143785145, 0.003956168591787803, -0.0021447081998943406, 12.727523673615883, -0.0024256686865720732, -0.0012153190623566462, 0.0037178860254190437, 0.0038529413429606867, -0.0029358548587463565, 0.00782128395328692, -0.011047623176673833, 0.006541498030277275, -0.011194345142191949, -0.06361787776655564], [-0.2458815791256804, -0.011215184185184817, 0.0008203800774590724, -0.008597880661620975, -0.0027513399840444776, -0.00633462503515566, -0.010757262593578487, -0.006489071260142468, -0.008749138767943115, -0.0024256686865720732, 12.701100416313013, -0.011832147658080067, -0.0022909986313780235, -0.009618384067540139, -0.00508070825526487, -0.0011989212752055191, -0.01804014365128524, -0.004993723137765977, -0.012623572787789826, -0.07186606387417595], [-0.27886684034852716, -0.008891425731330112, 0.0050731849376153895, -0.006250843741377833, 0.0006116260278759725, -0.0022572572438610164, -0.010716233556228172, -0.005321452531720434, -0.0037559438810760327, -0.0012153190623566462, -0.011832147658080067, 12.710295743827665, 0.0009220969829809302, -0.004999879892238983, -0.0056233938376142436, 0.0014387545040884864, -0.01568589862846836, -0.0017815333112234505, -0.011963442785122957, -0.06411848186111159], [-0.3493083094634077, -0.0035468730454217374, 0.013071071914824137, 0.0013561726758183183, 0.005647521758237929, 0.005367463962051413, -0.010348909610703835, 0.006155594699861104, -0.007771646002682632, 0.0037178860254190437, -0.0022909986313780235, 0.0009220969829809302, 12.725655317634683, 0.003495425677246293, -0.0030810137334977214, 0.006772465465004493, -0.01116521135845046, 0.006671320717013121, -0.01354791247068207, -0.05898437782499269], [-0.3243201022810782, -0.006194999054255292, 0.011560901556298192, -0.0017161380402407678, 0.004954196024935401, 0.0019119902961571948, -0.008132992907914655, 0.0010628997071028172, -0.004030028812083477, 0.0038529413429606867, -0.009618384067540139, -0.004999879892238983, 0.003495425677246293, 12.722174614897266, -0.0005238482392509992, 0.006589016736120076, -0.014606035047885296, 0.00348916830702479, -0.011254733714707657, -0.05559516390098392], [-0.269292720042511, -0.007150462440122817, 0.0042979169049735646, -0.004283206102496322, -7.63654178448288e-05, -0.0002034140031897378, -0.013567528972741555, -0.0019556776022432096, -0.0072781406628744175, -0.0029358548587463565, -0.00508070825526487, -0.0056233938376142436, -0.0030810137334977214, -0.0005238482392509992, 12.707430125710689, 3.35972984026235e-05, -0.01263298114030252, -0.00014348792449158778, -0.014251175819509888, -0.07486621098436926], [-0.36135287833285495, -0.000610026144100242, 0.018223033517928477, 0.003541552917395674, 0.01056724927013684, 0.008647438072979567, -0.006904677784209573, 0.007929485081943856, -0.0011687983223723105, 0.00782128395328692, -0.0011989212752055191, 0.0014387545040884864, 0.006772465465004493, 0.006589016736120076, 3.35972984026235e-05, 12.737956732922825, -0.00949498627657456, 0.009778949682058577, -0.009066386207495444, -0.0532321742944774], [-0.21453107579875355, -0.0164627256642684, -0.00890060441773685, -0.013193950609009292, -0.011404977046625239, -0.012413482249537866, -0.01746774508158957, -0.013131144222773526, -0.014522502490067432, -0.011047623176673833, -0.01804014365128524, -0.01568589862846836, -0.01116521135845046, -0.014606035047885296, -0.01263298114030252, -0.00949498627657456, 12.694477640536384, -0.011692924020288915, -0.01907151800794317, -0.08812269397963836], [-0.37025388051707847, -0.002608371214736612, 0.016397478882944374, 0.0009555861476774674, 0.009156114967096255, 0.006007459687654687, -0.0071631265474190135, 0.004798623060421645, -0.000921073189115824, 0.006541498030277275, -0.004993723137765977, -0.0017815333112234505, 0.006671320717013121, 0.00348916830702479, -0.00014348792449158778, 0.009778949682058577, -0.011692924020288915, 12.735275861679549, -0.009121976168432437, -0.04904218403130939], [-0.18055271997913935, -0.015016478666554069, -0.008508538938692082, -0.01026074076729764, -0.012048369683365657, -0.009582404803031023, -0.018868909505692814, -0.010208842888643007, -0.016245033602522656, -0.011194345142191949, -0.012623572787789826, -0.011963442785122957, -0.01354791247068207, -0.011254733714707657, -0.014251175819509888, -0.009066386207495444, -0.01907151800794317, -0.009121976168432437, 12.689557731192469, -0.09940433086256226], [-0.8527400998693508, -0.0766067511312775, -0.029857263936599494, -0.06645708773098048, -0.04772771722834037, -0.054298732875816894, -0.08432852886195007, -0.05689092880162101, -0.07092182098669408, -0.06361787776655564, -0.07186606387417595, -0.06411848186111159, -0.05898437782499269, -0.05559516390098392, -0.07486621098436926, -0.0532321742944774, -0.08812269397963836, -0.04904218403130939, -0.09940433086256226, 16.333510833149777]]",
    "monomial_list": "[1, x9, x8, x7, x6, x5, x4, x3, x2, x19, x18, x17, x16, x15, x14, x13, x12, x11, x10, x1]"
}