{
    "name": "Multiplier-14",
    "rational_expression": "6269*x1**2/500 + 11019*x1*x10/10000000 - 17817*x1*x11/1000000 - 9179*x1*x12/500000 - 21841*x1*x13/1000000 - 406*x1*x14/3125 - 6381*x1*x15/500000 - 24051*x1*x16/1000000 - 17881*x1*x17/1000000 + 5501*x1*x18/500000 - 11937*x1*x19/500000 - 21041*x1*x2/1000000 - 9327*x1*x3/500000 - 1291*x1*x4/50000 - 4491*x1*x5/250000 - 45379*x1*x6/1000000 - 19579*x1*x7/1000000 - 22399*x1*x8/500000 + 49401*x1*x9/10000000 - 3861*x1/12500 + 3139*x10**2/250 - 24827*x10*x11/500000 + 1371*x10*x12/50000 - 22493*x10*x13/1000000 - 14577*x10*x14/50000 - 10639*x10*x15/200000 + 25421*x10*x16/1000000 - 133*x10*x17/5000 - 10563*x10*x18/200000 - 3377*x10*x19/250000000 + 4971*x10*x2/200000 - 26441*x10*x3/1000000 + 12767*x10*x4/250000 - 1301*x10*x5/25000 - 319*x10*x6/12500 - 26189*x10*x7/1000000 - 51743*x10*x8/1000000 - 90367*x10*x9/100000000 + 1131*x10/20000 + 12571*x11**2/1000 - 7573*x11*x12/500000 + 60323*x11*x13/10000000 - 20847*x11*x14/100000 + 10733*x11*x15/500000 - 4469*x11*x16/200000 + 11857*x11*x17/1000000 + 19703*x11*x18/1000000 + 5397*x11*x19/5000000 - 19157*x11*x2/1000000 + 2139*x11*x3/200000 - 1761*x11*x4/62500 + 38833*x11*x5/1000000 + 95949*x11*x6/10000000 + 89937*x11*x7/10000000 + 36053*x11*x8/1000000 - 243*x11*x9/15625 - 56121*x11/100000 + 6281*x12**2/500 - 45503*x12*x13/1000000 - 2519*x12*x14/10000 - 599*x12*x15/62500 - 11831*x12*x16/500000 - 16157*x12*x17/1000000 + 13887*x12*x18/1000000 - 74*x12*x19/3125 - 4023*x12*x2/200000 - 3413*x12*x3/200000 - 17679*x12*x4/10000000 - 7581*x12*x5/500000 - 233*x12*x6/12500 - 18227*x12*x7/1000000 - 8637*x12*x8/200000 + 31461*x12*x9/5000000 - 1229*x12/3125 + 12551*x13**2/1000 - 4799*x13*x14/20000 - 17181*x13*x15/1000000 + 5243*x13*x16/200000 - 20431*x13*x17/1000000 - 289*x13*x18/15625 + 9957*x13*x19/25000000 + 2741*x13*x2/1250000 + 7497*x13*x3/2000000 - 10417*x13*x4/10000000 + 47753*x13*x5/10000000 + 33997*x13*x6/10000000 + 31767*x13*x7/10000000 + 7283*x13*x8/250000 - 21369*x13*x9/1000000 - 19707*x13/100000 + 8047*x14**2/500 - 399*x14*x15/2500 - 26571*x14*x16/100000 - 19947*x14*x17/100000 - 8297*x14*x18/50000 - 5423*x14*x19/20000 - 24861*x14*x2/100000 - 10269*x14*x3/50000 - 31147*x14*x4/100000 - 19369*x14*x5/100000 - 20977*x14*x6/100000 - 10621*x14*x7/50000 - 4107*x14*x8/20000 - 2123*x14*x9/10000 - 12081*x14/5000 + 1577*x15**2/125 - 17*x15*x16/800 + 5647*x15*x17/250000 + 88261*x15*x18/1000000 - 5797*x15*x19/250000 - 3403*x15*x2/250000 + 20347*x15*x3/1000000 - 13981*x15*x4/250000 + 50913*x15*x5/1000000 + 9077*x15*x6/500000 + 17083*x15*x7/1000000 + 2537*x15*x8/125000 + 17083*x15*x9/1000000 - 2669*x15/2500 + 12559*x16**2/1000 - 9699*x16*x17/200000 - 46979*x16*x18/1000000 + 25539*x16*x19/1000000 + 13031*x16*x2/250000 - 48509*x16*x3/1000000 + 4949*x16*x4/200000 - 21811*x16*x5/1000000 + 27269*x16*x6/1000000 - 709*x16*x7/31250 + 21981*x16*x8/10000000 - 11357*x16*x9/500000 - 1131*x16/10000 + 12571*x17**2/1000 + 5773*x17*x18/125000 - 23333*x17*x19/1000000 - 22111*x17*x2/500000 + 36547*x17*x3/1000000 - 28143*x17*x4/1000000 + 14137*x17*x5/1000000 - 15287*x17*x6/1000000 + 94489*x17*x7/10000000 - 208*x17*x8/15625 - 15097*x17*x9/1000000 - 58949*x17/100000 + 12611*x18**2/1000 - 48621*x18*x19/1000000 - 14549*x18*x2/1000000 + 18713*x18*x3/1000000 - 55421*x18*x4/1000000 + 24427*x18*x5/500000 - 21609*x18*x6/2500000 + 1569*x18*x7/100000 - 369*x18*x8/62500 + 1569*x18*x9/100000 - 98191*x18/100000 + 6271*x19**2/500 + 1293*x19*x2/2000000 + 10489*x19*x3/10000000 + 25031*x19*x4/1000000 - 2899*x19*x5/125000 + 96057*x19*x6/100000000 + 90367*x19*x7/100000000 + 1343*x19*x8/1250000 + 90367*x19*x9/100000000 - 1131*x19/20000 + 12577*x2**2/1000 - 6931*x2*x3/100000 - 14729*x2*x4/10000000 - 17121*x2*x5/1000000 + 52959*x2*x6/10000000 - 4889*x2*x7/250000 + 59199*x2*x8/10000000 - 19581*x2*x9/1000000 - 3861*x2/12500 + 6287*x3**2/500 - 873*x3*x4/31250 + 12799*x3*x5/1000000 + 5673*x3*x6/625000 + 85413*x3*x7/10000000 + 2537*x3*x8/250000 + 85413*x3*x9/10000000 - 53379*x3/100000 + 1568*x4**2/125 - 54053*x4*x5/1000000 - 539*x4*x6/20000 - 5353*x4*x7/200000 - 53339*x4*x8/1000000 - 11229*x4*x9/5000000 + 3513*x4/25000 + 12577*x5**2/1000 + 1437*x5*x6/125000 + 2697*x5*x7/250000 + 19091*x5*x8/500000 - 6879*x5*x9/500000 - 13469*x5/20000 + 2513*x6**2/200 - 3373*x6*x7/200000 + 1723*x6*x8/50000 - 1689*x6*x9/100000 - 11931*x6/25000 + 6279*x7**2/500 + 85907*x7*x8/10000000 - 8673*x7*x9/500000 - 44897*x7/100000 + 12583*x8**2/1000 - 21017*x8*x9/500000 - 53379*x8/100000 + 12559*x9**2/1000 - 44897*x9/100000 + 7019/500",
    "Q": "[[14.038053958364376, -0.22823240197184277, -0.2687518596018283, -0.2239636773300144, -0.2390024251130339, -0.331840956978459, 0.06698613228066144, -0.26255922484874283, -0.15540622181445024, -0.029051904920169607, -0.49232829952929025, -0.2995295181923542, -0.059863486345945724, -0.5377727875214121, -1.2075348574260558, -0.10447077110354516, -0.1953978693594728, -0.2830544466853523, 0.03484076867988002, -0.14985813405591245], [-0.22823240197184277, 12.55911562478909, -0.01614843615879197, -0.004445116273697424, -0.0057441523187499776, -0.0034679030407863153, -0.00483454327616741, 0.001371937179066126, -0.008465089389140583, -0.004963846727436384, 0.005019831039162692, -0.002220696709379516, -0.008115707192724869, 0.004622322570348518, -0.10831712367343656, -0.009351553839360052, 0.0031338853525965564, -0.007182577613565514, 0.0016774571826635462, -0.00278989558348094], [-0.2687518596018283, -0.01614843615879197, 12.583518975834162, 0.001612056109504956, 0.01332628695009713, 0.015760776969054497, -0.021069819075782356, 0.00477519973166395, -0.0024492039776845163, 0.0013540685343181322, -0.0020972423466521176, -0.0008542419057030236, 0.005256066528231678, 0.012619347493037184, -0.10059605148842912, 0.013893835891106304, -0.026413450473724433, 0.018328041559242593, -0.02927475028992768, -0.02268023935157403], [-0.2239636773300144, -0.004445116273697424, 0.001612056109504956, 12.557327844499905, -0.007577223308396859, 0.005119810198101459, -0.011789777667307022, 0.002773703538395982, -0.008967748087248423, -0.005537473356710356, 0.006468676437651534, 0.0030765441386690433, -0.01077700086884834, 0.00449656656686134, -0.10473027071695432, -0.002393834281066652, -0.007786255313513834, 0.0057601557598530835, -0.016089743426360048, -0.005709301530724105], [-0.2390024251130339, -0.0057441523187499776, 0.01332628695009713, -0.007577223308396859, 12.564804576840533, 0.00332356029963445, -0.009455789750403931, -0.0003216147803873318, 0.00019143019787536125, 0.002606699884897375, -0.00702780503169685, -0.007623590977951746, 0.008797069994212496, 0.007430235380578072, -0.10954454934637138, 0.005896407814650096, -0.014295867967482667, 0.0019522569904229883, -0.007045647926156069, -0.016762559399785583], [-0.331840956978459, -0.0034679030407863153, 0.015760776969054497, 0.005119810198101459, 0.00332356029963445, 12.576988685028827, -0.021657828950131883, 0.007056839699541381, -0.0035754950249580093, -0.007516284166880553, 0.018640257296354584, 0.007753424516172723, -0.007779036569765088, 0.021725246918800532, -0.09645721990952684, 0.002879655046600982, -0.007627297429019906, 0.014531865062800508, -0.02245715011072838, -0.009962943840988291], [0.06698613228066144, -0.00483454327616741, -0.021069819075782356, -0.011789777667307022, -0.009455789750403931, -0.021657828950131883, 12.544435729162617, -0.013796266466620013, -0.0009798326738337097, 0.007330289819394804, -0.029776211179831386, -0.01804117839227354, 0.007247175315622879, -0.0323329584091296, -0.14973580361762298, -0.0039034617193221717, 0.004404151836132217, -0.018729965257863915, 0.026337406137260374, -0.010666134431505991], [-0.26255922484874283, 0.001371937179066126, 0.00477519973166395, 0.002773703538395982, -0.0003216147803873318, 0.007056839699541381, -0.013796266466620013, 12.574291468623377, -0.03338646115261524, -0.0017570187619552757, 0.009878770858164961, 0.014466428439633203, -0.018834080285484698, 0.01454165336406839, -0.09967539881852486, -0.0021698181009396993, -0.004856565870001878, 0.00976625692100425, -0.01698705534845653, -0.008844580908233481], [-0.15540622181445024, -0.008465089389140583, -0.0024492039776845163, -0.008967748087248423, 0.00019143019787536125, -0.0035754950249580093, -0.0009798326738337097, -0.03338646115261524, 12.576752499131164, -0.005391776005008032, -0.010705897430266014, -0.028085276705785187, 0.022398857001173948, -0.008750796007903175, -0.12192053831942049, 0.0012506180878360086, -0.006627085774150601, -0.011592731611070696, 0.007625736530344143, -0.010208699494429483], [-0.029051904920169607, -0.004963846727436384, 0.0013540685343181322, -0.005537473356710356, 0.002606699884897375, -0.007516284166880553, 0.007330289819394804, -0.0017570187619552757, -0.005391776005008032, 12.54250731751093, -0.022578756208553274, -0.010075301195907056, 0.008571816905940825, -0.016281464960369415, -0.1322296438996239, 0.006401095630980791, -0.009580604670576228, -0.004428845260577777, 0.0046720822956543406, -0.011759890060783465], [-0.49232829952929025, 0.005019831039162692, -0.0020972423466521176, 0.006468676437651534, -0.00702780503169685, 0.018640257296354584, -0.029776211179831386, 0.009878770858164961, -0.010705897430266014, -0.022578756208553274, 12.611643387652505, 0.0180505914962713, -0.027893682645607477, 0.038026520779407706, -0.07826386119517738, -0.014932133103338869, 0.008032840971843886, 0.010229227353265197, -0.02326504134958392, 0.0005108880801421731], [-0.2995295181923542, -0.002220696709379516, -0.0008542419057030236, 0.0030765441386690433, -0.007623590977951746, 0.007753424516172723, -0.01804117839227354, 0.014466428439633203, -0.028085276705785187, -0.010075301195907056, 0.0180505914962713, 12.571689102565689, -0.025697886116288753, 0.015684934466458328, -0.0955173415351293, -0.008180194006604753, -0.002325173166301575, 0.007955830631208539, -0.018864020588992673, -0.006542842542879007], [-0.059863486345945724, -0.008115707192724869, 0.005256066528231678, -0.01077700086884834, 0.008797069994212496, -0.007779036569765088, 0.007247175315622879, -0.018834080285484698, 0.022398857001173948, 0.008571816905940825, -0.027893682645607477, -0.025697886116288753, 12.558234401494962, -0.016070816665466513, -0.1324333415358339, 0.00883317024360218, -0.014186513126567709, -0.008703145671069891, 0.008373904728296631, -0.015957422461563564], [-0.5377727875214121, 0.004622322570348518, 0.012619347493037184, 0.00449656656686134, 0.007430235380578072, 0.021725246918800532, -0.0323329584091296, 0.01454165336406839, -0.008750796007903175, -0.016281464960369415, 0.038026520779407706, 0.015684934466458328, -0.016070816665466513, 12.616585009736005, -0.07335135240085959, -0.007062285588039132, -0.0021714884181323313, 0.015208128262863923, -0.027528105894444748, -0.005496529072730397], [-1.2075348574260558, -0.10831712367343656, -0.10059605148842912, -0.10473027071695432, -0.10954454934637138, -0.09645721990952684, -0.14973580361762298, -0.09967539881852486, -0.12192053831942049, -0.1322296438996239, -0.07826386119517738, -0.0955173415351293, -0.1324333415358339, -0.07335135240085959, 16.093429630947416, -0.12171270848729077, -0.12111695674927365, -0.1004924730620086, -0.14808238779834904, -0.06406612302413524], [-0.10447077110354516, -0.009351553839360052, 0.013893835891106304, -0.002393834281066652, 0.005896407814650096, 0.002879655046600982, -0.0039034617193221717, -0.0021698181009396993, 0.0012506180878360086, 0.006401095630980791, -0.014932133103338869, -0.008180194006604753, 0.00883317024360218, -0.007062285588039132, -0.12171270848729077, 12.550772885831966, -0.017045179951989654, 0.004247028431924311, -0.008486153777205817, -0.014120354841745937], [-0.1953978693594728, 0.0031338853525965564, -0.026413450473724433, -0.007786255313513834, -0.014295867967482667, -0.007627297429019906, 0.004404151836132217, -0.004856565870001878, -0.006627085774150601, -0.009580604670576228, 0.008032840971843886, -0.002325173166301575, -0.014186513126567709, -0.0021714884181323313, -0.12111695674927365, -0.017045179951989654, 12.562542790789736, -0.012397333606366441, 0.014331518227846554, -0.004172147794446645], [-0.2830544466853523, -0.007182577613565514, 0.018328041559242593, 0.0057601557598530835, 0.0019522569904229883, 0.014531865062800508, -0.018729965257863915, 0.00976625692100425, -0.011592731611070696, -0.004428845260577777, 0.010229227353265197, 0.007955830631208539, -0.008703145671069891, 0.015208128262863923, -0.1004924730620086, 0.004247028431924311, -0.012397333606366441, 12.570959681695637, -0.025757853093517784, -0.013843191388504417], [0.03484076867988002, 0.0016774571826635462, -0.02927475028992768, -0.016089743426360048, -0.007045647926156069, -0.02245715011072838, 0.026337406137260374, -0.01698705534845653, 0.007625736530344143, 0.0046720822956543406, -0.02326504134958392, -0.018864020588992673, 0.008373904728296631, -0.027528105894444748, -0.14808238779834904, -0.008486153777205817, 0.014331518227846554, -0.025757853093517784, 12.555686234625593, -0.002097140918043516], [-0.14985813405591245, -0.00278989558348094, -0.02268023935157403, -0.005709301530724105, -0.016762559399785583, -0.009962943840988291, -0.010666134431505991, -0.008844580908233481, -0.010208699494429483, -0.011759890060783465, 0.0005108880801421731, -0.006542842542879007, -0.015957422461563564, -0.005496529072730397, -0.06406612302413524, -0.014120354841745937, -0.004172147794446645, -0.013843191388504417, -0.002097140918043516, 12.538487924496415]]",
    "monomial_list": "[1, x9, x8, x7, x6, x5, x4, x3, x2, x19, x18, x17, x16, x15, x14, x13, x12, x11, x10, x1]"
}