{
    "name": "Multiplier-8",
    "rational_expression": "12591*x1**2/1000 + 54961*x1*x10/1000000 - 49251*x1*x11/1000000 + 27833*x1*x12/1000000 - 24633*x1*x13/500000 - 97413*x1*x14/10000000 - 12963*x1*x15/1000000 - 45843*x1*x16/1000000 - 87861*x1*x17/10000000 + 19971*x1*x18/1000000 - 7347*x1*x19/500000 - 1471*x1*x2/100000 - 11381*x1*x3/1000000 - 91*x1*x4/20000 - 45113*x1*x5/1000000 - 47601*x1*x6/1000000 - 1069*x1*x7/100000 - 22283*x1*x8/250000 + 52199*x1*x9/1000000 - 83877*x1/100000 + 6313*x10**2/500 - 9671*x10*x11/200000 + 55643*x10*x12/1000000 - 22897*x10*x13/1000000 + 16839*x10*x14/1000000 - 1429*x10*x15/125000 + 63513*x10*x16/10000000 - 77789*x10*x17/10000000 - 33693*x10*x18/10000000 + 12223*x10*x19/1000000 + 12273*x10*x2/1000000 - 19239*x10*x3/2000000 + 47721*x10*x4/1000000 - 2191*x10*x5/50000 - 2551*x10*x6/125000 - 96213*x10*x7/10000000 - 2669*x10*x8/12500 + 53953*x10*x9/1000000 - 44663*x10/50000 + 2511*x11**2/200 - 48603*x11*x12/1000000 + 22519*x11*x13/10000000 - 22429*x11*x14/1000000 + 172*x11*x15/78125 + 23693*x11*x16/10000000 + 2783*x11*x17/1250000 - 11213*x11*x18/500000 + 21003*x11*x19/10000000 - 5807*x11*x2/250000 + 21003*x11*x3/10000000 - 11509*x11*x4/500000 + 10633*x11*x5/5000000 + 10633*x11*x6/5000000 + 21251*x11*x7/10000000 - 5147*x11*x8/20000 - 50737*x11*x9/1000000 + 12607*x12**2/1000 - 24231*x12*x13/500000 - 19417*x12*x14/2000000 - 11441*x12*x15/1000000 - 11237*x12*x16/250000 - 20081*x12*x17/2500000 + 207*x12*x18/10000 - 13939*x12*x19/1000000 - 13933*x12*x2/1000000 - 98587*x12*x3/10000000 + 4173*x12*x4/200000 - 19017*x12*x5/1000000 - 46797*x12*x6/1000000 - 10653*x12*x7/1000000 - 3731*x12*x8/20000 + 26831*x12*x9/1000000 - 83877*x12/100000 + 6279*x13**2/500 + 23013*x13*x14/10000000 - 2237*x13*x15/100000 + 27919*x13*x16/1000000 - 362*x13*x17/15625 - 48567*x13*x18/1000000 + 4199*x13*x19/2000000 + 22241*x13*x2/10000000 - 22461*x13*x3/1000000 - 22227*x13*x4/1000000 + 10633*x13*x5/5000000 + 21513*x13*x6/10000000 - 11207*x13*x7/500000 - 5147*x13*x8/20000 - 50737*x13*x9/1000000 + 12589*x14**2/1000 - 10743*x14*x15/250000 + 10723*x14*x16/2500000 - 15867*x14*x17/1000000 - 783*x14*x18/20000 + 32171*x14*x19/1000000 + 8697*x14*x2/1250000 - 15997*x14*x3/1000000 + 18613*x14*x4/500000 - 20261*x14*x5/1000000 - 5389*x14*x6/250000 + 2147*x14*x7/250000 - 2761*x14*x8/12500 - 10771*x14*x9/1000000 - 43259*x14/100000 + 12569*x15**2/1000 - 5403*x15*x16/250000 + 20573*x15*x17/2500000 + 49961*x15*x18/5000000 - 18551*x15*x19/1000000 - 121*x15*x2/6250 + 74009*x15*x3/10000000 - 40593*x15*x4/1000000 + 38611*x15*x5/10000000 + 28337*x15*x6/10000000 - 4291*x15*x7/250000 - 11387*x15*x8/50000 - 13351*x15*x9/1000000 - 35169*x15/100000 + 6287*x16**2/500 - 23321*x16*x17/500000 - 23063*x16*x18/500000 + 14403*x16*x19/500000 + 54429*x16*x2/1000000 - 23363*x16*x3/500000 + 12559*x16*x4/2500000 + 5787*x16*x5/2000000 + 27883*x16*x6/1000000 - 257*x16*x7/12500 - 699*x16*x8/2500 - 10943*x16*x9/500000 - 10897*x16/100000 + 503*x17**2/40 + 194*x17*x18/15625 - 3463*x17*x19/200000 - 68113*x17*x2/1000000 + 45131*x17*x3/5000000 - 1607*x17*x4/125000 - 20123*x17*x5/1000000 - 5567*x17*x6/250000 + 11251*x17*x7/1250000 - 683*x17*x8/3125 - 98943*x17*x9/10000000 - 1437*x17/3125 + 1574*x18**2/125 - 41977*x18*x19/1000000 - 4183*x18*x2/250000 + 11101*x18*x3/1000000 - 17607*x18*x4/500000 + 50553*x18*x5/10000000 - 2957*x18*x6/62500 + 5501*x18*x7/500000 - 20729*x18*x8/100000 + 119*x18*x9/6250 - 59523*x18/100000 + 1257*x19**2/100 - 19189*x19*x2/1000000 + 16347*x19*x3/2500000 + 89149*x19*x4/10000000 - 131*x19*x5/6250 + 27001*x19*x6/10000000 - 9*x19*x7/500 - 11629*x19*x8/50000 + 47599*x19*x9/5000000 - 14881*x19/50000 + 12591*x2**2/1000 - 34339*x2*x3/500000 + 89149*x2*x4/10000000 - 10467*x2*x5/500000 + 3407*x2*x6/1250000 - 2247*x2*x7/125000 - 726*x2*x8/3125 - 15849*x2*x9/1000000 - 14881*x2/50000 + 12579*x3**2/1000 - 133*x3*x4/10000 + 2567*x3*x5/625000 - 10817*x3*x6/500000 + 81641*x3*x7/10000000 - 22339*x3*x8/100000 + 12977*x3*x9/1000000 - 1268*x3/3125 + 3147*x4**2/250 - 2499*x4*x5/125000 - 20983*x4*x6/1000000 - 13293*x4*x7/1000000 - 4771*x4*x8/20000 + 119*x4*x9/6250 - 59523*x4/100000 + 6279*x5**2/500 + 2969*x5*x6/1250000 + 1033*x5*x7/250000 - 2461*x5*x8/10000 - 21041*x5*x9/1000000 - 13539*x5/100000 + 12559*x6**2/1000 - 5597*x6*x7/250000 - 12649*x6*x8/50000 - 23627*x6*x9/1000000 - 54487*x6/1000000 + 1571*x7**2/125 - 4463*x7*x8/20000 - 11623*x7*x9/1000000 - 1268*x7/3125 + 8051*x8**2/500 - 17829*x8*x9/100000 - 2873*x8/1250 + 12609*x9**2/1000 - 86519*x9/100000 + 6763/500",
    "Q": "[[13.526380547316649, -0.4322343326117073, -1.1452886690232096, -0.20252814894870158, -0.026212341965519425, -0.06220497218230296, -0.29700950918933994, -0.1991056081275774, -0.15171534300874728, -0.1438034163426087, -0.30410024908926353, -0.2330625259633105, -0.05651392557506615, -0.1729782028790157, -0.2126034080096941, -0.002848927624885545, -0.4203252381293099, 0.005861096439421398, -0.44156878974775327, -0.42442081141036236], [-0.4322343326117073, 12.608344331208254, -0.09012306371906366, -0.0021579995721763444, -0.01612479849052673, -0.014752720601491352, 0.007784995767667947, 0.0031826236088057136, -0.008051156356458032, -0.0014125177546503982, 0.00767807011705445, -0.00018624308338739267, -0.011580345500879314, -0.002155260031214716, -1.2532073775336605e-05, -0.01931621095031403, 0.016987924979402297, -0.022516930237808135, 0.02482023994404216, 0.02088834943583861], [-1.1452886690232096, -0.09012306371906366, 16.101380264313306, -0.10885288124769313, -0.13079198106209636, -0.12581828611868429, -0.11188156527245173, -0.10866470240430126, -0.12079145905770618, -0.1204152835254131, -0.09917429760977699, -0.10487189036094845, -0.13120553927810397, -0.11162585208239423, -0.11483499101352976, -0.13290902749676425, -0.09843448675415802, -0.13186221757453978, -0.09957810249155301, -0.0378532321903631], [-0.20252814894870158, -0.0021579995721763444, -0.10885288124769313, 12.568453489393182, -0.012571041188181335, -0.003431415337378066, -0.005134497660531109, -0.0008517373023584573, -0.008882899566182528, -0.0031212842540060764, -0.0004897050214131808, -0.0008965073932673417, -0.010320154386075331, -0.005804828840076409, -0.0016856935466746544, -0.005526759406430371, -0.005529187733065164, -0.0032384827151825456, -0.008179402256289648, -0.0016527357643992238], [-0.026212341965519425, -0.01612479849052673, -0.13079198106209636, -0.012571041188181335, 12.558713985389518, -0.0008752202037594277, -0.008091573280597923, -0.006867171783891434, -0.000993255541404669, 0.003656590206783536, -0.018897293046477855, -0.014817547840813333, 0.011009778767722217, -0.004424578421124535, -0.005981385670582547, 0.00736663406127177, -0.02080047851679309, 9.55116225346096e-05, -0.009896625562103132, -0.02822484008309124], [-0.06220497218230296, -0.014752720601491352, -0.12581828611868429, -0.003431415337378066, -0.0008752202037594277, 12.557930799008181, -0.015523641070189453, -0.0036962800634099645, -0.005199700206807813, -0.00497905163377862, -0.0019854214693611483, -0.004410808064905276, -0.004333532582610139, -0.00016049571428412688, -0.010338235467706947, 0.002852464614094539, -0.013089508595892595, 0.005741539483438439, -0.020542216121011772, -0.0213784791481852], [-0.29700950918933994, 0.007784995767667947, -0.11188156527245173, -0.005134497660531109, -0.008091573280597923, -0.015523641070189453, 12.588113977849488, -0.005529628227062723, 0.00013132607351377918, 0.004551107129447584, -0.011508804970111499, -0.008686091184650252, 0.002575514368788313, -0.014316034999073779, 0.012408645131569293, -0.00816129319047336, 0.008852850595471909, -0.01642409718050515, 0.026076601983177124, 0.0031628240579408655], [-0.1991056081275774, 0.0031826236088057136, -0.10866470240430126, -0.0008517373023584573, -0.006867171783891434, -0.0036962800634099645, -0.005529628227062723, 12.578476940888152, -0.03360784831098711, 0.0011542974585585324, -0.00040336246646377916, 0.008171173744725164, -0.01778715156066324, -0.00040255141266985365, -0.0031379638120724415, -0.005775719842332435, -0.0025373327785771288, -0.0016764450563681063, -0.007511399500412759, -0.0057327807275510045], [-0.15171534300874728, -0.008051156356458032, -0.12079145905770618, -0.008882899566182528, -0.000993255541404669, -0.005199700206807813, 0.00013132607351377918, -0.03360784831098711, 12.591403168308116, -0.004262897787773523, -0.01186875309247227, -0.02865963051974341, 0.023063729612182823, -0.010592307211641892, -0.0019670353676876527, 0.0005259907762463656, -0.007374046108318045, -0.012755344580504408, 0.010009986150180467, -0.009119271968798848], [-0.1438034163426087, -0.0014125177546503982, -0.1204152835254131, -0.0031212842540060764, 0.003656590206783536, -0.00497905163377862, 0.004551107129447584, 0.0011542974585585324, -0.004262897787773523, 12.569365201961585, -0.016995876094229406, -0.007365190261969108, 0.00856876873428403, -0.009437506370350623, 0.012400363242896485, 0.005873489323706656, -0.010579504747955703, -0.00364365433526745, 0.0030310233086619717, -0.008406290885011054], [-0.30410024908926353, 0.00767807011705445, -0.09917429760977699, -0.0004897050214131808, -0.018897293046477855, -0.0019854214693611483, -0.011508804970111499, -0.00040336246646377916, -0.01186875309247227, -0.016995876094229406, 12.591907525087755, 0.006705826480818543, -0.0262712094621411, 0.007593220651587191, -0.021899515716282777, -0.020478951401087186, 0.014467325725210341, -0.008885963642410545, -0.001962661742818621, 0.006127079315143083], [-0.2330625259633105, -0.00018624308338739267, -0.10487189036094845, -0.0008965073932673417, -0.014817547840813333, -0.004410808064905276, -0.008686091184650252, 0.008171173744725164, -0.02865963051974341, -0.007365190261969108, 0.006705826480818543, 12.57468763225474, -0.025259047901161197, -0.000903832128993392, -0.009149269898492173, -0.012326205277570265, 0.0010094204503287095, -0.004293702879504306, -0.007787035486499175, -0.002482044560482183], [-0.05651392557506615, -0.011580345500879314, -0.13120553927810397, -0.010320154386075331, 0.011009778767722217, -0.004333532582610139, 0.002575514368788313, -0.01778715156066324, 0.023063729612182823, 0.00856876873428403, -0.0262712094621411, -0.025259047901161197, 12.573724760360538, -0.011842782635768151, 0.006408508845460894, 0.01046103842069153, -0.019773179453628068, -0.004593171595271122, 0.002038383364172296, -0.020717949037010013], [-0.1729782028790157, -0.002155260031214716, -0.11162585208239423, -0.005804828840076409, -0.004424578421124535, -0.00016049571428412688, -0.014316034999073779, -0.00040255141266985365, -0.010592307211641892, -0.009437506370350623, 0.007593220651587191, -0.000903832128993392, -0.011842782635768151, 12.56880131822025, -0.022454146328099833, -0.009343433189206204, -0.0021892326628616707, -0.0030116815000216647, -0.011021846653875959, -0.010516755455682135], [-0.2126034080096941, -1.2532073775336605e-05, -0.11483499101352976, -0.0016856935466746544, -0.005981385670582547, -0.010338235467706947, 0.012408645131569293, -0.0031379638120724415, -0.0019670353676876527, 0.012400363242896485, -0.021899515716282777, -0.009149269898492173, 0.006408508845460894, -0.022454146328099833, 12.588752538396385, 0.004414011365044901, -0.008282527042048444, -0.00939560846274053, 0.013284925519784465, -0.0004268520486848948], [-0.002848927624885545, -0.01931621095031403, -0.13290902749676425, -0.005526759406430371, 0.00736663406127177, 0.002852464614094539, -0.00816129319047336, -0.005775719842332435, 0.0005259907762463656, 0.005873489323706656, -0.020478951401087186, -0.012326205277570265, 0.01046103842069153, -0.009343433189206204, 0.004414011365044901, 12.557767506677846, -0.025033008243074386, 0.0056428289103665815, -0.017266668489625915, -0.025121523098903663], [-0.4203252381293099, 0.016987924979402297, -0.09843448675415802, -0.005529187733065164, -0.02080047851679309, -0.013089508595892595, 0.008852850595471909, -0.0025373327785771288, -0.007374046108318045, -0.010579504747955703, 0.014467325725210341, 0.0010094204503287095, -0.019773179453628068, -0.0021892326628616707, -0.008282527042048444, -0.025033008243074386, 12.607068072717869, -0.020631729166858768, 0.0274710143869852, 0.012719728758146762], [0.005861096439421398, -0.022516930237808135, -0.13186221757453978, -0.0032384827151825456, 9.55116225346096e-05, 0.005741539483438439, -0.01642409718050515, -0.0016764450563681063, -0.012755344580504408, -0.00364365433526745, -0.008885963642410545, -0.004293702879504306, -0.004593171595271122, -0.0030116815000216647, -0.00939560846274053, 0.0056428289103665815, -0.020631729166858768, 12.555206658776052, -0.02970063507990599, -0.029707935779222684], [-0.44156878974775327, 0.02482023994404216, -0.09957810249155301, -0.008179402256289648, -0.009896625562103132, -0.020542216121011772, 0.026076601983177124, -0.007511399500412759, 0.010009986150180467, 0.0030310233086619717, -0.001962661742818621, -0.007787035486499175, 0.002038383364172296, -0.011021846653875959, 0.013284925519784465, -0.017266668489625915, 0.0274710143869852, -0.02970063507990599, 12.626331172032092, 0.024160906810293186], [-0.42442081141036236, 0.02088834943583861, -0.0378532321903631, -0.0016527357643992238, -0.02822484008309124, -0.0213784791481852, 0.0031628240579408655, -0.0057327807275510045, -0.009119271968798848, -0.008406290885011054, 0.006127079315143083, -0.002482044560482183, -0.020717949037010013, -0.010516755455682135, -0.0004268520486848948, -0.025121523098903663, 0.012719728758146762, -0.029707935779222684, 0.024160906810293186, 12.591466165447748]]",
    "monomial_list": "[1, x9, x8, x7, x6, x5, x4, x3, x2, x19, x18, x17, x16, x15, x14, x13, x12, x11, x10, x1]"
}