{
    "name": "Multiplier-2",
    "rational_expression": "12537*x1**2/1000 + 179*x1*x10/78125 - 1793*x1*x11/312500 + 941*x1*x12/100000 - 12767*x1*x13/1000000 + 1193*x1*x14/100000 + 17227*x1*x15/1000000 - 7303*x1*x16/250000 + 14199*x1*x17/500000 + 16097*x1*x18/1000000 + 15969*x1*x19/1000000 - 10043*x1*x2/125000 + 16917*x1*x3/500000 + 11871*x1*x4/2000000 - 11163*x1*x5/1000000 - 7407*x1*x6/500000 + 3279*x1*x7/200000 - 1487*x1*x8/40000 + 7333*x1*x9/500000 - 58653*x1/100000 + 1568*x10**2/125 - 5519*x10*x11/250000 + 53649*x10*x12/1000000 + 1189*x10*x13/400000 + 571*x10*x14/20000 - 5309*x10*x15/250000 + 52053*x10*x16/1000000 - 20881*x10*x17/1000000 + 32567*x10*x18/10000000 + 28681*x10*x19/1000000 - 12631*x10*x2/50000 - 22041*x10*x3/1000000 + 15143*x10*x4/200000 - 5799*x10*x5/250000 + 2629*x10*x6/100000 - 22817*x10*x7/1000000 - 24629*x10*x8/500000 + 13421*x10*x9/500000 - 62137*x10/1000000 + 6293*x11**2/500 - 2377*x11*x12/250000 + 35467*x11*x13/500000 + 3981*x11*x14/200000 + 79571*x11*x15/1000000 - 971*x11*x16/156250 + 48943*x11*x17/500000 + 52073*x11*x18/1000000 + 13041*x11*x19/250000 - 14883*x11*x2/100000 + 6573*x11*x3/50000 - 15049*x11*x4/1000000 + 36409*x11*x5/500000 + 10659*x11*x6/250000 + 38739*x11*x7/500000 + 19447*x11*x8/200000 + 23919*x11*x9/1000000 - 95653*x11/100000 + 12547*x12**2/1000 - 7343*x12*x13/500000 + 12483*x12*x14/1250000 + 1737*x12*x15/125000 - 17951*x12*x16/10000000 + 4423*x12*x17/200000 + 38367*x12*x18/1000000 + 1619*x12*x19/125000 - 22233*x12*x2/100000 + 12483*x12*x3/500000 + 14823*x12*x4/500000 + 767*x12*x5/78125 - 4207*x12*x6/250000 + 12081*x12*x7/1000000 - 8149*x12*x8/200000 + 7217*x12*x9/200000 - 43213*x12/100000 + 6281*x13**2/500 + 15921*x13*x14/250000 + 43629*x13*x15/1000000 + 23819*x13*x16/500000 + 7367*x13*x17/250000 + 4247*x13*x18/250000 + 33897*x13*x19/500000 - 17871*x13*x2/100000 + 14953*x13*x3/250000 + 3587*x13*x4/625000 + 64301*x13*x5/1000000 + 61261*x13*x6/1000000 + 20911*x13*x7/500000 + 44359*x13*x8/500000 + 7333*x13*x9/500000 - 58653*x13/100000 + 1257*x14**2/100 - 72647*x14*x15/10000000 + 23807*x14*x16/500000 + 29267*x14*x17/1000000 - 84769*x14*x18/10000000 + 67643*x14*x19/1000000 - 17813*x14*x2/100000 + 11907*x14*x3/200000 + 7043*x14*x4/125000 + 13591*x14*x5/1000000 + 35887*x14*x6/1000000 + 10443*x14*x7/250000 + 19411*x14*x8/500000 + 7333*x14*x9/500000 - 58653*x14/100000 + 6289*x15**2/500 - 27993*x15*x16/5000000 + 46691*x15*x17/500000 + 37477*x15*x18/500000 + 24329*x15*x19/1000000 - 15579*x15*x2/100000 + 10133*x15*x3/100000 - 7951*x15*x4/500000 + 35287*x15*x5/500000 + 5111*x15*x6/125000 + 12391*x15*x7/250000 + 11299*x15*x8/250000 + 46883*x15*x9/1000000 - 86427*x15/100000 + 2507*x16**2/200 - 30521*x16*x17/500000 - 30361*x16*x18/1000000 + 2293*x16*x19/50000 - 767*x16*x2/3125 - 65207*x16*x3/1000000 + 1919*x16*x4/40000 - 11139*x16*x5/2000000 + 46177*x16*x6/1000000 - 8643*x16*x7/1250000 + 22471*x16*x8/500000 - 7769*x16*x9/1250000 + 4971*x16/20000 + 3157*x17**2/250 + 90271*x17*x18/1000000 + 32461*x17*x19/500000 - 271*x17*x2/2500 + 18609*x17*x3/100000 - 5011*x17*x4/500000 + 58757*x17*x5/1000000 + 26147*x17*x6/1000000 + 91251*x17*x7/1000000 + 58671*x17*x8/1000000 + 30767*x17*x9/500000 - 14499*x17/10000 + 12579*x18**2/1000 + 22609*x18*x19/1000000 - 8021*x18*x2/50000 + 48803*x18*x3/500000 - 3299*x18*x4/200000 + 1079*x18*x5/15625 + 7223*x18*x6/500000 + 47803*x18*x7/1000000 + 9211*x18*x8/500000 + 45323*x18*x9/1000000 - 80213*x18/100000 + 12573*x19**2/1000 - 3231*x19*x2/20000 + 4883*x19*x3/50000 + 16611*x19*x4/500000 + 43917*x19*x5/1000000 + 13019*x19*x6/200000 + 23927*x19*x7/500000 + 34543*x19*x8/500000 + 45323*x19*x9/1000000 - 80213*x19/100000 + 2011*x2**2/125 - 60297*x2*x3/1000000 - 4509*x2*x4/20000 - 3403*x2*x5/20000 - 18209*x2*x6/100000 - 13281*x2*x7/100000 - 14489*x2*x8/100000 - 16433*x2*x9/100000 - 5001*x2/2000 + 6343*x3**2/500 - 16621*x3*x4/2500000 + 91951*x3*x5/1000000 + 28781*x3*x6/500000 + 10083*x3*x7/100000 + 22951*x3*x8/250000 + 19059*x3*x9/200000 - 1118*x3/625 + 627*x4**2/50 - 17477*x4*x5/1000000 + 55037*x4*x6/10000000 + 86357*x4*x7/10000000 - 17491*x4*x8/1000000 + 8249*x4*x9/250000 - 30833*x4/100000 + 2513*x5**2/200 + 38159*x5*x6/1000000 + 45239*x5*x7/1000000 + 66993*x5*x8/1000000 + 17741*x5*x9/1000000 - 70987*x5/100000 + 12553*x6**2/1000 + 3123*x6*x7/200000 + 7931*x6*x8/125000 + 13887*x6*x9/1000000 - 55547*x6/100000 + 12573*x7**2/1000 + 11299*x7*x8/250000 + 46883*x7*x9/1000000 - 86427*x7/100000 + 2517*x8**2/200 - 67807*x8*x9/10000000 - 70987*x8/100000 + 2513*x9**2/200 - 38553*x9/50000 + 617/40",
    "Q": "[[15.425334247270623, -0.3928535878518075, -0.361312899644137, -0.4382564297460994, -0.2725361277771952, -0.36243524661041315, -0.15687962327959495, -0.8986509166953459, -1.2495833778916599, -0.40133449055931764, -0.40733380907086975, -0.7206279455725662, 0.1166062663403989, -0.4379089478184469, -0.2972098631861086, -0.2997153992829787, -0.21751595007346958, -0.48411357927142384, -0.030101416280694352, -0.2893296986286785], [-0.3928535878518075, 12.565308659632986, 0.0008818864720593942, 0.019609585131345177, 0.00998610823632053, 0.014418193441476724, 0.011668015329888305, 0.043570715835235, -0.08033425376991639, 0.022504535916175458, 0.02173803463443189, 0.029297661231756412, -0.001366917175551249, 0.021529477396871586, 0.013739657510581241, 0.011195657677615822, 0.017310307743693028, 0.015285020349165812, 0.015410070098406687, 0.012992565202804198], [-0.361312899644137, 0.0008818864720593942, 12.585408592305775, 0.026101415420496907, 0.032471834349202824, 0.035564711521333905, -0.005193346759487487, 0.04382827343590847, -0.07630563766876487, 0.03177544759151204, 0.01026222294408868, 0.027286799184353224, 0.01774830064867568, 0.026545040316901854, 0.015926615149734268, 0.0411933228598753, -0.016779665688634707, 0.04517914233801467, -0.01867309267451262, -0.013404346387364735], [-0.4382564297460994, 0.019609585131345177, 0.026101415420496907, 12.573725378733652, 0.009700240697986575, 0.027659270833467472, 0.003943985330495794, 0.05132348833260261, -0.07029874981301981, 0.024932438803021238, 0.026338588710693507, 0.04108401096100154, -0.004457564453474499, 0.02489407663507518, 0.018826913569522964, 0.022885141871911676, 0.005300591198130093, 0.03533804043298285, -0.00624736895213516, 0.011481204615579664], [-0.2725361277771952, 0.00998610823632053, 0.032471834349202824, 0.009700240697986575, 12.553110573462062, 0.018776020510858922, 0.0059327151029297115, 0.026666571600098818, -0.09195541892038875, 0.026636314889728323, 0.0033774139110808407, 0.01142113192203076, 0.02302146692028774, 0.01948769194420316, 0.012194992357994852, 0.026762804756658164, -0.0036727442024311126, 0.020545607993784583, 0.007042463336589978, -0.00916173616061726], [-0.36243524661041315, 0.014418193441476724, 0.035564711521333905, 0.027659270833467472, 0.018776020510858922, 12.565335677014495, -0.0034139201541090007, 0.0420294115734795, -0.07889682204313171, 0.020398144759262552, 0.02886961002746686, 0.03408619036931563, 0.003424170047745628, 0.03136472870993509, 0.009445554331940173, 0.02659457621811086, 0.004754976850736341, 0.037172664587650804, -0.00826127743394024, 0.00012538843846278503], [-0.15687962327959495, 0.011668015329888305, -0.005193346759487487, 0.003943985330495794, 0.0059327151029297115, -0.0034139201541090007, 12.539969148906575, 0.002317775051985997, -0.1143036760959138, 0.017226793236482168, -0.006089768708855227, -0.002760512469846823, 0.019308956942929868, -0.006187086767680027, 0.02391303034616224, 0.0075321726893612445, 0.016556239806574082, -0.0033441755232074804, 0.03428105305023933, -0.00020399709549921306], [-0.8986509166953459, 0.043570715835235, 0.04382827343590847, 0.05132348833260261, 0.026666571600098818, 0.0420294115734795, 0.002317775051985997, 12.68603485508278, -0.030794068165084502, 0.04868391922130901, 0.04497582644475314, 0.09144884411403956, -0.030014363944432316, 0.05280123175334479, 0.027759311554542025, 0.034410508463238836, 0.011474949753540674, 0.06029413496644656, -0.013793502689319862, 0.021818054848843416], [-1.2495833778916599, -0.08033425376991639, -0.07630563766876487, -0.07029874981301981, -0.09195541892038875, -0.07889682204313171, -0.1143036760959138, -0.030794068165084502, 16.088141801207424, -0.08131374258878034, -0.07405546502450513, -0.04694508352829159, -0.12854667668117306, -0.07023703245483719, -0.09422027483615819, -0.08637100987010435, -0.10585429937661778, -0.06780610629454195, -0.12497403256093516, -0.04507453445430755], [-0.40133449055931764, 0.022504535916175458, 0.03177544759151204, 0.024932438803021238, 0.026636314889728323, 0.020398144759262552, 0.017226793236482168, 0.04868391922130901, -0.08131374258878034, 12.572928673132944, 0.005783544849713523, 0.028539429021472214, 0.01771092653801846, 0.016952914424870538, 0.03541906885893271, 0.03245153237758555, 0.003233103410675818, 0.02734852114181095, 0.011688893014386394, 0.0072241641927098385], [-0.40733380907086975, 0.02173803463443189, 0.01026222294408868, 0.026338588710693507, 0.0033774139110808407, 0.02886961002746686, -0.006089768708855227, 0.04497582644475314, -0.07405546502450513, 0.005783544849713523, 12.579567476477745, 0.044038869465518195, -0.02009056002602084, 0.03769569429183161, -0.008156907175572903, 0.005580844516147098, 0.021821354757981307, 0.028219885281225824, -0.00454929233397788, 0.010358559693866804], [-0.7206279455725662, 0.029297661231756412, 0.027286799184353224, 0.04108401096100154, 0.01142113192203076, 0.03408619036931563, -0.002760512469846823, 0.09144884411403956, -0.04694508352829159, 0.028539429021472214, 0.044038869465518195, 12.628102197046804, -0.032596436466456324, 0.04177542722099433, 0.014247410122974015, 0.020065569712211184, 0.011921224049096958, 0.046247828479388395, -0.013252076487075402, 0.016996691953788376], [0.1166062663403989, -0.001366917175551249, 0.01774830064867568, -0.004457564453474499, 0.02302146692028774, 0.003424170047745628, 0.019308956942929868, -0.030014363944432316, -0.12854667668117306, 0.01771092653801846, -0.02009056002602084, -0.032596436466456324, 12.535245084470748, -0.006808841700964524, 0.017891300059186897, 0.02231550558290184, -0.0036433186046039056, -0.0024899884691467512, 0.026182092916997253, -0.01571139750499619], [-0.4379089478184469, 0.021529477396871586, 0.026545040316901854, 0.02489407663507518, 0.01948769194420316, 0.03136472870993509, -0.006187086767680027, 0.05280123175334479, -0.07023703245483719, 0.016952914424870538, 0.03769569429183161, 0.04177542722099433, -0.006808841700964524, 12.578494416942457, -0.006552017951881507, 0.01659724612007211, 0.010418548540736363, 0.034075361208551015, -0.0076315295032763405, 0.0035807700280838374], [-0.2972098631861086, 0.013739657510581241, 0.015926615149734268, 0.018826913569522964, 0.012194992357994852, 0.009445554331940173, 0.02391303034616224, 0.027759311554542025, -0.09422027483615819, 0.03541906885893271, -0.008156907175572903, 0.014247410122974015, 0.017891300059186897, -0.006552017951881507, 12.56981551285767, 0.028124133428130305, 0.0015752039520881157, 0.014831790449321333, 0.02029387165030002, 0.006443415322426551], [-0.2997153992829787, 0.011195657677615822, 0.0411933228598753, 0.022885141871911676, 0.026762804756658164, 0.02659457621811086, 0.0075321726893612445, 0.034410508463238836, -0.08637100987010435, 0.03245153237758555, 0.005580844516147098, 0.020065569712211184, 0.02231550558290184, 0.01659724612007211, 0.028124133428130305, 12.56148426305834, -0.006037143841588359, 0.031240516592861044, 0.0005262864413468812, -0.0011352802177782247], [-0.21751595007346958, 0.017310307743693028, -0.016779665688634707, 0.005300591198130093, -0.0036727442024311126, 0.004754976850736341, 0.016556239806574082, 0.011474949753540674, -0.10585429937661778, 0.003233103410675818, 0.021821354757981307, 0.011921224049096958, -0.0036433186046039056, 0.010418548540736363, 0.0015752039520881157, -0.006037143841588359, 12.547595509730575, -0.00036821606385880544, 0.028753041672402273, 0.0034678501206761372], [-0.48411357927142384, 0.015285020349165812, 0.04517914233801467, 0.03533804043298285, 0.020545607993784583, 0.037172664587650804, -0.0033441755232074804, 0.06029413496644656, -0.06780610629454195, 0.02734852114181095, 0.028219885281225824, 0.046247828479388395, -0.0024899884691467512, 0.034075361208551015, 0.014831790449321333, 0.031240516592861044, -0.00036821606385880544, 12.586084594179576, -0.017210544297872356, 0.00039776502148824663], [-0.030101416280694352, 0.015410070098406687, -0.01867309267451262, -0.00624736895213516, 0.007042463336589978, -0.00826127743394024, 0.03428105305023933, -0.013793502689319862, -0.12497403256093516, 0.011688893014386394, -0.00454929233397788, -0.013252076487075402, 0.026182092916997253, -0.0076315295032763405, 0.02029387165030002, 0.0005262864413468812, 0.028753041672402273, -0.017210544297872356, 12.544599998652204, 0.006188936623997626], [-0.2893296986286785, 0.012992565202804198, -0.013404346387364735, 0.011481204615579664, -0.00916173616061726, 0.00012538843846278503, -0.00020399709549921306, 0.021818054848843416, -0.04507453445430755, 0.0072241641927098385, 0.010358559693866804, 0.016996691953788376, -0.01571139750499619, 0.0035807700280838374, 0.006443415322426551, -0.0011352802177782247, 0.0034678501206761372, 0.00039776502148824663, 0.006188936623997626, 12.536609787344576]]",
    "monomial_list": "[1, x9, x8, x7, x6, x5, x4, x3, x2, x19, x18, x17, x16, x15, x14, x13, x12, x11, x10, x1]"
}