{
    "name": "Multiplier-18",
    "rational_expression": "12559*x1**2/1000 + 10437*x1*x10/1000000 - 15309*x1*x11/1000000 - 22869*x1*x12/1000000 + 2087*x1*x13/125000 + 19081*x1*x14/1000000 - 9943*x1*x15/500000 + 18957*x1*x16/1000000 - 593*x1*x17/31250 - 17483*x1*x18/200000 + 8391*x1*x19/500000 + 10919*x1*x2/1000000 + 18451*x1*x3/2000000 + 2641*x1*x4/250000 - 8937*x1*x5/500000 - 10723*x1*x6/1000000 + 88449*x1*x7/10000000 - 1381*x1*x8/125000 + 20093*x1*x9/2500000 - 42277*x1/100000 + 12603*x10**2/1000 - 5601*x10*x11/500000 + 28221*x10*x12/1000000 + 1581*x10*x13/62500 + 54217*x10*x14/1000000 - 8607*x10*x15/500000 + 27063*x10*x16/500000 - 7961*x10*x17/500000 - 1987*x10*x18/10000 + 50237*x10*x19/1000000 + 41491*x10*x2/1000000 + 13591*x10*x3/1000000 + 33109*x10*x4/500000 - 14691*x10*x5/1000000 + 1277*x10*x6/62500 + 6499*x10*x7/500000 - 43547*x10*x8/10000000 + 37119*x10*x9/1000000 - 31009*x10/50000 + 12587*x11**2/1000 - 443*x11*x12/20000 + 48623*x11*x13/1000000 + 13037*x11*x14/500000 + 32067*x11*x15/1000000 + 25819*x11*x16/500000 + 609*x11*x17/78125 - 17177*x11*x18/100000 + 24091*x11*x19/500000 + 14701*x11*x2/1000000 + 9469*x11*x3/250000 + 2817*x11*x4/200000 + 8621*x11*x5/250000 + 689*x11*x6/15625 + 7443*x11*x7/200000 + 70023*x11*x8/1000000 + 1339*x11*x9/125000 - 56341*x11/100000 + 12561*x12**2/1000 - 23043*x12*x13/1000000 - 21669*x12*x14/1000000 + 21963*x12*x15/10000000 - 5631*x12*x16/250000 + 11647*x12*x17/5000000 - 28587*x12*x18/100000 - 11837*x12*x19/500000 + 207*x12*x2/312500 + 549*x12*x3/1000000 + 70981*x12*x4/100000000 + 32647*x12*x5/100000000 - 5947*x12*x6/250000 + 13631*x12*x7/25000000 - 49893*x12*x8/1000000 + 53929*x12*x9/100000000 - 14193*x12/500000 + 3161*x13**2/250 + 6187*x13*x14/50000 + 5587*x13*x15/500000 + 12389*x13*x16/100000 + 6553*x13*x17/500000 - 90511*x13*x18/1000000 + 5937*x13*x19/50000 + 3151*x13*x2/40000 + 12277*x13*x3/250000 + 67*x13*x4/2500 + 2669*x13*x5/62500 + 86311*x13*x6/1000000 + 47911*x13*x7/1000000 + 11197*x13*x8/100000 + 163*x13*x9/8000 - 5359*x13/5000 + 1583*x14**2/125 - 51*x14*x15/4000 + 406*x14*x16/3125 + 373*x14*x17/25000 - 219*x14*x18/2000 + 12423*x14*x19/100000 + 5697*x14*x2/100000 + 417*x14*x3/8000 + 2227*x14*x4/40000 + 1951*x14*x5/100000 + 13099*x14*x6/200000 + 50817*x14*x7/1000000 + 66663*x14*x8/1000000 + 9679*x14*x9/200000 - 758*x14/625 + 2513*x15**2/200 + 317*x15*x16/25000 + 43761*x15*x17/10000000 - 20063*x15*x18/100000 + 10277*x15*x19/1000000 + 66959*x15*x2/10000000 + 56811*x15*x3/10000000 - 9111*x15*x4/500000 + 1179*x15*x5/40000 + 33857*x15*x6/1000000 + 13437*x15*x7/2500000 + 8521*x15*x8/250000 + 9677*x15*x9/2000000 - 25461*x15/100000 + 12669*x16**2/1000 - 5229*x16*x17/500000 - 277*x16*x18/2500 + 389*x16*x19/3125 + 67*x16*x2/625 + 5379*x16*x3/200000 + 2227*x16*x4/40000 + 44987*x16*x5/1000000 + 11561*x16*x6/100000 + 12717*x16*x7/250000 + 467*x16*x8/4000 + 9679*x16*x9/200000 - 758*x16/625 + 2513*x17**2/200 - 19481*x17*x18/100000 + 1549*x17*x19/125000 - 87*x17*x2/5000 + 32177*x17*x3/1000000 + 1551*x17*x4/200000 + 24797*x17*x5/5000000 + 10241*x17*x6/1000000 + 65117*x17*x7/10000000 + 10537*x17*x8/1000000 + 11787*x17*x9/2000000 - 31009*x17/100000 + 4041*x18**2/250 - 3853*x18*x19/40000 - 3927*x18*x2/25000 - 4203*x18*x3/25000 - 4581*x18*x4/25000 - 18427*x18*x5/100000 - 2757*x18*x6/20000 - 3401*x18*x7/20000 - 5521*x18*x8/50000 - 17523*x18*x9/100000 - 27353*x18/10000 + 12647*x19**2/1000 + 54789*x19*x2/1000000 + 50293*x19*x3/1000000 + 2141*x19*x4/40000 + 8703*x19*x5/200000 + 8809*x19*x6/100000 + 24521*x19*x7/500000 + 89189*x19*x8/1000000 + 11689*x19*x9/250000 - 2817*x19/2500 + 12627*x2**2/1000 - 8627*x2*x3/250000 + 3661*x2*x4/200000 + 37123*x2*x5/1000000 + 12409*x2*x6/250000 + 15401*x2*x7/1000000 + 50347*x2*x8/1000000 + 3481*x2*x9/250000 - 36643*x2/50000 + 3149*x3**2/250 + 1551*x3*x4/100000 + 35347*x3*x5/1000000 + 22963*x3*x6/500000 + 7677*x3*x7/200000 + 46503*x3*x8/1000000 + 11787*x3*x9/1000000 - 31009*x3/50000 + 12597*x4**2/1000 + 11263*x4*x5/1000000 + 23251*x4*x6/1000000 + 231*x4*x7/15625 + 479*x4*x8/20000 + 67*x4*x9/5000 - 4403*x4/6250 + 6289*x5**2/500 + 20193*x5*x6/500000 + 34849*x5*x7/1000000 + 66179*x5*x8/1000000 + 21437*x5*x9/2500000 - 45073*x5/100000 + 6311*x6**2/500 + 19593*x6*x7/1000000 + 82523*x6*x8/1000000 + 17687*x6*x9/1000000 - 9307*x6/10000 + 2517*x7**2/200 + 9107*x7*x8/200000 + 11249*x7*x9/1000000 - 2959*x7/5000 + 12641*x8**2/1000 + 729*x8*x9/40000 - 95823*x8/100000 + 6291*x9**2/500 - 13397*x9/25000 + 14093/1000",
    "Q": "[[14.092882799594205, -0.27299825331479266, -0.479340597088093, -0.294079845027878, -0.46262686246463297, -0.22018556791036886, -0.3559342702118653, -0.3088750342311239, -0.36154625900810533, -0.5604262961882729, -1.3651746335017518, -0.15193210885362116, -0.6061513342553759, -0.13082467718886426, -0.6004021904362872, -0.5320659133251813, -0.018012438386476023, -0.2748912752957983, -0.30550198779357585, -0.20811787511985688], [-0.27299825331479266, 12.582624114580229, 0.003935354829942509, 0.008335728587255465, 0.013502246935243834, 0.0051009845878422465, 0.013008619236085298, 0.01225561780269769, 0.009642073584987861, 0.02356213056042566, -0.09010550296999213, 0.001723300296067067, 0.02116788416601857, 0.00383988369971705, 0.02050499302667457, 0.016298037965906863, 0.004671175388455241, 0.003878276618641541, 0.01761176893031367, 0.0038906519092586547], [-0.479340597088093, 0.003935354829942509, 12.641115608960746, 0.022994103608921908, 0.045076040364004186, 0.027168148121151484, 0.006147804393677931, 0.024882710941596768, 0.025591528633197035, 0.048074943563002674, -0.05565070428827915, 0.006937815870458657, 0.052980579821535555, 0.012879162483750525, 0.0386974209365263, 0.0572044799782505, -0.02172112963615344, 0.03399965539871704, -0.004325225550058524, -0.008080623974696987], [-0.294079845027878, 0.008335728587255465, 0.022994103608921908, 12.585492734868646, 0.01354738701933224, 0.01321092713665584, 0.008215476527729967, 0.014701649063932612, 0.011345680828354063, 0.025447505353320164, -0.08310486621025542, 0.006899538876855186, 0.021390199625471017, 0.004423159254155591, 0.025658497472853224, 0.02621991056331049, -0.0037529368261455223, 0.016362631202590353, 0.0025973280395155014, 0.0021114897601697863], [-0.46262686246463297, 0.013502246935243834, 0.045076040364004186, 0.01354738701933224, 12.622512515363876, 0.01709944210914523, 0.014034433744933416, 0.020140646568858875, 0.026334018076962378, 0.04544488727498445, -0.0641955878429589, 0.0018028088092568722, 0.05314105678361902, 0.011751814549475974, 0.035319303557533696, 0.04546717871663303, -0.01159786978028733, 0.019036558097998573, 0.014476800088947167, -0.0025994136390127907], [-0.22018556791036886, 0.0051009845878422465, 0.027168148121151484, 0.01321092713665584, 0.01709944210914523, 12.577838800617663, -0.00032025511981191666, 0.012559422298531317, 0.012134344186614769, 0.018110514674865533, -0.09593540930517562, 0.0071994005374165105, 0.018244064985394284, 0.01154367655752013, 0.012649611623196754, 0.02471299713840939, -0.0014151669258651123, 0.018611298658869926, -0.002273425617544481, -0.005745606659572597], [-0.3559342702118653, 0.013008619236085298, 0.006147804393677931, 0.008215476527729967, 0.014034433744933416, -0.00032025511981191666, 12.597444950301616, 0.00813870008354176, 0.014875654738576534, 0.028110862227850683, -0.09246011104300352, -0.0012573942974165005, 0.028669720822001175, -0.004620504729472705, 0.03369618083782375, 0.01866225098131366, 0.004993942843985852, 0.0012771604445864558, 0.027281331465878925, 0.0036630960951413985], [-0.3088750342311239, 0.01225561780269769, 0.024882710941596768, 0.014701649063932612, 0.020140646568858875, 0.012559422298531317, 0.00813870008354176, 12.59620609999126, -0.011773720098347916, 0.03093882610672722, -0.08161582857268714, 0.014378001084578025, 0.013876120299098339, 0.008512243084288945, 0.025044556904125954, 0.026635038280688635, -0.0019393721946348824, 0.018037252309148172, 0.0032559443660711055, -0.0016488008385606822], [-0.36154625900810533, 0.009642073584987861, 0.025591528633197035, 0.011345680828354063, 0.026334018076962378, 0.012134344186614769, 0.014875654738576534, -0.011773720098347916, 12.62612721518254, 0.027825311121218988, -0.07977131965289268, -0.014660555399085102, 0.05820893418655076, 0.0030216300061912085, 0.02904464854780353, 0.03362649242867488, -0.003706549646823737, 0.006452775104381444, 0.022417740762583124, 0.002959812122546463], [-0.5604262961882729, 0.02356213056042566, 0.048074943563002674, 0.025447505353320164, 0.04544488727498445, 0.018110514674865533, 0.028110862227850683, 0.03093882610672722, 0.027825311121218988, 12.646587679922026, -0.05167190039063331, 0.008533772611208565, 0.06137876518822067, 0.0067170708631525055, 0.06282631217300143, 0.05597349462476071, -0.007991281192982851, 0.023327429659603195, 0.024081886890248566, 0.010506065115214952], [-1.3651746335017518, -0.09010550296999213, -0.05565070428827915, -0.08310486621025542, -0.0641955878429589, -0.09593540930517562, -0.09246011104300352, -0.08161582857268714, -0.07977131965289268, -0.05167190039063331, 16.163557667361005, -0.10401684548298283, -0.04772282445165691, -0.10613152399049623, -0.049419631856049216, -0.052116149434213305, -0.13493957343785992, -0.08813928042640597, -0.09975500144033356, -0.049181385165681296], [-0.15193210885362116, 0.001723300296067067, 0.006937815870458657, 0.006899538876855186, 0.0018028088092568722, 0.0071994005374165105, -0.0012573942974165005, 0.014378001084578025, -0.014660555399085102, 0.008533772611208565, -0.10401684548298283, 12.565058537256927, -0.006624635230586138, 0.004570438763239091, 0.004843491936841043, 0.007375759489182091, 0.001952486014757433, 0.009477277478255738, -0.003178147043124129, -0.006102009933172232], [-0.6061513342553759, 0.02116788416601857, 0.052980579821535555, 0.021390199625471017, 0.05314105678361902, 0.018244064985394284, 0.028669720822001175, 0.013876120299098339, 0.05820893418655076, 0.06137876518822067, -0.04772282445165691, -0.006624635230586138, 12.668940886663659, 0.006576914847685069, 0.05959847033081785, 0.06065582504730917, -0.013863795357964592, 0.019557972524330117, 0.02846209754106069, 0.0071188816868361345], [-0.13082467718886426, 0.00383988369971705, 0.012879162483750525, 0.004423159254155591, 0.011751814549475974, 0.01154367655752013, -0.004620504729472705, 0.008512243084288945, 0.0030216300061912085, 0.0067170708631525055, -0.10613152399049623, 0.004570438763239091, 0.006576914847685069, 12.564699069020671, -0.007981023566482138, 0.009301619808793541, 0.0026308671859131575, 0.010170608069704792, -0.0027179782687528657, -0.008983061323180592], [-0.6004021904362872, 0.02050499302667457, 0.0386974209365263, 0.025658497472853224, 0.035319303557533696, 0.012649611623196754, 0.03369618083782375, 0.025044556904125954, 0.02904464854780353, 0.06282631217300143, -0.049419631856049216, 0.004843491936841043, 0.05959847033081785, -0.007981023566482138, 12.663815761135583, 0.05616092133584618, -0.010350564076815297, 0.018162185033923018, 0.029701483753715906, 0.014216413648299333], [-0.5320659133251813, 0.016298037965906863, 0.0572044799782505, 0.02621991056331049, 0.04546717871663303, 0.02471299713840939, 0.01866225098131366, 0.026635038280688635, 0.03362649242867488, 0.05597349462476071, -0.052116149434213305, 0.007375759489182091, 0.06065582504730917, 0.009301619808793541, 0.05616092133584618, 12.64288505857461, -0.014233240212255081, 0.02899143807406157, 0.012252698685115986, 0.005409076047640712], [-0.018012438386476023, 0.004671175388455241, -0.02172112963615344, -0.0037529368261455223, -0.01159786978028733, -0.0014151669258651123, 0.004993942843985852, -0.0019393721946348824, -0.003706549646823737, -0.007991281192982851, -0.13493957343785992, 0.001952486014757433, -0.013863795357964592, 0.0026308671859131575, -0.010350564076815297, -0.014233240212255081, 12.560872786437836, -0.00636104857188245, 0.014763934827462497, -0.0057960249715493725], [-0.2748912752957983, 0.003878276618641541, 0.03399965539871704, 0.016362631202590353, 0.019036558097998573, 0.018611298658869926, 0.0012771604445864558, 0.018037252309148172, 0.006452775104381444, 0.023327429659603195, -0.08813928042640597, 0.009477277478255738, 0.019557972524330117, 0.010170608069704792, 0.018162185033923018, 0.02899143807406157, -0.00636104857188245, 12.58651948000675, -0.006514952527457795, -0.007070289039679724], [-0.30550198779357585, 0.01761176893031367, -0.004325225550058524, 0.0025973280395155014, 0.014476800088947167, -0.002273425617544481, 0.027281331465878925, 0.0032559443660711055, 0.022417740762583124, 0.024081886890248566, -0.09975500144033356, -0.003178147043124129, 0.02846209754106069, -0.0027179782687528657, 0.029701483753715906, 0.012252698685115986, 0.014763934827462497, -0.006514952527457795, 12.602475082687182, 0.010223604788804921], [-0.20811787511985688, 0.0038906519092586547, -0.008080623974696987, 0.0021114897601697863, -0.0025994136390127907, -0.005745606659572597, 0.0036630960951413985, -0.0016488008385606822, 0.002959812122546463, 0.010506065115214952, -0.049181385165681296, -0.006102009933172232, 0.0071188816868361345, -0.008983061323180592, 0.014216413648299333, 0.005409076047640712, -0.0057960249715493725, -0.007070289039679724, 0.010223604788804921, 12.558860471399038]]",
    "monomial_list": "[1, x9, x8, x7, x6, x5, x4, x3, x2, x19, x18, x17, x16, x15, x14, x13, x12, x11, x10, x1]"
}