{
    "name": "Total Decomposition",
    "rational_expression": "11919*x1**4/1000 + 2817*x1**3*x2/125 + 2199*x1**3/200 + 15281*x1**2*x2**2/1000 + 12751*x1**2*x2/5000 + 15179*x1**2/1000 + 69913*x1*x2**3/10000 - 9847*x1*x2**2/500 + 1981*x1*x2/40 - 16629*x1/500 + 14029*x2**4/2500 - 8447*x2**3/500 + 7821*x2**2/250 - 4529*x2/125 + 16867/1000",
    "Q": "[ 1.69e+01 -1.81e+01 -1.66e+01  2.25e+00  3.17e+00 -3.60e+00]\n[-1.81e+01  2.68e+01  2.16e+01 -8.45e+00 -5.04e+00  5.89e+00]\n[-1.66e+01  2.16e+01  2.24e+01 -4.81e+00 -4.62e+00  5.50e+00]\n[ 2.25e+00 -8.45e+00 -4.81e+00  5.61e+00  3.50e+00 -6.14e-01]\n[ 3.17e+00 -5.04e+00 -4.62e+00  3.50e+00  1.65e+01  1.13e+01]\n[-3.60e+00  5.89e+00  5.50e+00 -6.14e-01  1.13e+01  1.19e+01]",
    "monomial_list": "[1, x2, x1, x2**2, x1*x2, x1**2]"
}