{
    "name": "Total Decomposition",
    "rational_expression": "38161*x1**4/5000 + 2731*x1**3*x2/200 + 15207*x1**3/2000 + 10257*x1**2*x2**2/1000 + 76121*x1**2*x2/10000 - 16889*x1**2/10000 + 54927*x1*x2**3/10000 - 13177*x1*x2**2/10000 + 7273*x1*x2/1000 - 14239*x1/1000 + 36339*x2**4/10000 - 2333*x2**3/500 + 3156*x2**2/625 - 13673*x2/1000 + 2177/200",
    "Q": "[[10.8853274227057, -6.832015224534151, -7.120662826925925, -1.794847371535639, -2.9386952616711346, -4.762598542218598], [-6.832015224534151, 8.63593127322013, 6.571592381413611, -2.3337586320437045, -0.21195217798903815, 3.2667045840220044], [-7.120662826925925, 6.571592381413611, 7.845975625410454, -0.44605831627570397, 0.5348356021680708, 3.799749122577212], [-1.794847371535639, -2.3337586320437045, -0.44605831627570397, 3.631542182527945, 2.7447565830905836, 0.7720669812920598], [-2.9386952616711346, -0.21195217798903815, 0.5348356021680708, 2.7447565830905836, 8.71124105404889, 6.823937691154493], [-4.762598542218598, 3.2667045840220044, 3.799749122577212, 0.7720669812920598, 6.823937691154493, 7.625438278981038]]",
    "monomial_list": "[1, x2, x1, x2**2, x1*x2, x1**2]"
}