{
    "name": "Total Decomposition",
    "rational_expression": "29*x1**4/2500 + 37*x1**3*x2/25000 + 149*x1**3/25000 - 177*x1**2*x2**2/50000 - x1**2*x2/6250 + 869*x1**2/10000 - 581*x1*x2**3/1000000 + 153*x1*x2**2/100000 + 59*x1*x2/250000 + 359*x1/500000 + 101*x2**4/50000 + 41*x2**3/200000 + 7*x2**2/400 - 483*x2/1000000 + 3/25",
    "Q": "[[0.11951084533672736, -0.00027086603168177605, 0.00034821186509174435, -0.006228032809665964, 0.0007572540539678996, 0.007373813368530565], [-0.00027086603168177605, 0.0300144274628483, -0.000587508850696051, 0.00011486741718792125, 0.0009220620263117496, -0.0001424393834587721], [0.00034821186509174435, -0.000587508850696051, 0.07203854845186075, -0.00015578461945573097, 3.8047861837673937e-05, 0.003006887179515671], [-0.006228032809665964, 0.00011486741718792125, -0.00015578461945573097, 0.0021076238147913068, -0.00030563869488487507, -0.003459509103275895], [0.0007572540539678996, 0.0009220620263117496, 3.8047861837673937e-05, -0.00030563869488487507, 0.002640721371565014, 0.000726074100705405], [0.007373813368530565, -0.0001424393834587721, 0.003006887179515671, -0.003459509103275895, 0.000726074100705405, 0.012241587075498887]]",
    "monomial_list": "[1, x2, x1, x2**2, x1*x2, x1**2]"
}