{
    "name": "Total Decomposition",
    "rational_expression": "127*x1**4/5000 + 19*x1**3*x2/2500 - 363*x1**3/500000 - 387*x1**2*x2**2/50000 + 149*x1**2*x2/10000 + 111*x1**2/1250 - 97*x1*x2**3/50000 + 83*x1*x2**2/25000 - 43*x1*x2/100000 - 89*x1/125000 + 179*x2**4/100000 - 381*x2**3/100000 + 153*x2**2/10000 + 619*x2/100000 + 119/1000",
    "Q": "[[0.11923229919588957, 0.003066703859742801, -0.0003932124593405298, -0.004892981891467531, 0.0016416958151630409, 0.008873261367049317], [0.003066703859742801, 0.02511912135600945, -0.0018945363554977136, -0.0019148954359846182, 0.0013695851906856823, 0.006645634475869641], [-0.0003932124593405298, -0.0018945363554977136, 0.07145100515635833, 0.00029955092798466854, 0.0008489434855659424, -0.0003982422537805001], [-0.004892981891467531, -0.0019148954359846182, 0.00029955092798466854, 0.001770988469675141, -0.0009612541492639331, -0.0055928918681805335], [0.0016416958151630409, 0.0013695851906856823, 0.0008489434855659424, -0.0009612541492639331, 0.003173625173749977, 0.003686382237492229], [0.008873261367049317, 0.006645634475869641, -0.0003982422537805001, -0.0055928918681805335, 0.003686382237492229, 0.025370105336983414]]",
    "monomial_list": "[1, x2, x1, x2**2, x1*x2, x1**2]"
}