{
    "name": "Total Decomposition",
    "rational_expression": "129*x1**4/125 - 121*x1**3*x2/6250 + 2231*x1**3/5000 + 2559*x1**2*x2**2/1000 - 51*x1**2*x2/250 + 4027*x1**2/5000 + 303*x1*x2**3/2500 - 3477*x1*x2**2/5000 + 391*x1*x2/250 + 7063*x1/10000 + 1719*x2**4/1000 - 9031*x2**3/10000 + 2337*x2**2/1000 - 177*x2/125 + 327/200",
    "Q": "[[1.6348376891950331, -0.7080806413840982, 0.3533216502400373, 0.09381304875145659, 0.6047389325113562, -0.25998494012619927], [-0.7080806413840982, 2.1505528041041924, 0.17729078458236786, -0.45175592613859994, -0.40037463963646575, -0.009067476651430758], [0.3533216502400373, 0.17729078458236786, 1.3252906934252728, 0.05273563398793159, -0.09321941068629411, 0.223364006901198], [0.09381304875145659, -0.45175592613859994, 0.05273563398793159, 1.7197390948560718, 0.06081030518990107, 0.155419217298048], [0.6047389325113562, -0.40037463963646575, -0.09321941068629411, 0.06081030518990107, 2.2485747420357, -0.009248146082886237], [-0.25998494012619927, -0.009067476651430758, 0.223364006901198, 0.155419217298048, -0.009248146082886237, 1.0327262345546897]]",
    "monomial_list": "[1, x2, x1, x2**2, x1*x2, x1**2]"
}