{
    "name": "Total Decomposition",
    "rational_expression": "33761769*x1**4/10000 + 11194659*x1**3*x2/5000 - 29622707*x1**3*x3/100000 + 4905147*x1**3*x4/2500 - 9457321*x1**3/2500 + 12601227*x1**2*x2**2/1000 + 4951067*x1**2*x2*x3/250 + 6753199*x1**2*x2*x4/1250 + 10929299*x1**2*x2/500 + 431309*x1**2*x3**2/25 + 11068351*x1**2*x3*x4/1000 + 12058269*x1**2*x3/500 + 2057629*x1**2*x4**2/200 - 18525721*x1**2*x4/5000 + 11816507*x1**2/1000 - 89873231*x1*x2**3/100000 - 22824069*x1*x2**2*x3/5000 + 5609819*x1*x2**2*x4/5000 - 33361429*x1*x2**2/10000 - 42275661*x1*x2*x3**2/100000 + 1518223*x1*x2*x3*x4/125000 + 3197714*x1*x2*x3/125 + 6978457*x1*x2*x4**2/5000 + 15586439*x1*x2*x4/1000 + 20731941*x1*x2/1000 - 15872547*x1*x3**3/10000 + 9899873*x1*x3**2*x4/5000 + 17200173*x1*x3**2/1000 - 7214641*x1*x3*x4**2/50000 + 13171179*x1*x3*x4/500 + 4100569*x1*x3/125 + 10632917*x1*x4**3/5000 + 12495897*x1*x4**2/10000 + 3859059*x1*x4/200 + 10238731*x1/1000 + 3273207*x2**4/250 + 28955409*x2**3*x3/1000 + 9849423*x2**3*x4/2000 + 14740601*x2**3/2500 + 910351*x2**2*x3**2/25 + 1024403*x2**2*x3*x4/100 - 8710831*x2**2*x3/250 + 15271069*x2**2*x4**2/1000 + 4938059*x2**2*x4/500 + 85148723*x2**2/10000 + 13849149*x2*x3**3/500 + 46803971*x2*x3**2*x4/10000 - 4646377*x2*x3**2/125 + 2426569*x2*x3*x4**2/125 + 45519961*x2*x3*x4/1000 - 67945367*x2*x3/10000 + 9247959*x2*x4**3/1250 + 12578553*x2*x4**2/250 + 8943697*x2*x4/200 + 5472509*x2/200 + 17317149*x3**4/1000 + 92402421*x3**3*x4/10000 + 79438877*x3**3/10000 + 20470989*x3**2*x4**2/1000 + 3981018*x3**2*x4/125 + 7993151*x3**2/250 + 13784083*x3*x4**3/1000 + 7629274*x3*x4**2/125 + 3585153*x3*x4/50 + 23521337*x3/500 + 90725817*x4**4/10000 + 5234086*x4**3/625 + 21242191*x4**2/500 + 26570599*x4/1000 + 11033371/250",
    "Q": "[[44133.48442594882, 13297.169089786898, 23508.031204940056, 13691.557038922074, 5104.105458096728, 5518.722268945088, 15638.154737236384, 10044.55375630477, 3591.593231194907, -4124.759876087007, -13939.07482370981, 9121.07038992177, -8860.194094856311, 7690.965335423217, -2336.727950758075], [13297.169089786898, 31457.236503499546, 20239.565638634922, 12318.743556754493, 6074.123040553606, 4193.516920617408, 21590.88277674496, 17836.396806785724, -160.2197822887754, 306.08458788859707, -890.8545712791607, 5269.300358132185, -1919.254763310489, 3540.636292509247, -993.0436169858073], [23508.031204940056, 20239.565638634922, 40175.96590295235, 10567.858896319854, 7273.087445589877, 8933.410108596909, 15622.579799807076, 11348.124534029886, 4099.7790056916165, 3966.337638195594, -10373.452316641818, 7367.388924482009, -11345.464536199535, 7984.93055053072, 1139.8816921620437], [13691.557038922074, 12318.743556754493, 10567.858896319854, 26270.83191660832, 2693.561871016898, 7303.161130061191, 12294.127490332909, 6872.805704311416, 1983.891299593904, -8220.113719463752, -6076.605259421755, 4597.878872170394, 2951.924045911957, 304.2752808556064, 1212.0823656219595], [5104.105458096728, 6074.123040553606, 7273.087445589877, 2693.561871016898, 16493.517935168642, 783.309993448092, 3800.4224041063158, 2260.746408749449, -839.5155797059911, 1218.5310821996582, 194.33431741293978, 10926.077889522292, -1970.3729974801602, 9726.24765215201, -1886.009335272389], [5518.722268945088, 4193.516920617408, 8933.410108596909, 7303.161130061191, 783.309993448092, 9070.674459701897, 6895.97583965716, 3700.6439284228036, 1063.952387514807, -3009.7986052376236, -5963.599530593608, 672.0070316377547, -1997.026821487129, 327.5475794645778, 944.9750376016528], [15638.154737236384, 21590.88277674496, 15622.579799807076, 12294.127490332909, 3800.4224041063158, 6895.97583965716, 26496.80646636936, 15651.812770666933, -744.2814227324376, 4617.624691185461, 1253.8484047681845, 3126.3672692505233, -837.9296989132758, 2577.4991387819946, -511.5977207542781], [10044.55375630477, 17836.396806785724, 11348.124534029886, 6872.805704311416, 2260.746408749449, 3700.6439284228036, 15651.812770666933, 19242.98703483818, 371.19806003023245, 1078.6401024886904, 5962.3226162128185, 1851.5805495150482, 2471.051029211599, 2505.4452167471864, -540.7748206835787], [3591.593231194907, -160.2197822887754, 4099.7790056916165, 1983.891299593904, -839.5155797059911, 1063.952387514807, -744.2814227324376, 371.19806003023245, 8409.592619908653, -2137.737841334969, -4429.079688296983, 6061.48723974772, -1956.3877952089103, 3260.9456976358983, 980.0309221671303], [-4124.759876087007, 306.08458788859707, 3966.337638195594, -8220.113719463752, 1218.5310821996582, -3009.7986052376236, 4617.624691185461, 1078.6401024886904, -2137.737841334969, 17316.584853793865, 13853.007892457443, -795.1230023560304, 1264.3938564363377, 1940.7807385138065, -453.9730254099378], [-13939.07482370981, -890.8545712791607, -10373.452316641818, -6076.605259421755, 194.33431741293978, -5963.599530593608, 1253.8484047681845, 5962.3226162128185, -4429.079688296983, 13853.007892457443, 33881.89841664311, -2156.796869645017, 14478.00310404049, 72.7703182018899, -1551.9246606221357], [9121.07038992177, 5269.300358132185, 7367.388924482009, 4597.878872170394, 10926.077889522292, 672.0070316377547, 3126.3672692505233, 1851.5805495150482, 6061.48723974772, -795.1230023560304, -2156.796869645017, 18157.38787546724, -2357.13693916057, 11453.858121294339, -143.58688565171613], [-8860.194094856311, -1919.254763310489, -11345.464536199535, 2951.924045911957, -1970.3729974801602, -1997.026821487129, -837.9296989132758, 2471.051029211599, -1956.3877952089103, 1264.3938564363377, 14478.00310404049, -2357.13693916057, 13095.54401763708, -451.459992237872, -385.63213956739287], [7690.965335423217, 3540.636292509247, 7984.93055053072, 304.2752808556064, 9726.24765215201, 327.5475794645778, 2577.4991387819946, 2505.4452167471864, 3260.9456976358983, 1940.7807385138065, 72.7703182018899, 11453.858121294339, -451.459992237872, 13376.22405363372, 1120.3471645808975], [-2336.727950758075, -993.0436169858073, 1139.8816921620437, 1212.0823656219595, -1886.009335272389, 944.9750376016528, -511.5977207542781, -540.7748206835787, 980.0309221671303, -453.9730254099378, -1551.9246606221357, -143.58688565171613, -385.63213956739287, 1120.3471645808975, 3380.853441265682]]",
    "monomial_list": "[1, x4, x3, x2, x1, x4**2, x3*x4, x2*x4, x1*x4, x3**2, x2*x3, x1*x3, x2**2, x1*x2, x1**2]"
}