{
    "name": "Total Decomposition",
    "rational_expression": "259*x1**4/10000 + 57*x1**3*x2/25000 - 69*x1**3*x3/50000 - 51*x1**3/200 + 271*x1**2*x2**2/10000 - 133*x1**2*x2*x3/50000 - 3*x1**2*x2/250 + 16*x1**2*x3**2/625 + 59*x1**2*x3/5000 + 181*x1**2/250 - 137*x1*x2**2/500 + 7*x1*x2*x3/250 + 127*x1*x2/10000 - 259*x1*x3**2/1000 + 809*x1*x3/10000 + 507*x1/10000 + 699*x2**2/1000 - 959*x2*x3/10000 - 167*x2/500 + 679*x3**2/1000 + 91*x3/2500 + 99/125",
    "Q": "[[0.7922023002403704, 0.01799285939031507, -0.16717411565952656, 0.0254545426404336, -1.2074543343800116e-06, -2.1837178192948986e-06, 0.0035389661726687423, -1.3414762320124545e-06, 0.0290540908315454, -0.018155455453169215], [0.01799285939031507, 0.6793571279986326, -0.04800038734178056, 0.03742411063019417, 6.0900693211598154e-18, -3.52222813119623e-06, -0.1297073953122119, -6.397639288214553e-06, 0.010248945622978373, 0.003719934101542065], [-0.16717411565952656, -0.04800038734178056, 0.6987894472488424, -0.022998063761641988, 3.5222281312753213e-06, 6.397639288224103e-06, 0.0038968744847200335, -6.1652553621617886e-18, -0.13672674707694996, -0.004269349930180727], [0.0254545426404336, 0.03742411063019417, -0.022998063761641988, 0.7597793316525563, -1.9046460582026545e-06, -2.160309690623644e-06, 0.0023911140095071396, -2.5042693183848005e-06, -0.0019772879767271084, -0.12723634366850498], [-1.2074543343800116e-06, 6.0900693211598154e-18, 3.5222281312753213e-06, -1.9046460582026545e-06, 7.036620032592767e-09, 4.679624347641724e-21, 3.685878181932662e-18, -4.097852798909683e-09, -4.826016172312975e-07, 6.044278374373293e-08], [-2.1837178192948986e-06, -3.52222813119623e-06, 6.397639288224103e-06, -2.160309690623644e-06, 4.679624347641724e-21, 1.5232325630431808e-08, 4.826016172267596e-07, 6.479943177633577e-21, -9.343702286654732e-07, -2.0115727829082247e-07], [0.0035389661726687423, -0.1297073953122119, 0.0038968744847200335, 0.0023911140095071396, 3.685878181932662e-18, 4.826016172267596e-07, 0.02568489605705238, 9.343702286408193e-07, -0.0014001611985436275, -0.0005963887528286036], [-1.3414762320124545e-06, -6.397639288214553e-06, -6.1652553621617886e-18, -2.5042693183848005e-06, -4.097852798909683e-09, 6.479943177633577e-21, 9.343702286408193e-07, 7.036620032591954e-09, 7.253103392909085e-18, -2.1673159105197295e-07], [0.0290540908315454, 0.010248945622978373, -0.13672674707694996, -0.0019772879767271084, -4.826016172312975e-07, -9.343702286654732e-07, -0.0014001611985436275, 7.253103392909085e-18, 0.027075539777445843, 0.0010947483932558552], [-0.018155455453169215, 0.003719934101542065, -0.004269349930180727, -0.12723634366850498, 6.044278374373293e-08, -2.0115727829082247e-07, -0.0005963887528286036, -2.1673159105197295e-07, 0.0010947483932558552, 0.026317489260111324]]",
    "monomial_list": "[1, x3, x2, x1, x3**2, x2*x3, x1*x3, x2**2, x1*x2, x1**2]"
}