{
    "name": "Total Decomposition",
    "rational_expression": "283*x1**4/10000 + 33*x1**3*x2/62500 - 483*x1**3*x3/10000000 - 137*x1**3/500 + 283*x1**2*x2**2/10000 - 17*x1**2*x2*x3/40000 + 131*x1**2*x2/500000 + 137*x1**2*x3**2/5000 + 57*x1**2*x3/20000 + 79*x1**2/100 - 287*x1*x2**2/1000 + 187*x1*x2*x3/50000 - 341*x1*x2/50000 - 277*x1*x3**2/1000 + 57*x1*x3/500 + 27*x1/625 + 73*x2**2/100 - 287*x2*x3/10000 - 61*x2/200 + 363*x3**2/500 + 27*x3/1250 + 83/100",
    "Q": "[[0.8304665325799581, 0.010968724201540048, -0.1526874268908405, 0.02174904051556006, -1.3552529282233852e-08, -2.7550102559115484e-07, 0.004729956958362684, -9.267528824867525e-07, 0.027508698433502527, -0.01776222671854212], [0.010968724201540048, 0.7266246676274057, -0.01435181984980074, 0.05199132415846077, -6.0249049750231e-17, -4.56065500590966e-07, -0.13890766274773933, -1.5531672965044532e-06, 0.002423321064020422, 0.0012529263703289952], [-0.1526874268908405, -0.01435181984980074, 0.7304860163490301, -0.03113590985357399, 4.560655005626371e-07, 1.5531672966551603e-06, -0.0007663702415160382, -8.294344848741725e-17, -0.14361120998484037, -0.001709295062194925], [0.02174904051556006, 0.05199132415846077, -0.03113590985357399, 0.8256950025813714, -3.5129948993080956e-07, 5.573976356166429e-07, 0.0001898049648327803, -8.602307968553078e-07, 0.0016805196939952422, -0.1368940606740652], [-1.3552529282233852e-08, -6.0249049750231e-17, 4.560655005626371e-07, -3.5129948993080956e-07, 3.5638020503354923e-09, 4.180989085764845e-21, 5.4257364224020664e-18, -1.4378058359455774e-09, -7.543402566442835e-08, 4.5316427966615326e-08], [-2.7550102559115484e-07, -4.56065500590966e-07, 1.5531672966551603e-06, 5.573976356166429e-07, 4.180989085764845e-21, 6.439413722208674e-09, 7.543402566402409e-08, 6.053198625613648e-21, -2.2064885946626318e-07, -1.8424363164362326e-07], [0.004729956958362684, -0.13890766274773933, -0.0007663702415160382, 0.0001898049648327803, 5.4257364224020664e-18, 7.543402566402409e-08, 0.02750645036368689, 2.206488594530872e-07, -0.00016392550044971678, -7.468586341036453e-05], [-9.267528824867525e-07, -1.5531672965044532e-06, -8.294344848741725e-17, -8.602307968553078e-07, -1.4378058359455774e-09, 6.053198625613648e-21, 2.206488594530872e-07, 3.5638020503360714e-09, 1.597579727990888e-17, -2.038637709584667e-07], [0.027508698433502527, 0.002423321064020422, -0.14361120998484037, 0.0016805196939952422, -7.543402566442835e-08, -2.2064885946626318e-07, -0.00016392550044971678, 1.597579727990888e-17, 0.02843844500456418, 0.0004116049901771334], [-0.01776222671854212, 0.0012529263703289952, -0.001709295062194925, -0.1368940606740652, 4.5316427966615326e-08, -1.8424363164362326e-07, -7.468586341036453e-05, -2.038637709584667e-07, 0.0004116049901771334, 0.028344451816459747]]",
    "monomial_list": "[1, x3, x2, x1, x3**2, x2*x3, x1*x3, x2**2, x1*x2, x1**2]"
}