{
    "name": "Total Decomposition",
    "rational_expression": "1103*x1**4/12500 - 251*x1**3*x2/625 + 391*x1**3/1250 + 529*x1**2*x2**2/1000 - 249*x1**2*x2/200 + 2367*x1**2/2500 + 19*x1*x2**3/80 + 7993*x1*x2**2/10000 - 1187*x1*x2/1000 - 319*x1/200 + 6457*x2**4/100000 + 3171*x2**3/5000 + 179*x2**2/100 - 383*x2/625 + 641/500",
    "Q": "[[1.2824197749315538, -0.3062146817883028, -0.7975802483037402, -0.0629787575324833, 0.04815039518275669, -0.051443358892777624], [-0.3062146817883028, 1.9147117663195938, -0.641165050038347, 0.31647879592603206, 0.5107638580648131, -0.21440554234554682], [-0.7975802483037402, -0.641165050038347, 1.049009593756288, -0.11129883708688484, -0.40730735205257385, 0.15660208888254162], [-0.0629787575324833, 0.31647879592603206, -0.11129883708688484, 0.06445788921718272, 0.11863110234098226, -0.044054205762102006], [0.04815039518275669, 0.5107638580648131, -0.40730735205257385, 0.11863110234098226, 0.6174582683682439, -0.20091637779369012], [-0.051443358892777624, -0.21440554234554682, 0.15660208888254162, -0.044054205762102006, -0.20091637779369012, 0.08787367888539092]]",
    "monomial_list": "[1, x2, x1, x2**2, x1*x2, x1**2]"
}