{
    "name": "Multiplier-2",
    "rational_expression": "54533*x1**2/1000 + 7657*x1*x10/50000 + 3823*x1*x11/25000 + 14907*x1*x12/100000 + 15443*x1*x13/100000 - 51729*x1*x2/100000 + 1451*x1*x3/10000 + 14667*x1*x4/100000 + 2863*x1*x5/20000 + 7317*x1*x6/50000 + 591*x1*x7/4000 + 713*x1*x8/5000 + 1821*x1*x9/12500 - 16199*x1/10000 + 6832*x10**2/125 + 18237*x10*x11/100000 + 8791*x10*x12/50000 + 59*x10*x13/200 - 40979*x10*x2/50000 + 27969*x10*x3/100000 + 28223*x10*x4/100000 + 16633*x10*x5/100000 + 3521*x10*x6/12500 + 28409*x10*x7/100000 + 13761*x10*x8/50000 + 14019*x10*x9/50000 - 3427*x10/1250 + 10931*x11**2/200 + 17571*x11*x12/100000 + 14739*x11*x13/50000 - 10231*x11*x2/12500 + 13979*x11*x3/50000 + 28201*x11*x4/100000 + 8311*x11*x5/50000 + 14073*x11*x6/50000 + 14193*x11*x7/50000 + 8261*x11*x8/50000 + 14019*x11*x9/50000 - 3427*x11/1250 + 13659*x12**2/250 + 2229*x12*x13/12500 - 42163*x12*x2/50000 + 512*x12*x3/3125 + 1039*x12*x4/6250 + 16101*x12*x5/100000 + 16591*x12*x6/100000 + 2781*x12*x7/10000 + 16023*x12*x8/100000 + 5497*x12*x9/20000 - 12453*x12/5000 + 54669*x13**2/1000 - 80659*x13*x2/100000 + 14121*x13*x3/50000 + 14257*x13*x4/50000 + 1743*x13*x5/6250 + 28447*x13*x6/100000 + 14347*x13*x7/50000 + 13889*x13*x8/50000 + 28317*x13*x9/100000 - 28671*x13/10000 + 69861*x2**2/1000 - 81121*x2*x3/100000 - 39811*x2*x4/50000 - 41011*x2*x5/50000 - 79291*x2*x6/100000 - 67041*x2*x7/100000 - 81493*x2*x8/100000 - 9833*x2*x9/12500 - 2791*x2/200 + 27323*x3**2/500 + 3491*x3*x4/12500 + 4093*x3*x5/25000 + 27873*x3*x6/100000 + 5619*x3*x7/20000 + 16273*x3*x8/100000 + 6941*x3*x9/25000 - 26161*x3/10000 + 6832*x4**2/125 + 16633*x4*x5/100000 + 3521*x4*x6/12500 + 28409*x4*x7/100000 + 13761*x4*x8/50000 + 14019*x4*x9/50000 - 3427*x4/1250 + 54639*x5**2/1000 + 27593*x5*x6/100000 + 2781*x5*x7/10000 + 16023*x5*x8/100000 + 5497*x5*x9/20000 - 12453*x5/5000 + 6832*x6**2/125 + 28409*x6*x7/100000 + 13761*x6*x8/50000 + 14019*x6*x9/50000 - 3427*x6/1250 + 6834*x7**2/125 + 13889*x7*x8/50000 + 28317*x7*x9/100000 - 28671*x7/10000 + 27319*x8**2/500 + 5497*x8*x9/20000 - 12453*x8/5000 + 54661*x9**2/1000 - 3427*x9/1250 + 623/10",
    "Q": "[[62.3003729580644, -1.387175536611666, -1.2636048828058286, -1.4321194750899866, -1.350849954697425, -1.2693510411066946, -1.3516983410966414, -1.302628900491415, -7.005632269184447, -1.4052448079598467, -1.2492891307151501, -1.3400498310981024, -1.349501559594091, -0.8371427804653744], [-1.387175536611666, 54.662330102320766, 0.11155800157131344, 0.12345617011012922, 0.11759033280479494, 0.11194935025647453, 0.11765143189097522, 0.11422042635015442, -0.3723040244525995, 0.12156157895105763, 0.11059283832624893, 0.11681674735589247, 0.11749332167899568, 0.07461480136082735], [-1.2636048828058286, 0.11155800157131344, 54.63869290312658, 0.11400870118274335, 0.10956503631156894, 0.10540930926012923, 0.1096109017356246, 0.10706510254177086, -0.41027363989722104, 0.11255232978013271, 0.10441629309745082, 0.10898565629125707, 0.10949223987771907, 0.06964578776049915], [-1.4321194750899866, 0.12345617011012922, 0.11400870118274335, 54.672003504868286, 0.12058185731726405, 0.11443624896092276, 0.12064806187853089, 0.11691798393740736, -0.3584981194284293, 0.12488432451137733, 0.11295399725691159, 0.11974347337853597, 0.12047673727113749, 0.07642602019643115], [-1.350849954697425, 0.11759033280479494, 0.10956503631156894, 0.12058185731726405, 54.654815949585696, 0.10992474728410853, 0.1151877475429306, 0.11201349469592592, -0.3835168676165016, 0.11881475975995197, 0.108677848260254, 0.11441342947988314, 0.11504104838896927, 0.07309336332833925], [-1.2693510411066946, 0.11194935025647453, 0.10540930926012923, 0.11443624896092276, 0.10992474728410853, 54.63968210298894, 0.10997134661080242, 0.1073833436441801, -0.4085126221194926, 0.11295929358324168, 0.10469118012995036, 0.10933601333006816, 0.10985078423726033, 0.06987277360641393], [-1.3516983410966414, 0.11765143189097522, 0.1096109017356246, 0.12064806187853089, 0.1151877475429306, 0.10997134661080242, 54.65498586250856, 0.11206433228958246, -0.38325568346508276, 0.11887803874036396, 0.10872190859563804, 0.11446883474298734, 0.11509757807833373, 0.07312809867796184], [-1.302628900491415, 0.11422042635015442, 0.10706510254177086, 0.11691798393740736, 0.11201349469592592, 0.1073833436441801, 0.11206433228958246, 54.64561425072244, -0.3983055014527181, 0.11532041220659404, 0.10627966073958182, 0.11137068474618222, 0.11193279291872542, 0.07117908519755554], [-7.005632269184447, -0.3723040244525995, -0.41027363989722104, -0.3584981194284293, -0.3835168676165016, -0.4085126221194926, -0.38325568346508276, -0.3983055014527181, 69.86611339562408, -0.3667286194363571, -0.41464993263995137, -0.3868372709575653, -0.3839318846465105, -0.26447801282389494], [-1.4052448079598467, 0.12156157895105763, 0.11255232978013271, 0.12488432451137733, 0.11881475975995197, 0.11295929358324168, 0.11887803874036396, 0.11532041220659404, -0.3667286194363571, 54.66625745578784, 0.11154855153239998, 0.11801351427353564, 0.11871428631484379, 0.07536770784435003], [-1.2492891307151501, 0.11059283832624893, 0.10441629309745082, 0.11295399725691159, 0.108677848260254, 0.10469118012995036, 0.10872190859563804, 0.10627966073958182, -0.41464993263995137, 0.11154855153239998, 54.63629273210801, 0.10812144836266693, 0.1086079206166908, 0.06909127645476704], [-1.3400498310981024, 0.11681674735589247, 0.10898565629125707, 0.11974347337853597, 0.11441342947988314, 0.10933601333006816, 0.11446883474298734, 0.11137068474618222, -0.3868372709575653, 0.11801351427353564, 0.10812144836266693, 54.65267482358325, 0.11432546230837273, 0.07265389525101193], [-1.349501559594091, 0.11749332167899568, 0.10949223987771907, 0.12047673727113749, 0.11504104838896927, 0.10985078423726033, 0.11509757807833373, 0.11193279291872542, -0.3839318846465105, 0.11871428631484379, 0.1086079206166908, 0.11432546230837273, 54.65454641596797, 0.07303822159953367], [-0.8371427804653744, 0.07461480136082735, 0.06964578776049915, 0.07642602019643115, 0.07309336332833925, 0.06987277360641393, 0.07312809867796184, 0.07117908519755554, -0.26447801282389494, 0.07536770784435003, 0.06909127645476704, 0.07265389525101193, 0.07303822159953367, 54.53413975448016]]",
    "monomial_list": "[1, x9, x8, x7, x6, x5, x4, x3, x2, x13, x12, x11, x10, x1]"
}