{
    "name": "Multiplier-8",
    "rational_expression": "54557*x1**2/1000 + 5811*x1*x10/20000 + 7247*x1*x11/25000 + 7173*x1*x12/25000 + 5849*x1*x13/20000 + 3599*x1*x2/12500 + 14361*x1*x3/50000 + 1153*x1*x4/4000 + 5673*x1*x5/20000 + 28753*x1*x6/100000 + 14427*x1*x7/50000 - 2933*x1*x8/10000 + 14117*x1*x9/50000 - 11069*x1/5000 + 6841*x10**2/125 + 43761*x10*x11/100000 + 43293*x10*x12/100000 + 44173*x10*x13/100000 + 4347*x10*x2/10000 + 43367*x10*x3/100000 + 1741*x10*x4/4000 + 5351*x10*x5/12500 + 43429*x10*x6/100000 + 5449*x10*x7/12500 - 2757*x10*x8/5000 + 42561*x10*x9/100000 - 1407*x10/400 + 2189*x11**2/40 + 43293*x11*x12/100000 + 44173*x11*x13/100000 + 4347*x11*x2/10000 + 43367*x11*x3/100000 + 1741*x11*x4/4000 + 5351*x11*x5/12500 + 43429*x11*x6/100000 + 5449*x11*x7/12500 - 2757*x11*x8/5000 + 42561*x11*x9/100000 - 1407*x11/400 + 54703*x12**2/1000 + 10947*x12*x13/25000 + 4311*x12*x2/10000 + 43007*x12*x3/100000 + 10791*x12*x4/25000 + 5309*x12*x5/12500 + 10767*x12*x6/25000 + 43207*x12*x7/100000 - 56717*x12*x8/100000 + 42201*x12*x9/100000 - 33863*x12/10000 + 13687*x13**2/250 + 44067*x13*x2/100000 + 43963*x13*x3/100000 + 11043*x13*x4/25000 + 43379*x13*x5/100000 + 22031*x13*x6/50000 + 11063*x13*x7/25000 - 37689*x13*x8/100000 + 21647*x13*x9/50000 - 18879*x13/5000 + 54727*x2**2/1000 + 43367*x2*x3/100000 + 1741*x2*x4/4000 + 5351*x2*x5/12500 + 43429*x2*x6/100000 + 5449*x2*x7/12500 - 2757*x2*x8/5000 + 42561*x2*x9/100000 - 1407*x2/400 + 54717*x3**2/1000 + 1741*x3*x4/4000 + 5351*x3*x5/12500 + 43429*x3*x6/100000 + 5449*x3*x7/12500 - 2757*x3*x8/5000 + 42561*x3*x9/100000 - 1407*x3/400 + 54731*x4**2/1000 + 2691*x4*x5/6250 + 21851*x4*x6/50000 + 43891*x4*x7/100000 - 39217*x4*x8/100000 + 42933*x4*x9/100000 - 18243*x4/5000 + 54707*x5**2/1000 + 10767*x5*x6/25000 + 43207*x5*x7/100000 - 56717*x5*x8/100000 + 42201*x5*x9/100000 - 33863*x5/10000 + 13683*x6**2/250 + 43977*x6*x7/100000 - 53569*x6*x8/100000 + 42933*x6*x9/100000 - 18243*x6/5000 + 10951*x7**2/200 - 37689*x7*x8/100000 + 21647*x7*x9/50000 - 18879*x7/5000 + 70101*x8**2/1000 - 22169*x8*x9/50000 - 3907*x8/250 + 54739*x9**2/1000 - 18243*x9/5000 + 65119/1000",
    "Q": "[[65.11924031417274, -1.8392129177201506, -7.785941344724107, -1.8975809456927228, -1.7924852693127982, -1.6889724002691415, -1.7935721242908509, -1.7310595277060148, -1.7874703958578362, -1.8626236985794438, -1.6636928687887487, -1.7786671194812527, -1.7907582812302973, -1.1117820297925685], [-1.8392129177201506, 54.74029472935365, -0.22238432071727895, 0.22017120480631325, 0.21009218158145748, 0.20037906432952457, 0.2101961043436513, 0.20428800528561006, 0.20961338654449355, 0.21685991508411512, 0.19809825353517874, 0.20877577004689657, 0.20992716405675155, 0.1328917260133784], [-7.785941344724107, -0.22238432071727895, 70.09484141823687, -0.2046132540453795, -0.23667175223512252, -0.26827539272083173, -0.23633938008381805, -0.25546388141651555, -0.23820524694077597, -0.21523807123922387, -0.2758870890313127, -0.24089688803230036, -0.2371998663334417, -0.17197011796785638], [-1.8975809456927228, 0.22017120480631325, -0.2046132540453795, 54.75502254981219, 0.21538505157058296, 0.20505996759369496, 0.21549537329441257, 0.2092182401546127, 0.2148767582315392, 0.22256812246785163, 0.20262994671078793, 0.21398738896181888, 0.21520987117472914, 0.13611045917771913], [-1.7924852693127982, 0.21009218158145748, -0.23667175223512252, 0.21538505157058296, 54.72896527198955, 0.1966172777409711, 0.20591484756634426, 0.20031349670586224, 0.20536223658139768, 0.21223750162019994, 0.19446295367847624, 0.20456806031659694, 0.20565979211786306, 0.130248969597095], [-1.6889724002691415, 0.20037906432952457, -0.26827539272083173, 0.20505996759369496, 0.1966172777409711, 54.705823951966586, 0.1967040054993007, 0.1917999113203008, 0.1962177826385568, 0.20226981232266228, 0.18672653183880233, 0.1955192659299337, 0.19647957582649556, 0.12458243244383119], [-1.7935721242908509, 0.2101961043436513, -0.23633938008381805, 0.21549537329441257, 0.20591484756634426, 0.1967040054993007, 54.72922265296806, 0.2004051516665687, 0.20546022400847588, 0.2123440713718528, 0.19454675233137125, 0.20466504305614683, 0.20575815455515253, 0.1303096862064226], [-1.7310595277060148, 0.20428800528561006, -0.25546388141651555, 0.2092182401546127, 0.20031349670586224, 0.1917999113203008, 0.2004051516665687, 54.71489174704412, 0.19989122980112647, 0.20628355468644416, 0.18981453576901533, 0.19915248696945603, 0.20016796044100826, 0.1268598283061139], [-1.7874703958578362, 0.20961338654449355, -0.23820524694077597, 0.2148767582315392, 0.20536223658139768, 0.1962177826385568, 0.20546022400847588, 0.19989122980112647, 54.72778128177921, 0.21174649596685327, 0.19407699011787413, 0.2041212844643187, 0.20520664938926175, 0.1299692332150353], [-1.8626236985794438, 0.21685991508411512, -0.21523807123922387, 0.22256812246785163, 0.21223750162019994, 0.20226981232266228, 0.2123440713718528, 0.20628355468644416, 0.21174649596685327, 54.746179470120836, 0.1999263608677827, 0.21088745423806088, 0.21206827857814622, 0.13420979741821626], [-1.6636928687887487, 0.19809825353517874, -0.2758870890313127, 0.20262994671078793, 0.19446295367847624, 0.18672653183880233, 0.19454675233137125, 0.18981453576901533, 0.19407699011787413, 0.1999263608677827, 54.70065223634763, 0.19340232563726215, 0.19432990835764427, 0.12326549496878487], [-1.7786671194812527, 0.20877577004689657, -0.24089688803230036, 0.21398738896181888, 0.20456806031659694, 0.1955192659299337, 0.20466504305614683, 0.19915248696945603, 0.2041212844643187, 0.21088745423806088, 0.19340232563726215, 54.72571728514677, 0.20441406961150319, 0.12947978172186553], [-1.7907582812302973, 0.20992716405675155, -0.2371998663334417, 0.21520987117472914, 0.20565979211786306, 0.19647957582649556, 0.20575815455515253, 0.20016796044100826, 0.20520664938926175, 0.21206827857814622, 0.19432990835764427, 0.20441406961150319, 54.72855686983366, 0.13015255899890713], [-1.1117820297925685, 0.1328917260133784, -0.17197011796785638, 0.13611045917771913, 0.130248969597095, 0.12458243244383119, 0.1303096862064226, 0.1268598283061139, 0.1299692332150353, 0.13420979741821626, 0.12326549496878487, 0.12947978172186553, 0.13015255899890713, 54.5563453024332]]",
    "monomial_list": "[1, x9, x8, x7, x6, x5, x4, x3, x2, x13, x12, x11, x10, x1]"
}