{
    "name": "Multiplier-6",
    "rational_expression": "54533*x1**2/1000 + 7543*x1*x10/50000 + 7537*x1*x11/50000 + 7439*x1*x12/50000 + 761*x1*x13/5000 + 15041*x1*x2/100000 + 15029*x1*x3/100000 + 15019*x1*x4/100000 + 2967*x1*x5/20000 - 1027*x1*x6/2000 + 3689*x1*x7/25000 + 14243*x1*x8/100000 + 14561*x1*x9/100000 - 2021*x1/1250 + 54651*x10**2/1000 + 8771*x10*x11/50000 + 17223*x10*x12/100000 + 17789*x10*x13/100000 + 17509*x10*x2/100000 + 17497*x10*x3/100000 + 17487*x10*x4/100000 + 17191*x10*x5/100000 - 41291*x10*x6/50000 + 3509*x10*x7/12500 + 203*x10*x8/1250 + 27753*x10*x9/100000 - 1632*x10/625 + 54649*x11**2/1000 + 17223*x11*x12/100000 + 17789*x11*x13/100000 + 17509*x11*x2/100000 + 17497*x11*x3/100000 + 17487*x11*x4/100000 + 17191*x11*x5/100000 - 41291*x11*x6/50000 + 3509*x11*x7/12500 + 203*x11*x8/1250 + 27753*x11*x9/100000 - 1632*x11/625 + 27317*x12**2/500 + 8733*x12*x13/50000 + 4301*x12*x2/25000 + 17191*x12*x3/100000 + 8591*x12*x4/50000 + 4227*x12*x5/25000 - 41883*x12*x6/50000 + 419*x12*x7/2500 + 799*x12*x8/5000 + 16471*x12*x9/100000 - 1243*x12/500 + 27331*x13**2/500 + 1111*x13*x2/6250 + 17763*x13*x3/100000 + 8877*x13*x4/50000 + 109*x13*x5/625 - 40591*x13*x6/50000 + 14181*x13*x7/50000 + 16489*x13*x8/100000 + 14013*x13*x9/50000 - 6841*x13/2500 + 54651*x2**2/1000 + 17497*x2*x3/100000 + 17487*x2*x4/100000 + 17191*x2*x5/100000 - 41291*x2*x6/50000 + 3509*x2*x7/12500 + 203*x2*x8/1250 + 27753*x2*x9/100000 - 1632*x2/625 + 54643*x3**2/1000 + 17487*x3*x4/100000 + 17191*x3*x5/100000 - 41291*x3*x6/50000 + 3509*x3*x7/12500 + 203*x3*x8/1250 + 27753*x3*x9/100000 - 1632*x3/625 + 54651*x4**2/1000 + 17191*x4*x5/100000 - 41291*x4*x6/50000 + 3509*x4*x7/12500 + 203*x4*x8/1250 + 27753*x4*x9/100000 - 1632*x4/625 + 54637*x5**2/1000 - 20969*x5*x6/25000 + 5553*x5*x7/20000 + 799*x5*x8/5000 + 16471*x5*x9/100000 - 1243*x5/500 + 13971*x6**2/200 - 77657*x6*x7/100000 - 8143*x6*x8/10000 - 78717*x6*x9/100000 - 13929*x6/1000 + 54669*x7**2/1000 + 2093*x7*x8/12500 + 1769*x7*x9/6250 - 28617*x7/10000 + 13659*x8**2/250 + 16471*x8*x9/100000 - 1243*x8/500 + 54659*x9**2/1000 - 6841*x9/2500 + 62183/1000",
    "Q": "[[62.183232804034915, -1.3688934517898697, -1.2467044014247834, -1.4132858827273411, -6.973238358052288, -1.2523900417135194, -1.33383179670164, -1.285313093970006, -1.329121468316697, -1.3867438376558183, -1.2325387018634677, -1.3223165204099838, -1.331660251623317, -0.8260598256023954], [-1.3688934517898697, 54.6592593742936, 0.10799738781836611, 0.11954353818782498, -0.37834170371898335, 0.10837679951167549, 0.11391011745631557, 0.1105784101594841, 0.11357746467862492, 0.11770702374522143, 0.10706136684828133, 0.11309956603498883, 0.11375657317904042, 0.07226119108677191], [-1.2467044014247834, 0.10799738781836611, 54.63613787296692, 0.11035816402731372, -0.41590893977721566, 0.10207575397555509, 0.10612021656460692, 0.10366725398084148, 0.10587252112463688, 0.10895538588685051, 0.1011213252854448, 0.10551756583346408, 0.10600583142043118, 0.06744467210676959], [-1.4132858827273411, 0.11954353818782498, 0.11035816402731372, 54.66873574371434, -0.3646955646385403, 0.1107734700208126, 0.11681198151192791, 0.11318387600575959, 0.1164509407786317, 0.12093210004861775, 0.10933332938714184, 0.1159321385677709, 0.11664534038747368, 0.07401578707393738], [-6.973238358052288, -0.37834170371898335, -0.41590893977721566, -0.3646955646385403, 69.85684571255892, -0.4141660602030533, -0.3891755669301448, -0.40406633677776843, -0.3906263510503575, -0.37282872115005034, -0.420240922942325, -0.3927193544687587, -0.3898445977208891, -0.26817656310099713], [-1.2523900417135194, 0.10837679951167549, 0.10207575397555509, 0.1107734700208126, -0.4141660602030533, 54.63710369485184, 0.10646897654626997, 0.10397415258528045, 0.10621719279974566, 0.10935030223315553, 0.10138509604412961, 0.10585632479872135, 0.10635270693175941, 0.06766450521433896], [-1.33383179670164, 0.11391011745631557, 0.10612021656460692, 0.11681198151192791, -0.3891755669301448, 0.10646897654626997, 54.65206693719117, 0.10849401088342511, 0.11126797249076281, 0.11509871849697681, 0.10525979415671324, 0.11082465906790932, 0.11143414945641184, 0.07081871464644868], [-1.285313093970006, 0.1105784101594841, 0.10366725398084148, 0.11318387600575959, -0.40406633677776843, 0.10397415258528045, 0.10849401088342511, 54.64289613358871, 0.10821861522662275, 0.11164126756435772, 0.10290962802876116, 0.10782356755656801, 0.10836686039884187, 0.06892896595842882], [-1.329121468316697, 0.11357746467862492, 0.10587252112463688, 0.1164509407786317, -0.3906263510503575, 0.10621719279974566, 0.11126797249076281, 0.10821861522662275, 54.651136038387385, 0.11475391913089418, 0.10502215837603059, 0.11052374072976791, 0.1111269640446286, 0.0706299208984795], [-1.3867438376558183, 0.11770702374522143, 0.10895538588685051, 0.12093210004861775, -0.37282872115005034, 0.10935030223315553, 0.11509871849697681, 0.11164126756435772, 0.11475391913089418, 54.66310959745087, 0.10798100702592625, 0.11425852712488248, 0.11493957024502126, 0.07299134155067831], [-1.2325387018634677, 0.10706136684828133, 0.1011213252854448, 0.10933332938714184, -0.420240922942325, 0.10138509604412961, 0.10525979415671324, 0.10290962802876116, 0.10502215837603059, 0.10798100702592625, 54.633794141440774, 0.10468173557518942, 0.10515004700627553, 0.06690740164767739], [-1.3223165204099838, 0.11309956603498883, 0.10551756583346408, 0.1159321385677709, -0.3927193544687587, 0.10585632479872135, 0.11082465906790932, 0.10782356755656801, 0.11052374072976791, 0.11425852712488248, 0.10468173557518942, 54.649805041157634, 0.11068575504813859, 0.07035887856514171], [-1.331660251623317, 0.11375657317904042, 0.10600583142043118, 0.11664534038747368, -0.3898445977208891, 0.10635270693175941, 0.11143414945641184, 0.10836686039884187, 0.1111269640446286, 0.11493957024502126, 0.10515004700627553, 0.11068575504813859, 54.651636792028455, 0.07073155493821513], [-0.8260598256023954, 0.07226119108677191, 0.06744467210676959, 0.07401578707393738, -0.26817656310099713, 0.06766450521433896, 0.07081871464644868, 0.06892896595842882, 0.0706299208984795, 0.07299134155067831, 0.06690740164767739, 0.07035887856514171, 0.07073155493821513, 54.533323545353994]]",
    "monomial_list": "[1, x9, x8, x7, x6, x5, x4, x3, x2, x13, x12, x11, x10, x1]"
}