{
    "name": "Multiplier-11",
    "rational_expression": "6817*x1**2/125 + 7817*x1*x10/50000 - 12599*x1*x11/25000 + 14699*x1*x12/100000 + 3803*x1*x13/25000 + 15009*x1*x2/100000 + 14813*x1*x3/100000 + 2993*x1*x4/20000 + 14767*x1*x5/100000 + 14921*x1*x6/100000 + 377*x1*x7/2500 + 14701*x1*x8/100000 + 7517*x1*x9/50000 - 2189*x1/1250 + 54661*x10**2/1000 - 41157*x10*x11/50000 + 5579*x10*x12/20000 + 5739*x10*x13/20000 + 28367*x10*x2/100000 + 5609*x10*x3/20000 + 14139*x10*x4/50000 + 5591*x10*x5/20000 + 2819*x10*x6/10000 + 28431*x10*x7/100000 + 13911*x10*x8/50000 + 1417*x10*x9/5000 - 6877*x10/2500 + 17471*x11**2/250 - 519*x11*x12/625 - 4247*x11*x13/6250 - 79801*x11*x2/100000 - 8099*x11*x3/10000 - 496*x11*x4/625 - 80539*x11*x5/100000 - 78917*x11*x6/100000 - 2083*x11*x7/3125 - 79897*x11*x8/100000 - 76871*x11*x9/100000 - 1766*x11/125 + 1366*x12**2/25 + 28117*x12*x13/100000 + 6953*x12*x2/25000 + 5503*x12*x3/20000 + 6931*x12*x4/25000 + 1097*x12*x5/4000 + 6909*x12*x6/25000 + 27853*x12*x7/100000 + 27291*x12*x8/100000 + 13881*x12*x9/50000 - 2499*x12/1000 + 54673*x13**2/1000 + 28647*x13*x2/100000 + 7077*x13*x3/25000 + 28559*x13*x4/100000 + 28217*x13*x5/100000 + 2847*x13*x6/10000 + 14359*x13*x7/50000 + 7021*x13*x8/25000 + 14313*x13*x9/50000 - 28767*x13/10000 + 2733*x2**2/50 + 5609*x2*x3/20000 + 14139*x2*x4/50000 + 5591*x2*x5/20000 + 2819*x2*x6/10000 + 28431*x2*x7/100000 + 13911*x2*x8/50000 + 1417*x2*x9/5000 - 6877*x2/2500 + 1093*x3**2/20 + 7001*x3*x4/25000 + 27687*x3*x5/100000 + 6979*x3*x6/25000 + 28139*x3*x7/100000 + 13777*x3*x8/50000 + 1753*x3*x9/6250 - 26249*x3/10000 + 54661*x4**2/1000 + 5591*x4*x5/20000 + 2819*x4*x6/10000 + 28431*x4*x7/100000 + 13911*x4*x8/50000 + 1417*x4*x9/5000 - 6877*x4/2500 + 10929*x5**2/200 + 6979*x5*x6/25000 + 28139*x5*x7/100000 + 13777*x5*x8/50000 + 1753*x5*x9/6250 - 26249*x5/10000 + 2733*x6**2/50 + 28431*x6*x7/100000 + 13911*x6*x8/50000 + 1417*x6*x9/5000 - 6877*x6/2500 + 54677*x7**2/1000 + 7021*x7*x8/25000 + 14313*x7*x9/50000 - 28767*x7/10000 + 13661*x8**2/250 + 1753*x8*x9/6250 - 26249*x8/10000 + 54669*x9**2/1000 - 28767*x9/10000 + 62509/1000",
    "Q": "[[62.509429944182315, -1.4199190279829899, -1.2938780176051683, -1.4658488649411114, -1.3828327648793237, -1.299732392376412, -1.3836985965874566, -1.3336440543954498, -1.3788357894496532, -1.4383798211221999, -1.2792938539522605, -7.0634815394411365, -1.3814566712003764, -0.8569985897041821], [-1.4199190279829899, 54.667855814646316, 0.11794449252080054, 0.13046893858269612, 0.12429532333469585, 0.11835714235834555, 0.12435955677399092, 0.12075268116563118, 0.12399942922752918, 0.12847098421005046, 0.11692745936693823, -0.3614984752913903, 0.12419333448721781, 0.0788325784335229], [-1.2938780176051683, 0.11794449252080054, 54.643302293119405, 0.12055480249616948, 0.11582460057762858, 0.11139242776131535, 0.11587339487577798, 0.11316327457830955, 0.11560000714835543, 0.11900325585491696, 0.11033075047515656, -0.40019245517830876, 0.11574715309043584, 0.07359164364905803], [-1.4658488649411114, 0.13046893858269612, 0.12055480249616948, 54.677880788691574, 0.12745525629356483, 0.12100420162349929, 0.12752467816234292, 0.12361376903112209, 0.12713544643583213, 0.13196754126048788, 0.11944691265303777, -0.34740574774661404, 0.12734502723159902, 0.08074481586321293], [-1.3828327648793237, 0.12429532333469585, 0.11582460057762858, 0.12745525629356483, 54.66006525596556, 0.1162051447283606, 0.12176242600915987, 0.11841552214161198, 0.12142733653853473, 0.12558724963029871, 0.11488660212434522, -0.37292775925481414, 0.12160775497790847, 0.07723050736947563], [-1.299732392376412, 0.11835714235834555, 0.11139242776131535, 0.12100420162349929, 0.1162051447283606, 54.64433303708709, 0.11625468416596223, 0.11350175332387347, 0.11597710956398435, 0.1194317212355254, 0.1106254480614565, -0.39839887545536484, 0.1161265126961074, 0.07383139937186724], [-1.3836985965874566, 0.12435955677399092, 0.11587339487577798, 0.12752467816234292, 0.12176242600915987, 0.11625468416596223, 54.66024155635453, 0.11846936767239456, 0.12148663460520326, 0.1256536901830888, 0.11493356622768966, -0.3726616061482438, 0.12166736283394498, 0.07726711134280287], [-1.3336440543954498, 0.12075268116563118, 0.11316327457830955, 0.12361376903112209, 0.11841552214161198, 0.11350175332387347, 0.11846936767239456, 54.65051499385247, 0.11816758702326415, 0.12191855965186081, 0.11232833882404018, -0.38799830151868975, 0.11833004306608046, 0.07521284492818756], [-1.3788357894496532, 0.12399942922752918, 0.11560000714835543, 0.12713544643583213, 0.12142733653853473, 0.11597710956398435, 0.12148663460520326, 0.11816758702326415, 54.65925468144169, 0.12528118124610393, 0.11467045804913042, -0.37415576047531995, 0.12133318685688116, 0.07706194586585416], [-1.4383798211221999, 0.12847098421005046, 0.11900325585491696, 0.13196754126048788, 0.12558724963029871, 0.1194317212355254, 0.1256536901830888, 0.12191855965186081, 0.12528118124610393, 54.67192044607952, 0.11794714057694518, -0.3558109118880879, 0.12548175531625316, 0.07962601492359876], [-1.2792938539522605, 0.11692745936693823, 0.11033075047515656, 0.11944691265303777, 0.11488660212434522, 0.1106254480614565, 0.11493356622768966, 0.11232833882404018, 0.11467045804913042, 0.11794714057694518, 54.640802069027934, -0.4046481695594458, 0.11481206344500705, 0.0730064461862587], [-7.0634815394411365, -0.3614984752913903, -0.40019245517830876, -0.34740574774661404, -0.37292775925481414, -0.39839887545536484, -0.3726616061482438, -0.38799830151868975, -0.37415576047531995, -0.3558109118880879, -0.4046481695594458, 69.88270200472424, -0.37335066318725485, -0.25785436273086887], [-1.3814566712003764, 0.12419333448721781, 0.11574715309043584, 0.12734502723159902, 0.12160775497790847, 0.1161265126961074, 0.12166736283394498, 0.11833004306608046, 0.12133318685688116, 0.12548175531625316, 0.11481206344500705, -0.37335066318725485, 54.65978557905996, 0.07717239778412109], [-0.8569985897041821, 0.0788325784335229, 0.07359164364905803, 0.08074481586321293, 0.07723050736947563, 0.07383139937186724, 0.07726711134280287, 0.07521284492818756, 0.07706194586585416, 0.07962601492359876, 0.0730064461862587, -0.25785436273086887, 0.07717239778412109, 54.535620863224615]]",
    "monomial_list": "[1, x9, x8, x7, x6, x5, x4, x3, x2, x13, x12, x11, x10, x1]"
}