{
    "name": "Multiplier-13",
    "rational_expression": "13631*x1**2/250 + 3947*x1*x10/125000 + 3947*x1*x11/125000 + 15503*x1*x12/500000 - 69057*x1*x13/100000 + 13479*x1*x2/100000 + 13467*x1*x3/100000 + 13457*x1*x4/100000 + 3327*x1*x5/25000 + 6717*x1*x6/50000 + 6779*x1*x7/50000 + 531*x1*x8/4000 + 2707*x1*x9/20000 - 13353*x1/10000 + 6827*x10**2/125 + 637*x10*x11/4000 + 7899*x10*x12/50000 - 88509*x10*x13/100000 + 15009*x10*x2/100000 + 7499*x10*x3/50000 + 14987*x10*x4/100000 + 2951*x10*x5/20000 + 2993*x10*x6/20000 + 1897*x10*x7/12500 + 7361*x10*x8/50000 + 15153*x10*x9/100000 - 21853*x10/10000 + 10923*x11**2/200 + 7899*x11*x12/50000 - 88509*x11*x13/100000 + 15009*x11*x2/100000 + 7499*x11*x3/50000 + 14987*x11*x4/100000 + 2951*x11*x5/20000 + 2993*x11*x6/20000 + 1897*x11*x7/12500 + 7361*x11*x8/50000 + 15153*x11*x9/100000 - 21853*x11/10000 + 27303*x12**2/500 - 1033*x12*x13/1000 + 14789*x12*x2/100000 + 7389*x12*x3/50000 + 923*x12*x4/6250 + 14547*x12*x5/100000 + 2949*x12*x6/20000 + 2989*x12*x7/20000 + 14513*x12*x8/100000 + 14921*x12*x9/100000 - 20631*x12/10000 + 69741*x13**2/1000 - 24341*x13*x2/25000 - 48617*x13*x3/50000 - 24281*x13*x4/25000 - 19661*x13*x5/20000 - 96879*x13*x6/100000 - 84473*x13*x7/100000 - 1959*x13*x8/2000 - 95219*x13*x9/100000 - 3277*x13/250 + 6827*x2**2/125 + 7499*x2*x3/50000 + 14987*x2*x4/100000 + 2951*x2*x5/20000 + 2993*x2*x6/20000 + 1897*x2*x7/12500 + 7361*x2*x8/50000 + 15153*x2*x9/100000 - 21853*x2/10000 + 13653*x3**2/250 + 14987*x3*x4/100000 + 2951*x3*x5/20000 + 2993*x3*x6/20000 + 1897*x3*x7/12500 + 7361*x3*x8/50000 + 15153*x3*x9/100000 - 21853*x3/10000 + 54617*x4**2/1000 + 2951*x4*x5/20000 + 2993*x4*x6/20000 + 1897*x4*x7/12500 + 7361*x4*x8/50000 + 15153*x4*x9/100000 - 21853*x4/10000 + 54607*x5**2/1000 + 2949*x5*x6/20000 + 2989*x5*x7/20000 + 14513*x5*x8/100000 + 14921*x5*x9/100000 - 20631*x5/10000 + 6827*x6**2/125 + 1897*x6*x7/12500 + 7361*x6*x8/50000 + 15153*x6*x9/100000 - 21853*x6/10000 + 13657*x7**2/250 + 1493*x7*x8/10000 + 1923*x7*x9/12500 - 5769*x7/2500 + 27303*x8**2/500 + 14921*x8*x9/100000 - 20631*x8/10000 + 54623*x9**2/1000 - 5769*x9/2500 + 30343/500",
    "Q": "[[60.68596447394349, -1.1401117109009482, -1.035134594675937, -1.1775276207229708, -1.1095253952353292, -1.0400689167586068, -1.1102423759021443, -1.0685821117861842, -1.106214033951906, -6.5605245231384135, -1.02283063645479, -1.100388954771272, -1.1083856299753032, -0.6875262988975324], [-1.1401117109009482, 54.62208809483242, 0.0641775830331675, 0.07076405231145068, 0.06750341970715697, 0.06438794440507847, 0.0675378720543408, 0.06561736807098681, 0.06734480197517846, -0.4544368487972789, 0.0636576561595638, 0.0670678125288837, 0.06744873065675433, 0.04276814489360637], [-1.035134594675937, 0.0641775830331675, 54.60610646538079, 0.06532486402695992, 0.06323934888972076, 0.06137056641398351, 0.06326083151735172, 0.062090508201991516, 0.0631406206020673, -0.48714212724527894, 0.06094649840677117, 0.06296900974171062, 0.06320527504898936, 0.0402582188334065], [-1.1775276207229708, 0.07076405231145068, 0.06532486402695992, 54.6287855399649, 0.06908285852295765, 0.06556409910282561, 0.06912143281178922, 0.06696024886796574, 0.0689052243632003, -0.4427039937053166, 0.06473297592623692, 0.06859483000955582, 0.06902162048962447, 0.04367039648584751], [-1.1095253952353292, 0.06750341970715697, 0.06323934888972076, 0.06908285852295765, 54.61690240277434, 0.06342333766922557, 0.06620037057780688, 0.0645010940936231, 0.0660286364589637, -0.46408225037324025, 0.06278515441229594, 0.06578242012283106, 0.06612107007351628, 0.04197497179791545], [-1.0400689167586068, 0.06438794440507847, 0.06137056641398351, 0.06556409910282561, 0.06342333766922557, 54.606753845348116, 0.06344542827762266, 0.06224031225754804, 0.06332180511287978, -0.48562264727777715, 0.06105912464213125, 0.0631452767037427, 0.06338829791922995, 0.04036916154361978], [-1.1102423759021443, 0.0675378720543408, 0.06326083151735172, 0.06912143281178922, 0.06620037057780688, 0.06344542827762266, 54.617018700251414, 0.06452669596700569, 0.06605888433584972, -0.4638573530603976, 0.06280512361700212, 0.06581196074379159, 0.06615158211987086, 0.041992805903203693], [-1.0685821117861842, 0.06561736807098681, 0.062090508201991516, 0.06696024886796574, 0.0645010940936231, 0.06224031225754804, 0.06452669596700569, 54.61064799740537, 0.06438335732124911, -0.4768312712511254, 0.061721326360210896, 0.06417840115028647, 0.06446047442887057, 0.041004995783943024], [-1.106214033951906, 0.06734480197517846, 0.0631406206020673, 0.0689052243632003, 0.0660286364589637, 0.06332180511287978, 0.06605888433584972, 0.06438335732124911, 54.61636814121425, -0.4651201920886998, 0.06269340521656548, 0.06564645792528216, 0.06598062696616934, 0.041892941371011246], [-6.5605245231384135, -0.4544368487972789, -0.48714212724527894, -0.4427039937053166, -0.46408225037324025, -0.48562264727777715, -0.4638573530603976, -0.4768312712511254, -0.4651201920886998, 69.74165308583162, -0.49092660809932814, -0.46694315339241915, -0.4644396453242758, -0.314529258256611], [-1.02283063645479, 0.0636576561595638, 0.06094649840677117, 0.06473297592623692, 0.06278515441229594, 0.06105912464213125, 0.06280512361700212, 0.061721326360210896, 0.06269340521656548, -0.49092660809932814, 54.60453131145035, 0.0625340287886252, 0.06275348472702492, 0.03998599096205407], [-1.100388954771272, 0.0670678125288837, 0.06296900974171062, 0.06859483000955582, 0.06578242012283106, 0.0631452767037427, 0.06581196074379159, 0.06417840115028647, 0.06564645792528216, -0.46694315339241915, 0.0625340287886252, 54.61543944625863, 0.06573553425879179, 0.041749905577089096], [-1.1083856299753032, 0.06744873065675433, 0.06320527504898936, 0.06902162048962447, 0.06612107007351628, 0.06338829791922995, 0.06615158211987086, 0.06446047442887057, 0.06598062696616934, -0.4644396453242758, 0.06275348472702492, 0.06573553425879179, 54.61671798291826, 0.041946675447737204], [-0.6875262988975324, 0.04276814489360637, 0.0402582188334065, 0.04367039648584751, 0.04197497179791545, 0.04036916154361978, 0.041992805903203693, 0.041004995783943024, 0.041892941371011246, -0.314529258256611, 0.03998599096205407, 0.041749905577089096, 0.041946675447737204, 54.52361869546033]]",
    "monomial_list": "[1, x9, x8, x7, x6, x5, x4, x3, x2, x13, x12, x11, x10, x1]"
}