{
    "name": "Multiplier-12",
    "rational_expression": "27281*x1**2/500 + 29871*x1*x10/100000 + 29579*x1*x11/100000 - 28669*x1*x12/100000 + 29651*x1*x13/100000 + 14671*x1*x2/50000 + 29047*x1*x3/100000 + 29211*x1*x4/100000 + 1147*x1*x5/4000 + 727*x1*x6/2500 + 29261*x1*x7/100000 + 28477*x1*x8/100000 + 28887*x1*x9/100000 - 23649*x1/10000 + 27373*x10**2/500 + 22377*x10*x11/50000 - 19491*x10*x12/50000 + 1797*x10*x13/4000 + 4443*x10*x2/10000 + 43963*x10*x3/100000 + 11059*x10*x4/25000 + 2711*x10*x5/6250 + 44041*x10*x6/100000 + 5543*x10*x7/12500 + 21541*x10*x8/50000 + 21877*x10*x9/50000 - 38079*x10/10000 + 2737*x11**2/50 - 8107*x11*x12/20000 + 5567*x11*x13/12500 + 44067*x11*x2/100000 + 109*x11*x3/250 + 43873*x11*x4/100000 + 1721*x11*x5/4000 + 21839*x11*x6/50000 + 10989*x11*x7/25000 + 10683*x11*x8/25000 + 43391*x11*x9/100000 - 36797*x11/10000 + 35071*x12**2/500 - 31221*x12*x13/100000 - 43883*x12*x2/100000 - 45157*x12*x3/100000 - 271*x12*x4/625 - 23109*x12*x5/50000 - 8567*x12*x6/20000 - 4101*x12*x7/10000 - 11357*x12*x8/25000 - 21031*x12*x9/50000 - 15893*x12/1000 + 54763*x13**2/1000 + 22409*x13*x2/50000 + 22163*x13*x3/50000 + 2789*x13*x4/6250 + 43739*x13*x5/100000 + 44429*x13*x6/100000 + 8949*x13*x7/20000 + 21723*x13*x8/50000 + 22071*x13*x9/50000 - 19701*x13/5000 + 10949*x2**2/200 + 43963*x2*x3/100000 + 11059*x2*x4/25000 + 2711*x2*x5/6250 + 44041*x2*x6/100000 + 5543*x2*x7/12500 + 21541*x2*x8/50000 + 21877*x2*x9/50000 - 38079*x2/10000 + 54731*x3**2/1000 + 43873*x3*x4/100000 + 1721*x3*x5/4000 + 21839*x3*x6/50000 + 10989*x3*x7/25000 + 10683*x3*x8/25000 + 43391*x3*x9/100000 - 36797*x3/10000 + 27373*x4**2/500 + 2711*x4*x5/6250 + 44041*x4*x6/100000 + 5543*x4*x7/12500 + 21541*x4*x8/50000 + 21877*x4*x9/50000 - 38079*x4/10000 + 1368*x5**2/25 + 43289*x5*x6/100000 + 2723*x5*x7/6250 + 42381*x5*x8/100000 + 21501*x5*x9/50000 - 17737*x5/5000 + 27373*x6**2/500 + 5543*x6*x7/12500 + 21541*x6*x8/50000 + 21877*x6*x9/50000 - 38079*x6/10000 + 54771*x7**2/1000 + 21723*x7*x8/50000 + 22071*x7*x9/50000 - 19701*x7/5000 + 27359*x8**2/500 + 21501*x8*x9/50000 - 17737*x8/5000 + 10951*x9**2/200 - 38079*x9/10000 + 65673/1000",
    "Q": "[[65.67348684896582, -1.9301758821068273, -1.7659393246478083, -1.9912110872846003, -1.881390887603268, -1.773486311087921, -1.8825249324741262, -1.8173336260626154, -1.8761586352903752, -1.9546443555320296, -7.939663679788351, -1.8669751224118263, -1.8795889737285423, -1.1671460232701452], [-1.9301758821068273, 54.756591697755475, 0.21770794758928613, 0.2398779157928074, 0.2289306481776486, 0.21841947819064134, 0.22904347026225202, 0.2226344455209021, 0.22841083387405728, 0.23627700343816305, -0.19218951428953218, 0.2275013773352413, 0.22875149672141246, 0.14483251434137137], [-1.7659393246478083, 0.21770794758928613, 54.71813822575867, 0.22279961403072335, 0.2136228981911652, 0.204946547441546, 0.21371709197617222, 0.20839654347794404, 0.2131889970506775, 0.2197624554475917, -0.2422862131073517, 0.21243026895423758, 0.21347333965365634, 0.13539339777260312], [-1.9912110872846003, 0.2398779157928074, 0.22279961403072335, 54.77234718766081, 0.2346972324520531, 0.2235552576129882, 0.2348166793408176, 0.228026359179373, 0.23414688194248412, 0.24247290675525804, -0.1736061636239913, 0.23318386011080894, 0.2345075599791134, 0.14834090268982783], [-1.881390887603268, 0.2289306481776486, 0.2136228981911652, 0.2346972324520531, 54.74447324216804, 0.21429682492431446, 0.22438536113517937, 0.21829338086673677, 0.22378394221703937, 0.2312658575089553, -0.20710472495996649, 0.22291951535251572, 0.2241077853808326, 0.14195368351253987], [-1.773486311087921, 0.21841947819064134, 0.204946547441546, 0.2235552576129882, 0.21429682492431446, 54.71974914669999, 0.2143918921977819, 0.20901944013496102, 0.21385888570885217, 0.2204924832549271, -0.24001219879397673, 0.21309302483544665, 0.2141458773199434, 0.1358067868092729], [-1.8825249324741262, 0.22904347026225202, 0.21371709197617222, 0.2348166793408176, 0.22438536113517937, 0.2143918921977819, 54.744748627811894, 0.21839351063390453, 0.22389060957980977, 0.23138141934958129, -0.20675787207638024, 0.22302514136570328, 0.22421484158166272, 0.14201987899991497], [-1.8173336260626154, 0.2226344455209021, 0.20839654347794404, 0.228026359179373, 0.21829338086673677, 0.20901944013496102, 0.21839351063390453, 54.72942748846831, 0.217832039926008, 0.2248149833539443, -0.2266954655153767, 0.21702481166455392, 0.2181343831272824, 0.13826375678332373], [-1.8761586352903752, 0.22841083387405728, 0.2131889970506775, 0.23414688194248412, 0.22378394221703937, 0.21385888570885217, 0.22389060957980977, 0.217832039926008, 54.743206388749094, 0.23073340477598853, -0.20870495366734776, 0.22243289793456805, 0.2236145692596501, 0.14164869000946645], [-1.9546443555320296, 0.23627700343816305, 0.2197624554475917, 0.24247290675525804, 0.2312658575089553, 0.2204924832549271, 0.23138141934958129, 0.2248149833539443, 0.23073340477598853, 54.762882304667954, -0.1847218427958212, 0.2298017757264949, 0.2310823531394972, 0.14626826057831188], [-7.939663679788351, -0.19218951428953218, -0.2422862131073517, -0.1736061636239913, -0.20710472495996649, -0.24001219879397673, -0.20675787207638024, -0.2266954655153767, -0.20870495366734776, -0.1847218427958212, 70.13988907390062, -0.2115133950280146, -0.2076558357766287, -0.1532742260197523], [-1.8669751224118263, 0.2275013773352413, 0.21243026895423758, 0.23318386011080894, 0.22291951535251572, 0.21309302483544665, 0.22302514136570328, 0.21702481166455392, 0.22243289793456805, 0.2298017757264949, -0.2115133950280146, 54.74099782213196, 0.2227517970059756, 0.14111499668791513], [-1.8795889737285423, 0.22875149672141246, 0.21347333965365634, 0.2345075599791134, 0.2241077853808326, 0.2141458773199434, 0.22421484158166272, 0.2181343831272824, 0.2236145692596501, 0.2310823531394972, -0.2076558357766287, 0.2227517970059756, 54.744036264385066, 0.1418485707186574], [-1.1671460232701452, 0.14483251434137137, 0.13539339777260312, 0.14834090268982783, 0.14195368351253987, 0.1358067868092729, 0.14201987899991497, 0.13826375678332373, 0.14164869000946645, 0.14626826057831188, -0.1532742260197523, 0.14111499668791513, 0.1418485707186574, 54.56132601167197]]",
    "monomial_list": "[1, x9, x8, x7, x6, x5, x4, x3, x2, x13, x12, x11, x10, x1]"
}