{
    "name": "Multiplier-9",
    "rational_expression": "54527*x1**2/1000 + 14561*x1*x10/100000 + 14549*x1*x11/100000 + 1447*x1*x12/10000 + 587*x1*x13/4000 + 3629*x1*x2/25000 + 1813*x1*x3/12500 + 7247*x1*x4/50000 + 448*x1*x5/3125 + 1809*x1*x6/12500 + 14609*x1*x7/100000 + 7151*x1*x8/50000 - 4163*x1*x9/6250 - 1467*x1/1000 + 27313*x10**2/500 + 16413*x10*x11/100000 + 1017*x10*x12/6250 + 831*x10*x13/5000 + 819*x10*x2/5000 + 1023*x10*x3/6250 + 8179*x10*x4/50000 + 1007*x10*x5/6250 + 1021*x10*x6/6250 + 3311*x10*x7/20000 + 8039*x10*x8/50000 - 85907*x10*x9/100000 - 4651*x10/2000 + 437*x11**2/8 + 1017*x11*x12/6250 + 831*x11*x13/5000 + 819*x11*x2/5000 + 1023*x11*x3/6250 + 8179*x11*x4/50000 + 1007*x11*x5/6250 + 1021*x11*x6/6250 + 3311*x11*x7/20000 + 8039*x11*x8/50000 - 85907*x11*x9/100000 - 4651*x11/2000 + 27307*x12**2/500 + 103*x12*x13/625 + 4063*x12*x2/25000 + 203*x12*x3/1250 + 1623*x12*x4/10000 + 3999*x12*x5/25000 + 1013*x12*x6/6250 + 3283*x12*x7/20000 + 7981*x12*x8/50000 - 10073*x12*x9/10000 - 22023*x12/10000 + 13659*x13**2/250 + 16607*x13*x2/100000 + 3319*x13*x3/20000 + 3317*x13*x4/20000 + 2041*x13*x5/12500 + 16563*x13*x6/100000 + 8397*x13*x7/50000 + 8147*x13*x8/50000 - 42303*x13*x9/50000 - 24449*x13/10000 + 27313*x2**2/500 + 1023*x2*x3/6250 + 8179*x2*x4/50000 + 1007*x2*x5/6250 + 1021*x2*x6/6250 + 3311*x2*x7/20000 + 8039*x2*x8/50000 - 85907*x2*x9/100000 - 4651*x2/2000 + 54621*x3**2/1000 + 8179*x3*x4/50000 + 1007*x3*x5/6250 + 1021*x3*x6/6250 + 3311*x3*x7/20000 + 8039*x3*x8/50000 - 85907*x3*x9/100000 - 4651*x3/2000 + 54627*x4**2/1000 + 1007*x4*x5/6250 + 1021*x4*x6/6250 + 3311*x4*x7/20000 + 8039*x4*x8/50000 - 85907*x4*x9/100000 - 4651*x4/2000 + 10923*x5**2/200 + 16103*x5*x6/100000 + 1631*x5*x7/10000 + 15857*x5*x8/100000 - 5453*x5*x9/6250 - 22023*x5/10000 + 54627*x6**2/1000 + 3311*x6*x7/20000 + 8039*x6*x8/50000 - 85907*x6*x9/100000 - 4651*x6/2000 + 1366*x7**2/25 + 8147*x7*x8/50000 - 42303*x7*x9/50000 - 24449*x7/10000 + 27307*x8**2/500 - 5453*x8*x9/6250 - 22023*x8/10000 + 69771*x9**2/1000 - 13331*x9/1000 + 61157/1000",
    "Q": "[[61.15726346781307, -6.690173864420949, -1.1008142375469558, -1.2505656227724231, -1.1787919148207147, -1.105974557883037, -1.179545748404902, -1.1358120665431382, -1.1753108036196198, -1.2269338845400004, -1.087949945734894, -1.1691888049901966, -1.1775936386217103, -0.7303376311272424], [-6.690173864420949, 69.7768810807319, -0.46487487169682895, -0.4183363539537681, -0.44074578704309814, -0.4632846716129852, -0.44051049900464473, -0.4540800206794393, -0.44183162251005964, -0.42565923172134973, -0.46883228634904717, -0.44373836296119756, -0.4411196854676537, -0.3000071535712362], [-1.1008142375469558, -0.46487487169682895, 54.61486620577588, 0.07907461526513014, 0.07625310610867712, 0.07366335440739681, 0.07628227337750274, 0.07467796711949114, 0.07611897202992904, 0.07815092318204118, 0.0730591045367932, 0.07588544093857755, 0.07620682957104258, 0.04856717656967394], [-1.2505656227724231, -0.4183363539537681, 0.07907461526513014, 54.64095755523505, 0.08377286123063982, 0.07937747005416833, 0.08382057844274796, 0.08113764954760945, 0.0835530804643126, 0.0868741739816565, 0.07832586186205485, 0.08316887072257335, 0.08369710149085154, 0.05315687584118242], [-1.1787919148207147, -0.44074578704309814, 0.07625310610867712, 0.08377286123063982, 54.627347961648475, 0.07649470394308874, 0.08007871228089276, 0.07790113834725135, 0.07985970435555217, 0.08257715196722766, 0.07565643072261875, 0.07954545086750309, 0.07997759956768531, 0.05089325679873508], [-1.105974557883037, -0.4632846716129852, 0.07366335440739681, 0.07937747005416833, 0.07649470394308874, 54.615619624615384, 0.07652453571411545, 0.07488201878301749, 0.07635750293782702, 0.07843569608212449, 0.07322261379194014, 0.07611858454177957, 0.07644737140044539, 0.0487195286446692], [-1.179545748404902, -0.44051049900464473, 0.07628227337750274, 0.08382057844274796, 0.08007871228089276, 0.07652453571411545, 54.62748147713125, 0.07793480042287886, 0.07989835044880068, 0.0826223203356768, 0.07568395047521728, 0.07958333875324616, 0.08001652892605023, 0.05091696561556266], [-1.1358120665431382, -0.4540800206794393, 0.07467796711949114, 0.08113764954760945, 0.07790113834725135, 0.07488201878301749, 0.07793480042287886, 54.620154366342334, 0.07774625161805773, 0.08009016242202079, 0.07417426808241796, 0.07747625509338617, 0.07784771754478777, 0.049592918516767816], [-1.1753108036196198, -0.44183162251005964, 0.07611897202992904, 0.0835530804643126, 0.07985970435555217, 0.07635750293782702, 0.07989835044880068, 0.07774625161805773, 54.62673452645258, 0.08236913217581923, 0.07552989856403236, 0.07937101110007155, 0.07979835627842251, 0.05078414386303232], [-1.2269338845400004, -0.42565923172134973, 0.07815092318204118, 0.0868741739816565, 0.08257715196722766, 0.07843569608212449, 0.0826223203356768, 0.08009016242202079, 0.08236913217581923, 54.63643657919689, 0.07744702794636325, 0.08200558898871041, 0.08250544221477607, 0.05245389713794346], [-1.087949945734894, -0.46883228634904717, 0.0730591045367932, 0.07832586186205485, 0.07565643072261875, 0.07322261379194014, 0.07568395047521728, 0.07417426808241796, 0.07552989856403236, 0.07744702794636325, 54.61303705634866, 0.07530971355810809, 0.07561277204559648, 0.04819380711631393], [-1.1691888049901966, -0.44373836296119756, 0.07588544093857755, 0.08316887072257335, 0.07954545086750309, 0.07611858454177957, 0.07958333875324616, 0.07747625509338617, 0.07937101110007155, 0.08200558898871041, 0.07530971355810809, 54.62566796566465, 0.07948530730871405, 0.05059368242548643], [-1.1775936386217103, -0.4411196854676537, 0.07620682957104258, 0.08369710149085154, 0.07997759956768531, 0.07644737140044539, 0.08001652892605023, 0.07784771754478777, 0.07979835627842251, 0.08250544221477607, 0.07561277204559648, 0.07948530730871405, 54.627136225758505, 0.050855629315917944], [-0.7303376311272424, -0.3000071535712362, 0.04856717656967394, 0.05315687584118242, 0.05089325679873508, 0.0487195286446692, 0.05091696561556266, 0.049592918516767816, 0.05078414386303232, 0.05245389713794346, 0.04819380711631393, 0.05059368242548643, 0.050855629315917944, 54.52651652205149]]",
    "monomial_list": "[1, x9, x8, x7, x6, x5, x4, x3, x2, x13, x12, x11, x10, x1]"
}