{
    "name": "Multiplier-5",
    "rational_expression": "13639*x1**2/250 + 29033*x1*x10/100000 + 28967*x1*x11/100000 + 14213*x1*x12/50000 + 5801*x1*x13/20000 + 2877*x1*x2/10000 + 14239*x1*x3/50000 + 179*x1*x4/625 - 30179*x1*x5/100000 + 28183*x1*x6/100000 + 7141*x1*x7/25000 + 13799*x1*x8/50000 + 7053*x1*x9/25000 - 4413*x1/2000 + 13681*x10**2/250 + 43727*x10*x11/100000 + 42881*x10*x12/100000 + 4379*x10*x13/10000 + 10859*x10*x2/25000 + 21487*x10*x3/50000 + 21621*x10*x4/50000 - 56429*x10*x5/100000 + 21233*x10*x6/50000 + 21537*x10*x7/50000 + 8311*x10*x8/20000 + 21263*x10*x9/50000 - 17529*x10/5000 + 54721*x11**2/1000 + 42881*x11*x12/100000 + 4379*x11*x13/10000 + 10859*x11*x2/25000 + 21487*x11*x3/50000 + 21621*x11*x4/50000 - 56429*x11*x5/100000 + 21233*x11*x6/50000 + 21537*x11*x7/50000 + 8311*x11*x8/20000 + 21263*x11*x9/50000 - 17529*x11/5000 + 6837*x12**2/125 + 43027*x12*x13/100000 + 21349*x12*x2/50000 + 31617*x12*x3/100000 + 5317*x12*x4/12500 - 3721*x12*x5/6250 + 41761*x12*x6/100000 + 42319*x12*x7/100000 + 40899*x12*x8/100000 + 8359*x12*x9/20000 - 8111*x12/2500 + 2737*x13**2/50 + 10921*x13*x2/25000 + 43221*x13*x3/100000 + 43489*x13*x4/100000 - 1013*x13*x5/2500 + 42813*x13*x6/100000 + 21729*x13*x7/50000 + 41877*x13*x8/100000 + 42897*x13*x9/100000 - 7273*x13/2000 + 54723*x2**2/1000 + 21487*x2*x3/50000 + 21621*x2*x4/50000 - 56429*x2*x5/100000 + 21233*x2*x6/50000 + 21537*x2*x7/50000 + 8311*x2*x8/20000 + 21263*x2*x9/50000 - 17529*x2/5000 + 5471*x3**2/100 + 42883*x3*x4/100000 - 28991*x3*x5/50000 + 42107*x3*x6/100000 + 4269*x3*x7/10000 + 41221*x3*x8/100000 + 42167*x3*x9/100000 - 33751*x3/10000 + 13681*x4**2/250 - 56429*x4*x5/100000 + 21233*x4*x6/50000 + 21537*x4*x7/50000 + 8311*x4*x8/20000 + 21263*x4*x9/50000 - 17529*x4/5000 + 17519*x5**2/250 - 47201*x5*x6/100000 - 21953*x5*x7/50000 - 30199*x5*x8/50000 - 11209*x5*x9/25000 - 15447*x5/1000 + 54723*x6**2/1000 + 21537*x6*x7/50000 + 8311*x6*x8/20000 + 21263*x6*x9/50000 - 17529*x6/5000 + 54749*x7**2/1000 + 42199*x7*x8/100000 + 5407*x7*x9/12500 - 37633*x7/10000 + 27349*x8**2/500 + 8359*x8*x9/20000 - 8111*x8/2500 + 10947*x9**2/200 - 7273*x9/2000 + 64903/1000",
    "Q": "[[64.90301506037976, -1.803886155754368, -1.6490244725721326, -1.8612174008552478, -1.757958737946149, -7.726049867343886, -1.7590272401418332, -1.697557313246239, -1.7530284012449078, -1.8268857881685998, -1.6312807541119445, -1.7443729790088591, -1.7562608887370539, -1.0902911445036985], [-1.803886155754368, 54.73402242404339, 0.19276322508387872, 0.2125465975142288, 0.2028057990917425, -0.2341464031810884, 0.20290625014926192, 0.19719409870806856, 0.2023430109565031, 0.20934807665590452, 0.1911913652150752, 0.20153345062540828, 0.2026462960968963, 0.12827507722025822], [-1.6490244725721326, 0.19276322508387872, 54.699005378443154, 0.19722439767490094, 0.18917849602255293, -0.2814396690875698, 0.1892611217940774, 0.1845907148055416, 0.1887979275280159, 0.19456506519107689, 0.17974228625687905, 0.18813264882631425, 0.1890473118760522, 0.11987365583397158], [-1.8612174008552478, 0.2125465975142288, 0.19722439767490094, 54.74834893212036, 0.20791426209784192, -0.21669079201720814, 0.20802102305331263, 0.20194459729481948, 0.20742238500381452, 0.21486624851752664, 0.1955473418749389, 0.20656178709296216, 0.20774473747401706, 0.13138030032238604], [-1.757958737946149, 0.2028057990917425, 0.18917849602255293, 0.20791426209784192, 54.72300148891693, -0.2481881054056325, 0.19877177502637514, 0.19336236191641423, 0.19823819893615885, 0.20487717118530696, 0.1876956326932431, 0.1974714398634119, 0.19852550111503434, 0.12572484215715568], [-7.726049867343886, -0.2341464031810884, -0.2814396690875698, -0.21669079201720814, -0.2481881054056325, 70.07717478311825, -0.24786141347305787, -0.2666671852454814, -0.24969541785129665, -0.22712527344129124, -0.28678244033490535, -0.2523412170872635, -0.24870719796577231, -0.17925980918056378], [-1.7590272401418332, 0.20290625014926192, 0.1892611217940774, 0.20802102305331263, 0.19877177502637514, -0.24786141347305787, 54.72325182231535, 0.19345071053249963, 0.19833280226028835, 0.2049802325367431, 0.187776199739266, 0.19756505343675076, 0.1986204738630071, 0.12578340982714087], [-1.697557313246239, 0.19719409870806856, 0.1845907148055416, 0.20194459729481948, 0.19336236191641423, -0.2666671852454814, 0.19345071053249963, 54.709307210782455, 0.1929553458791422, 0.1991176122749851, 0.1832259368952931, 0.19224336594509553, 0.19322207848518633, 0.12245391963480386], [-1.7530284012449078, 0.2023430109565031, 0.1887979275280159, 0.20742238500381452, 0.19823819893615885, -0.24969541785129665, 0.19833280226028835, 0.1929553458791422, 54.721849946818594, 0.20440234181494937, 0.1873245721586518, 0.19704019811319726, 0.19808798711928247, 0.12545501587703825], [-1.8268857881685998, 0.20934807665590452, 0.19456506519107689, 0.21486624851752664, 0.20487717118530696, -0.22712527344129124, 0.2049802325367431, 0.1991176122749851, 0.20440234181494937, 54.739748248993926, 0.19294903018670148, 0.20357165296973195, 0.20471352099963047, 0.12954701394472318], [-1.6312807541119445, 0.1911913652150752, 0.17974228625687905, 0.1955473418749389, 0.1876956326932431, -0.28678244033490535, 0.187776199739266, 0.1832259368952931, 0.1873245721586518, 0.19294903018670148, 54.69543873214117, 0.18667603876032904, 0.18756772103711622, 0.11896845008633619], [-1.7443729790088591, 0.20153345062540828, 0.18813264882631425, 0.20656178709296216, 0.1974714398634119, -0.2523412170872635, 0.19756505343675076, 0.19224336594509553, 0.19704019811319726, 0.20357165296973195, 0.18667603876032904, 54.71984261494586, 0.19732280080645825, 0.12498294012799611], [-1.7562608887370539, 0.2026462960968963, 0.1890473118760522, 0.20774473747401706, 0.19852550111503434, -0.24870719796577231, 0.1986204738630071, 0.19322207848518633, 0.19808798711928247, 0.20471352099963047, 0.18756772103711622, 0.19732280080645825, 54.722604274152374, 0.12563184532250782], [-1.0902911445036985, 0.12827507722025822, 0.11987365583397158, 0.13138030032238604, 0.12572484215715568, -0.17925980918056378, 0.12578340982714087, 0.12245391963480386, 0.12545501587703825, 0.12954701394472318, 0.11896845008633619, 0.12498294012799611, 0.12563184532250782, 54.55444475479859]]",
    "monomial_list": "[1, x9, x8, x7, x6, x5, x4, x3, x2, x13, x12, x11, x10, x1]"
}