{
    "name": "Multiplier-3",
    "rational_expression": "6818*x1**2/125 + 4123*x1*x10/25000 + 16281*x1*x11/100000 + 16067*x1*x12/100000 + 8311*x1*x13/50000 + 4101*x1*x2/25000 - 23791*x1*x3/50000 + 3179*x1*x4/20000 + 15493*x1*x5/100000 + 317*x1*x6/2000 + 8013*x1*x7/50000 + 7713*x1*x8/50000 + 7893*x1*x9/50000 - 3823*x1/2000 + 13673*x10**2/250 + 15367*x10*x11/50000 + 949*x10*x12/3125 + 31283*x10*x13/100000 + 15459*x10*x2/50000 - 61237*x10*x3/100000 + 30197*x10*x4/100000 + 5903*x10*x5/20000 + 30109*x10*x6/100000 + 30387*x10*x7/100000 + 14691*x10*x8/50000 + 29979*x10*x9/100000 - 31851*x10/10000 + 54687*x11**2/1000 + 7519*x11*x12/25000 + 6191*x11*x13/20000 + 15301*x11*x2/50000 - 31363*x11*x3/50000 + 29881*x11*x4/100000 + 29223*x11*x5/100000 + 29793*x11*x6/100000 + 30059*x11*x7/100000 + 29091*x11*x8/100000 + 29663*x11*x9/100000 - 3821*x11/1250 + 13667*x12**2/250 + 30627*x12*x13/100000 + 15143*x12*x2/50000 - 32083*x12*x3/50000 + 5913*x12*x4/20000 + 7233*x12*x5/25000 + 29477*x12*x6/100000 + 29731*x12*x7/100000 + 28799*x12*x8/100000 + 29347*x12*x9/100000 - 29323*x12/10000 + 27353*x13**2/500 + 15617*x13*x2/50000 - 14937*x13*x3/25000 + 30513*x13*x4/100000 + 29807*x13*x5/100000 + 1217*x13*x6/4000 + 3841*x13*x7/12500 + 14837*x13*x8/50000 + 6059*x13*x9/20000 - 6627*x13/2000 + 13673*x2**2/250 - 61237*x2*x3/100000 + 30197*x2*x4/100000 + 5903*x2*x5/20000 + 30109*x2*x6/100000 + 30387*x2*x7/100000 + 14691*x2*x8/50000 + 29979*x2*x9/100000 - 31851*x2/10000 + 34989*x3**2/500 - 62779*x3*x4/100000 - 13097*x3*x5/20000 - 12477*x3*x6/20000 - 60729*x3*x7/100000 - 64891*x3*x8/100000 - 12361*x3*x9/20000 - 7391*x3/500 + 13673*x4**2/250 + 5903*x4*x5/20000 + 30109*x4*x6/100000 + 30387*x4*x7/100000 + 14691*x4*x8/50000 + 29979*x4*x9/100000 - 31851*x4/10000 + 6834*x5**2/125 + 29477*x5*x6/100000 + 29731*x5*x7/100000 + 28799*x5*x8/100000 + 29347*x5*x9/100000 - 29323*x5/10000 + 54693*x6**2/1000 + 30387*x6*x7/100000 + 14691*x6*x8/50000 + 29979*x6*x9/100000 - 31851*x6/10000 + 54713*x7**2/1000 + 14837*x7*x8/50000 + 6059*x7*x9/20000 - 6627*x7/2000 + 54671*x8**2/1000 + 29347*x8*x9/100000 - 29323*x8/10000 + 547*x9**2/10 - 31851*x9/10000 + 31859/500",
    "Q": "[[63.717905233845144, -1.6119565255531974, -1.4714614409365245, -1.6636188422754294, -1.5704148827249549, -1.4779544286804114, -1.571382935936629, -7.398171051028526, -1.565947052194364, -1.6327059377195512, -1.4552951636806346, -1.5580996669001945, -1.5688764895572715, -0.9736066461911647], [-1.6119565255531974, 54.700584765675465, 0.15532645579128074, 0.17146693318907014, 0.16353568688362505, 0.15585869571611824, 0.16361757968100535, -0.2980678275477559, 0.16315854189482418, 0.16887376210595914, 0.1540203275836003, 0.16249952829618827, 0.16340567352967164, 0.10346932081948465], [-1.4714614409365245, 0.15532645579128074, 54.670788984830565, 0.15884587819291973, 0.1524878994920965, 0.14644828375726032, 0.15255319526855116, -0.34106358290825445, 0.15218733750898816, 0.15675134947533606, 0.14500428043765337, 0.15166281961744585, 0.15238425823172025, 0.0966581530174936], [-1.6636188422754294, 0.17146693318907014, 0.15884587819291973, 54.712719838958925, 0.1676579730595583, 0.1594180558917186, 0.16774564088906768, -0.28230206581418194, 0.1672542006857654, 0.17337051775160695, 0.15744093541695744, 0.1665484595076992, 0.16751878683830396, 0.10596818270873926], [-1.5704148827249549, 0.16353568688362505, 0.1524878994920965, 0.1676579730595583, 54.691223400688266, 0.15298570599420955, 0.16026525059717836, -0.31078484489418556, 0.1598333432880283, 0.1652119590101209, 0.15126619809513364, 0.15921342974017566, 0.1600658594147636, 0.1014081632907366], [-1.4779544286804114, 0.15585869571611824, 0.14644828375726032, 0.1594180558917186, 0.15298570599420955, 54.67204652157601, 0.15305180070392918, -0.33908290065835595, 0.1526814541386098, 0.157300478031476, 0.14540958943537555, 0.15215044160560476, 0.15288079472815727, 0.09696825911568056], [-1.571382935936629, 0.16361757968100535, 0.15255319526855116, 0.16774564088906768, 0.16026525059717836, 0.15305180070392918, 54.691435584868934, -0.3104888949377095, 0.15990988776885792, 0.16529624648750382, 0.1513295401059326, 0.15928907371581366, 0.16014274055084834, 0.1014553417292063], [-7.398171051028526, -0.2980678275477559, -0.34106358290825445, -0.28230206581418194, -0.31078484489418556, -0.33908290065835595, -0.3104888949377095, 69.98004077517605, -0.3121503488460969, -0.2917181945171444, -0.34597470194999475, -0.3145474011165715, -0.3112550952638044, -0.2188289198226476], [-1.565947052194364, 0.16315854189482418, 0.15218733750898816, 0.1672542006857654, 0.1598333432880283, 0.1526814541386098, 0.15990988776885792, -0.3121503488460969, 54.69024784295229, 0.1648237711040687, 0.15097465493400214, 0.158865100676837, 0.15971182595970243, 0.10119092104341361], [-1.6327059377195512, 0.16887376210595914, 0.15675134947533606, 0.17337051775160695, 0.1652119590101209, 0.157300478031476, 0.16529624648750382, -0.2917181945171444, 0.1648237711040687, 54.70544806010199, 0.15540352904646945, 0.16414539216276766, 0.16507814164657986, 0.1044954849023406], [-1.4552951636806346, 0.1540203275836003, 0.14500428043765337, 0.15744093541695744, 0.15126619809513364, 0.14540958943537555, 0.1513295401059326, -0.34597470194999475, 0.15097465493400214, 0.15540352904646945, 54.6677410826116, 0.150465989934182, 0.1511656618792081, 0.09590500463693861], [-1.5580996669001945, 0.16249952829618827, 0.15166281961744585, 0.1665484595076992, 0.15921342974017566, 0.15215044160560476, 0.15928907371581366, -0.3145474011165715, 0.158865100676837, 0.16414539216276766, 0.150465989934182, 54.68854953239939, 0.15909334280237566, 0.10081136657767348], [-1.5688764895572715, 0.16340567352967164, 0.15238425823172025, 0.16751878683830396, 0.1600658594147636, 0.15288079472815727, 0.16014274055084834, -0.3112550952638044, 0.15971182595970243, 0.16507814164657986, 0.1511656618792081, 0.15909334280237566, 54.69088679558141, 0.10133326827226054], [-0.9736066461911647, 0.10346932081948465, 0.0966581530174936, 0.10596818270873926, 0.1014081632907366, 0.09696825911568056, 0.1014553417292063, -0.2188289198226476, 0.10119092104341361, 0.1044954849023406, 0.09590500463693861, 0.10081136657767348, 0.10133326827226054, 54.54460543902353]]",
    "monomial_list": "[1, x9, x8, x7, x6, x5, x4, x3, x2, x13, x12, x11, x10, x1]"
}