{
    "name": "Multiplier-4",
    "rational_expression": "54533*x1**2/1000 + 3771*x1*x10/25000 + 15073*x1*x11/100000 + 14877*x1*x12/100000 + 1523*x1*x13/10000 + 94*x1*x2/625 + 1877*x1*x3/12500 - 25783*x1*x4/50000 + 571*x1*x5/4000 + 903*x1*x6/6250 + 2951*x1*x7/20000 + 14241*x1*x8/100000 + 91*x1*x9/625 - 8081*x1/5000 + 1093*x10**2/20 + 17539*x10*x11/100000 + 17221*x10*x12/100000 + 17797*x10*x13/100000 + 8753*x10*x2/50000 + 546*x10*x3/3125 - 41397*x10*x4/50000 + 8141*x10*x5/50000 + 16579*x10*x6/100000 + 28069*x10*x7/100000 + 8119*x10*x8/50000 + 111*x10*x9/400 - 26101*x10/10000 + 54649*x11**2/1000 + 17221*x11*x12/100000 + 17797*x11*x13/100000 + 8753*x11*x2/50000 + 546*x11*x3/3125 - 41397*x11*x4/50000 + 8141*x11*x5/50000 + 16579*x11*x6/100000 + 28069*x11*x7/100000 + 8119*x11*x8/50000 + 111*x11*x9/400 - 26101*x11/10000 + 27317*x12**2/500 + 8737*x12*x13/50000 + 17201*x12*x2/100000 + 8589*x12*x3/50000 - 41989*x12*x4/50000 + 16011*x12*x5/100000 + 8137*x12*x6/50000 + 8379*x12*x7/50000 + 7989*x12*x8/50000 + 16469*x12*x9/100000 - 497*x12/200 + 27331*x13**2/500 + 2223*x13*x2/12500 + 71*x13*x3/400 - 40753*x13*x4/50000 + 16543*x13*x5/100000 + 27847*x13*x6/100000 + 709*x13*x7/2500 + 16487*x13*x8/100000 + 28023*x13*x9/100000 - 27353*x13/10000 + 1093*x2**2/20 + 546*x2*x3/3125 - 41397*x2*x4/50000 + 8141*x2*x5/50000 + 16579*x2*x6/100000 + 28069*x2*x7/100000 + 8119*x2*x8/50000 + 111*x2*x9/400 - 26101*x2/10000 + 54643*x3**2/1000 - 20671*x3*x4/25000 + 16271*x3*x5/100000 + 16557*x3*x6/100000 + 28047*x3*x7/100000 + 16227*x3*x8/100000 + 16747*x3*x9/100000 - 26101*x3/10000 + 34927*x4**2/500 - 81773*x4*x5/100000 - 80667*x4*x6/100000 - 7767*x4*x7/10000 - 81441*x4*x8/100000 - 7873*x4*x9/10000 - 13923*x4/1000 + 13659*x5**2/250 + 8137*x5*x6/50000 + 8379*x5*x7/50000 + 7989*x5*x8/50000 + 16469*x5*x9/100000 - 497*x5/200 + 1093*x6**2/20 + 28069*x6*x7/100000 + 8119*x6*x8/50000 + 111*x6*x9/400 - 26101*x6/10000 + 54669*x7**2/1000 + 8371*x7*x8/50000 + 14151*x7*x9/50000 - 5721*x7/2000 + 13659*x8**2/250 + 16469*x8*x9/100000 - 497*x8/200 + 54659*x9**2/1000 - 27353*x9/10000 + 31079/500",
    "Q": "[[62.15803036025123, -1.3649663278104192, -1.2430743106595947, -1.4092401903708007, -1.3291574622787938, -1.2487469398591442, -6.96627095072049, -1.281593681889947, -1.3252954240288168, -1.3827696605892883, -1.2289408666494805, -1.3185073624143426, -1.3278278795925924, -0.8236794111975785], [-1.3649663278104192, 54.65860122791006, 0.10723311365805394, 0.11870339962591626, 0.1130479512279098, 0.10760995603552033, -0.37963907838682526, 0.10979663388899616, 0.11277638661939873, 0.11687939999066374, 0.10630337171677817, 0.11230155823876478, 0.11295434599957868, 0.07175578159738154], [-1.2430743106595947, 0.10723311365805394, 54.63559091582436, 0.10957449688953327, 0.10532717805725429, 0.10136044943131245, -0.41712010323193494, 0.1029381220344603, 0.10512533938268233, 0.10818327121334625, 0.10041433632987457, 0.10477326121322139, 0.10525757232715004, 0.0669720912075367], [-1.4092401903708007, 0.11870339962591626, 0.10957449688953327, 54.668035148119515, 0.11592433818150735, 0.10998716804944783, -0.36602719918406085, 0.1123822417579898, 0.11562949016005178, 0.12008343013715511, 0.10855609751472364, 0.1151138350258984, 0.11582271149024025, 0.0734981882678948], [-1.3291574622787938, 0.1130479512279098, 0.10532717805725429, 0.11592433818150735, 54.65127596045004, 0.10567269613768873, -0.3907054986227235, 0.1076789265566108, 0.11042856937118531, 0.1142261955535042, 0.1044747009498586, 0.10998908989553303, 0.11059331182665476, 0.0702893706781091], [-1.2487469398591442, 0.10760995603552033, 0.10136044943131245, 0.10998716804944783, 0.10567269613768873, 54.63655169651368, -0.4153811129660989, 0.10324257886653614, 0.10546750301639897, 0.10857559475843968, 0.10067571310099269, 0.10510952318883557, 0.10560193576167605, 0.06719038548076488], [-6.96627095072049, -0.37963907838682526, -0.41712010323193494, -0.36602719918406085, -0.3907054986227235, -0.4153811129660989, 69.85485441675945, -0.4053043866920234, -0.3918951321955213, -0.37413947922814406, -0.4214425786738098, -0.39398335590637795, -0.39111517265093, -0.26897104804278044], [-1.281593681889947, 0.10979663388899616, 0.1029381220344603, 0.1123822417579898, 0.1076789265566108, 0.10324257886653614, -0.4053043866920234, 54.64231407541611, 0.10745435948173684, 0.11085148146177443, 0.10218649076026678, 0.10706226647914463, 0.10760149912065349, 0.06844585980003248], [-1.3252954240288168, 0.11277638661939873, 0.10512533938268233, 0.11562949016005178, 0.11042856937118531, 0.10546750301639897, -0.3918951321955213, 0.10745435948173684, 54.65051495136984, 0.11394466382948627, 0.10428111696985586, 0.10974356699701127, 0.11034264605162607, 0.07013530510653124], [-1.3827696605892883, 0.11687939999066374, 0.10818327121334625, 0.12008343013715511, 0.1142261955535042, 0.10857559475843968, -0.37413947922814406, 0.11085148146177443, 0.11394466382948627, 54.66243483842022, 0.10721522599379313, 0.11345236691770956, 0.11412915641781773, 0.07248103207452541], [-1.2289408666494805, 0.10630337171677817, 0.10041433632987457, 0.10855609751472364, 0.1044747009498586, 0.10067571310099269, -0.4214425786738098, 0.10218649076026678, 0.10428111696985586, 0.10721522599379313, 54.63325936713191, 0.1039435467758897, 0.10440793725647317, 0.06643853459692176], [-1.3185073624143426, 0.11230155823876478, 0.10477326121322139, 0.1151138350258984, 0.10998908989553303, 0.10510952318883557, -0.39398335590637795, 0.10706226647914463, 0.10974356699701127, 0.11345236691770956, 0.1039435467758897, 54.649190204282114, 0.10990445617201994, 0.06986608939826106], [-1.3278278795925924, 0.11295434599957868, 0.10525757232715004, 0.11582271149024025, 0.11059331182665476, 0.10560193576167605, -0.39111517265093, 0.10760149912065349, 0.11034264605162607, 0.11412915641781773, 0.10440793725647317, 0.10990445617201994, 54.65101336474674, 0.07023625570294219], [-0.8236794111975785, 0.07175578159738154, 0.0669720912075367, 0.0734981882678948, 0.0702893706781091, 0.06719038548076488, -0.26897104804278044, 0.06844585980003248, 0.07013530510653124, 0.07248103207452541, 0.06643853459692176, 0.06986608939826106, 0.07023625570294219, 54.533149330179015]]",
    "monomial_list": "[1, x9, x8, x7, x6, x5, x4, x3, x2, x13, x12, x11, x10, x1]"
}