{
    "name": "Multiplier-1",
    "rational_expression": "70421*x1**2/1000 - 18069*x1*x10/25000 - 18069*x1*x11/25000 - 7227*x1*x12/10000 - 72283*x1*x13/100000 - 18069*x1*x2/25000 - 72273*x1*x3/100000 - 18069*x1*x4/25000 - 4517*x1*x5/6250 - 18069*x1*x6/25000 - 14457*x1*x7/20000 - 4517*x1*x8/6250 - 1807*x1*x9/2500 - 1977*x1/250 + 11037*x10**2/200 + 49813*x10*x11/1000000 + 49813*x10*x12/1000000 + 49813*x10*x13/1000000 + 49813*x10*x2/1000000 + 49813*x10*x3/1000000 + 49813*x10*x4/1000000 + 49813*x10*x5/1000000 + 49813*x10*x6/1000000 + 49813*x10*x7/1000000 + 49813*x10*x8/1000000 + 49813*x10*x9/1000000 - 11869*x10/5000 + 11037*x11**2/200 + 49813*x11*x12/1000000 + 49813*x11*x13/1000000 + 49813*x11*x2/1000000 + 49813*x11*x3/1000000 + 49813*x11*x4/1000000 + 49813*x11*x5/1000000 + 49813*x11*x6/1000000 + 49813*x11*x7/1000000 + 49813*x11*x8/1000000 + 49813*x11*x9/1000000 - 11869*x11/5000 + 55181*x12**2/1000 + 49813*x12*x13/1000000 + 49813*x12*x2/1000000 + 49813*x12*x3/1000000 + 49813*x12*x4/1000000 + 49813*x12*x5/1000000 + 49813*x12*x6/1000000 + 49813*x12*x7/1000000 + 49813*x12*x8/1000000 + 49813*x12*x9/1000000 - 11869*x12/5000 + 55189*x13**2/1000 + 49813*x13*x2/1000000 + 49813*x13*x3/1000000 + 49813*x13*x4/1000000 + 49813*x13*x5/1000000 + 49813*x13*x6/1000000 + 49813*x13*x7/1000000 + 49813*x13*x8/1000000 + 49813*x13*x9/1000000 - 11869*x13/5000 + 11037*x2**2/200 + 49813*x2*x3/1000000 + 49813*x2*x4/1000000 + 49813*x2*x5/1000000 + 49813*x2*x6/1000000 + 49813*x2*x7/1000000 + 49813*x2*x8/1000000 + 49813*x2*x9/1000000 - 11869*x2/5000 + 55183*x3**2/1000 + 49813*x3*x4/1000000 + 49813*x3*x5/1000000 + 49813*x3*x6/1000000 + 49813*x3*x7/1000000 + 49813*x3*x8/1000000 + 49813*x3*x9/1000000 - 11869*x3/5000 + 11037*x4**2/200 + 49813*x4*x5/1000000 + 49813*x4*x6/1000000 + 49813*x4*x7/1000000 + 49813*x4*x8/1000000 + 49813*x4*x9/1000000 - 11869*x4/5000 + 27591*x5**2/500 + 49813*x5*x6/1000000 + 49813*x5*x7/1000000 + 49813*x5*x8/1000000 + 49813*x5*x9/1000000 - 11869*x5/5000 + 11037*x6**2/200 + 49813*x6*x7/1000000 + 49813*x6*x8/1000000 + 49813*x6*x9/1000000 - 11869*x6/5000 + 5519*x7**2/100 + 49813*x7*x8/1000000 + 49813*x7*x9/1000000 - 11869*x7/5000 + 27591*x8**2/500 + 49813*x8*x9/1000000 - 11869*x8/5000 + 55187*x9**2/1000 - 11869*x9/5000 + 56529/1000",
    "Q": "[[56.52930250657787, -1.202217699100448, -1.1754519944921116, -1.2108173730145462, -1.1946805806819, -1.176738026645689, -1.19486159184824, -1.1841824998596604, -1.1938431348169556, -1.2057498532535318, -1.1722338094449556, -1.1923650282896772, -1.1943925954931465, -3.9851679794107957], [-1.202217699100448, 55.18803584736149, 0.002965443266279571, 0.007370936605219064, 0.005396854073362553, 0.0031322737943655166, 0.005419587675878314, 0.0040797347372846515, 0.005291805933164653, 0.006800046678006481, 0.0025482198503031695, 0.005106855226980705, 0.0053607062648369916, -0.33676784256840403], [-1.1754519944921116, 0.002965443266279571, 55.180987805016315, 0.003592121079500527, 0.002423927516871465, 0.0011636785035568135, 0.002436744755205695, 0.0016883443624290432, 0.002364725080534454, 0.0032082209413973927, 0.0008368258127559129, 0.0022606313636809572, 0.002403550593430247, -0.35033683746150096], [-1.2108173730145462, 0.007370936605219064, 0.003592121079500527, 55.19106144901277, 0.006294637512337809, 0.003778264655999958, 0.006319906530803588, 0.004832841549523506, 0.006177882227746343, 0.007863463975041016, 0.0031254287019288956, 0.005972311548994842, 0.0062544599052887645, -0.33208856365940653], [-1.1946805806819, 0.005396854073362553, 0.002423927516871465, 0.006294637512337809, 55.1856059613962, 0.002569825997361356, 0.004576304870871342, 0.003399128669293219, 0.004464334123458014, 0.005777549357205473, 0.0020596917275814528, 0.004302211135823165, 0.004524715896542179, -0.3407139615294016], [-1.176738026645689, 0.0031322737943655166, 0.0011636785035568135, 0.003778264655999958, 0.002569825997361356, 55.18124483002034, 0.0025831445003391493, 0.0018056121837160897, 0.0025083033659263343, 0.0033848144794492935, 0.0009214323069842074, 0.002400109797998242, 0.0025486514051086587, -0.34969135317701333], [-1.19486159184824, 0.005419587675878314, 0.002436744755205695, 0.006319906530803588, 0.004576304870871342, 0.0025831445003391493, 55.18565989253039, 0.003415313139709055, 0.004483950684956842, 0.005801602707338407, 0.002071249338216959, 0.00432129983091297, 0.004544529122903601, -0.34062202207866316], [-1.1841824998596604, 0.0040797347372846515, 0.0016883443624290432, 0.004832841549523506, 0.003399128669293219, 0.0018056121837160897, 0.003415313139709055, 55.18281554132224, 0.0033243095603445274, 0.004386285449094175, 0.0013955801895383802, 0.0031924841053429694, 0.003373388672812391, -0.3459841045775574], [-1.1938431348169556, 0.005291805933164653, 0.002364725080534454, 0.006177882227746343, 0.004464334123458014, 0.0025083033659263343, 0.004483950684956842, 0.0033243095603445274, 55.18535764596619, 0.005666419128433924, 0.002006313521845236, 0.004213979575030899, 0.004433138286684747, -0.34113854946202987], [-1.2057498532535318, 0.006800046678006481, 0.0032082209413973927, 0.007863463975041016, 0.005777549357205473, 0.0033848144794492935, 0.005801602707338407, 0.004386285449094175, 0.005666419128433924, 55.18936478956474, 0.0027660546273384594, 0.005470796818104773, 0.005739305879001702, -0.33484537059520497], [-1.1722338094449556, 0.0025482198503031695, 0.0008368258127559129, 0.0031254287019288956, 0.0020596917275814528, 0.0009214323069842074, 0.002071249338216959, 0.0013955801895383802, 0.002006313521845236, 0.0027660546273384594, 55.180362566413464, 0.001912486554656909, 0.002041318290189759, -0.35195116265905313], [-1.1923650282896772, 0.005106855226980705, 0.0022606313636809572, 0.005972311548994842, 0.004302211135823165, 0.002400109797998242, 0.00432129983091297, 0.0031924841053429694, 0.004213979575030899, 0.005470796818104773, 0.001912486554656909, 55.18492375484341, 0.004271854387464348, -0.3418855442526671], [-1.1943925954931465, 0.0053607062648369916, 0.002403550593430247, 0.0062544599052887645, 0.004524715896542179, 0.0025486514051086587, 0.004544529122903601, 0.003373388672812391, 0.004433138286684747, 0.005739305879001702, 0.002041318290189759, 0.004271854387464348, 55.18552035040958, -0.34086010796948074], [-3.9851679794107957, -0.33676784256840403, -0.35033683746150096, -0.33208856365940653, -0.3407139615294016, -0.34969135317701333, -0.34062202207866316, -0.3459841045775574, -0.34113854946202987, -0.33484537059520497, -0.35195116265905313, -0.3418855442526671, -0.34086010796948074, 70.42220807828036]]",
    "monomial_list": "[1, x9, x8, x7, x6, x5, x4, x3, x2, x13, x12, x11, x10, x1]"
}