{
    "name": "Total Decomposition",
    "rational_expression": "5571*x1**4/100000 - 253*x1**3*x2/40000 - 5903*x1**3/10000 + 1047*x1**2*x2**2/10000 + 1743*x1**2*x2/50000 + 1573*x1**2/1000 - 3011*x1*x2**3/500000 - 5079*x1*x2**2/10000 + 601*x1*x2/5000 + 273*x1/625 + 2419*x2**4/50000 - 2797*x2**3/100000 + 817*x2**2/500 + 107*x2/625 + 1241/1000",
    "Q": "[[1.2413079387830388, 0.08534267933577581, 0.21836783590959827, 0.07557583517023217, -0.0042772862470180405, -0.0729835886511564], [0.08534267933577581, 1.4829289181431324, 0.06376646655117894, -0.014561885739087226, -0.23789534896853673, -0.011198710344728304], [0.21836783590959827, 0.06376646655117894, 1.7192576537749131, -0.015593478481948015, 0.027769116023314153, -0.2950084406588157], [0.07557583517023217, -0.014561885739087226, -0.015593478481948015, 0.04866601312093084, -0.0029955877616093087, -0.006122894449832065], [-0.0042772862470180405, -0.23789534896853673, 0.027769116023314153, -0.0029955877616093087, 0.11685451562556419, -0.0029955881187124136], [-0.0729835886511564, -0.011198710344728304, -0.2950084406588157, -0.006122894449832065, -0.0029955881187124136, 0.055942714487760725]]",
    "monomial_list": "[1, x2, x1, x2**2, x1*x2, x1**2]"
}