{
    "name": "Multiplier-5",
    "rational_expression": "2057*x1**2/1000 - 1771*x1*x10/1000000 - 1009*x1*x11/200000 - 359*x1*x12/200000 - 6277*x1*x13/10000000 - 1769*x1*x14/1000000 - 77*x1*x15/15625 - 1823*x1*x2/1000000 - 169*x1*x3/500000 - 1789*x1*x4/1000000 + 2421*x1*x5/500000 - 1789*x1*x6/1000000 - 4869*x1*x7/1000000 - 1847*x1*x8/1000000 - 5083*x1*x9/1000000 - 3409*x1/100000 + 409*x10**2/200 - 401*x10*x11/20000 - 667*x10*x12/25000 - 1157*x10*x13/100000 - 2741*x10*x14/100000 - 219*x10*x15/12500 - 2773*x10*x2/100000 - 2941*x10*x3/500000 - 1421*x10*x4/50000 + 2699*x10*x5/1000000 - 2877*x10*x6/100000 - 1873*x10*x7/100000 - 73*x10*x8/2500 - 1103*x10*x9/50000 + 83*x10/400 + 1023*x11**2/500 - 81*x11*x12/4000 - 2649*x11*x13/500000 - 259*x11*x14/12500 - 8093*x11*x15/1000000 - 419*x11*x2/20000 - 2599*x11*x3/1000000 - 267*x11*x4/12500 + 1569*x11*x5/1000000 - 541*x11*x6/25000 - 4443*x11*x7/500000 - 219*x11*x8/10000 - 523*x11*x9/62500 + 1207*x11/10000 + 409*x12**2/200 - 289*x12*x13/25000 - 1369*x12*x14/50000 - 87*x12*x15/4000 - 139*x12*x2/5000 - 5881*x12*x3/1000000 - 1421*x12*x4/50000 + 2699*x12*x5/1000000 - 2883*x12*x6/100000 - 1873*x12*x7/100000 - 73*x12*x8/2500 - 1103*x12*x9/50000 + 83*x12/400 + 409*x13**2/200 - 147*x13*x14/12500 - 1449*x13*x15/250000 - 119*x13*x2/10000 + 2063*x13*x3/2500000 - 1213*x13*x4/100000 + 4661*x13*x5/5000000 - 123*x13*x6/10000 - 533*x13*x7/250000 - 621*x13*x8/50000 - 2969*x13*x9/500000 + 287*x13/4000 + 409*x14**2/200 - 1763*x14*x15/100000 - 699*x14*x2/25000 - 5919*x14*x3/1000000 - 2859*x14*x4/100000 + 2649*x14*x5/1000000 - 2899*x14*x6/100000 - 371*x14*x7/25000 - 1467*x14*x8/50000 - 2217*x14*x9/100000 + 2039*x14/10000 + 1023*x15**2/500 - 1769*x15*x2/100000 - 111*x15*x3/40000 - 361*x15*x4/20000 + 11*x15*x5/8000 - 1829*x15*x6/100000 - 2653*x15*x7/500000 - 1849*x15*x8/100000 - 8843*x15*x9/1000000 + 1057*x15/10000 + 511*x2**2/250 - 5883*x2*x3/1000000 - 709*x2*x4/25000 + 2699*x2*x5/1000000 - 2877*x2*x6/100000 - 1873*x2*x7/100000 - 73*x2*x8/2500 - 1103*x2*x9/50000 + 83*x2/400 + 511*x3**2/250 - 747*x3*x4/125000 + 4913*x3*x5/10000000 - 6059*x3*x6/1000000 + 261*x3*x7/250000 - 6109*x3*x8/1000000 - 557*x3*x9/200000 + 1889*x3/50000 + 511*x4**2/250 + 2649*x4*x5/1000000 - 2897*x4*x6/100000 - 471*x4*x7/25000 - 147*x4*x8/5000 - 2217*x4*x9/100000 + 2039*x4/10000 + 328*x5**2/125 + 2649*x5*x6/1000000 + 319*x5*x7/250000 + 2699*x5*x8/1000000 + 1569*x5*x9/1000000 + 2453*x5/50000 + 511*x6**2/250 - 471*x6*x7/25000 - 1467*x6*x8/50000 - 2217*x6*x9/100000 + 2039*x6/10000 + 1023*x7**2/500 - 1891*x7*x8/100000 - 142*x7*x9/15625 + 9813*x7/100000 + 409*x8**2/200 - 1103*x8*x9/50000 + 83*x8/400 + 1023*x9**2/500 + 1207*x9/10000 + 1887/1000",
    "Q": "[[1.887480380762621, 0.06043542155825803, 0.10303394006773557, 0.049490819491349286, 0.10188496827278448, 0.024009321903707897, 0.10267280352435927, 0.018816928307582262, 0.10305591232648897, 0.05356251836728304, 0.10142845132987059, 0.03634518547559087, 0.10346947380222024, 0.06033003648167438, 0.10338895843375172, -0.016668013132319463], [0.06043542155825803, 2.046084996096512, -0.010831081736457127, -0.003728135819303235, -0.010561527315429755, -0.00016066472365219866, -0.010725414396098398, -0.0006670392693039989, -0.010838228035141914, -0.004192278907120009, -0.010448323224336122, -0.0023763854397551437, -0.01106971577741221, -0.004980077134085953, -0.010990425683614689, -0.002113122026526472], [0.10303394006773557, -0.010831081736457127, 2.0444768831105296, -0.008790950936781429, -0.014766703689328576, 0.0016479904460110165, -0.014435397760469832, -0.002689423466753232, -0.01428208220381957, -0.009562902523591895, -0.01490479375173294, -0.006223836185371991, -0.013937443480069063, -0.010812054435614456, -0.014048170689984981, -0.0008898179031577017], [0.049490819491349286, -0.003728135819303235, -0.008790950936781429, 2.0459048722257274, -0.00849664414623942, -0.00027075550270902335, -0.008677091815352577, -0.0003886718382743147, -0.008798530005027698, -0.00305209279130795, -0.008402010105666397, -0.0016553506736232382, -0.009054374735628644, -0.0037181797927536846, -0.008967471188034957, -0.0018265587260084433], [0.10188496827278448, -0.010561527315429755, -0.014766703689328576, -0.00849664414623942, 2.044097464785055, 0.001300757519689441, -0.014929746649592915, -0.002492211378515952, -0.01475805118178636, -0.00927099129631307, -0.01538220165462505, -0.005960435665449301, -0.01438868855223358, -0.010542163275422586, -0.014504020716330156, -0.001297782811151227], [0.024009321903707897, -0.00016066472365219866, 0.0016479904460110165, -0.00027075550270902335, 0.001300757519689441, 2.623917122912871, 0.0015405629057479513, -0.0006526533749068237, 0.0016523379329336065, -0.00022758910449176725, 0.0012166952239910345, -0.00043699018642928363, 0.0017603119128866186, -0.000161929676639083, 0.0017483691236030757, 0.0017279232105701875], [0.10267280352435927, -0.010725414396098398, -0.014435397760469832, -0.008677091815352577, -0.014929746649592915, 0.0015405629057479513, 2.044191444803336, -0.002614600399676147, -0.014427252889474053, -0.009449375083150878, -0.015064647442182555, -0.006122481414003076, -0.014068160036617832, -0.01070623866572299, -0.014183605087848458, -0.001037496892710642], [0.018816928307582262, -0.0006670392693039989, -0.002689423466753232, -0.0003886718382743147, -0.002492211378515952, -0.0006526533749068237, -0.002614600399676147, 2.0438434448059297, -0.0026942542436401012, -0.0004803383757790208, -0.0024321519950564027, -0.00018254861172519468, -0.002862622708032046, -0.0006642256069883696, -0.002807119178240286, -0.0005691078858003302], [0.10305591232648897, -0.010838228035141914, -0.01428208220381957, -0.008798530005027698, -0.01475805118178636, 0.0016523379329336065, -0.014427252889474053, -0.0026942542436401012, 2.0445005575696045, -0.009570491583016483, -0.014896353846096241, -0.006230517258864667, -0.013930465377257617, -0.01081920963125957, -0.0140408520221903, -0.0008810258808338758], [0.05356251836728304, -0.004192278907120009, -0.009562902523591895, -0.00305209279130795, -0.00927099129631307, -0.00022758910449176725, -0.009449375083150878, -0.0004803383757790208, -0.009570491583016483, 2.0460174935007625, -0.00917241409917412, -0.0019056485562383824, -0.009824371172204902, -0.004181612594767634, -0.009737878221874554, -0.0019457656538675052], [0.10142845132987059, -0.010448323224336122, -0.01490479375173294, -0.008402010105666397, -0.01538220165462505, 0.0012166952239910345, -0.015064647442182555, -0.0024321519950564027, -0.014896353846096241, -0.00917241409917412, 2.0441400874399465, -0.005877125857034908, -0.014539938454672798, -0.010429191791670848, -0.014649936852250339, -0.0014068986442899451], [0.03634518547559087, -0.0023763854397551437, -0.006223836185371991, -0.0016553506736232382, -0.005960435665449301, -0.00043699018642928363, -0.006122481414003076, -0.00018254861172519468, -0.006230517258864667, -0.0019056485562383824, -0.005877125857034908, 2.045187179702967, -0.006458563903574834, -0.002369335819724934, -0.006381915938409347, -0.0013274646643906959], [0.10346947380222024, -0.01106971577741221, -0.013937443480069063, -0.009054374735628644, -0.01438868855223358, 0.0017603119128866186, -0.014068160036617832, -0.002862622708032046, -0.013930465377257617, -0.009824371172204902, -0.014539938454672798, -0.006458563903574834, 2.0453629000568787, -0.011051122629585297, -0.013732670780632367, -0.000545953370586257], [0.06033003648167438, -0.004980077134085953, -0.010812054435614456, -0.0037181797927536846, -0.010542163275422586, -0.000161929676639083, -0.01070623866572299, -0.0006642256069883696, -0.01081920963125957, -0.004181612594767634, -0.010429191791670848, -0.002369335819724934, -0.011051122629585297, 2.0460840907536872, -0.010971694618933625, -0.0021104459788323523], [0.10338895843375172, -0.010990425683614689, -0.014048170689984981, -0.008967471188034957, -0.014504020716330156, 0.0017483691236030757, -0.014183605087848458, -0.002807119178240286, -0.0140408520221903, -0.009737878221874554, -0.014649936852250339, -0.006381915938409347, -0.013732670780632367, -0.010971694618933625, 2.0450931129320398, -0.0006525968805931186], [-0.016668013132319463, -0.002113122026526472, -0.0008898179031577017, -0.0018265587260084433, -0.001297782811151227, 0.0017279232105701875, -0.001037496892710642, -0.0005691078858003302, -0.0008810258808338758, -0.0019457656538675052, -0.0014068986442899451, -0.0013274646643906959, -0.000545953370586257, -0.0021104459788323523, -0.0006525968805931186, 2.0566992756362104]]",
    "monomial_list": "[1, x9, x8, x7, x6, x5, x4, x3, x2, x15, x14, x13, x12, x11, x10, x1]"
}