{
    "name": "Multiplier-11",
    "rational_expression": "2057*x1**2/1000 - 1671*x1*x10/1000000 + 4837*x1*x11/1000000 - 1671*x1*x12/1000000 - 37*x1*x13/8000 - 1663*x1*x14/1000000 - 77*x1*x15/15625 - 1711*x1*x2/1000000 - 841*x1*x3/2500000 - 1711*x1*x4/1000000 - 5007*x1*x5/1000000 - 1711*x1*x6/1000000 - 2441*x1*x7/500000 - 1763*x1*x8/1000000 - 2531*x1*x9/500000 - 689*x1/20000 + 1023*x10**2/500 + 2579*x10*x11/1000000 - 1201*x10*x12/50000 - 1179*x10*x13/100000 - 2859*x10*x14/100000 - 1781*x10*x15/100000 - 2497*x10*x2/100000 - 2987*x10*x3/500000 - 253*x10*x4/10000 - 1109*x10*x5/50000 - 2607*x10*x6/100000 - 1903*x10*x7/100000 - 1317*x10*x8/50000 - 141*x10*x9/6250 + 1983*x10/10000 + 328*x11**2/125 + 2579*x11*x12/1000000 + 9421*x11*x13/10000000 + 633*x11*x14/250000 + 1389*x11*x15/1000000 + 2579*x11*x2/1000000 + 1239*x11*x3/2500000 + 2579*x11*x4/1000000 + 93*x11*x5/62500 + 633*x11*x6/250000 + 1289*x11*x7/1000000 + 2579*x11*x8/1000000 + 1537*x11*x9/1000000 + 2479*x11/50000 + 1023*x12**2/500 - 1179*x12*x13/100000 - 2859*x12*x14/100000 - 1781*x12*x15/100000 - 2497*x12*x2/100000 - 2987*x12*x3/500000 - 253*x12*x4/10000 - 1109*x12*x5/50000 - 2607*x12*x6/100000 - 1903*x12*x7/100000 - 1317*x12*x8/50000 - 141*x12*x9/6250 + 1983*x12/10000 + 1023*x13**2/500 - 1193*x13*x14/100000 - 327*x13*x15/200000 - 151*x13*x2/12500 + 21*x13*x3/25000 - 611*x13*x4/50000 - 5833*x13*x5/1000000 - 1251*x13*x6/100000 - 53*x13*x7/25000 - 1261*x13*x8/100000 - 599*x13*x9/100000 + 7251*x13/100000 + 409*x14**2/200 - 893*x14*x15/50000 - 2913*x14*x2/100000 - 5997*x14*x3/1000000 - 2949*x14*x4/100000 - 1803*x14*x5/100000 - 1513*x14*x6/50000 - 1513*x14*x7/100000 - 2653*x14*x8/100000 - 567*x14*x9/25000 + 973*x14/5000 + 2047*x15**2/1000 - 1797*x15*x2/100000 + 1239*x15*x3/1000000 - 1817*x15*x4/100000 - 8683*x15*x5/1000000 - 1861*x15*x6/100000 - 661*x15*x7/125000 - 469*x15*x8/25000 - 8919*x15*x9/1000000 + 267*x15/2500 + 1023*x2**2/500 - 2987*x2*x3/500000 - 253*x2*x4/10000 - 1109*x2*x5/50000 - 2607*x2*x6/100000 - 1903*x2*x7/100000 - 1317*x2*x8/50000 - 141*x2*x9/6250 + 1983*x2/10000 + 511*x3**2/250 - 1507*x3*x4/250000 - 137*x3*x5/50000 - 617*x3*x6/100000 + 131*x3*x7/125000 - 6207*x3*x8/1000000 - 703*x3*x9/250000 + 953*x3/25000 + 409*x4**2/200 - 1109*x4*x5/50000 - 2607*x4*x6/100000 - 1903*x4*x7/100000 - 1317*x4*x8/50000 - 141*x4*x9/6250 + 1983*x4/10000 + 2047*x5**2/1000 - 911*x5*x6/50000 - 1273*x5*x7/250000 - 1837*x5*x8/100000 - 4343*x5*x9/500000 + 143*x5/1250 + 409*x6**2/200 - 1513*x6*x7/100000 - 2653*x6*x8/100000 - 567*x6*x9/25000 + 973*x6/5000 + 1023*x7**2/500 - 1919*x7*x8/100000 - 1291*x7*x9/250000 + 9917*x7/100000 + 409*x8**2/200 - 141*x8*x9/6250 + 1983*x8/10000 + 2047*x9**2/1000 + 1183*x9/10000 + 1907/1000",
    "Q": "[[1.9066089472991035, 0.05963378730495623, 0.09877911225527591, 0.04906549578400239, 0.09787588614662761, 0.05691944992112147, 0.09850856986367457, 0.019083341095181297, 0.09879561940436504, 0.05300124593651437, 0.09751339941816892, 0.03627603806143009, 0.0989988809931255, 0.025290141108857987, 0.09898948962016023, -0.017900276305184495], [0.05963378730495623, 2.0468481092009894, -0.010669504399510652, -0.0034889546087864694, -0.010388384581209125, -0.00441522951261412, -0.010558654810424915, -0.000539415548275494, -0.010676992038165835, -0.003946390638572667, -0.010265234660117783, -0.0021697342526278544, -0.010922856984126254, -0.0002084211790690912, -0.010837807293000747, -0.0021820041938800877], [0.09877911225527591, -0.010669504399510652, 2.045391883405899, -0.00872896372907414, -0.01375566575037589, -0.010184068855379431, -0.013400395916287602, -0.0027847040888179376, -0.013231195771568451, -0.009466529011832503, -0.013913924064467531, -0.006246808943997026, -0.012849955746962452, 0.0014423081173091312, -0.01297304249323587, -0.0005626780569361968], [0.04906549578400239, -0.0034889546087864694, -0.00872896372907414, 2.046737483895311, -0.008417187065086807, -0.0032208309663590753, -0.00860736278453354, -0.00025657899469671885, -0.008737055312611366, -0.002823891512420374, -0.008308511330451965, -0.001452796150581579, -0.00901445327962062, -0.0002878086431190099, -0.008919297345416174, -0.0019225939394139583], [0.09787588614662761, -0.010388384581209125, -0.01375566575037589, -0.008417187065086807, 2.0448694745995266, -0.009892174460401911, -0.013930396274490695, -0.0025685887359810024, -0.01374625221451153, -0.00915986434864338, -0.014432913154806663, -0.005961907382863673, -0.013346475277368068, 0.0010864788374035108, -0.013472705695863837, -0.0009958250051062352], [0.05691944992112147, -0.00441522951261412, -0.010184068855379431, -0.0032208309663590753, -0.009892174460401911, 2.0468442731286514, -0.010068901149418094, -0.00046148314408772005, -0.010191816509156418, -0.003659647400779943, -0.009774516638938757, -0.0019791581640220073, -0.010450106237178259, -0.00023160816123979114, -0.010360979556772959, -0.002119481024005119], [0.09850856986367457, -0.010558654810424915, -0.013400395916287602, -0.00860736278453354, -0.013930396274490695, -0.010068901149418094, 2.045052171338175, -0.002702028909568664, -0.013391381788725034, -0.00934639410690122, -0.014085922656519503, -0.0061362692998204295, -0.012998340595816314, 0.001333242456861513, -0.013125666476504877, -0.0007204565137528578], [0.019083341095181297, -0.000539415548275494, -0.0027847040888179376, -0.00025657899469671885, -0.0025685887359810024, -0.00046148314408772005, -0.002702028909568664, 2.0447090355882978, -0.0027900404980044442, -0.00035036257961430653, -0.002496852231181641, -5.6667694170138903e-05, -0.002979239472093032, -0.0006165262888220862, -0.0029160733428772925, -0.0006745225099693836], [0.09879561940436504, -0.010676992038165835, -0.013231195771568451, -0.008737055312611366, -0.01374625221451153, -0.010191816509156418, -0.013391381788725034, -0.0027900404980044442, 2.045418585149381, -0.009474559205024529, -0.01390473135676225, -0.006254087889388455, -0.01284186356434244, 0.0014467145669201152, -0.012964620695263432, -0.0005532392248023331], [0.05300124593651437, -0.003946390638572667, -0.009466529011832503, -0.002823891512420374, -0.00915986434864338, -0.003659647400779943, -0.00934639410690122, -0.00035036257961430653, -0.009474559205024529, 2.0468230146451574, -0.009048346907975891, -0.0017029035261066075, -0.00974696605446078, -0.00025742948233285133, -0.009653263391224211, -0.0020306277187204557], [0.09751339941816892, -0.010265234660117783, -0.013913924064467531, -0.008308511330451965, -0.014432913154806663, -0.009774516638938757, -0.014085922656519503, -0.002496852231181641, -0.01390473135676225, -0.009048346907975891, 2.0448769046770656, -0.005864013197445099, -0.013519318208790052, 0.0010050604837871491, -0.013639569840396784, -0.0011198564888537915], [0.03627603806143009, -0.0021697342526278544, -0.006246808943997026, -0.001452796150581579, -0.005961907382863673, -0.0019791581640220073, -0.0061362692998204295, -5.6667694170138903e-05, -0.006254087889388455, -0.0017029035261066075, -0.005864013197445099, 2.0460625428767623, -0.00650713875464409, -0.000421093628799689, -0.006421140164846573, -0.0014426663331146604], [0.0989988809931255, -0.010922856984126254, -0.012849955746962452, -0.00901445327962062, -0.013346475277368068, -0.010450106237178259, -0.012998340595816314, -0.002979239472093032, -0.01284186356434244, -0.00974696605446078, -0.013519318208790052, -0.00650713875464409, 2.0463955528932756, 0.001557508167250129, -0.012620525192531385, -0.00019200243826363064], [0.025290141108857987, -0.0002084211790690912, 0.0014423081173091312, -0.0002878086431190099, 0.0010864788374035108, -0.00023160816123979114, 0.001333242456861513, -0.0006165262888220862, 0.0014467145669201152, -0.00025742948233285133, 0.0010050604837871491, -0.000421093628799689, 0.001557508167250129, 2.6245587418468204, 0.001546107492116725, 0.0016476680276345727], [0.09898948962016023, -0.010837807293000747, -0.01297304249323587, -0.008919297345416174, -0.013472705695863837, -0.010360979556772959, -0.013125666476504877, -0.0029160733428772925, -0.012964620695263432, -0.009653263391224211, -0.013639569840396784, -0.006421140164846573, -0.012620525192531385, 0.001546107492116725, 2.046084599789702, -0.00030822426323518035], [-0.017900276305184495, -0.0021820041938800877, -0.0005626780569361968, -0.0019225939394139583, -0.0009958250051062352, -0.002119481024005119, -0.0007204565137528578, -0.0006745225099693836, -0.0005532392248023331, -0.0020306277187204557, -0.0011198564888537915, -0.0014426663331146604, -0.00019200243826363064, 0.0016476680276345727, -0.00030822426323518035, 2.0569975704552]]",
    "monomial_list": "[1, x9, x8, x7, x6, x5, x4, x3, x2, x15, x14, x13, x12, x11, x10, x1]"
}