{
    "name": "Multiplier-14",
    "rational_expression": "258*x1**2/125 + 813*x1*x10/100000 + 5929*x1*x11/1000000 + 2017*x1*x12/250000 + 7259*x1*x13/10000000 + 607*x1*x14/50000 + 89*x1*x15/62500 + 159*x1*x2/20000 + 1053*x1*x3/50000000 + 4001*x1*x4/500000 + 717*x1*x5/125000 + 7933*x1*x6/1000000 + 579*x1*x7/500000 + 3939*x1*x8/500000 + 577*x1*x9/100000 - 1173*x1/12500 + 417*x10**2/200 + 1511*x10*x11/50000 + 5281*x10*x12/100000 + 731*x10*x13/50000 + 2103*x10*x14/50000 + 499*x10*x15/20000 + 13*x10*x2/250 + 7*x10*x3/1600 + 5599*x10*x4/100000 + 1451*x10*x5/50000 + 173*x10*x6/3125 + 2371*x10*x7/100000 + 5467*x10*x8/100000 + 2859*x10*x9/100000 - 2231*x10/10000 + 2073*x11**2/1000 + 1501*x11*x12/50000 + 2351*x11*x13/250000 + 7719*x11*x14/1000000 + 719*x11*x15/50000 + 2971*x11*x2/100000 + 2137*x11*x3/500000 + 2957*x11*x4/100000 + 717*x11*x5/50000 + 731*x11*x6/25000 + 9701*x11*x7/1000000 + 2887*x11*x8/100000 + 141*x11*x9/10000 - 399*x11/4000 + 521*x12**2/250 + 1461*x12*x13/100000 + 4751*x12*x14/100000 + 2493*x12*x15/100000 + 1039*x12*x2/20000 + 4371*x12*x3/1000000 + 259*x12*x4/5000 + 1451*x12*x5/50000 + 173*x12*x6/3125 + 2371*x12*x7/100000 + 5467*x12*x8/100000 + 2859*x12*x9/100000 - 2231*x12/10000 + 2069*x13**2/1000 + 1081*x13*x14/1000000 + 5057*x13*x15/1000000 + 291*x13*x2/20000 + 2931*x13*x3/50000000 + 1447*x13*x4/100000 + 2297*x13*x5/250000 + 1429*x13*x6/100000 + 4753*x13*x7/1000000 + 1411*x13*x8/100000 + 9051*x13*x9/1000000 - 4119*x13/100000 + 1323*x14**2/500 + 1539*x14*x15/250000 + 4213*x14*x2/100000 + 1387*x14*x3/10000000 + 4187*x14*x4/100000 + 1017*x14*x5/100000 + 4143*x14*x6/100000 + 5391*x14*x7/1000000 + 2247*x14*x8/50000 + 2437*x14*x9/250000 - 411*x14/5000 + 259*x15**2/125 + 621*x15*x2/25000 + 2131*x15*x3/500000 + 2473*x15*x4/100000 + 1401*x15*x5/100000 + 2443*x15*x6/100000 + 947*x15*x7/100000 + 603*x15*x8/25000 + 69*x15*x9/5000 - 411*x15/5000 + 1043*x2**2/500 + 7*x2*x3/1600 + 5599*x2*x4/100000 + 1451*x2*x5/50000 + 173*x2*x6/3125 + 2371*x2*x7/100000 + 5467*x2*x8/100000 + 2859*x2*x9/100000 - 2231*x2/10000 + 517*x3**2/250 + 4363*x3*x4/1000000 + 1061*x3*x5/250000 + 2147*x3*x6/500000 + 841*x3*x7/200000 + 2109*x3*x8/500000 + 167*x3*x9/40000 + 261*x4**2/125 + 1457*x4*x5/50000 + 1493*x4*x6/25000 + 1189*x4*x7/50000 + 5489*x4*x8/100000 + 2869*x4*x9/100000 - 2289*x4/10000 + 2073*x5**2/1000 + 2901*x5*x6/100000 + 963*x5*x7/100000 + 179*x5*x8/6250 + 1399*x5*x9/100000 - 1173*x5/12500 + 2089*x6**2/1000 + 119*x6*x7/5000 + 2951*x6*x8/50000 + 2869*x6*x9/100000 - 2289*x6/10000 + 259*x7**2/125 + 1183*x7*x8/50000 + 17*x7*x9/1250 - 3519*x7/50000 + 2087*x8**2/1000 + 2869*x8*x9/100000 - 2289*x8/10000 + 1037*x9**2/500 - 399*x9/4000 + 1467/500",
    "Q": "[[2.933517969678691, -0.04887848902290716, -0.11296967079453207, -0.0357379718739714, -0.11372597957835763, -0.0455531942986873, -0.11392654400358411, -0.0011275666744042, -0.11290961940803108, -0.040631953000430744, -0.042522855672290985, -0.020568480303432998, -0.11045608569417205, -0.048755168133069314, -0.1112200197771865, -0.047962498340097415], [-0.04887848902290716, 2.0736879093195943, 0.01505726784810751, 0.00579883050170879, 0.015316514139019367, 0.007020604032225703, 0.015305023807650673, 0.0014503643262811145, 0.015040967384708014, 0.006411141370844613, 0.00496828040818194, 0.003898778032234359, 0.014407624952188731, 0.007409160503445724, 0.014611943228402003, 0.0019691536111638586], [-0.11296967079453207, 0.01505726784810751, 2.086614907355469, 0.01173337288929053, 0.028431354271415, 0.014216975921003551, 0.027972492689063932, 0.0029182662961248374, 0.027459204567162283, 0.012973025413774628, 0.021754556533508287, 0.007877878347641733, 0.02625900377547689, 0.015026133866052957, 0.02663082994598977, 0.0036735162605161034], [-0.0357379718739714, 0.00579883050170879, 0.01173337288929053, 2.071517756474212, 0.011913458258826176, 0.0054816755628198325, 0.011929745937205583, 0.001150921329591165, 0.011720238482219078, 0.005002894675114696, 0.0031898444215843935, 0.0030515144741460045, 0.011216172553159577, 0.005787216746456893, 0.011379162843246948, 0.0014934588458298207], [-0.11372597957835763, 0.015316514139019367, 0.028431354271415, 0.011913458258826176, 2.0887291190195745, 0.014457966604336485, 0.029055611749767493, 0.002928273168177569, 0.0283947529066594, 0.013182375438939294, 0.020398230384763034, 0.007981077186164514, 0.026951355615419514, 0.015284754802342291, 0.027400904771641154, 0.0039521418628547696], [-0.0455531942986873, 0.007020604032225703, 0.014216975921003551, 0.0054816755628198325, 0.014457966604336485, 2.0731042846360612, 0.014453182879085574, 0.0013761509995304437, 0.014201371965023657, 0.006061394753398328, 0.0044953778914358245, 0.0036871372058375745, 0.013597247569216799, 0.007006602132437172, 0.013792235047373097, 0.0018464727535653454], [-0.11392654400358411, 0.015305023807650673, 0.027972492689063932, 0.011929745937205583, 0.029055611749767493, 0.014453182879085574, 2.0877500940762674, 0.002972605226741096, 0.027940119723304253, 0.013189494107237595, 0.02132642839503764, 0.008013161856942745, 0.026623323455181116, 0.015273484941722471, 0.02703454653439933, 0.003770083686015], [-0.0011275666744042, 0.0014503643262811145, 0.0029182662961248374, 0.001150921329591165, 0.002928273168177569, 0.0013761509995304437, 0.002972605226741096, 2.068480114332136, 0.002914248741336848, 0.0012634913998560142, -0.0008862246001657277, 0.0008004901499664752, 0.002769521787903333, 0.0014476677617621609, 0.0028165203802545504, 0.00026266782429297937], [-0.11290961940803108, 0.015040967384708014, 0.027459204567162283, 0.011720238482219078, 0.0283947529066594, 0.014201371965023657, 0.027940119723304253, 0.002914248741336848, 2.0865447867716873, 0.012958636302938122, 0.021777997205576795, 0.00786862716670838, 0.02623751306490897, 0.015009857453558364, 0.02660663459034982, 0.003668750488260221], [-0.040631953000430744, 0.006411141370844613, 0.012973025413774628, 0.005002894675114696, 0.013182375438939294, 0.006061394753398328, 0.013189494107237595, 0.0012634913998560142, 0.012958636302938122, 2.072274261012347, 0.00382714398398321, 0.0033686625413394517, 0.012404109278627673, 0.0063983321291092, 0.012583253042403455, 0.0016688011133328788], [-0.042522855672290985, 0.00496828040818194, 0.021754556533508287, 0.0031898444215843935, 0.020398230384763034, 0.0044953778914358245, 0.02132642839503764, -0.0008862246001657277, 0.021777997205576795, 0.00382714398398321, 2.6466506050998193, 0.0013304403161786805, 0.022541814297035476, 0.004950376104492545, 0.022331187418231282, 0.006999737587605061], [-0.020568480303432998, 0.003898778032234359, 0.007877878347641733, 0.0030515144741460045, 0.007981077186164514, 0.0036871372058375745, 0.008013161856942745, 0.0008004901499664752, 0.00786862716670838, 0.0033686625413394517, 0.0013304403161786805, 2.0696798572903283, 0.007518552410847353, 0.003891027652114974, 0.007631984024743371, 0.0009499644470574752], [-0.11045608569417205, 0.014407624952188731, 0.02625900377547689, 0.011216172553159577, 0.026951355615419514, 0.013597247569216799, 0.026623323455181116, 0.002769521787903333, 0.02623751306490897, 0.012404109278627673, 0.022541814297035476, 0.007518552410847353, 2.0839327921487625, 0.014377542819032951, 0.02566012945079658, 0.0034756145681607456], [-0.048755168133069314, 0.007409160503445724, 0.015026133866052957, 0.005787216746456893, 0.015284754802342291, 0.007006602132437172, 0.015273484941722471, 0.0014476677617621609, 0.015009857453558364, 0.0063983321291092, 0.004950376104492545, 0.003891027652114974, 0.014377542819032951, 2.0736660316701965, 0.014581532558772734, 0.0019645339791854797], [-0.1112200197771865, 0.014611943228402003, 0.02663082994598977, 0.011379162843246948, 0.027400904771641154, 0.013792235047373097, 0.02703454653439933, 0.0028165203802545504, 0.02660663459034982, 0.012583253042403455, 0.022331187418231282, 0.007631984024743371, 0.02566012945079658, 0.014581532558772734, 2.0847341128640893, 0.0035338587886009306], [-0.047962498340097415, 0.0019691536111638586, 0.0036735162605161034, 0.0014934588458298207, 0.0039521418628547696, 0.0018464727535653454, 0.003770083686015, 0.00026266782429297937, 0.003668750488260221, 0.0016688011133328788, 0.006999737587605061, 0.0009499644470574752, 0.0034756145681607456, 0.0019645339791854797, 0.0035338587886009306, 2.063413158779054]]",
    "monomial_list": "[1, x9, x8, x7, x6, x5, x4, x3, x2, x15, x14, x13, x12, x11, x10, x1]"
}