{
    "name": "Multiplier-15",
    "rational_expression": "257*x1**2/125 - 1629*x1*x10/1000000 - 617*x1*x11/125000 - 1691*x1*x12/1000000 - 1159*x1*x13/2000000 - 1631*x1*x14/1000000 + 4923*x1*x15/1000000 - 1661*x1*x2/1000000 - 2903*x1*x3/10000000 - 1661*x1*x4/1000000 - 2463*x1*x5/500000 - 1659*x1*x6/1000000 - 4789*x1*x7/1000000 - 1713*x1*x8/1000000 - 2491*x1*x9/500000 - 1501*x1/50000 + 511*x10**2/250 - 2341*x10*x11/100000 - 2891*x10*x12/100000 - 277*x10*x13/25000 - 1699*x10*x14/50000 + 259*x10*x15/100000 - 3023*x10*x2/100000 - 5711*x10*x3/1000000 - 1537*x10*x4/50000 - 1049*x10*x5/50000 - 1583*x10*x6/50000 - 73*x10*x7/4000 - 321*x10*x8/10000 - 1077*x10*x9/50000 + 27*x10/125 + 409*x11**2/200 - 1179*x11*x12/50000 - 2549*x11*x13/500000 - 399*x11*x14/20000 + 369*x11*x15/250000 - 2441*x11*x2/100000 - 127*x11*x3/50000 - 2051*x11*x4/100000 - 301*x11*x5/25000 - 527*x11*x6/25000 - 4339*x11*x7/500000 - 1067*x11*x8/50000 - 1239*x11*x9/100000 + 123*x11/1000 + 511*x12**2/250 - 551*x12*x13/50000 - 2973*x12*x14/100000 + 2637*x12*x15/1000000 - 3001*x12*x2/100000 - 227*x12*x3/40000 - 763*x12*x4/25000 - 1043*x12*x5/50000 - 393*x12*x6/12500 - 363*x12*x7/20000 - 3187*x12*x8/100000 - 1071*x12*x9/50000 + 2199*x12/10000 + 511*x13**2/250 - 113*x13*x14/10000 + 8937*x13*x15/10000000 - 57*x13*x2/5000 + 1729*x13*x3/2000000 - 579*x13*x4/50000 - 5581*x13*x5/1000000 - 1191*x13*x6/100000 - 1981*x13*x7/1000000 - 1203*x13*x8/100000 - 5771*x13*x9/1000000 + 931*x13/12500 + 2043*x14**2/1000 + 637*x14*x15/250000 - 3043*x14*x2/100000 - 23*x14*x3/4000 - 1547*x14*x4/50000 - 211*x14*x5/10000 - 3187*x14*x6/100000 - 367*x14*x7/20000 - 323*x14*x8/10000 - 2167*x14*x9/100000 + 531*x14/2500 + 2623*x15**2/1000 + 259*x15*x2/100000 + 4473*x15*x3/10000000 + 259*x15*x4/100000 + 357*x15*x5/250000 + 637*x15*x6/250000 + 603*x15*x7/500000 + 259*x15*x8/100000 + 369*x15*x9/250000 + 4469*x15/100000 + 2043*x2**2/1000 - 5711*x2*x3/1000000 - 1537*x2*x4/50000 - 1049*x2*x5/50000 - 1583*x2*x6/50000 - 73*x2*x7/4000 - 321*x2*x8/10000 - 1077*x2*x9/50000 + 27*x2/125 + 1021*x3**2/500 - 5777*x3*x4/1000000 - 2659*x3*x5/1000000 - 5939*x3*x6/1000000 - 1461*x3*x7/500000 - 3007*x3*x8/500000 - 2759*x3*x9/1000000 + 373*x3/10000 + 2043*x4**2/1000 - 1049*x4*x5/50000 - 1583*x4*x6/50000 - 73*x4*x7/4000 - 321*x4*x8/10000 - 1077*x4*x9/50000 + 27*x4/125 + 409*x5**2/200 - 2133*x5*x6/100000 - 8793*x5*x7/1000000 - 27*x5*x8/1250 - 8283*x5*x9/1000000 + 149*x5/1250 + 2043*x6**2/1000 - 367*x6*x7/20000 - 323*x6*x8/10000 - 2167*x6*x9/100000 + 531*x6/2500 + 511*x7**2/250 - 369*x7*x8/20000 - 4449*x7*x9/500000 + 503*x7/5000 + 2043*x8**2/1000 - 1077*x8*x9/50000 + 27*x8/125 + 409*x9**2/200 + 123*x9/1000 + 1863/1000",
    "Q": "[[1.8628391684070027, 0.06170113834146767, 0.10841008055863263, 0.05025169783114346, 0.10697439590303502, 0.05876044715106846, 0.10794546408903827, 0.01860321046207259, 0.10843812346063203, 0.022121991781778896, 0.10641868840945029, 0.03661644248955773, 0.10907854317659085, 0.061591056352333404, 0.1089226880492427, -0.015225160499506733], [0.06170113834146767, 2.044965046424324, -0.011077586981584467, -0.004096452783099804, -0.01082053585126164, -0.005054032664428502, -0.010977956113926483, -0.0008539649412610223, -0.011084344561549582, -7.843375660675354e-05, -0.010719873565221898, -0.0026898217011957215, -0.01129755132350919, -0.005372727644459636, -0.01122592084575418, -0.002003534748747038], [0.10841008055863263, -0.011077586981584467, 2.04335472715738, -0.008909601946923794, -0.01605818290270006, -0.010530322755366965, -0.015754967366887914, -0.0025920300356898182, -0.015619146788442383, 0.0019693528055483582, -0.016174199428593633, -0.006228736748539107, -0.015311620856038127, -0.011057260478456779, -0.01541021574814486, -0.001287904723990363], [0.05025169783114346, -0.004096452783099804, -0.008909601946923794, 2.0446801719681513, -0.008637822460792305, -0.003816454439067183, -0.008806070702109356, -0.0005836465216366212, -0.008916527200809779, -0.00024236402201270978, -0.008560309261705777, -0.0019679243208198327, -0.00914292462129015, -0.0040862030300716145, -0.009067519417950398, -0.0016748638818349431], [0.10697439590303502, -0.01082053585126164, -0.01605818290270006, -0.008637822460792305, 2.0431434744108574, -0.01026529119822222, -0.016208708225089873, -0.0024171207384979065, -0.016050312987967247, 0.0016346816409345407, -0.01660042288823629, -0.0059918564178715415, -0.015711297192933956, -0.01079992250663187, -0.015815891575274747, -0.0016640538815956174], [0.05876044715106846, -0.005054032664428502, -0.010530322755366965, -0.003816454439067183, -0.01026529119822222, 2.04491996151373, -0.01042761167692013, -0.0007774084619851568, -0.010537253966147938, -0.0001198196519307717, -0.01017304447581752, -0.00249429176284084, -0.01075928855217444, -0.00504234703291524, -0.010684839177976212, -0.001926336971381173], [0.10794546408903827, -0.010977956113926483, -0.015754967366887914, -0.008806070702109356, -0.016208708225089873, -0.01042761167692013, 2.0431353485368398, -0.0025265729959131895, -0.015747732640091532, 0.0018645114927205505, -0.016320776561199474, -0.006138917574632476, -0.015422812685382332, -0.010957502276703166, -0.015526529096321223, -0.001422848337561072], [0.01860321046207259, -0.0008539649412610223, -0.0025920300356898182, -0.0005836465216366212, -0.0024171207384979065, -0.0007774084619851568, -0.0025265729959131895, 2.042612353445387, -0.002596280272383769, -0.0006987770781410428, -0.0023702179385088986, -0.00036242852117497214, -0.002740032696002054, -0.0008511508999464883, -0.002693722051718872, -0.0004251602894448622], [0.10843812346063203, -0.011084344561549582, -0.015619146788442383, -0.008916527200809779, -0.016050312987967247, -0.010537253966147938, -0.015747732640091532, -0.002596280272383769, 2.043374614563431, 0.00197361034560376, -0.016166544586376265, -0.006234696269578113, -0.015305828880572872, -0.011064025491818575, -0.015404084730392748, -0.0012798997696682878], [0.022121991781778896, -7.843375660675354e-05, 0.0019693528055483582, -0.00024236402201270978, 0.0016346816409345407, -0.0001198196519307717, 0.0018645114927205505, -0.0006987770781410428, 0.00197361034560376, 2.622963685127941, 0.00154676085505716, -0.0004552265137754553, 0.002078804314954909, -8.00912917994001e-05, 0.002065561795248939, 0.0018539101883497473], [0.10641868840945029, -0.010719873565221898, -0.016174199428593633, -0.008560309261705777, -0.01660042288823629, -0.01017304447581752, -0.016320776561199474, -0.0023702179385088986, -0.016166544586376265, 0.00154676085505716, 2.043223823047783, -0.0059256114781332326, -0.01583873859435353, -0.010699553026186078, -0.015938776968428204, -0.0017555624375146601], [0.03661644248955773, -0.0026898217011957215, -0.006228736748539107, -0.0019679243208198327, -0.0059918564178715415, -0.00249429176284084, -0.006138917574632476, -0.00036242852117497214, -0.006234696269578113, -0.0004552265137754553, -0.0059256114781332326, 2.043924415395583, -0.006431145286982472, -0.0026826264998988077, -0.006366531323427759, -0.0011581613649649513], [0.10907854317659085, -0.01129755132350919, -0.015311620856038127, -0.00914292462129015, -0.015711297192933956, -0.01075928855217444, -0.015422812685382332, -0.002740032696002054, -0.015305828880572872, 0.002078804314954909, -0.01583873859435353, -0.006431145286982472, 2.044111937480094, -0.01127759668354401, -0.015130880951276734, -0.000977212389677858], [0.061591056352333404, -0.005372727644459636, -0.011057260478456779, -0.0040862030300716145, -0.01079992250663187, -0.00504234703291524, -0.010957502276703166, -0.0008511508999464883, -0.011064025491818575, -8.00912917994001e-05, -0.010699553026186078, -0.0026826264998988077, -0.01127759668354401, 2.0449632750484694, -0.011205849590501074, -0.0020005755502355347], [0.1089226880492427, -0.01122592084575418, -0.01541021574814486, -0.009067519417950398, -0.015815891575274747, -0.010684839177976212, -0.015526529096321223, -0.002693722051718872, -0.015404084730392748, 0.002065561795248939, -0.015938776968428204, -0.006366531323427759, -0.015130880951276734, -0.011205849590501074, 2.0438856538161847, -0.001071928305081488], [-0.015225160499506733, -0.002003534748747038, -0.001287904723990363, -0.0016748638818349431, -0.0016640538815956174, -0.001926336971381173, -0.001422848337561072, -0.0004251602894448622, -0.0012798997696682878, 0.0018539101883497473, -0.0017555624375146601, -0.0011581613649649513, -0.000977212389677858, -0.0020005755502355347, -0.001071928305081488, 2.0562884012896148]]",
    "monomial_list": "[1, x9, x8, x7, x6, x5, x4, x3, x2, x15, x14, x13, x12, x11, x10, x1]"
}