{
    "name": "Multiplier-4",
    "rational_expression": "258*x1**2/125 + 2477*x1*x10/500000 + 667*x1*x11/100000 + 987*x1*x12/200000 + 5321*x1*x13/1000000 + 4897*x1*x14/1000000 + 3119*x1*x15/500000 + 4883*x1*x2/1000000 + 2141*x1*x3/10000000 + 127*x1*x4/10000 + 3207*x1*x5/500000 + 4763*x1*x6/1000000 + 5993*x1*x7/1000000 + 2369*x1*x8/500000 + 6581*x1*x9/1000000 - 1001*x1/10000 + 209*x10**2/100 + 771*x10*x11/20000 + 1469*x10*x12/25000 + 1053*x10*x13/50000 + 783*x10*x14/12500 + 909*x10*x15/25000 + 3091*x10*x2/50000 + 9221*x10*x3/1000000 + 4981*x10*x4/100000 + 183*x10*x5/5000 + 1297*x10*x6/20000 + 381*x10*x7/12500 + 5997*x10*x8/100000 + 4051*x10*x9/100000 - 1471*x10/5000 + 1039*x11**2/500 + 3829*x11*x12/100000 + 537*x11*x13/50000 + 4243*x11*x14/100000 + 1629*x11*x15/100000 + 2093*x11*x2/50000 + 4657*x11*x3/1000000 + 1451*x11*x4/100000 + 2067*x11*x5/100000 + 413*x11*x6/10000 + 48*x11*x7/3125 + 4079*x11*x8/100000 + 2033*x11*x9/100000 - 751*x11/5000 + 2089*x12**2/1000 + 421*x12*x13/20000 + 3131*x12*x14/50000 + 1817*x12*x15/50000 + 6181*x12*x2/100000 + 2303*x12*x3/250000 + 2747*x12*x4/50000 + 457*x12*x5/12500 + 6071*x12*x6/100000 + 381*x12*x7/12500 + 5997*x12*x8/100000 + 4051*x12*x9/100000 - 1471*x12/5000 + 1037*x13**2/500 + 421*x13*x14/20000 + 1023*x13*x15/100000 + 83*x13*x2/4000 + 1243*x13*x3/5000000 + 7217*x13*x4/1000000 + 1027*x13*x5/100000 + 2449*x13*x6/100000 + 1949*x13*x7/200000 + 2417*x13*x8/100000 + 1001*x13*x9/100000 - 6887*x13/100000 + 419*x14**2/200 + 911*x14*x15/25000 + 6601*x14*x2/100000 + 9237*x14*x3/1000000 + 111*x14*x4/2500 + 1833*x14*x5/50000 + 6911*x14*x6/100000 + 3051*x14*x7/100000 + 6411*x14*x8/100000 + 4051*x14*x9/100000 - 1471*x14/5000 + 2077*x15**2/1000 + 3619*x15*x2/100000 + 4581*x15*x3/1000000 + 1389*x15*x4/100000 + 1573*x15*x5/100000 + 357*x15*x6/10000 + 1487*x15*x7/100000 + 141*x15*x8/4000 + 771*x15*x9/50000 - 1251*x15/10000 + 2091*x2**2/1000 + 9233*x2*x3/1000000 + 4987*x2*x4/100000 + 2047*x2*x5/50000 + 649*x2*x6/10000 + 3051*x2*x7/100000 + 6411*x2*x8/100000 + 4051*x2*x9/100000 - 1471*x2/5000 + 259*x3**2/125 + 4623*x3*x4/10000000 + 4623*x3*x5/1000000 + 9159*x3*x6/1000000 + 4467*x3*x7/1000000 + 361*x3*x8/40000 + 1121*x3*x9/250000 - 1261*x3/100000 + 2651*x4**2/1000 + 319*x4*x5/20000 + 1209*x4*x6/25000 + 273*x4*x7/25000 + 2593*x4*x8/50000 + 771*x4*x9/50000 - 1251*x4/10000 + 1039*x5**2/500 + 4071*x5*x6/100000 + 757*x5*x7/50000 + 201*x5*x8/5000 + 2003*x5*x9/100000 - 1377*x5/10000 + 1047*x6**2/500 + 3051*x6*x7/100000 + 6411*x6*x8/100000 + 4051*x6*x9/100000 - 1471*x6/5000 + 83*x7**2/40 + 1517*x7*x8/50000 + 189*x7*x9/12500 - 1127*x7/10000 + 523*x8**2/250 + 4051*x8*x9/100000 - 1471*x8/5000 + 1039*x9**2/500 - 751*x9/5000 + 313/100",
    "Q": "[[3.130490492433301, -0.07433269998526164, -0.1470538988710844, -0.05615274598628904, -0.14789148560515414, -0.0696563409686736, -0.06105617617917381, -0.00717022092541473, -0.1470413176963044, -0.06288929819833872, -0.14742364646560696, -0.034888794405267695, -0.14605527151788378, -0.0741582893593487, -0.14635147548893027, -0.04912499914468951], [-0.07433269998526164, 2.0781646120473973, 0.020433383187749142, 0.007646019303443165, 0.020570693000005615, 0.00926788404247802, 0.007546967324139463, 0.001784403349710194, 0.020425628697547656, 0.008457829795119824, 0.020405061938389403, 0.005092894274019612, 0.02006882947534546, 0.00980314352492206, 0.020202072726957485, 0.002850696105161137], [-0.1470538988710844, 0.020433383187749142, 2.091560251805614, 0.016222407792654193, 0.0322544159781339, 0.019359842464321826, 0.025222818979279017, 0.004628799310981713, 0.03109610480650825, 0.017793232582968305, 0.03247831320536727, 0.011217468053280914, 0.030092480276257445, 0.020393518762897998, 0.030400321391504132, 0.002589499534627139], [-0.05615274598628904, 0.007646019303443165, 0.016222407792654193, 2.075399359351169, 0.016296865387339078, 0.007209311255275971, 0.0052857448124624395, 0.0013740762459702857, 0.016216171838456493, 0.00657103031164616, 0.016154358812557484, 0.003945596978708638, 0.0159374624177779, 0.0076298209631401265, 0.01604356317061796, 0.0022910009460215667], [-0.14789148560515414, 0.020570693000005615, 0.0322544159781339, 0.016296865387339078, 2.094848546056735, 0.019479507200807936, 0.023644318222044526, 0.0045795963427975785, 0.03222951183004705, 0.017888673367637168, 0.033888127457261254, 0.01123664928215353, 0.031088865265905742, 0.020530170808964198, 0.03145342227328338, 0.0030105490672479723], [-0.0696563409686736, 0.00926788404247802, 0.019359842464321826, 0.007209311255275971, 0.019479507200807936, 2.077392935687147, 0.006944403494840562, 0.0016791332055641126, 0.019352467581523806, 0.007977228569789224, 0.019322396313079054, 0.0047990663784878325, 0.0190158825391121, 0.009248376310304942, 0.01914221546074243, 0.002706932963660365], [-0.06105617617917381, 0.007546967324139463, 0.025222818979279017, 0.0052857448124624395, 0.023644318222044526, 0.006944403494840562, 2.651107782064176, -0.0002206824506355187, 0.025253319652785468, 0.006100198205454743, 0.023179581854841324, 0.00282730087708749, 0.02626333137611495, 0.007524159027544763, 0.025960327469642525, 0.0071658017693855365], [-0.00717022092541473, 0.001784403349710194, 0.004628799310981713, 0.0013740762459702857, 0.0045795963427975785, 0.0016791332055641126, -0.0002206824506355187, 2.0716555381126165, 0.0046270811643460185, 0.001526017799892163, 0.004495904691447805, 0.0009043513304965668, 0.004563493820411036, 0.0017804992418113956, 0.004591744956494534, 0.0006904535563909561], [-0.1470413176963044, 0.020425628697547656, 0.03109610480650825, 0.016216171838456493, 0.03222951183004705, 0.019352467581523806, 0.025253319652785468, 0.0046270811643460185, 2.09148514562817, 0.01778642039491993, 0.03245263397392283, 0.011213096702599339, 0.030077204113296424, 0.020385778124898273, 0.030382373534063884, 0.0025851526636674928], [-0.06288929819833872, 0.008457829795119824, 0.017793232582968305, 0.00657103031164616, 0.017888673367637168, 0.007977228569789224, 0.006100198205454743, 0.001526017799892163, 0.01778642039491993, 2.076347829946, 0.017740118807323388, 0.004371182107008266, 0.017478865674969313, 0.008439994607743874, 0.017595122387285785, 0.00249950264219078], [-0.14742364646560696, 0.020405061938389403, 0.03247831320536727, 0.016154358812557484, 0.033888127457261254, 0.019322396313079054, 0.023179581854841324, 0.004495904691447805, 0.03245263397392283, 0.017740118807323388, 2.0952239484136226, 0.011115944923859677, 0.03130129780706129, 0.020364861269250457, 0.03166894544915934, 0.003148711061123805], [-0.034888794405267695, 0.005092894274019612, 0.011217468053280914, 0.003945596978708638, 0.01123664928215353, 0.0047990663784878325, 0.00282730087708749, 0.0009043513304965668, 0.011213096702599339, 0.004371182107008266, 0.011115944923859677, 2.0730883880771187, 0.011024777267740867, 0.00508198867229188, 0.011098433419896617, 0.0016084499933753354], [-0.14605527151788378, 0.02006882947534546, 0.030092480276257445, 0.0159374624177779, 0.031088865265905742, 0.0190158825391121, 0.02626333137611495, 0.004563493820411036, 0.030077204113296424, 0.017478865674969313, 0.03130129780706129, 0.011024777267740867, 2.0884408589602668, 0.020029730477189155, 0.029641398691981336, 0.0023748392741132396], [-0.0741582893593487, 0.00980314352492206, 0.020393518762897998, 0.0076298209631401265, 0.020530170808964198, 0.009248376310304942, 0.007524159027544763, 0.0017804992418113956, 0.020385778124898273, 0.008439994607743874, 0.020364861269250457, 0.00508198867229188, 0.020029730477189155, 2.078135244317557, 0.020162718578960667, 0.0028453192104797636], [-0.14635147548893027, 0.020202072726957485, 0.030400321391504132, 0.01604356317061796, 0.03145342227328338, 0.01914221546074243, 0.025960327469642525, 0.004591744956494534, 0.030382373534063884, 0.017595122387285785, 0.03166894544915934, 0.011098433419896617, 0.029641398691981336, 0.020162718578960667, 2.0894268312043134, 0.0024341939353030545], [-0.04912499914468951, 0.002850696105161137, 0.002589499534627139, 0.0022910009460215667, 0.0030105490672479723, 0.002706932963660365, 0.0071658017693855365, 0.0006904535563909561, 0.0025851526636674928, 0.00249950264219078, 0.003148711061123805, 0.0016084499933753354, 0.0023748392741132396, 0.0028453192104797636, 0.0024341939353030545, 2.0642442826702645]]",
    "monomial_list": "[1, x9, x8, x7, x6, x5, x4, x3, x2, x15, x14, x13, x12, x11, x10, x1]"
}