{
    "name": "Multiplier-3",
    "rational_expression": "411*x1**2/200 - 31*x1*x10/6250 - 451*x1*x11/100000 - 5069*x1*x12/1000000 - 219*x1*x13/625000 - 653*x1*x14/125000 - 907*x1*x15/200000 - 163*x1*x2/31250 + 5151*x1*x3/1000000 - 529*x1*x4/100000 - 73*x1*x5/15625 - 5373*x1*x6/1000000 - 921*x1*x7/200000 - 137*x1*x8/25000 - 4817*x1*x9/1000000 - 2097*x1/100000 + 51*x10**2/25 - 2577*x10*x11/100000 - 4279*x10*x12/100000 - 411*x10*x13/25000 - 4047*x10*x14/100000 - 629*x10*x15/25000 - 2077*x10*x2/50000 + 1111*x10*x3/100000 - 4259*x10*x4/100000 - 2541*x10*x5/100000 - 443*x10*x6/10000 - 981*x10*x7/50000 - 257*x10*x8/6250 - 263*x10*x9/10000 + 657*x10/2500 + 51*x11**2/25 - 657*x11*x12/25000 - 7851*x11*x13/1000000 - 2737*x11*x14/100000 - 63*x11*x15/6250 - 1401*x11*x2/50000 + 5557*x11*x3/1000000 - 493*x11*x4/20000 - 57*x11*x5/4000 - 2559*x11*x6/100000 - 1159*x11*x7/100000 - 2613*x11*x8/100000 - 1479*x11*x9/100000 + 701*x11/5000 + 51*x12**2/25 - 411*x12*x13/25000 - 4047*x12*x14/100000 - 629*x12*x15/25000 - 2077*x12*x2/50000 + 1111*x12*x3/100000 - 4259*x12*x4/100000 - 2541*x12*x5/100000 - 443*x12*x6/10000 - 981*x12*x7/50000 - 257*x12*x8/6250 - 263*x12*x9/10000 + 657*x12/2500 + 1019*x13**2/500 - 643*x13*x14/50000 - 927*x13*x15/200000 - 659*x13*x2/50000 + 177*x13*x3/1000000 - 27*x13*x4/2000 - 2353*x13*x5/500000 - 1399*x13*x6/100000 - 681*x13*x7/125000 - 357*x13*x8/25000 - 4979*x13*x9/1000000 + 8067*x13/100000 + 51*x14**2/25 - 2143*x14*x15/100000 - 841*x14*x2/20000 + 1109*x14*x3/100000 - 431*x14*x4/10000 - 1283*x14*x5/50000 - 4481*x14*x6/100000 - 62*x14*x7/3125 - 4163*x14*x8/100000 - 2657*x14*x9/100000 + 2559*x14/10000 + 51*x15**2/25 - 271*x15*x2/12500 + 2761*x15*x3/500000 - 1111*x15*x4/50000 - 221*x15*x5/20000 - 72*x15*x6/3125 - 7969*x15*x7/1000000 - 2349*x15*x8/100000 - 1151*x15*x9/100000 + 613*x15/5000 + 51*x2**2/25 + 111*x2*x3/10000 - 2143*x2*x4/50000 - 1277*x2*x5/50000 - 2227*x2*x6/50000 - 1973*x2*x7/100000 - 2069*x2*x8/50000 - 661*x2*x9/25000 + 1297*x2/5000 + 2617*x3**2/1000 + 4429*x3*x4/500000 + 4459*x3*x5/1000000 + 9021*x3*x6/1000000 + 14*x3*x7/3125 + 1837*x3*x8/200000 + 4667*x3*x9/1000000 + 353*x3/25000 + 2039*x4**2/1000 - 1277*x4*x5/50000 - 2227*x4*x6/50000 - 1973*x4*x7/100000 - 2069*x4*x8/50000 - 661*x4*x9/25000 + 1297*x4/5000 + 51*x5**2/25 - 2613*x5*x6/100000 - 591*x5*x7/50000 - 2667*x5*x8/100000 - 277*x5*x9/25000 + 1333*x5/10000 + 51*x6**2/25 - 62*x6*x7/3125 - 4163*x6*x8/100000 - 2657*x6*x9/100000 + 2559*x6/10000 + 2039*x7**2/1000 - 1003*x7*x8/50000 - 1193*x7*x9/100000 + 1121*x7/10000 + 51*x8**2/25 - 661*x8*x9/25000 + 1297*x8/5000 + 51*x9**2/25 + 701*x9/5000 + 1753/1000",
    "Q": "[[1.753214637188057, 0.07072754296784547, 0.13047540016753273, 0.05686872035221833, 0.12815275790012767, 0.06715310990475294, 0.12970291345600224, 0.006142259281030974, 0.13052069520724624, 0.061994017656662334, 0.12732213921185093, 0.04072767769337626, 0.1317354370659998, 0.07059396750847438, 0.13140528891588937, -0.01125540470707253], [0.07072754296784547, 2.039801508436012, -0.013132276625873674, -0.0051676191215645085, -0.012824281542435657, -0.006244796889778679, -0.013016897351681742, 0.002086510872463653, -0.013139753542474266, -0.0057089440075056685, -0.012711294973721454, -0.0034311396215433334, -0.013357898809312785, -0.006594278305537591, -0.013289717853564639, -0.0021323439244463113], [0.13047540016753273, -0.013132276625873674, 2.039383440379537, -0.010382364834422479, -0.02139153870862952, -0.012431201418428092, -0.021166602428600263, 0.0050452954274669065, -0.021072377024406688, -0.011408676924004924, -0.021440291398197184, -0.0071025293880385264, -0.020832973887395037, -0.013106204153023751, -0.020916058040995326, -0.00234741722026977], [0.05686872035221833, -0.0051676191215645085, -0.010382364834422479, 2.0390499019082484, -0.01009616834000949, -0.004874664938294429, -0.010275476753107844, 0.0014493746020640891, -0.010389301510918998, -0.004441956746697924, -0.010006866350027932, -0.002652615704139037, -0.010595454971388564, -0.005156822293502139, -0.01053134162961696, -0.0016536013598876962], [0.12815275790012767, -0.012824281542435657, -0.02139153870862952, -0.01009616834000949, 2.0397194861024515, -0.012126542184188084, -0.021512827583750897, 0.004885218211580584, -0.021385372888067626, -0.01111099475237036, -0.02164932256255393, -0.00686503452265754, -0.021106378632035207, -0.012798322072241023, -0.021192956097994584, -0.002668917835741432], [0.06715310990475294, -0.006244796889778679, -0.012431201418428092, -0.004874664938294429, -0.012126542184188084, 2.0396156398371095, -0.01231700394151726, 0.0019213316562305938, -0.012438602753106912, -0.005389726487837537, -0.01202151771600197, -0.003231095440696788, -0.012655712552044713, -0.006232053919210283, -0.01258796224362067, -0.002008624187929832], [0.12970291345600224, -0.013016897351681742, -0.021166602428600263, -0.010275476753107844, -0.021512827583750897, -0.01231700394151726, 2.0394482489972723, 0.0049993025594981, -0.021161328718316445, -0.011297468196412381, -0.021545050119615085, -0.007013508646312834, -0.020900843530294966, -0.012990855108217509, -0.020986935562767973, -0.0024624529543844707], [0.006142259281030974, 0.002086510872463653, 0.0050452954274669065, 0.0014493746020640891, 0.004885218211580584, 0.0019213316562305938, 0.0049993025594981, 2.6170862052965247, 0.0050469717594395355, 0.0016839636657013833, 0.004834943049745602, 0.0007272743350323415, 0.0050635081467406045, 0.002080326944865738, 0.0050683539612594855, 0.002173955885240056], [0.13052069520724624, -0.013139753542474266, -0.021072377024406688, -0.010389301510918998, -0.021385372888067626, -0.012438602753106912, -0.021161328718316445, 0.0050469717594395355, 2.0393834615957918, -0.011415888151674101, -0.02143481458152327, -0.007108312476995433, -0.020829676842877422, -0.013113679149327486, -0.020912672357422724, -0.002340637346002296], [0.061994017656662334, -0.0057089440075056685, -0.011408676924004924, -0.004441956746697924, -0.01111099475237036, -0.005389726487837537, -0.011297468196412381, 0.0016839636657013833, -0.011415888151674101, 2.039340585323266, -0.011015438942327642, -0.002939458504230357, -0.011628870921700386, -0.005697179552035293, -0.01156253623083264, -0.0018319480409375991], [0.12732213921185093, -0.012711294973721454, -0.021440291398197184, -0.010006866350027932, -0.02164932256255393, -0.01202151771600197, -0.021545050119615085, 0.004834943049745602, -0.02143481458152327, -0.011015438942327642, 2.0398333194057017, -0.006793025857569725, -0.021174776427453183, -0.012685631097505298, -0.02125531276927992, -0.0027405780055236965], [0.04072767769337626, -0.0034311396215433334, -0.0071025293880385264, -0.002652615704139037, -0.00686503452265754, -0.003231095440696788, -0.007013508646312834, 0.0007272743350323415, -0.007108312476995433, -0.002939458504230357, -0.006793025857569725, 2.0379979116774916, -0.007284141182481206, -0.0034237358902376243, -0.007229619157577216, -0.001076977796772492], [0.1317354370659998, -0.013357898809312785, -0.020832973887395037, -0.010595454971388564, -0.021106378632035207, -0.012655712552044713, -0.020900843530294966, 0.0050635081467406045, -0.020829676842877422, -0.011628870921700386, -0.021174776427453183, -0.007284141182481206, 2.039780234477127, -0.01333181081791724, -0.020679493176299444, -0.002090241901482664], [0.07059396750847438, -0.006594278305537591, -0.013106204153023751, -0.005156822293502139, -0.012798322072241023, -0.006232053919210283, -0.012990855108217509, 0.002080326944865738, -0.013113679149327486, -0.005697179552035293, -0.012685631097505298, -0.0034237358902376243, -0.01333181081791724, 2.039794457599997, -0.013263638832445074, -0.0021276770638685083], [0.13140528891588937, -0.013289717853564639, -0.020916058040995326, -0.01053134162961696, -0.021192956097994584, -0.01258796224362067, -0.020986935562767973, 0.0050683539612594855, -0.020912672357422724, -0.01156253623083264, -0.02125531276927992, -0.007229619157577216, -0.020679493176299444, -0.013263638832445074, 2.039637657882813, -0.002166066884545591], [-0.01125540470707253, -0.0021323439244463113, -0.00234741722026977, -0.0016536013598876962, -0.002668917835741432, -0.002008624187929832, -0.0024624529543844707, 0.002173955885240056, -0.002340637346002296, -0.0018319480409375991, -0.0027405780055236965, -0.001076977796772492, -0.002090241901482664, -0.0021276770638685083, -0.002166066884545591, 2.054926825742777]]",
    "monomial_list": "[1, x9, x8, x7, x6, x5, x4, x3, x2, x15, x14, x13, x12, x11, x10, x1]"
}