{
    "name": "Multiplier-7",
    "rational_expression": "257*x1**2/125 - 13*x1*x10/8000 - 4887*x1*x11/1000000 - 829*x1*x12/500000 - 671*x1*x13/1250000 - 2811*x1*x14/500000 - 4827*x1*x15/1000000 - 853*x1*x2/500000 - 1403*x1*x3/5000000 - 853*x1*x4/500000 - 1231*x1*x5/250000 - 179*x1*x6/31250 + 2477*x1*x7/500000 - 1781*x1*x8/1000000 - 4997*x1*x9/1000000 - 371*x1/12500 + 2043*x10**2/1000 - 561*x10*x11/25000 - 3091*x10*x12/100000 - 1471*x10*x13/100000 - 321*x10*x14/10000 - 81*x10*x15/4000 - 817*x10*x2/25000 - 5583*x10*x3/1000000 - 104*x10*x4/3125 - 203*x10*x5/10000 - 3429*x10*x6/100000 + 2463*x10*x7/1000000 - 693*x10*x8/20000 - 2513*x10*x9/100000 + 457*x10/2000 + 511*x11**2/250 - 71*x11*x12/3125 - 999*x11*x13/200000 - 2343*x11*x14/100000 - 1173*x11*x15/100000 - 149*x11*x2/6250 - 63*x11*x3/25000 - 303*x11*x4/12500 - 237*x11*x5/20000 - 2059*x11*x6/100000 + 337*x11*x7/250000 - 1041*x11*x8/50000 - 1219*x11*x9/100000 + 313*x11/2500 + 2043*x12**2/1000 - 1471*x12*x13/100000 - 321*x12*x14/10000 - 81*x12*x15/4000 - 817*x12*x2/25000 - 5583*x12*x3/1000000 - 104*x12*x4/3125 - 203*x12*x5/10000 - 3429*x12*x6/100000 + 2463*x12*x7/1000000 - 693*x12*x8/20000 - 2513*x12*x9/100000 + 457*x12/2000 + 2043*x13**2/1000 - 1101*x13*x14/100000 - 1101*x13*x15/200000 - 7*x13*x2/625 + 8511*x13*x3/10000000 - 57*x13*x4/5000 - 553*x13*x5/100000 - 293*x13*x6/25000 + 7933*x13*x7/10000000 - 237*x13*x8/20000 - 5721*x13*x9/1000000 + 1841*x13/25000 + 1021*x14**2/500 - 64*x14*x15/3125 - 829*x14*x2/25000 - 5661*x14*x3/1000000 - 211*x14*x4/6250 - 2057*x14*x5/100000 - 869*x14*x6/25000 + 1191*x14*x7/500000 - 1757*x14*x8/50000 - 423*x14*x9/20000 + 221*x14/1000 + 511*x15**2/250 - 1031*x15*x2/50000 - 671*x15*x3/250000 - 2097*x15*x4/100000 - 4059*x15*x5/500000 - 2151*x15*x6/100000 + 1187*x15*x7/1000000 - 1087*x15*x8/50000 - 1691*x15*x9/200000 + 221*x15/2000 + 2043*x2**2/1000 - 2813*x2*x3/500000 - 1677*x2*x4/50000 - 511*x2*x5/25000 - 691*x2*x6/20000 + 2421*x2*x7/1000000 - 3491*x2*x8/100000 - 2103*x2*x9/100000 + 1123*x2/5000 + 2041*x3**2/1000 - 57*x3*x4/10000 - 2641*x3*x5/1000000 - 5861*x3*x6/1000000 + 3967*x3*x7/10000000 - 237*x3*x8/40000 - 171*x3*x9/62500 + 1841*x3/50000 + 2043*x4**2/1000 - 511*x4*x5/25000 - 691*x4*x6/20000 + 2421*x4*x7/1000000 - 3491*x4*x8/100000 - 2103*x4*x9/100000 + 1123*x4/5000 + 511*x5**2/250 - 1041*x5*x6/50000 + 131*x5*x7/100000 - 2103*x5*x8/100000 - 1231*x5*x9/100000 + 76*x5/625 + 1021*x6**2/500 + 1191*x6*x7/500000 - 1757*x6*x8/50000 - 423*x6*x9/20000 + 221*x6/1000 + 1311*x7**2/500 + 6569*x7*x8/1000000 + 1377*x7*x9/1000000 + 4053*x7/100000 + 1021*x8**2/500 - 2103*x8*x9/100000 + 1123*x8/5000 + 511*x9**2/250 + 313*x9/2500 + 921/500",
    "Q": "[[1.8421537017245337, 0.06304263608813498, 0.1127899446036141, 0.020305661242112163, 0.1111424685431204, 0.059989346165926626, 0.11225133773264954, 0.018582725016193628, 0.1128222317891758, 0.05557016736006509, 0.1105202561990956, 0.037071299649609715, 0.1136123674712101, 0.06292845065710462, 0.11340890580973054, -0.014201300332707736], [0.06304263608813498, 2.0439485543765583, -0.011356698192199912, 4.044000616010501e-05, -0.011106935743956495, -0.0053994475896276695, -0.011260514102728724, -0.0010031334525620037, -0.011363219568780215, -0.004906601856772157, -0.011011683462172444, -0.0029589222318241568, -0.011563010743109094, -0.005724100064335143, -0.011497227663390772, -0.0019217153924191406], [0.1127899446036141, -0.011356698192199912, 2.0424967045799063, 0.0022859664805034716, -0.01711465896525882, -0.010781067453359173, -0.01683182225126099, -0.0025552610911922344, -0.016707500170191247, -0.0099368138525201, -0.01721563167006955, -0.006296526224431537, -0.0164211846094203, -0.011335314275827447, -0.01651354459670058, -0.0015737378507080894], [0.020305661242112163, 4.044000616010501e-05, 0.0022859664805034716, 2.622067486869598, 0.0019657861500467317, -1.4639234017354385e-05, 0.002185267420008874, -0.0007138939486234984, 0.00229006395189604, -9.427508552268797e-05, 0.0018789661224733714, -0.0004346738439267683, 0.002391016048697292, 3.830593482899897e-05, 0.0023771589117373712, 0.0019585283596926695], [0.1111424685431204, -0.011106935743956495, -0.01711465896525882, 0.0019657861500467317, 2.0424042536751403, -0.010525549895734293, -0.017257488510519524, -0.002395061331170487, -0.01710725211486822, -0.009676655512275426, -0.017602015555550746, -0.006077517792676187, -0.016784538417428482, -0.011085336423435234, -0.016883687618367813, -0.001926819443729268], [0.059989346165926626, -0.0053994475896276695, -0.010781067453359173, -1.4639234017354385e-05, -0.010525549895734293, 2.0438792324031096, -0.010682721562719403, -0.0009277034321304736, -0.01078770601619336, -0.004601083167989942, -0.010439577226752757, -0.002762320713106232, -0.010993937837192541, -0.005387519713190122, -0.010926152483509161, -0.001835363307328301], [0.11225133773264954, -0.011260514102728724, -0.01683182225126099, 0.002185267420008874, -0.017257488510519524, -0.010682721562719403, 2.0423276988332826, -0.0024955604558159336, -0.01682515055763506, -0.009837838757292409, -0.017353359888382273, -0.0062139235412274705, -0.01651937840781388, -0.011239031961248072, -0.016617003645606882, -0.0016999315627572744], [0.018582725016193628, -0.0010031334525620037, -0.0025552610911922344, -0.0007138939486234984, -0.002395061331170487, -0.0009277034321304736, -0.0024955604558159336, 2.0415022142525787, -0.0025591553515086417, -0.0008251984927350046, -0.0023542796808568595, -0.0004980067975365818, -0.0026872862598330024, -0.0010003377363216332, -0.0026468693091717, -0.0003221752176500183], [0.1128222317891758, -0.011363219568780215, -0.016707500170191247, 0.00229006395189604, -0.01710725211486822, -0.01078770601619336, -0.01682515055763506, -0.0025591553515086417, 2.0425135276922837, -0.00994346580797481, -0.017208471615192195, -0.006302030966522137, -0.016416162320049152, -0.011341841246513353, -0.016508195868664012, -0.0015662693299736932], [0.05557016736006509, -0.004906601856772157, -0.0099368138525201, -9.427508552268797e-05, -0.009676655512275426, -0.004601083167989942, -0.009837838757292409, -0.0008251984927350046, -0.00994346580797481, 2.0437541098023395, -0.00960126805100336, -0.002486025042649536, -0.010152509281899105, -0.004895387024901105, -0.010084031635678635, -0.0017045585922627528], [0.1105202561990956, -0.011011683462172444, -0.01721563167006955, 0.0018789661224733714, -0.017602015555550746, -0.010439577226752757, -0.017353359888382273, -0.0023542796808568595, -0.017208471615192195, -0.00960126805100336, 2.042504917396871, -0.006019009509228251, -0.016896716978324473, -0.010990411000032816, -0.016991552672624623, -0.0020082799487768695], [0.037071299649609715, -0.0029589222318241568, -0.006296526224431537, -0.0004346738439267683, -0.006077517792676187, -0.002762320713106232, -0.0062139235412274705, -0.0004980067975365818, -0.006302030966522137, -0.002486025042649536, -0.006019009509228251, 2.0427975300925127, -0.006477278240356801, -0.0029516513993882616, -0.00642088424201156, -0.0010325059101273962], [0.1136123674712101, -0.011563010743109094, -0.0164211846094203, 0.002391016048697292, -0.016784538417428482, -0.010993937837192541, -0.01651937840781388, -0.0026872862598330024, -0.016416162320049152, -0.010152509281899105, -0.016896716978324473, -0.006477278240356801, 2.0431694116224626, -0.01154191854812648, -0.01625366499859676, -0.0012858215453864581], [0.06292845065710462, -0.005724100064335143, -0.011335314275827447, 3.830593482899897e-05, -0.011085336423435234, -0.005387519713190122, -0.011239031961248072, -0.0010003377363216332, -0.011341841246513353, -0.004895387024901105, -0.010990411000032816, -0.0029516513993882616, -0.01154191854812648, 2.0439459158301805, -0.011476045746958553, -0.0019184469354622362], [0.11340890580973054, -0.011497227663390772, -0.01651354459670058, 0.0023771589117373712, -0.016883687618367813, -0.010926152483509161, -0.016617003645606882, -0.0026468693091717, -0.016508195868664012, -0.010084031635678635, -0.016991552672624623, -0.00642088424201156, -0.01625366499859676, -0.011476045746958553, 2.042969360461687, -0.0013723795364968517], [-0.014201300332707736, -0.0019217153924191406, -0.0015737378507080894, 0.0019585283596926695, -0.001926819443729268, -0.001835363307328301, -0.0016999315627572744, -0.0003221752176500183, -0.0015662693299736932, -0.0017045585922627528, -0.0020082799487768695, -0.0010325059101273962, -0.0012858215453864581, -0.0019184469354622362, -0.0013723795364968517, 2.0559567482712655]]",
    "monomial_list": "[1, x9, x8, x7, x6, x5, x4, x3, x2, x15, x14, x13, x12, x11, x10, x1]"
}