{
    "name": "Multiplier-6",
    "rational_expression": "258*x1**2/125 + 8533*x1*x10/1000000 + 3099*x1*x11/500000 + 1057*x1*x12/125000 + 1079*x1*x13/1250000 + 8427*x1*x14/1000000 + 727*x1*x15/125000 + 8353*x1*x2/1000000 + 1187*x1*x3/10000000 + 841*x1*x4/100000 + 5861*x1*x5/1000000 + 153*x1*x6/12500 + 11*x1*x7/8000 + 8151*x1*x8/1000000 + 2999*x1*x9/500000 - 9569*x1/100000 + 2087*x10**2/1000 + 1571*x10*x11/50000 + 2731*x10*x12/50000 + 191*x10*x13/12500 + 2923*x10*x14/50000 + 149*x10*x15/5000 + 5769*x10*x2/100000 + 4667*x10*x3/1000000 + 2877*x10*x4/50000 + 737*x10*x5/25000 + 589*x10*x6/12500 + 2449*x10*x7/100000 + 561*x10*x8/10000 + 1689*x10*x9/50000 - 1227*x10/5000 + 83*x11**2/40 + 39*x11*x12/1250 + 1963*x11*x13/200000 + 1767*x11*x14/50000 + 743*x11*x15/50000 + 1743*x11*x2/50000 + 2217*x11*x3/500000 + 3471*x11*x4/100000 + 73*x11*x5/5000 + 1281*x11*x6/100000 + 1417*x11*x7/100000 + 17*x11*x8/500 + 1457*x11*x9/100000 - 569*x11/5000 + 417*x12**2/200 + 61*x12*x13/4000 + 5839*x12*x14/100000 + 643*x12*x15/25000 + 107*x12*x2/2000 + 4667*x12*x3/1000000 + 2877*x12*x4/50000 + 737*x12*x5/25000 + 589*x12*x6/12500 + 2449*x12*x7/100000 + 561*x12*x8/10000 + 1689*x12*x9/50000 - 1227*x12/5000 + 207*x13**2/100 + 977*x13*x14/50000 + 237*x13*x15/25000 + 77*x13*x2/4000 + 339*x13*x3/2500000 + 479*x13*x4/25000 + 2327*x13*x5/250000 + 959*x13*x6/1000000 + 2479*x13*x7/500000 + 941*x13*x8/50000 + 9271*x13*x9/1000000 - 4821*x13/100000 + 2091*x14**2/1000 + 597*x14*x15/20000 + 231*x14*x2/4000 + 8851*x14*x3/1000000 + 771*x14*x4/12500 + 2949*x14*x5/100000 + 2083*x14*x6/50000 + 2451*x14*x7/100000 + 753*x14*x8/12500 + 1689*x14*x9/50000 - 1227*x14/5000 + 1037*x15**2/500 + 741*x15*x2/25000 + 2197*x15*x3/500000 + 2951*x15*x4/100000 + 57*x15*x5/4000 + 7143*x15*x6/1000000 + 197*x15*x7/20000 + 2893*x15*x8/100000 + 1423*x15*x9/100000 - 9569*x15/100000 + 261*x2**2/125 + 4417*x2*x3/500000 + 2877*x2*x4/50000 + 737*x2*x5/25000 + 589*x2*x6/12500 + 2449*x2*x7/100000 + 561*x2*x8/10000 + 1689*x2*x9/50000 - 1227*x2/5000 + 2069*x3**2/1000 + 8821*x3*x4/1000000 + 87*x3*x5/20000 + 1899*x3*x6/10000000 + 431*x3*x7/100000 + 433*x3*x8/50000 + 67*x3*x9/15625 - 1461*x3/250000 + 209*x4**2/100 + 339*x4*x5/10000 + 189*x4*x6/4000 + 123*x4*x7/5000 + 6047*x4*x8/100000 + 3389*x4*x9/100000 - 2513*x4/10000 + 1037*x5**2/500 + 629*x5*x6/50000 + 699*x5*x7/50000 + 1459*x5*x8/50000 + 717*x5*x9/50000 - 1017*x5/10000 + 331*x6**2/125 + 1437*x6*x7/250000 + 2281*x6*x8/50000 + 509*x6*x9/50000 - 9569*x6/100000 + 2073*x7**2/1000 + 2437*x7*x8/100000 + 7*x7*x9/500 - 4191*x7/50000 + 261*x8**2/125 + 1689*x8*x9/50000 - 1227*x8/5000 + 83*x9**2/40 - 569*x9/5000 + 374/125",
    "Q": "[[2.9917875213608816, -0.05610336071545314, -0.12365462101437957, -0.041321669851250464, -0.04842396741115523, -0.052272671086814576, -0.1245899051590471, -0.0027048315646662027, -0.12359984091376365, -0.04674754827702213, -0.12374538225190701, -0.024459712270155937, -0.12131728434780738, -0.0559606239871632, -0.12203016447092481, -0.04879567387245194], [-0.05610336071545314, 2.0750992682804648, 0.016623187193148644, 0.006378870530829012, 0.005698194230689424, 0.007724043254908621, 0.01687506514214346, 0.0015792936392879026, 0.016607233309869764, 0.00704916900864792, 0.016741688166229705, 0.004287519131741247, 0.015989734781073364, 0.00816962064790654, 0.01619166781205094, 0.0022084544143151086], [-0.12365462101437957, 0.016623187193148644, 2.0883561163186366, 0.012984812140420599, 0.02297943805764308, 0.0156846999767614, 0.029349014617086718, 0.003370094710803464, 0.028825810543737836, 0.01432521108757717, 0.029957756749194014, 0.008799055397212732, 0.02762667305988447, 0.016588297427523293, 0.027996826370424832, 0.0035206318670060444], [-0.041321669851250464, 0.006378870530829012, 0.012984812140420599, 2.0727279158436436, 0.0037456262083412745, 0.006017832074420001, 0.013183919577545309, 0.001246988583377161, 0.012971992997214963, 0.005490271548075459, 0.013045232785801794, 0.003346771481472588, 0.012483652845254134, 0.006365523905320512, 0.012643860936193024, 0.001688792761164719], [-0.04842396741115523, 0.005698194230689424, 0.02297943805764308, 0.0037456262083412745, 2.648093012559765, 0.005170823706055435, 0.0225248025426601, -0.0007424073859101884, 0.02300450695116521, 0.0044386414626757685, 0.021103937237848824, 0.0017115312807827311, 0.02381038132305996, 0.005678196715437455, 0.02358683923752118, 0.00716760947705687], [-0.052272671086814576, 0.007724043254908621, 0.0156846999767614, 0.006017832074420001, 0.005170823706055435, 2.0744368363920334, 0.015923025667109483, 0.0014944926057416162, 0.01566953494551423, 0.006650847496956992, 0.015789991931186704, 0.0040461127647911386, 0.015085212489196875, 0.007707890243905607, 0.015276468688445934, 0.002071192447304011], [-0.1245899051590471, 0.01687506514214346, 0.029349014617086718, 0.013183919577545309, 0.0225248025426601, 0.015923025667109483, 2.089619970612567, 0.0034274574208849264, 0.029317104349719098, 0.01454367997282659, 0.030604583977042483, 0.008938214815706875, 0.0280042722064719, 0.016839680755238107, 0.02841505754021798, 0.003621575691818824], [-0.0027048315646662027, 0.0015792936392879026, 0.003370094710803464, 0.001246988583377161, -0.0007424073859101884, 0.0014944926057416162, 0.0034274574208849264, 2.0694711068794946, 0.0033660456271800494, 0.0013705149992543854, 0.0033169720580561056, 0.0008599151688527493, 0.0032237826571622163, 0.0015761679168725267, 0.00327090673424733, 0.0003517970778642885], [-0.12359984091376365, 0.016607233309869764, 0.028825810543737836, 0.012971992997214963, 0.02300450695116521, 0.01566953494551423, 0.029317104349719098, 0.0033660456271800494, 2.0882801859817013, 0.014311223808335879, 0.029920888098170586, 0.008789914235587386, 0.02760538296939987, 0.016572371982062354, 0.027972664076984868, 0.0035158533931872594], [-0.04674754827702213, 0.00704916900864792, 0.01432521108757717, 0.005490271548075459, 0.0044386414626757685, 0.006650847496956992, 0.01454367997282659, 0.0013705149992543854, 0.014311223808335879, 2.073537157000055, 0.01440748124294034, 0.0036944993740811107, 0.01377547709097887, 0.007034439906593705, 0.013951048275597934, 0.001876865190247103], [-0.12374538225190701, 0.016741688166229705, 0.029957756749194014, 0.013045232785801794, 0.021103937237848824, 0.015789991931186704, 0.030604583977042483, 0.0033169720580561056, 0.029920888098170586, 0.01440748124294034, 2.0909579442048534, 0.008805839494254999, 0.02846693550162418, 0.016706341010296635, 0.028921260455962702, 0.003908744272055788], [-0.024459712270155937, 0.004287519131741247, 0.008799055397212732, 0.003346771481472588, 0.0017115312807827311, 0.0040461127647911386, 0.008938214815706875, 0.0008599151688527493, 0.008789914235587386, 0.0036944993740811107, 0.008805839494254999, 2.0707536976592453, 0.008447979077307077, 0.004278590060804698, 0.008560480113180108, 0.0011039207893838586], [-0.12131728434780738, 0.015989734781073364, 0.02762667305988447, 0.012483652845254134, 0.02381038132305996, 0.015085212489196875, 0.0280042722064719, 0.0032237826571622163, 0.02760538296939987, 0.01377547709097887, 0.02846693550162418, 0.008447979077307077, 2.085451580221723, 0.015956084930901, 0.02704554880835436, 0.003317496975854233], [-0.0559606239871632, 0.00816962064790654, 0.016588297427523293, 0.006365523905320512, 0.005678196715437455, 0.007707890243905607, 0.016839680755238107, 0.0015761679168725267, 0.016572371982062354, 0.007034439906593705, 0.016706341010296635, 0.004278590060804698, 0.015956084930901, 2.075074156316691, 0.01615762845340976, 0.002203290042788269], [-0.12203016447092481, 0.01619166781205094, 0.027996826370424832, 0.012643860936193024, 0.02358683923752118, 0.015276468688445934, 0.02841505754021798, 0.00327090673424733, 0.027972664076984868, 0.013951048275597934, 0.028921260455962702, 0.008560480113180108, 0.02704554880835436, 0.01615762845340976, 2.086328397706705, 0.0033767885447520693], [-0.04879567387245194, 0.0022084544143151086, 0.0035206318670060444, 0.001688792761164719, 0.00716760947705687, 0.002071192447304011, 0.003621575691818824, 0.0003517970778642885, 0.0035158533931872594, 0.001876865190247103, 0.003908744272055788, 0.0011039207893838586, 0.003317496975854233, 0.002203290042788269, 0.0033767885447520693, 2.0637503647653053]]",
    "monomial_list": "[1, x9, x8, x7, x6, x5, x4, x3, x2, x15, x14, x13, x12, x11, x10, x1]"
}