{
    "name": "Multiplier-8",
    "rational_expression": "413*x1**2/200 + 1273*x1*x10/250000 + 106*x1*x11/15625 + 2529*x1*x12/500000 + 5471*x1*x13/1000000 + 5027*x1*x14/1000000 + 1589*x1*x15/250000 + 2499*x1*x2/500000 + 593*x1*x3/2000000 + 2499*x1*x4/500000 + 3319*x1*x5/500000 + 1241*x1*x6/250000 + 3069*x1*x7/500000 + 1271*x1*x8/100000 + 6687*x1*x9/1000000 - 9627*x1/100000 + 2091*x10**2/1000 + 4443*x10*x11/100000 + 49*x10*x12/800 + 2617*x10*x13/100000 + 1303*x10*x14/20000 + 1887*x10*x15/50000 + 6421*x10*x2/100000 + 383*x10*x3/40000 + 6373*x10*x4/100000 + 4221*x10*x5/100000 + 1341*x10*x6/20000 + 143*x10*x7/4000 + 2737*x10*x8/50000 + 2293*x10*x9/50000 - 401*x10/1250 + 2079*x11**2/1000 + 1103*x11*x12/25000 + 1139*x11*x13/100000 + 4397*x11*x14/100000 + 429*x11*x15/25000 + 148*x11*x2/3125 + 4859*x11*x3/1000000 + 2349*x11*x4/50000 + 2133*x11*x5/100000 + 4643*x11*x6/100000 + 1583*x11*x7/100000 + 1941*x11*x8/100000 + 2107*x11*x9/100000 - 1669*x11/10000 + 209*x12**2/100 + 523*x12*x13/20000 + 6509*x12*x14/100000 + 3771*x12*x15/100000 + 401*x12*x2/6250 + 9567*x12*x3/1000000 + 199*x12*x4/3125 + 4217*x12*x5/100000 + 6291*x12*x6/100000 + 143*x12*x7/4000 + 2737*x12*x8/50000 + 2293*x12*x9/50000 - 401*x12/1250 + 1037*x13**2/500 + 1307*x13*x14/50000 + 1079*x13*x15/100000 + 103*x13*x2/4000 + 877*x13*x3/2500000 + 1277*x13*x4/50000 + 1069*x13*x5/100000 + 101*x13*x6/4000 + 503*x13*x7/50000 + 1423*x13*x8/200000 + 527*x13*x9/50000 - 1043*x13/12500 + 1049*x14**2/500 + 3783*x14*x15/100000 + 171*x14*x2/2500 + 1199*x14*x3/125000 + 1697*x14*x4/25000 + 4223*x14*x5/100000 + 7121*x14*x6/100000 + 1787*x14*x7/50000 + 1239*x14*x8/25000 + 2293*x14*x9/50000 - 401*x14/1250 + 2077*x15**2/1000 + 4181*x15*x2/100000 + 2379*x15*x3/500000 + 2073*x15*x4/50000 + 1633*x15*x5/100000 + 4099*x15*x6/100000 + 1529*x15*x7/100000 + 171*x15*x8/12500 + 161*x15*x9/10000 - 353*x15/2500 + 2093*x2**2/1000 + 383*x2*x3/40000 + 6369*x2*x4/100000 + 211*x2*x5/5000 + 6701*x2*x6/100000 + 1787*x2*x7/50000 + 1239*x2*x8/25000 + 2293*x2*x9/50000 - 401*x2/1250 + 2073*x3**2/1000 + 1907*x3*x4/200000 + 2373*x3*x5/500000 + 147*x3*x6/15625 + 1981*x3*x7/5000000 + 4157*x3*x8/10000000 + 2341*x3*x9/500000 - 1919*x3/100000 + 419*x4**2/200 + 211*x4*x5/5000 + 6701*x4*x6/100000 + 1787*x4*x7/50000 + 1239*x4*x8/25000 + 2293*x4*x9/50000 - 401*x4/1250 + 1039*x5**2/500 + 4199*x5*x6/100000 + 1569*x5*x7/100000 + 141*x5*x8/10000 + 209*x5*x9/10000 - 401*x5/2500 + 262*x6**2/125 + 1787*x6*x7/50000 + 1239*x6*x8/25000 + 2293*x6*x9/50000 - 401*x6/1250 + 519*x7**2/250 + 1341*x7*x8/100000 + 197*x7*x9/12500 - 1283*x7/10000 + 663*x8**2/250 + 199*x8*x9/12500 - 337*x8/2500 + 2079*x9**2/1000 - 1669*x9/10000 + 3209/1000",
    "Q": "[[3.209103576276089, -0.08439536597415366, -0.06585524733462747, -0.06407328325222436, -0.15957987443207222, -0.07916832276337346, -0.1595962032234915, -0.009209561605851383, -0.16000645751452292, -0.07160581968287512, -0.15921323909545876, -0.04025856516600711, -0.1605745284838286, -0.08420039060357035, -0.16028518999778218, -0.04954186931052045], [-0.08439536597415366, 2.0793785234116293, 0.008469884409223203, 0.007970033948452299, 0.02242797047748108, 0.009757908801476204, 0.022605806310677167, 0.0016523725594147875, 0.022635095120624317, 0.008860963157271098, 0.02222661289214814, 0.005198656682923282, 0.02257349559482159, 0.010355709375844614, 0.022620644099688603, 0.0034006114619828227], [-0.06585524733462747, 0.008469884409223203, 2.65219745575129, 0.006071456263610944, 0.023909164081892836, 0.007834723900243078, 0.024994035248833424, 9.671441145734332e-05, 0.025637533977799113, 0.006940160370234503, 0.023452624480872136, 0.003419751940420997, 0.026865796065637902, 0.008445893430822415, 0.02646416678084941, 0.006889706274668487], [-0.06407328325222436, 0.007970033948452299, 0.006071456263610944, 2.076362220958806, 0.017835203943022973, 0.007482025777185054, 0.01802902225519236, 0.001205499079734291, 0.018066865142634964, 0.006776363593496499, 0.017654960867645397, 0.003935047939228823, 0.01804542935978768, 0.007951851407577981, 0.018077620969363568, 0.002806632225633963], [-0.15957987443207222, 0.02242797047748108, 0.023909164081892836, 0.017835203943022973, 2.0964735884231773, 0.021258321775091023, 0.03342969713018287, 0.005137380569166768, 0.033131243754957095, 0.019549720623999498, 0.0345547469474905, 0.01235952865447471, 0.032324601715673314, 0.022384567579971437, 0.032566445530892225, 0.0024638033673866433], [-0.07916832276337346, 0.009757908801476204, 0.007834723900243078, 0.007482025777185054, 0.021258321775091023, 2.078519805843211, 0.021442997913013732, 0.0015342503594575757, 0.02147544574715712, 0.008323958591497805, 0.021063994962239846, 0.004870126084368419, 0.021425916677327534, 0.009736031319265181, 0.02146884863262785, 0.0032524531886720617], [-0.1595962032234915, 0.022605806310677167, 0.024994035248833424, 0.01802902225519236, 0.03342969713018287, 0.021442997913013732, 2.094418057759256, 0.00529073275473562, 0.03244442477235304, 0.01974131805790847, 0.03373607749984868, 0.012542909738678897, 0.03165713576597488, 0.022562681392380952, 0.03188691686206534, 0.0020903913334125637], [-0.009209561605851383, 0.0016523725594147875, 9.671441145734332e-05, 0.001205499079734291, 0.005137380569166768, 0.0015342503594575757, 0.00529073275473562, 2.0726608199599013, 0.005328064384612999, 0.0013668567448442697, 0.0050276360665324656, 0.000726932073656332, 0.005373474386824675, 0.0016479450213612138, 0.005373269021936543, 0.0009768136692225053], [-0.16000645751452292, 0.022635095120624317, 0.025637533977799113, 0.018066865142634964, 0.033131243754957095, 0.02147544574715712, 0.03244442477235304, 0.005328064384612999, 2.0932021067858377, 0.019777069506777968, 0.033422606582557114, 0.012582453438379791, 0.03145597838007504, 0.022592101902365717, 0.03165926169416398, 0.0019825626088982866], [-0.07160581968287512, 0.008860963157271098, 0.006940160370234503, 0.006776363593496499, 0.019549720623999498, 0.008323958591497805, 0.01974131805790847, 0.0013668567448442697, 0.019777069506777968, 2.0773775701861794, 0.019363162131432108, 0.004398034087082812, 0.019742709738629294, 0.008840950692372087, 0.01978003075662014, 0.00303312215863343], [-0.15921323909545876, 0.02222661289214814, 0.023452624480872136, 0.017654960867645397, 0.0345547469474905, 0.021063994962239846, 0.03373607749984868, 0.0050276360665324656, 0.033422606582557114, 0.019363162131432108, 2.0969871255680723, 0.012204737115234706, 0.032614218947114346, 0.022183465377751843, 0.03285714462763828, 0.00264651212147231], [-0.04025856516600711, 0.005198656682923282, 0.003419751940420997, 0.003935047939228823, 0.01235952865447471, 0.004870126084368419, 0.012542909738678897, 0.000726932073656332, 0.012582453438379791, 0.004398034087082812, 0.012204737115234706, 2.073979675507059, 0.012592711294591193, 0.005186395612340013, 0.012610598184065352, 0.002039338621722374], [-0.1605745284838286, 0.02257349559482159, 0.026865796065637902, 0.01804542935978768, 0.032324601715673314, 0.021425916677327534, 0.03165713576597488, 0.005373474386824675, 0.03145597838007504, 0.019742709738629294, 0.032614218947114346, 0.012592711294591193, 2.090324030649729, 0.02253097387927048, 0.031129289444524883, 0.0017541013738032727], [-0.08420039060357035, 0.010355709375844614, 0.008445893430822415, 0.007951851407577981, 0.022384567579971437, 0.009736031319265181, 0.022562681392380952, 0.0016479450213612138, 0.022592101902365717, 0.008840950692372087, 0.022183465377751843, 0.005186395612340013, 0.02253097387927048, 2.0793456170570677, 0.022577961497815203, 0.003395130029236992], [-0.16028518999778218, 0.022620644099688603, 0.02646416678084941, 0.018077620969363568, 0.032566445530892225, 0.02146884863262785, 0.03188691686206534, 0.005373269021936543, 0.03165926169416398, 0.01978003075662014, 0.03285714462763828, 0.012610598184065352, 0.031129289444524883, 0.022577961497815203, 2.091249655413993, 0.0018065322291807237], [-0.04954186931052045, 0.0034006114619828227, 0.006889706274668487, 0.002806632225633963, 0.0024638033673866433, 0.0032524531886720617, 0.0020903913334125637, 0.0009768136692225053, 0.0019825626088982866, 0.00303312215863343, 0.00264651212147231, 0.002039338621722374, 0.0017541013738032727, 0.003395130029236992, 0.0018065322291807237, 2.064419036518857]]",
    "monomial_list": "[1, x9, x8, x7, x6, x5, x4, x3, x2, x15, x14, x13, x12, x11, x10, x1]"
}