{
    "name": "Multiplier-1",
    "rational_expression": "2617*x1**2/1000 - 4813*x1*x10/1000000 - 5267*x1*x11/1000000 - 4689*x1*x12/1000000 - 103*x1*x13/100000 - 1263*x1*x14/250000 - 257*x1*x15/200000 - 4931*x1*x2/1000000 - 7671*x1*x3/10000000 - 123*x1*x4/25000 - 1283*x1*x5/1000000 - 5057*x1*x6/1000000 - 1169*x1*x7/1000000 - 2459*x1*x8/500000 - 5323*x1*x9/1000000 - 1303*x1/10000 + 2059*x10**2/1000 - 253*x10*x11/31250 + 4241*x10*x12/500000 - 249*x10*x13/62500 + 4341*x10*x14/1000000 - 979*x10*x15/250000 + 271*x10*x2/62500 - 3897*x10*x3/1000000 + 2161*x10*x4/500000 - 807*x10*x5/100000 + 4329*x10*x6/1000000 - 1969*x10*x7/500000 + 4299*x10*x8/1000000 - 1613*x10*x9/200000 + 9*x10/400 + 2057*x11**2/1000 - 8091*x11*x12/1000000 + 807*x11*x13/2000000 - 1591*x11*x14/200000 - 141*x11*x15/40000 - 803*x11*x2/100000 + 2931*x11*x3/10000000 - 801*x11*x4/100000 - 3529*x11*x5/1000000 - 7971*x11*x6/1000000 - 1801*x11*x7/500000 - 8017*x11*x8/1000000 - 357*x11*x9/100000 + 2247*x11/50000 + 103*x12**2/50 - 249*x12*x13/62500 + 4341*x12*x14/1000000 - 979*x12*x15/250000 + 271*x12*x2/62500 - 3897*x12*x3/1000000 + 2161*x12*x4/500000 - 807*x12*x5/100000 + 4329*x12*x6/1000000 - 1969*x12*x7/500000 + 4299*x12*x8/1000000 - 1613*x12*x9/200000 + 9*x12/400 + 1029*x13**2/500 - 389*x13*x14/100000 + 3811*x13*x15/10000000 - 3943*x13*x2/1000000 + 2287*x13*x3/10000000 - 3933*x13*x4/1000000 + 757*x13*x5/2000000 - 1947*x13*x6/500000 + 33*x13*x7/100000 - 3931*x13*x8/1000000 + 1809*x13*x9/5000000 + 1811*x13/50000 + 1029*x14**2/500 - 953*x14*x15/250000 + 1109*x14*x2/5000000 - 3831*x14*x3/1000000 + 2179*x14*x4/10000000 - 1909*x14*x5/500000 + 2417*x14*x6/10000000 - 1927*x14*x7/500000 + 2053*x14*x8/10000000 - 319*x14*x9/40000 + 789*x14/25000 + 1029*x15**2/500 - 3869*x15*x2/1000000 + 2823*x15*x3/10000000 - 3859*x15*x4/1000000 - 709*x15*x5/200000 - 191*x15*x6/50000 - 901*x15*x7/250000 - 3869*x15*x8/1000000 - 357*x15*x9/100000 + 9*x15/200 + 2059*x2**2/1000 - 3871*x2*x3/1000000 + 1087*x2*x4/250000 - 4013*x2*x5/500000 + 4359*x2*x6/1000000 - 3899*x2*x7/1000000 + 173*x2*x8/40000 - 8021*x2*x9/1000000 + 2689*x2/100000 + 1029*x3**2/500 - 3863*x3*x4/1000000 + 57*x3*x5/200000 - 767*x3*x6/200000 + 2463*x3*x7/10000000 - 3861*x3*x8/1000000 + 21*x3*x9/78125 + 2689*x3/100000 + 1029*x4**2/500 - 4009*x4*x5/500000 + 2137*x4*x6/10000000 - 3899*x4*x7/1000000 + 173*x4*x8/40000 - 8021*x4*x9/1000000 + 2689*x4/100000 + 1029*x5**2/500 - 7971*x5*x6/1000000 - 1801*x5*x7/500000 - 8017*x5*x8/1000000 - 357*x5*x9/100000 + 2247*x5/50000 + 1029*x6**2/500 - 1929*x6*x7/500000 + 68*x6*x8/15625 - 319*x6*x9/40000 + 789*x6/25000 + 1029*x7**2/500 - 3897*x7*x8/1000000 - 1807*x7*x9/500000 + 4061*x7/100000 + 2059*x8**2/1000 - 8021*x8*x9/1000000 + 2689*x8/100000 + 1029*x9**2/500 + 2247*x9/50000 + 281/125",
    "Q": "[[2.24769323087512, 0.023140918672193082, 0.012499764786078588, 0.02103071985382252, 0.015735591857849954, 0.022639240751254522, 0.013632050274299404, 0.013620745616968325, 0.01243608562364932, 0.021865209139911822, 0.016580507380537422, 0.01805637828368286, 0.010187104514009759, 0.023122662976204304, 0.010830159540359837, -0.06596194148441502], [0.023140918672193082, 2.057759673081823, -0.0030491807596310524, -0.0011727057596868096, -0.00302130512424843, -0.0014530672955296677, -0.0030330000916348734, -6.615962414049438e-05, -0.00305093781547136, -0.0013140483508696707, -0.0030066737098550108, -0.0007012626300848571, -0.0031144982273380068, -0.001544120738622252, -0.0030897530814612707, -0.0018162096951286134], [0.012499764786078588, -0.0030491807596310524, 2.0587662551249206, -0.0027056788058735953, 0.0012020673111935842, -0.002976754645027089, 0.001907964247014843, -0.0012198712139184908, 0.002260067611527151, -0.0028521968847787906, 0.000901028613162333, -0.0021332109630254315, 0.002932243818618147, -0.003046691441498067, 0.0027377362561739104, -0.002609318734351127], [0.02103071985382252, -0.0011727057596868096, -0.0027056788058735953, 2.057848223444338, -0.0026151737771417756, -0.0010940605225187184, -0.0026689305087766917, 1.2650033807187189e-05, -0.0027085498838692375, -0.0009780431964416727, -0.002589358117855455, -0.0004852328833038918, -0.002813015558474723, -0.0011697999507510478, -0.0027770525661059294, -0.0011874946470533411], [0.015735591857849954, -0.00302130512424843, 0.0012020673111935842, -0.0026151737771417756, 2.057847251017228, -0.0029301311228507173, 0.0008700372260328268, -0.0010446060065933851, 0.0012202344028601501, -0.002781543401113382, -4.000521913624142e-05, -0.001995757520951403, 0.0018612685830952393, -0.00301808168809638, 0.0016781633256561538, -0.00287567795770099], [0.022639240751254522, -0.0014530672955296677, -0.002976754645027089, -0.0010940605225187184, -0.0029301311228507173, 2.0577917483552906, -0.002954283874746568, -4.4549311669655446e-05, -0.00297886373314995, -0.0012294409712507218, -0.002912084045978672, -0.0006453996069618999, -0.003055559649431167, -0.001449711663272798, -0.0030270959544776077, -0.001657645972660436], [0.013632050274299404, -0.0030330000916348734, 0.001907964247014843, -0.0026689305087766917, 0.0008700372260328268, -0.002954283874746568, 2.0583958983678614, -0.0011555716970045268, 0.0019263790203931446, -0.0028219111068539257, 0.000580057274969624, -0.002081065511572822, 0.00258762650158709, -0.003030261538010395, 0.0023962714646571445, -0.0027171839830546253], [0.013620745616968325, -6.615962414049438e-05, -0.0012198712139184908, 1.2650033807187189e-05, -0.0010446060065933851, -4.4549311669655446e-05, -0.0011555716970045268, 2.057627109363913, -0.0012239802720519252, -1.4641926860317447e-05, -0.0009992635396826066, 9.327825827309525e-05, -0.0013754387758251165, -6.534355852595255e-05, -0.0013280570219210133, 0.0006097581210326639], [0.01243608562364932, -0.00305093781547136, 0.002260067611527151, -0.0027085498838692375, 0.0012202344028601501, -0.00297886373314995, 0.0019263790203931446, -0.0012239802720519252, 2.0587900863854696, -0.002854730341886412, 0.0009186231300341123, -0.0021368338654498917, 0.002951642424556937, -0.0030484625882736564, 0.0027569632110310193, -0.0026023562734354888], [0.021865209139911822, -0.0013140483508696707, -0.0028521968847787906, -0.0009780431964416727, -0.002781543401113382, -0.0012294409712507218, -0.0028219111068539257, -1.4641926860317447e-05, -0.002854730341886412, 2.0578262221355925, -0.002759715306352444, -0.0005644021511418573, -0.002946979417696847, -0.0013109201272839496, -0.002914246054329031, -0.0014243550700502286], [0.016580507380537422, -0.0030066737098550108, 0.000901028613162333, -0.002589358117855455, -4.000521913624142e-05, -0.002912084045978672, 0.000580057274969624, -0.0009992635396826066, 0.0009186231300341123, -0.002759715306352444, 2.057661790334525, -0.0019589008831142883, 0.0015403213140845354, -0.0030033026332532344, 0.001363311649903421, -0.0029287258872602666], [0.01805637828368286, -0.0007012626300848571, -0.0021332109630254315, -0.0004852328833038918, -0.001995757520951403, -0.0006453996069618999, -0.002081065511572822, 9.327825827309525e-05, -0.0021368338654498917, -0.0005644021511418573, -0.0019589008831142883, 2.057835606112209, -0.0022690602176422205, -0.000699187535673639, -0.0022259991271695485, -0.0004240568659040505], [0.010187104514009759, -0.0031144982273380068, 0.002932243818618147, -0.002813015558474723, 0.0018612685830952393, -0.003055559649431167, 0.00258762650158709, -0.0013754387758251165, 0.002951642424556937, -0.002946979417696847, 0.0015403213140845354, -0.0022690602176422205, 2.0598524758418626, -0.0031125488433825467, 0.0034409867082463626, -0.0023197307455950287], [0.023122662976204304, -0.001544120738622252, -0.003046691441498067, -0.0011697999507510478, -0.00301808168809638, -0.001449711663272798, -0.003030261538010395, -6.534355852595255e-05, -0.0030484625882736564, -0.0013109201272839496, -0.0030033026332532344, -0.000699187535673639, -0.0031125488433825467, 2.057760957878398, -0.003087653845842791, -0.0018103326744963503], [0.010830159540359837, -0.0030897530814612707, 0.0027377362561739104, -0.0027770525661059294, 0.0016781633256561538, -0.0030270959544776077, 0.0023962714646571445, -0.0013280570219210133, 0.0027569632110310193, -0.002914246054329031, 0.001363311649903421, -0.0022259991271695485, 0.0034409867082463626, -0.003087653845842791, 2.059509586853446, -0.0024117625697245466], [-0.06596194148441502, -0.0018162096951286134, -0.002609318734351127, -0.0011874946470533411, -0.00287567795770099, -0.001657645972660436, -0.0027171839830546253, 0.0006097581210326639, -0.0026023562734354888, -0.0014243550700502286, -0.0029287258872602666, -0.0004240568659040505, -0.0023197307455950287, -0.0018103326744963503, -0.0024117625697245466, 2.6174190800657438]]",
    "monomial_list": "[1, x9, x8, x7, x6, x5, x4, x3, x2, x15, x14, x13, x12, x11, x10, x1]"
}