{
    "name": "Multiplier-2",
    "rational_expression": "413*x1**2/200 + 5089*x1*x10/1000000 + 6777*x1*x11/1000000 + 2533*x1*x12/500000 + 5469*x1*x13/1000000 + 157*x1*x14/31250 + 1271*x1*x15/200000 + 1273*x1*x2/100000 + 2969*x1*x3/10000000 + 4919*x1*x4/1000000 + 331*x1*x5/50000 + 977*x1*x6/200000 + 153*x1*x7/25000 + 607*x1*x8/125000 + 6691*x1*x9/1000000 - 4821*x1/50000 + 2091*x10**2/1000 + 2219*x10*x11/50000 + 49*x10*x12/800 + 1307*x10*x13/50000 + 813*x10*x14/12500 + 377*x10*x15/10000 + 2559*x10*x2/50000 + 9669*x10*x3/1000000 + 799*x10*x4/12500 + 4249*x10*x5/100000 + 1681*x10*x6/25000 + 3599*x10*x7/100000 + 1557*x10*x8/25000 + 4587*x10*x9/100000 - 3213*x10/10000 + 2079*x11**2/1000 + 441*x11*x12/10000 + 569*x11*x13/50000 + 4389*x11*x14/100000 + 857*x11*x15/50000 + 387*x11*x2/25000 + 987*x11*x3/200000 + 4731*x11*x4/100000 + 2161*x11*x5/100000 + 1169*x11*x6/25000 + 1607*x11*x7/100000 + 4617*x11*x8/100000 + 527*x11*x9/25000 - 1671*x11/10000 + 2091*x12**2/1000 + 653*x12*x13/25000 + 3251*x12*x14/50000 + 471*x12*x15/12500 + 5631*x12*x2/100000 + 9661*x12*x3/1000000 + 6387*x12*x4/100000 + 2123*x12*x5/50000 + 631*x12*x6/10000 + 3599*x12*x7/100000 + 1557*x12*x8/25000 + 4587*x12*x9/100000 - 3213*x12/10000 + 1037*x13**2/500 + 2609*x13*x14/100000 + 1077*x13*x15/100000 + 7797*x13*x2/1000000 + 787*x13*x3/2000000 + 2573*x13*x4/100000 + 1083*x13*x5/100000 + 2543*x13*x6/100000 + 3011*x13*x7/500000 + 157*x13*x8/6250 + 527*x13*x9/50000 - 8357*x13/100000 + 1049*x14**2/500 + 118*x14*x15/3125 + 4577*x14*x2/100000 + 4843*x14*x3/500000 + 6811*x14*x4/100000 + 4253*x14*x5/100000 + 6729*x14*x6/100000 + 1801*x14*x7/50000 + 6641*x14*x8/100000 + 4587*x14*x9/100000 - 3213*x14/10000 + 2077*x15**2/1000 + 739*x15*x2/50000 + 6509*x15*x3/10000000 + 261*x15*x4/6250 + 1657*x15*x5/100000 + 4129*x15*x6/100000 + 573*x15*x7/50000 + 2039*x15*x8/50000 + 161*x15*x9/10000 - 707*x15/5000 + 663*x2**2/250 + 3449*x2*x3/5000000 + 311*x2*x4/6250 + 1657*x2*x5/100000 + 2463*x2*x6/50000 + 571*x2*x7/50000 + 5273*x2*x8/100000 + 1593*x2*x9/100000 - 27*x2/200 + 2073*x3**2/1000 + 9637*x3*x4/1000000 + 2407*x3*x5/500000 + 9511*x3*x6/1000000 + 4559*x3*x7/10000000 + 4699*x3*x8/500000 + 4683*x3*x9/1000000 - 961*x3/50000 + 419*x4**2/200 + 4253*x4*x5/100000 + 6729*x4*x6/100000 + 1801*x4*x7/50000 + 6641*x4*x8/100000 + 4587*x4*x9/100000 - 3213*x4/10000 + 1039*x5**2/500 + 529*x5*x6/12500 + 1591*x5*x7/100000 + 2089*x5*x8/50000 + 2091*x5*x9/100000 - 1607*x5/10000 + 2097*x6**2/1000 + 1801*x6*x7/50000 + 6641*x6*x8/100000 + 4587*x6*x9/100000 - 3213*x6/10000 + 519*x7**2/250 + 3581*x7*x8/100000 + 197*x7*x9/12500 - 257*x7/2000 + 2093*x8**2/1000 + 4587*x8*x9/100000 - 3213*x8/10000 + 2079*x9**2/1000 - 1671*x9/10000 + 1607/500",
    "Q": "[[3.213872666700857, -0.08497520688992939, -0.16076848892623427, -0.06451682190204885, -0.1603019408853042, -0.07971214337300332, -0.160353648876047, -0.009303487090019076, -0.06604972373133591, -0.07209894944378986, -0.15993693744994153, -0.04054760166662925, -0.16147103405579144, -0.08477885621459326, -0.1611391638077131, -0.04958798607947859], [-0.08497520688992939, 2.0794299452010754, 0.022766152503616143, 0.007972497646268869, 0.022539316453770924, 0.009770604893434148, 0.022730152151474132, 0.0016334816146144813, 0.00851262587657659, 0.008868125719863078, 0.02233456633966275, 0.0051896824794290955, 0.022725450791698864, 0.010372639185103293, 0.02276682212789893, 0.003440394283767036], [-0.16076848892623427, 0.022766152503616143, 2.0933737863436637, 0.01817450769832921, 0.033204659813668685, 0.021600654023403876, 0.0325214897973037, 0.00536569318368958, 0.025599223087343533, 0.01989362414030343, 0.03349985413005139, 0.01266032832420488, 0.03155244264700306, 0.022722940950278908, 0.03175008701206643, 0.001953179351960216], [-0.06451682190204885, 0.007972497646268869, 0.01817450769832921, 2.076396787898441, 0.0179253135984283, 0.007481008231802961, 0.018131144412220378, 0.0011846127475101016, 0.006107183655939313, 0.006771117440718892, 0.017741584111099194, 0.003918985234565237, 0.01817236244496725, 0.007954173016530293, 0.0181994564972761, 0.002843914095152624], [-0.1603019408853042, 0.022539316453770924, 0.033204659813668685, 0.0179253135984283, 2.096578407038996, 0.021364246823390033, 0.03348053810121766, 0.005167157770905168, 0.02390022106775684, 0.01964778711913532, 0.03460246637608569, 0.01242357274529192, 0.03240392128564727, 0.022495708273826458, 0.032637134032405174, 0.0024341363237593053], [-0.07971214337300332, 0.009770604893434148, 0.021600654023403876, 0.007481008231802961, 0.021364246823390033, 2.078564748197576, 0.021561783316719436, 0.0015144828728409364, 0.007875682784312256, 0.008327293981565311, 0.021166430211732562, 0.004858795033726147, 0.021571800149368946, 0.009748558750771935, 0.021609086633690065, 0.0032919248088776045], [-0.160353648876047, 0.022730152151474132, 0.0325214897973037, 0.018131144412220378, 0.03348053810121766, 0.021561783316719436, 2.094518742085338, 0.0053266966519394734, 0.02498753190832739, 0.019851889678765874, 0.03379011902952627, 0.012616816976208018, 0.031739366888225956, 0.022686819052200727, 0.03196095141221041, 0.00205700068957612], [-0.009303487090019076, 0.0016334816146144813, 0.00536569318368958, 0.0011846127475101016, 0.005167157770905168, 0.0015144828728409364, 0.0053266966519394734, 2.0727101099559717, 0.00011119125821711127, 0.0013462901290799928, 0.0050551801796773635, 0.0007070619158287488, 0.005420760841728757, 0.0016290146828810183, 0.005418504197488521, 0.0009972369951022904], [-0.06604972373133591, 0.00851262587657659, 0.025599223087343533, 0.006107183655939313, 0.02390022106775684, 0.007875682784312256, 0.02498753190832739, 0.00011119125821711127, 2.652234653224121, 0.006978538059383543, 0.023444491993960172, 0.0034464372498129946, 0.026877924928472345, 0.008488566259080722, 0.026468802679065907, 0.006868555886544321], [-0.07209894944378986, 0.008868125719863078, 0.01989362414030343, 0.006771117440718892, 0.01964778711913532, 0.008327293981565311, 0.019851889678765874, 0.0013462901290799928, 0.006978538059383543, 2.0774159456307015, 0.019457698315096215, 0.004383985453728441, 0.019879369177436094, 0.008847957801108138, 0.01991129148977935, 0.0030717224605674876], [-0.15993693744994153, 0.02233456633966275, 0.03349985413005139, 0.017741584111099194, 0.03460246637608569, 0.021166430211732562, 0.03379011902952627, 0.0050551801796773635, 0.023444491993960172, 0.019457698315096215, 2.0970989211035587, 0.012265697415382405, 0.0326971776971426, 0.02229120890555269, 0.032931432811142, 0.002619708355081228], [-0.04054760166662925, 0.0051896824794290955, 0.01266032832420488, 0.003918985234565237, 0.01242357274529192, 0.004858795033726147, 0.012616816976208018, 0.0007070619158287488, 0.0034464372498129946, 0.004383985453728441, 0.012265697415382405, 2.074014032150109, 0.01268628861107204, 0.005177323251734709, 0.012700250975871194, 0.002070411545383942], [-0.16147103405579144, 0.022725450791698864, 0.03155244264700306, 0.01817236244496725, 0.03240392128564727, 0.021571800149368946, 0.031739366888225956, 0.005420760841728757, 0.026877924928472345, 0.019879369177436094, 0.0326971776971426, 0.01268628861107204, 2.090441971454788, 0.022682705883216733, 0.031222554669437477, 0.0017183597385668208], [-0.08477885621459326, 0.010372639185103293, 0.022722940950278908, 0.007954173016530293, 0.022495708273826458, 0.009748558750771935, 0.022686819052200727, 0.0016290146828810183, 0.008488566259080722, 0.008847957801108138, 0.02229120890555269, 0.005177323251734709, 0.022682705883216733, 2.079396758871812, 0.022723920359422833, 0.0034349064068257165], [-0.1611391638077131, 0.02276682212789893, 0.03175008701206643, 0.0181994564972761, 0.032637134032405174, 0.021609086633690065, 0.03196095141221041, 0.005418504197488521, 0.026468802679065907, 0.01991129148977935, 0.032931432811142, 0.012700250975871194, 0.031222554669437477, 0.022723920359422833, 2.091361010430857, 0.001769953332909174], [-0.04958798607947859, 0.003440394283767036, 0.001953179351960216, 0.002843914095152624, 0.0024341363237593053, 0.0032919248088776045, 0.00205700068957612, 0.0009972369951022904, 0.006868555886544321, 0.0030717224605674876, 0.002619708355081228, 0.002070411545383942, 0.0017183597385668208, 0.0034349064068257165, 0.001769953332909174, 2.06442618365342]]",
    "monomial_list": "[1, x9, x8, x7, x6, x5, x4, x3, x2, x15, x14, x13, x12, x11, x10, x1]"
}