{
    "name": "Multiplier-9",
    "rational_expression": "2057*x1**2/1000 - 1671*x1*x10/1000000 - 251*x1*x11/50000 - 1699*x1*x12/1000000 - 4633*x1*x13/1000000 - 1691*x1*x14/1000000 - 247*x1*x15/50000 - 1739*x1*x2/1000000 - 3403*x1*x3/10000000 - 1747*x1*x4/1000000 - 5019*x1*x5/1000000 - 1739*x1*x6/1000000 - 489*x1*x7/100000 - 1791*x1*x8/1000000 + 4837*x1*x9/1000000 - 689*x1/20000 + 1023*x10**2/500 - 2073*x10*x11/100000 - 1211*x10*x12/50000 - 37*x10*x13/3125 - 2879*x10*x14/100000 - 1789*x10*x15/100000 - 2517*x10*x2/100000 - 3003*x10*x3/500000 - 1279*x10*x4/50000 - 2227*x10*x5/100000 - 2627*x10*x6/100000 - 1909*x10*x7/100000 - 1327*x10*x8/50000 + 2579*x10*x9/1000000 + 1983*x10/10000 + 1023*x11**2/500 - 2093*x11*x12/100000 - 2683*x11*x13/500000 - 133*x11*x14/6250 - 8181*x11*x15/1000000 - 1079*x11*x2/50000 - 1313*x11*x3/500000 - 1093*x11*x4/50000 - 8327*x11*x5/1000000 - 2231*x11*x6/100000 - 4993*x11*x7/1000000 - 2249*x11*x8/100000 + 1537*x11*x9/1000000 + 1183*x11/10000 + 1023*x12**2/500 - 37*x12*x13/3125 - 2879*x12*x14/100000 - 1789*x12*x15/100000 - 2517*x12*x2/100000 - 3003*x12*x3/500000 - 1279*x12*x4/50000 - 2227*x12*x5/100000 - 2627*x12*x6/100000 - 1909*x12*x7/100000 - 1327*x12*x8/50000 + 2579*x12*x9/1000000 + 1983*x12/10000 + 1023*x13**2/500 - 1199*x13*x14/100000 - 83*x13*x15/50000 - 607*x13*x2/50000 + 13*x13*x3/15625 - 123*x13*x4/10000 - 2929*x13*x5/500000 - 1257*x13*x6/100000 - 2137*x13*x7/1000000 - 1267*x13*x8/100000 + 9421*x13*x9/10000000 + 7251*x13/100000 + 409*x14**2/200 - 359*x14*x15/20000 - 2933*x14*x2/100000 - 6029*x14*x3/1000000 - 93*x14*x4/3125 - 453*x14*x5/25000 - 3047*x14*x6/100000 - 1519*x14*x7/100000 - 2673*x14*x8/100000 + 633*x14*x9/250000 + 973*x14/5000 + 2047*x15**2/1000 - 361*x15*x2/20000 + 1227*x15*x3/1000000 - 1829*x15*x4/100000 - 8719*x15*x5/1000000 - 1869*x15*x6/100000 - 5313*x15*x7/1000000 - 377*x15*x8/20000 + 1389*x15*x9/1000000 + 267*x15/2500 + 1023*x2**2/500 - 3003*x2*x3/500000 - 1279*x2*x4/50000 - 2227*x2*x5/100000 - 2627*x2*x6/100000 - 1909*x2*x7/100000 - 1327*x2*x8/50000 + 2579*x2*x9/1000000 + 1983*x2/10000 + 409*x3**2/200 - 379*x3*x4/62500 - 43*x3*x5/15625 - 3099*x3*x6/500000 + 13*x3*x7/12500 - 1247*x3*x8/200000 + 1239*x3*x9/2500000 + 953*x3/25000 + 1023*x4**2/500 - 1803*x4*x5/100000 - 2629*x4*x6/100000 - 1509*x4*x7/100000 - 1327*x4*x8/50000 + 2579*x4*x9/1000000 + 1983*x4/10000 + 2047*x5**2/1000 - 183*x5*x6/10000 - 5117*x5*x7/1000000 - 369*x5*x8/20000 + 93*x5*x9/62500 + 143*x5/1250 + 409*x6**2/200 - 1519*x6*x7/100000 - 2673*x6*x8/100000 + 633*x6*x9/250000 + 973*x6/5000 + 1023*x7**2/500 - 77*x7*x8/4000 + 1289*x7*x9/1000000 + 9917*x7/100000 + 409*x8**2/200 + 2579*x8*x9/1000000 + 1983*x8/10000 + 328*x9**2/125 + 2479*x9/50000 + 1907/1000",
    "Q": "[[1.9074044044708396, 0.02534045869201616, 0.09860080863936442, 0.04905115968872289, 0.09770837594164647, 0.0568937525117152, 0.09833425921042946, 0.019096412740811447, 0.09861706761649514, 0.052981401864272575, 0.0973500580117164, 0.03627599548842434, 0.09881062983743433, 0.05950239054807242, 0.0988045393264833, -0.017953437908204528], [0.02534045869201616, 2.6245835146475915, 0.0014344322116040071, -0.00028853537737002735, 0.0010782345529768904, -0.00023321101358609412, 0.00132528893541497, -0.0006150953517986278, 0.0014388411779230027, -0.0002586246485217927, 0.0009968739683279151, -0.00042051444447671225, 0.0015497779592032524, -0.00021129581937944297, 0.0015383855345870755, 0.0016447620413317925], [0.09860080863936442, 0.0014344322116040071, 2.0454307470369133, -0.008726971871745115, -0.013713549288323542, -0.01017906928180663, -0.013357212218055603, -0.0027890475266333387, -0.01318729669441477, -0.009463116920997576, -0.013872694158237027, -0.00624828441882509, -0.012804294136072104, -0.010645399377775828, -0.012927981263920654, -0.0005488110388356341], [0.04905115968872289, -0.00028853537737002735, -0.008726971871745115, 2.046769938448427, -0.008414438616336374, -0.0032118003765103332, -0.008605048620659918, -0.00025136480555108353, -0.008735086415840499, -0.002815112669420882, -0.008305243374506848, -0.0014449630827863913, -0.0090134209787843, -0.003469984340087529, -0.008917913516361401, -0.0019262367747656947], [0.09770837594164647, 0.0010782345529768904, -0.013713549288323542, -0.008414438616336374, 2.0449020743690935, -0.009886601369749042, -0.013888815065758502, -0.002572102561635377, -0.013704099333222256, -0.009155799481951072, -0.014393494618692078, -0.0059624528027913985, -0.01330284376623847, -0.010363378968857759, -0.013429603608018788, -0.0009830207888228528], [0.0568937525117152, -0.00023321101358609412, -0.01017906928180663, -0.0032118003765103332, -0.009886601369749042, 2.0468746762749093, -0.01006365660902532, -0.0004564147311542207, -0.010186834578591446, -0.0036503647128625985, -0.00976853929290468, -0.001971221590317414, -0.010445837293982307, -0.004394269413460547, -0.010356436679529332, -0.0021223124863140818], [0.09833425921042946, 0.00132528893541497, -0.013357212218055603, -0.008605048620659918, -0.013888815065758502, -0.01006365660902532, 2.045088680677325, -0.002706035225538805, -0.013348156883024886, -0.009342702525563771, -0.014045246564445012, -0.006137358562276414, -0.012953472553702225, -0.010534160711386062, -0.013081375199163364, -0.0007070096128269533], [0.019096412740811447, -0.0006150953517986278, -0.0027890475266333387, -0.00025136480555108353, -0.002572102561635377, -0.0004564147311542207, -0.002706035225538805, 2.0447432347748653, -0.0027944069105481713, -0.0003452285846130023, -0.002499905291723512, -5.164260507176464e-05, -0.002984542361279526, -0.000531556338545041, -0.002921035732169793, -0.0006787653220883701], [0.09861706761649514, 0.0014388411779230027, -0.01318729669441477, -0.008735086415840499, -0.013704099333222256, -0.010186834578591446, -0.013348156883024886, -0.0027944069105481713, 2.045457580137441, -0.009471167255662737, -0.013863465478807267, -0.006255590148469141, -0.01279614946363721, -0.010652913181266687, -0.012919507810736818, -0.000539343909500972], [0.052981401864272575, -0.0002586246485217927, -0.009463116920997576, -0.002815112669420882, -0.009155799481951072, -0.0036503647128625985, -0.009342702525563771, -0.0003452285846130023, -0.009471167255662737, 2.046854405865229, -0.00904380909809826, -0.001695049761286954, -0.009744390670445555, -0.003926453223978345, -0.009650378009295432, -0.0020338398546701805], [0.0973500580117164, 0.0009968739683279151, -0.013872694158237027, -0.008305243374506848, -0.014393494618692078, -0.00976853929290468, -0.014045246564445012, -0.002499905291723512, -0.013863465478807267, -0.00904380909809826, 2.044907928037644, -0.00586400216390107, -0.013476629687975855, -0.010240059484101617, -0.013597385084732697, -0.0011076463975725071], [0.03627599548842434, -0.00042051444447671225, -0.00624828441882509, -0.0014449630827863913, -0.0059624528027913985, -0.001971221590317414, -0.006137358562276414, -5.164260507176464e-05, -0.006255590148469141, -0.001695049761286954, -0.00586400216390107, 2.0460969142804255, -0.006509739378125109, -0.0021547713800202616, -0.006423336094195475, -0.0014471544598713068], [0.09881062983743433, 0.0015497779592032524, -0.012804294136072104, -0.0090134209787843, -0.01330284376623847, -0.010445837293982307, -0.012953472553702225, -0.002984542361279526, -0.01279614946363721, -0.009744390670445555, -0.013476629687975855, -0.006509739378125109, 2.0464398459999957, -0.010899900716872626, -0.012573647413840268, -0.00017696646279510153], [0.05950239054807242, -0.00021129581937944297, -0.010645399377775828, -0.003469984340087529, -0.010363378968857759, -0.004394269413460547, -0.010534160711386062, -0.000531556338545041, -0.010652913181266687, -0.003926453223978345, -0.010240059484101617, -0.0021547713800202616, -0.010899900716872626, 2.046877567999437, -0.010814444552653863, -0.0021821326713617984], [0.0988045393264833, 0.0015383855345870755, -0.012927981263920654, -0.008917913516361401, -0.013429603608018788, -0.010356436679529332, -0.013081375199163364, -0.002921035732169793, -0.012919507810736818, -0.009650378009295432, -0.013597385084732697, -0.006423336094195475, -0.012573647413840268, -0.010814444552653863, 2.0461269722026962, -0.0002936030660925719], [-0.017953437908204528, 0.0016447620413317925, -0.0005488110388356341, -0.0019262367747656947, -0.0009830207888228528, -0.0021223124863140818, -0.0007070096128269533, -0.0006787653220883701, -0.000539343909500972, -0.0020338398546701805, -0.0011076463975725071, -0.0014471544598713068, -0.00017696646279510153, -0.0021821326713617984, -0.0002936030660925719, 2.057009500308545]]",
    "monomial_list": "[1, x9, x8, x7, x6, x5, x4, x3, x2, x15, x14, x13, x12, x11, x10, x1]"
}