{
    "name": "Multiplier-13",
    "rational_expression": "411*x1**2/200 - 649*x1*x10/125000 - 4643*x1*x11/1000000 - 5289*x1*x12/1000000 + 2527*x1*x13/500000 - 2653*x1*x14/500000 - 2327*x1*x15/500000 - 271*x1*x2/50000 - 1207*x1*x3/5000000 - 219*x1*x4/40000 - 4797*x1*x5/1000000 - 5539*x1*x6/1000000 - 2349*x1*x7/500000 - 353*x1*x8/62500 - 4913*x1*x9/1000000 - 2517*x1/100000 + 2041*x10**2/1000 - 2413*x10*x11/100000 - 3873*x10*x12/100000 + 349*x10*x13/50000 - 803*x10*x14/20000 - 2267*x10*x15/100000 - 1847*x10*x2/50000 - 1011*x10*x3/200000 - 151*x10*x4/4000 - 2281*x10*x5/100000 - 3909*x10*x6/100000 - 2071*x10*x7/100000 - 249*x10*x8/6250 - 237*x10*x9/10000 + 2473*x10/10000 + 1021*x11**2/500 - 1227*x11*x12/50000 + 2231*x11*x13/2500000 - 2537*x11*x14/100000 - 1087*x11*x15/100000 - 2589*x11*x2/100000 - 1137*x11*x3/500000 - 2641*x11*x4/100000 - 551*x11*x5/50000 - 2317*x11*x6/100000 - 124*x11*x7/15625 - 59*x11*x8/2500 - 36*x11*x9/3125 + 663*x11/5000 + 2041*x12**2/1000 + 349*x12*x13/50000 - 803*x12*x14/20000 - 2267*x12*x15/100000 - 1847*x12*x2/50000 - 1011*x12*x3/200000 - 151*x12*x4/4000 - 2281*x12*x5/100000 - 3909*x12*x6/100000 - 2071*x12*x7/100000 - 249*x12*x8/6250 - 237*x12*x9/10000 + 2473*x12/10000 + 131*x13**2/50 + 5797*x13*x14/1000000 + 8347*x13*x15/10000000 + 2941*x13*x2/500000 + 2933*x13*x3/10000000 + 5939*x13*x4/1000000 + 9737*x13*x5/10000000 + 5971*x13*x6/1000000 + 8381*x13*x7/10000000 + 757*x13*x8/125000 + 1069*x13*x9/1000000 + 2889*x13/100000 + 2041*x14**2/1000 - 2291*x14*x15/100000 - 3743*x14*x2/100000 - 2567*x14*x3/500000 - 239*x14*x4/6250 - 1153*x14*x5/50000 - 791*x14*x6/20000 - 523*x14*x7/25000 - 4033*x14*x8/100000 - 599*x14*x9/25000 + 2403*x14/10000 + 2041*x15**2/1000 - 2311*x15*x2/100000 - 2463*x15*x3/1000000 - 193*x15*x4/10000 - 29*x15*x5/2500 - 1997*x15*x6/100000 - 4199*x15*x7/500000 - 1017*x15*x8/50000 - 241*x15*x9/20000 + 74*x15/625 + 2041*x2**2/1000 - 637*x2*x3/125000 - 19*x2*x4/500 - 1147*x2*x5/50000 - 3933*x2*x6/100000 - 2081*x2*x7/100000 - 501*x2*x8/12500 - 149*x2*x9/6250 + 1219*x2/5000 + 2039*x3**2/1000 - 5179*x3*x4/1000000 - 1201*x3*x5/500000 - 5367*x3*x6/1000000 - 273*x3*x7/100000 - 171*x3*x8/31250 - 631*x3*x9/250000 + 789*x3/20000 + 51*x4**2/25 - 1147*x4*x5/50000 - 3933*x4*x6/100000 - 2081*x4*x7/100000 - 501*x4*x8/12500 - 149*x4*x9/6250 + 1219*x4/5000 + 1021*x5**2/500 - 2341*x5*x6/100000 - 1609*x5*x7/200000 - 2383*x5*x8/100000 - 233*x5*x9/20000 + 1291*x5/10000 + 2041*x6**2/1000 - 523*x6*x7/25000 - 4033*x6*x8/100000 - 599*x6*x9/25000 + 2403*x6/10000 + 2041*x7**2/1000 - 2111*x7*x8/100000 - 1643*x7*x9/200000 + 269*x7/2500 + 51*x8**2/25 - 149*x8*x9/6250 + 1219*x8/5000 + 2041*x9**2/1000 + 663*x9/5000 + 1793/1000",
    "Q": "[[1.7932820116283135, 0.06715464455911478, 0.12267934798693002, 0.05416603309597331, 0.12063161640669633, 0.06381492371878286, 0.122002700329513, 0.01908922211349803, 0.12271937709648903, 0.05898253950623387, 0.11988675517172508, 0.014555649791816292, 0.12376680755100537, 0.06702989879035108, 0.12348618173186504, -0.012450926258209842], [0.06715464455911478, 2.0416683179410096, -0.01230770612989686, -0.00492380471706765, -0.01203374467671458, -0.00594696871989339, -0.012203869021484627, -0.0011359090584253447, -0.012314584768591829, -0.005433727401204273, -0.011930403328391228, 0.0008435228192540622, -0.012516975877219968, -0.006284012221946137, -0.012452659055351383, -0.001989693499885134], [0.12267934798693002, -0.01230770612989686, 2.0407233818434314, -0.009767194655997822, -0.01949300464929881, -0.011662823364645676, -0.01924278117296751, -0.002643981220540118, -0.01913550024226498, -0.01071896094116411, -0.019565896409669468, 0.0033434795618051123, -0.018874680728796885, -0.01228375067022466, -0.018961979521144093, -0.0020366035132880836], [0.05416603309597331, -0.00492380471706765, -0.009767194655997822, 2.04109222279556, -0.009504466778774829, -0.004636032925234229, -0.009668664459152109, -0.0008748747110658693, -0.009773702080978814, -0.0042186151760695975, -0.009427489381132794, 0.0004446966006301222, -0.009968977726359404, -0.004913181114691675, -0.009907454355034295, -0.0015516919316280913], [0.12063161640669633, -0.01203374467671458, -0.01949300464929881, -0.009504466778774829, 2.0408674553085335, -0.01138859283817005, -0.019623995079866913, -0.0024888032481530237, -0.019486285707837198, -0.010447269393565444, -0.01986133857312147, 0.003101950043214907, -0.019186099920991975, -0.012009768988029336, -0.01927877770154419, -0.002368177503785555], [0.06381492371878286, -0.00594696871989339, -0.011662823364645676, -0.004636032925234229, -0.01138859283817005, 2.0415367125504424, -0.011558892400460258, -0.0010640612430672747, -0.011669696935226771, -0.005121413182734822, -0.011294642302289003, 0.0007409916366561063, -0.011873627196884087, -0.005934610444128222, -0.011808936828602321, -0.0018807493140219845], [0.122002700329513, -0.012203869021484627, -0.01924278117296751, -0.009668664459152109, -0.019623995079866913, -0.011558892400460258, 2.0406733094802267, -0.0025861594286518356, -0.019236905954810403, -0.010616784091071854, -0.019686411693122755, 0.0032696371500478744, -0.018955230459812865, -0.012179891810446852, -0.019046742004458238, -0.0021550549462947643], [0.01908922211349803, -0.0011359090584253447, -0.002643981220540118, -0.0008748747110658693, -0.0024888032481530237, -0.0010640612430672747, -0.0025861594286518356, 2.038765361232086, -0.002647737887796708, -0.0009649623502288708, -0.0024471501959065114, -0.0005177985124309106, -0.00276756782603013, -0.0011332224833555614, -0.002730605855554423, -0.00026960299569954324], [0.12271937709648903, -0.012314584768591829, -0.01913550024226498, -0.009773702080978814, -0.019486285707837198, -0.011669696935226771, -0.019236905954810403, -0.002647737887796708, 2.040732179174974, -0.010725710120072887, -0.019559631301238292, 0.003346313745664628, -0.018870668084021814, -0.012290630304564589, -0.01895775941297448, -0.002029614688797755], [0.05898253950623387, -0.005433727401204273, -0.01071896094116411, -0.0042186151760695975, -0.010447269393565444, -0.005121413182734822, -0.010616784091071854, -0.0009649623502288708, -0.010725710120072887, 2.041330266472721, -0.010364099937373574, 0.0005928032615599349, -0.010927414611894993, -0.005422212839344623, -0.010863638310709803, -0.0017202587191312104], [0.11988675517172508, -0.011930403328391228, -0.019565896409669468, -0.009427489381132794, -0.01986133857312147, -0.011294642302289003, -0.019686411693122755, -0.0024471501959065114, -0.019559631301238292, -0.010364099937373574, 2.0409845986315074, 0.00303430958417735, -0.01927421353639661, -0.01190676688165383, -0.01936175244693818, -0.002442270267645891], [0.014555649791816292, 0.0008435228192540622, 0.0033434795618051123, 0.0004446966006301222, 0.003101950043214907, 0.0007409916366561063, 0.0032696371500478744, -0.0005177985124309106, 0.003346313745664628, 0.0005928032615599349, 0.00303430958417735, 2.6197070624842786, 0.003403313743384293, 0.0008396691500291754, 0.003399475431345307, 0.0020498468165041114], [0.12376680755100537, -0.012516975877219968, -0.018874680728796885, -0.009968977726359404, -0.019186099920991975, -0.011873627196884087, -0.018955230459812865, -0.00276756782603013, -0.018870668084021814, -0.010927414611894993, -0.01927421353639661, 0.003403313743384293, 2.0412461850249275, -0.012493119135557933, -0.018715570968267325, -0.0017697775395108055], [0.06702989879035108, -0.006284012221946137, -0.01228375067022466, -0.004913181114691675, -0.012009768988029336, -0.005934610444128222, -0.012179891810446852, -0.0011332224833555614, -0.012290630304564589, -0.005422212839344623, -0.01190676688165383, 0.0008396691500291754, -0.012493119135557933, 2.0416633614257664, -0.012428775668490622, -0.001985605372694658], [0.12348618173186504, -0.012452659055351383, -0.018961979521144093, -0.009907454355034295, -0.01927877770154419, -0.011808936828602321, -0.019046742004458238, -0.002730605855554423, -0.01895775941297448, -0.010863638310709803, -0.01936175244693818, 0.003399475431345307, -0.018715570968267325, -0.012428775668490622, 2.041081702184229, -0.0018489110510766006], [-0.012450926258209842, -0.001989693499885134, -0.0020366035132880836, -0.0015516919316280913, -0.002368177503785555, -0.0018807493140219845, -0.0021550549462947643, -0.00026960299569954324, -0.002029614688797755, -0.0017202587191312104, -0.002442270267645891, 0.0020498468165041114, -0.0017697775395108055, -0.001985605372694658, -0.0018489110510766006, 2.0553734626555538]]",
    "monomial_list": "[1, x9, x8, x7, x6, x5, x4, x3, x2, x15, x14, x13, x12, x11, x10, x1]"
}