{
    "name": "Multiplier-1",
    "rational_expression": "2881*x1**2/40 + 9209*x1*x2/2500 + 38979*x1*x3/10000 + 2392*x1*x4/625 + 73017*x1*x5/10000 + 52743*x1*x6/10000 + 62957*x1*x7/10000 + 50363*x1*x8/10000 + 6337*x1*x9/1250 + 4109*x1/200 + 35949*x2**2/500 + 10441*x2*x3/2500 + 19633*x2*x4/5000 + 52999*x2*x5/10000 + 19557*x2*x6/5000 + 47619*x2*x7/10000 + 37149*x2*x8/10000 + 7879*x2*x9/2000 + 17531*x2/1000 + 17827*x3**2/250 + 38167*x3*x4/10000 + 8231*x3*x5/1250 + 58771*x3*x6/10000 + 5981*x3*x7/1000 + 50601*x3*x8/10000 + 48657*x3*x9/10000 + 5581*x3/250 + 71957*x4**2/1000 + 33567*x4*x5/5000 + 53017*x4*x6/10000 + 65363*x4*x7/10000 + 51931*x4*x8/10000 + 24947*x4*x9/5000 + 22273*x4/1000 + 18033*x5**2/250 + 2734*x5*x6/625 + 39303*x5*x7/10000 + 42317*x5*x8/10000 + 8579*x5*x9/2000 + 5877*x5/500 + 9006*x6**2/125 + 8107*x6*x7/2000 + 683*x6*x8/200 + 37911*x6*x9/10000 + 12989*x6/1000 + 72107*x7**2/1000 + 98*x7*x8/25 + 40951*x7*x9/10000 + 5531*x7/500 + 8979*x8**2/125 + 34973*x8*x9/10000 + 6223*x8/500 + 7223*x9**2/100 + 6939*x9/500 + 24693/1000",
    "Q": "[[24.6925355872578, 6.940645480600389, 6.2345324441381615, 5.530038235255003, 6.4865120498976045, 5.8752853664853575, 11.12574899841675, 11.155191944232659, 8.764124578408252, 10.267058603991034], [6.940645480600389, 72.23053390564017, 1.7789818629616316, 2.0159429014690105, 1.9094202354200855, 2.1419314928428683, 2.496130947674122, 2.4510784894269304, 1.971131478789176, 2.5028063640393925], [6.2345324441381615, 1.7789818629616316, 71.83841285865732, 1.9685228955354015, 1.7196166707763412, 2.14579081111732, 2.5856594624253573, 2.5648288073857, 1.8443190740055642, 2.503401058881819], [5.530038235255003, 2.0159429014690105, 1.9685228955354015, 72.10619959885149, 2.0490974670493127, 1.996991654444555, 3.232333461919149, 2.970858335517117, 2.408516329556761, 3.1343423992524855], [6.4865120498976045, 1.9094202354200855, 1.7196166707763412, 2.0490974670493127, 72.04379192669619, 2.2184227328448807, 2.6763349810998514, 2.9053462344847354, 1.9427595625881788, 2.6030235388585847], [5.8752853664853575, 2.1419314928428683, 2.14579081111732, 1.996991654444555, 2.2184227328448807, 72.13264723673888, 3.332517302383026, 3.258343607920698, 2.666029164580047, 3.642668960931753], [11.12574899841675, 2.496130947674122, 2.5856594624253573, 3.232333461919149, 2.6763349810998514, 3.332517302383026, 71.94617713258158, 1.9122013455614064, 1.9695796454374777, 1.8792099297438574], [11.155191944232659, 2.4510784894269304, 2.5648288073857, 2.970858335517117, 2.9053462344847354, 3.258343607920698, 1.9122013455614064, 71.30015484815554, 2.070060746460894, 1.9484688840610809], [8.764124578408252, 1.971131478789176, 1.8443190740055642, 2.408516329556761, 1.9427595625881788, 2.666029164580047, 1.9695796454374777, 2.070060746460894, 71.89905638603445, 1.8369668898428908], [10.267058603991034, 2.5028063640393925, 2.503401058881819, 3.1343423992524855, 2.6030235388585847, 3.642668960931753, 1.8792099297438574, 1.9484688840610809, 1.8369668898428908, 72.02176527846181]]",
    "monomial_list": "[1, x9, x8, x7, x6, x5, x4, x3, x2, x1]"
}