{
    "name": "Total Decomposition",
    "rational_expression": "1796581*x1**4/25000 + 3693521*x1**3*x2/1000000 + 3883681*x1**3*x3/1000000 + 3781777*x1**3*x4/1000000 + 7126119*x1**3*x5/1000000 + 1274837*x1**3*x6/250000 + 6110057*x1**3*x7/1000000 + 51971*x1**3*x8/10000 + 488249*x1**3*x9/100000 - 2511803*x1**3/10000 + 90097*x1**2*x2**2/625 + 1030057*x1**2*x2*x3/250000 + 4094991*x1**2*x2*x4/1000000 + 257873*x1**2*x2*x5/50000 + 3724241*x1**2*x2*x6/1000000 + 188613*x1**2*x2*x7/40000 + 3760533*x1**2*x2*x8/1000000 + 979557*x1**2*x2*x9/250000 - 336789*x1**2*x2/1250 + 716243*x1**2*x3**2/5000 + 743397*x1**2*x3*x4/200000 + 1599749*x1**2*x3*x5/250000 + 728773*x1**2*x3*x6/125000 + 6077243*x1**2*x3*x7/1000000 + 5117157*x1**2*x3*x8/1000000 + 5228839*x1**2*x3*x9/1000000 - 2659317*x1**2*x3/10000 + 1438709*x1**2*x4**2/10000 + 6773299*x1**2*x4*x5/1000000 + 5149013*x1**2*x4*x6/1000000 + 6520637*x1**2*x4*x7/1000000 + 1312973*x1**2*x4*x8/250000 + 84419*x1**2*x4*x9/15625 - 1338571*x1**2*x4/5000 + 720309*x1**2*x5**2/5000 + 546247*x1**2*x5*x6/125000 + 3914103*x1**2*x5*x7/1000000 + 606643*x1**2*x5*x8/125000 + 4286477*x1**2*x5*x9/1000000 - 1443227*x1**2*x5/5000 + 1438871*x1**2*x6**2/10000 + 2054827*x1**2*x6*x7/500000 + 3618569*x1**2*x6*x8/1000000 + 3648737*x1**2*x6*x9/1000000 - 556841*x1**2*x6/2000 + 35953*x1**2*x7**2/250 + 4440139*x1**2*x7*x8/1000000 + 2055207*x1**2*x7*x9/500000 - 286303*x1**2*x7/1000 + 1437847*x1**2*x8**2/10000 + 44923*x1**2*x8*x9/12500 - 2832957*x1**2*x8/10000 + 1443937*x1**2*x9**2/10000 - 1398381*x1**2*x9/5000 + 2465897*x1**2/1000 + 1942539*x1*x2**3/500000 + 3895111*x1*x2**2*x3/1000000 + 492713*x1*x2**2*x4/125000 + 3542317*x1*x2**2*x5/500000 + 5397877*x1*x2**2*x6/1000000 + 3137183*x1*x2**2*x7/500000 + 2589981*x1*x2**2*x8/500000 + 2347299*x1*x2**2*x9/500000 - 1348617*x1*x2**2/5000 + 885761*x1*x2*x3**2/250000 - 706963*x1*x2*x3*x4/10000000 + 1476731*x1*x2*x3*x5/10000000 - 1408747*x1*x2*x3*x6/50000000 - 280059*x1*x2*x3*x7/2500000 - 4855891*x1*x2*x3*x8/10000000 - 167007*x1*x2*x3*x9/1250000 - 4375171*x1*x2*x3/100000 + 1836771*x1*x2*x4**2/500000 + 737669*x1*x2*x4*x5/2500000 - 3949977*x1*x2*x4*x6/10000000 + 228143*x1*x2*x4*x7/2500000 - 15597*x1*x2*x4*x8/100000 + 5342649*x1*x2*x4*x9/100000000 - 565903*x1*x2*x4/12500 + 3977023*x1*x2*x5**2/1000000 + 1498399*x1*x2*x5*x6/20000000 + 167867*x1*x2*x5*x7/1250000 - 9421869*x1*x2*x5*x8/100000000 - 1298139*x1*x2*x5*x9/10000000 - 377161*x1*x2*x5/6250 + 1852203*x1*x2*x6**2/500000 + 5254347*x1*x2*x6*x7/100000000 - 1698337*x1*x2*x6*x8/5000000 - 2057061*x1*x2*x6*x9/5000000 - 4773723*x1*x2*x6/100000 + 3635079*x1*x2*x7**2/1000000 + 3738219*x1*x2*x7*x8/100000000 - 2028269*x1*x2*x7*x9/10000000 - 5472969*x1*x2*x7/100000 + 3601251*x1*x2*x8**2/1000000 - 957569*x1*x2*x8*x9/2000000 - 143773*x1*x2*x8/3125 + 3968467*x1*x2*x9**2/1000000 - 4498791*x1*x2*x9/100000 + 157583*x1*x2/625 + 3819403*x1*x3**3/1000000 + 224813*x1*x3**2*x4/62500 + 7253981*x1*x3**2*x5/1000000 + 83238*x1*x3**2*x6/15625 + 6187349*x1*x3**2*x7/1000000 + 1179961*x1*x3**2*x8/250000 + 191057*x1*x3**2*x9/40000 - 2645509*x1*x3**2/10000 + 3667221*x1*x3*x4**2/1000000 + 4338699*x1*x3*x4*x5/10000000 + 172523*x1*x3*x4*x6/1000000 + 9250703*x1*x3*x4*x7/100000000 - 1661913*x1*x3*x4*x8/20000000 - 43981*x1*x3*x4*x9/1562500 - 1087937*x1*x3*x4/25000 + 419999*x1*x3*x5**2/100000 + 716541*x1*x3*x5*x6/1000000 + 1029737*x1*x3*x5*x7/5000000 + 1707781*x1*x3*x5*x8/10000000 - 137673*x1*x3*x5*x9/12500000 - 3386809*x1*x3*x5/50000 + 408729*x1*x3*x6**2/100000 + 1417677*x1*x3*x6*x7/2500000 - 2839471*x1*x3*x6*x8/10000000 + 2720507*x1*x3*x6*x9/10000000 - 752731*x1*x3*x6/12500 + 267737*x1*x3*x7**2/62500 - 6920567*x1*x3*x7*x8/100000000 + 608693*x1*x3*x7*x9/2000000 - 3246479*x1*x3*x7/50000 + 114813*x1*x3*x8**2/31250 - 2572471*x1*x3*x8*x9/10000000 - 249437*x1*x3*x8/5000 + 4342463*x1*x3*x9**2/1000000 - 1361727*x1*x3*x9/25000 + 3019551*x1*x3/10000 + 1886299*x1*x4**3/500000 + 91193*x1*x4**2*x5/12500 + 195979*x1*x4**2*x6/40000 + 3028949*x1*x4**2*x7/500000 + 5127209*x1*x4**2*x8/1000000 + 5238653*x1*x4**2*x9/1000000 - 2655179*x1*x4**2/10000 + 1063599*x1*x4*x5**2/250000 + 10063*x1*x4*x5*x6/25000 + 21353*x1*x4*x5*x7/50000 + 100521*x1*x4*x5*x8/100000 + 4356639*x1*x4*x5*x9/10000000 - 7106973*x1*x4*x5/100000 + 742553*x1*x4*x6**2/200000 - 49519*x1*x4*x6*x7/1000000 + 1793469*x1*x4*x6*x8/25000000 - 7249311*x1*x4*x6*x9/100000000 - 523859*x1*x4*x6/10000 + 3579757*x1*x4*x7**2/1000000 + 1057207*x1*x4*x7*x8/10000000 + 292639*x1*x4*x7*x9/1000000 - 3048871*x1*x4*x7/50000 + 1820781*x1*x4*x8**2/500000 + 503043*x1*x4*x8*x9/5000000 - 1348041*x1*x4*x8/25000 + 2059761*x1*x4*x9**2/500000 - 5433977*x1*x4*x9/100000 + 3136907*x1*x4/10000 + 1458761*x1*x5**3/200000 + 5615593*x1*x5**2*x6/1000000 + 3208257*x1*x5**2*x7/500000 + 5170743*x1*x5**2*x8/1000000 + 1266869*x1*x5**2*x9/250000 - 35194*x1*x5**2/125 + 3742599*x1*x5*x6**2/500000 + 810331*x1*x5*x6*x7/1000000 + 175247*x1*x5*x6*x8/400000 + 642723*x1*x5*x6*x9/2500000 - 1392951*x1*x5*x6/20000 + 7361439*x1*x5*x7**2/1000000 + 1472919*x1*x5*x7*x8/2500000 + 3990157*x1*x5*x7*x9/10000000 - 3409973*x1*x5*x7/50000 + 7208121*x1*x5*x8**2/1000000 + 529023*x1*x5*x8*x9/5000000 - 425333*x1*x5*x8/6250 + 7546477*x1*x5*x9**2/1000000 - 6298911*x1*x5*x9/100000 - 1338857*x1*x5/100000 + 1042513*x1*x6**3/200000 + 760251*x1*x6**2*x7/125000 + 4956893*x1*x6**2*x8/1000000 + 4746653*x1*x6**2*x9/1000000 - 679433*x1*x6**2/2500 + 5498437*x1*x6*x7**2/1000000 + 486233*x1*x6*x7*x8/2500000 + 5107501*x1*x6*x7*x9/10000000 - 189802*x1*x6*x7/3125 + 1303001*x1*x6*x8**2/250000 - 32823*x1*x6*x8*x9/200000 - 2628727*x1*x6*x8/50000 + 1144149*x1*x6*x9**2/200000 - 5356783*x1*x6*x9/100000 + 240941*x1*x6/2000 + 6160779*x1*x7**3/1000000 + 5194829*x1*x7**2*x8/1000000 + 4992919*x1*x7**2*x9/1000000 - 343151*x1*x7**2/1250 + 752239*x1*x7*x8**2/125000 + 2244771*x1*x7*x8*x9/10000000 - 6014581*x1*x7*x8/100000 + 205307*x1*x7*x9**2/31250 - 369091*x1*x7*x9/6250 + 1683797*x1*x7/50000 + 248179*x1*x8**3/50000 + 4709241*x1*x8**2*x9/1000000 - 539101*x1*x8**2/2000 + 649843*x1*x8*x9**2/125000 - 4902207*x1*x8*x9/100000 + 1118793*x1*x8/10000 + 2566059*x1*x9**3/500000 - 552921*x1*x9**2/2000 + 31157*x1*x9/250 - 550914*x1/625 + 719827*x2**4/10000 + 848159*x2**3*x3/200000 + 366503*x2**3*x4/100000 + 632241*x2**3*x5/125000 + 3495929*x2**3*x6/1000000 + 946829*x2**3*x7/200000 + 3846183*x2**3*x8/1000000 + 3883057*x2**3*x9/1000000 - 2547981*x2**3/10000 + 143243*x2**2*x3**2/1000 + 364351*x2**2*x3*x4/100000 + 809751*x2**2*x3*x5/125000 + 1384901*x2**2*x3*x6/250000 + 5705491*x2**2*x3*x7/1000000 + 1298559*x2**2*x3*x8/250000 + 4684263*x2**2*x3*x9/1000000 - 2666009*x2**2*x3/10000 + 1437723*x2**2*x4**2/10000 + 1247749*x2**2*x4*x5/200000 + 233259*x2**2*x4*x6/50000 + 6296063*x2**2*x4*x7/1000000 + 936189*x2**2*x4*x8/200000 + 2407089*x2**2*x4*x9/500000 - 32982*x2**2*x4/125 + 1441637*x2**2*x5**2/10000 + 1969549*x2**2*x5*x6/500000 + 235567*x2**2*x5*x7/62500 + 825999*x2**2*x5*x8/200000 + 4041309*x2**2*x5*x9/1000000 - 2787293*x2**2*x5/10000 + 1441299*x2**2*x6**2/10000 + 229597*x2**2*x6*x7/62500 + 334447*x2**2*x6*x8/100000 + 1610147*x2**2*x6*x9/500000 - 2712481*x2**2*x6/10000 + 7203*x2**2*x7**2/50 + 4022063*x2**2*x7*x8/1000000 + 1859189*x2**2*x7*x9/500000 - 2801867*x2**2*x7/10000 + 1440023*x2**2*x8**2/10000 + 327017*x2**2*x8*x9/100000 - 1383627*x2**2*x8/5000 + 360407*x2**2*x9**2/2500 - 2729359*x2**2*x9/10000 + 242161*x2**2/100 + 404313*x2*x3**3/100000 + 1801801*x2*x3**2*x4/500000 + 548257*x2*x3**2*x5/100000 + 3383699*x2*x3**2*x6/1000000 + 275353*x2*x3**2*x7/62500 + 3297837*x2*x3**2*x8/1000000 + 460589*x2*x3**2*x9/125000 - 2677293*x2*x3**2/10000 + 788157*x2*x3*x4**2/200000 + 5300457*x2*x3*x4*x5/10000000 - 246101*x2*x3*x4*x6/1250000 - 3939033*x2*x3*x4*x7/10000000 - 2434879*x2*x3*x4*x8/10000000 - 2963273*x2*x3*x4*x9/10000000 - 2183471*x2*x3*x4/50000 + 2459671*x2*x3*x5**2/500000 + 2141873*x2*x3*x5*x6/5000000 - 6894857*x2*x3*x5*x7/100000000 + 532701*x2*x3*x5*x8/1250000 + 1911959*x2*x3*x5*x9/20000000 - 3275771*x2*x3*x5/50000 + 429251*x2*x3*x6**2/100000 - 3267083*x2*x3*x6*x7/100000000 - 4842009*x2*x3*x6*x8/10000000 - 1383263*x2*x3*x6*x9/5000000 - 1017729*x2*x3*x6/20000 + 4367003*x2*x3*x7**2/1000000 - 1010431*x2*x3*x7*x8/5000000 - 2729521*x2*x3*x7*x9/5000000 - 1087341*x2*x3*x7/20000 + 4336551*x2*x3*x8**2/1000000 - 79249*x2*x3*x8*x9/500000 - 1214493*x2*x3*x8/25000 + 1072209*x2*x3*x9**2/250000 - 121281*x2*x3*x9/2500 + 156511*x2*x3/625 + 60063*x2*x4**3/15625 + 1071147*x2*x4**2*x5/200000 + 3380119*x2*x4**2*x6/1000000 + 4862629*x2*x4**2*x7/1000000 + 3702679*x2*x4**2*x8/1000000 + 811039*x2*x4**2*x9/200000 - 538439*x2*x4**2/2000 + 4270023*x2*x4*x5**2/1000000 - 1401067*x2*x4*x5*x6/5000000 - 2389831*x2*x4*x5*x7/500000000 - 725049*x2*x4*x5*x8/12500000 + 137369*x2*x4*x5*x9/1000000 - 6087099*x2*x4*x5/100000 + 3965117*x2*x4*x6**2/1000000 - 752561*x2*x4*x6*x7/5000000 - 1662473*x2*x4*x6*x8/2500000 - 2773477*x2*x4*x6*x9/5000000 - 57341*x2*x4*x6/1250 + 3989963*x2*x4*x7**2/1000000 - 74959*x2*x4*x7*x8/312500 + 5229179*x2*x4*x7*x9/1000000000 - 2787233*x2*x4*x7/50000 + 3673263*x2*x4*x8**2/1000000 - 1752643*x2*x4*x8*x9/5000000 - 4443871*x2*x4*x8/100000 + 159241*x2*x4*x9**2/40000 - 4889763*x2*x4*x9/100000 + 2630619*x2*x4/10000 + 5556401*x2*x5**3/1000000 + 3961301*x2*x5**2*x6/1000000 + 4945387*x2*x5**2*x7/1000000 + 45001*x2*x5**2*x8/12500 + 2395599*x2*x5**2*x9/500000 - 2801987*x2*x5**2/10000 + 2736499*x2*x5*x6**2/500000 + 929173*x2*x5*x6*x7/2500000 - 5684691*x2*x5*x6*x8/10000000 - 864357*x2*x5*x6*x9/5000000 - 2575619*x2*x5*x6/50000 + 701813*x2*x5*x7**2/125000 + 6966973*x2*x5*x7*x8/100000000 + 9797163*x2*x5*x7*x9/100000000 - 1084811*x2*x5*x7/20000 + 5130851*x2*x5*x8**2/1000000 - 424569*x2*x5*x8*x9/2500000 - 4928477*x2*x5*x8/100000 + 5315013*x2*x5*x9**2/1000000 - 5298671*x2*x5*x9/100000 + 3174483*x2*x5/100000 + 795869*x2*x6**3/200000 + 3156*x2*x6**2*x7/625 + 3676803*x2*x6**2*x8/1000000 + 762033*x2*x6**2*x9/200000 - 273317*x2*x6**2/1000 + 2110837*x2*x6*x7**2/500000 - 2839149*x2*x6*x7*x8/50000000 - 1507733*x2*x6*x7*x9/10000000 - 4967673*x2*x6*x7/100000 + 3738067*x2*x6*x8**2/1000000 - 197837*x2*x6*x8*x9/312500 - 98201*x2*x6*x8/2500 + 962833*x2*x6*x9**2/250000 - 4160661*x2*x6*x9/100000 + 74848*x2*x6/625 + 4988723*x2*x7**3/1000000 + 994699*x2*x7**2*x8/250000 + 2042263*x2*x7**2*x9/500000 - 553811*x2*x7**2/2000 + 4840679*x2*x7*x8**2/1000000 + 686131*x2*x7*x8*x9/12500000 - 2412857*x2*x7*x8/50000 + 1195233*x2*x7*x9**2/250000 - 950297*x2*x7*x9/20000 + 3634113*x2*x7/100000 + 941849*x2*x8**3/250000 + 4060211*x2*x8**2*x9/1000000 - 2710947*x2*x8**2/10000 + 914029*x2*x8*x9**2/250000 - 505707*x2*x8*x9/12500 + 551697*x2*x8/5000 + 4145549*x2*x9**3/1000000 - 1372303*x2*x9**2/5000 + 1232143*x2*x9/10000 - 1440653*x2/2500 + 7129241*x3**4/100000 + 936361*x3**3*x4/250000 + 1286371*x3**3*x5/200000 + 565769*x3**3*x6/100000 + 5769661*x3**3*x7/1000000 + 624357*x3**3*x8/125000 + 954271*x3**3*x9/200000 - 2471633*x3**3/10000 + 1430037*x3**2*x4**2/10000 + 3459239*x3**2*x4*x5/500000 + 2545229*x3**2*x4*x6/500000 + 3154907*x3**2*x4*x7/500000 + 1297623*x3**2*x4*x8/250000 + 4748883*x3**2*x4*x9/1000000 - 657131*x3**2*x4/2500 + 1439679*x3**2*x5**2/10000 + 291771*x3**2*x5*x6/62500 + 3867267*x3**2*x5*x7/1000000 + 455717*x3**2*x5*x8/100000 + 4234661*x3**2*x5*x9/1000000 - 2867399*x3**2*x5/10000 + 143393*x3**2*x6**2/1000 + 1917441*x3**2*x6*x7/500000 + 3136287*x3**2*x6*x8/1000000 + 3617351*x3**2*x6*x9/1000000 - 694813*x3**2*x6/2500 + 1433379*x3**2*x7**2/10000 + 3780273*x3**2*x7*x8/1000000 + 439743*x3**2*x7*x9/125000 - 2813*x3**2*x7/10 + 715459*x3**2*x8**2/5000 + 810751*x3**2*x8*x9/250000 - 2761667*x3**2*x8/10000 + 717019*x3**2*x9**2/5000 - 1370747*x3**2*x9/5000 + 2546049*x3**2/1000 + 728639*x3*x4**3/200000 + 3227937*x3*x4**2*x5/500000 + 2877427*x3*x4**2*x6/500000 + 5827067*x3*x4**2*x7/1000000 + 655217*x3*x4**2*x8/125000 + 72292*x3*x4**2*x9/15625 - 52451*x3*x4**2/200 + 2140119*x3*x4*x5**2/500000 + 82373*x3*x4*x5*x6/250000 + 125907*x3*x4*x5*x7/312500 + 1154311*x3*x4*x5*x8/1250000 - 44551*x3*x4*x5*x9/1250000 - 682079*x3*x4*x5/10000 + 3958199*x3*x4*x6**2/1000000 + 3825641*x3*x4*x6*x7/10000000 + 2575117*x3*x4*x6*x8/5000000 - 2924093*x3*x4*x6*x9/10000000 - 5870733*x3*x4*x6/100000 + 4032699*x3*x4*x7**2/1000000 + 654561*x3*x4*x7*x8/2500000 - 82807*x3*x4*x7*x9/400000 - 6265469*x3*x4*x7/100000 + 80963*x3*x4*x8**2/20000 + 537853*x3*x4*x8*x9/5000000 - 2861901*x3*x4*x8/50000 + 1828103*x3*x4*x9**2/500000 - 4840403*x3*x4*x9/100000 + 1715373*x3*x4/5000 + 3392741*x3*x5**3/500000 + 6099103*x3*x5**2*x6/1000000 + 61877*x3*x5**2*x7/10000 + 68507*x3*x5**2*x8/12500 + 42443*x3*x5**2*x9/8000 - 350207*x3*x5**2/1250 + 6694729*x3*x5*x6**2/1000000 + 3871151*x3*x5*x6*x7/10000000 + 1709109*x3*x5*x6*x8/5000000 + 500233*x3*x5*x6*x9/2500000 - 6686357*x3*x5*x6/100000 + 6728107*x3*x5*x7**2/1000000 + 766731*x3*x5*x7*x8/2500000 - 418069*x3*x5*x7*x9/2500000 - 123121*x3*x5*x7/2000 + 3313899*x3*x5*x8**2/500000 + 3186449*x3*x5*x8*x9/100000000 - 6571249*x3*x5*x8/100000 + 194141*x3*x5*x9**2/31250 - 5791751*x3*x5*x9/100000 + 1487697*x3*x5/20000 + 5732793*x3*x6**3/1000000 + 3072179*x3*x6**2*x7/500000 + 4938147*x3*x6**2*x8/1000000 + 4612347*x3*x6**2*x9/1000000 - 545693*x3*x6**2/2000 + 611263*x3*x6*x7**2/100000 + 16877*x3*x6*x7*x8/312500 + 4262133*x3*x6*x7*x9/100000000 - 6217891*x3*x6*x7/100000 + 1162741*x3*x6*x8**2/200000 - 2208947*x3*x6*x8*x9/100000000 - 168504*x3*x6*x8/3125 + 5764571*x3*x6*x9**2/1000000 - 2735793*x3*x6*x9/50000 + 9811101*x3*x6/100000 + 6215251*x3*x7**3/1000000 + 551987*x3*x7**2*x8/100000 + 1227657*x3*x7**2*x9/250000 - 1382303*x3*x7**2/5000 + 5935229*x3*x7*x8**2/1000000 + 6497307*x3*x7*x8*x9/100000000 - 5768583*x3*x7*x8/100000 + 1446507*x3*x7*x9**2/250000 - 663449*x3*x7*x9/12500 + 1805399*x3*x7/20000 + 209843*x3*x8**3/40000 + 1247653*x3*x8**2*x9/250000 - 543531*x3*x8**2/2000 + 2633697*x3*x8*x9**2/500000 - 5168771*x3*x8*x9/100000 + 1338871*x3*x8/10000 + 489421*x3*x9**3/100000 - 677837*x3*x9**2/2500 + 33347*x3*x9/200 - 533973*x3/500 + 3597617*x4**4/50000 + 102052*x4**3*x5/15625 + 667407*x4**3*x6/125000 + 338849*x4**3*x7/50000 + 2650427*x4**3*x8/500000 + 5333567*x4**3*x9/1000000 - 1260331*x4**3/5000 + 1441301*x4**2*x5**2/10000 + 4372453*x4**2*x5*x6/1000000 + 4085757*x4**2*x5*x7/1000000 + 4944381*x4**2*x5*x8/1000000 + 2224759*x4**2*x5*x9/500000 - 285083*x4**2*x5/1000 + 288273*x4**2*x6**2/2000 + 4149633*x4**2*x6*x7/1000000 + 375023*x4**2*x6*x8/100000 + 3765177*x4**2*x6*x9/1000000 - 2782513*x4**2*x6/10000 + 1440663*x4**2*x7**2/10000 + 2209779*x4**2*x7*x8/500000 + 211119*x4**2*x7*x9/50000 - 2887211*x4**2*x7/10000 + 1437007*x4**2*x8**2/10000 + 3792021*x4**2*x8*x9/1000000 - 2831667*x4**2*x8/10000 + 1442539*x4**2*x9**2/10000 - 704571*x4**2*x9/2500 + 249893*x4**2/100 + 6795671*x4*x5**3/1000000 + 280199*x4*x5**2*x6/50000 + 6603701*x4*x5**2*x7/1000000 + 85382*x4*x5**2*x8/15625 + 5577007*x4*x5**2*x9/1000000 - 2804589*x4*x5**2/10000 + 3476009*x4*x5*x6**2/500000 + 1371313*x4*x5*x6*x7/5000000 + 2878439*x4*x5*x6*x8/10000000 - 1106997*x4*x5*x6*x9/5000000 - 635613*x4*x5*x6/10000 + 6690847*x4*x5*x7**2/1000000 + 882679*x4*x5*x7*x8/2000000 + 2844627*x4*x5*x7*x9/10000000 - 651453*x4*x5*x7/10000 + 3290777*x4*x5*x8**2/500000 + 157203*x4*x5*x8*x9/625000 - 1309879*x4*x5*x8/20000 + 6588813*x4*x5*x9**2/1000000 - 6191031*x4*x5*x9/100000 + 3325449*x4*x5/50000 + 5424011*x4*x6**3/1000000 + 1339133*x4*x6**2*x7/200000 + 5308913*x4*x6**2*x8/1000000 + 624379*x4*x6**2*x9/125000 - 171822*x4*x6**2/625 + 5503651*x4*x6*x7**2/1000000 + 3290791*x4*x6*x7*x8/10000000 + 508401*x4*x6*x7*x9/2000000 - 6154381*x4*x6*x7/100000 + 1346023*x4*x6*x8**2/250000 + 308673*x4*x6*x8*x9/2000000 - 5494187*x4*x6*x8/100000 + 13473*x4*x6*x9**2/2500 - 208917*x4*x6*x9/4000 + 698697*x4*x6/5000 + 3279127*x4*x7**3/500000 + 2686221*x4*x7**2*x8/500000 + 5287169*x4*x7**2*x9/1000000 - 2767921*x4*x7**2/10000 + 6376929*x4*x7*x8**2/1000000 + 133579*x4*x7*x8*x9/500000 - 6119043*x4*x7*x8/100000 + 1660933*x4*x7*x9**2/250000 - 6006987*x4*x7*x9/100000 + 2415237*x4*x7/50000 + 4969809*x4*x8**3/1000000 + 4960011*x4*x8**2*x9/1000000 - 2682359*x4*x8**2/10000 + 254769*x4*x8*x9**2/50000 - 1294713*x4*x8*x9/25000 + 1292623*x4*x8/10000 + 2506843*x4*x9**3/500000 - 1358763*x4*x9**2/5000 + 812939*x4*x9/5000 - 105941*x4/100 + 90203*x5**4/1250 + 915789*x5**3*x6/200000 + 479149*x5**3*x7/125000 + 1089523*x5**3*x8/250000 + 1153993*x5**3*x9/250000 - 2625841*x5**3/10000 + 1445209*x5**2*x6**2/10000 + 4100757*x5**2*x6*x7/1000000 + 651193*x5**2*x6*x8/200000 + 3919901*x5**2*x6*x9/1000000 - 278867*x5**2*x6/1000 + 90114*x5**2*x7**2/625 + 764211*x5**2*x7*x8/200000 + 4245461*x5**2*x7*x9/1000000 - 2771997*x5**2*x7/10000 + 717307*x5**2*x8**2/5000 + 858499*x5**2*x8*x9/250000 - 2760151*x5**2*x8/10000 + 1443549*x5**2*x9**2/10000 - 701979*x5**2*x9/2500 + 2341461*x5**2/1000 + 4789903*x5*x6**3/1000000 + 4057331*x5*x6**2*x7/1000000 + 1112963*x5*x6**2*x8/250000 + 840573*x5*x6**2*x9/200000 - 2825683*x5*x6**2/10000 + 4883827*x5*x6*x7**2/1000000 + 918191*x5*x6*x7*x8/25000000 + 2976301*x5*x6*x7*x9/10000000 - 618079*x5*x6*x7/12500 + 826143*x5*x6*x8**2/200000 - 596929*x5*x6*x8*x9/2500000 - 1108171*x5*x6*x8/25000 + 4296959*x5*x6*x9**2/1000000 - 1176973*x5*x6*x9/25000 + 325461*x5*x6/20000 + 1001241*x5*x7**3/250000 + 231227*x5*x7**2*x8/50000 + 219087*x5*x7**2*x9/50000 - 1388963*x5*x7**2/5000 + 1744583*x5*x7*x8**2/500000 + 46453*x5*x7*x8*x9/312500 - 4837957*x5*x7*x8/100000 + 3579773*x5*x7*x9**2/1000000 - 4700199*x5*x7*x9/100000 + 1242557*x5*x7/100000 + 83367*x5*x8**3/20000 + 50277*x5*x8**2*x9/12500 - 2737889*x5*x8**2/10000 + 4103617*x5*x8*x9**2/1000000 - 2290853*x5*x8*x9/50000 + 407321*x5*x8/62500 + 4040391*x5*x9**3/1000000 - 1377927*x5*x9**2/5000 + 1870441*x5*x9/50000 + 682823*x5/10000 + 1805953*x6**4/25000 + 257473*x6**3*x7/62500 + 3580127*x6**3*x8/1000000 + 888721*x6**3*x9/250000 - 2615033*x6**3/10000 + 1443169*x6**2*x7**2/10000 + 194681*x6**2*x7*x8/50000 + 378531*x6**2*x7*x9/100000 - 558303*x6**2*x7/2000 + 359957*x6**2*x8**2/2500 + 817633*x6**2*x8*x9/250000 - 1379851*x6**2*x8/5000 + 1441753*x6**2*x9**2/10000 - 2718933*x6**2*x9/10000 + 2347523*x6**2/1000 + 1003109*x6*x7**3/250000 + 3537813*x6*x7**2*x8/1000000 + 987349*x6*x7**2*x9/250000 - 2763353*x6*x7**2/10000 + 1951241*x6*x7*x8**2/500000 - 4112611*x6*x7*x8*x9/100000000 - 2153529*x6*x7*x8/50000 + 4075157*x6*x7*x9**2/1000000 - 2290639*x6*x7*x9/50000 + 1335161*x6*x7/1000000 + 1758421*x6*x8**3/500000 + 181111*x6*x8**2*x9/50000 - 273633*x6*x8**2/1000 + 443047*x6*x8*x9**2/125000 - 3954849*x6*x8*x9/100000 + 1446463*x6*x8/25000 + 3621501*x6*x9**3/1000000 - 137801*x6*x9**2/500 + 5805553*x6*x9/100000 - 8483559*x6/100000 + 719601*x7**4/10000 + 416801*x7**3*x8/100000 + 1934029*x7**3*x9/500000 - 1313261*x7**3/5000 + 287303*x7**2*x8**2/2000 + 72361*x7**2*x8*x9/20000 - 2781509*x7**2*x8/10000 + 1439543*x7**2*x9**2/10000 - 2741893*x7**2*x9/10000 + 115827*x7**2/50 + 3809861*x7*x8**3/1000000 + 3968889*x7*x8**2*x9/1000000 - 2746747*x7*x8**2/10000 + 793623*x7*x8*x9**2/200000 - 899737*x7*x8*x9/20000 + 1816847*x7*x8/1000000 + 38103*x7*x9**3/10000 - 2769203*x7*x9**2/10000 + 982337*x7*x9/50000 + 1271241*x7/10000 + 7166079*x8**4/100000 + 3396727*x8**3*x9/1000000 - 2591791*x8**3/10000 + 718813*x8**2*x9**2/5000 - 2712121*x8**2*x9/10000 + 583677*x8**2/250 + 1633363*x8*x9**3/500000 - 2731769*x8*x9**2/10000 + 5301193*x8*x9/100000 - 682823*x8/20000 + 7203911*x9**4/100000 - 1293171*x9**3/5000 + 2340177*x9**2/1000 - 889739*x9/5000 + 4237641/1000",
    "Q": "[[4237.641282301616, -90.56039175230782, -16.215289907410554, 63.927556837010556, -40.628522825387975, 32.58784511947308, -528.097689242465, -532.6816080921207, -288.63678921154894, -439.4560934907938, 132.67269188869113, -40.87316930766565, -61.85123459428073, -45.834076479125464, -63.115345418463946, -25.832868301519046, -21.08251825358614, -22.601441780444997, -37.66332738418562, 128.81947479188233, -69.44078059071815, -44.38235981562683, -73.89713605440849, -32.750893771164705, -30.232491283440673, -21.518463094151898, -39.22014489528192, 120.76550738083927, -70.72172309001789, -74.51789834145676, -59.65719710824124, -43.89560444956848, -54.60136622994444, -63.07392368905792, 129.31086949296747, -73.99548806713953, -33.81295356486781, -46.902310943927155, -24.371393448802202, -40.11894239763803, 122.46264254675248, -54.486686699027835, -51.003974449664476, -62.657382626383956, -84.59141582933853, 157.9799890847658, 8.19262065698002, -2.497764843988095, -5.232345997873159, 159.85245165575674, -5.578063297242168, -5.539784485839797, 146.78908337440598, -5.03467385976336, 153.00751165752965], [-90.56039175230782, 2077.51789386747, 69.58956512273775, 74.23020290042008, 75.8352890950676, 82.11939211657754, 107.36303519846089, 105.03563307566628, 83.04032610471423, 101.2603298345422, -130.29736721805986, -128.84807265021823, -136.53576351663207, -130.06206011334493, -138.472548687851, -121.43057365308039, -119.77580992079874, -120.96594065606986, -124.77095475837079, -9.361553019780724, -6.529454767937921, -6.964358137618697, -6.572091786798968, -7.476683154597223, -7.326686794322736, -7.271706073588524, -7.793570872424011, -9.782596468159511, -6.73571101474398, -6.948056646961388, -9.15305977186823, -10.058603347877163, -7.967158810506047, -9.573475868461705, -9.770117259198702, -6.875488856968019, -8.494728728732543, -7.082112447407397, -7.841788448636392, -8.69947739703654, -9.914414541521174, -10.764299632742643, -10.637148425612812, -8.202149258386862, -9.016371126802559, -10.973297907011489, -9.052458118696988, -7.5385687125873595, -9.389276584625518, -10.508887993550465, -6.784070708313613, -8.873704238090188, -9.226188106692511, -8.318514731754213, -11.080461490598594], [-16.215289907410554, 69.58956512273775, 2080.5665929602415, 68.38528259225086, 71.83798471011737, 75.87326168570928, 98.08989514856518, 95.99322625843848, 77.33816311770546, 94.09349309929941, -8.915538598782767, -126.95091521289191, -7.498598499177635, -6.488911693080219, -8.03815184092634, -8.377271375757344, -8.408505653928573, -6.698676462865453, -7.9806500037158905, -130.25845027459005, -135.94174032094963, -129.09026901057442, -138.0150676329134, -121.39799909208736, -119.77350297889338, -120.23123235693815, -124.5505983724578, -9.112869181555103, -6.679285086767879, -7.4133305777618475, -10.011439430345701, -10.9047151383835, -8.067071508012749, -10.104644586718715, -8.89107907390618, -7.032097361691397, -8.413086273827737, -7.219946546403285, -7.0020296893380625, -8.339818616037013, -9.370361303178688, -11.892868146214264, -11.845602350110719, -8.607547528903524, -9.95686418877571, -10.50175691981821, -10.082100280323846, -7.511625598763411, -9.849044521979724, -10.189063844024847, -6.919667916500516, -9.495537034461659, -8.247316764718155, -7.880757564463686, -10.385740353585174], [63.927556837010556, 74.23020290042008, 68.38528259225086, 2079.0737428368443, 73.7566457663695, 82.35745674617813, 84.40312109090493, 87.39765847064643, 73.55204972010065, 81.07241725243567, -2.8327938762513303, -7.873047566030588, -127.93911849944502, -8.000282503590938, -8.286746398173333, -10.767295969709064, -9.769097041854927, -8.495142180163958, -10.45724315199674, -2.5015910717510152, -129.13476280225697, -8.186153263757962, -7.751870018299552, -10.766537782936231, -9.737790434333208, -8.903020660492194, -10.699832344332751, -131.4717392834208, -130.29787437714404, -137.5136614891056, -125.31838202805544, -122.93487451390256, -122.9390179764545, -128.41890884588238, -2.9225472799350953, -7.963131923052454, -11.53571101523343, -9.74296021149641, -9.334137802101985, -11.384779947712872, -3.253925796299937, -12.837947945501753, -11.947472979533885, -9.598955887487373, -11.635893296598715, -4.376932464731381, -12.712045080330629, -11.164070583865655, -13.643221541165929, -3.2284040099798887, -9.547241163417212, -12.2148403094827, -2.290881456809492, -11.28827258383184, -4.335490290389599], [-40.628522825387975, 75.8352890950676, 71.83798471011737, 73.7566457663695, 2084.7265713561724, 79.8581396062088, 102.78742453435297, 96.41381601486455, 84.5658945915719, 98.22201123959303, -7.945237339034606, -7.0972012342466435, -7.966956492018219, -127.42823700681558, -8.433204495454424, -8.969185950813824, -10.063912884021551, -7.374543798451829, -8.575543650866372, -7.450744925247472, -6.936062102845086, -128.29213469206215, -7.134635731196695, -7.97875805699592, -8.892892117319096, -7.079295316763626, -8.035862783087891, -8.00396136896183, -136.21718770514104, -7.6972849136143155, -10.221972616305989, -11.951736625861027, -8.400972880940014, -10.337843869702183, -130.39669089318616, -138.30576666103468, -122.13918747637622, -121.0467196426803, -120.78211919752515, -125.2769245015311, -8.18052293554868, -11.963556015914747, -12.777361365880022, -8.839835009587238, -10.07358800923706, -9.173029916368893, -11.76425331478166, -7.9387399431215036, -10.196274997225181, -9.431325244854477, -8.599997502309934, -11.022422874447125, -7.149740917647426, -8.317039965960324, -9.106106951850844], [32.58784511947308, 82.11939211657754, 75.87326168570928, 82.35745674617813, 79.8581396062088, 2095.723890934293, 88.39297167793345, 88.38047424552853, 79.18836462663484, 77.48074189774614, -1.0295182149882078, -8.443231917225225, -8.15368764671823, -8.516449300995351, -128.3363075785528, -10.622721952065492, -10.484272521893129, -9.233212750359002, -12.161098778102248, -0.7566346992701765, -8.057759484698064, -8.951821432975335, -129.60113926269787, -11.006727070145597, -10.779435555360855, -9.949821747644853, -12.698834177968898, -1.2013988547570469, -8.144727911233963, -135.85663219010326, -11.2859234321927, -11.645483234831273, -9.699724210158232, -12.787036832998524, -1.1321571946211322, -130.81499932373114, -11.6445116416586, -10.685203630455439, -10.284723495074772, -13.251987307253456, -131.17674266354092, -126.33916669842732, -124.43700603741665, -123.98435707016198, -130.56488499384614, -1.8668025607210368, -13.16068279393154, -11.606771170440167, -15.44459712662974, -1.1265924945214987, -11.037644663518252, -15.018045907952674, -0.5547886159446597, -14.003325960002279, -3.014304280507718], [-528.097689242465, 107.36303519846089, 98.08989514856518, 84.40312109090493, 102.78742453435297, 88.39297167793345, 2185.0200277306676, 161.9295963697937, 134.70229922061483, 160.1291067271464, -14.166987529282837, -10.21697978025836, -9.508391671225557, -9.447252406933734, -8.901181058272817, -128.26908893114756, -8.88508818365613, -9.909515150270567, -7.5613093561573, -13.7947404621998, -8.810782530944506, -10.138277570697648, -7.743481187816692, -129.78695130654268, -8.475519597326752, -10.80095802464691, -8.0915645951635, -12.840513493578781, -8.481826447419895, -8.411129405656554, -139.07363113780266, -10.674773675021488, -9.698631372150338, -8.79146315675427, -13.788339268921671, -7.655577012527481, -131.20826567092243, -6.663055867662867, -10.487528936409092, -8.233382253746992, -12.250677923629503, -141.61921249975674, -9.825766592297244, -8.433155055202885, -6.13057462148584, -125.57198583820735, -117.42984050713928, -119.55530687592008, -121.95948006750012, -13.16797617321431, -7.165905252082273, -6.472021691689809, -13.952235707890308, -8.182308306388583, -13.93186291631732], [-532.6816080921207, 105.03563307566628, 95.99322625843848, 87.39765847064643, 96.41381601486455, 88.38047424552853, 161.9295963697937, 2223.4860153768814, 129.3117195243771, 155.9621881001717, -15.621108976605763, -10.085386034988884, -8.436242216068399, -10.464185167705246, -8.713722321005084, -8.12821434478776, -127.33485718043288, -10.188107375271429, -7.522791881180364, -15.310637141381964, -7.873492215581937, -11.208369501577577, -7.657021974968799, -8.280600324117332, -128.79304556926135, -11.231107961378882, -8.27342927358243, -14.200972593878399, -8.421450525666073, -7.666579065332032, -7.451674801106185, -138.00111179969142, -8.828339923178184, -7.706396197127275, -15.721606908700238, -8.389462390068934, -10.049444192717036, -130.59277076940313, -12.349681387530831, -9.919299595055906, -13.841535603205102, -9.325186780830611, -140.85012020534765, -8.61576690469493, -6.094059126183203, -15.379067407200429, -118.44293236193096, -8.108422346129723, -6.2846730740279355, -124.31510056737474, -118.76057987692548, -121.51411957128342, -15.7389046533481, -8.896353482856865, -15.63442267513418], [-288.63678921154894, 83.04032610471423, 77.33816311770546, 73.55204972010065, 84.5658945915719, 79.18836462663484, 134.70229922061483, 129.3117195243771, 2125.1494582738837, 130.7209112598652, -14.998246989614875, -7.288460376886186, -7.84094340182675, -6.912250327148505, -8.32518778562342, -7.011915703500011, -7.698450322695467, -127.93167135746151, -5.925358628653681, -14.506038176851526, -6.671069071690832, -6.8441168994701655, -6.735958795089892, -6.005737162707155, -6.47021659916946, -129.13476860389534, -5.576025442433911, -14.450996901370223, -6.586307776946737, -7.57316072979591, -8.056929541499914, -9.932273122141119, -137.93964766477356, -7.816793817844839, -14.719445412431984, -6.818844717992008, -6.610692725041499, -5.339353645839158, -130.3544386969927, -6.107708547316533, -14.434457079825295, -10.238952621880067, -10.725435422718068, -140.30904213512412, -6.89431057857872, -15.862705941083838, -7.342670720383205, -119.01462327179787, -5.72046788227225, -15.811818794115824, -117.5803395596155, -5.8539565369886875, -127.84408084088729, -122.09720715794082, -15.505261577022406], [-439.4560934907938, 101.2603298345422, 94.09349309929941, 81.07241725243567, 98.22201123959303, 77.48074189774614, 160.1291067271464, 155.9621881001717, 130.7209112598652, 2160.505267288192, -11.710663400327268, -10.00949808676855, -9.051028940735987, -9.382929143255136, -10.314675607771216, -9.186373248802614, -9.832447754280642, -9.737564322931282, -128.3309094047318, -11.188249646725252, -8.09933485031008, -9.563275095776069, -8.853372395582516, -8.53881826455203, -8.894488608671576, -10.045027384867167, -129.73400341866747, -10.226311036574574, -7.865936751054953, -8.918280907730027, -8.899680914440069, -10.682707660949795, -8.938270597441756, -138.88632475394135, -11.230709161100656, -8.838062164124377, -8.772902516613103, -7.3942640730650515, -9.829701149333447, -131.14022263367616, -10.062226310174582, -12.071533363661143, -12.515924065179453, -10.055890131473841, -141.79390454288477, -11.612193808584305, -9.054849566244137, -7.703098107355225, -118.924738040601, -11.09329600290508, -7.500576478415402, -117.45591935910899, -11.224413751186013, -119.5524402503408, -126.57429370793041], [132.67269188869113, -130.29736721805986, -8.915538598782767, -2.8327938762513303, -7.945237339034606, -1.0295182149882078, -14.166987529282837, -15.621108976605763, -14.998246989614875, -11.710663400327268, 72.23053390566042, 1.7789818629585568, 2.01594290147515, 1.909420235424721, 2.141931492848506, 2.4961309476636484, 2.451078489431216, 1.9711314787878833, 2.502806364030922, 16.559311513124584, -6.617601334520455, -6.787668881509907, -6.418382014941517, -4.377716877737655, -4.338787559118469, -5.953608797685206, -4.81328644619, 15.851196780908564, -6.57508512378105, -7.757874660056927, -3.376002898312713, -4.022425826813184, -4.966250216971684, -4.044384679263689, 16.54828489142633, -6.435338688002981, -4.213276680870228, -3.3819438412160223, -5.7691351961509705, -4.666849324349702, 15.549654778567875, -3.4524458694472586, -3.4874969093117056, -4.473940392521024, -2.8085160516929695, 17.34420300348115, -4.430397827381468, -4.861492765083125, -4.480394661917448, 17.028230103704608, -4.557190794187015, -4.304849196769246, 17.196738239655282, -5.363698167629269, 17.182571435727848], [-40.87316930766565, -128.84807265021823, -126.95091521289191, -7.873047566030588, -7.0972012342466435, -8.443231917225225, -10.21697978025836, -10.085386034988884, -7.288460376886186, -10.00949808676855, 1.7789818629585568, 110.95032373807486, 8.586124230053494, 8.507285552280738, 8.564172826033797, 6.963376340145079, 6.903616366499283, 7.797927871714233, 7.316687505086102, 1.7789818629608294, 8.538076417758711, 8.166602558561456, 8.62869674856089, 6.916065285239554, 6.957010759232939, 7.496369974449454, 7.101638233116405, -6.530013411350672, -0.09326845223583961, -0.012245467067157824, -0.00023397319880700174, 0.33841185109991034, 0.06815949247249845, 0.042935428234990386, -6.455664642111314, -0.12131787462093947, 0.09096082497003566, -0.3198188290653035, 0.14720707455103027, 0.12000757946702657, -6.499220211282774, 0.28351223872392806, 0.3248645516286239, 0.03421095323414562, -0.32074014359155106, -6.290557698172921, 0.2686083140466606, 0.06243038490578708, 0.41027890809049233, -6.22766507022168, -0.16011420483945385, 0.26494370375671367, -6.586840657202104, 0.30469625243166804, -6.249917723621003], [-61.85123459428073, -136.53576351663207, -7.498598499177635, -127.93911849944502, -7.966956492018219, -8.15368764671823, -9.508391671225557, -8.436242216068399, -7.84094340182675, -9.051028940735987, 2.01594290147515, 8.586124230053494, 112.6343399427138, 8.62418259085001, 9.754866314485781, 6.608336360226005, 6.993284162318292, 7.374766546529679, 7.178727078499605, -6.522133516285965, 8.308995274308314, 0.2493407119780405, -0.07573828455625203, 0.006608867372284994, -0.19550304156042098, 0.16883763937409327, 0.0844178635264195, 2.0159429014725867, 8.22177247923565, 8.820269079657244, 6.7754342357154815, 6.859895677888059, 7.38266457468492, 7.0739430325518535, -6.492438992832925, -0.021547023908157718, 0.1201144272113904, -0.462292311861813, 0.25092649888869867, 0.1750110338590529, -6.7144911798345825, 0.34669540344276667, 0.2533823990963587, 0.0791759780142155, -0.29340233214544253, -6.2728983676144745, -0.2314114783013807, -0.08893829779124401, -0.08508539492369831, -6.1956702358795805, -0.4345957039036078, -0.2627682866693017, -6.5087893683102935, 0.15734572921547094, -6.266820214831978], [-45.834076479125464, -130.06206011334493, -6.488911693080219, -8.000282503590938, -127.42823700681558, -8.516449300995351, -9.447252406933734, -10.464185167705246, -6.912250327148505, -9.382929143255136, 1.909420235424721, 8.507285552280738, 8.62418259085001, 111.17775604950727, 8.653761420844024, 6.889611661972139, 6.287290075708429, 7.711894758743434, 7.269872863196547, -6.257182323139886, -0.15607225973966998, 8.234646505069033, -0.21555225249850377, -0.12355730726270861, 0.052794551360621646, -0.010942755167543419, -0.05075933827961259, -6.312352243818954, 8.508381894306456, -0.08427118424205453, -0.03429080581350057, 0.4801772624802055, 0.02523555468014742, 0.012451679873322736, 1.909420235422001, 8.604112351376541, 6.877063811315994, 6.871097112081914, 7.448807828511413, 7.068992813309022, -6.302604321209329, 0.2454128059412459, 0.4797032377244646, -0.01027192573611002, -0.3516353691317896, -6.074838332319214, 0.1676428328588264, -0.08868806539406295, 0.22880045151374562, -6.061564371468319, -0.15051069050515437, 0.17780781579512325, -6.333151484031854, 0.16811848613428768, -6.028973757926474], [-63.115345418463946, -138.472548687851, -8.03815184092634, -8.286746398173333, -8.433204495454424, -128.3363075785528, -8.901181058272817, -8.713722321005084, -8.32518778562342, -10.314675607771216, 2.141931492848506, 8.564172826033797, 9.754866314485781, 8.653761420844024, 113.26387158525917, 6.784963171873215, 6.745840517239723, 7.139969557094771, 6.451185012639715, -6.486765255717439, 0.08798375161832843, 0.33687012711642295, 8.27820207424304, -0.10003418093888075, -0.16166563783592458, 0.2314205383198019, 0.29411771596914077, -6.678337586811566, 0.10581820815151156, 8.730434081307788, -0.04225588075533582, 0.2900506353160967, 0.19353210264696455, 0.34014623986963066, -6.462180858528419, 8.21202455662917, 0.008315115584443158, -0.4370310714673784, 0.30454056470530344, 0.36925186305622665, 2.141931492846717, 6.864107808950062, 6.860695555254032, 7.331149369584492, 7.009065582230603, -6.263442284329582, -0.36143849152691376, -0.2201568869595532, -0.18409165602783104, -6.2278494286655866, -0.44241876379483647, -0.2979809760340125, -6.468648502509756, 0.23748747370067336, -6.303304170918265], [-25.832868301519046, -121.43057365308039, -8.377271375757344, -10.767295969709064, -8.969185950813824, -10.622721952065492, -128.26908893114756, -8.12821434478776, -7.011915703500011, -9.186373248802614, 2.4961309476636484, 6.963376340145079, 6.608336360226005, 6.889611661972139, 6.784963171873215, 109.48830503127151, 6.342599172949469, 6.831072410513455, 6.359604591647497, -4.419934337572609, -0.006374894173898137, 0.03259648229238198, -0.1834780577841863, 8.069539561130501, -0.1491873337539174, 0.06984241095217446, -0.16171812107430938, -4.279303288054159, -0.08582362139569095, -0.3044395226901985, 8.288841269089687, 0.18747151001924184, 0.0999363223582133, 0.09429115351329506, -4.380932863651265, -0.25372792152490803, 7.98425856774488, -0.2451479701393366, 0.07305353843669873, -0.07999291872316017, -4.367976861287345, 8.405373777175818, 0.1596514072083559, 0.005753094644302899, -0.10913124113761873, 2.49613094766111, 7.136736485797283, 7.461017067450492, 7.101397718526202, -4.603454556700583, -0.2726673476025714, -0.012974406852511208, -4.6729181958055435, -0.11219658656648188, -4.421012676265809], [-21.08251825358614, -119.77580992079874, -8.408505653928573, -9.769097041854927, -10.063912884021551, -10.484272521893129, -8.88508818365613, -127.33485718043288, -7.698450322695467, -9.832447754280642, 2.451078489431216, 6.903616366499283, 6.993284162318292, 6.287290075708429, 6.745840517239723, 6.342599172949469, 109.47422854640477, 6.627251540649324, 6.253318080825779, -4.505932269802396, -0.14290880953949792, 0.2670242777026052, -0.16319891379264714, -0.11942098029411878, 8.006646933182196, 0.19098049814088053, -0.07188464855024529, -4.408817188452138, -0.017884950616235674, -0.5434330344116148, 0.04393996828413852, 8.211613137358775, 0.1449250375871841, 0.06446139366159348, -4.420018622645332, -0.042672166255591504, 0.07750513727936004, 7.970984606889461, 0.33247087559908645, 0.13045839022373207, -4.409617065821626, 0.20178708431720171, 8.369780921511099, 0.14513349329997394, -0.03038754667156094, -4.685657996363399, 7.099585504361883, -0.1084191425431709, 0.17560618485309107, 2.451078489434121, 7.45372610924368, 7.135777237710808, -4.817267349569806, 0.014661945925379397, -4.526643458219183], [-22.601441780444997, -120.96594065606986, -6.698676462865453, -8.495142180163958, -7.374543798451829, -9.233212750359002, -9.909515150270567, -10.188107375271429, -127.93167135746151, -9.737564322931282, 1.9711314787878833, 7.797927871714233, 7.374766546529679, 7.711894758743434, 7.139969557094771, 6.831072410513455, 6.627251540649324, 109.73611381237174, 7.200665057473892, -5.52523849566299, -0.23699713184850235, -0.13626431938248382, -0.26563149155463917, -0.13227279585810717, -0.030866293301424087, 8.365822520161512, -0.19733082767183985, -5.411533095897911, -0.2761620535682502, -0.27270808066228563, -0.010998024568097156, 0.28967066631534594, 8.524732269785236, -0.08898842301476072, -5.477676349724372, -0.2942686389692807, 0.015634526958667672, -0.1819601850929433, 8.242571719456366, -0.08035016273918172, -5.3600178907961915, 0.2144037923140794, 0.2972852704948114, 8.61057999536115, -0.28468147408814193, -5.489885588666252, 0.3810864901469375, 7.1690491434709065, 0.45910117948111084, -5.482594630459385, 7.268345839003411, 0.38835738357248545, 1.9711314787835599, 7.2239976459085, -5.394636428757089], [-37.66332738418562, -124.77095475837079, -7.9806500037158905, -10.45724315199674, -8.575543650866372, -12.161098778102248, -7.5613093561573, -7.522791881180364, -5.925358628653681, -128.3309094047318, 2.502806364030922, 7.316687505086102, 7.178727078499605, 7.269872863196547, 6.451185012639715, 6.359604591647497, 6.253318080825779, 7.200665057473892, 109.88715631263483, -4.598831869085156, -0.12735329176170054, -0.06924824118820828, 0.026622427620771588, -0.24856078701689555, -0.19305905520672234, -0.10736542476046246, 8.028899586580614, -4.571136668521591, -0.18746271372941004, -0.046743907723906505, -0.009205758591285246, 0.19830689300899199, -0.06835730620005985, 8.282763116303132, -4.56618644928134