{
    "name": "Total Decomposition",
    "rational_expression": "22*x1**4/5 + 1743*x1**3*x2/5000 + 3349*x1**3/500 + 1899*x1**2*x2**2/200 - 1311*x1**2*x2/250 + 2591*x1**2/500 - 1503*x1*x2**3/10000 + 4749*x1*x2**2/1000 + 2781*x1*x2/1000 + 1813*x1/200 + 5301*x2**4/1000 - 843*x2**3/250 + 4829*x2**2/500 + 2081*x2/250 + 2209/250",
    "Q": "[ 8.84e+00  4.17e+00  4.53e+00 -1.65e-01 -4.96e-01 -1.68e+00]\n[ 4.17e+00  1.00e+01  1.89e+00 -1.68e+00  1.21e+00 -1.44e+00]\n[ 4.53e+00  1.89e+00  8.54e+00  1.16e+00 -1.18e+00  3.35e+00]\n[-1.65e-01 -1.68e+00  1.16e+00  5.30e+00 -7.55e-02  1.04e+00]\n[-4.96e-01  1.21e+00 -1.18e+00 -7.55e-02  7.40e+00  1.79e-01]\n[-1.68e+00 -1.44e+00  3.35e+00  1.04e+00  1.79e-01  4.40e+00]",
    "monomial_list": "[1, x2, x1, x2**2, x1*x2, x1**2]"
}