{
    "name": "Total Decomposition",
    "rational_expression": "34333*x1**4/5000 - 44501*x1**3*x2/500000 - 79579*x1**3/10000 + 2793*x1**2*x2**2/200 - 17407*x1**2*x2/10000 + 94529*x1**2/10000 - 87701*x1*x2**3/1000000 - 8293*x1*x2**2/1000 - 97461*x1*x2/10000 + 25153*x1/5000 + 70947*x2**4/10000 - 19829*x2**3/10000 + 14881*x2**2/1000 - 1557*x2/125 + 10143/500",
    "Q": "[[20.285515538865766, -6.223554235377724, 2.5064896008007254, 0.772632346269265, -2.7246064750866457, -1.0673717716588131], [-6.223554235377724, 13.336449023004562, -2.1552531160633, -0.9889358219326009, -2.3474160535036854, 0.21697546429745504], [2.5064896008007254, -2.1552531160633, 11.601108566026706, -1.7922706986301113, -1.081227529166166, -3.974634355296881], [0.772632346269265, -0.9889358219326009, -1.7922706986301113, 7.093787406637519, -0.049070974477411995, 0.9432654870326763], [-2.7246064750866457, -2.3474160535036854, -1.081227529166166, -0.049070974477411995, 12.070192858999176, -0.04907097447741189], [-1.0673717716588131, 0.21697546429745504, -3.974634355296881, 0.9432654870326763, -0.04907097447741189, 6.862936426427006]]",
    "monomial_list": "[1, x2, x1, x2**2, x1*x2, x1**2]"
}