{
    "name": "Total Decomposition",
    "rational_expression": "587*x1**4/1000 - 121*x1**3*x2/100000 - 199*x1**3*x3/100000 - 173*x1**3/1000 + 193*x1**2*x2**2/200 + 119*x1**2*x2*x3/50000 - 33*x1**2*x2/200 + 483*x1**2*x3**2/500 - 33*x1**2*x3/200 + 573*x1**2/1000 - 19*x1*x2**3/12500 + 417*x1*x2**2*x3/100000 - 83*x1*x2**2/500 + 6*x1*x2*x3**2/3125 - 381*x1*x2*x3/100000 - 109*x1*x2/5000 - 9*x1*x3**3/5000 - 167*x1*x3**2/1000 - 13*x1*x3/625 - 21*x1/100 + 587*x2**4/1000 - 109*x2**3*x3/50000 - 43*x2**3/250 + 483*x2**2*x3**2/500 - 83*x2**2*x3/500 + 143*x2**2/250 - 19*x2*x3**3/10000 - 83*x2*x3**2/500 - 13*x2*x3/625 - 21*x2/100 + 587*x3**4/1000 - 43*x3**3/250 + 143*x3**2/250 - 21*x3/100 + 23/40",
    "Q": "[[0.5750040489360502, -0.10505624444762976, -0.10505624444762966, -0.10505624444763029, -0.042057013750714876, -0.020056796779155322, -0.020056796779155537, -0.042057013750715196, -0.02005679677915552, -0.042057013750715175], [-0.10505624444762976, 0.6564478660493984, 0.009449983126487059, 0.009449983126487245, -0.08626474522522722, -0.04850295638013415, -0.04850295638013447, -0.03447721686229271, -0.0005442484702852969, -0.034477216862292874], [-0.10505624444762966, 0.009449983126487059, 0.6564478660493994, 0.009449983126486849, -0.03447721686229308, -0.04850295638013467, -0.000544248470284786, -0.08626474522522715, -0.04850295638013445, -0.034477216862293145], [-0.10505624444763029, 0.009449983126487245, 0.009449983126486849, 0.656447866049399, -0.034477216862292805, -0.0005442484702850014, -0.048502956380134576, -0.03447721686229293, -0.04850295638013402, -0.08626474522522724], [-0.042057013750714876, -0.08626474522522722, -0.03447721686229308, -0.034477216862292805, 0.58713523182876, -0.000848378806041493, -0.0008483788060414373, 0.08362243554587652, 0.0027805643530468237, 0.08362243554587626], [-0.020056796779155322, -0.04850295638013415, -0.04850295638013467, -0.0005442484702850014, -0.000848378806041493, 0.7983712447163726, -0.0014199431976095608, -0.0008483788060415028, -0.0014199431976098596, 0.0027805643530466177], [-0.020056796779155537, -0.04850295638013447, -0.000544248470284786, -0.048502956380134576, -0.0008483788060414373, -0.0014199431976095608, 0.7983712447163721, 0.002780564353046713, -0.0014199431976085388, -0.0008483788060413927], [-0.042057013750715196, -0.03447721686229271, -0.08626474522522715, -0.03447721686229293, 0.08362243554587652, -0.0008483788060415028, 0.002780564353046713, 0.5871352318287595, -0.0008483788060413567, 0.0836224355458769], [-0.02005679677915552, -0.0005442484702852969, -0.04850295638013445, -0.04850295638013402, 0.0027805643530468237, -0.0014199431976098596, -0.0014199431976085388, -0.0008483788060413567, 0.7983712447163716, -0.0008483788060414844], [-0.042057013750715175, -0.034477216862292874, -0.034477216862293145, -0.08626474522522724, 0.08362243554587626, 0.0027805643530466177, -0.0008483788060413927, 0.0836224355458769, -0.0008483788060414844, 0.58713523182876]]",
    "monomial_list": "[1, x3, x2, x1, x3**2, x2*x3, x1*x3, x2**2, x1*x2, x1**2]"
}