{
    "name": "Multiplier-2",
    "rational_expression": "10921*x1**4/10000 + 17479*x1**3*x2/10000 - 2453*x1**3/1250 + 4361*x1**2*x2**2/1250 - 42697*x1**2*x2/10000 + 49093*x1**2/500000 + 10479*x1*x2**3/2500 - 3847*x1*x2**2/250 + 2686*x1*x2/125 - 14879*x1/1000 + 52979*x2**4/10000 - 2381*x2**3/125 + 35087*x2**2/1000 - 11203*x2/250 + 14091/500",
    "Q": "[[28.18209727485652, -22.40827081434593, -7.451288283177177, 3.3498904445502373, 3.0488280170298294, -2.7669978854776662], [-22.40827081434593, 28.382203911135885, 7.714671498105522, -9.524412805445403, -6.01236714395128, 1.19331413847803], [-7.451288283177177, 7.714671498105522, 5.630151060063795, -1.687122419701169, -3.3292564479228948, -0.9790559415133272], [3.3498904445502373, -9.524412805445403, -1.687122419701169, 5.301336235325322, 2.0956139480550777, 0.1931669256996803], [3.0488280170298294, -6.01236714395128, -3.3292564479228948, 2.0956139480550777, 3.1046675272707995, 0.8727058469958996], [-2.7669978854776662, 1.19331413847803, -0.9790559415133272, 0.1931669256996803, 0.8727058469958996, 1.0925799912318817]]",
    "monomial_list": "[1, x2, x1, x2**2, x1*x2, x1**2]"
}