{
    "name": "Multiplier-1",
    "rational_expression": "30117*x1**4/10000 + 8513*x1**3*x2/1250 - 13117*x1**3/1000 + 5493*x1**2*x2**2/500 - 21061*x1**2*x2/500 + 47209*x1**2/1000 + 59099*x1*x2**3/10000 - 4291*x1*x2**2/125 + 10589*x1*x2/100 - 2598*x1/25 + 38703*x2**4/5000 - 8623*x2**3/250 + 17133*x2**2/200 - 683*x2/5 + 92297/1000",
    "Q": "[[92.29736511508602, -68.28905934364603, -51.92093541396324, 7.955323628430268, 19.599330885359777, 1.033425289656706], [-68.28905934364603, 69.7619711095025, 33.33148737286837, -17.26053083934349, -15.772115799887997, -0.8349127268152746], [-51.92093541396324, 33.33148737286837, 45.13191255037831, -1.4104410920284423, -20.245176834079878, -6.571023217299931], [7.955323628430268, -17.26053083934349, -1.4104410920284423, 7.7503618363085955, 2.9611275414334477, -0.29499433460719193], [19.599330885359777, -15.772115799887997, -20.245176834079878, 2.9611275414334477, 11.590893500198343, 3.4127063031450535], [1.033425289656706, -0.8349127268152746, -6.571023217299931, -0.29499433460719193, 3.4127063031450535, 3.0121214553039777]]",
    "monomial_list": "[1, x2, x1, x2**2, x1*x2, x1**2]"
}