{
    "name": "Multiplier-2",
    "rational_expression": "15459*x1**4/10000 + 22341*x1**3*x2/5000 - 3761*x1**3/500 + 64731*x1**2*x2**2/10000 - 2334*x1**2*x2/125 + 6031*x1**2/250 + 85061*x1*x2**3/10000 - 133*x1*x2**2/4 + 18173*x1*x2/250 - 33063*x1/500 + 11057*x2**4/1250 - 36467*x2**3/1000 + 10774*x2**2/125 - 3087*x2/25 + 36493/500",
    "Q": "[[72.98575332864505, -61.74421783241358, -33.075132482140596, 9.352454471979325, 9.045394028313378, 0.47406303835393393], [-61.74421783241358, 67.51610985604746, 27.305786483079533, -18.24586136694469, -13.215023175396334, -0.18296724026831937], [-33.075132482140596, 27.305786483079533, 23.263154712859222, -3.4109266094846356, -9.176352223160247, -3.773888126758965], [9.352454471979325, -18.24586136694469, -3.4109266094846356, 8.851705891541355, 4.2551866667397915, -0.20446289207730098], [9.045394028313378, -13.215023175396334, -9.176352223160247, 4.2551866667397915, 6.880085572423342, 2.233506088951028], [0.47406303835393393, -0.18296724026831937, -3.773888126758965, -0.20446289207730098, 2.233506088951028, 1.5430051554867188]]",
    "monomial_list": "[1, x2, x1, x2**2, x1*x2, x1**2]"
}