{
    "name": "Multiplier-1",
    "rational_expression": "22509*x1**4/10000 + 2276*x1**3*x2/625 - 15843*x1**3/2500 + 75439*x1**2*x2**2/10000 - 12227*x1**2*x2/500 + 9203*x1**2/500 + 56677*x1*x2**3/10000 - 25593*x1*x2**2/1000 + 48729*x1*x2/1000 - 17519*x1/500 + 4053*x2**4/1000 - 17977*x2**3/1000 + 18737*x2**2/500 - 47623*x2/1000 + 14771/500",
    "Q": "[[29.542322327681614, -23.821523073784896, -17.532937432256055, 4.130488269023931, 8.741159970435675, 0.35055674214020605], [-23.821523073784896, 29.217408788658854, 15.640423133801276, -8.988841498208137, -9.823055073770421, -2.341564329320351], [-17.532937432256055, 15.640423133801276, 17.713716472059826, -2.9776527198302336, -9.882188159381785, -3.1667572917314644], [4.130488269023931, -8.988841498208137, -2.9776527198302336, 4.05529736843405, 2.8357974988948937, 0.6577723564355048], [8.741159970435675, -9.823055073770421, -9.882188159381785, 2.8357974988948937, 6.226614468171566, 1.819210481086075], [0.35055674214020605, -2.341564329320351, -3.1667572917314644, 0.6577723564355048, 1.819210481086075, 2.249602147824156]]",
    "monomial_list": "[1, x2, x1, x2**2, x1*x2, x1**2]"
}