{
    "name": "Multiplier-2",
    "rational_expression": "5461*x1**4/5000 + 17479*x1**3*x2/10000 - 19623*x1**3/10000 + 4361*x1**2*x2**2/1250 - 5337*x1**2*x2/1250 + 98061*x1**2/1000000 + 41917*x1*x2**3/10000 - 3847*x1*x2**2/250 + 2686*x1*x2/125 - 14879*x1/1000 + 52979*x2**4/10000 - 2381*x2**3/125 + 4386*x2**2/125 - 44813*x2/1000 + 28183/1000",
    "Q": "[[28.182701185631462, -22.40878319681346, -7.451536726822576, 3.349997185249623, 3.0489090228833073, -2.767016898472311], [-22.40878319681346, 28.382470182859194, 7.714850074185572, -9.524311832915613, -6.012478370658392, 1.1933560041844364], [-7.451536726822576, 7.714850074185572, 5.630368853511854, -1.6871149698838483, -3.3293764260632557, -0.9790993725837158], [3.349997185249623, -9.524311832915613, -1.6871149698838483, 5.301243933759564, 2.095555024337752, 0.19313727075087725], [3.0489090228833073, -6.012478370658392, -3.3293764260632557, 2.095555024337752, 3.1048461910596243, 0.8727352541136314], [-2.767016898472311, 1.1933560041844364, -0.9790993725837158, 0.19313727075087725, 0.8727352541136314, 1.092602916992367]]",
    "monomial_list": "[1, x2, x1, x2**2, x1*x2, x1**2]"
}