{
    "name": "Total Decomposition",
    "rational_expression": "2811*x1**6/1250 + 911*x1**5*x2/250 - 3963*x1**5/625 + 86447*x1**4*x2**2/10000 - 70427*x1**4*x2/100000 - 1033*x1**4/625 + 74237*x1**3*x2**3/10000 - 15683*x1**3*x2**2/1000 - 37693*x1**3*x2/10000 + 64957*x1**3/10000 + 37723*x1**2*x2**4/5000 - 20847*x1**2*x2**3/500 + 27843*x1**2*x2**2/500 - 40179*x1**2*x2/1000 + 2971*x1**2/250 + 837*x1*x2**5/200 - 7689*x1*x2**4/500 + 6899*x1*x2**3/200 - 827*x1*x2**2/20 + 7497*x1*x2/250 - 15083*x1/1000 + 53083*x2**6/10000 - 9531*x2**5/500 + 7801*x2**4/250 - 3976*x2**3/125 + 16021*x2**2/500 - 3529*x2/125 + 21067/1000",
    "Q": "[[21.067089786493856, -14.106186544004457, -7.542781460068635, 3.0269810572497065, 9.923790341147619, -3.4699639080818008, 0.4563462036747005, -4.273560509622488, -4.067189304673033, 1.1945063642720597], [-14.106186544004457, 25.95896438366146, 5.073942448732685, -16.366232705444077, -12.991526558064322, -1.7844126369521904, 2.629022730699016, 5.27508542805133, 4.408283426271787, 1.0649872637520288], [-7.542781460068635, 5.073942448732685, 18.837947427033537, -3.404088194805268, -14.242526411772962, 2.043719501782836, 2.1036610756040757, 4.3272463900372005, -2.104081546943094, -4.192589561992505], [3.0269810572497065, -16.366232705444077, -3.404088194805268, 25.947966070463593, 9.8747423469565, 3.9177858837737727, -9.524311832902638, -5.947281373438553, -5.379388707173685, -1.1746648317006425], [9.923790341147619, -12.991526558064322, -14.242526411772962, 9.8747423469565, 30.37369304326758, -0.8369538806634824, -1.7523119671062055, -14.198412708151045, -7.383557423686991, 2.4285540257231526], [-3.4699639080818008, -1.7844126369521904, 2.043719501782836, 3.9177858837737727, -0.8369538806634824, 6.718688391416232, -1.2642749600245193, 0.7163916980200737, -2.773676683859789, -3.1667572917095157], [0.4563462036747005, 2.629022730699016, 2.1036610756040757, -9.524311832902638, -1.7523119671062055, -1.2642749600245193, 5.3012439337400545, 2.0955550243343306, -0.3185709333722171, 0.11415636712335088], [-4.273560509622488, 5.27508542805133, 4.3272463900372005, -5.947281373438553, -14.198412708151045, 0.7163916980200737, 2.0955550243343306, 8.183559967535784, 3.5943763858678257, -0.7574641859746092], [-4.067189304673033, 4.408283426271787, -2.104081546943094, -5.379388707173685, -7.383557423686991, -2.773676683859789, -0.3185709333722171, 3.5943763858678257, 10.149690469720053, 1.8192104810671368], [1.1945063642720597, 1.0649872637520288, -4.192589561992505, -1.1746648317006425, 2.4285540257231526, -3.1667572917095157, 0.11415636712335088, -0.7574641859746092, 1.8192104810671368, 2.2496021479546475]]",
    "monomial_list": "[1, x2, x1, x2**2, x1*x2, x1**2, x2**3, x1*x2**2, x1**2*x2, x1**3]"
}