{
    "name": "Total Decomposition",
    "rational_expression": "2811*x1**6/1250 + 911*x1**5*x2/250 - 3963*x1**5/625 + 43223*x1**4*x2**2/5000 - 7043*x1**4*x2/10000 - 1033*x1**4/625 + 9279*x1**3*x2**3/1250 - 7841*x1**3*x2**2/500 - 37693*x1**3*x2/10000 + 64957*x1**3/10000 + 75443*x1**2*x2**4/10000 - 41693*x1**2*x2**3/1000 + 11137*x1**2*x2**2/200 - 40179*x1**2*x2/1000 + 2971*x1**2/250 + 41851*x1*x2**5/10000 - 7689*x1*x2**4/500 + 6899*x1*x2**3/200 - 827*x1*x2**2/20 + 7497*x1*x2/250 - 15083*x1/1000 + 53083*x2**6/10000 - 9531*x2**5/500 + 7801*x2**4/250 - 3976*x2**3/125 + 16021*x2**2/500 - 3529*x2/125 + 21067/1000",
    "Q": "[[21.066617097585265, -14.106079287097792, -7.5424639451977855, 3.0269377044476453, 9.923746019119777, -3.4699131334356066, 0.45638201584385946, -4.273609674996711, -4.067069521504233, 1.1944546735335417], [-14.106079287097792, 25.959045903071317, 5.073568968638318, -16.366694162532543, -12.99115265912491, -1.784424231234373, 2.6291534758070054, 5.274956497257289, 4.408444096586954, 1.0650433690936207], [-7.5424639451977855, 5.073568968638318, 18.837252212020978, -3.4034442704005925, -14.242049048101327, 2.0437518444894236, 2.103369404929905, 4.327072488190885, -2.10412147246295, -4.192473947192793], [3.0269377044476453, -16.366694162532543, -3.4034442704005925, 25.94836210073648, 9.874430790256753, 3.9179017877452837, -9.524412805441319, -5.9472567729252654, -5.3794371589091154, -1.1748505143535453], [9.923746019119777, -12.99115265912491, -14.242049048101327, 9.874430790256753, 30.372999187873795, -0.8370481181072745, -1.7522327907318582, -14.198204617425068, -7.383463250943939, 2.4284929031200124], [-3.4699131334356066, -1.784424231234373, 2.0437518444894236, 3.9179017877452837, -0.8370481181072745, 6.718515289159383, -1.2643470839765756, 0.7164071637602598, -2.773608193936861, -3.1666841529240646], [0.45638201584385946, 2.6291534758070054, 2.103369404929905, -9.524412805441319, -1.7522327907318582, -1.2643470839765756, 5.301336235321781, 2.0956139480621494, -0.3186206644013212, 0.11425898919900308], [-4.273609674996711, 5.274956497257289, 4.327072488190885, -5.9472567729252654, -14.198204617425068, 0.7164071637602598, 2.0956139480621494, 8.183560893377022, 3.594336475425254, -0.7574219593899587], [-4.067069521504233, 4.408444096586954, -2.10412147246295, -5.3794371589091154, -7.383463250943939, -2.773608193936861, -0.3186206644013212, 3.594336475425254, 10.149515553215098, 1.819172504715366], [1.1944546735335417, 1.0650433690936207, -4.192473947192793, -1.1748505143535453, 2.4284929031200124, -3.1666841529240646, 0.11425898919900308, -0.7574219593899587, 1.819172504715366, 2.249545343604736]]",
    "monomial_list": "[1, x2, x1, x2**2, x1*x2, x1**2, x2**3, x1*x2**2, x1**2*x2, x1**3]"
}