{
    "name": "Multiplier-3",
    "rational_expression": "131*x1**2/1000 - 147*x1*x2/1000 - 459*x1*x3/5000 + 61*x1*x4/625 + 427*x1*x5/5000 - 161*x1*x6/10000 - 61*x1/500 + 37*x2**2/200 + 27*x2*x3/200 - 11*x2*x4/200 - 53*x2*x5/625 + 173*x2*x6/1000 - 3*x2/8 + 191*x3**2/1000 - 131*x3*x4/2500 - 111*x3*x5/1000 + 19*x3*x6/2500 - 337*x3/10000 + 29*x4**2/625 + 209*x4*x5/5000 - 547*x4*x6/10000 - 79*x4/1250 + 43*x5**2/200 - 73*x5*x6/500 - 73*x5/500 + 121*x6**2/1000 - 293*x6/1000 + 51/100",
    "Q": "[[0.5102369426064857, -0.1463173866639059, -0.072870418183324, -0.03170998266532657, -0.01658367347229976, -0.18795193504017263, -0.061185241930090575], [-0.1463173866639059, 0.12055179257752001, -0.07292711413754605, -0.02733461138919468, 0.0037351019490696725, 0.08678273646660019, -0.008083453650270734], [-0.072870418183324, -0.07292711413754605, 0.2149780462687662, 0.02110208222472197, -0.05510456135662543, -0.042277222143689196, 0.04265657128546088], [-0.03170998266532657, -0.02733461138919468, 0.02110208222472197, 0.04645430900412775, -0.026376586031061532, -0.02760437112960875, 0.04887962012991944], [-0.01658367347229976, 0.0037351019490696725, -0.05510456135662543, -0.026376586031061532, 0.19066862103231708, 0.06760837831935786, -0.04623920020754839], [-0.18795193504017263, 0.08678273646660019, -0.042277222143689196, -0.02760437112960875, 0.06760837831935786, 0.1849895475127352, -0.07324675582179163], [-0.061185241930090575, -0.008083453650270734, 0.04265657128546088, 0.04887962012991944, -0.04623920020754839, -0.07324675582179163, 0.13062412725803718]]",
    "monomial_list": "[1, x6, x5, x4, x3, x2, x1]"
}