{
    "name": "Multiplier-3",
    "rational_expression": "131*x1**2/1000 - 147*x1*x2/1000 - 927*x1*x3/10000 + 979*x1*x4/10000 + 171*x1*x5/2000 - 81*x1*x6/5000 - 61*x1/500 + 93*x2**2/500 + 27*x2*x3/200 - 277*x2*x4/5000 - 843*x2*x5/10000 + 87*x2*x6/500 - 47*x2/125 + 191*x3**2/1000 - 529*x3*x4/10000 - 11*x3*x5/100 + 749*x3*x6/100000 - 163*x3/5000 + 29*x4**2/625 + 53*x4*x5/1250 - 547*x4*x6/10000 - 79*x4/1250 + 107*x5**2/500 - 29*x5*x6/200 - 73*x5/500 + 3*x6**2/25 - 293*x6/1000 + 51/100",
    "Q": "[[0.5102322632146613, -0.14645600011875484, -0.07282972916802012, -0.031700059546943826, -0.01646578446640897, -0.18805745742456698, -0.06115223270165717], [-0.14645600011875484, 0.1204473875203161, -0.07285839377753739, -0.02734122333972872, 0.0037547860255147635, 0.08688386163881437, -0.008111214885200764], [-0.07282972916802012, -0.07285839377753739, 0.21487320098873333, 0.021150466079863834, -0.05520924712978323, -0.04235762640520902, 0.04274535611955883], [-0.031700059546943826, -0.02734122333972872, 0.021150466079863834, 0.04642107473954016, -0.026342091082997468, -0.027608873767190484, 0.0488589465489022], [-0.01646578446640897, 0.0037547860255147635, -0.05520924712978323, -0.026342091082997468, 0.19063520721455862, 0.0676389969681233, -0.04623072253042724], [-0.18805745742456698, 0.08688386163881437, -0.04235762640520902, -0.027608873767190484, 0.0676389969681233, 0.18503524816792224, -0.07322258953893374], [-0.06115223270165717, -0.008111214885200764, 0.04274535611955883, 0.0488589465489022, -0.04623072253042724, -0.07322258953893374, 0.13053755393820526]]",
    "monomial_list": "[1, x6, x5, x4, x3, x2, x1]"
}