{
    "name": "Multiplier-6",
    "rational_expression": "257*x1**2/1000 - 347*x1*x2/1000 - 23*x1*x3/125 + 139*x1*x4/1000 - 217*x1*x5/1000 + 11*x1*x6/31250 + 569*x1/10000 + 63*x2**2/200 + 149*x2*x3/1000 - 3*x2*x4/20 + x2*x5/10 + 57*x2*x6/500 - 673*x2/1000 + 859*x3**2/10000 - 563*x3*x4/10000 + 169*x3*x5/2500 - 57*x3*x6/6250 + 323*x3/10000 + 491*x4**2/10000 - 989*x4*x5/100000 + 261*x4*x6/100000 + 957*x4/10000 + 377*x5**2/1000 - 113*x5*x6/25000 - 77*x5/500 + 303*x6**2/1000 - 177*x6/1000 + 647/1000",
    "Q": "[[0.6474686241356699, -0.08846557427105083, -0.07708770944244368, 0.04808290181480208, 0.01643155181836408, -0.33637661937522223, 0.02873818694644443], [-0.08846557427105083, 0.3025966499614428, -0.002206911407879294, 0.0011705874990151004, -0.004691684952164238, 0.056937077764150065, 0.0002052528034966946], [-0.07708770944244368, -0.002206911407879294, 0.37643020051188475, -0.0047905260823832806, 0.033806690344420236, 0.05002237573752931, -0.10857075187144535], [0.04808290181480208, 0.0011705874990151004, -0.0047905260823832806, 0.04911273189284254, -0.028076810673485945, -0.07499475887022974, 0.06954893251960644], [0.01643155181836408, -0.004691684952164238, 0.033806690344420236, -0.028076810673485945, 0.08597645754041955, 0.07456470181997801, -0.0921102898164946], [-0.33637661937522223, 0.056937077764150065, 0.05002237573752931, -0.07499475887022974, 0.07456470181997801, 0.3145314827631157, -0.17361033995091762], [0.02873818694644443, 0.0002052528034966946, -0.10857075187144535, 0.06954893251960644, -0.0921102898164946, -0.17361033995091762, 0.2577450435799444]]",
    "monomial_list": "[1, x6, x5, x4, x3, x2, x1]"
}