{
    "name": "Multiplier-4",
    "rational_expression": "329*x1**2/1000 - 189*x1*x2/1000 - 121*x1*x3/500 + 179*x1*x4/2500 - 471*x1*x5/10000 - 177*x1*x6/1000 - 567*x1/1000 + 139*x2**2/1000 + 18*x2*x3/125 - 223*x2*x4/2500 - 179*x2*x5/500000 + 53*x2*x6/500 - 33*x2/625 + 77*x3**2/500 - 14*x3*x4/125 + 71*x3*x5/5000 + 423*x3*x6/10000 + 193*x3/500 + 157*x4**2/1000 + 31*x4*x5/1250 - 179*x4*x6/100000 - 19*x4/100 + 73*x5**2/250 + 303*x5*x6/10000 - 403*x5/5000 + 22*x6**2/125 + 489*x6/10000 + 661/1000",
    "Q": "[[0.6605485962674905, 0.02473987367137068, -0.04002064244450056, -0.09536462366438832, 0.1927454162223569, -0.026532504163272748, -0.28305044565994264], [0.02473987367137068, 0.17547278851913833, 0.015010371317113205, -0.0008814371488520561, 0.021237039254252337, 0.05283384995417619, -0.08838493937729248], [-0.04002064244450056, 0.015010371317113205, 0.29150029248716414, 0.012345895176939351, 0.0072562120884350784, -0.0001594801199563432, -0.0234707975255727], [-0.09536462366438832, -0.0008814371488520561, 0.012345895176939351, 0.1566357022266379, -0.0561726395849222, -0.04437941413872266, 0.035848288201287166], [0.1927454162223569, 0.021237039254252337, 0.0072562120884350784, -0.0561726395849222, 0.15408896660914756, 0.07166782973004551, -0.12075949809364477], [-0.026532504163272748, 0.05283384995417619, -0.0001594801199563432, -0.04437941413872266, 0.07166782973004551, 0.13940166388094416, -0.09495529982069653], [-0.28305044565994264, -0.08838493937729248, -0.0234707975255727, 0.035848288201287166, -0.12075949809364477, -0.09495529982069653, 0.32871432826293107]]",
    "monomial_list": "[1, x6, x5, x4, x3, x2, x1]"
}