{
    "name": "Multiplier-1",
    "rational_expression": "101*x1**2/500 - 137*x1*x2/2000 + 371*x1*x3/5000 + 743*x1*x4/100000 + 997*x1*x5/10000 - 219*x1*x6/10000 - 87*x1/2500 + 59*x2**2/500 + 67*x2*x3/500 - 491*x2*x4/5000 - 43*x2*x5/1250 + 137*x2*x6/2000 - 87*x2/1250 + 237*x3**2/1000 - 21*x3*x4/100 - 7*x3*x5/40 - 187*x3*x6/2000 + 66*x3/125 + 777*x4**2/10000 + 489*x4*x5/10000 - 9*x4*x6/2500 - 219*x4/1000 + 6*x5**2/25 - 413*x5*x6/10000 - 103*x5/250 + 799*x6**2/10000 - 253*x6/1000 + 29/50",
    "Q": "[[0.5803737113415556, -0.12664403804276336, -0.20605051063848598, -0.10941129657073805, 0.26425292124989835, -0.03454973585896272, -0.017264725462358056], [-0.12664403804276336, 0.08001734735974292, -0.02056205902632498, -0.001815916759596092, -0.04690054965556244, 0.03422381867054585, -0.010977058863767085], [-0.20605051063848598, -0.02056205902632498, 0.24025525680611703, 0.024253812405784895, -0.08741166784219058, -0.017312828162992816, 0.049875503474563994], [-0.10941129657073805, -0.001815916759596092, 0.024253812405784895, 0.07775375275876974, -0.10508439331698961, -0.0492440274590602, 0.0036414753491801864], [0.26425292124989835, -0.04690054965556244, -0.08741166784219058, -0.10508439331698961, 0.23740333746489642, 0.06737444022768015, 0.037300571917964896], [-0.03454973585896272, 0.03422381867054585, -0.017312828162992816, -0.0492440274590602, 0.06737444022768015, 0.11759364204998277, -0.03426413271131628], [-0.017264725462358056, -0.010977058863767085, 0.049875503474563994, 0.0036414753491801864, 0.037300571917964896, -0.03426413271131628, 0.2024575524159008]]",
    "monomial_list": "[1, x6, x5, x4, x3, x2, x1]"
}