{
    "name": "Multiplier-1",
    "rational_expression": "101*x1**2/500 - 137*x1*x2/2000 + 371*x1*x3/5000 + 743*x1*x4/100000 + 997*x1*x5/10000 - 219*x1*x6/10000 - 87*x1/2500 + 59*x2**2/500 + 67*x2*x3/500 - 491*x2*x4/5000 - 43*x2*x5/1250 + 137*x2*x6/2000 - 87*x2/1250 + 237*x3**2/1000 - 21*x3*x4/100 - 7*x3*x5/40 - 187*x3*x6/2000 + 66*x3/125 + 777*x4**2/10000 + 489*x4*x5/10000 - 9*x4*x6/2500 - 219*x4/1000 + 6*x5**2/25 - 413*x5*x6/10000 - 103*x5/250 + 799*x6**2/10000 - 253*x6/1000 + 29/50",
    "Q": "[[0.5803737162673734, -0.12664403954653364, -0.20605051211647096, -0.10941129675999917, 0.2642529222069093, -0.034549737145208745, -0.017264726364061855], [-0.12664403954653364, 0.08001734820438658, -0.020562059191553187, -0.0018159167905027552, -0.046900549885771615, 0.0342238192650426, -0.010977058763652955], [-0.20605051211647096, -0.020562059191553187, 0.24025525852721605, 0.024253812557041073, -0.08741166826224375, -0.017312828248152914, 0.04987550406118956], [-0.10941129675999917, -0.0018159167905027552, 0.024253812557041073, 0.07775375289929282, -0.10508439353030417, -0.04924402762410579, 0.003641475487946998], [0.2642529222069093, -0.046900549885771615, -0.08741166826224375, -0.10508439353030417, 0.23740333797386337, 0.06737444038384875, 0.03730057164788548], [-0.034549737145208745, 0.0342238192650426, -0.017312828248152914, -0.04924402762410579, 0.06737444038384875, 0.1175936430739465, -0.03426413279352275], [-0.017264726364061855, -0.010977058763652955, 0.04987550406118956, 0.003641475487946998, 0.03730057164788548, -0.03426413279352275, 0.20245755321801762]]",
    "monomial_list": "[1, x6, x5, x4, x3, x2, x1]"
}