{
    "name": "Multiplier-3",
    "rational_expression": "131*x1**2/1000 - 147*x1*x2/1000 - 927*x1*x3/10000 + 979*x1*x4/10000 + 171*x1*x5/2000 - 81*x1*x6/5000 - 61*x1/500 + 93*x2**2/500 + 27*x2*x3/200 - 277*x2*x4/5000 - 843*x2*x5/10000 + 87*x2*x6/500 - 47*x2/125 + 191*x3**2/1000 - 529*x3*x4/10000 - 11*x3*x5/100 + 749*x3*x6/100000 - 163*x3/5000 + 29*x4**2/625 + 53*x4*x5/1250 - 547*x4*x6/10000 - 79*x4/1250 + 107*x5**2/500 - 29*x5*x6/200 - 73*x5/500 + 3*x6**2/25 - 293*x6/1000 + 51/100",
    "Q": "[[0.5102322701825968, -0.14645600222202634, -0.07282973071634716, -0.031700059676789426, -0.0164657840755635, -0.1880574601008304, -0.06115223340238828], [-0.14645600222202634, 0.12044738868794137, -0.07285839393904947, -0.02734122353957186, 0.003754785967564682, 0.08688386268515826, -0.008111214839927421], [-0.07282973071634716, -0.07285839393904947, 0.21487320241302452, 0.021150466414042002, -0.055209247588983226, -0.04235762635264408, 0.04274535663435779], [-0.031700059676789426, -0.02734122353957186, 0.021150466414042002, 0.046421074899263434, -0.02634209126347575, -0.0276088738985592, 0.04885894670665862], [-0.0164657840755635, 0.003754785967564682, -0.055209247588983226, -0.02634209126347575, 0.1906352080734617, 0.06763899726673085, -0.04623072294052767], [-0.1880574601008304, 0.08688386268515826, -0.04235762635264408, -0.0276088738985592, 0.06763899726673085, 0.1850352497942423, -0.07322258968530904], [-0.06115223340238828, -0.008111214839927421, 0.04274535663435779, 0.04885894670665862, -0.04623072294052767, -0.07322258968530904, 0.13053755438947087]]",
    "monomial_list": "[1, x6, x5, x4, x3, x2, x1]"
}