{
    "name": "Multiplier-5",
    "rational_expression": "1213*x1**2/10000 - 43*x1*x2/250 - 6237*x1*x3/100000 + 1071*x1*x4/25000 + 697*x1*x5/2500 - 171*x1*x6/2000 - 149*x1/2000 + 107*x2**2/500 - 121*x2*x3/3125 + 1449*x2*x4/25000 - 6977*x2*x5/10000 + 763*x2*x6/2000 - 43*x2/125 + 1951*x3**2/25000 - 4063*x3*x4/50000 + 69*x3*x5/400 - 7*x3*x6/50 + 207*x3/1000 + 5431*x4**2/100000 - 194*x4*x5/625 + 1179*x4*x6/10000 - 59*x4/500 + 621*x5**2/500 - 9911*x5*x6/10000 + 299*x5/1000 + 2701*x6**2/10000 - 101*x6/250 + 49/125",
    "Q": "[[0.39220424440963525, -0.20195474513512887, 0.14986633607877323, -0.05928961881739142, 0.10354711162174633, -0.1722557078337452, -0.03737654332629702], [-0.20195474513512887, 0.2698833440943458, -0.49530385030070945, 0.05885328391264848, -0.06986642086820698, 0.19072814424409398, -0.04284206524835411], [0.14986633607877323, -0.49530385030070945, 1.2425848969902842, -0.15516204657664975, 0.08585830680360114, -0.34900629016755513, 0.13990391895261545], [-0.05928961881739142, 0.05885328391264848, -0.15516204657664975, 0.054303741368162274, -0.04049041152129742, 0.029166777087638904, 0.021277452399305535], [0.10354711162174633, -0.06986642086820698, 0.08585830680360114, -0.04049041152129742, 0.07759199048677609, -0.019414387686058614, -0.03128067559486422], [-0.1722557078337452, 0.19072814424409398, -0.34900629016755513, 0.029166777087638904, -0.019414387686058614, 0.2133600111012631, -0.0855420371923376], [-0.03737654332629702, -0.04284206524835411, 0.13990391895261545, 0.021277452399305535, -0.03128067559486422, -0.0855420371923376, 0.12138201583062116]]",
    "monomial_list": "[1, x6, x5, x4, x3, x2, x1]"
}