{
    "name": "Multiplier-5",
    "rational_expression": "1209*x1**2/10000 - 1699*x1*x2/10000 - 1557*x1*x3/25000 + 2127*x1*x4/50000 + 2779*x1*x5/10000 - 339*x1*x6/4000 - 373*x1/5000 + 2127*x2**2/10000 - 1969*x2*x3/50000 + 5899*x2*x4/100000 - 349*x2*x5/500 + 238*x2*x6/625 - 69*x2/200 + 1551*x3**2/20000 - 4061*x3*x4/50000 + 173*x3*x5/1000 - 1401*x3*x6/10000 + 207*x3/1000 + 681*x4**2/12500 - 3117*x4*x5/10000 + 1181*x4*x6/10000 - 119*x4/1000 + 621*x5**2/500 - 4939*x5*x6/5000 + 151*x5/500 + 269*x6**2/1000 - 81*x6/200 + 393/1000",
    "Q": "[[0.39304427398261205, -0.20226670216963044, 0.15111825297852205, -0.059610018708865925, 0.10390175323135292, -0.1727097007031642, -0.03747228680707043], [-0.20226670216963044, 0.26926503569335336, -0.49439297375379676, 0.05883448506393508, -0.06998952737076108, 0.19047713912493647, -0.0425695702905056], [0.15111825297852205, -0.49439297375379676, 1.2416750019676601, -0.15528778204965524, 0.08625821069541315, -0.34894454619929066, 0.13939294803006833], [-0.059610018708865925, 0.05883448506393508, -0.15528778204965524, 0.054408852055618635, -0.04062572062062984, 0.029225212673790458, 0.02138896639402214], [0.10390175323135292, -0.06998952737076108, 0.08625821069541315, -0.04062572062062984, 0.07776712137997512, -0.01956475310294321, -0.031346237803638065], [-0.1727097007031642, 0.19047713912493647, -0.34894454619929066, 0.029225212673790458, -0.01956475310294321, 0.213481946330979, -0.0854615206745724], [-0.03747228680707043, -0.0425695702905056, 0.13939294803006833, 0.02138896639402214, -0.031346237803638065, -0.0854615206745724, 0.12145579089418665]]",
    "monomial_list": "[1, x6, x5, x4, x3, x2, x1]"
}