{
    "name": "Multiplier-6",
    "rational_expression": "257*x1**2/1000 - 347*x1*x2/1000 - 23*x1*x3/125 + 139*x1*x4/1000 - 109*x1*x5/500 + 713*x1*x6/1000000 + 583*x1/10000 + 63*x2**2/200 + 149*x2*x3/1000 - 3*x2*x4/20 + 499*x2*x5/5000 + 57*x2*x6/500 - 337*x2/500 + 859*x3**2/10000 - 281*x3*x4/5000 + 169*x3*x5/2500 - 121*x3*x6/12500 + 81*x3/2500 + 49*x4**2/1000 - 99*x4*x5/10000 + 253*x4*x6/100000 + 959*x4/10000 + 377*x5**2/1000 - 439*x5*x6/100000 - 77*x5/500 + 151*x6**2/500 - 89*x6/500 + 81/125",
    "Q": "[[0.6476285494788313, -0.08870804032265395, -0.07706378629880732, 0.048112208496518205, 0.016438408002715, -0.3365917748116781, 0.02886476314526445], [-0.08870804032265395, 0.3026089124142889, -0.002310912102964035, 0.0011177069099704983, -0.004777227228195881, 0.05689977146000597, 0.0003071177586742323], [-0.07706378629880732, -0.002310912102964035, 0.3771114919092945, -0.004899740314646772, 0.033887365268859715, 0.0500075511064063, -0.1088923332042399], [0.048112208496518205, 0.0011177069099704983, -0.004899740314646772, 0.0491001702290865, -0.028118215345523875, -0.07509770203261285, 0.06965816836151785], [0.016438408002715, -0.004777227228195881, 0.033887365268859715, -0.028118215345523875, 0.08593100595192939, 0.07457605443717857, -0.09219529713069508], [-0.3365917748116781, 0.05689977146000597, 0.0500075511064063, -0.07509770203261285, 0.07457605443717857, 0.314722797895431, -0.17379200301672199], [0.02886476314526445, 0.0003071177586742323, -0.1088923332042399, 0.06965816836151785, -0.09219529713069508, -0.17379200301672199, 0.2579946158163181]]",
    "monomial_list": "[1, x6, x5, x4, x3, x2, x1]"
}