{
    "name": "Multiplier-4",
    "rational_expression": "329*x1**2/1000 - 19*x1*x2/100 - 121*x1*x3/500 + 719*x1*x4/10000 - 117*x1*x5/2500 - 89*x1*x6/500 - 567*x1/1000 + 139*x2**2/1000 + 18*x2*x3/125 - 223*x2*x4/2500 - 77*x2*x5/250000 + 53*x2*x6/500 - 33*x2/625 + 77*x3**2/500 - 14*x3*x4/125 + 141*x3*x5/10000 + 427*x3*x6/10000 + 193*x3/500 + 157*x4**2/1000 + 247*x4*x5/10000 - 199*x4*x6/100000 - 19*x4/100 + 291*x5**2/1000 + 151*x5*x6/5000 - 403*x5/5000 + 22*x6**2/125 + 503*x6/10000 + 661/1000",
    "Q": "[[0.6610428749696277, 0.024910214086109127, -0.040199498812208606, -0.09521748450175249, 0.19288573843609685, -0.026590012840952162, -0.28358243003104927], [0.024910214086109127, 0.1755691764928056, 0.014997506363408693, -0.0009005136133488201, 0.021325234600940546, 0.05285069793426275, -0.08860908072051304], [-0.040199498812208606, 0.014997506363408693, 0.29120285377183064, 0.012328766340494466, 0.007187363489529361, -0.00020425194077667067, -0.023420061762864864], [-0.09521748450175249, -0.0009005136133488201, 0.012328766340494466, 0.1565711209013039, -0.05616818442016323, -0.044439646984510826, 0.03585740092139749], [0.19288573843609685, 0.021325234600940546, 0.007187363489529361, -0.05616818442016323, 0.1541029972958908, 0.07168885824127885, -0.12093009024739526], [-0.026590012840952162, 0.05285069793426275, -0.00020425194077667067, -0.044439646984510826, 0.07168885824127885, 0.13938373411559646, -0.09492716957575785], [-0.28358243003104927, -0.08860908072051304, -0.023420061762864864, 0.03585740092139749, -0.12093009024739526, -0.09492716957575785, 0.32907059282462314]]",
    "monomial_list": "[1, x6, x5, x4, x3, x2, x1]"
}