{
    "name": "Multiplier-4",
    "rational_expression": "329*x1**2/1000 - 19*x1*x2/100 - 121*x1*x3/500 + 719*x1*x4/10000 - 117*x1*x5/2500 - 89*x1*x6/500 - 567*x1/1000 + 139*x2**2/1000 + 18*x2*x3/125 - 223*x2*x4/2500 - 77*x2*x5/250000 + 53*x2*x6/500 - 33*x2/625 + 77*x3**2/500 - 14*x3*x4/125 + 141*x3*x5/10000 + 427*x3*x6/10000 + 193*x3/500 + 157*x4**2/1000 + 247*x4*x5/10000 - 199*x4*x6/100000 - 19*x4/100 + 291*x5**2/1000 + 151*x5*x6/5000 - 403*x5/5000 + 22*x6**2/125 + 503*x6/10000 + 661/1000",
    "Q": "[[0.6610428815088576, 0.02491021288551899, -0.04019950127421159, -0.09521748462469172, 0.1928857402699884, -0.026590013988408576, -0.283582433032081], [0.02491021288551899, 0.17556917727875884, 0.014997505402703105, -0.0009005138583925189, 0.02132523473767664, 0.05285069850888195, -0.0886090810029461], [-0.04019950127421159, 0.014997505402703105, 0.291202855845892, 0.012328766335392167, 0.007187362849881209, -0.00020425219902496096, -0.02342006123229333], [-0.09521748462469172, -0.0009005138583925189, 0.012328766335392167, 0.1565711214930035, -0.056168184703787136, -0.04443964736903391, 0.035857401425669365], [0.1928857402699884, 0.02132523473767664, 0.007187362849881209, -0.056168184703787136, 0.154102998248122, 0.07168885871298716, -0.12093009193635909], [-0.026590013988408576, 0.05285069850888195, -0.00020425219902496096, -0.04443964736903391, 0.07168885871298716, 0.13938373564372364, -0.09492717050039427], [-0.283582433032081, -0.0886090810029461, -0.02342006123229333, 0.035857401425669365, -0.12093009193635909, -0.09492717050039427, 0.32907059599936095]]",
    "monomial_list": "[1, x6, x5, x4, x3, x2, x1]"
}