{
    "name": "Multiplier-1",
    "rational_expression": "101*x1**2/500 - 171*x1*x2/2500 + 37*x1*x3/500 + 379*x1*x4/50000 + 249*x1*x5/2500 - 219*x1*x6/10000 - 87*x1/2500 + 117*x2**2/1000 + 27*x2*x3/200 - 197*x2*x4/2000 - 343*x2*x5/10000 + 683*x2*x6/10000 - 87*x2/1250 + 237*x3**2/1000 - 21*x3*x4/100 - 87*x3*x5/500 - 469*x3*x6/5000 + 66*x3/125 + 389*x4**2/5000 + 489*x4*x5/10000 - 17*x4*x6/5000 - 219*x4/1000 + 6*x5**2/25 - 83*x5*x6/2000 - 103*x5/250 + 801*x6**2/10000 - 253*x6/1000 + 29/50",
    "Q": "[[0.5804211697078663, -0.12657216748979086, -0.20609135597176195, -0.10942643836697685, 0.26425456008128534, -0.034567200421097996, -0.017212148718148242], [-0.12657216748979086, 0.08015397299657097, -0.020721463500905115, -0.0017592686701673186, -0.046988974028907456, 0.034126216063576936, -0.011003823873950595], [-0.20609135597176195, -0.020721463500905115, 0.24051024890204536, 0.024187864971672624, -0.08733764794494858, -0.01723481939511188, 0.04980342317204161], [-0.10942643836697685, -0.0017592686701673186, 0.024187864971672624, 0.07779050931087285, -0.10510142783245725, -0.04925448448232102, 0.0036727995939172713], [0.26425456008128534, -0.046988974028907456, -0.08733764794494858, -0.10510142783245725, 0.23743333259956537, 0.06738491581237517, 0.03730596507397883], [-0.034567200421097996, 0.034126216063576936, -0.01723481939511188, -0.04925448448232102, 0.06738491581237517, 0.11764542679693658, -0.03429482995763454], [-0.017212148718148242, -0.011003823873950595, 0.04980342317204161, 0.0036727995939172713, 0.03730596507397883, -0.03429482995763454, 0.20256351001773196]]",
    "monomial_list": "[1, x6, x5, x4, x3, x2, x1]"
}