{
    "name": "Multiplier-6",
    "rational_expression": "257*x1**2/1000 - 347*x1*x2/1000 - 23*x1*x3/125 + 139*x1*x4/1000 - 109*x1*x5/500 + 713*x1*x6/1000000 + 583*x1/10000 + 63*x2**2/200 + 149*x2*x3/1000 - 3*x2*x4/20 + 499*x2*x5/5000 + 57*x2*x6/500 - 337*x2/500 + 859*x3**2/10000 - 281*x3*x4/5000 + 169*x3*x5/2500 - 121*x3*x6/12500 + 81*x3/2500 + 49*x4**2/1000 - 99*x4*x5/10000 + 253*x4*x6/100000 + 959*x4/10000 + 377*x5**2/1000 - 439*x5*x6/100000 - 77*x5/500 + 151*x6**2/500 - 89*x6/500 + 81/125",
    "Q": "[[0.6476285546911782, -0.08870804177429814, -0.07706378836047244, 0.04811220839754771, 0.016438409266158024, -0.33659177639242727, 0.028864762240489537], [-0.08870804177429814, 0.3026089139007705, -0.0023109127025406537, 0.001117706861050332, -0.004777227693584683, 0.05689977145549745, 0.00030711808990013817], [-0.07706378836047244, -0.0023109127025406537, 0.37711149478126527, -0.004899740593635545, 0.03388736521277909, 0.05000755188269205, -0.10889233431562143], [0.04811220839754771, 0.001117706861050332, -0.004899740593635545, 0.04910017044592029, -0.02811821554656512, -0.07509770240510719, 0.06965816887635269], [0.016438409266158024, -0.004777227693584683, 0.03388736521277909, -0.02811821554656512, 0.08593100629470721, 0.0745760543226001, -0.09219529788453978], [-0.33659177639242727, 0.05689977145549745, 0.05000755188269205, -0.07509770240510719, 0.0745760543226001, 0.31472279917033663, -0.17379200387052365], [0.028864762240489537, 0.00030711808990013817, -0.10889233431562143, 0.06965816887635269, -0.09219529788453978, -0.17379200387052365, 0.25799461800747775]]",
    "monomial_list": "[1, x6, x5, x4, x3, x2, x1]"
}