{
    "name": "Multiplier-2",
    "rational_expression": "14*x1**2/125 - 769*x1*x2/10000 - 173*x1*x3/2500 + 839*x1*x4/10000 + 489*x1*x5/10000 - 63*x1*x6/2500 - 801*x1/10000 + 177*x2**2/1000 + 23*x2*x3/1000 + 397*x2*x4/100000 - 57*x2*x5/2500 + 291*x2*x6/50000 - 39*x2/250 + 77*x3**2/500 - 17*x3*x4/125 - 117*x3*x5/1000 + 137*x3*x6/1000000 + 59*x3/250 + 151*x4**2/2000 + 83*x4*x5/5000 - 11*x4*x6/100 - 293*x4/10000 + 171*x5**2/1000 - 229*x5*x6/10000 - 69*x5/250 + 29*x6**2/200 - 339*x6/1000 + 61/125",
    "Q": "[[0.4877180779900765, -0.16899622420479096, -0.13810157513447674, -0.014818950905114616, 0.11808091526190773, -0.07826046757987731, -0.039997108662888955], [-0.16899622420479096, 0.1445988364828171, -0.011514965271768443, -0.05491732305223381, 0.00015443701615621729, 0.0029624295596276866, -0.012649107886719697], [-0.13810157513447674, -0.011514965271768443, 0.1711117455819552, 0.008274270033539751, -0.05843231907773544, -0.011431478363834024, 0.02440513369654913], [-0.014818950905114616, -0.05491732305223381, 0.008274270033539751, 0.07551510857130388, -0.06777559427944368, 0.0021916733730041505, 0.04187870334415908], [0.11808091526190773, 0.00015443701615621729, -0.05843231907773544, -0.06777559427944368, 0.1538073511369453, 0.011046973638874882, -0.034345206228171166], [-0.07826046757987731, 0.0029624295596276866, -0.011431478363834024, 0.0021916733730041505, 0.011046973638874882, 0.17690157338147583, -0.03816894311610583], [-0.039997108662888955, -0.012649107886719697, 0.02440513369654913, 0.04187870334415908, -0.034345206228171166, -0.03816894311610583, 0.11208332157618553]]",
    "monomial_list": "[1, x6, x5, x4, x3, x2, x1]"
}