{
    "name": "Total Decomposition",
    "rational_expression": "1499*x1**4/2000 - 6463*x1**3*x2/10000 - 251*x1**3*x3/200 + 259*x1**3*x4/1000 - 609*x1**3*x5/5000 - 173*x1**3*x6/1000 - 247*x1**3/1250 + 703*x1**2*x2**2/500 + 113*x1**2*x2*x3/125 - 1377*x1**2*x2*x4/2500 - 9453*x1**2*x2*x5/10000 - 327*x1**2*x2*x6/1250 - 427*x1**2*x2/250 + 1307*x1**2*x3**2/1000 - 857*x1**2*x3*x4/2000 - 4841*x1**2*x3*x5/10000 + 237*x1**2*x3*x6/500 - 4063*x1**2*x3/5000 + 1879*x1**2*x4**2/2500 + 3193*x1**2*x4*x5/100000 - 2807*x1**2*x4*x6/10000 + 973*x1**2*x4/5000 + 9787*x1**2*x5**2/10000 - 561*x1**2*x5*x6/500 + 259*x1**2*x5/250 + 7911*x1**2*x6**2/10000 - 9569*x1**2*x6/10000 + 3*x1**2/25 - 247*x1*x2**3/400 - 653*x1*x2**2*x3/500 + 2101*x1*x2**2*x4/5000 + 1379*x1*x2**2*x5/5000 - 6289*x1*x2**2*x6/1000000 + 7399*x1*x2**2/100000 - 3601*x1*x2*x3**2/10000 + 4417*x1*x2*x3*x4/10000 + 197*x1*x2*x3*x5/125 + 3287*x1*x2*x3*x6/10000 + 577*x1*x2*x3/500 - 2127*x1*x2*x4**2/5000 - 1517*x1*x2*x4*x5/50000 + 619*x1*x2*x4*x6/5000 + 6061*x1*x2*x4/10000 - 257*x1*x2*x5**2/6250 + 2479*x1*x2*x5*x6/2500 - 1339*x1*x2*x5/500 - 2471*x1*x2*x6**2/5000 + 7997*x1*x2*x6/10000 - 8607*x1*x2/10000 - 1373*x1*x3**3/5000 + 3283*x1*x3**2*x4/50000 + 1001*x1*x3**2*x5/1250 - 487*x1*x3**2*x6/1000 - 6643*x1*x3**2/10000 - 6707*x1*x3*x4**2/10000 - 1039*x1*x3*x4*x5/5000 + 19*x1*x3*x4*x6/50 - 1343*x1*x3*x4/5000 - 621*x1*x3*x5**2/1250 + 671*x1*x3*x5*x6/500 - 1131*x1*x3*x5/1000 - 4199*x1*x3*x6**2/5000 - 557*x1*x3*x6/10000 + 244*x1*x3/125 + 537*x1*x4**3/2500 + 221*x1*x4**2*x5/10000 - 139*x1*x4**2*x6/625 - 4639*x1*x4**2/10000 + 941*x1*x4*x5**2/500000 - 557*x1*x4*x5*x6/5000 + 649*x1*x4*x5/500 + 3907*x1*x4*x6**2/10000 - 1601*x1*x4*x6/200000 - 3397*x1*x4/10000 - 287*x1*x5**3/2000 + 4573*x1*x5**2*x6/100000 - 1169*x1*x5**2/1000 + 9531*x1*x5*x6**2/100000 + 1043*x1*x5*x6/500 + 1579*x1*x5/5000 + 2819*x1*x6**3/100000 - 1861*x1*x6**2/1000 + 51*x1*x6/50 + 853*x1/2000 + 3177*x2**4/5000 + 1313*x2**3*x3/10000 - 137*x2**3*x4/500 - 2161*x2**3*x5/2500 - 1703*x2**3*x6/5000 - 1207*x2**3/1000 + 4587*x2**2*x3**2/10000 - 127*x2**2*x3*x4/1000 - 2209*x2**2*x3*x5/2500 + 1407*x2**2*x3*x6/5000 + 3837*x2**2*x3/5000 + 6389*x2**2*x4**2/10000 + 2243*x2**2*x4*x5/5000 - 323*x2**2*x4*x6/2000 - 2539*x2**2*x4/10000 + 1257*x2**2*x5**2/1000 - 5991*x2**2*x5*x6/10000 + 1517*x2**2*x5/1000 + 521*x2**2*x6**2/500 + 188*x2**2*x6/125 + 6567*x2**2/10000 + 1521*x2*x3**3/10000 - 669*x2*x3**2*x4/5000 - 829*x2*x3**2*x5/2500 + 2479*x2*x3**2*x6/25000 - 1243*x2*x3**2/1250 + 211*x2*x3*x4**2/2000 + 231*x2*x3*x4*x5/4000 - 333*x2*x3*x4*x6/2000 + 51*x2*x3*x4/50 + 227*x2*x3*x5**2/400 - 457*x2*x3*x5*x6/1250 + 1883*x2*x3*x5/1000 - 301*x2*x3*x6**2/5000 - 1943*x2*x3*x6/5000 - 3597*x2*x3/10000 - 271*x2*x4**3/1250 - 64*x2*x4**2*x5/125 - 193*x2*x4**2*x6/10000 - 1409*x2*x4**2/1000 - 184*x2*x4*x5**2/625 + 3289*x2*x4*x5*x6/10000 - 909*x2*x4*x5/500 - 673*x2*x4*x6**2/2500 + 2311*x2*x4*x6/5000 + 5317*x2*x4/10000 - 132*x2*x5**3/125 + 4703*x2*x5**2*x6/5000 + 1647*x2*x5**2/500 - 2603*x2*x5*x6**2/10000 - 1417*x2*x5*x6/500 + 89*x2*x5/200 - 1361*x2*x6**3/10000 + 601*x2*x6**2/500 + 81*x2*x6/3125 + 172*x2/125 + 403*x3**4/2000 - 4467*x3**3*x4/100000 - 397*x3**3*x5/2000 + 1503*x3**3*x6/25000 + 284*x3**3/625 + 61*x3**2*x4**2/250 + 1793*x3**2*x4*x5/5000000 - 137*x3**2*x4*x6/1250 + 54*x3**2*x4/125 + 2681*x3**2*x5**2/5000 - 2767*x3**2*x5*x6/5000 - 629*x3**2*x5/2500 + 3139*x3**2*x6**2/10000 + 921*x3**2*x6/2000 + 207*x3**2/125 - 1389*x3*x4**3/10000 - 1419*x3*x4**2*x5/5000 + 72*x3*x4**2*x6/625 + 2687*x3*x4**2/50000 - 547*x3*x4*x5**2/5000 + 2163*x3*x4*x5*x6/25000 - 961*x3*x4*x5/2000 - 101*x3*x4*x6**2/625 - 8*x3*x4*x6/25 - 204*x3*x4/125 - 1897*x3*x5**3/20000 + 6937*x3*x5**2*x6/10000 - 2639*x3*x5**2/1000 - 7261*x3*x5*x6**2/10000 - 1589*x3*x5*x6/2500 + 571*x3*x5/200 + 359*x3*x6**3/6250 + 1541*x3*x6**2/1000 - 1163*x3*x6/5000 - 1111*x3/2500 + 2027*x4**4/10000 + 2219*x4**3*x5/25000 - 5553*x4**3*x6/100000 + 139*x4**3/625 + 1407*x4**2*x5**2/2000 - 3913*x4**2*x5*x6/10000 - 921*x4**2*x5/5000 + 663*x4**2*x6**2/2000 - 983*x4**2*x6/2000 + 5509*x4**2/10000 - 1681*x4*x5**3/10000 - 1747*x4*x5**2*x6/10000 + 719*x4*x5**2/250 + 537*x4*x5*x6**2/2500 - 212*x4*x5*x6/125 - 397*x4*x5/250 - 6593*x4*x6**3/100000 - 2581*x4*x6**2/5000 - 1899*x4*x6/10000 - 7203*x4/10000 + 1331*x5**4/1000 - 291*x5**3*x6/200 - 351*x5**3/125 + 1549*x5**2*x6**2/1000 - 431*x5**2*x6/1000 + 73*x5**2/25 - 2787*x5*x6**3/5000 - 89*x5*x6**2/200 + 709*x5*x6/1000 + 7169*x5/10000 + 211*x6**4/625 - 2097*x6**3/5000 + 457*x6**2/625 - 663*x6/5000 + 224/125",
    "Q": "[[1.792356153275008, -0.06675320303799093, 0.3593192086873849, -0.3607808595847938, -0.22169704759450212, 0.6888765449199622, 0.2131295387414073, -0.283944862647343, 0.4241577666568186, -0.021697555139458053, -0.2063082957088103, 0.2602226749185463, 0.17714475617698844, -0.356770056109194, 0.060793033276457645, 0.34043949211117863, 0.8081161428405241, -0.19000430057176235, -0.292027687153956, -0.19309818886719562, 0.1466334010703676, 0.00702308438029238, -0.04710229148745793, 0.08535984568379297, 0.7825119621961695, -0.5683789056567271, -0.12503502861190885, -0.49198077536688595], [-0.06675320303799093, 1.2979007698110951, -0.06990142487069662, -0.07318905566393585, 0.08973749663473558, -0.24759218502986494, 0.33330711616512804, -0.20986321221321022, -0.15429290282114602, -0.20596264335599507, 0.5116612111293817, 0.416697408190061, -0.6841050368027346, -0.19260231813419315, -0.08870995500213252, -0.24945377257293927, -0.41180816760720595, 0.4850326885866271, -0.13041960345954273, -0.005624161539527976, 0.04258240331310891, 0.03206026703451324, 0.09505425521567433, 0.10911826974613278, -0.05357088335251793, 0.2387543083477655, -0.02874027569669561, -0.12357782183200369], [0.3593192086873849, -0.06990142487069662, 3.6338113303356803, -0.8534794761379748, 1.0861010529931678, -0.5844968144184731, 0.3481655198897915, -0.06872993330182607, -0.021812133186792464, -0.3645701029303955, 0.047744944465471874, -0.6903294811988074, 0.20503698467582654, -1.4041563932417118, 0.6629610960757537, -0.5810385855758258, 1.1099765618242359, -0.1331834906389343, -0.028876552687050732, -0.256365134200325, -0.017190326867779653, 0.4440222785931792, 0.23959228497148596, 0.1818621770206969, -0.46839129641235266, 0.29868718675670397, -0.9894175707231229, 0.20708204493398127], [-0.3607808595847938, -0.07318905566393585, -0.8534794761379748, 1.1346228247655066, -0.621830222217414, 0.11818636776863393, -0.17734283858736036, -0.051677611927567056, -0.3938466845316015, -0.1159092379335506, -0.006029705331358149, 0.18002089389800646, 0.032343544371220244, 0.7739725316594971, -0.06430361267399926, 0.0036373710718750427, -0.6515743927146893, 0.04595810365707481, 0.11184054569006278, 0.1071022260299412, -0.4309938749390066, -0.13959443909048527, 0.037480362907411524, 0.22057072971787153, -0.08474844544088878, -0.017618620652798, 0.15143523027979314, 0.18610148086999495], [-0.22169704759450212, 0.08973749663473558, 1.0861010529931678, -0.621830222217414, 1.748454981775388, -0.26550682010853044, 0.19321723723009304, 0.25922042729041495, -0.11419384643347986, -0.14706798825829143, 0.13587633709552763, -0.16181965678338112, -0.06026597958850858, -0.7391051108559578, 0.01041839996915743, -0.36563978011176623, 0.41662416671465063, 0.07132214045181304, -0.08146793081437825, 0.1782571049290752, 0.20751954498791708, 0.04601389833661882, 0.2272806246701217, -0.34882543406982375, -0.44723249972487256, 0.31012683675961134, -0.20099609433012147, -0.19830041466984855], [0.6888765449199622, -0.24759218502986494, -0.5844968144184731, 0.11818636776863393, -0.26550682010853044, 1.793506969106346, -0.3051963606837781, 0.18415644918002075, -0.3160800422342146, 0.0071783362518728815, -0.14262939007151185, 0.5141317177064422, 0.268556363925565, 0.5356643153240617, -0.24134843531004696, 0.34244919749844066, 0.45922024858546606, -0.3426950845545457, -0.2729018746845243, 0.08234377794164592, -0.1083174735464485, -0.06582410401878003, -0.14949242712631777, 0.07347357805887887, 0.728552596734204, -0.604154380128284, 0.061517753606537044, -0.49591841156495764], [0.2131295387414073, 0.33330711616512804, 0.3481655198897915, -0.17734283858736036, 0.19321723723009304, -0.3051963606837781, 1.1020276037186953, -0.24692341778002422, 0.3537035810270745, -0.06831222904318467, 0.08689341661288894, 0.16062784930164373, -0.35441402183706777, -0.45140813629546267, 0.1585140782964274, -0.16891577959989032, -0.007910740659773494, 0.3104253751949701, -0.09193637522989825, -0.09632118349613818, 0.21761105657821223, -0.08878155073566825, 0.11521866772073265, 0.04756085525282746, -0.20771002030207728, -0.024893343028136766, -0.3582664275152164, -0.09879843591963336], [-0.283944862647343, -0.20986321221321022, -0.06872993330182607, -0.051677611927567056, 0.25922042729041495, 0.18415644918002075, -0.24692341778002422, 0.33783412420890724, -0.2784067800636951, -0.03285386722142652, 0.028633068775609255, -0.06815254869406848, 0.014328744263663625, 0.15864524156632503, -0.08597290013822399, -0.0777113351755689, 0.041135562536944385, -0.06699516743094751, 0.01301703704901396, 0.08884947197478273, -0.049346833323680374, 0.04620477412420034, -0.05676770879294923, -0.10887466103081223, -0.07559095134354755, 0.0695593814515414, 0.025395567966151177, 0.024606516905199334], [0.4241577666568186, -0.15429290282114602, -0.021812133186792464, -0.3938466845316015, -0.11419384643347986, -0.3160800422342146, 0.3537035810270745, -0.2784067800636951, 1.2310866750190705, 0.19334284048843697, -0.28469642597354183, -0.1717685827908974, 0.11478751475602927, -0.7277746810378953, -0.1388902862942067, 0.3475964196109353, 0.18020496449344953, -0.042349464725562495, -0.04241198423804151, -0.1077915288732158, 0.31869220860134734, -0.07541392117137001, -0.006193697985449144, -0.11373771668814431, 0.2452330005325609, -0.09135026119492681, 0.059473174115257474, -0.14591819131997164], [-0.021697555139458053, -0.20596264335599507, -0.3645701029303955, -0.1159092379335506, -0.14706798825829143, 0.0071783362518728815, -0.06831222904318467, -0.03285386722142652, 0.19334284048843697, 0.3045148336249522, -0.16956193056961189, -0.08500439105777578, 0.14849251003933164, 0.05096180830566498, -0.15221235581649264, 0.16384985375040365, -0.021921860789449698, -0.0729919848367827, -0.02738625720522251, 0.045106195308002556, 0.1655497300727583, -0.11736656810121009, -0.05736778860106076, -0.06920676702191, 0.07336432638021301, -0.05158185297759836, 0.14618353381490073, -0.01262729035609376], [-0.2063082957088103, 0.5116612111293817, 0.047744944465471874, -0.006029705331358149, 0.13587633709552763, -0.14262939007151185, 0.08689341661288894, 0.028633068775609255, -0.28469642597354183, -0.16956193056961189, 0.4279145757590051, 0.07875856299559934, -0.3447324731222442, -0.0019279685084332631, -0.012795629507048087, -0.270789844709735, -0.2134233462929048, 0.21429642136053295, 0.012258909079088824, 0.002874332661520462, -0.04134518267983585, 0.07310951471716373, 0.0303227766952092, 0.061787061176345914, -0.1972558308465735, 0.14770814959662418, -0.05952066255418112, 0.0350439040794434], [0.2602226749185463, 0.416697408190061, -0.6903294811988074, 0.18002089389800646, -0.16181965678338112, 0.5141317177064422, 0.16062784930164373, -0.06815254869406848, -0.1717685827908974, -0.08500439105777578, 0.07875856299559934, 0.9043175731780115, -0.2734320069817029, 0.29006830993565885, -0.132761010738664, 0.14490024211273886, -0.20721799195582535, 0.08758275420194137, -0.17522642749218365, 0.02787321100195859, -0.028351420340881762, -0.0810475254157252, -0.012652252093201147, -0.0067674099385532155, 0.2569840773414289, -0.17051550639497687, 0.14551427378465426, -0.24948847311807482], [0.17714475617698844, -0.6841050368027346, 0.20503698467582654, 0.032343544371220244, -0.06026597958850858, 0.268556363925565, -0.35441402183706777, 0.014328744263663625, 0.11478751475602927, 0.14849251003933164, -0.3447324731222442, -0.2734320069817029, 0.7426895606267855, 0.06470299212773083, 0.09325696287765001, 0.21055064688003355, 0.3486656377528619, -0.41550686447006197, 0.00670818219371116, 0.04273279855586651, -0.0036308271633384496, -0.12778968519859854, -0.04650110550061298, -0.032998633215786506, 0.2018606323749663, -0.1476877463388547, 0.11817851024262548, -0.08675045190618236], [-0.356770056109194, -0.19260231813419315, -1.4041563932417118, 0.7739725316594971, -0.7391051108559578, 0.5356643153240617, -0.45140813629546267, 0.15864524156632503, -0.7277746810378953, 0.05096180830566498, -0.0019279685084332631, 0.29006830993565885, 0.06470299212773083, 1.3315450863634766, -0.08409206749775831, -0.047281889277793344, -0.5275142407509764, -0.07187637555832345, 0.07701784206594163, 0.12133566291986662, -0.3070446260788095, -0.10074260773776726, -0.13703865378684396, 0.1413445822956948, 0.07877766588145768, -0.14041929401963293, 0.32285684498624256, 0.11673197483121103], [0.060793033276457645, -0.08870995500213252, 0.6629610960757537, -0.06430361267399926, 0.01041839996915743, -0.24134843531004696, 0.1585140782964274, -0.08597290013822399, -0.1388902862942067, -0.15221235581649264, -0.012795629507048087, -0.132761010738664, 0.09325696287765001, -0.08409206749775831, 0.5493281215027452, -0.1758235706289591, 0.15965831721265958, 0.10192723309119989, 0.043956298828638454, -0.11881034208810025, -0.09656370240309844, 0.06414139079372663, 0.028619252300194648, 0.07275008566848615, -0.1051742528474522, 0.03899471595450577, -0.1982926458355075, 0.08636018719194526], [0.34043949211117863, -0.24945377257293927, -0.5810385855758258, 0.0036373710718750427, -0.36563978011176623, 0.34244919749844066, -0.16891577959989032, -0.0777113351755689, 0.3475964196109353, 0.16384985375040365, -0.270789844709735, 0.14490024211273886, 0.21055064688003355, -0.047281889277793344, -0.1758235706289591, 0.8116624313704041, 0.1428527956438478, -0.32707350168455906, -0.022392784425677728, -0.02819312698205961, 0.06339085791753904, -0.0597276678080604, -0.09954310105655019, -0.1657625218549262, 0.3512681811783793, -0.29850614269502046, 0.28668712748743275, -0.11286012585756271], [0.8081161428405241, -0.41180816760720595, 1.1099765618242359, -0.6515743927146893, 0.41662416671465063, 0.45922024858546606, -0.007910740659773494, 0.041135562536944385, 0.18020496449344953, -0.021921860789449698, -0.2134233462929048, -0.20721799195582535, 0.3486656377528619, -0.5275142407509764, 0.15965831721265958, 0.1428527956438478, 1.5377332122943588, -0.34251896899038464, -0.16009610224683557, -0.10737927613667013, 0.18466321465213842, 0.14600336750634488, -0.00024412197470859493, -0.14348604304860382, 0.4369704606867271, -0.43256093444547516, -0.09045753495221462, -0.3656067992728363], [-0.19000430057176235, 0.4850326885866271, -0.1331834906389343, 0.04595810365707481, 0.07132214045181304, -0.3426950845545457, 0.3104253751949701, -0.06699516743094751, -0.042349464725562495, -0.0729919848367827, 0.21429642136053295, 0.08758275420194137, -0.41550686447006197, -0.07187637555832345, 0.10192723309119989, -0.32707350168455906, -0.34251896899038464, 0.7443919248342057, -0.053457422446516994, 0.06160092327889324, 0.03636019560027186, -0.07014934165292618, 0.04933761059821946, 0.06440226362240613, -0.12963216396451013, 0.22824941017799288, -0.10757087429112366, -0.06056326221674988], [-0.292027687153956, -0.13041960345954273, -0.028876552687050732, 0.11184054569006278, -0.08146793081437825, -0.2729018746845243, -0.09193637522989825, 0.01301703704901396, -0.04241198423804151, -0.02738625720522251, 0.012258909079088824, -0.17522642749218365, 0.00670818219371116, 0.07701784206594163, 0.043956298828638454, -0.022392784425677728, -0.16009610224683557, -0.053457422446516994, 0.20250861695443279, -0.06934212843113548, -0.10809571181753055, 0.10694082485658024, 0.003479082249916358, 0.008832922964252862, -0.18724644222380613, 0.07722854437996599, -0.006237347922571281, 0.19442192480692436], [-0.19309818886719562, -0.005624161539527976, -0.256365134200325, 0.1071022260299412, 0.1782571049290752, 0.08234377794164592, -0.09632118349613818, 0.08884947197478273, -0.1077915288732158, 0.045106195308002556, 0.002874332661520462, 0.02787321100195859, 0.04273279855586651, 0.12133566291986662, -0.11881034208810025, -0.02819312698205961, -0.10737927613667013, 0.06160092327889324, -0.06934212843113548, 0.2367600521121249, 0.044136595226843614, -0.14736313962344635, -0.022549809827480404, -0.09582194127016946, 0.04620908527087249, 0.0908463815394966, 0.1095847554467234, -0.08821233286780099], [0.1466334010703676, 0.04258240331310891, -0.017190326867779653, -0.4309938749390066, 0.20751954498791708, -0.1083174735464485, 0.21761105657821223, -0.049346833323680374, 0.31869220860134734, 0.1655497300727583, -0.04134518267983585, -0.028351420340881762, -0.0036308271633384496, -0.3070446260788095, -0.09656370240309844, 0.06339085791753904, 0.18466321465213842, 0.03636019560027186, -0.10809571181753055, 0.044136595226843614, 0.48421517926653995, -0.20622383886110177, 0.02877186209640549, -0.15478493667003854, 0.051367181223486276, -0.13735907869965763, 0.1382675050782476, -0.0930475706183541], [0.00702308438029238, 0.03206026703451324, 0.4440222785931792, -0.13959443909048527, 0.04601389833661882, -0.06582410401878003, -0.08878155073566825, 0.04620477412420034, -0.07541392117137001, -0.11736656810121009, 0.07310951471716373, -0.0810475254157252, -0.12778968519859854, -0.10074260773776726, 0.06414139079372663, -0.0597276678080604, 0.14600336750634488, -0.07014934165292618, 0.10694082485658024, -0.14736313962344635, -0.20622383886110177, 0.3623930914268226, -0.012993425387350595, 0.05992809549894917, -0.1261118408478897, 0.07237258836633051, -0.18268846361843852, 0.12980274620107593], [-0.04710229148745793, 0.09505425521567433, 0.23959228497148596, 0.037480362907411524, 0.2272806246701217, -0.14949242712631777, 0.11521866772073265, -0.05676770879294923, -0.006193697985449144, -0.05736778860106076, 0.0303227766952092, -0.012652252093201147, -0.04650110550061298, -0.13703865378684396, 0.028619252300194648, -0.09954310105655019, -0.00024412197470859493, 0.04933761059821946, 0.003479082249916358, -0.022549809827480404, 0.02877186209640549, -0.012993425387350595, 0.20142701230635396, 0.07590806455869543, -0.13810756397654242, 0.030136983760593133, -0.06518703557964091, 0.04326193310494674], [0.08535984568379297, 0.10911826974613278, 0.1818621770206969, 0.22057072971787153, -0.34882543406982375, 0.07347357805887887, 0.04756085525282746, -0.10887466103081223, -0.11373771668814431, -0.06920676702191, 0.061787061176345914, -0.0067674099385532155, -0.032998633215786506, 0.1413445822956948, 0.07275008566848615, -0.1657625218549262, -0.14348604304860382, 0.06440226362240613, 0.008832922964252862, -0.09582194127016946, -0.15478493667003854, 0.05992809549894917, 0.07590806455869543, 0.39913199896130747, -0.11527999463115104, 0.06553744740247931, -0.2802191830469726, 0.14143849824470428], [0.7825119621961695, -0.05357088335251793, -0.46839129641235266, -0.08474844544088878, -0.44723249972487256, 0.728552596734204, -0.20771002030207728, -0.07559095134354755, 0.2452330005325609, 0.07336432638021301, -0.1972558308465735, 0.2569840773414289, 0.2018606323749663, 0.07877766588145768, -0.1051742528474522, 0.3512681811783793, 0.4369704606867271, -0.12963216396451013, -0.18724644222380613, 0.04620908527087249, 0.051367181223486276, -0.1261118408478897, -0.13810756397654242, -0.11527999463115104, 1.2200134083584968, -0.3720675648051288, 0.3107232150342834, -0.6273330093425048], [-0.5683789056567271, 0.2387543083477655, 0.29868718675670397, -0.017618620652798, 0.31012683675961134, -0.604154380128284, -0.024893343028136766, 0.0695593814515414, -0.09135026119492681, -0.05158185297759836, 0.14770814959662418, -0.17051550639497687, -0.1476877463388547, -0.14041929401963293, 0.03899471595450577, -0.29850614269502046, -0.43256093444547516, 0.22824941017799288, 0.07722854437996599, 0.0908463815394966, -0.13735907869965763, 0.07237258836633051, 0.030136983760593133, 0.06553744740247931, -0.3720675648051288, 0.6355893753441882, -0.30850439777182703, 0.2142986848037583], [-0.12503502861190885, -0.02874027569669561, -0.9894175707231229, 0.15143523027979314, -0.20099609433012147, 0.061517753606537044, -0.3582664275152164, 0.025395567966151177, 0.059473174115257474, 0.14618353381490073, -0.05952066255418112, 0.14551427378465426, 0.11817851024262548, 0.32285684498624256, -0.1982926458355075, 0.28668712748743275, -0.09045753495221462, -0.10757087429112366, -0.006237347922571281, 0.1095847554467234, 0.1382675050782476, -0.18268846361843852, -0.06518703557964091, -0.2802191830469726, 0.3107232150342834, -0.30850439777182703, 0.9797019390797286, -0.32340058731902427], [-0.49198077536688595, -0.12357782183200369, 0.20708204493398127, 0.18610148086999495, -0.19830041466984855, -0.49591841156495764, -0.09879843591963336, 0.024606516905199334, -0.14591819131997164, -0.01262729035609376, 0.0350439040794434, -0.24948847311807482, -0.08675045190618236, 0.11673197483121103, 0.08636018719194526, -0.11286012585756271, -0.3656067992728363, -0.06056326221674988, 0.19442192480692436, -0.08821233286780099, -0.0930475706183541, 0.12980274620107593, 0.04326193310494674, 0.14143849824470428, -0.6273330093425048, 0.2142986848037583, -0.32340058731902427, 0.7494428238994747]]",
    "monomial_list": "[1, x6, x5, x4, x3, x2, x1, x6**2, x5*x6, x4*x6, x3*x6, x2*x6, x1*x6, x5**2, x4*x5, x3*x5, x2*x5, x1*x5, x4**2, x3*x4, x2*x4, x1*x4, x3**2, x2*x3, x1*x3, x2**2, x1*x2, x1**2]"
}