{
    "name": "Total Decomposition",
    "rational_expression": "1499*x1**4/2000 - 6463*x1**3*x2/10000 - 251*x1**3*x3/200 + 259*x1**3*x4/1000 - 609*x1**3*x5/5000 - 173*x1**3*x6/1000 - 247*x1**3/1250 + 703*x1**2*x2**2/500 + 113*x1**2*x2*x3/125 - 1377*x1**2*x2*x4/2500 - 9453*x1**2*x2*x5/10000 - 327*x1**2*x2*x6/1250 - 427*x1**2*x2/250 + 1307*x1**2*x3**2/1000 - 857*x1**2*x3*x4/2000 - 4841*x1**2*x3*x5/10000 + 237*x1**2*x3*x6/500 - 4063*x1**2*x3/5000 + 1879*x1**2*x4**2/2500 + 3193*x1**2*x4*x5/100000 - 2807*x1**2*x4*x6/10000 + 973*x1**2*x4/5000 + 9787*x1**2*x5**2/10000 - 561*x1**2*x5*x6/500 + 259*x1**2*x5/250 + 7911*x1**2*x6**2/10000 - 9569*x1**2*x6/10000 + 3*x1**2/25 - 247*x1*x2**3/400 - 653*x1*x2**2*x3/500 + 2101*x1*x2**2*x4/5000 + 1379*x1*x2**2*x5/5000 - 6289*x1*x2**2*x6/1000000 + 7399*x1*x2**2/100000 - 3601*x1*x2*x3**2/10000 + 4417*x1*x2*x3*x4/10000 + 197*x1*x2*x3*x5/125 + 3287*x1*x2*x3*x6/10000 + 577*x1*x2*x3/500 - 2127*x1*x2*x4**2/5000 - 1517*x1*x2*x4*x5/50000 + 619*x1*x2*x4*x6/5000 + 6061*x1*x2*x4/10000 - 257*x1*x2*x5**2/6250 + 2479*x1*x2*x5*x6/2500 - 1339*x1*x2*x5/500 - 2471*x1*x2*x6**2/5000 + 7997*x1*x2*x6/10000 - 8607*x1*x2/10000 - 1373*x1*x3**3/5000 + 3283*x1*x3**2*x4/50000 + 1001*x1*x3**2*x5/1250 - 487*x1*x3**2*x6/1000 - 6643*x1*x3**2/10000 - 6707*x1*x3*x4**2/10000 - 1039*x1*x3*x4*x5/5000 + 19*x1*x3*x4*x6/50 - 1343*x1*x3*x4/5000 - 621*x1*x3*x5**2/1250 + 671*x1*x3*x5*x6/500 - 1131*x1*x3*x5/1000 - 4199*x1*x3*x6**2/5000 - 557*x1*x3*x6/10000 + 244*x1*x3/125 + 537*x1*x4**3/2500 + 221*x1*x4**2*x5/10000 - 139*x1*x4**2*x6/625 - 4639*x1*x4**2/10000 + 941*x1*x4*x5**2/500000 - 557*x1*x4*x5*x6/5000 + 649*x1*x4*x5/500 + 3907*x1*x4*x6**2/10000 - 1601*x1*x4*x6/200000 - 3397*x1*x4/10000 - 287*x1*x5**3/2000 + 4573*x1*x5**2*x6/100000 - 1169*x1*x5**2/1000 + 9531*x1*x5*x6**2/100000 + 1043*x1*x5*x6/500 + 1579*x1*x5/5000 + 2819*x1*x6**3/100000 - 1861*x1*x6**2/1000 + 51*x1*x6/50 + 853*x1/2000 + 3177*x2**4/5000 + 1313*x2**3*x3/10000 - 137*x2**3*x4/500 - 2161*x2**3*x5/2500 - 1703*x2**3*x6/5000 - 1207*x2**3/1000 + 4587*x2**2*x3**2/10000 - 127*x2**2*x3*x4/1000 - 2209*x2**2*x3*x5/2500 + 1407*x2**2*x3*x6/5000 + 3837*x2**2*x3/5000 + 6389*x2**2*x4**2/10000 + 2243*x2**2*x4*x5/5000 - 323*x2**2*x4*x6/2000 - 2539*x2**2*x4/10000 + 1257*x2**2*x5**2/1000 - 5991*x2**2*x5*x6/10000 + 1517*x2**2*x5/1000 + 521*x2**2*x6**2/500 + 188*x2**2*x6/125 + 6567*x2**2/10000 + 1521*x2*x3**3/10000 - 669*x2*x3**2*x4/5000 - 829*x2*x3**2*x5/2500 + 2479*x2*x3**2*x6/25000 - 1243*x2*x3**2/1250 + 211*x2*x3*x4**2/2000 + 231*x2*x3*x4*x5/4000 - 333*x2*x3*x4*x6/2000 + 51*x2*x3*x4/50 + 227*x2*x3*x5**2/400 - 457*x2*x3*x5*x6/1250 + 1883*x2*x3*x5/1000 - 301*x2*x3*x6**2/5000 - 1943*x2*x3*x6/5000 - 3597*x2*x3/10000 - 271*x2*x4**3/1250 - 64*x2*x4**2*x5/125 - 193*x2*x4**2*x6/10000 - 1409*x2*x4**2/1000 - 184*x2*x4*x5**2/625 + 3289*x2*x4*x5*x6/10000 - 909*x2*x4*x5/500 - 673*x2*x4*x6**2/2500 + 2311*x2*x4*x6/5000 + 5317*x2*x4/10000 - 132*x2*x5**3/125 + 4703*x2*x5**2*x6/5000 + 1647*x2*x5**2/500 - 2603*x2*x5*x6**2/10000 - 1417*x2*x5*x6/500 + 89*x2*x5/200 - 1361*x2*x6**3/10000 + 601*x2*x6**2/500 + 81*x2*x6/3125 + 172*x2/125 + 403*x3**4/2000 - 4467*x3**3*x4/100000 - 397*x3**3*x5/2000 + 1503*x3**3*x6/25000 + 284*x3**3/625 + 61*x3**2*x4**2/250 + 1793*x3**2*x4*x5/5000000 - 137*x3**2*x4*x6/1250 + 54*x3**2*x4/125 + 2681*x3**2*x5**2/5000 - 2767*x3**2*x5*x6/5000 - 629*x3**2*x5/2500 + 3139*x3**2*x6**2/10000 + 921*x3**2*x6/2000 + 207*x3**2/125 - 1389*x3*x4**3/10000 - 1419*x3*x4**2*x5/5000 + 72*x3*x4**2*x6/625 + 2687*x3*x4**2/50000 - 547*x3*x4*x5**2/5000 + 2163*x3*x4*x5*x6/25000 - 961*x3*x4*x5/2000 - 101*x3*x4*x6**2/625 - 8*x3*x4*x6/25 - 204*x3*x4/125 - 1897*x3*x5**3/20000 + 6937*x3*x5**2*x6/10000 - 2639*x3*x5**2/1000 - 7261*x3*x5*x6**2/10000 - 1589*x3*x5*x6/2500 + 571*x3*x5/200 + 359*x3*x6**3/6250 + 1541*x3*x6**2/1000 - 1163*x3*x6/5000 - 1111*x3/2500 + 2027*x4**4/10000 + 2219*x4**3*x5/25000 - 5553*x4**3*x6/100000 + 139*x4**3/625 + 1407*x4**2*x5**2/2000 - 3913*x4**2*x5*x6/10000 - 921*x4**2*x5/5000 + 663*x4**2*x6**2/2000 - 983*x4**2*x6/2000 + 5509*x4**2/10000 - 1681*x4*x5**3/10000 - 1747*x4*x5**2*x6/10000 + 719*x4*x5**2/250 + 537*x4*x5*x6**2/2500 - 212*x4*x5*x6/125 - 397*x4*x5/250 - 6593*x4*x6**3/100000 - 2581*x4*x6**2/5000 - 1899*x4*x6/10000 - 7203*x4/10000 + 1331*x5**4/1000 - 291*x5**3*x6/200 - 351*x5**3/125 + 1549*x5**2*x6**2/1000 - 431*x5**2*x6/1000 + 73*x5**2/25 - 2787*x5*x6**3/5000 - 89*x5*x6**2/200 + 709*x5*x6/1000 + 7169*x5/10000 + 211*x6**4/625 - 2097*x6**3/5000 + 457*x6**2/625 - 663*x6/5000 + 224/125",
    "Q": "[[1.7923561423595962, -0.06675320359898758, 0.3593192075415288, -0.3607808583309898, -0.22169704845490468, 0.6888765476734096, 0.21312953767312948, -0.2839448602882989, 0.42415776264499466, -0.02169755562449551, -0.20630829547569388, 0.260222676303608, 0.17714475560685897, -0.3567700516562945, 0.060793033945812654, 0.3404394903884723, 0.8081161412745814, -0.19000429950622746, -0.2920276862457226, -0.193098189137496, 0.1466334006505113, 0.007023084148272526, -0.04710229011535414, 0.08535984737683, 0.7825119604896993, -0.5683789040263849, -0.12503503091154203, -0.4919807731739877], [-0.06675320359898758, 1.2979007645416825, -0.06990143027929724, -0.0731890533154989, 0.08973749833901576, -0.24759217971920552, 0.33330711382253836, -0.20986320971748768, -0.15429290345847227, -0.2059626432061194, 0.5116612085083484, 0.41669741079857214, -0.6841050349875587, -0.19260231520136992, -0.08870995702676239, -0.24945377207239164, -0.41180816905954987, 0.485032687000877, -0.13041960353433427, -0.005624159556364135, 0.0425824023425658, 0.03206026617311084, 0.09505425499220807, 0.10911826908543718, -0.053570882495348464, 0.23875430826990768, -0.028740275360115752, -0.12357782200964992], [0.3593192075415288, -0.06990143027929724, 3.6338113291847036, -0.8534794705788384, 1.0861010510939306, -0.5844968130692646, 0.3481655222079888, -0.06872993240354751, -0.021812136120612665, -0.36457010420040803, 0.047744943693527206, -0.6903294847178837, 0.2050369845981558, -1.4041563853326622, 0.6629610992993805, -0.5810385904912719, 1.1099765610539376, -0.13318348815296246, -0.028876551868393555, -0.2563651334160694, -0.01719032970433795, 0.44402227923424714, 0.23959228506553928, 0.18186217894822101, -0.4683912995550567, 0.298687187342988, -0.9894175755521678, 0.20708204883537998], [-0.3607808583309898, -0.0731890533154989, -0.8534794705788384, 1.1346228176029816, -0.6218302221104974, 0.11818636506812101, -0.17734283860598998, -0.051677612812516475, -0.3938466837837414, -0.11590923668317478, -0.006029705161508682, 0.18002089289204512, 0.03234354426061036, 0.7739725284649502, -0.0643036108219738, 0.0036373708058721724, -0.6515743911725224, 0.045958102831891744, 0.11184054580892186, 0.10710222460770086, -0.4309938733907598, -0.13959443668215066, 0.037480362504920026, 0.22057072981123607, -0.08474844624426041, -0.017618619567689755, 0.1514352296026023, 0.18610148189539033], [-0.22169704845490468, 0.08973749833901576, 1.0861010510939306, -0.6218302221104974, 1.7484549768606443, -0.26550681829136813, 0.19321723661863774, 0.25922042708081316, -0.1141938460034673, -0.14706798844642277, 0.1358763387911565, -0.1618196570651431, -0.060265980013739576, -0.7391051101633379, 0.01041839966385422, -0.36563977878342685, 0.416624167070007, 0.07132214174713186, -0.0814679310165994, 0.17825710580913684, 0.2075195450657785, 0.04601389823038547, 0.22728062304935295, -0.34882543354099793, -0.44723249796676545, 0.3101268363509717, -0.2009960930430952, -0.19830041529891154], [0.6888765476734096, -0.24759217971920552, -0.5844968130692646, 0.11818636506812101, -0.26550681829136813, 1.7935069684115366, -0.30519636308233966, 0.18415644954872215, -0.31608004570731846, 0.007178334667194282, -0.14262938841804246, 0.5141317220899103, 0.2685563619570881, 0.5356643151766491, -0.24134843639038897, 0.3424491976441411, 0.4592202501083792, -0.34269508525665265, -0.2729018752571768, 0.08234377721579383, -0.10831747346779419, -0.06582410303025417, -0.14949242596127843, 0.07347357918159254, 0.7285525977407514, -0.6041543776735945, 0.06151775150302269, -0.49591841158832206], [0.21312953767312948, 0.33330711382253836, 0.3481655222079888, -0.17734283860598998, 0.19321723661863774, -0.30519636308233966, 1.1020275971450535, -0.24692341715736327, 0.35370357967134264, -0.06831222883869921, 0.08689341622999597, 0.16062784703411892, -0.35441401923461363, -0.4514081356191816, 0.15851407961095693, -0.16891578023382997, -0.007910741365537727, 0.3104253760346708, -0.09193637460169157, -0.09632118325837578, 0.21761105685144197, -0.08878155071328045, 0.11521866746550825, 0.04756085547433945, -0.20771002228774244, -0.024893342098343173, -0.3582664258663347, -0.09879843335950357], [-0.2839448602882989, -0.20986320971748768, -0.06872993240354751, -0.051677612812516475, 0.25922042708081316, 0.18415644954872215, -0.24692341715736327, 0.33783412258252393, -0.27840677853178747, -0.03285386699091924, 0.02863306911550227, -0.06815254828492286, 0.014328743922165314, 0.15864523993672774, -0.08597290110869316, -0.07771133453271327, 0.04113556388674992, -0.0669951676864808, 0.013017036622231002, 0.08884947164275807, -0.04934683277884486, 0.046204774121194545, -0.05676770867014569, -0.10887466093155711, -0.07559095067829558, 0.0695593804393299, 0.025395568221350407, 0.024606516106888035], [0.42415776264499466, -0.15429290345847227, -0.021812136120612665, -0.3938466837837414, -0.1141938460034673, -0.31608004570731846, 0.35370357967134264, -0.27840677853178747, 1.2310866708253998, 0.1933428407143802, -0.2846964251670193, -0.171768583457993, 0.11478751492668371, -0.7277746779014329, -0.13889028464275183, 0.3475964183468323, 0.18020496148364196, -0.042349463103746404, -0.04241198335006921, -0.10779152880774683, 0.3186922089806133, -0.07541392253345423, -0.00619369797633665, -0.11373771735663475, 0.24523299958883102, -0.09135025999825808, 0.059473175022283005, -0.14591819088228397], [-0.02169755562449551, -0.2059626432061194, -0.36457010420040803, -0.11590923668317478, -0.14706798844642277, 0.007178334667194282, -0.06831222883869921, -0.03285386699091924, 0.1933428407143802, 0.3045148330088776, -0.1695619297561212, -0.085004391299801, 0.14849250903363143, 0.05096180791315123, -0.1522123557172981, 0.1638498536752913, -0.021921861027363723, -0.07299198383026943, -0.027386256838026007, 0.04510619506470793, 0.16554972953269254, -0.11736656801994641, -0.05736778881763027, -0.06920676747118344, 0.07336432656924091, -0.051581853043921225, 0.14618353455644445, -0.012627290772466592], [-0.20630829547569388, 0.5116612085083484, 0.047744943693527206, -0.006029705161508682, 0.1358763387911565, -0.14262938841804246, 0.08689341622999597, 0.02863306911550227, -0.2846964251670193, -0.1695619297561212, 0.42791457353973616, 0.07875856330426148, -0.34473247181263406, -0.001927968483763633, -0.012795630372444553, -0.27078984351257845, -0.2134233450486544, 0.2142964204611534, 0.01225890898256045, 0.0028743333646836003, -0.04134518246032854, 0.07310951429567675, 0.03032277661974051, 0.06178706003739512, -0.19725583006244252, 0.14770814883013755, -0.05952066179635076, 0.03504390342978023], [0.260222676303608, 0.41669741079857214, -0.6903294847178837, 0.18002089289204512, -0.1618196570651431, 0.5141317220899103, 0.16062784703411892, -0.06815254828492286, -0.171768583457993, -0.085004391299801, 0.07875856330426148, 0.9043175724656632, -0.27343200642635757, 0.2900683103550475, -0.13276101247631372, 0.14490024392717027, -0.207217992124106, 0.08758275210118091, -0.17522642792049212, 0.02787321145870281, -0.028351419315489092, -0.08104752606929232, -0.012652251850813735, -0.006767408870483931, 0.25698407736073475, -0.17051550689906697, 0.14551427362945119, -0.24948847262892415], [0.17714475560685897, -0.6841050349875587, 0.2050369845981558, 0.03234354426061036, -0.060265980013739576, 0.2685563619570881, -0.35441401923461363, 0.014328743922165314, 0.11478751492668371, 0.14849250903363143, -0.34473247181263406, -0.27343200642635757, 0.7426895577602962, 0.06470299157707805, 0.0932569639007515, 0.21055064701481022, 0.3486656361306548, -0.4155068634012827, 0.006708182990643975, 0.04273279730981576, -0.003630828311902019, -0.12778968344442035, -0.046501105493945705, -0.03299863325099494, 0.20186063144364846, -0.14768774568268106, 0.11817850861559895, -0.08675045118318901], [-0.3567700516562945, -0.19260231520136992, -1.4041563853326622, 0.7739725284649502, -0.7391051101633379, 0.5356643151766491, -0.4514081356191816, 0.15864523993672774, -0.7277746779014329, 0.05096180791315123, -0.001927968483763633, 0.2900683103550475, 0.06470299157707805, 1.331545078933608, -0.08409206843846923, -0.04728188689762022, -0.5275142372285243, -0.07187637721495176, 0.0770178412566635, 0.1213356617219323, -0.30704462548543143, -0.10074260640171147, -0.1370386534482725, 0.1413445825199899, 0.07877766667901422, -0.14041929471864484, 0.3228568444291849, 0.11673197398291146], [0.060793033945812654, -0.08870995702676239, 0.6629610992993805, -0.0643036108219738, 0.01041839966385422, -0.24134843639038897, 0.15851407961095693, -0.08597290110869316, -0.13889028464275183, -0.1522123557172981, -0.012795630372444553, -0.13276101247631372, 0.0932569639007515, -0.08409206843846923, 0.5493281215172007, -0.17582356992185402, 0.15965831684777024, 0.1019272313177254, 0.04395629889934427, -0.11881034188918545, -0.0965637028647031, 0.06414139056997352, 0.028619252534327788, 0.07275008581987576, -0.10517425370446917, 0.03899471608413062, -0.19829264664709212, 0.08636018809175208], [0.3404394903884723, -0.24945377207239164, -0.5810385904912719, 0.0036373708058721724, -0.36563977878342685, 0.3424491976441411, -0.16891578023382997, -0.07771133453271327, 0.3475964183468323, 0.1638498536752913, -0.27078984351257845, 0.14490024392717027, 0.21055064701481022, -0.04728188689762022, -0.17582356992185402, 0.8116624290044487, 0.14285279422467625, -0.3270735014622742, -0.022392784177917485, -0.028193127572449062, 0.06339085796458478, -0.05972766823899785, -0.09954310025951689, -0.16576252134919664, 0.3512681813396352, -0.2985061424891307, 0.2866871286889408, -0.11286012702127003], [0.8081161412745814, -0.41180816905954987, 1.1099765610539376, -0.6515743911725224, 0.416624167070007, 0.4592202501083792, -0.007910741365537727, 0.04113556388674992, 0.18020496148364196, -0.021921861027363723, -0.2134233450486544, -0.207217992124106, 0.3486656361306548, -0.5275142372285243, 0.15965831684777024, 0.14285279422467625, 1.5377332074079124, -0.342518967019806, -0.16009610179229786, -0.10737927642904402, 0.1846632142344626, 0.14600336739111724, -0.00024412096535599264, -0.14348604152177422, 0.43697045886352753, -0.4325609337562016, -0.09045753640125759, -0.3656067979948364], [-0.19000429950622746, 0.485032687000877, -0.13318348815296246, 0.045958102831891744, 0.07132214174713186, -0.34269508525665265, 0.3104253760346708, -0.0669951676864808, -0.042349463103746404, -0.07299198383026943, 0.2142964204611534, 0.08758275210118091, -0.4155068634012827, -0.07187637721495176, 0.1019272313177254, -0.3270735014622742, -0.342518967019806, 0.7443919217716074, -0.053457422493107844, 0.06160092399116729, 0.03636019670087903, -0.07014934230603963, 0.049337610443656324, 0.06440226271259929, -0.12963216292003057, 0.22824940989513592, -0.10757087429108907, -0.060563262529855395], [-0.2920276862457226, -0.13041960353433427, -0.028876551868393555, 0.11184054580892186, -0.0814679310165994, -0.2729018752571768, -0.09193637460169157, 0.013017036622231002, -0.04241198335006921, -0.027386256838026007, 0.01225890898256045, -0.17522642792049212, 0.006708182990643975, 0.0770178412566635, 0.04395629889934427, -0.022392784177917485, -0.16009610179229786, -0.053457422493107844, 0.20250861641659165, -0.06934212814300658, -0.10809571151613544, 0.10694082439581408, 0.0034790819501717756, 0.00883292261254552, -0.18724644160980797, 0.0772285440325443, -0.006237346903924317, 0.19442192390863297], [-0.193098189137496, -0.005624159556364135, -0.2563651334160694, 0.10710222460770086, 0.17825710580913684, 0.08234377721579383, -0.09632118325837578, 0.08884947164275807, -0.10779152880774683, 0.04510619506470793, 0.0028743333646836003, 0.02787321145870281, 0.04273279730981576, 0.1213356617219323, -0.11881034188918545, -0.028193127572449062, -0.10737927642904402, 0.06160092399116729, -0.06934212814300658, 0.23676005146159307, 0.04413659494172621, -0.14736313859483335, -0.022549809566997987, -0.09582194090496722, 0.046209084351229, 0.09084638220653625, 0.1095847550031841, -0.08821233283812777], [0.1466334006505113, 0.0425824023425658, -0.01719032970433795, -0.4309938733907598, 0.2075195450657785, -0.10831747346779419, 0.21761105685144197, -0.04934683277884486, 0.3186922089806133, 0.16554972953269254, -0.04134518246032854, -0.028351419315489092, -0.003630828311902019, -0.30704462548543143, -0.0965637028647031, 0.06339085796458478, 0.1846632142344626, 0.03636019670087903, -0.10809571151613544, 0.04413659494172621, 0.48421517866497743, -0.20622383889668575, 0.02877186212647478, -0.15478493670784588, 0.05136718093233184, -0.13735907898255995, 0.13826750488712064, -0.09304757067308657], [0.007023084148272526, 0.03206026617311084, 0.44402227923424714, -0.13959443668215066, 0.04601389823038547, -0.06582410303025417, -0.08878155071328045, 0.046204774121194545, -0.07541392253345423, -0.11736656801994641, 0.07310951429567675, -0.08104752606929232, -0.12778968344442035, -0.10074260640171147, 0.06414139056997352, -0.05972766823899785, 0.14600336739111724, -0.07014934230603963, 0.10694082439581408, -0.14736313859483335, -0.20622383889668575, 0.36239308989635977, -0.01299342497956055, 0.05992809577610302, -0.1261118403960991, 0.07237258797323365, -0.18268846284037193, 0.12980274572619727], [-0.04710229011535414, 0.09505425499220807, 0.23959228506553928, 0.037480362504920026, 0.22728062304935295, -0.14949242596127843, 0.11521866746550825, -0.05676770867014569, -0.00619369797633665, -0.05736778881763027, 0.03032277661974051, -0.012652251850813735, -0.046501105493945705, -0.1370386534482725, 0.028619252534327788, -0.09954310025951689, -0.00024412096535599264, 0.049337610443656324, 0.0034790819501717756, -0.022549809566997987, 0.02877186212647478, -0.01299342497956055, 0.2014270112992001, 0.07590806417924982, -0.1381075629512542, 0.030136983067065477, -0.06518703539957137, 0.0432619331599811], [0.08535984737683, 0.10911826908543718, 0.18186217894822101, 0.22057072981123607, -0.34882543354099793, 0.07347357918159254, 0.04756085547433945, -0.10887466093155711, -0.11373771735663475, -0.06920676747118344, 0.06178706003739512, -0.006767408870483931, -0.03299863325099494, 0.1413445825199899, 0.07275008581987576, -0.16576252134919664, -0.14348604152177422, 0.06440226271259929, 0.00883292261254552, -0.09582194090496722, -0.15478493670784588, 0.05992809577610302, 0.07590806417924982, 0.39913199744985656, -0.11527999315418712, 0.065537446512965, -0.28021918344103536, 0.141438498489336], [0.7825119604896993, -0.053570882495348464, -0.4683912995550567, -0.08474844624426041, -0.44723249796676545, 0.7285525977407514, -0.20771002228774244, -0.07559095067829558, 0.24523299958883102, 0.07336432656924091, -0.19725583006244252, 0.25698407736073475, 0.20186063144364846, 0.07877766667901422, -0.10517425370446917, 0.3512681813396352, 0.43697045886352753, -0.12963216292003057, -0.18724644160980797, 0.046209084351229, 0.05136718093233184, -0.1261118403960991, -0.1381075629512542, -0.11527999315418712, 1.2200134061871677, -0.3720675634274993, 0.3107232127666405, -0.6273330083601549], [-0.5683789040263849, 0.23875430826990768, 0.298687187342988, -0.017618619567689755, 0.3101268363509717, -0.6041543776735945, -0.024893342098343173, 0.0695593804393299, -0.09135025999825808, -0.051581853043921225, 0.14770814883013755, -0.17051550689906697, -0.14768774568268106, -0.14041929471864484, 0.03899471608413062, -0.2985061424891307, -0.4325609337562016, 0.22824940989513592, 0.0772285440325443, 0.09084638220653625, -0.13735907898255995, 0.07237258797323365, 0.030136983067065477, 0.065537446512965, -0.3720675634274993, 0.6355893732659302, -0.3085043966696325, 0.2142986836188687], [-0.12503503091154203, -0.028740275360115752, -0.9894175755521678, 0.1514352296026023, -0.2009960930430952, 0.06151775150302269, -0.3582664258663347, 0.025395568221350407, 0.059473175022283005, 0.14618353455644445, -0.05952066179635076, 0.14551427362945119, 0.11817850861559895, 0.3228568444291849, -0.19829264664709212, 0.2866871286889408, -0.09045753640125759, -0.10757087429108907, -0.006237346903924317, 0.1095847550031841, 0.13826750488712064, -0.18268846284037193, -0.06518703539957137, -0.28021918344103536, 0.3107232127666405, -0.3085043966696325, 0.9797019379552651, -0.3234005862046996], [-0.4919807731739877, -0.12357782200964992, 0.20708204883537998, 0.18610148189539033, -0.19830041529891154, -0.49591841158832206, -0.09879843335950357, 0.024606516106888035, -0.14591819088228397, -0.012627290772466592, 0.03504390342978023, -0.24948847262892415, -0.08675045118318901, 0.11673197398291146, 0.08636018809175208, -0.11286012702127003, -0.3656067979948364, -0.060563262529855395, 0.19442192390863297, -0.08821233283812777, -0.09304757067308657, 0.12980274572619727, 0.0432619331599811, 0.141438498489336, -0.6273330083601549, 0.2142986836188687, -0.3234005862046996, 0.749442822146144]]",
    "monomial_list": "[1, x6, x5, x4, x3, x2, x1, x6**2, x5*x6, x4*x6, x3*x6, x2*x6, x1*x6, x5**2, x4*x5, x3*x5, x2*x5, x1*x5, x4**2, x3*x4, x2*x4, x1*x4, x3**2, x2*x3, x1*x3, x2**2, x1*x2, x1**2]"
}