{
    "name": "Total Decomposition",
    "rational_expression": "7499*x1**4/10000 - 3233*x1**3*x2/5000 - 627*x1**3*x3/500 + 1291*x1**3*x4/5000 - 1211*x1**3*x5/10000 - 867*x1**3*x6/5000 - 991*x1**3/5000 + 141*x1**2*x2**2/100 + 1129*x1**2*x2*x3/1250 - 221*x1**2*x2*x4/400 - 9463*x1**2*x2*x5/10000 - 659*x1**2*x2*x6/2500 - 1709*x1**2*x2/1000 + 261*x1**2*x3**2/200 - 4269*x1**2*x3*x4/10000 - 1213*x1**2*x3*x5/2500 + 2367*x1**2*x3*x6/5000 - 1623*x1**2*x3/2000 + 7517*x1**2*x4**2/10000 + 3161*x1**2*x4*x5/100000 - 2801*x1**2*x4*x6/10000 + 1961*x1**2*x4/10000 + 9799*x1**2*x5**2/10000 - 561*x1**2*x5*x6/500 + 1033*x1**2*x5/1000 + 1979*x1**2*x6**2/2500 - 957*x1**2*x6/1000 + 289*x1**2/2500 - 3091*x1*x2**3/5000 - 653*x1*x2**2*x3/500 + 169*x1*x2**2*x4/400 + 2741*x1*x2**2*x5/10000 - 4921*x1*x2**2*x6/1000000 + 3659*x1*x2**2/50000 - 3607*x1*x2*x3**2/10000 + 1107*x1*x2*x3*x4/2500 + 789*x1*x2*x3*x5/500 + 3297*x1*x2*x3*x6/10000 + 23*x1*x2*x3/20 - 4259*x1*x2*x4**2/10000 - 789*x1*x2*x4*x5/25000 + 309*x1*x2*x4*x6/2500 + 1211*x1*x2*x4/2000 - 3949*x1*x2*x5**2/100000 + 9909*x1*x2*x5*x6/10000 - 2683*x1*x2*x5/1000 - 4949*x1*x2*x6**2/10000 + 1003*x1*x2*x6/1250 - 538*x1*x2/625 - 2747*x1*x3**3/10000 + 1621*x1*x3**2*x4/25000 + 4009*x1*x3**2*x5/5000 - 487*x1*x3**2*x6/1000 - 6641*x1*x3**2/10000 - 6697*x1*x3*x4**2/10000 - 2077*x1*x3*x4*x5/10000 + 949*x1*x3*x4*x6/2500 - 1351*x1*x3*x4/5000 - 2491*x1*x3*x5**2/5000 + 1341*x1*x3*x5*x6/1000 - 1131*x1*x3*x5/1000 - 2101*x1*x3*x6**2/2500 - 2789*x1*x3*x6/50000 + 1953*x1*x3/1000 + 1071*x1*x4**3/5000 + 2109*x1*x4**2*x5/100000 - 1107*x1*x4**2*x6/5000 - 1157*x1*x4**2/2500 + 1089*x1*x4*x5**2/1000000 - 1103*x1*x4*x5*x6/10000 + 1301*x1*x4*x5/1000 + 1943*x1*x4*x6**2/5000 - 907*x1*x4*x6/125000 - 3401*x1*x4/10000 - 719*x1*x5**3/5000 + 57*x1*x5**2*x6/1250 - 117*x1*x5**2/100 + 959*x1*x5*x6**2/10000 + 2087*x1*x5*x6/1000 + 1573*x1*x5/5000 + 573*x1*x6**3/20000 - 931*x1*x6**2/500 + 1021*x1*x6/1000 + 853*x1/2000 + 1589*x2**4/2500 + 1313*x2**3*x3/10000 - 1379*x2**3*x4/5000 - 173*x2**3*x5/200 - 3419*x2**3*x6/10000 - 151*x2**3/125 + 4587*x2**2*x3**2/10000 - 159*x2**2*x3*x4/1250 - 8839*x2**2*x3*x5/10000 + 1407*x2**2*x3*x6/5000 + 959*x2**2*x3/1250 + 6389*x2**2*x4**2/10000 + 4463*x2**2*x4*x5/10000 - 1589*x2**2*x4*x6/10000 - 2491*x2**2*x4/10000 + 629*x2**2*x5**2/500 - 239*x2**2*x5*x6/400 + 759*x2**2*x5/500 + 1043*x2**2*x6**2/1000 + 753*x2**2*x6/500 + 6589*x2**2/10000 + 1521*x2*x3**3/10000 - 1343*x2*x3**2*x4/10000 - 3321*x2*x3**2*x5/10000 + 9841*x2*x3**2*x6/100000 - 4977*x2*x3**2/5000 + 66*x2*x3*x4**2/625 + 5901*x2*x3*x4*x5/100000 - 1669*x2*x3*x4*x6/10000 + 1019*x2*x3*x4/1000 + 567*x2*x3*x5**2/1000 - 3639*x2*x3*x5*x6/10000 + 377*x2*x3*x5/200 - 5947*x2*x3*x6**2/100000 - 3917*x2*x3*x6/10000 - 3599*x2*x3/10000 - 2163*x2*x4**3/10000 - 641*x2*x4**2*x5/1250 - 977*x2*x4**2*x6/50000 - 176*x2*x4**2/125 - 2931*x2*x4*x5**2/10000 + 3281*x2*x4*x5*x6/10000 - 228*x2*x4*x5/125 - 2691*x2*x4*x6**2/10000 + 183*x2*x4*x6/400 + 5289*x2*x4/10000 - 132*x2*x5**3/125 + 469*x2*x5**2*x6/500 + 3293*x2*x5**2/1000 - 1301*x2*x5*x6**2/5000 - 567*x2*x5*x6/200 + 4471*x2*x5/10000 - 1369*x2*x6**3/10000 + 601*x2*x6**2/500 + 2897*x2*x6/100000 + 69*x2/50 + 1009*x3**4/5000 - 4481*x3**3*x4/100000 - 1989*x3**3*x5/10000 + 603*x3**3*x6/10000 + 4541*x3**3/10000 + 2437*x3**2*x4**2/10000 + 7133*x3**2*x4*x5/10000000 - 547*x3**2*x4*x6/5000 + 541*x3**2*x4/1250 + 1347*x3**2*x5**2/2500 - 2769*x3**2*x5*x6/5000 - 127*x3**2*x5/500 + 1571*x3**2*x6**2/5000 + 2303*x3**2*x6/5000 + 207*x3**2/125 - 347*x3*x4**3/2500 - 113*x3*x4**2*x5/400 + 229*x3*x4**2*x6/2000 + 1327*x3*x4**2/25000 - 137*x3*x4*x5**2/1250 + 43*x3*x4*x5*x6/500 - 481*x3*x4*x5/1000 - 1607*x3*x4*x6**2/10000 - 3181*x3*x4*x6/10000 - 1631*x3*x4/1000 - 4637*x3*x5**3/50000 + 6923*x3*x5**2*x6/10000 - 529*x3*x5**2/200 - 1813*x3*x5*x6**2/2500 - 159*x3*x5*x6/250 + 2853*x3*x5/1000 + 1433*x3*x6**3/25000 + 771*x3*x6**2/500 - 93*x3*x6/400 - 1111*x3/2500 + 1013*x4**4/5000 + 2211*x4**3*x5/25000 - 5527*x4**3*x6/100000 + 1111*x4**3/5000 + 703*x4**2*x5**2/1000 - 3901*x4**2*x5*x6/10000 - 73*x4**2*x5/400 + 827*x4**2*x6**2/2500 - 1233*x4**2*x6/2500 + 5491*x4**2/10000 - 1689*x4*x5**3/10000 - 351*x4*x5**2*x6/2000 + 2873*x4*x5**2/1000 + 2153*x4*x5*x6**2/10000 - 339*x4*x5*x6/200 - 1579*x4*x5/1000 - 207*x4*x6**3/3125 - 5143*x4*x6**2/10000 - 3*x4*x6/16 - 7203*x4/10000 + 1331*x5**4/1000 - 1453*x5**3*x6/1000 - 561*x5**3/200 + 1547*x5**2*x6**2/1000 - 863*x5**2*x6/2000 + 2917*x5**2/1000 - 2783*x5*x6**3/5000 - 2223*x5*x6**2/5000 + 7027*x5*x6/10000 + 7169*x5/10000 + 3377*x6**4/10000 - 4197*x6**3/10000 + 3661*x6**2/5000 - 663*x6/5000 + 224/125",
    "Q": "[[1.791902826324876, -0.06621823231353147, 0.35841188799823953, -0.3599017993727474, -0.22198225275721697, 0.6896186927312659, 0.21306809730139414, -0.2836025090437991, 0.4230965175123588, -0.021820904981506663, -0.20607051736506246, 0.26080479663015455, 0.17673452741502804, -0.3557661549049392, 0.06067846002884481, 0.34018142328753875, 0.8074041473448469, -0.18959749293949266, -0.29218492352499936, -0.19284547043284644, 0.14652433266950554, 0.0068443764603641315, -0.047130401065640454, 0.08545519737652923, 0.782334806380423, -0.568306560914494, -0.1250362013478314, -0.4919853527667833], [-0.06621823231353147, 1.2983663281057611, -0.07099029318677488, -0.07253272082916001, 0.08930074032089264, -0.24667094155008898, 0.33326351419534306, -0.20959222747367645, -0.15444296933119256, -0.20576668966964276, 0.5116413640164172, 0.41713890792513514, -0.6843894077163322, -0.19247258552491348, -0.08941334333185898, -0.2491925870719373, -0.41216967422470946, 0.4853886484440733, -0.13056070308956477, -0.005343367981417308, 0.042650471340455125, 0.03164742238140484, 0.09495561137598259, 0.10891244683328481, -0.05296027121977603, 0.23862267915423668, -0.02853925746598075, -0.123929524668274], [0.35841188799823953, -0.07099029318677488, 3.6301970664588374, -0.8519242921326943, 1.0847762292303889, -0.5834827192372991, 0.34850900804828283, -0.06849910766926778, -0.022771626267558267, -0.3645697632754191, 0.0477699023264722, -0.6899302311062553, 0.2045477482508236, -1.4020760495827909, 0.663224647310419, -0.5816871785000248, 1.1092044373622112, -0.13273501405952665, -0.028869057244367658, -0.2560880037647163, -0.0176663898858804, 0.4436202985395576, 0.23937189955747562, 0.18228876250888607, -0.4685317264764061, 0.29860764579702526, -0.9898580629855636, 0.2075043266091617], [-0.3599017993727474, -0.07253272082916001, -0.8519242921326943, 1.1339416599461907, -0.6216605516291295, 0.1181221915958067, -0.1773494771829869, -0.05200191583561161, -0.39341628206058127, -0.11604702597644664, -0.006141834905929513, 0.18010629363663422, 0.03235926094420503, 0.7732243351331312, -0.0642744172604656, 0.0036818661611703004, -0.6510322400152428, 0.04603174696309174, 0.11164680939279811, 0.10700910285588905, -0.43095183410619925, -0.1393454258194091, 0.03748860403543436, 0.22067349259344363, -0.08427775596021056, -0.017546028953760347, 0.15121352929579648, 0.18585869706605357], [-0.22198225275721697, 0.08930074032089264, 1.0847762292303889, -0.6216605516291295, 1.747581440283587, -0.2655315294287142, 0.1931215781363635, 0.2592155444247744, -0.11417363175599167, -0.14686969764939528, 0.13591856003626837, -0.16198577678957332, -0.060264268201804534, -0.738761778919118, 0.01046739760244493, -0.3655482630644314, 0.4165986862691157, 0.07115502460917357, -0.08125009086118756, 0.17809985007853713, 0.2075269753889827, 0.045919508938184236, 0.22713902435737718, -0.34876883448205065, -0.4473195076999695, 0.3099307181575267, -0.20088927436741172, -0.19805075027269478], [0.6896186927312659, -0.24667094155008898, -0.5834827192372991, 0.1181221915958067, -0.2655315294287142, 1.7938667591935655, -0.30527994564490607, 0.1841805012391502, -0.31620758881975847, 0.00686213835194998, -0.14250928233576748, 0.5145624193781843, 0.26848095852214504, 0.5353626137714496, -0.2416700350745144, 0.3424731767474762, 0.45920329332366, -0.3428048802989564, -0.2730681849229763, 0.08226997057409587, -0.10827770823591983, -0.06560058475966708, -0.1494151818850178, 0.0737129306077096, 0.7285777512050243, -0.6042304169943448, 0.06143202612618092, -0.4960695290864894], [0.21306809730139414, 0.33326351419534306, 0.34850900804828283, -0.1773494771829869, 0.1931215781363635, -0.30527994564490607, 1.1017378627971386, -0.24682639901308032, 0.3534305615939241, -0.06832887971337406, 0.08698062300488799, 0.16051663316908285, -0.35439875554661876, -0.45143139851334313, 0.1587574217849686, -0.1690379055081714, -0.007910317599876546, 0.3104047761350797, -0.09192316814625756, -0.09627532647550377, 0.21759647607932656, -0.08875595681454145, 0.11509677788641437, 0.04740033372764701, -0.2078138855959569, -0.024762960512395887, -0.358046611201133, -0.09872721053349649], [-0.2836025090437991, -0.20959222747367645, -0.06849910766926778, -0.05200191583561161, 0.2592155444247744, 0.1841805012391502, -0.24682639901308032, 0.3378166005755016, -0.2782578792153126, -0.032787627878983545, 0.02870941699610894, -0.06810742324326949, 0.014234527134041662, 0.1583821417832174, -0.08620199164611284, -0.07776669169267098, 0.04136387689403642, -0.06692509120756478, 0.012934091326065053, 0.08875063714182321, -0.04918330079858854, 0.04624195255135704, -0.05669553649663494, -0.1088274911878252, -0.07539702997162026, 0.06945600455720588, 0.025380485186007565, 0.024487635851944915], [0.4230965175123588, -0.15444296933119256, -0.022771626267558267, -0.39341628206058127, -0.11417363175599167, -0.31620758881975847, 0.3534305615939241, -0.2782578792153126, 1.2300427488363164, 0.19354052812776984, -0.28459736724084006, -0.17180459565382392, 0.11487183909033565, -0.7265807213054698, -0.1385283012064904, 0.34754157281252906, 0.17975952331273104, -0.04225886178452522, -0.04227573276539516, -0.10761570026135628, 0.3186856688768068, -0.0756878420676477, -0.006205204886560878, -0.11388380093605649, 0.24474592152991465, -0.09124244789262767, 0.0596450865311605, -0.1455906356279874], [-0.021820904981506663, -0.20576668966964276, -0.3645697632754191, -0.11604702597644664, -0.14686969764939528, 0.00686213835194998, -0.06832887971337406, -0.032787627878983545, 0.19354052812776984, 0.304566965680005, -0.16939815731773528, -0.08509582142715859, 0.14832301587027985, 0.050657866710130464, -0.15240118227118946, 0.16380133777595, -0.022005040013691843, -0.07285628386452828, -0.027359139937687592, 0.04506483116280298, 0.1655030333142261, -0.11723485980262911, -0.05738734747493925, -0.06936558241160207, 0.07343402594560175, -0.05151144386393068, 0.1463918089904833, -0.012763408274251471], [-0.20607051736506246, 0.5116413640164172, 0.0477699023264722, -0.006141834905929513, 0.13591856003626837, -0.14250928233576748, 0.08698062300488799, 0.02870941699610894, -0.28459736724084006, -0.16939815731773528, 0.4278913521766302, 0.07873206997924766, -0.34478876005166, -0.0021446407416757605, -0.012998349929654355, -0.2707476334923127, -0.21326569106640733, 0.21441141058415175, 0.012195646269317606, 0.0029289958524850966, -0.04115359891511901, 0.07296661548393972, 0.03028896977422505, 0.06165963992811863, -0.19705648081159247, 0.14766257274872888, -0.05952240179387786, 0.03492671396803969], [0.26080479663015455, 0.41713890792513514, -0.6899302311062553, 0.18010629363663422, -0.16198577678957332, 0.5145624193781843, 0.16051663316908285, -0.06810742324326949, -0.17180459565382392, -0.08509582142715859, 0.07873206997924766, 0.904454187691433, -0.27330960744978594, 0.28988382199284196, -0.13292912784838773, 0.14512855279569234, -0.20722108233730716, 0.08745244235389917, -0.17529678708513569, 0.027889969103430588, -0.028249136049646736, -0.08109887543401735, -0.0126280186785572, -0.006726636993635424, 0.2570600550214581, -0.17068463783483814, 0.14570575809767777, -0.24968302040498802], [0.17673452741502804, -0.6843894077163322, 0.2045477482508236, 0.03235926094420503, -0.060264268201804534, 0.26848095852214504, -0.35439875554661876, 0.014234527134041662, 0.11487183909033565, 0.14832301587027985, -0.34478876005166, -0.27330960744978594, 0.7427741704106869, 0.06505565013958312, 0.09346046681727163, 0.21067194667814995, 0.3484167647489776, -0.4158576537751722, 0.0068844833464809675, 0.042591718834285315, -0.0039773044566773314, -0.127410349368987, -0.046548516568679386, -0.032876974425341744, 0.20162194823222904, -0.14764081044438396, 0.11808839647544916, -0.08664501724104692], [-0.3557661549049392, -0.19247258552491348, -1.4020760495827909, 0.7732243351331312, -0.738761778919118, 0.5353626137714496, -0.45143139851334313, 0.1583821417832174, -0.7265807213054698, 0.050657866710130464, -0.0021446407416757605, 0.28988382199284196, 0.06505565013958312, 1.3302436016909716, -0.08416223875374527, -0.0467406751097842, -0.5269890482480691, -0.07244302328968245, 0.07695302616608647, 0.12106880758750407, -0.3070641097329119, -0.10030418781054598, -0.1369698092166909, 0.14133915921471235, 0.07904457332836902, -0.14047194778687191, 0.32291349114968215, 0.1165279610330791], [0.06067846002884481, -0.08941334333185898, 0.663224647310419, -0.0642744172604656, 0.01046739760244493, -0.2416700350745144, 0.1587574217849686, -0.08620199164611284, -0.1385283012064904, -0.15240118227118946, -0.012998349929654355, -0.13292912784838773, 0.09346046681727163, -0.08416223875374527, 0.5499917166019861, -0.17577726223585266, 0.15970966227766772, 0.10156103515656727, 0.04399624872549739, -0.11885452696680121, -0.09667430838736006, 0.06418741323225924, 0.028623901701371763, 0.0727919015711856, -0.10541420300760405, 0.03905056288932361, -0.1984155089385499, 0.08653933296154835], [0.34018142328753875, -0.2491925870719373, -0.5816871785000248, 0.0036818661611703004, -0.3655482630644314, 0.3424731767474762, -0.1690379055081714, -0.07776669169267098, 0.34754157281252906, 0.16380133777595, -0.2707476334923127, 0.14512855279569234, 0.21067194667814995, -0.0467406751097842, -0.17577726223585266, 0.811740666368067, 0.1425879771292842, -0.3271672704149855, -0.022365940969799616, -0.028200969547250324, 0.06338497838736949, -0.05968787116209677, -0.09942554610811047, -0.1657086492832475, 0.35125980819257874, -0.29860371265591984, 0.28715202766851733, -0.11308795483725148], [0.8074041473448469, -0.41216967422470946, 1.1092044373622112, -0.6510322400152428, 0.4165986862691157, 0.45920329332366, -0.007910317599876546, 0.04136387689403642, 0.17975952331273104, -0.022005040013691843, -0.21326569106640733, -0.20722108233730716, 0.3484167647489776, -0.5269890482480691, 0.15970966227766772, 0.1425879771292842, 1.537282077479098, -0.34238816927824306, -0.16004517772553045, -0.10738016994631312, 0.18452007470372778, 0.14596663766047885, -0.0001657644243698795, -0.14332337710549303, 0.436459507811992, -0.4324348637739285, -0.09063595298574574, -0.3653208020337367], [-0.18959749293949266, 0.4853886484440733, -0.13273501405952665, 0.04603174696309174, 0.07115502460917357, -0.3428048802989564, 0.3104047761350797, -0.06692509120756478, -0.04225886178452522, -0.07285628386452828, 0.21441141058415175, 0.08745244235389917, -0.4158576537751722, -0.07244302328968245, 0.10156103515656727, -0.3271672704149855, -0.34238816927824306, 0.7447349886058475, -0.053493927549576326, 0.06165787830696842, 0.036532642660849414, -0.07032529582520496, 0.04927566463888877, 0.06423885695682695, -0.12931215045078834, 0.2283132657709086, -0.10756757855991127, -0.06064982638978923], [-0.29218492352499936, -0.13056070308956477, -0.028869057244367658, 0.11164680939279811, -0.08125009086118756, -0.2730681849229763, -0.09192316814625756, 0.012934091326065053, -0.04227573276539516, -0.027359139937687592, 0.012195646269317606, -0.17529678708513569, 0.0068844833464809675, 0.07695302616608647, 0.04399624872549739, -0.022365940969799616, -0.16004517772553045, -0.053493927549576326, 0.20259615188946442, -0.06936292879685733, -0.10806523562599557, 0.10697341277830226, 0.003514044459711903, 0.008842036656546013, -0.18725460436434554, 0.07731275552830266, -0.006265256179219462, 0.19438548301668737], [-0.19284547043284644, -0.005343367981417308, -0.2560880037647163, 0.10700910285588905, 0.17809985007853713, 0.08226997057409587, -0.09627532647550377, 0.08875063714182321, -0.10761570026135628, 0.04506483116280298, 0.0029289958524850966, 0.027889969103430588, 0.042591718834285315, 0.12106880758750407, -0.11885452696680121, -0.028200969547250324, -0.10738016994631312, 0.06165787830696842, -0.06936292879685733, 0.2367385571285321, 0.044113628263837336, -0.14730617324647727, -0.02258774687686511, -0.09578853688183304, 0.04626224741589725, 0.09084268234397518, 0.10953765071386874, -0.08819091995596207], [0.14652433266950554, 0.042650471340455125, -0.0176663898858804, -0.43095183410619925, 0.2075269753889827, -0.10827770823591983, 0.21759647607932656, -0.04918330079858854, 0.3186856688768068, 0.1655030333142261, -0.04115359891511901, -0.028249136049646736, -0.0039773044566773314, -0.3070641097329119, -0.09667430838736006, 0.06338497838736949, 0.18452007470372778, 0.036532642660849414, -0.10806523562599557, 0.044113628263837336, 0.48433510802001556, -0.206285263813827, 0.028750730315246102, -0.1549187459842378, 0.05137653353899582, -0.13742651070936396, 0.13844575696404268, -0.09309655491508062], [0.0068443764603641315, 0.03164742238140484, 0.4436202985395576, -0.1393454258194091, 0.045919508938184236, -0.06560058475966708, -0.08875595681454145, 0.04624195255135704, -0.0756878420676477, -0.11723485980262911, 0.07296661548393972, -0.08109887543401735, -0.127410349368987, -0.10030418781054598, 0.06418741323225924, -0.05968787116209677, 0.14596663766047885, -0.07032529582520496, 0.10697341277830226, -0.14730617324647727, -0.206285263813827, 0.3623051224640025, -0.012980920161667554, 0.060009837065125506, -0.12621915678116746, 0.07231355650703344, -0.18268817866359868, 0.1298472371324458], [-0.047130401065640454, 0.09495561137598259, 0.23937189955747562, 0.03748860403543436, 0.22713902435737718, -0.1494151818850178, 0.11509677788641437, -0.05669553649663494, -0.006205204886560878, -0.05738734747493925, 0.03028896977422505, -0.0126280186785572, -0.046548516568679386, -0.1369698092166909, 0.028623901701371763, -0.09942554610811047, -0.0001657644243698795, 0.04927566463888877, 0.003514044459711903, -0.02258774687686511, 0.028750730315246102, -0.012980920161667554, 0.2014547966146765, 0.07588081376155838, -0.13809300283970094, 0.030101924350941348, -0.06519135976363612, 0.04337739603543279], [0.08545519737652923, 0.10891244683328481, 0.18228876250888607, 0.22067349259344363, -0.34876883448205065, 0.0737129306077096, 0.04740033372764701, -0.1088274911878252, -0.11388380093605649, -0.06936558241160207, 0.06165963992811863, -0.006726636993635424, -0.032876974425341744, 0.14133915921471235, 0.0727919015711856, -0.1657086492832475, -0.14332337710549303, 0.06423885695682695, 0.008842036656546013, -0.09578853688183304, -0.1549187459842378, 0.060009837065125506, 0.07588081376155838, 0.39920398895144826, -0.11530676768034386, 0.06555581610305981, -0.2804274430000477, 0.1415718891988217], [0.782334806380423, -0.05296027121977603, -0.4685317264764061, -0.08427775596021056, -0.4473195076999695, 0.7285777512050243, -0.2078138855959569, -0.07539702997162026, 0.24474592152991465, 0.07343402594560175, -0.19705648081159247, 0.2570600550214581, 0.20162194823222904, 0.07904457332836902, -0.10541420300760405, 0.35125980819257874, 0.436459507811992, -0.12931215045078834, -0.18725460436434554, 0.04626224741589725, 0.05137653353899582, -0.12621915678116746, -0.13809300283970094, -0.11530676768034386, 1.2198606659394644, -0.3719474818379315, 0.3106640185564647, -0.6272929678849551], [-0.568306560914494, 0.23862267915423668, 0.29860764579702526, -0.017546028953760347, 0.3099307181575267, -0.6042304169943448, -0.024762960512395887, 0.06945600455720588, -0.09124244789262767, -0.05151144386393068, 0.14766257274872888, -0.17068463783483814, -0.14764081044438396, -0.14047194778687191, 0.03905056288932361, -0.29860371265591984, -0.4324348637739285, 0.2283132657709086, 0.07731275552830266, 0.09084268234397518, -0.13742651070936396, 0.07231355650703344, 0.030101924350941348, 0.06555581610305981, -0.3719474818379315, 0.6355963941343818, -0.3085876441886686, 0.21430668817285825], [-0.1250362013478314, -0.02853925746598075, -0.9898580629855636, 0.15121352929579648, -0.20088927436741172, 0.06143202612618092, -0.358046611201133, 0.025380485186007565, 0.0596450865311605, 0.1463918089904833, -0.05952240179387786, 0.14570575809767777, 0.11808839647544916, 0.32291349114968215, -0.1984155089385499, 0.28715202766851733, -0.09063595298574574, -0.10756757855991127, -0.006265256179219462, 0.10953765071386874, 0.13844575696404268, -0.18268817866359868, -0.06519135976363612, -0.2804274430000477, 0.3106640185564647, -0.3085876441886686, 0.9798911142635196, -0.32345519981944953], [-0.4919853527667833, -0.123929524668274, 0.2075043266091617, 0.18585869706605357, -0.19805075027269478, -0.4960695290864894, -0.09872721053349649, 0.024487635851944915, -0.1455906356279874, -0.012763408274251471, 0.03492671396803969, -0.24968302040498802, -0.08664501724104692, 0.1165279610330791, 0.08653933296154835, -0.11308795483725148, -0.3653208020337367, -0.06064982638978923, 0.19438548301668737, -0.08819091995596207, -0.09309655491508062, 0.1298472371324458, 0.04337739603543279, 0.1415718891988217, -0.6272929678849551, 0.21430668817285825, -0.32345519981944953, 0.7494991889409282]]",
    "monomial_list": "[1, x6, x5, x4, x3, x2, x1, x6**2, x5*x6, x4*x6, x3*x6, x2*x6, x1*x6, x5**2, x4*x5, x3*x5, x2*x5, x1*x5, x4**2, x3*x4, x2*x4, x1*x4, x3**2, x2*x3, x1*x3, x2**2, x1*x2, x1**2]"
}