{
    "name": "Multiplier-3",
    "rational_expression": "473*x1**2/5000 - 163*x1*x2/5000 + 23*x1*x3/6250 + 247*x1*x4/10000 - 51*x1*x5/500 - 83*x1*x6/2000 - 167*x1/10000 + 87*x2**2/500 - 243*x2*x3/10000 - 497*x2*x4/5000 + 23*x2*x5/200 - 51*x2*x6/625 + 103*x2/1000 + 3*x3**2/125 - 107*x3*x4/12500 - 301*x3*x5/5000 + 131*x3*x6/500000 - 143*x3/50000 + 303*x4**2/1000 + 313*x4*x5/1000 + 61*x4*x6/2500 - 7*x4/50 + 297*x5**2/500 - 109*x5*x6/1000 + 61*x5/250 + 77*x6**2/2500 - 59*x6/500 + 51/250",
    "Q": "[[0.20371590752294313, -0.05907375441871912, 0.1220976484351852, -0.0700628612618278, -0.0014191320723602732, 0.0515913809206005, -0.008369417205668143], [-0.05907375441871912, 0.030894833798267997, -0.05476731849942288, 0.012103017603428114, 0.00012099014740038764, -0.04105863072246391, -0.021001119685423227], [0.1220976484351852, -0.05476731849942288, 0.594669157334848, 0.15706849563792336, -0.03009867982454262, 0.057858068569714954, -0.05068100606176644], [-0.0700628612618278, 0.012103017603428114, 0.15706849563792336, 0.3029375018814567, -0.004229106298479087, -0.04958065259828846, 0.012417608392093351], [-0.0014191320723602732, 0.00012099014740038764, -0.03009867982454262, -0.004229106298479087, 0.02412400023038128, -0.01222580940338372, 0.0018299550635141441], [0.0515913809206005, -0.04105863072246391, 0.057858068569714954, -0.04958065259828846, -0.01222580940338372, 0.17411263671721242, -0.015799898209994556], [-0.008369417205668143, -0.021001119685423227, -0.05068100606176644, 0.012417608392093351, 0.0018299550635141441, -0.015799898209994556, 0.09486218603014156]]",
    "monomial_list": "[1, x6, x5, x4, x3, x2, x1]"
}