{
    "name": "Multiplier-3",
    "rational_expression": "347*x1**2/10000 + 43*x1*x2/25000 + 753*x1*x3/100000 + 71*x1*x4/5000 - 281*x1*x5/10000 - 217*x1*x6/50000 - 501*x1/10000 + 169*x2**2/2000 + 53*x2*x3/10000 - 479*x2*x4/50000 - 493*x2*x5/10000 - 691*x2*x6/10000 + 137*x2/500 + 123*x3**2/10000 + 51*x3*x4/5000 - 359*x3*x5/10000 + 243*x3*x6/25000 - 719*x3/10000 + 977*x4**2/10000 - 483*x4*x5/50000 + 9*x4*x6/625 - 451*x4/5000 + 11*x5**2/100 - 149*x5*x6/5000 + 43*x5/200 + 169*x6**2/5000 - 81*x6/250 + 167/200",
    "Q": "[[0.8345562621263529, -0.16159007402751896, 0.10741099444297199, -0.04487456953201894, -0.035619274200321675, 0.13666504455939552, -0.02532592043033046], [-0.16159007402751896, 0.03364638731572887, -0.014787706238259675, 0.00712933792270081, 0.004779184746595753, -0.03446605800449631, -0.002152948049415811], [0.10741099444297199, -0.014787706238259675, 0.10989843909237448, -0.004786025314097423, -0.017878584977376804, -0.024770174764295997, -0.014191542253485203], [-0.04487456953201894, 0.00712933792270081, -0.004786025314097423, 0.09761860863702233, 0.005060124067551415, -0.0046846403612385845, 0.007078037196975418], [-0.035619274200321675, 0.004779184746595753, -0.017878584977376804, 0.005060124067551415, 0.012531392737170237, 0.0027062623131111816, 0.0037110349667810343], [0.13666504455939552, -0.03446605800449631, -0.024770174764295997, -0.0046846403612385845, 0.0027062623131111816, 0.08453807239065388, 0.001006778038267238], [-0.02532592043033046, -0.002152948049415811, -0.014191542253485203, 0.007078037196975418, 0.0037110349667810343, 0.001006778038267238, 0.034578587803963626]]",
    "monomial_list": "[1, x6, x5, x4, x3, x2, x1]"
}