{
    "name": "Multiplier-1",
    "rational_expression": "517*x1**2/10000 - 79*x1*x2/2500 - 51*x1*x3/5000 - 189*x1*x4/5000 - 223*x1*x5/10000 + 217*x1*x6/10000 - 41*x1/200 + 61*x2**2/2500 + x2*x3/1000 + 543*x2*x4/100000 + 159*x2*x5/25000 - 159*x2*x6/10000 + 887*x2/10000 + 369*x3**2/100000 + 421*x3*x4/50000 - 63*x3*x5/50000 + 131*x3*x6/1000000 + 683*x3/100000 + 143*x4**2/5000 - 31*x4*x5/4000 - 57*x4*x6/20000 + 101*x4/2000 + 33*x5**2/1250 - 517*x5*x6/100000 + 26*x5/625 + 377*x6**2/50000 - 191*x6/2000 + 341/1000",
    "Q": "[[0.3409941637717418, -0.04770476926153718, 0.020784857774878915, 0.025189340609617333, 0.003244553567299473, 0.044429257455319136, -0.10225560193737313], [-0.04770476926153718, 0.0075046366733637964, -0.002588645149230968, -0.0014799574103952595, 7.39419786170588e-05, -0.007913183258889487, 0.010948734629927837], [0.020784857774878915, -0.002588645149230968, 0.02657026198836546, -0.003946600141783995, -0.0006599215388656227, 0.0032086526492432522, -0.011147407165082666], [0.025189340609617333, -0.0014799574103952595, -0.003946600141783995, 0.028877043600396907, 0.004218891874575612, 0.0029505364117512894, -0.018713274548729213], [0.003244553567299473, 7.39419786170588e-05, -0.0006599215388656227, 0.004218891874575612, 0.0036646654060900575, 0.0005190003153453252, -0.004992596523903258], [0.044429257455319136, -0.007913183258889487, 0.0032086526492432522, 0.0029505364117512894, 0.0005190003153453252, 0.023868371411282764, -0.015797341515759518], [-0.10225560193737313, 0.010948734629927837, -0.011147407165082666, -0.018713274548729213, -0.004992596523903258, -0.015797341515759518, 0.051448871308337425]]",
    "monomial_list": "[1, x6, x5, x4, x3, x2, x1]"
}