{
    "name": "Multiplier-1",
    "rational_expression": "1151*x1**2/5000 - 2417*x1*x2/10000 - 331*x1*x3/10000 - 177*x1*x4/1250 - 17*x1*x5/125 + 7017*x1*x6/100000 - 8409*x1/10000 + 2319*x2**2/10000 - 263*x2*x3/25000 + 5759*x2*x4/100000 + 1883*x2*x5/20000 - 739*x2*x6/5000 + 7007*x2/10000 + 2879*x3**2/100000 + 2781*x3*x4/50000 - 313*x3*x5/50000 - 151*x3*x6/10000 + 6561*x3/100000 + 101*x4**2/625 - 2443*x4*x5/250000 - 1303*x4*x6/50000 + 1223*x4/5000 + 5509*x5**2/100000 - 173*x5*x6/12500 + 1907*x5/10000 + 4877*x6**2/100000 - 4533*x6/10000 + 1491/1000",
    "Q": "[[1.4913959674922086, -0.2260653950068424, 0.09514189624429963, 0.12288116285357412, 0.03333716053523664, 0.35090071482665397, -0.4203026405911584], [-0.2260653950068424, 0.0486693256996454, -0.0067873314971043045, -0.013042971637807241, -0.007620411544660627, -0.0739462072129517, 0.0347109660459393], [0.09514189624429963, -0.0067873314971043045, 0.05526809597658375, -0.0049281491113953805, -0.0031298038319273296, 0.047118982614841515, -0.0681627686539332], [0.12288116285357412, -0.013042971637807241, -0.0049281491113953805, 0.1620485273390624, 0.02792887902787938, 0.02883624394020496, -0.07094809914832169], [0.03333716053523664, -0.007620411544660627, -0.0031298038319273296, 0.02792887902787938, 0.02912625175869015, -0.005372478015146992, -0.016789023703004575], [0.35090071482665397, -0.0739462072129517, 0.047118982614841515, 0.02883624394020496, -0.005372478015146992, 0.23283491070967333, -0.12074622532028968], [-0.4203026405911584, 0.0347109660459393, -0.0681627686539332, -0.07094809914832169, -0.016789023703004575, -0.12074622532028968, 0.23114684455902929]]",
    "monomial_list": "[1, x6, x5, x4, x3, x2, x1]"
}