{
    "name": "Multiplier-4",
    "rational_expression": "1023*x1**2/5000 - 759*x1*x2/25000 + 2027*x1*x3/10000 - 74*x1*x4/625 + 997*x1*x5/50000 - 1379*x1*x6/50000 - 911*x1/20000 + 167*x2**2/500 - 1631*x2*x3/10000 - 243*x2*x4/3125 - 6339*x2*x5/100000 - 1237*x2*x6/10000 + 4389*x2/10000 + 2221*x3**2/5000 - 389*x3*x4/2500 + 941*x3*x5/25000 + 273*x3*x6/1250 - 5733*x3/10000 + 2563*x4**2/10000 - 513*x4*x5/2500 - 407*x4*x6/20000 - 1749*x4/5000 + 613*x5**2/6250 + 1599*x5*x6/100000 - 2173*x5/25000 + 8357*x6**2/100000 - 489*x6/1250 + 207/200",
    "Q": "[[1.0354821227384123, -0.1957878478105785, -0.04355736133292037, -0.1753150316193288, -0.2869851322013452, 0.21913235857302804, -0.022733525819440378], [-0.1957878478105785, 0.08374865195214998, 0.007987813652737484, -0.010258481975351745, 0.10946444242878331, -0.06187020492863458, -0.013883484869733606], [-0.04355736133292037, 0.007987813652737484, 0.09838922971928692, -0.10290839435587276, 0.018797827914546334, -0.031739353416196256, 0.00998805386781926], [-0.1753150316193288, -0.010258481975351745, -0.10290839435587276, 0.25738568346507695, -0.07815629513698213, -0.03893951528684879, -0.05941425454439009], [-0.2869851322013452, 0.10946444242878331, 0.018797827914546334, -0.07815629513698213, 0.4445330655325913, -0.08132501316646121, 0.10154722793947105], [0.21913235857302804, -0.06187020492863458, -0.031739353416196256, -0.03893951528684879, -0.08132501316646121, 0.33423765157813934, -0.015008966557588753], [-0.022733525819440378, -0.013883484869733606, 0.00998805386781926, -0.05941425454439009, 0.10154722793947105, -0.015008966557588753, 0.20500676589558017]]",
    "monomial_list": "[1, x6, x5, x4, x3, x2, x1]"
}