{
    "name": "Multiplier-5",
    "rational_expression": "63*x1**2/500 - 3*x1*x2/100 + 133*x1*x3/2000 + 7*x1*x4/500 - 149*x1*x5/500 + 33*x1*x6/2500 - 419*x1/10000 + 13*x2**2/50 - 133*x2*x3/1000 - 67*x2*x4/500 + 147*x2*x5/500 - 201*x2*x6/1000 + 27*x2/100 + x3**2/8 + 11*x3*x4/100 - 559*x3*x5/1000 + 961*x3*x6/10000 + 161*x3/2000 + 413*x4**2/5000 - 71*x4*x5/250 + 371*x4*x6/5000 + 169*x4/25000 + 93*x5**2/100 - 13*x5*x6/50 - 317*x5/500 + 349*x6**2/5000 - 223*x6/1000 + 839/1000",
    "Q": "[[0.8388078669950898, -0.11190955647539219, -0.3170549037717394, 0.0030386399834120546, 0.04037684096301236, 0.13466505220866204, -0.0207544744150651], [-0.11190955647539219, 0.06983086263562743, -0.12993834246650207, 0.03710066568222675, 0.048030537229317306, -0.10057129268993789, 0.006482335816124983], [-0.3170549037717394, -0.12993834246650207, 0.9299260055497952, -0.14182162926181036, -0.27964920805535715, 0.14699005279705102, -0.14874342059664697], [0.0030386399834120546, 0.03710066568222675, -0.14182162926181036, 0.08225152108548049, 0.05512377492691765, -0.06680428741354236, 0.007038477511083707], [0.04037684096301236, 0.048030537229317306, -0.27964920805535715, 0.05512377492691765, 0.1243783822342643, -0.06652604739663737, 0.03327002998369644], [0.13466505220866204, -0.10057129268993789, 0.14699005279705102, -0.06680428741354236, -0.06652604739663737, 0.2597461049007616, -0.015011687703838155], [-0.0207544744150651, 0.006482335816124983, -0.14874342059664697, 0.007038477511083707, 0.03327002998369644, -0.015011687703838155, 0.1258175117451984]]",
    "monomial_list": "[1, x6, x5, x4, x3, x2, x1]"
}