{
    "name": "Multiplier-6",
    "rational_expression": "3579*x1**2/100000 - 1073*x1*x2/25000 + 1197*x1*x3/250000 - 2161*x1*x4/2500000 - 3701*x1*x5/100000 + 347*x1*x6/12500 - 2169*x1/10000 + 521*x2**2/2500 - 2869*x2*x3/50000 + 1089*x2*x4/100000 + 3819*x2*x5/10000 - 3863*x2*x6/10000 + 1601*x2/1000 + 1081*x3**2/50000 + 3053*x3*x4/50000 - 9873*x3*x5/100000 + 563*x3*x6/10000 - 2713*x3/10000 + 1519*x4**2/10000 - 72*x4*x5/625 - 1619*x4*x6/100000 + 911*x4/50000 + 8*x5**2/25 - 4863*x5*x6/10000 + 529*x5/250 + 2399*x6**2/10000 - 2053*x6/1000 + 2261/500",
    "Q": "[[4.521867289609623, -1.026953458181685, 1.0584239711616126, 0.009360038230803327, -0.13416014466424955, 0.800725455188506, -0.1069459933914938], [-1.026953458181685, 0.24029361078011832, -0.243412032310726, -0.008265610881360498, 0.027775948310211254, -0.19355577928836842, 0.013347536843566541], [1.0584239711616126, -0.243412032310726, 0.3199804345735901, -0.057408019453100534, -0.048949930052553305, 0.1911420745899363, -0.018075425079839818], [0.009360038230803327, -0.008265610881360498, -0.057408019453100534, 0.15185258410488556, 0.030540079141932828, 0.005753021642906755, -0.0002674126914526452], [-0.13416014466424955, 0.027775948310211254, -0.048949930052553305, 0.030540079141932828, 0.021259204806798424, -0.02810355710911284, 0.002482682178194349], [0.800725455188506, -0.19355577928836842, 0.1911420745899363, 0.005753021642906755, -0.02810355710911284, 0.20871020555971645, -0.020936036651901278], [-0.1069459933914938, 0.013347536843566541, -0.018075425079839818, -0.0002674126914526452, 0.002482682178194349, -0.020936036651901278, 0.0359081561150765]]",
    "monomial_list": "[1, x6, x5, x4, x3, x2, x1]"
}