{
    "name": "Multiplier-4",
    "rational_expression": "333*x1**2/10000 - 361*x1*x2/100000 + 967*x1*x3/100000 - 33*x1*x4/2500 + 67*x1*x5/20000 - 123*x1*x6/10000 + x1/250 + 163*x2**2/2500 + 61*x2*x3/2500 - 41*x2*x4/1250 + 3*x2*x5/1000 - 129*x2*x6/10000 + 71*x2/2500 + 133*x3**2/1000 - 899*x3*x4/10000 + 73*x3*x5/5000 + 157*x3*x6/10000 + 133*x3/1000 + 189*x4**2/5000 - 489*x4*x5/50000 + 107*x4*x6/50000 - 11*x4/100 + 12*x5**2/625 + 77*x5*x6/10000 - 251*x5/5000 + 317*x6**2/50000 - 133*x6/5000 + 91/500",
    "Q": "[[0.1818328394905051, -0.013273743509778897, -0.025155430199058127, -0.05504876372149227, 0.06647616335140433, 0.014193099835446685, 0.0020125686167687664], [-0.013273743509778897, 0.006412033949053784, 0.0038850534289354534, 0.0010157454328986997, 0.008026217558090453, -0.006518826813862214, -0.00626260887956278], [-0.025155430199058127, 0.0038850534289354534, 0.019624645289898997, -0.005183581026166939, 0.00766357091087958, 0.001594104881414203, 0.0017423699506886104], [-0.05504876372149227, 0.0010157454328986997, -0.005183581026166939, 0.037584937554055765, -0.04491136265734277, -0.016040607371799766, -0.00638572346713264], [0.06647616335140433, 0.008026217558090453, 0.00766357091087958, -0.04491136265734277, 0.13292626197558666, 0.011727392107587848, 0.00449820318747269], [0.014193099835446685, -0.006518826813862214, 0.001594104881414203, -0.016040607371799766, 0.011727392107587848, 0.06512270427269516, -0.0019724741805554136], [0.0020125686167687664, -0.00626260887956278, 0.0017423699506886104, -0.00638572346713264, 0.00449820318747269, -0.0019724741805554136, 0.033114658875254575]]",
    "monomial_list": "[1, x6, x5, x4, x3, x2, x1]"
}