{
    "name": "Multiplier-3",
    "rational_expression": "301*x1**2/2500 - 3459*x1*x2/50000 + 6789*x1*x3/1000000 - 8639*x1*x4/100000 - 2283*x1*x5/10000 + 1063*x1*x6/100000 - 3431*x1/10000 + 3957*x2**2/10000 - 2193*x2*x3/25000 - 1143*x2*x4/10000 + 6149*x2*x5/10000 - 4627*x2*x6/10000 + 1659*x2/1000 + 4221*x3**2/100000 - 2423*x3*x4/100000 - 1841*x3*x5/10000 + 7647*x3*x6/100000 - 3919*x3/10000 + 183*x4**2/400 + 346*x4*x5/625 - 1973*x4*x6/1000000 + 1389*x4/10000 + 1109*x5**2/1250 - 6961*x5*x6/10000 + 3137*x5/1000 + 2301*x6**2/10000 - 1847*x6/1000 + 817/200",
    "Q": "[[4.084786952772898, -0.9247143086827423, 1.569626173379341, 0.06990781923476422, -0.19412034089331542, 0.8287089795811113, -0.17136288153786472], [-0.9247143086827423, 0.23062216899365978, -0.34890216515488803, -0.0011969038775111905, 0.03793714727396032, -0.23125750832252778, 0.005518253077961926], [1.569626173379341, -0.34890216515488803, 0.8878950602014142, 0.27683086907476745, -0.09125989845657938, 0.3075366516880717, -0.11421546187759073], [0.06990781923476422, -0.0011969038775111905, 0.27683086907476745, 0.45718242675438503, -0.012036852072559927, -0.056788047250026036, -0.04320306803033988], [-0.19412034089331542, 0.03793714727396032, -0.09125989845657938, -0.012036852072559927, 0.041956965175619074, -0.04350037942762535, 0.003237915735943863], [0.8287089795811113, -0.23125750832252778, 0.3075366516880717, -0.056788047250026036, -0.04350037942762535, 0.39483382133222594, -0.034799320306824574], [-0.17136288153786472, 0.005518253077961926, -0.11421546187759073, -0.04320306803033988, 0.003237915735943863, -0.034799320306824574, 0.12039416444372912]]",
    "monomial_list": "[1, x6, x5, x4, x3, x2, x1]"
}