{
    "name": "Multiplier-5",
    "rational_expression": "2303*x1**2/100000 - 1649*x1*x2/100000 - 983*x1*x3/125000 - 151*x1*x4/31250 + 3101*x1*x5/100000 + 87*x1*x6/15625 - 8343*x1/100000 + 319*x2**2/2000 + 1101*x2*x3/10000 + 751*x2*x4/50000 - 3583*x2*x5/10000 - 101*x2*x6/625 + 903*x2/1000 + 3361*x3**2/100000 + 371*x3*x4/25000 - 1071*x3*x5/5000 - 4377*x3*x6/50000 + 5399*x3/10000 + 131*x4**2/10000 - 4173*x4*x5/100000 - 1349*x4*x6/100000 + 9331*x4/100000 + 743*x5**2/2000 + 1527*x5*x6/5000 - 19*x5/10 + 1311*x6**2/20000 - 3951*x6/5000 + 1227/500",
    "Q": "[[2.454184492812334, -0.3951044771564257, -0.9494502786037504, 0.04766782494245059, 0.2710072583572199, 0.45197580843098106, -0.04199384276262864], [-0.3951044771564257, 0.06552603798827805, 0.15265149891258967, -0.006905939905221883, -0.04393692905045687, -0.08082321320057786, 0.0028469246116437064], [-0.9494502786037504, 0.15265149891258967, 0.3711015773200277, -0.021166393194636937, -0.107395300119134, -0.1790652028860573, 0.015643161667282232], [0.04766782494245059, -0.006905939905221883, -0.021166393194636937, 0.013414116523343081, 0.007515992363355314, 0.007545145099574984, -0.002482875511256602], [0.2710072583572199, -0.04393692905045687, -0.107395300119134, 0.007515992363355314, 0.033783887950897006, 0.055180936915992594, -0.004003890805639977], [0.45197580843098106, -0.08082321320057786, -0.1790652028860573, 0.007545145099574984, 0.055180936915992594, 0.15956416111440763, -0.008549977623979192], [-0.04199384276262864, 0.0028469246116437064, 0.015643161667282232, -0.002482875511256602, -0.004003890805639977, -0.008549977623979192, 0.023026649603257444]]",
    "monomial_list": "[1, x6, x5, x4, x3, x2, x1]"
}