{
    "name": "Multiplier-2",
    "rational_expression": "207*x1**2/10000 - 73*x1*x2/2500 + 91*x1*x3/25000 + 479*x1*x4/50000 + 11*x1*x5/2500 + 703*x1*x6/1000000 - 301*x1/10000 + 249*x2**2/2500 - 49*x2*x3/2000 - 493*x2*x4/10000 - 977*x2*x5/10000 - 101*x2*x6/10000 - 239*x2/10000 + 361*x3**2/50000 + 3*x3*x4/250 + 51*x3*x5/12500 + 517*x3*x6/1000000 + 83*x3/25000 + 191*x4**2/5000 - 17*x4*x5/625 + 851*x4*x6/100000 - 51*x4/2000 + 97*x5**2/1000 + 109*x5*x6/10000 - 71*x5/2500 + 311*x6**2/50000 - 647*x6/10000 + 103/500",
    "Q": "[[0.20616848868294366, -0.032427361043461556, -0.014287145577209904, -0.012821288115478275, 0.0015568031845105501, -0.01203119543790192, -0.01501989182011987], [-0.032427361043461556, 0.006225354066325851, 0.005404898868486669, 0.004240681070774612, 0.0002687305278952483, -0.004941434430638255, 0.00037945689570803473], [-0.014287145577209904, 0.005404898868486669, 0.09641608931862347, -0.013559816864867779, 0.0019888587103728842, -0.04847516697421224, 0.002199998337832823], [-0.012821288115478275, 0.004240681070774612, -0.013559816864867779, 0.03782640651085318, 0.005925930219640264, -0.024299442488203236, 0.004748968851233789], [0.0015568031845105501, 0.0002687305278952483, 0.0019888587103728842, 0.005925930219640264, 0.007101111368156329, -0.012090279242505763, 0.0017913484829077358], [-0.01203119543790192, -0.004941434430638255, -0.04847516697421224, -0.024299442488203236, -0.012090279242505763, 0.09874967267868606, -0.014544824971271877], [-0.01501989182011987, 0.00037945689570803473, 0.002199998337832823, 0.004748968851233789, 0.0017913484829077358, -0.014544824971271877, 0.020213221328560255]]",
    "monomial_list": "[1, x6, x5, x4, x3, x2, x1]"
}