{
    "name": "Multiplier-6",
    "rational_expression": "143*x1**2/4000 - 2157*x1*x2/50000 + 599*x1*x3/125000 - 9617*x1*x4/10000000 - 3703*x1*x5/100000 + 701*x1*x6/25000 - 2179*x1/10000 + 209*x2**2/1000 - 5761*x2*x3/100000 + 271*x2*x4/25000 + 3819*x2*x5/10000 - 3879*x2*x6/10000 + 201*x2/125 + 2151*x3**2/100000 + 6033*x3*x4/100000 - 9801*x3*x5/100000 + 283*x3*x6/5000 - 109*x3/400 + 1509*x4**2/10000 - 1131*x4*x5/10000 - 161*x4*x6/10000 + 183*x4/10000 + 1589*x5**2/5000 - 304*x5*x6/625 + 2117*x5/1000 + 2409*x6**2/10000 - 1031*x6/500 + 2271/500",
    "Q": "[[4.541873606803719, -1.0311185547507011, 1.0591175328537081, 0.008601213770046513, -0.1343656986464374, 0.8038660099340885, -0.10742830778741633], [-1.0311185547507011, 0.2411439582186128, -0.24349835681094517, -0.008046398508815677, 0.02782619243332596, -0.19419891099905864, 0.01346414850318095], [1.0591175328537081, -0.24349835681094517, 0.318768586887035, -0.0571164818135901, -0.04873374375518388, 0.19119214219061392, -0.018090305999348095], [0.008601213770046513, -0.008046398508815677, -0.0571164818135901, 0.1512443525431039, 0.030381632826255275, 0.005537480507058561, -0.0002787572476434719], [-0.1343656986464374, 0.02782619243332596, -0.04873374375518388, 0.030381632826255275, 0.021196063118235006, -0.028143242454828795, 0.0024767243297352465], [0.8038660099340885, -0.19419891099905864, 0.19119214219061392, 0.005537480507058561, -0.028143242454828795, 0.2091943289600144, -0.021012401878737916], [-0.10742830778741633, 0.01346414850318095, -0.018090305999348095, -0.0002787572476434719, 0.0024767243297352465, -0.021012401878737916, 0.03588080011255417]]",
    "monomial_list": "[1, x6, x5, x4, x3, x2, x1]"
}