{
    "name": "Multiplier-4",
    "rational_expression": "128*x1**2/625 - 3077*x1*x2/100000 + 507*x1*x3/2500 - 237*x1*x4/2000 + 2013*x1*x5/100000 - 1381*x1*x6/50000 - 1143*x1/25000 + 1671*x2**2/5000 - 409*x2*x3/2500 - 973*x2*x4/12500 - 317*x2*x5/5000 - 31*x2*x6/250 + 881*x2/2000 + 2223*x3**2/5000 - 1551*x3*x4/10000 + 1867*x3*x5/50000 + 2187*x3*x6/10000 - 1439*x3/2500 + 1287*x4**2/5000 - 2061*x4*x5/10000 - 993*x4*x6/50000 - 439*x4/1250 + 9839*x5**2/100000 + 1583*x5*x6/100000 - 4363*x5/50000 + 4179*x6**2/50000 - 3927*x6/10000 + 1039/1000",
    "Q": "[[1.0390732947108583, -0.19652928470839856, -0.04400409169318491, -0.17566719371924153, -0.2875540742880882, 0.22014352437462587, -0.02293448933931464], [-0.19652928470839856, 0.08386506341449002, 0.00801173197400122, -0.010111539904012534, 0.10956878151063977, -0.0620828906458129, -0.01385143544831266], [-0.04400409169318491, 0.00801173197400122, 0.09834932673189574, -0.10291923498950976, 0.018753353617400215, -0.03172336120890902, 0.010032680827718401], [-0.17566719371924153, -0.010111539904012534, -0.10291923498950976, 0.25774251851010127, -0.07810958202367091, -0.03917335984182014, -0.059475046976102904], [-0.2875540742880882, 0.10956878151063977, 0.018753353617400215, -0.07810958202367091, 0.4447264818987577, -0.08142004825466126, 0.1016446459232747], [0.22014352437462587, -0.0620828906458129, -0.03172336120890902, -0.03917335984182014, -0.08142004825466126, 0.3346472240009718, -0.01502653000948089], [-0.02293448933931464, -0.01385143544831266, 0.010032680827718401, -0.059475046976102904, 0.1016446459232747, -0.01502653000948089, 0.20503390616677175]]",
    "monomial_list": "[1, x6, x5, x4, x3, x2, x1]"
}