{
    "name": "Multiplier-4",
    "rational_expression": "18*x1**2/125 - 233*x1*x2/10000 + 71*x1*x3/500 - 569*x1*x4/10000 - 173*x1*x5/25000 - 31*x1*x6/1000 - 107*x1/50000 + 83*x2**2/500 - 221*x2*x3/2500 - 123*x2*x4/10000 - 337*x2*x5/10000 - 397*x2*x6/10000 + 289*x2/5000 + 303*x3**2/1000 - 121*x3*x4/1000 + 871*x3*x5/10000 + 67*x3*x6/500 - 251*x3/1000 + 403*x4**2/5000 - 953*x4*x5/10000 - 151*x4*x6/2500 + 3*x4/1000 + 3*x5**2/25 + 111*x5*x6/2500 - 77*x5/1250 + 11*x6**2/200 - 121*x6/1000 + 107/500",
    "Q": "[[0.2143958438583759, -0.060408153830525474, -0.030857647879067744, 0.0015054755571918467, -0.12553367112242306, 0.028925468091271486, -0.00098335768244323], [-0.060408153830525474, 0.0551346710075468, 0.02222924288320662, -0.030284609167894213, 0.06721804249651588, -0.01987132960952131, -0.015564474167457406], [-0.030857647879067744, 0.02222924288320662, 0.11982061230399961, -0.04754722173463536, 0.04352169950772055, -0.01687635913864391, -0.003457139687354195], [0.0015054755571918467, -0.030284609167894213, -0.04754722173463536, 0.08013857206842627, -0.06012608362779415, -0.005928751291342072, -0.02802474346502513], [-0.12553367112242306, 0.06721804249651588, 0.04352169950772055, -0.06012608362779415, 0.3028269731838074, -0.04436884111981465, 0.07086699761264113], [0.028925468091271486, -0.01987132960952131, -0.01687635913864391, -0.005928751291342072, -0.04436884111981465, 0.1657312980831562, -0.011815192190260804], [-0.00098335768244323, -0.015564474167457406, -0.003457139687354195, -0.02802474346502513, 0.07086699761264113, -0.011815192190260804, 0.14336849688635458]]",
    "monomial_list": "[1, x6, x5, x4, x3, x2, x1]"
}