{
    "name": "Multiplier-5",
    "rational_expression": "63*x1**2/500 - 149*x1*x2/5000 + 83*x1*x3/1250 + 143*x1*x4/10000 - 297*x1*x5/1000 + 131*x1*x6/10000 - 21*x1/500 + 259*x2**2/1000 - 133*x2*x3/1000 - 67*x2*x4/500 + 73*x2*x5/250 - x2*x6/5 + 269*x2/1000 + x3**2/8 + 111*x3*x4/1000 - 559*x3*x5/1000 + 957*x3*x6/10000 + 807*x3/10000 + 827*x4**2/10000 - 71*x4*x5/250 + 37*x4*x6/500 + 677*x4/100000 + 93*x5**2/100 - 259*x5*x6/1000 - 159*x5/250 + 139*x6**2/2000 - 28*x6/125 + 841/1000",
    "Q": "[[0.8410651513115341, -0.11215717908596017, -0.318015720752249, 0.003066629541009468, 0.04048627998511817, 0.1347579803859565, -0.020929808160423124], [-0.11215717908596017, 0.06968845339065712, -0.12950779014924424, 0.037075547892737, 0.04790979008670433, -0.10037934512529495, 0.006538445735674489], [-0.318015720752249, -0.12950779014924424, 0.9306076837359806, -0.14203549374746735, -0.27973994001301766, 0.1463403546841213, -0.1488619754052575], [0.003066629541009468, 0.037075547892737, -0.14203549374746735, 0.08220518832219864, 0.055174302627133014, -0.06675224851217419, 0.007131150629531296], [0.04048627998511817, 0.04790979008670433, -0.27973994001301766, 0.055174302627133014, 0.12436665471230117, -0.0663292912324952, 0.03332722436829658], [0.1347579803859565, -0.10037934512529495, 0.1463403546841213, -0.06675224851217419, -0.0663292912324952, 0.25958151749016095, -0.014968277850060002], [-0.020929808160423124, 0.006538445735674489, -0.1488619754052575, 0.007131150629531296, 0.03332722436829658, -0.014968277850060002, 0.12565442403204632]]",
    "monomial_list": "[1, x6, x5, x4, x3, x2, x1]"
}