{
    "name": "Multiplier-6",
    "rational_expression": "407*x1**2/10000 + 267*x1*x2/100000 + 447*x1*x3/50000 - 69*x1*x4/50000 - 233*x1*x5/10000 - 213*x1*x6/10000 - 111*x1/5000 + 13*x2**2/200 + 311*x2*x3/100000 + 149*x2*x4/2000 + 371*x2*x5/5000 - 633*x2*x6/10000 + 18*x2/125 + 79*x3**2/2000 + 51*x3*x4/500 - 71*x3*x5/500 - 3*x3*x6/200 + 417*x3/10000 + 163*x4**2/1000 - 27*x4*x5/250 - 731*x4*x6/10000 + 28*x4/125 + 427*x5**2/1000 - 11*x5*x6/100 + 277*x5/1000 + 363*x6**2/10000 - 193*x6/1000 + 163/500",
    "Q": "[[0.3256272094520046, -0.09641199233601333, 0.13847113764023353, 0.11166420864823545, 0.02088363353058186, 0.07211357723806328, -0.011122842260954982], [-0.09641199233601333, 0.036393064837525496, -0.05508963707512776, -0.03654897316275372, -0.00751614722221358, -0.031781281054191084, -0.010805123788931276], [0.13847113764023353, -0.05508963707512776, 0.42691449071342064, -0.053825705835021095, -0.07054976956796478, 0.03745048683251856, -0.011343189711152082], [0.11166420864823545, -0.03654897316275372, -0.053825705835021095, 0.1621207272071804, 0.05064314023573892, 0.03727318598369845, -0.0004958026188600282], [0.02088363353058186, -0.00751614722221358, -0.07054976956796478, 0.05064314023573892, 0.039600610117255616, 0.0014844908023039303, 0.00447252281146125], [0.07211357723806328, -0.031781281054191084, 0.03745048683251856, 0.03727318598369845, 0.0014844908023039303, 0.06482689845693336, 0.0018455620797395366], [-0.011122842260954982, -0.010805123788931276, -0.011343189711152082, -0.0004958026188600282, 0.00447252281146125, 0.0018455620797395366, 0.040901959227701214]]",
    "monomial_list": "[1, x6, x5, x4, x3, x2, x1]"
}