{
    "name": "Multiplier-2",
    "rational_expression": "4509*x1**2/50000 - 329*x1*x2/2500 + 1559*x1*x3/100000 + 9807*x1*x4/1000000 + 8183*x1*x5/100000 - 1533*x1*x6/25000 + 9997*x1/100000 + 4381*x2**2/10000 - 271*x2*x3/2500 - 787*x2*x4/2500 - 1211*x2*x5/10000 - 519*x2*x6/5000 + 3691*x2/100000 + 4483*x3**2/100000 + 5013*x3*x4/100000 + 2721*x3*x5/100000 - 3197*x3*x6/100000 + 1157*x3/10000 + 323*x4**2/1250 - 721*x4*x5/5000 + 777*x4*x6/5000 - 5363*x4/10000 + 349*x5**2/2500 - 157*x5*x6/1000 + 347*x5/500 + 1341*x6**2/10000 - 138*x6/125 + 2629/1000",
    "Q": "[[2.629196363936231, -0.5516278538113843, 0.34618419180498994, -0.2675413851919598, 0.056793224919378764, 0.01843553418196281, 0.049415175365459106], [-0.5516278538113843, 0.133870315916462, -0.07822809370737027, 0.07746213483656768, -0.015738354681468256, -0.05178675412936297, -0.030503436474244278], [0.34618419180498994, -0.07822809370737027, 0.13977889907721827, -0.07208845860846057, 0.013488483067201662, -0.060996021486419284, 0.04092911834008903], [-0.2675413851919598, 0.07746213483656768, -0.07208845860846057, 0.25815982851334013, 0.025227292604700344, -0.15696468297349517, 0.00491465098864606], [0.056793224919378764, -0.015738354681468256, 0.013488483067201662, 0.025227292604700344, 0.044344119972309456, -0.053850462262329424, 0.00784466642508826], [0.01843553418196281, -0.05178675412936297, -0.060996021486419284, -0.15696468297349517, -0.053850462262329424, 0.43727556225127, -0.06608804541279985], [0.049415175365459106, -0.030503436474244278, 0.04092911834008903, 0.00491465098864606, 0.00784466642508826, -0.06608804541279985, 0.09031437261208665]]",
    "monomial_list": "[1, x6, x5, x4, x3, x2, x1]"
}