{
    "name": "Multiplier-5",
    "rational_expression": "103*x1**2/1000 - 551*x1*x2/10000 + 123*x1*x3/2500 - 49*x1*x4/2500 - 29*x1*x5/200 + 423*x1*x6/50000 - 199*x1/5000 + 133*x2**2/1000 - 839*x2*x3/10000 - 69*x2*x4/2500 + 97*x2*x5/500 - 117*x2*x6/1000 + 961*x2/10000 + 48*x3**2/625 + 303*x3*x4/10000 - 301*x3*x5/1000 + 14*x3*x6/125 - 781*x3/10000 + 411*x4**2/5000 - 183*x4*x5/2500 + 329*x4*x6/10000 - 19*x4/1250 + 103*x5**2/250 - 36*x5*x6/125 + 33*x5/250 + 179*x6**2/2500 - 61*x6/500 + 19/125",
    "Q": "[[0.15175945894397835, -0.06084526853400997, 0.06586659905106262, -0.007600584562252148, -0.039063047187968096, 0.04794962800631876, -0.019896869701196137], [-0.06084526853400997, 0.07146247923862094, -0.14388571858969157, 0.01646444416800652, 0.05579715460430909, -0.05865671616292538, 0.004261941148755541], [0.06586659905106262, -0.14388571858969157, 0.41146181428764833, -0.036654804543424215, -0.15060367913675296, 0.09696582761238504, -0.07231542202448867], [-0.007600584562252148, 0.01646444416800652, -0.036654804543424215, 0.08197727733022461, 0.015102757408957933, -0.01384853500272921, -0.009828039379229941], [-0.039063047187968096, 0.05579715460430909, -0.15060367913675296, 0.015102757408957933, 0.07631932238946464, -0.0417850025835062, 0.024663895093264113], [0.04794962800631876, -0.05865671616292538, 0.09696582761238504, -0.01384853500272921, -0.0417850025835062, 0.1327122639179133, -0.02770939345347739], [-0.019896869701196137, 0.004261941148755541, -0.07231542202448867, -0.009828039379229941, 0.024663895093264113, -0.02770939345347739, 0.10301791904270062]]",
    "monomial_list": "[1, x6, x5, x4, x3, x2, x1]"
}