{
    "name": "Multiplier-2",
    "rational_expression": "289*x1**2/5000 - 469*x1*x2/5000 + 203*x1*x3/10000 + x1*x4/50 + 329*x1*x5/10000 - 17*x1*x6/1000 - 301*x1/10000 + 7*x2**2/40 - 41*x2*x3/500 - 21*x2*x4/200 - 57*x2*x5/500 - 103*x2*x6/5000 - 41*x2/20000 + 83*x3**2/2000 + 293*x3*x4/10000 + 29*x3*x5/1000 - 133*x3*x6/10000 + 331*x3/10000 + 109*x4**2/1000 + 73*x4*x5/25000 + 401*x4*x6/50000 + 411*x4/100000 + 233*x5**2/2500 - 19*x5*x6/1250 + 103*x5/2000 + 23*x6**2/1250 - 107*x6/1000 + 51/200",
    "Q": "[[0.25521162688862353, -0.05369342112694977, 0.0257821043406601, 0.0020738171634821015, 0.01652999553730714, -0.0010333670018167632, -0.015008290555543903], [-0.05369342112694977, 0.018372844992365318, -0.007583956675756868, 0.003966002207163212, -0.00660718719508317, -0.010223000905723539, -0.008386445689382032], [0.0257821043406601, -0.007583956675756868, 0.09312631158838643, 0.0014577029619339914, 0.014492022668995378, -0.05687800403560846, 0.0163822521590565], [0.0020738171634821015, 0.003966002207163212, 0.0014577029619339914, 0.10928441232091161, 0.014683420608485076, -0.05247792875536959, 0.010104112527814109], [0.01652999553730714, -0.00660718719508317, 0.014492022668995378, 0.014683420608485076, 0.04117173303432689, -0.04082491130425742, 0.010117065792803593], [-0.0010333670018167632, -0.010223000905723539, -0.05687800403560846, -0.05247792875536959, -0.04082491130425742, 0.17551999865786663, -0.047374292347444794], [-0.015008290555543903, -0.008386445689382032, 0.0163822521590565, 0.010104112527814109, 0.010117065792803593, -0.047374292347444794, 0.05783582784133442]]",
    "monomial_list": "[1, x6, x5, x4, x3, x2, x1]"
}