{
    "name": "Multiplier-2",
    "rational_expression": "901*x1**2/10000 - 1317*x1*x2/10000 + 387*x1*x3/25000 + 2443*x1*x4/250000 + 4093*x1*x5/50000 - 6133*x1*x6/100000 + 201*x1/2000 + 4379*x2**2/10000 - 1087*x2*x3/10000 - 1573*x2*x4/5000 - 1209*x2*x5/10000 - 519*x2*x6/5000 + 3709*x2/100000 + 2241*x3**2/50000 + 627*x3*x4/12500 + 1363*x3*x5/50000 - 4*x3*x6/125 + 1163*x3/10000 + 1293*x4**2/5000 - 1449*x4*x5/10000 + 1559*x4*x6/10000 - 539*x4/1000 + 699*x5**2/5000 - 1577*x5*x6/10000 + 3487*x5/5000 + 1347*x6**2/10000 - 111*x6/100 + 1321/500",
    "Q": "[[2.641994576087228, -0.5544050083416637, 0.34761408563383, -0.2688630749133109, 0.05690564184647826, 0.01913946654513686, 0.049815030678096416], [-0.5544050083416637, 0.13449097654751813, -0.07854640190568148, 0.07781398461939534, -0.01573666845045052, -0.052068683361245816, -0.030590107513702832], [0.34761408563383, -0.07854640190568148, 0.1398931924121303, -0.07236519891372005, 0.013476015627355953, -0.060744752267344874, 0.0409325611473473], [-0.2688630749133109, 0.07781398461939534, -0.07236519891372005, 0.2586482385329781, 0.025268415664468896, -0.15735115863189675, 0.004850804543589252], [0.05690564184647826, -0.01573666845045052, 0.013476015627355953, 0.025268415664468896, 0.04434523227376182, -0.053909584946507584, 0.007828872812189955], [0.01913946654513686, -0.052068683361245816, -0.060744752267344874, -0.15735115863189675, -0.053909584946507584, 0.4378365576518659, -0.06598866862987578], [0.049815030678096416, -0.030590107513702832, 0.0409325611473473, 0.004850804543589252, 0.007828872812189955, -0.06598866862987578, 0.09030369691221396]]",
    "monomial_list": "[1, x6, x5, x4, x3, x2, x1]"
}