{
    "name": "Multiplier-1",
    "rational_expression": "21*x1**2/200 - 161*x1*x2/2500 - 21*x1*x3/500 - 29*x1*x4/250 - 191*x1*x5/2000 - 997*x1*x6/100000 - 41*x1/250 + 387*x2**2/5000 - 243*x2*x3/50000 + 51*x2*x4/1250 + 163*x2*x5/5000 - 13*x2*x6/500 + 199*x2/2500 + 17*x3**2/500 + 167*x3*x4/2500 - 761*x3*x5/100000 - 39*x3*x6/6250 + 249*x3/5000 + 131*x4**2/1000 + 127*x4*x5/50000 - 59*x4*x6/5000 + 71*x4/500 + 121*x5**2/1000 - 119*x5*x6/12500 + 481*x5/5000 + 69*x6**2/5000 - 773*x6/10000 + 237/1000",
    "Q": "[[0.23678351449060836, -0.03864106530131473, 0.04811085811686684, 0.07112884955789685, 0.024902495434095742, 0.03987001806695048, -0.08200447751997628], [-0.03864106530131473, 0.013793994537984071, -0.004775223606808522, -0.005916914750059884, -0.0031286383875038285, -0.013009407146629653, -0.004981122088483732], [0.04811085811686684, -0.004775223606808522, 0.1209399052211242, 0.001303177539037706, -0.0038325192384129703, 0.016363952801512406, -0.04770567579372909], [0.07112884955789685, -0.005916914750059884, 0.001303177539037706, 0.13103861706808512, 0.03342899708628775, 0.020404632832440157, -0.05831650242588981], [0.024902495434095742, -0.0031286383875038285, -0.0038325192384129703, 0.03342899708628775, 0.034555790966696025, -0.0025890587763855283, -0.021127760570739448], [0.03987001806695048, -0.013009407146629653, 0.016363952801512406, 0.020404632832440157, -0.0025890587763855283, 0.07723807472385462, -0.03206297767817372], [-0.08200447751997628, -0.004981122088483732, -0.04770567579372909, -0.05831650242588981, -0.021127760570739448, -0.03206297767817372, 0.10418775876119327]]",
    "monomial_list": "[1, x6, x5, x4, x3, x2, x1]"
}