{
    "name": "Total Decomposition",
    "rational_expression": "76861*x1**4/100000 - 48483*x1**3*x2/50000 + 8643*x1**3*x3/50000 + 32113*x1**3*x4/1000000 + 42879*x1**3*x5/100000 + 7091*x1**3*x6/25000 - 38497*x1**3/10000 + 26133*x1**2*x2**2/50000 - 21917*x1**2*x2*x3/100000 - 9603*x1**2*x2*x4/200000 - 20589*x1**2*x2*x5/100000 - 23101*x1**2*x2*x6/100000 + 5449*x1**2*x2/2500 + 19519*x1**2*x3**2/100000 - 21607*x1**2*x3*x4/250000 + 74811*x1**2*x3*x5/1000000 + 5311*x1**2*x3*x6/50000 - 7709*x1**2*x3/5000 + 22637*x1**2*x4**2/100000 + 1537*x1**2*x4*x5/6250 + 13807*x1**2*x4*x6/250000 - 60489*x1**2*x4/100000 - 43223*x1**2*x5**2/1000000 + 837*x1**2*x5*x6/6250 - 5313*x1**2*x5/5000 + 21791*x1**2*x6**2/100000 - 19111*x1**2*x6/10000 + 4163*x1**2/500 - 2499*x1*x2**3/2000 + 19533*x1*x2**2*x3/50000 - 13557*x1*x2**2*x4/200000 + 508*x1*x2**2*x5/3125 - 50211*x1*x2**2*x6/10000000 + 1473*x1*x2**2/1000 - 8121*x1*x2*x3**2/25000 + 37773*x1*x2*x3*x4/100000 - 16911*x1*x2*x3*x5/50000 - 8981*x1*x2*x3*x6/20000 + 41*x1*x2*x3/16 + 30953*x1*x2*x4**2/100000 - 44819*x1*x2*x4*x5/100000 - 21083*x1*x2*x4*x6/100000 - 13403*x1*x2*x4/200000 + 65191*x1*x2*x5**2/100000 - 469*x1*x2*x5*x6/1250 - 203*x1*x2*x5/200 - 9593*x1*x2*x6**2/20000 + 30729*x1*x2*x6/10000 - 6043*x1*x2/2500 + 5897*x1*x3**3/125000 - 9897*x1*x3**2*x4/50000 - 589*x1*x3**2*x5/5000 + 15897*x1*x3**2*x6/100000 - 721*x1*x3**2/625 - 3237*x1*x3*x4**2/250000 - 5247*x1*x3*x4*x5/25000 + 16097*x1*x3*x4*x6/250000 + 30871*x1*x3*x4/50000 - 18983*x1*x3*x5**2/200000 + 2327*x1*x3*x5*x6/6250 - 10257*x1*x3*x5/10000 + 5691*x1*x3*x6**2/25000 - 21367*x1*x3*x6/10000 + 876*x1*x3/125 - 27609*x1*x4**3/1000000 - 79*x1*x4**2*x5/800 - 67181*x1*x4**2*x6/1000000 - 16373*x1*x4**2/100000 + 959*x1*x4*x5**2/4000 + 489*x1*x4*x5*x6/1250 - 18451*x1*x4*x5/10000 + 591*x1*x4*x6**2/3125 - 12303*x1*x4*x6/10000 + 29647*x1*x4/10000 - 5517*x1*x5**3/100000 + 17*x1*x5**2*x6/1250 + 658*x1*x5**2/625 + 1809*x1*x5*x6**2/5000 - 16509*x1*x5*x6/10000 - 2661*x1*x5/2000 + 6359*x1*x6**3/50000 - 10077*x1*x6**2/5000 + 3867*x1*x6/500 - 10721*x1/1000 + 4257*x2**4/1250 - 14091*x2**3*x3/100000 + 1167*x2**3*x4/10000 - 2783*x2**3*x5/2500 + 9199*x2**3*x6/25000 - 2351*x2**3/500 + 66029*x2**2*x3**2/100000 + 18679*x2**2*x3*x4/100000 + 8003*x2**2*x3*x5/25000 + 43427*x2**2*x3*x6/1000000 - 4771*x2**2*x3/10000 + 23691*x2**2*x4**2/25000 - 6671*x2**2*x4*x5/20000 + 10117*x2**2*x4*x6/50000 - 18289*x2**2*x4/10000 + 91527*x2**2*x5**2/100000 - 97763*x2**2*x5*x6/1000000 + 5317*x2**2*x5/25000 + 6799*x2**2*x6**2/20000 - 21509*x2**2*x6/10000 + 37967*x2**2/5000 - 9639*x2*x3**3/50000 + 12211*x2*x3**2*x4/20000 + 29293*x2*x3**2*x5/50000 - 4211*x2*x3**2*x6/5000 + 362*x2*x3**2/125 + 34729*x2*x3*x4**2/100000 - 74361*x2*x3*x4*x5/100000 - 66701*x2*x3*x4*x6/1000000 - 69539*x2*x3*x4/1000000 + 10181*x2*x3*x5**2/10000 - 1827*x2*x3*x5*x6/4000 - 4171*x2*x3*x5/2500 - 29147*x2*x3*x6**2/50000 + 7743*x2*x3*x6/2000 - 16769*x2*x3/10000 - 23473*x2*x4**3/1000000 - 11389*x2*x4**2*x5/50000 + 46031*x2*x4**2*x6/10000000 - 56429*x2*x4**2/100000 - 29173*x2*x4*x5**2/100000 - 12493*x2*x4*x5*x6/100000 + 2301*x2*x4*x5/2000 + 3107*x2*x4*x6**2/50000 - 10229*x2*x4*x6/10000 + 1991*x2*x4/625 + 6059*x2*x5**3/10000 - 80203*x2*x5**2*x6/1000000 - 21409*x2*x5**2/10000 + 27013*x2*x5*x6**2/100000 - 6803*x2*x5*x6/5000 + 86289*x2*x5/100000 - 43391*x2*x6**3/100000 + 7553*x2*x6**2/5000 + 10847*x2*x6/5000 - 66281*x2/10000 + 56701*x3**4/1000000 - 1153*x3**3*x4/5000 - 377*x3**3*x5/2000 + 18259*x3**3*x6/100000 - 6343*x3**3/5000 + 5069*x3**2*x4**2/5000 + 1397*x3**2*x4*x5/2500 - 6789*x3**2*x4*x6/12500 + 3407*x3**2*x4/1250 + 61259*x3**2*x5**2/100000 - 1167*x3**2*x5*x6/2000 + 28907*x3**2*x5/10000 + 28821*x3**2*x6**2/50000 - 2661*x3**2*x6/625 + 1326*x3**2/125 - 67*x3*x4**3/125 - 8093*x3*x4**2*x5/10000 - 29063*x3*x4**2*x6/50000 + 23131*x3*x4**2/10000 + 75649*x3*x4*x5**2/100000 + 2623*x3*x4*x5*x6/50000 - 49*x3*x4*x5/20 - 4929*x3*x4*x6**2/12500 + 1199*x3*x4*x6/400 - 18857*x3*x4/5000 + 77549*x3*x5**3/100000 - 16811*x3*x5**2*x6/20000 + 1931*x3*x5**2/1250 + 29599*x3*x5*x6**2/100000 + 951*x3*x5*x6/400 - 17807*x3*x5/1000 + 12849*x3*x6**3/25000 - 4236*x3*x6**2/625 + 23633*x3*x6/1000 - 10833*x3/500 + 36599*x4**4/50000 + 7957*x4**3*x5/50000 + 3711*x4**3*x6/20000 - 8277*x4**3/2500 - 13667*x4**2*x5**2/100000 + 7361*x4**2*x5*x6/50000000 + 14231*x4**2*x5/50000 - 11247*x4**2*x6**2/100000 + 55523*x4**2*x6/100000 + 50517*x4**2/10000 - 43777*x4*x5**3/100000 - 4373*x4*x5**2*x6/100000 + 22837*x4*x5**2/10000 + 34357*x4*x5*x6**2/50000 - 33573*x4*x5*x6/10000 + 11133*x4*x5/12500 + 3011*x4*x6**3/12500 - 1993*x4*x6**2/1000 + 2794*x4*x6/625 - 15793*x4/2500 + 10491*x5**4/10000 + 72563*x5**3*x6/100000 - 46193*x5**3/5000 - 157*x5**2*x6**2/400 + 25343*x5**2*x6/100000 + 17331*x5**2/1000 - 38519*x5*x6**3/500000 + 5219*x5*x6**2/2000 - 1704*x5*x6/125 + 2847*x5/250 + 51941*x6**4/100000 - 3574*x6**3/625 + 10971*x6**2/500 - 16683*x6/500 + 5561/250",
    "Q": "[[22.2437852383222, -16.687830595914395, 5.695644229794568, -3.1693249782696005, -10.83434323015666, -3.3244449495120354, -5.3638746089306455, 2.6229975859774384, 0.4215154437769367, 1.1104409989990993, 1.9269726024619538, -0.6161460102663153, 0.6380858362473915, -2.19890103567301, 1.2270886983499052, -0.374616999770575, 0.19171386175346317, 1.0668358778470461, -0.3878921260680552, -2.508712599569868, 0.302015001768222, 0.44421185759767656, 0.6494724723543465, -1.8281764550966908, 0.6434554068558557, 1.850354779325343, -1.991934863605213, 0.8284475477877783], [-16.687830595914395, 16.700951437345726, -7.2431023861917625, 1.1336876508525893, 9.883671023122682, 1.717586180375757, 3.226071068815269, -2.857029231706502, -0.10705506260829015, -0.8852733135271647, -1.6857952362346276, 0.9576125558651972, -0.4757235741607726, 2.217896767066148, -1.1212132258257415, -0.15321343044656494, -0.19300673408702979, -0.7953056746408004, 0.8634804702908758, 1.9307011846009556, -0.22317155268412975, -0.31135227257432974, -0.6120279574375118, 1.639013657662772, -0.39020601500630636, -0.7328730797767511, 1.6243856941940438, -0.35752097838110536], [5.695644229794568, -7.2431023861917625, 21.737861039247814, -0.7892488340152854, -8.524718977017788, 0.23275087414330062, -1.7272061315126155, 1.4143692826580203, -2.088194786177215, -0.4122610237352258, 1.0667536357296032, -0.2732295689063916, -0.06980160324382756, -4.614845651407307, 0.7295999338504368, -1.4928475373003758, -1.2215952032863528, -0.14793085861023994, 0.7442607883774677, -1.0124768227562713, 0.5175889040142925, -0.3395126696559159, 0.751336641593714, -0.8563626773999574, 0.14093402002898442, 0.0004136725440232229, -0.4144357973201028, 0.3363577761728291], [-3.1693249782696005, 1.1336876508525893, -0.7892488340152854, 5.810068751380183, 0.6344245214851274, 1.2854289318298737, 1.0397869672058153, -0.11259051958308595, -0.1533686165277903, -0.5790210723195655, -0.10642514657383541, -0.07267428733934987, -0.10890228998400625, 0.414004269418826, -0.6059571304547438, 0.45083462876300995, 0.2673263367569534, -0.09672304600275776, -1.6533173762597089, 0.9010447705853627, -0.1407110892271588, -0.18160312008362536, -0.07831650974096487, -0.01899207343974082, -0.11427225697451605, -0.654652374244928, 0.15509556555691395, -0.12310149794939301], [-10.83434323015666, 9.883671023122682, -8.524718977017788, 0.6344245214851274, 9.318700823374227, 0.9904655960258083, 2.859803412200424, -1.6985394000662526, 0.2742409537017607, -0.3251871972127942, -1.5171219863595036, 0.4513000217736108, -0.2628003558481925, 2.2654534382200597, -0.6727780173042109, 0.6984350231263062, 0.14574638725957947, -0.5721522938403855, 0.26023908453996725, 1.4392440672742304, -0.2526587636261447, -0.08469340982604165, -0.6382658547568819, 1.4732740555309085, -0.4310609004322688, -0.3289173556371146, 1.0330105106981329, -0.4604603011520343], [-3.3244449495120354, 1.717586180375757, 0.23275087414330062, 1.2854289318298737, 0.9904655960258083, 3.904269147321526, 0.7940716328710696, -0.20786874035852596, -0.207698239143551, -0.21242130198904804, -0.15185935123370115, -0.34768241479670026, -0.13502455803569363, 0.1511765855049459, -0.2040402782788967, -0.11898202330375252, 0.10132263981489943, -0.1069783218811033, -0.14149474922797536, 0.24038765185944386, -0.2587563575219014, -0.09029945938796508, -0.02393268705464606, 0.090500020434264, -0.07516550847851834, -2.3522234381581626, 0.5187460414451254, -0.10036378413515265], [-5.3638746089306455, 3.226071068815269, -1.7272061315126155, 1.0397869672058153, 2.859803412200424, 0.7940716328710696, 6.681869110198786, -0.5286281383987586, 0.04401690130681501, -0.18907166693059774, -0.4115561759780127, 0.03776342724582186, -0.6027145962060683, 0.6742967852779173, -0.49030520833270336, -0.07688862446853648, 0.025136607508203186, -0.8641764402365897, 0.10271338535483007, 0.5109804705549102, -0.09973292835963074, -0.18338429976053755, -0.14588466895513746, 0.32014235942489455, -0.3121457320059175, 0.2172684230829215, 1.1862414220746684, -1.925076333586561], [2.6229975859774384, -2.857029231706502, 1.4143692826580203, -0.11259051958308595, -1.6985394000662526, -0.20786874035852596, -0.5286281383987586, 0.5183415422576295, -0.03878916978820003, 0.1202909712252779, 0.2563907493848727, -0.21599789457338248, 0.06306633231586373, -0.3959977130182736, 0.2001069511579256, 0.08819824125492612, 0.0843135117894763, 0.13723025453029788, -0.16924465902810445, -0.3016855569751894, 0.04815866026201225, 0.046744405449808325, 0.10936000381071927, -0.23673607621880258, 0.06091098580077577, 0.013974519667364202, -0.22410928444867248, 0.05054745335213769], [0.4215154437769367, -0.10705506260829015, -2.088194786177215, -0.1533686165277903, 0.2742409537017607, -0.207698239143551, 0.04401690130681501, -0.03878916978820003, 0.39883808462077613, 0.1438443069898677, 0.05881306497378294, 0.04941581519872771, 0.04224746197535031, 0.3615280729130776, -0.03268518831590303, -0.0947507976799979, -0.1040633028586802, 0.030000547205718042, -0.07091595243543636, -0.030827924433485303, 0.007936015728519165, 0.08156514161251509, -0.03739979729933749, -0.0977219143025843, 0.041246178485104805, 0.1495641215744342, -0.10698542679529563, -0.016255582581705532], [1.1104409989990993, -0.8852733135271647, -0.4122610237352258, -0.5790210723195655, -0.3251871972127942, -0.21242130198904804, -0.18907166693059774, 0.1202909712252779, 0.1438443069898677, 0.2244012634206795, 0.10480555305655864, -0.017916611066338618, 0.04661176635193282, 0.012474810522679469, 0.07136682604504312, -0.029127303986576005, -0.005384062402767873, 0.06252448591316997, 0.09200710796026117, -0.24337527678006818, -0.1049682225254041, 0.00317420945095607, 0.014014818144838822, -0.11707772865077325, 0.03853802708072001, 0.11598899191046867, -0.09791433289382168, 0.01245851716454382], [1.9269726024619538, -1.6857952362346276, 1.0667536357296032, -0.10642514657383541, -1.5171219863595036, -0.15185935123370115, -0.4115561759780127, 0.2563907493848727, 0.05881306497378294, 0.10480555305655864, 0.35726629316721265, -0.054776988721991215, 0.05196055267303446, -0.32575499964201765, 0.08850979151545152, -0.25390236532409405, -0.03617349632572601, 0.09889214634375, -0.047724759745588784, -0.2843951434614827, 0.021441601123781538, 0.037005236099475806, 0.09185755501928092, -0.3904738636140715, 0.06978754072827188, 0.029385392533303807, -0.18733062899273525, 0.06146693261328653], [-0.6161460102663153, 0.9576125558651972, -0.2732295689063916, -0.07267428733934987, 0.4513000217736108, -0.34768241479670026, 0.03776342724582186, -0.21599789457338248, 0.04941581519872771, -0.017916611066338618, -0.054776988721991215, 0.3150524371154257, -0.014107920356025061, 0.062257116438025666, -0.06518702345483489, -0.09565257818352355, -0.19648775500489998, -0.06093014940810509, 0.10731240055028696, 0.05966737676394176, -0.01432993882197919, -0.009843205154815257, -0.030206830793934977, -0.009740640299410176, 0.0028554531640198064, 0.18337804482472395, -0.10986737085937337, 0.07033340877006172], [0.6380858362473915, -0.4757235741607726, -0.06980160324382756, -0.10890228998400625, -0.2628003558481925, -0.13502455803569363, -0.6027145962060683, 0.06306633231586373, 0.04224746197535031, 0.04661176635193282, 0.05196055267303446, -0.014107920356025061, 0.11799366403699953, -0.024156751844999068, 0.05109097101090834, 0.04544577896620907, -0.019897106211508205, 0.08269046709962487, -0.03711055324619758, -0.043359126532588534, 0.002999201217117954, 0.014580569794925363, 0.009266641487488172, -0.03780724145665449, -0.007980763794847514, 0.10620857856031637, -0.18444386513183283, 0.1425170618516198], [-2.19890103567301, 2.217896767066148, -4.614845651407307, 0.414004269418826, 2.2654534382200597, 0.1511765855049459, 0.6742967852779173, -0.3959977130182736, 0.3615280729130776, 0.012474810522679469, -0.32575499964201765, 0.062257116438025666, -0.024156751844999068, 1.0465462446995568, -0.21853789183786423, 0.38617633364927734, 0.3028816491703423, -0.027389825247441907, -0.16909637510714165, 0.34584229995001525, -0.13013119803900702, 0.04154828925046271, -0.18568911447394204, 0.2822757608110279, -0.07250551375934979, -0.11312672605060231, 0.21000259619802025, -0.13701865035659064], [1.2270886983499052, -1.1212132258257415, 0.7295999338504368, -0.6059571304547438, -0.6727780173042109, -0.2040402782788967, -0.49030520833270336, 0.2001069511579256, -0.03268518831590303, 0.07136682604504312, 0.08850979151545152, -0.06518702345483489, 0.05109097101090834, -0.21853789183786423, 0.20578773134805387, 0.03260409767326936, -0.016328996456738396, 0.07883247153137603, 0.07819140671918612, -0.14006248800238624, 0.04123667508356082, 0.02346797466526561, 0.04448862732815246, -0.0670868091871283, 0.027450144723086028, 0.05057759727009329, -0.14774569872089846, 0.10622415504273894], [-0.374616999770575, -0.15321343044656494, -1.4928475373003758, 0.45083462876300995, 0.6984350231263062, -0.11898202330375252, -0.07688862446853648, 0.08819824125492612, -0.0947507976799979, -0.029127303986576005, -0.25390236532409405, -0.09565257818352355, 0.04544577896620907, 0.38617633364927734, 0.03260409767326936, 0.9805478242609701, 0.22626108122751712, 0.02452226680872385, -0.26295669369823577, 0.2346985828903798, -0.10905689032054164, 0.01101918001136147, -0.09509045805041365, 0.3006221756547371, -0.09074341716383343, 0.1298492200001507, -0.03183129145233664, -0.015291974617175725], [0.19171386175346317, -0.19300673408702979, -1.2215952032863528, 0.2673263367569534, 0.14574638725957947, 0.10132263981489943, 0.025136607508203186, 0.0843135117894763, -0.1040633028586802, -0.005384062402767873, -0.03617349632572601, -0.19648775500489998, -0.019897106211508205, 0.3028816491703423, -0.016328996456738396, 0.22626108122751712, 1.1445242784125702, 0.11289698371944609, -0.15463854938136168, -0.19538887337703786, -0.21857403142156404, -0.05318809840285289, -0.008708592808854174, 0.03224495370983749, -0.03265821944124582, -0.5564889373480311, 0.14861728331532917, 0.02403230389478223], [1.0668358778470461, -0.7953056746408004, -0.14793085861023994, -0.09672304600275776, -0.5721522938403855, -0.1069783218811033, -0.8641764402365897, 0.13723025453029788, 0.030000547205718042, 0.06252448591316997, 0.09889214634375, -0.06093014940810509, 0.08269046709962487, -0.027389825247441907, 0.07883247153137603, 0.02452226680872385, 0.11289698371944609, 0.22784190722472755, -0.07365950820844458, -0.14224841610842145, -0.02337029184874919, 0.018157939644804146, 0.03116383865255224, -0.10672574734431198, 0.052049638394896194, -0.06660374514355887, -0.12706890866483755, 0.21436511008327927], [-0.3878921260680552, 0.8634804702908758, 0.7442607883774677, -1.6533173762597089, 0.26023908453996725, -0.14149474922797536, 0.10271338535483007, -0.16924465902810445, -0.07091595243543636, 0.09200710796026117, -0.047724759745588784, 0.10731240055028696, -0.03711055324619758, -0.16909637510714165, 0.07819140671918612, -0.26295669369823577, -0.15463854938136168, -0.07365950820844458, 0.7311890516853842, -0.2664145303125794, -0.01084732462616654, -0.014259455610320649, 0.011711344212300533, 0.08782135777428235, 0.0060515793194300185, 0.07289548024021983, 0.13757808349013745, -0.037679508449116335], [-2.508712599569868, 1.9307011846009556, -1.0124768227562713, 0.9010447705853627, 1.4392440672742304, 0.24038765185944386, 0.5109804705549102, -0.3016855569751894, -0.030827924433485303, -0.24337527678006818, -0.2843951434614827, 0.05966737676394176, -0.043359126532588534, 0.34584229995001525, -0.14006248800238624, 0.2346985828903798, -0.19538887337703786, -0.14224841610842145, -0.2664145303125794, 0.9871288969894068, 0.08812556447102889, -0.012432113825347882, -0.11582954135187554, 0.28322230215337446, -0.09352680663829151, 0.0682973335767139, 0.1732893045104, -0.07526648184820853], [0.302015001768222, -0.22317155268412975, 0.5175889040142925, -0.1407110892271588, -0.2526587636261447, -0.2587563575219014, -0.09973292835963074, 0.04815866026201225, 0.007936015728519165, -0.1049682225254041, 0.021441601123781538, -0.01432993882197919, 0.002999201217117954, -0.13013119803900702, 0.04123667508356082, -0.10905689032054164, -0.21857403142156404, -0.02337029184874919, -0.01084732462616654, 0.08812556447102889, 0.7982441561847403, 0.017915398814410968, 0.021943468934738065, 0.026322564684826175, 0.03659413921688312, 0.05819678532839656, -0.0748234070529859, 0.03531392162606036], [0.44421185759767656, -0.31135227257432974, -0.3395126696559159, -0.18160312008362536, -0.08469340982604165, -0.09029945938796508, -0.18338429976053755, 0.046744405449808325, 0.08156514161251509, 0.00317420945095607, 0.037005236099475806, -0.009843205154815257, 0.014580569794925363, 0.04154828925046271, 0.02346797466526561, 0.01101918001136147, -0.05318809840285289, 0.018157939644804146, -0.014259455610320649, -0.012432113825347882, 0.017915398814410968, 0.3018351781099216, -0.005103715889666466, -0.022695261973793856, 0.03058479190320018, 0.042852133465349204, -0.0598637122930072, 0.016501255495058337], [0.6494724723543465, -0.6120279574375118, 0.751336641593714, -0.07831650974096487, -0.6382658547568819, -0.02393268705464606, -0.14588466895513746, 0.10936000381071927, -0.03739979729933749, 0.014014818144838822, 0.09185755501928092, -0.030206830793934977, 0.009266641487488172, -0.18568911447394204, 0.04448862732815246, -0.09509045805041365, -0.008708592808854174, 0.03116383865255224, 0.011711344212300533, -0.11582954135187554, 0.021943468934738065, -0.005103715889666466, 0.0572537856061522, -0.09696535093151891, 0.023947714382872354, -0.01609420089064363, -0.04297182348125103, 0.02007825006710094], [-1.8281764550966908, 1.639013657662772, -0.8563626773999574, -0.01899207343974082, 1.4732740555309085, 0.090500020434264, 0.32014235942489455, -0.23673607621880258, -0.0977219143025843, -0.11707772865077325, -0.3904738636140715, -0.009740640299410176, -0.03780724145665449, 0.2822757608110279, -0.0670868091871283, 0.3006221756547371, 0.03224495370983749, -0.10672574734431198, 0.08782135777428235, 0.28322230215337446, 0.026322564684826175, -0.022695261973793856, -0.09696535093151891, 0.693365039993881, -0.11948250211686576, -0.06996480476705629, 0.17042094105015754, -0.02512683681348843], [0.6434554068558557, -0.39020601500630636, 0.14093402002898442, -0.11427225697451605, -0.4310609004322688, -0.07516550847851834, -0.3121457320059175, 0.06091098580077577, 0.041246178485104805, 0.03853802708072001, 0.06978754072827188, 0.0028554531640198064, -0.007980763794847514, -0.07250551375934979, 0.027450144723086028, -0.09074341716383343, -0.03265821944124582, 0.052049638394896194, 0.0060515793194300185, -0.09352680663829151, 0.03659413921688312, 0.03058479190320018, 0.023947714382872354, -0.11948250211686576, 0.15460787684891247, 0.024582934936174302, -0.08386789571823135, 0.08629262631679227], [1.850354779325343, -0.7328730797767511, 0.0004136725440232229, -0.654652374244928, -0.3289173556371146, -2.3522234381581626, 0.2172684230829215, 0.013974519667364202, 0.1495641215744342, 0.11598899191046867, 0.029385392533303807, 0.18337804482472395, 0.10620857856031637, -0.11312672605060231, 0.05057759727009329, 0.1298492200001507, -0.5564889373480311, -0.06660374514355887, 0.07289548024021983, 0.0682973335767139, 0.05819678532839656, 0.042852133465349204, -0.01609420089064363, -0.06996480476705629, 0.024582934936174302, 3.4050293712137236, -0.6254871595754629, -0.25398754177201227], [-1.991934863605213, 1.6243856941940438, -0.4144357973201028, 0.15509556555691395, 1.0330105106981329, 0.5187460414451254, 1.1862414220746684, -0.22410928444867248, -0.10698542679529563, -0.09791433289382168, -0.18733062899273525, -0.10986737085937337, -0.18444386513183283, 0.21000259619802025, -0.14774569872089846, -0.03183129145233664, 0.14861728331532917, -0.12706890866483755, 0.13757808349013745, 0.1732893045104, -0.0748234070529859, -0.0598637122930072, -0.04297182348125103, 0.17042094105015754, -0.08386789571823135, -0.6254871595754629, 1.0296648101059602, -0.4837400074227777], [0.8284475477877783, -0.35752097838110536, 0.3363577761728291, -0.12310149794939301, -0.4604603011520343, -0.10036378413515265, -1.925076333586561, 0.05054745335213769, -0.016255582581705532, 0.01245851716454382, 0.06146693261328653, 0.07033340877006172, 0.1425170618516198, -0.13701865035659064, 0.10622415504273894, -0.015291974617175725, 0.02403230389478223, 0.21436511008327927, -0.037679508449116335, -0.07526648184820853, 0.03531392162606036, 0.016501255495058337, 0.02007825006710094, -0.02512683681348843, 0.08629262631679227, -0.25398754177201227, -0.4837400074227777, 0.7679159067329059]]",
    "monomial_list": "[1, x6, x5, x4, x3, x2, x1, x6**2, x5*x6, x4*x6, x3*x6, x2*x6, x1*x6, x5**2, x4*x5, x3*x5, x2*x5, x1*x5, x4**2, x3*x4, x2*x4, x1*x4, x3**2, x2*x3, x1*x3, x2**2, x1*x2, x1**2]"
}