{
    "name": "Total Decomposition",
    "rational_expression": "837*x1**4/6250 - 89931*x1**3*x2/1000000 + 47423*x1**3*x3/500000 - 35639*x1**3*x4/1000000 + 28217*x1**3*x5/500000 + 5357*x1**3*x6/50000 - 3629*x1**3/4000 + 41733*x1**2*x2**2/1000000 - 21513*x1**2*x2*x3/1000000 - 11989*x1**2*x2*x4/1250000 - 14839*x1**2*x2*x5/1000000 - 2961*x1**2*x2*x6/100000 + 8527*x1**2*x2/50000 + 5871*x1**2*x3**2/125000 + 467*x1**2*x3*x4/125000 - 52411*x1**2*x3*x5/10000000 + 36991*x1**2*x3*x6/1000000 - 42999*x1**2*x3/100000 + 457*x1**2*x4**2/8000 + 10001*x1**2*x4*x5/500000 + 1459*x1**2*x4*x6/50000 - 40619*x1**2*x4/500000 + 6913*x1**2*x5**2/50000 + 50479*x1**2*x5*x6/1000000 - 3649*x1**2*x5/12500 + 21193*x1**2*x6**2/500000 - 1043*x1**2*x6/2000 + 21533*x1**2/10000 - 3769*x1*x2**3/20000 + 539*x1*x2**2*x3/62500 + 45329*x1*x2**2*x4/10000000 + 751*x1*x2**2*x5/15625 - 57591*x1*x2**2*x6/10000000 + 7969*x1*x2**2/50000 - 8059*x1*x2*x3**2/500000 - 28469*x1*x2*x3*x4/1000000 - 34667*x1*x2*x3*x5/1000000 - 23083*x1*x2*x3*x6/500000 + 15551*x1*x2*x3/2000000 + 23079*x1*x2*x4**2/5000000 - 7911*x1*x2*x4*x5/500000 - 10647*x1*x2*x4*x6/250000 + 517*x1*x2*x4/5000 - 20789*x1*x2*x5**2/100000 - 2659*x1*x2*x5*x6/25000 + 23083*x1*x2*x5/50000 - 171*x1*x2*x6**2/8000 + 18479*x1*x2*x6/250000 + 739*x1*x2/5000 + 75791*x1*x3**3/10000000 - 11839*x1*x3**2*x4/1000000 - 29581*x1*x3**2*x5/500000 + 20953*x1*x3**2*x6/1000000 - 3723*x1*x3**2/25000 - 6281*x1*x3*x4**2/200000 + 33457*x1*x3*x4*x5/500000 + 2753*x1*x3*x4*x6/62500 - 6449*x1*x3*x4/50000 + 1677*x1*x3*x5**2/10000 + 11451*x1*x3*x5*x6/125000 - 16701*x1*x3*x5/100000 + 27871*x1*x3*x6**2/500000 - 2321*x1*x3*x6/6250 + 48017*x1*x3/50000 - 527*x1*x4**3/50000 - 9973*x1*x4**2*x5/500000 - 11489*x1*x4**2*x6/500000 - 1673*x1*x4**2/500000 + 761*x1*x4*x5**2/40000 + 3241*x1*x4*x5*x6/40000 - 6717*x1*x4*x5/25000 + 60139*x1*x4*x6**2/1000000 - 43653*x1*x4*x6/100000 + 22799*x1*x4/25000 + 16853*x1*x5**3/50000 + 25173*x1*x5**2*x6/100000 - 15697*x1*x5**2/10000 + 7639*x1*x5*x6**2/100000 - 29263*x1*x5*x6/50000 + 6147*x1*x5/5000 + 31413*x1*x6**3/1000000 - 8709*x1*x6**2/25000 + 5933*x1*x6/5000 - 997*x1/500 + 17837*x2**4/50000 + 53109*x2**3*x3/1000000 - 8963*x2**3*x4/200000 - 12421*x2**3*x5/100000 + 8597*x2**3*x6/500000 - 23561*x2**3/50000 + 1321*x2**2*x3**2/12500 + 61151*x2**2*x3*x4/1000000 + 486*x2**2*x3*x5/3125 - 13199*x2**2*x3*x6/10000000 - 15331*x2**2*x3/50000 + 5653*x2**2*x4**2/50000 - 23129*x2**2*x4*x5/500000 - 10641*x2**2*x4*x6/1000000 - 2339*x2**2*x4/50000 + 96699*x2**2*x5**2/1000000 - 11627*x2**2*x5*x6/500000 + 423*x2**2*x5/40000 + 2573*x2**2*x6**2/100000 - 18431*x2**2*x6/100000 + 6113*x2**2/5000 + 96479*x2*x3**3/10000000 + 60157*x2*x3**2*x4/1000000 - 6183*x2*x3**2*x5/100000 - 91681*x2*x3**2*x6/1000000 + 90081*x2*x3**2/1000000 + 75123*x2*x3*x4**2/1000000 + 48859*x2*x3*x4*x5/100000000 - 96433*x2*x3*x4*x6/1000000 + 342*x2*x3*x4/3125 - 53907*x2*x3*x5**2/100000 - 9409*x2*x3*x5*x6/25000 + 15973*x2*x3*x5/10000 - 38011*x2*x3*x6**2/1000000 + 1837*x2*x3*x6/5000 - 71047*x2*x3/1000000 - 3909*x2*x4**3/100000 - 6359*x2*x4**2*x5/250000 - 83*x2*x4**2*x6/15625 - 13843*x2*x4**2/1000000 + 9877*x2*x4*x5**2/500000 - 4861*x2*x4*x5*x6/200000 - 5521*x2*x4*x5/50000 - 2489*x2*x4*x6**2/200000 - 61449*x2*x4*x6/1000000 + 63489*x2*x4/100000 - 872*x2*x5**3/3125 - 36393*x2*x5**2*x6/100000 + 11627*x2*x5**2/5000 - 17483*x2*x5*x6**2/100000 + 8903*x2*x5*x6/5000 - 51793*x2*x5/10000 - 27537*x2*x6**3/500000 + 42371*x2*x6**2/100000 - 1063*x2*x6/1000 + 13907*x2/10000 + 21641*x3**4/2500000 - 13559*x3**3*x4/1000000 - 34957*x3**3*x5/500000 + 9249*x3**3*x6/5000000 - 1543*x3**3/15625 + 3297*x3**2*x4**2/12500 - 25031*x3**2*x4*x5/1000000 - 41649*x3**2*x4*x6/1000000 + 7029*x3**2*x4/50000 + 26797*x3**2*x5**2/100000 - 10589*x3**2*x5*x6/1000000 + 177*x3**2*x5/800 + 47083*x3**2*x6**2/1000000 - 23283*x3**2*x6/100000 + 39713*x3**2/50000 - 2143*x3*x4**3/10000 - 71699*x3*x4**2*x5/1000000 - 41067*x3*x4**2*x6/500000 + 46489*x3*x4**2/100000 - 25897*x3*x4*x5**2/100000 - 643*x3*x4*x5*x6/20000 + 41121*x3*x4*x5/50000 + 18411*x3*x4*x6**2/500000 - 24571*x3*x4*x6/500000 + 2339*x3*x4/10000 + 37249*x3*x5**3/50000 + 67509*x3*x5**2*x6/100000 - 35643*x3*x5**2/10000 + 21289*x3*x5*x6**2/100000 - 14941*x3*x5*x6/10000 + 10701*x3*x5/5000 + 36787*x3*x6**3/1000000 - 47687*x3*x6**2/100000 + 3047*x3*x6/2000 - 1823*x3/1250 + 13*x4**4/125 - 131*x4**3*x5/12500 + 409*x4**3*x6/25000 - 573*x4**3/1250 + 2637*x4**2*x5**2/25000 + 737*x4**2*x5*x6/62500 - 26691*x4**2*x5/100000 + 617*x4**2*x6**2/50000 - 781*x4**2*x6/15625 + 5607*x4**2/5000 - 28753*x4*x5**3/500000 + 40663*x4*x5**2*x6/1000000 + 27677*x4*x5**2/50000 + 14543*x4*x5*x6**2/200000 - 10459*x4*x5*x6/100000 - 6641*x4*x5/5000 + 8771*x4*x6**3/250000 - 1577*x4*x6**2/5000 + 33213*x4*x6/50000 - 859*x4/1250 + 33009*x5**4/50000 + 11179*x5**3*x6/10000 - 63929*x5**3/10000 + 16653*x5**2*x6**2/25000 - 69907*x5**2*x6/10000 + 18869*x5**2/1000 + 473*x5*x6**3/2500 - 4909*x5*x6**2/2000 + 1077*x5*x6/100 - 3351*x5/200 + 1361*x6**4/31250 - 59631*x6**3/100000 + 14369*x6**2/5000 - 15039*x6/2500 + 7949/1250",
    "Q": "[[6.360343763609335, -3.0070213840482682, -8.378598439781017, -0.34335512380750344, -0.727885773661776, 0.6993353396389504, -0.9973440951319968, 0.32831904221654346, 1.5443293757431973, 0.19065798745796636, 0.20951506345570292, -0.1665509852092358, 0.18983224249562547, 1.5981454048484114, 0.08387581582021562, 1.0314285749995826, -0.3651481065498664, 0.4984867181511147, -0.0028933160864319843, -0.29730434356064406, -0.06952295330399554, 0.1165043622193299, -0.08506566004270202, -0.329022316757435, 0.08099037424058535, -0.004273698905352603, -0.15733401846519124, 0.08933350568872046], [-3.0070213840482682, 2.2199525542021545, 3.842268357055741, 0.13923047660752236, 0.5517084499776759, -0.3660608123953062, 0.40079149085292093, -0.2985642143128536, -0.833395690176223, -0.13481486796108885, -0.15904730115982535, 0.1788763941948796, -0.12458622554385008, -0.7270987255266926, -0.04483049315499421, -0.5226513428376918, 0.1658313078443642, -0.18409502172268352, 0.07173741897485096, 0.06368641031036235, 0.019236861363993107, -0.10192833742820206, 0.032597055252641116, 0.1792991418705918, -0.06215524827769268, 0.05784511670577088, 0.07130372353926934, -0.0032563158045568023], [-8.378598439781017, 3.842268357055741, 15.668057019610824, -0.750135345239822, 0.03697128777004371, -2.2260451046439513, 0.12117642755428429, -0.39905572260268746, -2.7709072716595378, -0.11272527451375308, -0.16390332151499334, 0.3357899287382686, -0.06989759428162949, -3.1916235906110773, 0.07997128655426643, -1.820497836720391, 0.6759873586700283, -0.8268651431427596, 0.028596238339220363, 0.3510451033377138, 0.07010394930112501, -0.0790940159327229, 0.21130441936935876, 0.5527187600750667, 0.04925691923168895, 0.19474022103676455, 0.16901905151636115, 0.07813335230491739], [-0.34335512380750344, 0.13923047660752236, -0.750135345239822, 1.1222886849436016, 0.4104494001212772, 0.38563430399984105, 0.33866600685871184, -0.021074885602944564, 0.10566809199418419, -0.09432256247621229, -0.026147439555998703, -0.04583154979592519, -0.04101922982015804, 0.19721832032244319, -0.16010710576143553, 0.13411762081644638, -0.06660289627509025, 0.0293592271794192, -0.22885310083127117, 0.27322396302055385, 0.03566607418317418, -0.030954313467540844, -0.04810256469357098, -0.013872406653083931, -0.04776911682406574, -0.00472443445928028, 0.0077377560472017045, -0.04949435652951496], [-0.727885773661776, 0.5517084499776759, 0.03697128777004371, 0.4104494001212772, 0.9615617861976348, 0.29110928109043543, 0.39615550066609595, -0.07936302437486778, -0.05880966268450365, -0.05992251405486602, -0.1485877539995417, -0.0011150645147148521, -0.07809482829536854, 0.03613371278240445, -0.06979665559009762, -0.09752137864545884, 0.014834929343673753, -0.049947204512369836, -0.03903588978279465, 0.11887097886419483, 0.029411146179884863, -0.04131201282204541, -0.049281561395853116, 0.0929856307010242, -0.06884120601289426, -0.03763050953737438, 0.04136169810231603, -0.03690667576886774], [0.6993353396389504, -0.3660608123953062, -2.2260451046439513, 0.38563430399984105, 0.29110928109043543, 1.2396537186424896, 0.23218293799867387, 0.03352491081458776, 0.38938602923651966, -0.003434022614195211, 0.0050454157082342, -0.15239268819639587, -0.023247523059577137, 0.48234865241999986, -0.056882026899372586, 0.23321382388664771, -0.1957727527713117, 0.08847701007758263, -0.04170686357552148, 0.04073497794134564, -0.01879416761522006, 0.01952527202723238, -0.04803385467442689, -0.11607211254193661, -0.03991590916435451, -0.23517135861092472, -0.01400358727249374, -0.04405493996881506], [-0.9973440951319968, 0.40079149085292093, 0.12117642755428429, 0.33866600685871184, 0.39615550066609595, 0.23218293799867387, 1.9688186388303093, -0.04762871637842005, -0.03731958885499923, -0.07339224173811519, -0.04368608470580116, -0.011900879285390653, -0.25573655308304327, 0.03466351522202885, -0.0849905664726413, -0.07864531654338068, -0.02964979806194827, -0.22252588026771156, 0.03136291654651128, 0.026006077390191566, 0.025358440457072917, 0.009992851685863557, -0.005876287221898382, 0.003583826298192164, -0.17744390354136874, 0.09436365465220344, 0.12977182023197179, -0.4535642850250911], [0.32831904221654346, -0.2985642143128536, -0.39905572260268746, -0.021074885602944564, -0.07936302437486778, 0.03352491081458776, -0.04762871637842005, 0.04357323813263983, 0.09540878258085089, 0.017365151877911815, 0.018452283611078892, -0.02757568440158209, 0.015459530651534494, 0.07466735347519197, 0.003949472449661215, 0.059967413476142435, -0.016206019493939995, 0.016214465174616492, -0.010885955804220363, -0.001672513291260067, 0.0002866747405202363, 0.01503305818873307, -0.0021392084131084178, -0.01589954926053692, 0.009546646353898238, -0.009882355752601874, -0.005188649239496242, -0.0012963997407461777], [1.5443293757431973, -0.833395690176223, -2.7709072716595378, 0.10566809199418419, -0.05880966268450365, 0.38938602923651966, -0.03731958885499923, 0.09540878258085089, 0.5197522003641359, 0.03229368780854446, 0.0468256576016736, -0.07151620781682091, 0.02179179143916569, 0.5588494674793635, 0.0049984226790097475, 0.31287220477175637, -0.1116924192588405, 0.12159874757660152, -0.015395832586314837, -0.06039069312842335, -0.01771147549566784, 0.022875000470422343, -0.03443772359535575, -0.11381086790378309, 0.00377534382725796, -0.0484888247337478, -0.03355289562143368, -0.01109158613999734], [0.19065798745796636, -0.13481486796108885, -0.11272527451375308, -0.09432256247621229, -0.05992251405486602, -0.003434022614195211, -0.07339224173811519, 0.017365151877911815, 0.03229368780854446, 0.03371213494702407, 0.01994046877133228, -0.0065959535683779, 0.014586740282172654, 0.015407537903792378, 0.020851677389231413, 0.02154436215328547, -0.007472175742457645, 0.005727500472972479, 0.007935344726583884, -0.030698213319368103, -0.018019998296679034, -0.0005436470897892035, -0.0010130511736306809, -0.016978538120094283, 0.011807853548731824, -0.004613382995059084, -0.005946105423079449, 0.011611150217569593], [0.20951506345570292, -0.15904730115982535, -0.16390332151499334, -0.026147439555998703, -0.1485877539995417, 0.0050454157082342, -0.04368608470580116, 0.018452283611078892, 0.0468256576016736, 0.01994046877133228, 0.050746147444274935, -0.003106773841877431, 0.018085986743451583, 0.025054062553358947, 0.02187057354547638, 0.028548592012684462, -0.015887276376518485, 0.015305754885519728, -0.010660815364613259, -0.019989299845040796, -0.012410737025237298, 0.009717451085573686, 0.0009828197792147986, -0.05183243197282296, 0.010878969051184652, -0.002216411692286771, -0.015262868935233601, -0.00014026272618107542], [-0.1665509852092358, 0.1788763941948796, 0.3357899287382686, -0.04583154979592519, -0.0011150645147148521, -0.15239268819639587, -0.011900879285390653, -0.02757568440158209, -0.07151620781682091, -0.0065959535683779, -0.003106773841877431, 0.04614055005584318, -0.005348644968813782, -0.06978142276274983, 0.012656726321979889, -0.058752214314534874, 0.037899553627913564, -0.011931372778123658, 0.015145280965262388, -0.01952118353805876, -0.000652848117919691, -0.01070811462279754, 0.0064846317619151024, 0.002045267715485998, 0.003450517922707666, 0.008686894076121022, -0.003621776261069715, 0.012591112397366934], [0.18983224249562547, -0.12458622554385008, -0.06989759428162949, -0.04101922982015804, -0.07809482829536854, -0.023247523059577137, -0.25573655308304327, 0.015459530651534494, 0.02179179143916569, 0.014586740282172654, 0.018085986743451583, -0.005348644968813782, 0.04436671349912931, 0.004968581517670556, 0.011911778975975826, 0.025111539636175965, -0.007058986879746613, 0.03581341403899325, -0.01145312919088859, -0.00013612834309349668, -0.004274109839627663, 0.0025311546596195216, -0.00035885538496019604, -0.011412481120074713, 0.018603423409171455, 0.0005309933750339119, -0.027432581858222328, 0.053423840977710815], [1.5981454048484114, -0.7270987255266926, -3.1916235906110773, 0.19721832032244319, 0.03613371278240445, 0.48234865241999986, 0.03466351522202885, 0.07466735347519197, 0.5588494674793635, 0.015407537903792378, 0.025054062553358947, -0.06978142276274983, 0.004968581517670556, 0.6582859825374748, -0.028991293862628522, 0.3726225824145298, -0.1383481279973519, 0.16972935439575557, -0.00635348629664829, -0.06361860340121618, -0.01085421116121714, 0.012515336277542108, -0.045248557064814676, -0.10807584898950293, -0.01854644170876825, -0.04427910896990937, -0.029658679500153988, -0.02630948585829478], [0.08387581582021562, -0.04483049315499421, 0.07997128655426643, -0.16010710576143553, -0.06979665559009762, -0.056882026899372586, -0.0849905664726413, 0.003949472449661215, 0.0049984226790097475, 0.020851677389231413, 0.02187057354547638, 0.012656726321979889, 0.011911778975975826, -0.028991293862628522, 0.118208927100879, -0.0668315003298013, 0.02036674738488403, -0.003098494595366855, -0.005453351151855372, -0.021614239619195424, -0.02280318460629338, -0.0016606963539473156, 0.009098888266532717, -0.020926413828533465, 0.026094811495486946, -0.006308478499803187, -0.013953893117446891, 0.021664981756629877], [1.0314285749995826, -0.5226513428376918, -1.820497836720391, 0.13411762081644638, -0.09752137864545884, 0.23321382388664771, -0.07864531654338068, 0.059967413476142435, 0.31287220477175637, 0.02154436215328547, 0.028548592012684462, -0.058752214314534874, 0.025111539636175965, 0.3726225824145298, -0.0668315003298013, 0.3586344698763004, -0.16141769648414428, 0.10258092368939224, -0.014571697207554355, -0.022179775132067543, 0.010883761077778147, 0.019649568979959234, -0.035450756411623714, -0.0499803821181949, -0.01961111828789422, 0.05161977959360115, -0.024250267148915487, -0.007165805783231814], [-0.3651481065498664, 0.1658313078443642, 0.6759873586700283, -0.06660289627509025, 0.014834929343673753, -0.1957727527713117, -0.02964979806194827, -0.016206019493939995, -0.1116924192588405, -0.007472175742457645, -0.015887276376518485, 0.037899553627913564, -0.007058986879746613, -0.1383481279973519, 0.02036674738488403, -0.16141769648414428, 0.18771704985446375, -0.07326446190263228, 0.009953882551118525, 0.009777875143863187, -0.016637262662911937, -0.002964092722672449, 0.018838894284045258, 0.026762194473008243, 0.02705987686345177, -0.062475224209315, 0.01991568151537527, 0.026039506059465308], [0.4984867181511147, -0.18409502172268352, -0.8268651431427596, 0.0293592271794192, -0.049947204512369836, 0.08847701007758263, -0.22252588026771156, 0.016214465174616492, 0.12159874757660152, 0.005727500472972479, 0.015305754885519728, -0.011931372778123658, 0.03581341403899325, 0.16972935439575557, -0.003098494595366855, 0.10258092368939224, -0.07326446190263228, 0.19129803113674226, -0.008904676605412056, -0.012085784346556855, 0.008778751442684833, -0.011615203920787224, -0.010612077720917537, -0.019454401088882058, 0.00386919614246687, 0.004259786297760012, -0.03352752637731151, 0.028365637720645234], [-0.0028933160864319843, 0.07173741897485096, 0.028596238339220363, -0.22885310083127117, -0.03903588978279465, -0.04170686357552148, 0.03136291654651128, -0.010885955804220363, -0.015395832586314837, 0.007935344726583884, -0.010660815364613259, 0.015145280965262388, -0.01145312919088859, -0.00635348629664829, -0.005453351151855372, -0.014571697207554355, 0.009953882551118525, -0.008904676605412056, 0.10387016630439291, -0.10688760218428087, -0.01927277960041998, -0.005238206471351711, 0.008837921924319384, 0.006974017439651764, -0.006641051916766204, -0.012275157917514214, 0.016876950636842122, -0.008720649390979043], [-0.29730434356064406, 0.06368641031036235, 0.3510451033377138, 0.27322396302055385, 0.11887097886419483, 0.04073497794134564, 0.026006077390191566, -0.001672513291260067, -0.06039069312842335, -0.030698213319368103, -0.019989299845040796, -0.01952118353805876, -0.00013612834309349668, -0.06361860340121618, -0.021614239619195424, -0.022179775132067543, 0.009777875143863187, -0.012085784346556855, -0.10688760218428087, 0.24591574982945763, 0.030661398480429994, -0.008958584417402566, -0.006622822370386482, 0.0320585671742476, -0.006408716241805232, 0.012855271910146841, 0.0012329685969644523, 0.0029938694395711227], [-0.06952295330399554, 0.019236861363993107, 0.07010394930112501, 0.03566607418317418, 0.029411146179884863, -0.01879416761522006, 0.025358440457072917, 0.0002866747405202363, -0.01771147549566784, -0.018019998296679034, -0.012410737025237298, -0.000652848117919691, -0.004274109839627663, -0.01085421116121714, -0.02280318460629338, 0.010883761077778147, -0.016637262662911937, 0.008778751442684833, -0.01927277960041998, 0.030661398480429994, 0.13760936109215677, -0.014555623111161679, -0.0015281274944567015, 0.017620887128270615, -0.008249323540205857, -0.022345063456586572, 0.0007574216445928476, -0.00240434648970328], [0.1165043622193299, -0.10192833742820206, -0.0790940159327229, -0.030954313467540844, -0.04131201282204541, 0.01952527202723238, 0.009992851685863557, 0.01503305818873307, 0.022875000470422343, -0.0005436470897892035, 0.009717451085573686, -0.01070811462279754, 0.0025311546596195216, 0.012515336277542108, -0.0016606963539473156, 0.019649568979959234, -0.002964092722672449, -0.011615203920787224, -0.005238206471351711, -0.008958584417402566, -0.014555623111161679, 0.07367795982777797, 0.00042296074742557955, -0.007042406869856441, -0.0016591856024449636, 0.001664172641862195, -0.002504716242576751, -0.01799693692751016], [-0.08506566004270202, 0.032597055252641116, 0.21130441936935876, -0.04810256469357098, -0.049281561395853116, -0.04803385467442689, -0.005876287221898382, -0.0021392084131084178, -0.03443772359535575, -0.0010130511736306809, 0.0009828197792147986, 0.0064846317619151024, -0.00035885538496019604, -0.045248557064814676, 0.009098888266532717, -0.035450756411623714, 0.018838894284045258, -0.010612077720917537, 0.008837921924319384, -0.006622822370386482, -0.0015281274944567015, 0.00042296074742557955, 0.008736883373112661, 0.004815498889574017, 0.003805539096313391, -0.0037601665296956746, 0.0031401278078749656, 0.0005207034267364373], [-0.329022316757435, 0.1792991418705918, 0.5527187600750667, -0.013872406653083931, 0.0929856307010242, -0.11607211254193661, 0.003583826298192164, -0.01589954926053692, -0.11381086790378309, -0.016978538120094283, -0.05183243197282296, 0.002045267715485998, -0.011412481120074713, -0.10807584898950293, -0.020926413828533465, -0.0499803821181949, 0.026762194473008243, -0.019454401088882058, 0.006974017439651764, 0.0320585671742476, 0.017620887128270615, -0.007042406869856441, 0.004815498889574017, 0.11283930062849906, -0.010997289037806704, 0.026070301245295885, 0.023247116235240593, 0.003116263139646825], [0.08099037424058535, -0.06215524827769268, 0.04925691923168895, -0.04776911682406574, -0.06884120601289426, -0.03991590916435451, -0.17744390354136874, 0.009546646353898238, 0.00377534382725796, 0.011807853548731824, 0.010878969051184652, 0.003450517922707666, 0.018603423409171455, -0.01854644170876825, 0.026094811495486946, -0.01961111828789422, 0.02705987686345177, 0.00386919614246687, -0.006641051916766204, -0.006408716241805232, -0.008249323540205857, -0.0016591856024449636, 0.003805539096313391, -0.010997289037806704, 0.046892378433254105, -0.018785254137919823, -0.014424246309189053, 0.047569163821975326], [-0.004273698905352603, 0.05784511670577088, 0.19474022103676455, -0.00472443445928028, -0.03763050953737438, -0.23517135861092472, 0.09436365465220344, -0.009882355752601874, -0.0484888247337478, -0.004613382995059084, -0.002216411692286771, 0.008686894076121022, 0.0005309933750339119, -0.04427910896990937, -0.006308478499803187, 0.05161977959360115, -0.062475224209315, 0.004259786297760012, -0.012275157917514214, 0.012855271910146841, -0.022345063456586572, 0.001664172641862195, -0.0037601665296956746, 0.026070301245295885, -0.018785254137919823, 0.35641938687549723, -0.09381781011757188, -0.04207612923374887], [-0.15733401846519124, 0.07130372353926934, 0.16901905151636115, 0.0077377560472017045, 0.04136169810231603, -0.01400358727249374, 0.12977182023197179, -0.005188649239496242, -0.03355289562143368, -0.005946105423079449, -0.015262868935233601, -0.003621776261069715, -0.027432581858222328, -0.029658679500153988, -0.013953893117446891, -0.024250267148915487, 0.01991568151537527, -0.03352752637731151, 0.016876950636842122, 0.0012329685969644523, 0.0007574216445928476, -0.002504716242576751, 0.0031401278078749656, 0.023247116235240593, -0.014424246309189053, -0.09381781011757188, 0.12511851947168665, -0.04471732827775466], [0.08933350568872046, -0.0032563158045568023, 0.07813335230491739, -0.04949435652951496, -0.03690667576886774, -0.04405493996881506, -0.4535642850250911, -0.0012963997407461777, -0.01109158613999734, 0.011611150217569593, -0.00014026272618107542, 0.012591112397366934, 0.053423840977710815, -0.02630948585829478, 0.021664981756629877, -0.007165805783231814, 0.026039506059465308, 0.028365637720645234, -0.008720649390979043, 0.0029938694395711227, -0.00240434648970328, -0.01799693692751016, 0.0005207034267364373, 0.003116263139646825, 0.047569163821975326, -0.04207612923374887, -0.04471732827775466, 0.13439974008169497]]",
    "monomial_list": "[1, x6, x5, x4, x3, x2, x1, x6**2, x5*x6, x4*x6, x3*x6, x2*x6, x1*x6, x5**2, x4*x5, x3*x5, x2*x5, x1*x5, x4**2, x3*x4, x2*x4, x1*x4, x3**2, x2*x3, x1*x3, x2**2, x1*x2, x1**2]"
}