{
    "name": "Total Decomposition",
    "rational_expression": "5673*x1**4/10000 - 879*x1**3*x2/2000 + 803*x1**3*x3/5000 + 437*x1**3*x4/25000 + 166*x1**3*x5/625 + 637*x1**3*x6/5000 - 323*x1**3/200 + 1659*x1**2*x2**2/10000 + 281*x1**2*x2*x3/12500 - 313*x1**2*x2*x4/6250 - 3833*x1**2*x2*x5/100000 - 3653*x1**2*x2*x6/100000 + 301*x1**2*x2/625 + 1037*x1**2*x3**2/10000 + 927*x1**2*x3*x4/10000 - 3517*x1**2*x3*x5/1000000 - 1933*x1**2*x3*x6/250000 - 4141*x1**2*x3/10000 + 179*x1**2*x4**2/1250 + 617*x1**2*x4*x5/12500 + 9961*x1**2*x4*x6/1000000 - 2683*x1**2*x4/10000 - 3501*x1**2*x5**2/100000 - 3749*x1**2*x5*x6/100000 - 1749*x1**2*x5/10000 - 1747*x1**2*x6**2/10000000 - 1497*x1**2*x6/5000 + 2109*x1**2/1000 - 152*x1*x2**3/125 + 4021*x1*x2**2*x3/100000 + 4553*x1*x2**2*x4/500000 + 1463*x1*x2**2*x5/50000 - 3233*x1*x2**2*x6/100000 + 3089*x1*x2**2/5000 - 4907*x1*x2*x3**2/50000 + 6373*x1*x2*x3*x4/100000 - 2049*x1*x2*x3*x5/25000 - 307*x1*x2*x3*x6/2500 + 1793*x1*x2*x3/5000 + 759*x1*x2*x4**2/5000 - 227*x1*x2*x4*x5/2000 - 201*x1*x2*x4*x6/2000 + 897*x1*x2*x4/50000 + 79*x1*x2*x5**2/250 - 11*x1*x2*x5*x6/125 - 2479*x1*x2*x5/10000 - 5579*x1*x2*x6**2/100000 + 387*x1*x2*x6/1000 - 1161*x1*x2/25000 + 1521*x1*x3**3/100000 - 216*x1*x3**2*x4/3125 - 4657*x1*x3**2*x5/50000 + 1177*x1*x3**2*x6/50000 - 589*x1*x3**2/2500 - 927*x1*x3*x4**2/25000 - 7551*x1*x3*x4*x5/100000 + 1283*x1*x3*x4*x6/25000 + 563*x1*x3*x4/20000 - 1419*x1*x3*x5**2/10000 + 1437*x1*x3*x5*x6/10000 - 83*x1*x3*x5/625 + 27*x1*x3*x6**2/250 - 5053*x1*x3*x6/10000 + 1237*x1*x3/1000 + 2291*x1*x4**3/50000 - 1179*x1*x4**2*x5/10000 - 1683*x1*x4**2*x6/50000 - 1721*x1*x4**2/5000 - 867*x1*x4*x5**2/20000 + 371*x1*x4*x5*x6/2000 - 879*x1*x4*x5/2500 + 559*x1*x4*x6**2/5000 - 5787*x1*x4*x6/10000 + 1213*x1*x4/1000 + 637*x1*x5**3/20000 - 7203*x1*x5**2*x6/100000 + 1503*x1*x5**2/5000 + 6319*x1*x5*x6**2/100000 - 1011*x1*x5*x6/5000 - 701*x1*x5/50000 + 1027*x1*x6**3/100000 - 763*x1*x6**2/2500 + 1109*x1*x6/1000 - 242*x1/125 + 2109*x2**4/1000 - 3721*x2**3*x3/10000 + 921*x2**3*x4/12500 - 51*x2**3*x5/50 + 4269*x2**3*x6/10000 - 161*x2**3/125 + 2673*x2**2*x3**2/10000 + 1171*x2**2*x3*x4/5000 + 7631*x2**2*x3*x5/100000 - 3721*x2**2*x3*x6/50000 - 243*x2**2*x3/20000 + 3619*x2**2*x4**2/10000 - 8977*x2**2*x4*x5/100000 - 5673*x2**2*x4*x6/100000 - 229*x2**2*x4/625 + 296*x2**2*x5**2/625 - 8641*x2**2*x5*x6/100000 + 833*x2**2*x5/5000 + 4601*x2**2*x6**2/1000000 - 3021*x2**2*x6/10000 + 267*x2**2/200 - 2259*x2*x3**3/100000 + 801*x2*x3**2*x4/5000 + 6713*x2*x3**2*x5/100000 - 1069*x2*x3**2*x6/5000 + 1443*x2*x3**2/5000 + 941*x2*x3*x4**2/5000 - 1243*x2*x3*x4*x5/10000 - 1133*x2*x3*x4*x6/10000 + 247*x2*x3*x4/20000 + 129*x2*x3*x5**2/250 - 1567*x2*x3*x5*x6/10000 - 939*x2*x3*x5/5000 - 623*x2*x3*x6**2/5000 + 3181*x2*x3*x6/5000 + 2139*x2*x3/100000 + 751*x2*x4**3/100000 - 1227*x2*x4**2*x5/10000 - 31*x2*x4**2*x6/2000 - 347*x2*x4**2/2000 - 281*x2*x4*x5**2/2000 - 7187*x2*x4*x5*x6/100000 + 1443*x2*x4*x5/5000 + 633*x2*x4*x6**2/50000 - 4331*x2*x4*x6/50000 + 2277*x2*x4/5000 + 5463*x2*x5**3/10000 - 7897*x2*x5**2*x6/100000 - 207*x2*x5**2/200 + 2203*x2*x5*x6**2/10000000 + 2721*x2*x5*x6/10000 + 8509*x2*x5/100000 - 3959*x2*x6**3/50000 + 1577*x2*x6**2/10000 + 4581*x2*x6/10000 - 9613*x2/10000 + 59*x3**4/4000 - 7213*x3**3*x4/100000 - 7181*x3**3*x5/100000 + 59*x3**3*x6/3125 - 101*x3**3/500 + 1701*x3**2*x4**2/2500 + 1307*x3**2*x4*x5/5000 - 823*x3**2*x4*x6/5000 + 4731*x3**2*x4/10000 + 4253*x3**2*x5**2/10000 - 7417*x3**2*x5*x6/100000 + 1977*x3**2*x5/1000000 + 1247*x3**2*x6**2/10000 - 4249*x3**2*x6/10000 + 1403*x3**2/1000 - 1291*x3*x4**3/2500 - 213*x3*x4**2*x5/1000 - 909*x3*x4**2*x6/5000 + 9353*x3*x4**2/10000 + 1049*x3*x4*x5**2/2000 - 1017*x3*x4*x5*x6/10000 - 3769*x3*x4*x5/10000 - 793*x3*x4*x6**2/20000 + 1417*x3*x4*x6/2500 - 441*x3*x4/625 + 5159*x3*x5**3/10000 - 467*x3*x5**2*x6/2000 - 5643*x3*x5**2/10000 - 517*x3*x5*x6**2/50000 + 1079*x3*x5*x6/2500 - 3251*x3*x5/10000 + 971*x3*x6**3/10000 - 9863*x3*x6**2/10000 + 23*x3*x6/10 - 2187*x3/1000 + 617*x4**4/1250 + 321*x4**3*x5/2500 + 341*x4**3*x6/2500 - 182*x4**3/125 - 4399*x4**2*x5**2/50000 - 283*x4**2*x5*x6/5000 + 7799*x4**2*x5/100000 + 3931*x4**2*x6**2/100000 - 2161*x4**2*x6/10000 + 241*x4**2/125 - 1677*x4*x5**3/10000 - 9369*x4*x5**2*x6/100000 + 2369*x4*x5**2/5000 + 233*x4*x5*x6**2/2000 - 617*x4*x5*x6/1250 + 3091*x4*x5/5000 + 941*x4*x6**3/25000 - 1693*x4*x6**2/5000 + 8253*x4*x6/10000 - 1531*x4/1000 + 6533*x5**4/10000 + 437*x5**3*x6/1000 - 1497*x5**3/500 + 89*x5**2*x6**2/5000 - 1947*x5**2*x6/5000 + 447*x5**2/125 - 1209*x5*x6**3/200000 + 2283*x5*x6**2/10000 - 113*x5*x6/100 - 299*x5/625 + 8247*x6**4/100000 - 3671*x6**3/5000 + 2363*x6**2/1000 - 1401*x6/500 + 1139/500",
    "Q": "[[2.2784577350335713, -1.4008513377532674, -0.23850192283236496, -0.7660377712610971, -1.0940628140921016, -0.4805248837643119, -0.9690629602008316, 0.22879678531626482, 0.09256400968243837, 0.14781361306596713, 0.18923000363638978, 0.0036416526556954706, 0.11612257239206472, -0.18586063787376209, 0.1524431964337036, 0.07044314908241885, -0.030661050348444196, 0.18726458363377912, 0.14151105037872996, -0.45907705690990447, -0.008441223942043163, 0.18397784904533912, 0.0722445293304656, -0.20287604883350183, 0.14819755957153, 0.2997365971345647, -0.3037558683539955, 0.16430104524947797], [-1.4008513377532674, 1.9074348594378798, -0.6593923850434938, 0.26445296957414727, 0.9608763025013918, 0.22423764414288883, 0.438980824051728, -0.36804498684541803, -0.013376006214935204, -0.14732361412782444, -0.2907424688659724, 0.10149711656761878, -0.10469251908158503, 0.43676331100360866, -0.1550909454793585, 0.0024389789021419563, 0.10414895031792522, -0.1499670817168694, 0.05897882270035103, 0.3466602609981508, 0.003350959269730903, -0.1681928885026069, -0.05766080286293113, 0.3003237867578213, -0.12601248085670552, -0.0207570208713687, 0.26295836679371576, 0.028021221752503444], [-0.23850192283236496, -0.6593923850434938, 3.9501209001168136, 0.1556069779709171, -0.23333403833548863, 0.07269904174488577, -0.19338222780585268, 0.12822750035842054, -0.6322380490532414, -0.03320352194923773, 0.21416287677520246, 0.062002133612294494, 0.012975447074309497, -1.497369830362712, 0.1360887265090904, -0.5186142093959051, -0.5679861354785305, -0.08853034987958149, 0.21259078671864032, -0.17114779911432915, 0.12549321820981943, -0.045685305191227134, 0.035535516969055825, -0.12997782072805653, 0.08322362503457044, -0.026915700960186206, -0.13213929176443082, 0.19410629692277964], [-0.7660377712610971, 0.26445296957414727, 0.1556069779709171, 1.6461789157442648, 0.10533735206654282, 0.2372732450726758, 0.42294517068096715, -0.022452486996721397, -0.0556819769704248, -0.16694448644538504, -0.026955592783658403, -0.030228263678373092, -0.05190515429443627, 0.0989479493586879, -0.17370872789301478, 0.056988729326294105, 0.06044616353397342, 0.0012338719191235827, -0.7281210651666453, 0.39987546790780537, -0.037203040913157515, -0.12404308438600069, -0.01862642956863545, -0.009496586903441018, -0.04977121640107822, -0.13786453901988396, 0.02791889304224079, -0.03777447620220204], [-1.0940628140921016, 0.9608763025013918, -0.23333403833548863, 0.10533735206654282, 1.2582593962284163, 0.2135687093953662, 0.4711953243855632, -0.20285478999436937, -0.0006116810688537581, -0.03719860333846851, -0.1538070032675413, 0.0304652694917616, -0.04479510751518732, 0.23590665577241823, -0.07460937593243007, -0.03510049845411738, 0.0589352169332691, -0.1229069287319863, 0.0679622821738203, 0.255900279763133, -0.010120218285207528, -0.08270758793031298, -0.10074417308794228, 0.15668934025894315, -0.10049451223712877, -0.06798574674864129, 0.16475700901492202, -0.037945543983457834], [-0.4805248837643119, 0.22423764414288883, 0.07269904174488577, 0.2372732450726758, 0.2135687093953662, 0.7333975947558015, 0.2797418906233928, -0.02190212775399819, -0.029641891482947245, -0.016048386871619278, -0.011947461107021683, -0.1288738561787101, -0.03704538676659585, 0.05058043210778232, -0.040155613714186106, -0.021728795521269252, 0.11159574974218983, -0.018215587265504967, -0.049679985617090236, 0.025490893940206802, -0.0458550908651907, -0.033991703593159825, -0.012137521431282699, 0.06202837045424297, -0.026756691983077313, -0.6432870665144755, 0.20266665490467548, -0.07910547450715039], [-0.9690629602008316, 0.438980824051728, -0.19338222780585268, 0.42294517068096715, 0.4711953243855632, 0.2797418906233928, 1.7815631744941902, -0.04797770973375658, 0.03453082961672049, -0.06988183502155436, -0.08201341508746951, -0.031044627959392487, -0.1768182727720301, 0.23853673394701558, -0.13087072641842845, -0.028011324022374884, 0.02758846121549392, -0.2815657560806333, -0.04692945452167743, 0.14777011516315086, 0.015005113930135752, -0.09706432429534866, -0.01666069870599236, 0.04225575559546998, -0.1686797373600995, 0.10670399052894312, 0.3199238382630146, -0.8076775143200221], [0.22879678531626482, -0.36804498684541803, 0.12822750035842054, -0.022452486996721397, -0.20285478999436937, -0.02190212775399819, -0.04797770973375658, 0.08280660689633945, -0.0029692179694042285, 0.01892209896085472, 0.048666879895895875, -0.039749263772768016, 0.00517048933772301, -0.07686872654998456, 0.029422352388561297, 0.0073858229986952266, 0.0039128882410693925, 0.027434626242825732, -0.025591442543550915, -0.057860576197294504, 0.008439004243400659, 0.03723290989201343, 0.013229708256954194, -0.04372289929030317, 0.02671292479346506, -0.06045227754359042, -0.01886620937794654, -0.03109802251843386], [0.09256400968243837, -0.013376006214935204, -0.6322380490532414, -0.0556819769704248, -0.0006116810688537581, -0.029641891482947245, 0.03453082961672049, -0.0029692179694042285, 0.1708840587681989, 0.0284593930788752, -0.012656666395969686, -0.004190178212193174, 0.004407992655897059, 0.21882699019230345, -0.032836055234235495, -0.000487415230109216, -0.0004980082248820184, -0.011722221076720638, -0.029559334136512252, -0.019387543537132526, -0.018641052698781992, 0.033421100520359265, 0.00335215409119676, -0.009609094765697055, 0.006902717397244341, 0.051461321199133804, -0.004652330715483754, -0.04425766665965654], [0.14781361306596713, -0.14732361412782444, -0.03320352194923773, -0.16694448644538504, -0.03719860333846851, -0.016048386871619278, -0.06988183502155436, 0.01892209896085472, 0.0284593930788752, 0.09086414620101292, 0.0377071723084809, -0.0021652347552185186, 0.018729455645820303, -0.014343031168247372, 0.001063508116359657, -0.040999821483518085, -0.009220384336491841, 0.03217473189730932, 0.06802517190874777, -0.09623005103430184, -0.041385724992056526, -0.016355767903244913, 0.00498895157317595, -0.03866800398665685, 0.01585358961178639, -0.0170408572991475, -0.016526053005744473, 0.009754000132912754], [0.18923000363638978, -0.2907424688659724, 0.21416287677520246, -0.026955592783658403, -0.1538070032675413, -0.011947461107021683, -0.08201341508746951, 0.048666879895895875, -0.012656666395969686, 0.0377071723084809, 0.09798481367447262, -0.018776487996746614, 0.02730399326991632, -0.11586454622800439, 0.009938387608050252, -0.040484531699185804, -0.028772209822251628, 0.036126499065108265, 0.00602697026582318, -0.08745311756382627, -0.010019153473413976, 0.019928878483821178, 0.00930791655528388, -0.10752699795286955, 0.013806141025850543, -0.0207569158100577, -0.036719936934011016, 0.004406739511658101], [0.0036416526556954706, 0.10149711656761878, 0.062002133612294494, -0.030228263678373092, 0.0304652694917616, -0.1288738561787101, -0.031044627959392487, -0.039749263772768016, -0.004190178212193174, -0.0021652347552185186, -0.018776487996746614, 0.12559237575192747, -0.009478883310284248, -0.03840522931508592, -0.008679128535303749, -0.040298213127798604, -0.09574677135623202, -0.019190346687696994, 0.03358403395352869, -0.007838251579880525, -0.01134720155160423, -0.01602803058606124, 0.0008358434750313785, -0.016430475015483264, 0.0011275976117477858, 0.21316054223032685, -0.08600156840795155, 0.049512850517513515], [0.11612257239206472, -0.10469251908158503, 0.012975447074309497, -0.05190515429443627, -0.04479510751518732, -0.03704538676659585, -0.1768182727720301, 0.00517048933772301, 0.004407992655897059, 0.018729455645820303, 0.02730399326991632, -0.009478883310284248, 0.061625084987088866, -0.023693263771942665, 0.026999574886169077, 0.028910392679569217, -0.020189690063347997, 0.02545504734789929, -0.0003588415983753862, -0.010266406608636971, -0.017885954770936782, -0.004382756358890753, -0.0020875142351120543, -0.025805361971307315, -0.008575371545566214, 0.06992369280696925, -0.06767693949569192, 0.06323961094319537], [-0.18586063787376209, 0.43676331100360866, -1.497369830362712, 0.0989479493586879, 0.23590665577241823, 0.05058043210778232, 0.23853673394701558, -0.07686872654998456, 0.21882699019230345, -0.014343031168247372, -0.11586454622800439, -0.03840522931508592, -0.023693263771942665, 0.6528128922112109, -0.08315017542775724, 0.2576124024096744, 0.27286365076823627, 0.01578937820858692, -0.135396171018559, 0.1727511974344886, -0.049872011219136696, -0.014208906937579854, -0.02834239007968255, 0.08998124881828885, -0.06557721986699064, -0.05884291844271084, 0.11176021682858732, -0.11491358192893285], [0.1524431964337036, -0.1550909454793585, 0.1360887265090904, -0.17370872789301478, -0.07460937593243007, -0.040155613714186106, -0.13087072641842845, 0.029422352388561297, -0.032836055234235495, 0.001063508116359657, 0.009938387608050252, -0.008679128535303749, 0.026999574886169077, -0.08315017542775724, 0.18409185645469986, 0.08969630744382387, -0.0205905924288213, -0.007482689621397212, 0.06417265571163229, -0.0239544428190136, -0.00676246741219795, -0.004983704941768659, -0.002801780142466172, -0.003486295622694262, 0.0032834990884906966, 0.010300692162994979, -0.03151972409609595, 0.030506331275561068], [0.07044314908241885, 0.0024389789021419563, -0.5186142093959051, 0.056988729326294105, -0.03510049845411738, -0.021728795521269252, -0.028011324022374884, 0.0073858229986952266, -0.000487415230109216, -0.040999821483518085, -0.040484531699185804, -0.040298213127798604, 0.028910392679569217, 0.2576124024096744, 0.08969630744382387, 0.48229620085012004, 0.16707434015102887, -0.005246943142403248, -0.08219417271414949, 0.13297253704763123, -0.048889206233771264, -0.021501247999107378, -0.035857941277583585, 0.04681627125475028, -0.053145359336640635, -0.01689437799824249, 0.010542430094082586, -0.025061020326161944], [-0.030661050348444196, 0.10414895031792522, -0.5679861354785305, 0.06044616353397342, 0.0589352169332691, 0.11159574974218983, 0.02758846121549392, 0.0039128882410693925, -0.0004980082248820184, -0.009220384336491841, -0.028772209822251628, -0.09574677135623202, -0.020189690063347997, 0.27286365076823627, -0.0205905924288213, 0.16707434015102887, 0.590782046333717, 0.04577425182495286, -0.054936310569672846, -0.009694194871219855, -0.055216570141944914, -0.013508130395706447, -0.013134189001082043, 0.054449962842334804, -0.022036136946547012, -0.5097450299096993, 0.13744049918116114, 0.01956052331642834], [0.18726458363377912, -0.1499670817168694, -0.08853034987958149, 0.0012338719191235827, -0.1229069287319863, -0.018215587265504967, -0.2815657560806333, 0.027434626242825732, -0.011722221076720638, 0.03217473189730932, 0.036126499065108265, -0.019190346687696994, 0.02545504734789929, 0.01578937820858692, -0.007482689621397212, -0.005246943142403248, 0.04577425182495286, 0.19446885043356482, -0.05414023869066641, -0.019803415210679354, -0.011307325160313653, -0.005963842187690847, 0.006788103323150612, -0.02948570885179597, 0.023584036832895956, -0.12297296633991367, -0.03877428010020572, 0.1325417831583805], [0.14151105037872996, 0.05897882270035103, 0.21259078671864032, -0.7281210651666453, 0.0679622821738203, -0.049679985617090236, -0.04692945452167743, -0.025591442543550915, -0.029559334136512252, 0.06802517190874777, 0.00602697026582318, 0.03358403395352869, -0.0003588415983753862, -0.135396171018559, 0.06417265571163229, -0.08219417271414949, -0.054936310569672846, -0.05414023869066641, 0.4929982419655071, -0.25809028912478155, 0.003753515847325745, 0.02268380071093756, 0.006802360471067856, 0.02331128589310879, 0.009111284323762353, 0.02502687678019406, 0.06203004380446187, -0.0281708954899757], [-0.45907705690990447, 0.3466602609981508, -0.17114779911432915, 0.39987546790780537, 0.255900279763133, 0.025490893940206802, 0.14777011516315086, -0.057860576197294504, -0.019387543537132526, -0.09623005103430184, -0.08745311756382627, -0.007838251579880525, -0.010266406608636971, 0.1727511974344886, -0.0239544428190136, 0.13297253704763123, -0.009694194871219855, -0.019803415210679354, -0.25809028912478155, 0.6672834078938888, 0.07082614716456641, -0.02788667089339462, -0.03612336893057043, 0.07593158163550053, -0.04076567769028779, 0.09613474170182905, 0.021523256545244153, 0.011747714109732018], [-0.008441223942043163, 0.003350959269730903, 0.12549321820981943, -0.037203040913157515, -0.010120218285207528, -0.0458550908651907, 0.015005113930135752, 0.008439004243400659, -0.018641052698781992, -0.041385724992056526, -0.010019153473413976, -0.01134720155160423, -0.017885954770936782, -0.049872011219136696, -0.00676246741219795, -0.048889206233771264, -0.055216570141944914, -0.011307325160313653, 0.003753515847325745, 0.07082614716456641, 0.3130894717008335, 0.013465206787066517, 0.00418354941707655, 0.020378583438510133, 0.02299620196807186, 0.0373602097374724, 0.0017087851593722216, -0.002944978967040877], [0.18397784904533912, -0.1681928885026069, -0.045685305191227134, -0.12404308438600069, -0.08270758793031298, -0.033991703593159825, -0.09706432429534866, 0.03723290989201343, 0.033421100520359265, -0.016355767903244913, 0.019928878483821178, -0.01602803058606124, -0.004382756358890753, -0.014208906937579854, -0.004983704941768659, -0.021501247999107378, -0.013508130395706447, -0.005963842187690847, 0.02268380071093756, -0.02788667089339462, 0.013465206787066517, 0.19959716316177378, 0.005982042352783118, -0.012248912697821294, 0.03428115243470228, 0.002406169434335802, -0.021885458194031718, 0.00894311343148703], [0.0722445293304656, -0.05766080286293113, 0.035535516969055825, -0.01862642956863545, -0.10074417308794228, -0.012137521431282699, -0.01666069870599236, 0.013229708256954194, 0.00335215409119676, 0.00498895157317595, 0.00930791655528388, 0.0008358434750313785, -0.0020875142351120543, -0.02834239007968255, -0.002801780142466172, -0.035857941277583585, -0.013134189001082043, 0.006788103323150612, 0.006802360471067856, -0.03612336893057043, 0.00418354941707655, 0.005982042352783118, 0.014693139019322666, -0.01108556011010265, 0.007568825325579358, 0.005775217229463493, -0.005586285975883884, -0.005166063672340442], [-0.20287604883350183, 0.3003237867578213, -0.12997782072805653, -0.009496586903441018, 0.15668934025894315, 0.06202837045424297, 0.04225575559546998, -0.04372289929030317, -0.009609094765697055, -0.03866800398665685, -0.10752699795286955, -0.016430475015483264, -0.025805361971307315, 0.08998124881828885, -0.003486295622694262, 0.04681627125475028, 0.054449962842334804, -0.02948570885179597, 0.02331128589310879, 0.07593158163550053, 0.020378583438510133, -0.012248912697821294, -0.01108556011010265, 0.25451520363541963, -0.04339243703414457, -0.18518837535954577, 0.07358469250803068, 0.03955295915004624], [0.14819755957153, -0.12601248085670552, 0.08322362503457044, -0.04977121640107822, -0.10049451223712877, -0.026756691983077313, -0.1686797373600995, 0.02671292479346506, 0.006902717397244341, 0.01585358961178639, 0.013806141025850543, 0.0011275976117477858, -0.008575371545566214, -0.06557721986699064, 0.0032834990884906966, -0.053145359336640635, -0.022036136946547012, 0.023584036832895956, 0.009111284323762353, -0.04076567769028779, 0.02299620196807186, 0.03428115243470228, 0.007568825325579358, -0.04339243703414457, 0.1128466218509947, -0.05352092418884129, -0.028549162719160817, 0.07996393655815498], [0.2997365971345647, -0.0207570208713687, -0.026915700960186206, -0.13786453901988396, -0.06798574674864129, -0.6432870665144755, 0.10670399052894312, -0.06045227754359042, 0.051461321199133804, -0.0170408572991475, -0.0207569158100577, 0.21316054223032685, 0.06992369280696925, -0.05884291844271084, 0.010300692162994979, -0.01689437799824249, -0.5097450299096993, -0.12297296633991367, 0.02502687678019406, 0.09613474170182905, 0.0373602097374724, 0.002406169434335802, 0.005775217229463493, -0.18518837535954577, -0.05352092418884129, 2.1077989308682614, -0.6075417366010858, -0.16883177644172165], [-0.3037558683539955, 0.26295836679371576, -0.13213929176443082, 0.02791889304224079, 0.16475700901492202, 0.20266665490467548, 0.3199238382630146, -0.01886620937794654, -0.004652330715483754, -0.016526053005744473, -0.036719936934011016, -0.08600156840795155, -0.06767693949569192, 0.11176021682858732, -0.03151972409609595, 0.010542430094082586, 0.13744049918116114, -0.03877428010020572, 0.06203004380446187, 0.021523256545244153, 0.0017087851593722216, -0.021885458194031718, -0.005586285975883884, 0.07358469250803068, -0.028549162719160817, -0.6075417366010858, 0.503022051360611, -0.2193272815544768], [0.16430104524947797, 0.028021221752503444, 0.19410629692277964, -0.03777447620220204, -0.037945543983457834, -0.07910547450715039, -0.8076775143200221, -0.03109802251843386, -0.04425766665965654, 0.009754000132912754, 0.004406739511658101, 0.049512850517513515, 0.06323961094319537, -0.11491358192893285, 0.030506331275561068, -0.025061020326161944, 0.01956052331642834, 0.1325417831583805, -0.0281708954899757, 0.011747714109732018, -0.002944978967040877, 0.00894311343148703, -0.005166063672340442, 0.03955295915004624, 0.07996393655815498, -0.16883177644172165, -0.2193272815544768, 0.5674859635371424]]",
    "monomial_list": "[1, x6, x5, x4, x3, x2, x1, x6**2, x5*x6, x4*x6, x3*x6, x2*x6, x1*x6, x5**2, x4*x5, x3*x5, x2*x5, x1*x5, x4**2, x3*x4, x2*x4, x1*x4, x3**2, x2*x3, x1*x3, x2**2, x1*x2, x1**2]"
}