{
    "name": "Total Decomposition",
    "rational_expression": "76721*x1**4/100000 - 12099*x1**3*x2/12500 + 539*x1**3*x3/3125 + 31587*x1**3*x4/1000000 + 10703*x1**3*x5/25000 + 3537*x1**3*x6/12500 - 38407*x1**3/10000 + 52159*x1**2*x2**2/100000 - 4367*x1**2*x2*x3/20000 - 23927*x1**2*x2*x4/500000 - 2033*x1**2*x2*x5/10000 - 23007*x1**2*x2*x6/100000 + 4347*x1**2*x2/2000 + 19481*x1**2*x3**2/100000 - 86653*x1**2*x3*x4/1000000 + 75613*x1**2*x3*x5/1000000 + 10497*x1**2*x3*x6/100000 - 192*x1**2*x3/125 + 11311*x1**2*x4**2/50000 + 1553*x1**2*x4*x5/6250 + 853*x1**2*x4*x6/15625 - 60491*x1**2*x4/100000 - 8441*x1**2*x5**2/200000 + 13297*x1**2*x5*x6/100000 - 10619*x1**2*x5/10000 + 21717*x1**2*x6**2/100000 - 3809*x1**2*x6/2000 + 10379*x1**2/1250 - 3129*x1*x2**3/2500 + 2427*x1*x2**2*x3/6250 - 13477*x1*x2**2*x4/200000 + 4041*x1*x2**2*x5/25000 - 183*x1*x2**2*x6/31250 + 14777*x1*x2**2/10000 - 16153*x1*x2*x3**2/50000 + 2359*x1*x2*x3*x4/6250 - 1691*x1*x2*x3*x5/5000 - 22377*x1*x2*x3*x6/50000 + 25527*x1*x2*x3/10000 + 769*x1*x2*x4**2/2500 - 44799*x1*x2*x4*x5/100000 - 21037*x1*x2*x4*x6/100000 - 31917*x1*x2*x4/500000 + 65123*x1*x2*x5**2/100000 - 7501*x1*x2*x5*x6/20000 - 5059*x1*x2*x5/5000 - 9557*x1*x2*x6**2/20000 + 30611*x1*x2*x6/10000 - 301*x1*x2/125 + 46949*x1*x3**3/1000000 - 9871*x1*x3**2*x4/50000 - 2357*x1*x3**2*x5/20000 + 3163*x1*x3**2*x6/20000 - 2873*x1*x3**2/2500 - 2377*x1*x3*x4**2/200000 - 20579*x1*x3*x4*x5/100000 + 64131*x1*x3*x4*x6/1000000 + 61553*x1*x3*x4/100000 - 47329*x1*x3*x5**2/500000 + 37161*x1*x3*x5*x6/100000 - 513*x1*x3*x5/500 + 11339*x1*x3*x6**2/50000 - 21263*x1*x3*x6/10000 + 69799*x1*x3/10000 - 13691*x1*x4**3/500000 - 1271*x1*x4**2*x5/12500 - 67389*x1*x4**2*x6/1000000 - 3273*x1*x4**2/20000 + 957*x1*x4*x5**2/4000 + 9757*x1*x4*x5*x6/25000 - 9203*x1*x4*x5/5000 + 3773*x1*x4*x6**2/20000 - 1533*x1*x4*x6/1250 + 29671*x1*x4/10000 - 54513*x1*x5**3/1000000 + 13031*x1*x5**2*x6/1000000 + 654*x1*x5**2/625 + 18031*x1*x5*x6**2/50000 - 8223*x1*x5*x6/5000 - 6607*x1*x5/5000 + 12659*x1*x6**3/100000 - 10037*x1*x6**2/5000 + 38511*x1*x6/5000 - 10681*x1/1000 + 17031*x2**4/5000 - 13789*x2**3*x3/100000 + 2349*x2**3*x4/20000 - 11167*x2**3*x5/10000 + 18337*x2**3*x6/50000 - 23491*x2**3/5000 + 32881*x2**2*x3**2/50000 + 3779*x2**2*x3*x4/20000 + 16111*x2**2*x3*x5/50000 + 40313*x2**2*x3*x6/1000000 - 9379*x2**2*x3/20000 + 94493*x2**2*x4**2/100000 - 16803*x2**2*x4*x5/50000 + 4027*x2**2*x4*x6/20000 - 18279*x2**2*x4/10000 + 5741*x2**2*x5**2/6250 - 93909*x2**2*x5*x6/1000000 + 4233*x2**2*x5/20000 + 16943*x2**2*x6**2/50000 - 1339*x2**2*x6/625 + 75709*x2**2/10000 - 481*x2*x3**3/2500 + 60909*x2*x3**2*x4/100000 + 14653*x2*x3**2*x5/25000 - 42033*x2*x3**2*x6/50000 + 28871*x2*x3**2/10000 + 34537*x2*x3*x4**2/100000 - 14801*x2*x3*x4*x5/20000 - 67771*x2*x3*x4*x6/1000000 - 2127*x2*x3*x4/31250 + 5079*x2*x3*x5**2/5000 - 2277*x2*x3*x5*x6/5000 - 1663*x2*x3*x5/1000 - 58147*x2*x3*x6**2/100000 + 38609*x2*x3*x6/10000 - 8369*x2*x3/5000 - 2893*x2*x4**3/125000 - 22567*x2*x4**2*x5/100000 + 48909*x2*x4**2*x6/10000000 - 28239*x2*x4**2/50000 - 29131*x2*x4*x5**2/100000 - 1243*x2*x4*x5*x6/10000 + 11477*x2*x4*x5/10000 + 62103*x2*x4*x6**2/1000000 - 10189*x2*x4*x6/10000 + 31821*x2*x4/10000 + 30291*x2*x5**3/50000 - 80937*x2*x5**2*x6/1000000 - 10719*x2*x5**2/5000 + 26877*x2*x5*x6**2/100000 - 6787*x2*x5*x6/5000 + 43371*x2*x5/50000 - 43273*x2*x6**3/100000 + 15067*x2*x6**2/10000 + 21589*x2*x6/10000 - 16507*x2/2500 + 56561*x3**4/1000000 - 23079*x3**3*x4/100000 - 18861*x3**3*x5/100000 + 4559*x3**3*x6/25000 - 1581*x3**3/1250 + 253*x3**2*x4**2/250 + 561*x3**2*x4*x5/1000 - 217*x3**2*x4*x6/400 + 6807*x3**2*x4/2500 + 3069*x3**2*x5**2/5000 - 29123*x3**2*x5*x6/50000 + 28857*x3**2*x5/10000 + 7189*x3**2*x6**2/12500 - 4247*x3**2*x6/1000 + 1322*x3**2/125 - 2687*x3*x4**3/5000 - 8061*x3*x4**2*x5/10000 - 28977*x3*x4**2*x6/50000 + 23157*x3*x4**2/10000 + 76233*x3*x4*x5**2/100000 + 56021*x3*x4*x5*x6/1000000 - 619*x3*x4*x5/250 - 4907*x3*x4*x6**2/12500 + 14927*x3*x4*x6/5000 - 37327*x3*x4/10000 + 38713*x3*x5**3/50000 - 21029*x3*x5**2*x6/25000 + 15397*x3*x5**2/10000 + 7341*x3*x5*x6**2/25000 + 11931*x3*x5*x6/5000 - 4443*x3*x5/250 + 6421*x3*x6**3/12500 - 4227*x3*x6**2/625 + 5889*x3*x6/250 - 21583*x3/1000 + 9133*x4**4/12500 + 3177*x4**3*x5/20000 + 18519*x4**3*x6/100000 - 33069*x4**3/10000 - 13479*x4**2*x5**2/100000 - 3621*x4**2*x5*x6/25000000 + 5559*x4**2*x5/20000 - 2801*x4**2*x6**2/25000 + 27601*x4**2*x6/50000 + 50519*x4**2/10000 - 21847*x4*x5**3/50000 - 43839*x4*x5**2*x6/1000000 + 2287*x4*x5**2/1000 + 68529*x4*x5*x6**2/100000 - 16719*x4*x5*x6/5000 + 84821*x4*x5/100000 + 4797*x4*x6**3/20000 - 1244*x4*x6**2/625 + 22411*x4*x6/5000 - 63377*x4/10000 + 5237*x5**4/5000 + 7241*x5**3*x6/10000 - 92237*x5**3/10000 - 19593*x5**2*x6**2/50000 + 25527*x5**2*x6/100000 + 1731*x5**2/100 - 9647*x5*x6**3/125000 + 1043*x5*x6**2/400 - 6807*x5*x6/500 + 2269*x5/200 + 51777*x6**4/100000 - 56991*x6**3/10000 + 2733*x6**2/125 - 33239*x6/1000 + 22159/1000",
    "Q": "[[22.158514380309057, -16.618539882820585, 5.681444960658927, -3.1612930567782054, -10.795167076365876, -3.3059758942401043, -5.35006250674262, 2.6118500583205986, 0.4181585087858231, 1.106550224049715, 1.9204986357177012, -0.6139354250359698, 0.6361337766324072, -2.1933465963671788, 1.223620333902051, -0.3743796263078922, 0.19067739356646343, 1.064115918728248, -0.38539945361297695, -2.503113172095179, 0.29969329434184644, 0.4437840806089116, 0.6469115157603078, -1.8214436772448674, 0.6415596052957886, 1.8449717808199495, -1.9865446259211326, 0.826406087154217], [-16.618539882820585, 16.63479332739025, -7.236485829848354, 1.1287915865575588, 9.852117191992125, 1.7031442038670215, 3.216328822800507, -2.845834377675078, -0.1036325761811365, -0.8816182605763885, -1.6810939680261388, 0.9543150267347967, -0.47402828777857936, 2.2146143480979563, -1.1180875240686199, -0.1507027248695467, -0.19068267157548388, -0.7930089314861183, 0.8600695500077709, 1.926367133745454, -0.22129242475955468, -0.3108862145138222, -0.6099522312279076, 1.6340509367333635, -0.38894025538792737, -0.7294795108717111, 1.6199062566715017, -0.3560553125107571], [5.681444960658927, -7.236485829848354, 21.704082002455866, -0.7868235491568397, -8.506413525197004, 0.23820569392468258, -1.7250868793807663, 1.4130670474123304, -2.083720978662408, -0.4104649429463255, 1.064486997593562, -0.27335214612285247, -0.06937889927620523, -4.609716468289923, 0.7296564355442697, -1.4918899461921713, -1.2239623472245864, -0.14718039484517073, 0.743466827172232, -1.0134359231510135, 0.5175992491064172, -0.33857861178638016, 0.7499541606622263, -0.8545897397756643, 0.14081450797178202, 0.0007755483385606133, -0.4153297970302024, 0.33629704948325234], [-3.1612930567782054, 1.1287915865575588, -0.7868235491568397, 5.801474273120509, 0.6311798550869432, 1.2813376260122589, 1.0394414316249683, -0.11177097213359674, -0.15301994322076673, -0.5778021713917767, -0.10612056293797027, -0.07265870712699926, -0.10884110465032154, 0.41326582947708107, -0.6048245676111704, 0.45012932044302045, 0.26687648172384115, -0.09629833206506984, -1.6525720137445288, 0.9003794883816756, -0.1407776630828268, -0.18167224394978318, -0.0779756172171647, -0.01932012315344639, -0.11423308579902161, -0.6530124458412844, 0.15442347548167076, -0.12313985683148207], [-10.795167076365876, 9.852117191992125, -8.506413525197004, 0.6311798550869432, 9.290324747558081, 0.9817586807158453, 2.8526389554659626, -1.6934606178437783, 0.2745426606553373, -0.3242546669687196, -1.5122187532531437, 0.45056225902644303, -0.2620245228218772, 2.2609819323904956, -0.6714699002713257, 0.6969646225259646, 0.14662799677452898, -0.5710765546380434, 0.2599656784139333, 1.436662799322666, -0.2516573375483516, -0.0848027904659543, -0.6364214486674368, 1.4682823845612454, -0.4297593983932361, -0.3272217598719177, 1.0307643551480206, -0.45933716634394633], [-3.3059758942401043, 1.7031442038670215, 0.23820569392468258, 1.2813376260122589, 0.9817586807158453, 3.894446358993287, 0.7909405750042459, -0.20543321027824646, -0.2073989787483743, -0.2113069263729095, -0.15046870078210076, -0.3476301345127894, -0.13459458383016457, 0.14929670411844467, -0.20280912905295603, -0.11892283826697231, 0.10189260627852743, -0.10607745780283899, -0.1415859666880956, 0.23865873701486767, -0.2577009532036668, -0.090123827266986, -0.023357069125160643, 0.08911598227113712, -0.07484804540188815, -2.3505172925777877, 0.5174428990328584, -0.099944025023509], [-5.35006250674262, 3.216328822800507, -1.7250868793807663, 1.0394414316249683, 2.8526389554659626, 0.7909405750042459, 6.668664250558823, -0.5268588960148937, 0.04436210764401351, -0.18890666659028077, -0.4105335427206756, 0.037713913405443764, -0.6014608410296988, 0.673545029024473, -0.48977958084603385, -0.07652000773775694, 0.025291186319261905, -0.8625652101182655, 0.10197390423391485, 0.5104249876393935, -0.09915020229371158, -0.18301930371018815, -0.14542113178530025, 0.31900756627848414, -0.31181256402650465, 0.21660484548574066, 1.184308472857054, -1.9226327007809931], [2.6118500583205986, -2.845834377675078, 1.4130670474123304, -0.11177097213359674, -1.6934606178437783, -0.20543321027824646, -0.5268588960148937, 0.5164239304503884, -0.039338949424008146, 0.11968999180469957, 0.255667188792272, -0.2154019386519441, 0.06276697025666937, -0.39543304659711737, 0.19956165715977317, 0.08770428070789475, 0.08391712381986548, 0.13683909395228894, -0.1686588363395103, -0.3009970112198502, 0.047858849953260785, 0.04668247237900239, 0.10902353887905095, -0.23600330711129278, 0.060729311549187946, 0.013383359803312093, -0.22337623814153237, 0.050253785383772204], [0.4181585087858231, -0.1036325761811365, -2.083720978662408, -0.15301994322076673, 0.2745426606553373, -0.2073989787483743, 0.04436210764401351, -0.039338949424008146, 0.39817531887898794, 0.14334630850311647, 0.05866426716057055, 0.04966562566533509, 0.042084226083838217, 0.36093083713227325, -0.03292335614665855, -0.09539467051632909, -0.10416328574464177, 0.029665709937459008, -0.07066900251616728, -0.030373310165188346, 0.007738154601404325, 0.0814425443562311, -0.03735981379219903, -0.09746342738752765, 0.04114644174683656, 0.14946579354177283, -0.10657056412438715, -0.016362443655952612], [1.106550224049715, -0.8816182605763885, -0.4104649429463255, -0.5778021713917767, -0.3242546669687196, -0.2113069263729095, -0.18890666659028077, 0.11968999180469957, 0.14334630850311647, 0.2239157646742521, 0.10467887066746889, -0.017747735851701824, 0.0465227360093507, 0.012301279600297503, 0.07110898317794012, -0.02941537529870852, -0.005422224356281828, 0.06242683993566774, 0.09206142916022188, -0.24304576912482517, -0.10479500697805409, 0.0030619723332627005, 0.013957044916697555, -0.1168610842279901, 0.03845371307605022, 0.11539769274004634, -0.09760888290006775, 0.012437499783270476], [1.9204986357177012, -1.6810939680261388, 1.064486997593562, -0.10612056293797027, -1.5122187532531437, -0.15046870078210076, -0.4105335427206756, 0.255667188792272, 0.05866426716057055, 0.10467887066746889, 0.35635596180013923, -0.05472431322188849, 0.05186218698597476, -0.3251474777215839, 0.08835852784069197, -0.2535846796110171, -0.03625852380070505, 0.09877207565074449, -0.047677850717311836, -0.28400340510087974, 0.021302040245588023, 0.03698113512209709, 0.09155191975860259, -0.3895011591819525, 0.06953235844067651, 0.029029775808606266, -0.18696709285209037, 0.06128107773583081], [-0.6139354250359698, 0.9543150267347967, -0.27335214612285247, -0.07265870712699926, 0.45056225902644303, -0.3476301345127894, 0.037713913405443764, -0.2154019386519441, 0.04966562566533509, -0.017747735851701824, -0.05472431322188849, 0.31463315049485374, -0.01406620151144017, 0.062221123999758446, -0.06507105042666858, -0.09539323483575082, -0.19650721592746398, -0.06094239418674993, 0.10710531450336369, 0.05963686731519018, -0.014409355725991111, -0.009852601460332601, -0.03015923521929548, -0.00972422251748807, 0.0028544780260817957, 0.18385491231504822, -0.10981724442361834, 0.0702774447334615], [0.6361337766324072, -0.47402828777857936, -0.06937889927620523, -0.10884110465032154, -0.2620245228218772, -0.13459458383016457, -0.6014608410296988, 0.06276697025666937, 0.042084226083838217, 0.0465227360093507, 0.05186218698597476, -0.01406620151144017, 0.11782249215118507, -0.02417117814802311, 0.05103489845301524, 0.045330157741431336, -0.019933240469540425, 0.08250091411485128, -0.03698774732830232, -0.04328006879188591, 0.002863892290721982, 0.01447535384435916, 0.009212980966471123, -0.037659807438880866, -0.00802752080144766, 0.1061929481683395, -0.18412171295219232, 0.14234271808660734], [-2.1933465963671788, 2.2146143480979563, -4.609716468289923, 0.41326582947708107, 2.2609819323904956, 0.14929670411844467, 0.673545029024473, -0.39543304659711737, 0.36093083713227325, 0.012301279600297503, -0.3251474777215839, 0.062221123999758446, -0.02417117814802311, 1.0457914856061838, -0.21847670660746032, 0.38623715894541183, 0.30352777878069237, -0.0273964921630074, -0.16909483724006197, 0.3459329619659576, -0.13008078779044138, 0.04137373894581739, -0.18538100541020722, 0.28172071846156077, -0.07242747928859346, -0.11303049260132535, 0.21002474676844207, -0.13696508891462672], [1.223620333902051, -1.1180875240686199, 0.7296564355442697, -0.6048245676111704, -0.6714699002713257, -0.20280912905295603, -0.48977958084603385, 0.19956165715977317, -0.03292335614665855, 0.07110898317794012, 0.08835852784069197, -0.06507105042666858, 0.05103489845301524, -0.21847670660746032, 0.20562168691350888, 0.03256197299734239, -0.016490482260904285, 0.07863106244711626, 0.07830236831059388, -0.1399037307560218, 0.041143455405974076, 0.023484330117327083, 0.04438067066478683, -0.06691458855755338, 0.027424072803792734, 0.05024082785578734, -0.147521719187037, 0.10615713370448764], [-0.3743796263078922, -0.1507027248695467, -1.4918899461921713, 0.45012932044302045, 0.6969646225259646, -0.11892283826697231, -0.07652000773775694, 0.08770428070789475, -0.09539467051632909, -0.02941537529870852, -0.2535846796110171, -0.09539323483575082, 0.045330157741431336, 0.38623715894541183, 0.03256197299734239, 0.9807642958283204, 0.22697795499284135, 0.024352427364246313, -0.26253911299014776, 0.23465753330959965, -0.10919520938373994, 0.010922610222980467, -0.0950445209537484, 0.3003629376479372, -0.09065895855836088, 0.1294277093627454, -0.031587503824766, -0.015347710213559736], [0.19067739356646343, -0.19068267157548388, -1.2239623472245864, 0.26687648172384115, 0.14662799677452898, 0.10189260627852743, 0.025291186319261905, 0.08391712381986548, -0.10416328574464177, -0.005422224356281828, -0.03625852380070505, -0.19650721592746398, -0.019933240469540425, 0.30352777878069237, -0.016490482260904285, 0.22697795499284135, 1.1443514546158493, 0.11307566733187818, -0.15450850793446294, -0.19503856256681382, -0.21817106012603837, -0.053099365256975235, -0.008833590889548779, 0.0321733222019811, -0.032689575265101765, -0.557022151920048, 0.1487303067964525, 0.02407287622187476], [1.064115918728248, -0.7930089314861183, -0.14718039484517073, -0.09629833206506984, -0.5710765546380434, -0.10607745780283899, -0.8625652101182655, 0.13683909395228894, 0.029665709937459008, 0.06242683993566774, 0.09877207565074449, -0.06094239418674993, 0.08250091411485128, -0.0273964921630074, 0.07863106244711626, 0.024352427364246313, 0.11307566733187818, 0.22768543591760843, -0.07361970229229998, -0.14199662420301776, -0.023397445786177824, 0.018007620231859436, 0.031095195770098037, -0.10659428122880311, 0.051977365285016675, -0.06702064321719621, -0.12669410946445278, 0.21414364738849892], [-0.38539945361297695, 0.8600695500077709, 0.743466827172232, -1.6525720137445288, 0.2599656784139333, -0.1415859666880956, 0.10197390423391485, -0.1686588363395103, -0.07066900251616728, 0.09206142916022188, -0.047677850717311836, 0.10710531450336369, -0.03698774732830232, -0.16909483724006197, 0.07830236831059388, -0.26253911299014776, -0.15450850793446294, -0.07361970229229998, 0.7311587508629327, -0.2665809259975343, -0.010606431574858029, -0.014147587684552274, 0.011709968814019173, 0.0877577706116237, 0.006089732540129063, 0.07277424106139309, 0.13747007691494456, -0.03754784399393746], [-2.503113172095179, 1.926367133745454, -1.0134359231510135, 0.9003794883816756, 1.436662799322666, 0.23865873701486767, 0.5104249876393935, -0.3009970112198502, -0.030373310165188346, -0.24304576912482517, -0.28400340510087974, 0.05963686731519018, -0.04328006879188591, 0.3459329619659576, -0.1399037307560218, 0.23465753330959965, -0.19503856256681382, -0.14199662420301776, -0.2665809259975343, 0.9869062559082359, 0.08802711594242528, -0.012474055754433791, -0.11563879644622742, 0.2827632848233636, -0.09336399853478262, 0.0686719655135403, 0.17295400990640666, -0.07514262780171957], [0.29969329434184644, -0.22129242475955468, 0.5175992491064172, -0.1407776630828268, -0.2516573375483516, -0.2577009532036668, -0.09915020229371158, 0.047858849953260785, 0.007738154601404325, -0.10479500697805409, 0.021302040245588023, -0.014409355725991111, 0.002863892290721982, -0.13008078779044138, 0.041143455405974076, -0.10919520938373994, -0.21817106012603837, -0.023397445786177824, -0.010606431574858029, 0.08802711594242528, 0.7966262856871337, 0.01785482579757455, 0.02189599561119829, 0.02636042007027272, 0.03653769974384667, 0.0585500095105216, -0.07458437156203171, 0.035201353807199055], [0.4437840806089116, -0.3108862145138222, -0.33857861178638016, -0.18167224394978318, -0.0848027904659543, -0.090123827266986, -0.18301930371018815, 0.04668247237900239, 0.0814425443562311, 0.0030619723332627005, 0.03698113512209709, -0.009852601460332601, 0.01447535384435916, 0.04137373894581739, 0.023484330117327083, 0.010922610222980467, -0.053099365256975235, 0.018007620231859436, -0.014147587684552274, -0.012474055754433791, 0.01785482579757455, 0.3017082670906394, -0.005087418075700081, -0.022646618892430862, 0.030634041123348003, 0.0427784135139271, -0.05974217364894049, 0.016452154191287302], [0.6469115157603078, -0.6099522312279076, 0.7499541606622263, -0.0779756172171647, -0.6364214486674368, -0.023357069125160643, -0.14542113178530025, 0.10902353887905095, -0.03735981379219903, 0.013957044916697555, 0.09155191975860259, -0.03015923521929548, 0.009212980966471123, -0.18538100541020722, 0.04438067066478683, -0.0950445209537484, -0.008833590889548779, 0.031095195770098037, 0.011709968814019173, -0.11563879644622742, 0.02189599561119829, -0.005087418075700081, 0.057131823881999055, -0.0966562816807908, 0.02387560503340788, -0.016191229725316978, -0.04283134647271851, 0.020009812560262442], [-1.8214436772448674, 1.6340509367333635, -0.8545897397756643, -0.01932012315344639, 1.4682823845612454, 0.08911598227113712, 0.31900756627848414, -0.23600330711129278, -0.09746342738752765, -0.1168610842279901, -0.3895011591819525, -0.00972422251748807, -0.037659807438880866, 0.28172071846156077, -0.06691458855755338, 0.3003629376479372, 0.0321733222019811, -0.10659428122880311, 0.0877577706116237, 0.2827632848233636, 0.02636042007027272, -0.022646618892430862, -0.0966562816807908, 0.692083680980567, -0.11918686861644678, -0.06927127125469928, 0.1698900567068071, -0.024901010672620287], [0.6415596052957886, -0.38894025538792737, 0.14081450797178202, -0.11423308579902161, -0.4297593983932361, -0.07484804540188815, -0.31181256402650465, 0.060729311549187946, 0.04114644174683656, 0.03845371307605022, 0.06953235844067651, 0.0028544780260817957, -0.00802752080144766, -0.07242747928859346, 0.027424072803792734, -0.09065895855836088, -0.032689575265101765, 0.051977365285016675, 0.006089732540129063, -0.09336399853478262, 0.03653769974384667, 0.030634041123348003, 0.02387560503340788, -0.11918686861644678, 0.15448693979600148, 0.024516357098529364, -0.08371108086957434, 0.08624061239887802], [1.8449717808199495, -0.7294795108717111, 0.0007755483385606133, -0.6530124458412844, -0.3272217598719177, -2.3505172925777877, 0.21660484548574066, 0.013383359803312093, 0.14946579354177283, 0.11539769274004634, 0.029029775808606266, 0.18385491231504822, 0.1061929481683395, -0.11303049260132535, 0.05024082785578734, 0.1294277093627454, -0.557022151920048, -0.06702064321719621, 0.07277424106139309, 0.0686719655135403, 0.0585500095105216, 0.0427784135139271, -0.016191229725316978, -0.06927127125469928, 0.024516357098529364, 3.4050786929234893, -0.62530421369626, -0.2538335725351762], [-1.9865446259211326, 1.6199062566715017, -0.4153297970302024, 0.15442347548167076, 1.0307643551480206, 0.5174428990328584, 1.184308472857054, -0.22337623814153237, -0.10657056412438715, -0.09760888290006775, -0.18696709285209037, -0.10981724442361834, -0.18412171295219232, 0.21002474676844207, -0.147521719187037, -0.031587503824766, 0.1487303067964525, -0.12669410946445278, 0.13747007691494456, 0.17295400990640666, -0.07458437156203171, -0.05974217364894049, -0.04283134647271851, 0.1698900567068071, -0.08371108086957434, -0.62530421369626, 1.0284211512706476, -0.483366059386986], [0.826406087154217, -0.3560553125107571, 0.33629704948325234, -0.12313985683148207, -0.45933716634394633, -0.099944025023509, -1.9226327007809931, 0.050253785383772204, -0.016362443655952612, 0.012437499783270476, 0.06128107773583081, 0.0702774447334615, 0.14234271808660734, -0.13696508891462672, 0.10615713370448764, -0.015347710213559736, 0.02407287622187476, 0.21414364738849892, -0.03754784399393746, -0.07514262780171957, 0.035201353807199055, 0.016452154191287302, 0.020009812560262442, -0.024901010672620287, 0.08624061239887802, -0.2538335725351762, -0.483366059386986, 0.7675729171384846]]",
    "monomial_list": "[1, x6, x5, x4, x3, x2, x1, x6**2, x5*x6, x4*x6, x3*x6, x2*x6, x1*x6, x5**2, x4*x5, x3*x5, x2*x5, x1*x5, x4**2, x3*x4, x2*x4, x1*x4, x3**2, x2*x3, x1*x3, x2**2, x1*x2, x1**2]"
}