{
    "name": "Total Decomposition",
    "rational_expression": "63233*x1**4/10000 + 2091*x1**3*x2/1250 - 746*x1**3/125 + 41383*x1**2*x2**2/5000 - 25281*x1**2*x2/10000 + 72271*x1**2/10000 - 24027*x1*x2**3/5000 - 312*x1*x2**2/125 - 25107*x1*x2/1000 + 16947*x1/2000 + 29909*x2**4/5000 - 9297*x2**3/2000 + 10721*x2**2/1000 - 347*x2/25 + 3484/125",
    "Q": "[[27.872446077417862, -6.944346369058339, 4.240808386912843, -0.5084336688634472, -8.385854915098832, -2.2110978173404074], [-6.944346369058339, 11.727226635014857, -4.1628060147648425, -2.320190623661268, -0.18149960783042426, 0.5000277246215353], [4.240808386912843, -4.1628060147648425, 11.629122672101737, -1.0731668397020206, -1.7576331077891703, -2.9893954627179924], [-0.5084336688634472, -2.320190623661268, -1.0731668397020206, 5.981984611488336, -2.4020002675259557, -1.0363193037168095], [-8.385854915098832, -0.18149960783042426, -1.7576331077891703, -2.4020002675259557, 10.347630680734747, 0.8383468722766755], [-2.2110978173404074, 0.5000277246215353, -2.9893954627179924, -1.0363193037168095, 0.8383468722766755, 6.327936886334187]]",
    "monomial_list": "[1, x2, x1, x2**2, x1*x2, x1**2]"
}