{
    "name": "Total Decomposition",
    "rational_expression": "183*x1**4/31250 + 1257*x1**3*x2/1000000 - 2221*x1**3*x3/10000000 + 1881*x1**3/10000 + 147*x1**2*x2**2/12500 - 1043*x1**2*x2*x3/2500000 + 221*x1**2*x2/1000 + 1073*x1**2*x3**2/100000 - 3471*x1**2*x3/100000 + 761*x1**2/250 + 1979*x1*x2**3/1000000 - 3621*x1*x2**2*x3/10000000 + 2421*x1*x2**2/10000 + 23*x1*x2*x3**2/12500 - 3131*x1*x2*x3/100000 + 2717*x1*x2/5000 - 71*x1*x3**3/250000 + 1743*x1*x3**2/10000 - 549*x1*x3/5000 - 449*x1/2500 + 1421*x2**4/250000 - 2587*x2**3*x3/10000000 + 427*x2**3/2500 + 109*x2**2*x3**2/10000 - 73*x2**2*x3/2000 + 71*x2**2/25 - 291*x2*x3**3/1000000 + 37*x2*x3**2/250 - 4949*x2*x3/50000 - 113*x2/400 + 5081*x3**4/1000000 - 1241*x3**3/50000 + 2481*x3**2/1000 - 2069*x3/100000 + 321/250",
    "Q": "[[1.2836944160911177, -0.010352043100029264, -0.1414048449960428, -0.0894914280377504, 0.0041124971315373016, 0.0016516123217448556, 0.0013184354944772967, -0.003286776518244948, -0.014616171273461948, -0.0017756832285663715], [-0.010352043100029264, 2.4734171445211435, -0.049642662023618396, -0.05735749214157277, -0.012713132889066002, 0.0740066108183026, 0.08334844311340339, -0.00191895940950684, -0.0037811565134642637, -0.0010538629448691257], [-0.1414048449960428, -0.049642662023618396, 2.8477210843422567, 0.2848040052635616, 0.0010517547207936771, -0.01716749579661813, -0.003952180591934567, 0.08563126180751394, 0.1072657152813801, 0.0060572163638807535], [-0.0894914280377504, -0.05735749214157277, 0.2848040052635616, 3.0459322996789755, 0.0017241952022860102, -0.005660199177869568, -0.017576866737355822, 0.014811660518262748, 0.10381939873831794, 0.09272801263129413], [0.0041124971315373016, -0.012713132889066002, 0.0010517547207936771, 0.0017241952022860102, 0.00514029878456253, -0.00015238091953278385, -0.000140937021319997, -0.0006806817662214153, 0.0014173045608713982, -0.0006572336189856688], [0.0016516123217448556, 0.0740066108183026, -0.01716749579661813, -0.005660199177869568, -0.00015238091953278385, 0.012423670764989377, -0.0005617458044876345, -0.00015238090282607928, 8.336731670655642e-05, -0.0002013649515067174], [0.0013184354944772967, 0.08334844311340339, -0.003952180591934567, -0.017576866737355822, -0.000140937021319997, -0.0005617458044876345, 0.012101734286967739, -0.000224304322038316, 4.898404869991666e-05, -0.0001409370047282053], [-0.003286776518244948, -0.00191895940950684, 0.08563126180751394, 0.014811660518262748, -0.0006806817662214153, -0.00015238090282607928, -0.000224304322038316, 0.00592200856538964, 0.0008555586488561912, -0.00022079465069327274], [-0.014616171273461948, -0.0037811565134642637, 0.1072657152813801, 0.10381939873831794, 0.0014173045608713982, 8.336731670655642e-05, 4.898404869991666e-05, 0.0008555586488561912, 0.01201056604286901, 0.0008555586561326094], [-0.0017756832285663715, -0.0010538629448691257, 0.0060572163638807535, 0.09272801263129413, -0.0006572336189856688, -0.0002013649515067174, -0.0001409370047282053, -0.00022079465069327274, 0.0008555586561326094, 0.005646968403728409]]",
    "monomial_list": "[1, x3, x2, x1, x3**2, x2*x3, x1*x3, x2**2, x1*x2, x1**2]"
}