{
    "name": "Total Decomposition",
    "rational_expression": "359*x1**4/40000 + 833*x1**3*x2/200000 - 5411*x1**3*x3/10000000 + 123*x1**3/400 + 367*x1**2*x2**2/20000 - 509*x1**2*x2*x3/2000000 + 947*x1**2*x2/2500 + 1741*x1**2*x3**2/100000 - 3237*x1**2*x3/50000 + 4817*x1**2/1000 + 231*x1*x2**3/62500 - 3423*x1*x2**2*x3/10000000 + 521*x1*x2**2/1250 + 3679*x1*x2*x3**2/1000000 - 1191*x1*x2*x3/25000 + 691*x1*x2/500 - 539*x1*x3**3/1000000 + 323*x1*x3**2/1250 - 309*x1*x3/1250 - 4209*x1/10000 + 9267*x2**4/1000000 - 287*x2**3*x3/625000 + 2701*x2**3/10000 + 861*x2**2*x3**2/50000 - 6027*x2**2*x3/100000 + 4501*x2**2/1000 - 1251*x2*x3**3/2500000 + 1139*x2*x3**2/5000 - 2393*x2*x3/10000 - 4209*x2/10000 + 817*x3**4/100000 - 3801*x3**3/100000 + 3811*x3**2/1000 + 831*x3/200000 + 2063/1000",
    "Q": "[[2.062770503739283, 0.0030416622037749853, -0.21142324327619563, -0.2113362734860681, 0.006691348613874214, 0.0029823512930410305, 0.0030743537154371155, -0.004870264483358225, -0.02474478091380239, -0.005398407734830337], [0.0030416622037749853, 3.7990351079913, -0.12239148850884539, -0.1255814825569234, -0.019266176524871084, 0.11291610032517538, 0.12806916947862976, -0.004121550186202239, -0.008408071619065477, -0.003536533731396327], [-0.21142324327619563, -0.12239148850884539, 4.509370399687874, 0.7181611935976988, 0.0006576094593524447, -0.027090046993961652, -0.008273239429686363, 0.13619514420372866, 0.17675905661557556, 0.020043960998489728], [-0.2113362734860681, -0.1255814825569234, 0.7181611935976988, 4.829934984586311, 0.0010426861872528403, -0.009483644607941363, -0.029068709005102094, 0.02937670548498998, 0.17207518256750443, 0.15226236106759997], [0.006691348613874214, -0.019266176524871084, 0.0006576094593524447, 0.0010426861872528403, 0.00777394926908811, -0.0002694111506620403, -0.00029123582568552493, -0.0010822790196003333, 0.002095758457055074, -0.001031674534516206], [0.0029823512930410305, 0.11291610032517538, -0.027090046993961652, -0.009483644607941363, -0.0002694111506620403, 0.01936545520159946, -0.0003300480836216644, -0.00026941110324734465, 7.371020857228112e-05, -0.000291478282560662], [0.0030743537154371155, 0.12806916947862976, -0.008273239429686363, -0.029068709005102094, -0.00029123582568552493, -0.0003300480836216644, 0.019102561004811277, -0.0003649459934497383, 2.2067170965073357e-05, -0.0002912357789035863], [-0.004870264483358225, -0.004121550186202239, 0.13619514420372866, 0.02937670548498998, -0.0010822790196003333, -0.00026941110324734465, -0.0003649459934497383, 0.00942694771550324, 0.0017657101101425916, -0.00020687696966273248], [-0.02474478091380239, -0.008408071619065477, 0.17675905661557556, 0.17207518256750443, 0.002095758457055074, 7.371020857228112e-05, 2.2067170965073357e-05, 0.0017657101101425916, 0.019105963790476767, 0.0017657100823096103], [-0.005398407734830337, -0.003536533731396327, 0.020043960998489728, 0.15226236106759997, -0.001031674534516206, -0.000291478282560662, -0.0002912357789035863, -0.00020687696966273248, 0.0017657100823096103, 0.009265262324473807]]",
    "monomial_list": "[1, x3, x2, x1, x3**2, x2*x3, x1*x3, x2**2, x1*x2, x1**2]"
}