{
    "name": "Total Decomposition",
    "rational_expression": "13623*x1**4/2500 - 10251*x1**3*x2/50000 - 1999*x1**3/625 + 81239*x1**2*x2**2/10000 - 61519*x1**2*x2/10000 + 17639*x1**2/1000 - 32197*x1*x2**3/50000 - 22523*x1*x2**2/5000 + 2881*x1*x2/500 + 569*x1/200 + 22353*x2**4/10000 - 6327*x2**3/1000 + 167*x2**2/25 - 4631*x2/1000 + 3079/1000",
    "Q": "[[3.079363543516676, -2.3154921315336345, 1.4235658722865034, 0.07803655577554858, 0.5487427425527943, 0.6368447694117085], [-2.3154921315336345, 6.526583012892151, 2.33316243909634, -3.164171298343331, -0.172470230598961, -1.4809681225819011], [1.4235658722865034, 2.33316243909634, 16.36675133250814, -2.073206020607339, -1.5952327096314889, -1.595603048692504], [0.07803655577554858, -3.164171298343331, -2.073206020607339, 2.235091298372559, -0.32326548498403046, 0.6494370516540627], [0.5487427425527943, -0.172470230598961, -1.5952327096314889, -0.32326548498403046, 6.826709551594004, -0.10401669407500716], [0.6368447694117085, -1.4809681225819011, -1.595603048692504, 0.6494370516540627, -0.10401669407500716, 5.449204619477967]]",
    "monomial_list": "[1, x2, x1, x2**2, x1*x2, x1**2]"
}