{
    "name": "Multiplier-1",
    "rational_expression": "183531*x1**2/1000 + 113449*x1*x2/10000 + 32441*x1*x3/2500 + 33821*x1*x4/2500 + 165069*x1*x5/100000 + 161247*x1*x6/25000 + 186157*x1*x7/50000 + 127737*x1*x8/20000 + 21661*x1*x9/3125 + 75521*x1/12500 + 45351*x2**2/250 + 927881*x2*x3/100000 + 103821*x2*x4/10000 + 47313*x2*x5/6250 + 20343*x2*x6/2000 + 418463*x2*x7/50000 + 39513*x2*x8/4000 + 948717*x2*x9/100000 + 192039*x2/5000 + 186329*x3**2/1000 + 140763*x3*x4/10000 + 185863*x3*x5/100000 + 269293*x3*x6/100000 + 234437*x3*x7/100000 + 85581*x3*x8/20000 + 563259*x3*x9/100000 - 201903*x3/10000 + 9227*x4**2/50 + 88147*x4*x5/50000 + 29177*x4*x6/6250 + 120153*x4*x7/100000 + 449531*x4*x8/100000 + 72671*x4*x9/12500 - 181867*x4/10000 + 92811*x5**2/500 + 40041*x5*x6/2500 + 204161*x5*x7/10000 + 80597*x5*x8/5000 + 7591*x5*x9/500 + 3232*x5/25 + 182859*x6**2/1000 + 40327*x6*x7/2500 + 38213*x6*x8/2500 + 2671*x6*x9/200 + 105051*x6/1000 + 92597*x7**2/500 + 163131*x7*x8/10000 + 149437*x7*x9/10000 + 26867*x7/200 + 183011*x8**2/1000 + 34293*x8*x9/2500 + 109089*x8/1000 + 90741*x9**2/500 + 454359*x9/5000 + 101007/200",
    "Q": "[[505.035135370167, 45.5609374687492, 54.779259180221885, 67.40222330241544, 52.383707888689166, 64.41315096489288, -8.93392312089098, -10.17632448675057, 19.39466444161683, 3.0451200267112077], [45.5609374687492, 181.50798831597635, 6.908650357756, 7.545635057703803, 6.717008691151568, 7.514665223979938, 2.8797384948211873, 2.827796040117844, 4.6772090597695, 3.4142050838548665], [54.779259180221885, 6.908650357756, 183.06242058258894, 8.264917329089819, 7.675438036974309, 8.026420901000812, 2.2209302289432555, 2.047330458122679, 5.011931971337063, 3.2454777457346777], [67.40222330241544, 7.545635057703803, 8.264917329089819, 185.2573315564665, 8.112767545841589, 10.119194693011488, 0.5595633980120197, 1.1607125964149807, 4.156992626008648, 1.9067279271916835], [52.383707888689166, 6.717008691151568, 7.675438036974309, 8.112767545841589, 182.8315124273423, 7.896835586239464, 2.3491804455243623, 1.3431945478338305, 5.0438247678024615, 3.3005531079857917], [64.41315096489288, 7.514665223979938, 8.026420901000812, 10.119194693011488, 7.896835586239464, 185.56018331587285, 0.861320642036936, 0.8477923028196538, 3.835334061292378, 0.747847079389696], [-8.93392312089098, 2.8797384948211873, 2.2209302289432555, 0.5595633980120197, 2.3491804455243623, 0.861320642036936, 184.52874794858838, 7.069234246919847, 5.124415245232447, 6.7226310991912], [-10.17632448675057, 2.827796040117844, 2.047330458122679, 1.1607125964149807, 1.3431945478338305, 0.8477923028196538, 7.069234246919847, 186.33189866337537, 4.645823533003638, 6.4466479823211404], [19.39466444161683, 4.6772090597695, 5.011931971337063, 4.156992626008648, 5.0438247678024615, 3.835334061292378, 5.124415245232447, 4.645823533003638, 181.41165628265253, 5.640119931480377], [3.0451200267112077, 3.4142050838548665, 3.2454777457346777, 1.9067279271916835, 3.3005531079857917, 0.747847079389696, 6.7226310991912, 6.4466479823211404, 5.640119931480377, 183.52625492173962]]",
    "monomial_list": "[1, x9, x8, x7, x6, x5, x4, x3, x2, x1]"
}