{
    "name": "Total Decomposition",
    "rational_expression": "1834381*x1**4/10000 + 1126279*x1**3*x2/100000 + 131297*x1**3*x3/10000 + 328969*x1**3*x4/25000 + 1485983*x1**3*x5/1000000 + 6664643*x1**3*x6/1000000 + 3344087*x1**3*x7/1000000 + 133427*x1**3*x8/20000 + 862027*x1**3*x9/125000 - 1802757*x1**3/5000 + 1825063*x1**2*x2**2/5000 + 4914281*x1**2*x2*x3/500000 + 40383*x1**2*x2*x4/4000 + 3942757*x1**2*x2*x5/500000 + 536917*x1**2*x2*x6/50000 + 8413201*x1**2*x2*x7/1000000 + 1062973*x1**2*x2*x8/100000 + 9289257*x1**2*x2*x9/1000000 - 3518809*x1**2*x2/10000 + 3701179*x1**2*x3**2/10000 + 345829*x1**2*x3*x4/25000 + 1477991*x1**2*x3*x5/1000000 + 1612907*x1**2*x3*x6/500000 + 1792479*x1**2*x3*x7/1000000 + 197611*x1**2*x3*x8/50000 + 6290961*x1**2*x3*x9/1000000 - 4131909*x1**2*x3/10000 + 3679469*x1**2*x4**2/10000 + 943959*x1**2*x4*x5/500000 + 4773227*x1**2*x4*x6/1000000 + 134021*x1**2*x4*x7/125000 + 4754091*x1**2*x4*x8/1000000 + 1427969*x1**2*x4*x9/250000 - 821399*x1**2*x4/2000 + 1843431*x1**2*x5**2/5000 + 1620481*x1**2*x5*x6/100000 + 498641*x1**2*x5*x7/25000 + 803383*x1**2*x5*x8/50000 + 759513*x1**2*x5*x9/50000 - 599801*x1**2*x5/2500 + 1834171*x1**2*x6**2/5000 + 1685971*x1**2*x6*x7/100000 + 322537*x1**2*x6*x8/20000 + 34641*x1**2*x6*x9/2500 - 2787131*x1**2*x6/10000 + 1843901*x1**2*x7**2/5000 + 417147*x1**2*x7*x8/25000 + 37867*x1**2*x7*x9/2500 - 2380667*x1**2*x7/10000 + 3665023*x1**2*x8**2/10000 + 1416211*x1**2*x8*x9/100000 - 2719597*x1**2*x8/10000 + 1824277*x1**2*x9**2/5000 - 2895697*x1**2*x9/10000 + 1961049*x1**2/1000 + 1138147*x1*x2**3/100000 + 642561*x1*x2**2*x3/50000 + 652611*x1*x2**2*x4/50000 + 310149*x1*x2**2*x5/200000 + 6652903*x1*x2**2*x6/1000000 + 716713*x1*x2**2*x7/200000 + 1676957*x1*x2**2*x8/250000 + 7322921*x1*x2**2*x9/1000000 - 237582*x1*x2**2/625 + 582369*x1*x2*x3**2/50000 - 1240467*x1*x2*x3*x4/2500000 + 3099741*x1*x2*x3*x5/10000000 + 651127*x1*x2*x3*x6/5000000 + 2601733*x1*x2*x3*x7/5000000 + 3544947*x1*x2*x3*x8/10000000 + 4331783*x1*x2*x3*x9/5000000 - 6870339*x1*x2*x3/100000 + 273711*x1*x2*x4**2/25000 + 721893*x1*x2*x4*x5/25000000 - 9518379*x1*x2*x4*x6/10000000 - 485271*x1*x2*x4*x7/10000000 + 2833643*x1*x2*x4*x8/10000000 + 8915601*x1*x2*x4*x9/10000000 - 672333*x1*x2*x4/10000 + 1088667*x1*x2*x5**2/100000 - 135591*x1*x2*x5*x6/400000 - 1338061*x1*x2*x5*x7/10000000 + 8936007*x1*x2*x5*x8/10000000 + 4407461*x1*x2*x5*x9/10000000 - 2093577*x1*x2*x5/50000 + 11209*x1*x2*x6**2/1000 - 1562407*x1*x2*x6*x7/10000000 + 1609731*x1*x2*x6*x8/2500000 + 676421*x1*x2*x6*x9/1250000 - 5552829*x1*x2*x6/100000 + 1152941*x1*x2*x7**2/100000 - 3215607*x1*x2*x7*x8/10000000 + 3890807*x1*x2*x7*x9/10000000 - 116963*x1*x2*x7/2500 + 1198131*x1*x2*x8**2/100000 + 373897*x1*x2*x8*x9/625000 - 5781863*x1*x2*x8/100000 + 1140227*x1*x2*x9**2/100000 - 181368*x1*x2*x9/3125 - 331351*x1*x2/1250 + 40658*x1*x3**3/3125 + 26007*x1*x3**2*x4/2000 + 337419*x1*x3**2*x5/250000 + 7288533*x1*x3**2*x6/1000000 + 3817671*x1*x3**2*x7/1000000 + 6747103*x1*x3**2*x8/1000000 + 3495309*x1*x3**2*x9/500000 - 785509*x1*x3**2/2000 + 1291539*x1*x3*x4**2/100000 + 1357877*x1*x3*x4*x5/10000000 + 4071369*x1*x3*x4*x6/10000000 + 2721*x1*x3*x4*x7/12500 + 217991*x1*x3*x4*x8/625000 + 3781599*x1*x3*x4*x9/5000000 - 4018861*x1*x3*x4/50000 + 630673*x1*x3*x5**2/50000 + 2588811*x1*x3*x5*x6/10000000 - 1349933*x1*x3*x5*x7/10000000 - 265851*x1*x3*x5*x8/2500000 + 6505727*x1*x3*x5*x9/10000000 - 1629107*x1*x3*x5/50000 + 1324571*x1*x3*x6**2/100000 + 239459*x1*x3*x6*x7/5000000 + 33247*x1*x3*x6*x8/50000 + 166337*x1*x3*x6*x9/400000 - 472511*x1*x3*x6/10000 + 164927*x1*x3*x7**2/12500 - 1309773*x1*x3*x7*x8/5000000 - 36534*x1*x3*x7*x9/78125 - 1815229*x1*x3*x7/50000 + 637339*x1*x3*x8**2/50000 + 4950873*x1*x3*x8*x9/10000000 - 4639431*x1*x3*x8/100000 + 640481*x1*x3*x9**2/50000 - 5336159*x1*x3*x9/100000 - 48409*x1*x3/250 + 1353439*x1*x4**3/100000 + 38237*x1*x4**2*x5/20000 + 301527*x1*x4**2*x6/50000 + 57374*x1*x4**2*x7/15625 + 6732877*x1*x4**2*x8/1000000 + 7321239*x1*x4**2*x9/1000000 - 978129*x1*x4**2/2500 + 1358863*x1*x4*x5**2/100000 + 1728357*x1*x4*x5*x6/2500000 + 3507247*x1*x4*x5*x7/5000000 + 758809*x1*x4*x5*x8/2500000 + 1029961*x1*x4*x5*x9/1250000 - 179449*x1*x4*x5/5000 + 1313203*x1*x4*x6**2/100000 - 1147457*x1*x4*x6*x7/2500000 - 3337369*x1*x4*x6*x8/10000000 + 2441363*x1*x4*x6*x9/25000000 - 969999*x1*x4*x6/20000 + 276473*x1*x4*x7**2/20000 - 3260539*x1*x4*x7*x8/10000000 + 1662533*x1*x4*x7*x9/2000000 - 3771187*x1*x4*x7/100000 + 138153*x1*x4*x8**2/10000 + 9045339*x1*x4*x8*x9/10000000 - 4987131*x1*x4*x8/100000 + 333241*x1*x4*x9**2/25000 - 1339021*x1*x4*x9/25000 - 1023253*x1*x4/5000 + 145001*x1*x5**3/100000 + 6633673*x1*x5**2*x6/1000000 + 324401*x1*x5**2*x7/100000 + 3162317*x1*x5**2*x8/500000 + 7051387*x1*x5**2*x9/1000000 - 3663079*x1*x5**2/10000 + 1356219*x1*x5*x6**2/1000000 + 3809543*x1*x5*x6*x7/50000000 + 1237987*x1*x5*x6*x8/5000000 + 2516997*x1*x5*x6*x9/50000000 - 190409*x1*x5*x6/4000 + 1936843*x1*x5*x7**2/1000000 - 3743359*x1*x5*x7*x8/100000000 + 1159087*x1*x5*x7*x9/1000000 - 5328897*x1*x5*x7/100000 + 1884467*x1*x5*x8**2/1000000 + 4278791*x1*x5*x8*x9/10000000 - 149233*x1*x5*x8/3125 + 321573*x1*x5*x9**2/200000 - 615731*x1*x5*x9/12500 - 318003*x1*x5/2500 + 1358421*x1*x6**3/200000 + 725299*x1*x6**2*x7/200000 + 3351873*x1*x6**2*x8/500000 + 3571659*x1*x6**2*x9/500000 - 3748781*x1*x6**2/10000 + 1330401*x1*x6*x7**2/200000 + 4909313*x1*x6*x7*x8/10000000 + 837813*x1*x6*x7*x9/1000000 - 5281023*x1*x6*x7/100000 + 1316401*x1*x6*x8**2/200000 - 1750873*x1*x6*x8*x9/10000000 - 5747423*x1*x6*x8/100000 + 6408869*x1*x6*x9**2/1000000 - 1066953*x1*x6*x9/20000 - 2374691*x1*x6/10000 + 3654837*x1*x7**3/1000000 + 67027*x1*x7**2*x8/10000 + 6952193*x1*x7**2*x9/1000000 - 9367*x1*x7**2/25 + 90723*x1*x7*x8**2/25000 + 85241*x1*x7*x8*x9/500000 - 533839*x1*x7*x8/10000 + 3889201*x1*x7*x9**2/1000000 - 2742149*x1*x7*x9/50000 - 49531*x1*x7/250 + 1311003*x1*x8**3/200000 + 6950587*x1*x8**2*x9/1000000 - 186293*x1*x8**2/500 + 778759*x1*x8*x9**2/125000 - 5441603*x1*x8*x9/100000 - 615763*x1*x8/2500 + 3352043*x1*x9**3/500000 - 229732*x1*x9**2/625 - 574979*x1*x9/2500 + 2485503*x1/5000 + 453423*x2**4/2500 + 9279757*x2**3*x3/1000000 + 202529*x2**3*x4/20000 + 3930381*x2**3*x5/500000 + 1013789*x2**3*x6/100000 + 2093511*x2**3*x7/250000 + 129667*x2**3*x8/12500 + 9568493*x2**3*x9/1000000 - 406559*x2**3/1250 + 3675997*x2**2*x3**2/10000 + 269877*x2**2*x3*x4/20000 + 8995627*x2**2*x3*x5/10000000 + 2682613*x2**2*x3*x6/1000000 + 2191303*x2**2*x3*x7/1000000 + 58433*x2**2*x3*x8/15625 + 5458979*x2**2*x3*x9/1000000 - 4000239*x2**2*x3/10000 + 730273*x2**2*x4**2/2000 + 270073*x2**2*x4*x5/200000 + 902173*x2**2*x4*x6/250000 + 4408047*x2**2*x4*x7/5000000 + 2102011*x2**2*x4*x8/500000 + 209431*x2**2*x4*x9/40000 - 496857*x2**2*x4/1250 + 733591*x2**2*x5**2/2000 + 322403*x2**2*x5*x6/20000 + 257169*x2**2*x5*x7/12500 + 1585933*x2**2*x5*x8/100000 + 1453027*x2**2*x5*x9/100000 - 2483227*x2**2*x5/10000 + 3641551*x2**2*x6**2/10000 + 1641513*x2**2*x6*x7/100000 + 48257*x2**2*x6*x8/3125 + 42457*x2**2*x6*x9/3125 - 1389939*x2**2*x6/5000 + 1833949*x2**2*x7**2/5000 + 1654461*x2**2*x7*x8/100000 + 756153*x2**2*x7*x9/50000 - 1228671*x2**2*x7/5000 + 364539*x2**2*x8**2/1000 + 347439*x2**2*x8*x9/25000 - 2726363*x2**2*x8/10000 + 181477*x2**2*x9**2/500 - 2902509*x2**2*x9/10000 + 483173*x2**2/250 + 2329339*x2*x3**3/250000 + 41853*x2*x3**2*x4/4000 + 7820847*x2*x3**2*x5/1000000 + 270703*x2*x3**2*x6/25000 + 8517123*x2*x3**2*x7/1000000 + 9926349*x2*x3**2*x8/1000000 + 1171959*x2*x3**2*x9/125000 - 3525403*x2*x3**2/10000 + 4668519*x2*x3*x4**2/500000 - 2428973*x2*x3*x4*x5/50000000 + 2300387*x2*x3*x4*x6/10000000 + 4871727*x2*x3*x4*x7/100000000 + 510539*x2*x3*x4*x8/2000000 - 460717*x2*x3*x4*x9/2000000 - 6836011*x2*x3*x4/100000 + 893741*x2*x3*x5**2/100000 - 493343*x2*x3*x5*x6/2000000 - 6339147*x2*x3*x5*x7/10000000 - 231551*x2*x3*x5*x8/2000000 + 15989*x2*x3*x5*x9/200000 - 3591991*x2*x3*x5/100000 + 9483361*x2*x3*x6**2/1000000 + 6282483*x2*x3*x6*x7/10000000 + 376583*x2*x3*x6*x8/625000 + 1194237*x2*x3*x6*x9/2000000 - 1144071*x2*x3*x6/25000 + 4636459*x2*x3*x7**2/500000 + 2323819*x2*x3*x7*x8/50000000 + 26828*x2*x3*x7*x9/78125 - 3963517*x2*x3*x7/100000 + 9672207*x2*x3*x8**2/1000000 + 861923*x2*x3*x8*x9/12500000 - 4633381*x2*x3*x8/100000 + 9791239*x2*x3*x9**2/1000000 - 1234277*x2*x3*x9/25000 - 2190203*x2*x3/10000 + 65297*x2*x4**3/6250 + 3878977*x2*x4**2*x5/500000 + 9597121*x2*x4**2*x6/1000000 + 1549233*x2*x4**2*x7/200000 + 505931*x2*x4**2*x8/50000 + 587253*x2*x4**2*x9/62500 - 218961*x2*x4**2/625 + 264361*x2*x4*x5**2/25000 + 1242921*x2*x4*x5*x6/5000000 - 2592173*x2*x4*x5*x7/5000000 - 1591469*x2*x4*x5*x8/25000000 + 101981*x2*x4*x5*x9/1000000 - 993043*x2*x4*x5/25000 + 9882059*x2*x4*x6**2/1000000 - 758101*x2*x4*x6*x7/1000000 - 443529*x2*x4*x6*x8/2000000 - 249157*x2*x4*x6*x9/400000 - 4704287*x2*x4*x6/100000 + 210557*x2*x4*x7**2/20000 - 367683*x2*x4*x7*x8/250000 - 8086537*x2*x4*x7*x9/10000000 - 233919*x2*x4*x7/6250 + 1076357*x2*x4*x8**2/100000 + 640567*x2*x4*x8*x9/1000000 - 4959581*x2*x4*x8/100000 + 1074839*x2*x4*x9**2/100000 - 2464559*x2*x4*x9/50000 - 2369141*x2*x4/10000 + 1521521*x2*x5**3/200000 + 9875583*x2*x5**2*x6/1000000 + 8018127*x2*x5**2*x7/1000000 + 9573483*x2*x5**2*x8/1000000 + 9156627*x2*x5**2*x9/1000000 - 216936*x2*x5**2/625 + 116458*x2*x5*x6**2/15625 + 1612401*x2*x5*x6*x7/10000000 + 1375049*x2*x5*x6*x8/5000000 + 5292849*x2*x5*x6*x9/10000000 - 3430943*x2*x5*x6/50000 + 7697871*x2*x5*x7**2/1000000 - 86701*x2*x5*x7*x8/625000 + 1258781*x2*x5*x7*x9/2500000 - 7183829*x2*x5*x7/100000 + 7852107*x2*x5*x8**2/1000000 + 3200233*x2*x5*x8*x9/500000000 - 828613*x2*x5*x8/12500 + 7913729*x2*x5*x9**2/1000000 - 649027*x2*x5*x9/10000 - 1193211*x2*x5/5000 + 505761*x2*x6**3/50000 + 8217633*x2*x6**2*x7/1000000 + 251319*x2*x6**2*x8/25000 + 2242623*x2*x6**2*x9/250000 - 1731951*x2*x6**2/5000 + 204057*x2*x6*x7**2/20000 - 1044731*x2*x6*x7*x8/12500000 + 5558211*x2*x6*x7*x9/10000000 - 6947803*x2*x6*x7/100000 + 1031773*x2*x6*x8**2/100000 + 839873*x2*x6*x8*x9/5000000 - 1778351*x2*x6*x8/25000 + 521783*x2*x6*x9**2/50000 - 6772899*x2*x6*x9/100000 - 1523843*x2*x6/5000 + 7991401*x2*x7**3/1000000 + 2372389*x2*x7**2*x8/250000 + 1081419*x2*x7**2*x9/125000 - 3475071*x2*x7**2/10000 + 2022481*x2*x7*x8**2/250000 - 2808521*x2*x7*x8*x9/10000000 - 6798471*x2*x7*x8/100000 + 348431*x2*x7*x9**2/40000 - 6661291*x2*x7*x9/100000 - 2627123*x2*x7/10000 + 1018787*x2*x8**3/100000 + 9079653*x2*x8**2*x9/1000000 - 3491887*x2*x8**2/10000 + 1012419*x2*x8*x9**2/100000 - 6631353*x2*x8*x9/100000 - 389421*x2*x8/1250 + 1173593*x2*x9**3/125000 - 1722909*x2*x9**2/5000 - 1443743*x2*x9/5000 + 1955231*x2/5000 + 233207*x3**4/1250 + 699837*x3**3*x4/50000 + 1333013*x3**3*x5/1000000 + 1597461*x3**3*x6/500000 + 2430043*x3**3*x7/1000000 + 3917479*x3**3*x8/1000000 + 5880343*x3**3*x9/1000000 - 985659*x3**3/2500 + 3706703*x3**2*x4**2/10000 + 541001*x3**2*x4*x5/500000 + 1240687*x3**2*x4*x6/250000 + 53703*x3**2*x4*x7/50000 + 1102703*x3**2*x4*x8/250000 + 347159*x3**2*x4*x9/62500 - 4186277*x3**2*x4/10000 + 3720657*x3**2*x5**2/10000 + 1554153*x3**2*x5*x6/100000 + 1015197*x3**2*x5*x7/50000 + 1572921*x3**2*x5*x8/100000 + 1415817*x3**2*x5*x9/100000 - 2451141*x3**2*x5/10000 + 1847071*x3**2*x6**2/5000 + 65597*x3**2*x6*x7/4000 + 760599*x3**2*x6*x8/50000 + 1300863*x3**2*x6*x9/100000 - 1377143*x3**2*x6/5000 + 93057*x3**2*x7**2/250 + 208227*x3**2*x7*x8/12500 + 732477*x3**2*x7*x9/50000 - 153076*x3**2*x7/625 + 461701*x3**2*x8**2/1250 + 679849*x3**2*x8*x9/50000 - 135253*x3**2*x8/500 + 919699*x3**2*x9**2/2500 - 1454299*x3**2*x9/5000 + 241811*x3**2/125 + 175049*x3*x4**3/12500 + 1468709*x3*x4**2*x5/1000000 + 1261683*x3*x4**2*x6/500000 + 40174*x3*x4**2*x7/15625 + 849763*x3*x4**2*x8/250000 + 2780103*x3*x4**2*x9/500000 - 4158813*x3*x4**2/10000 + 1414863*x3*x4*x5**2/100000 + 279117*x3*x4*x5*x6/6250000 + 31112*x3*x4*x5*x7/78125 + 5120979*x3*x4*x5*x8/100000000 - 827441*x3*x4*x5*x9/5000000 - 1682083*x3*x4*x5/50000 + 724069*x3*x4*x6**2/50000 + 515593*x3*x4*x6*x7/500000 + 7413*x3*x4*x6*x8/400000 - 856661*x3*x4*x6*x9/5000000 - 902703*x3*x4*x6/20000 + 372787*x3*x4*x7**2/25000 - 1503299*x3*x4*x7*x8/2000000 - 1564231*x3*x4*x7*x9/10000000 - 3766303*x3*x4*x7/100000 + 1397351*x3*x4*x8**2/100000 + 3403989*x3*x4*x8*x9/5000000 - 4521207*x3*x4*x8/100000 + 87939*x3*x4*x9**2/6250 - 2598417*x3*x4*x9/50000 - 897289*x3*x4/5000 + 332217*x3*x5**3/200000 + 53521*x3*x5**2*x6/20000 + 2817663*x3*x5**2*x7/1000000 + 1981087*x3*x5**2*x8/500000 + 3149173*x3*x5**2*x9/500000 - 79167*x3*x5**2/200 + 235621*x3*x5*x6**2/200000 - 1738221*x3*x5*x6*x7/10000000 + 301669*x3*x5*x6*x8/1250000 - 303363*x3*x5*x6*x9/250000 - 783031*x3*x5*x6/20000 + 2099153*x3*x5*x7**2/1000000 + 214233*x3*x5*x7*x8/312500 - 261641*x3*x5*x7*x9/1250000 - 4907139*x3*x5*x7/100000 + 157721*x3*x5*x8**2/100000 + 2449897*x3*x5*x8*x9/2500000 - 2261101*x3*x5*x8/50000 + 1616027*x3*x5*x9**2/1000000 - 4571027*x3*x5*x9/100000 - 1926743*x3*x5/10000 + 2680647*x3*x6**3/1000000 + 1790127*x3*x6**2*x7/1000000 + 4146587*x3*x6**2*x8/1000000 + 5603053*x3*x6**2*x9/1000000 - 1955303*x3*x6**2/5000 + 3127957*x3*x6*x7**2/1000000 - 639087*x3*x6*x7*x8/20000000 - 103407*x3*x6*x7*x9/6250000 - 4259983*x3*x6*x7/100000 + 734061*x3*x6*x8**2/250000 + 1121401*x3*x6*x8*x9/5000000 - 214191*x3*x6*x8/5000 + 2900231*x3*x6*x9**2/1000000 - 4132669*x3*x6*x9/100000 - 1904191*x3*x6/10000 + 2539591*x3*x7**3/1000000 + 4199107*x3*x7**2*x8/1000000 + 1014079*x3*x7**2*x9/200000 - 3986449*x3*x7**2/10000 + 217309*x3*x7*x8**2/125000 - 903489*x3*x7*x8*x9/2000000 - 1146877*x3*x7*x8/25000 + 450527*x3*x7*x9**2/250000 - 132813*x3*x7*x9/3125 - 2277209*x3*x7/10000 + 1046301*x3*x8**3/250000 + 5948177*x3*x8**2*x9/1000000 - 3949953*x3*x8**2/10000 + 4004391*x3*x8*x9**2/1000000 - 4821827*x3*x8*x9/100000 - 2393517*x3*x8/10000 + 36607*x3*x9**3/6250 - 247374*x3*x9**2/625 - 1181183*x3*x9/5000 + 5037079*x3/10000 + 369339*x4**4/2000 + 1723423*x4**3*x5/1000000 + 4583219*x4**3*x6/1000000 + 146627*x4**3*x7/125000 + 4905261*x4**3*x8/1000000 + 5735773*x4**3*x9/1000000 - 485257*x4**3/1250 + 1852267*x4**2*x5**2/5000 + 1584389*x4**2*x5*x6/100000 + 1985929*x4**2*x5*x7/100000 + 48836*x4**2*x5*x8/3125 + 2349*x4**2*x5*x9/160 - 2435531*x4**2*x5/10000 + 1834987*x4**2*x6**2/5000 + 199313*x4**2*x6*x7/12500 + 6001*x4**2*x6*x8/400 + 32301*x4**2*x6*x9/2500 - 1357623*x4**2*x6/5000 + 231347*x4**2*x7**2/625 + 817667*x4**2*x7*x8/50000 + 1527423*x4**2*x7*x9/100000 - 2372141*x4**2*x7/10000 + 3674513*x4**2*x8**2/10000 + 88561*x4**2*x8*x9/6250 - 1343347*x4**2*x8/5000 + 45743*x4**2*x9**2/125 - 1447131*x4**2*x9/5000 + 1975551*x4**2/1000 + 2012599*x4*x5**3/1000000 + 2561411*x4*x5**2*x6/500000 + 1165341*x4*x5**2*x7/1000000 + 4165611*x4*x5**2*x8/1000000 + 1498957*x4*x5**2*x9/250000 - 3950677*x4*x5**2/10000 + 1537563*x4*x5*x6**2/1000000 + 5081311*x4*x5*x6*x7/10000000 + 1733681*x4*x5*x6*x8/10000000 - 2240427*x4*x5*x6*x9/5000000 - 461823*x4*x5*x6/10000 + 387289*x4*x5*x7**2/250000 + 1454117*x4*x5*x7*x8/10000000 + 200923*x4*x5*x7*x9/1250000 - 111523*x4*x5*x7/2500 + 1187617*x4*x5*x8**2/1000000 + 9031247*x4*x5*x8*x9/10000000 - 4278693*x4*x5*x8/100000 + 1266383*x4*x5*x9**2/1000000 - 4381573*x4*x5*x9/100000 - 1867611*x4*x5/10000 + 1191397*x4*x6**3/250000 + 4835647*x4*x6**2*x7/10000000 + 276657*x4*x6**2*x8/62500 + 2802459*x4*x6**2*x9/500000 - 3917029*x4*x6**2/10000 + 1132001*x4*x6*x7**2/250000 - 1161513*x4*x6*x7*x8/1250000 + 1036251*x4*x6*x7*x9/5000000 - 542287*x4*x6*x7/12500 + 4962891*x4*x6*x8**2/1000000 - 214931*x4*x6*x8*x9/1000000 - 246159*x4*x6*x8/5000 + 459317*x4*x6*x9**2/100000 - 1199099*x4*x6*x9/25000 - 28762*x4*x6/125 + 1201889*x4*x7**3/1000000 + 2137967*x4*x7**2*x8/500000 + 4879311*x4*x7**2*x9/1000000 - 3916301*x4*x7**2/10000 + 1330593*x4*x7*x8**2/10000000 - 3761661*x4*x7*x8*x9/5000000 - 4054253*x4*x7*x8/100000 + 1945591*x4*x7*x9**2/2000000 - 517519*x4*x7*x9/12500 - 953789*x4*x7/5000 + 1191649*x4*x8**3/250000 + 2531*x4*x8**2*x9/400 - 491961*x4*x8**2/1250 + 2491931*x4*x8*x9**2/500000 - 4957103*x4*x8*x9/100000 - 2390937*x4*x8/10000 + 5722949*x4*x9**3/1000000 - 3911689*x4*x9**2/10000 - 469001*x4*x9/2000 + 5147651*x4/10000 + 1856973*x5**4/10000 + 50263*x5**3*x6/3125 + 1028457*x5**3*x7/50000 + 1595751*x5**3*x8/100000 + 1508031*x5**3*x9/100000 - 2427789*x5**3/10000 + 460677*x5**2*x6**2/1250 + 1633091*x5**2*x6*x7/100000 + 1547177*x5**2*x6*x8/100000 + 654543*x5**2*x6*x9/50000 - 187219*x5**2*x6/625 + 1854251*x5**2*x7**2/5000 + 412499*x5**2*x7*x8/25000 + 1504727*x5**2*x7*x9/100000 - 2760339*x5**2*x7/10000 + 3684213*x5**2*x8**2/10000 + 1423361*x5**2*x8*x9/100000 - 1458427*x5**2*x8/5000 + 9183*x5**2*x9**2/25 - 622001*x5**2*x9/2000 + 1898829*x5**2/1000 + 1589667*x5*x6**3/100000 + 1023593*x5*x6**2*x7/50000 + 1639627*x5*x6**2*x8/100000 + 1512529*x5*x6**2*x9/100000 - 1337639*x5*x6**2/5000 + 790163*x5*x6*x7**2/50000 + 2201573*x5*x6*x7*x8/5000000 + 38027*x5*x6*x7*x9/781250 - 133681*x5*x6*x7/1250 + 793787*x5*x6*x8**2/50000 + 6487943*x5*x6*x8*x9/100000000 - 4889469*x5*x6*x8/50000 + 1573167*x5*x6*x9**2/100000 - 8528753*x5*x6*x9/100000 - 35724*x5*x6/125 + 1993941*x5*x7**3/100000 + 399423*x5*x7**2*x8/25000 + 46199*x5*x7**2*x9/3125 - 2816117*x5*x7**2/10000 + 2015173*x5*x7*x8**2/100000 + 3134091*x5*x7*x8*x9/10000000 - 132971*x5*x7*x8/1250 + 412041*x5*x7*x9**2/20000 - 518501*x5*x7*x9/5000 - 635041*x5*x7/2000 + 200613*x5*x8**3/12500 + 1542283*x5*x8**2*x9/100000 - 267717*x5*x8**2/1000 + 321747*x5*x8*x9**2/20000 - 4621539*x5*x8*x9/50000 - 2890173*x5*x8/10000 + 1487907*x5*x9**3/100000 - 263841*x5*x9**2/1000 - 3015503*x5*x9/10000 + 3711567*x5/10000 + 365829*x6**4/2000 + 404811*x6**3*x7/25000 + 192877*x6**3*x8/12500 + 334347*x6**3*x9/25000 - 326279*x6**3/1250 + 3679091*x6**2*x7**2/10000 + 398309*x6**2*x7*x8/25000 + 1497483*x6**2*x7*x9/100000 - 65121*x6**2*x7/250 + 146427*x6**2*x8**2/400 + 1435907*x6**2*x8*x9/100000 - 144271*x6**2*x8/500 + 364711*x6**2*x9**2/1000 - 3021903*x6**2*x9/10000 + 1911213*x6**2/1000 + 810831*x6*x7**3/50000 + 1578079*x6*x7**2*x8/100000 + 133207*x6*x7**2*x9/10000 - 597109*x6*x7**2/2000 + 776793*x6*x7*x8**2/50000 + 42383*x6*x7*x8*x9/250000 - 190343*x6*x7*x8/2000 + 165181*x6*x7*x9**2/10000 - 9377171*x6*x7*x9/100000 - 1487849*x6*x7/5000 + 779473*x6*x8**3/50000 + 173171*x6*x8**2*x9/12500 - 2927487*x6*x8**2/10000 + 1595637*x6*x8*x9**2/100000 - 217103*x6*x8*x9/2500 - 328481*x6*x8/1000 + 272917*x6*x9**3/20000 - 1436083*x6*x9**2/5000 - 3085959*x6*x9/10000 + 1701051*x6/5000 + 1852799*x7**4/10000 + 1652983*x7**3*x8/100000 + 1459189*x7**3*x9/100000 - 469189*x7**3/2000 + 920673*x7**2*x8**2/2500 + 1383733*x7**2*x8*x9/100000 - 589787*x7**2*x8/2000 + 916537*x7**2*x9**2/2500 - 307247*x7**2*x9/1000 + 952879*x7**2/500 + 820131*x7*x8**3/50000 + 1500577*x7*x8**2*x9/100000 - 163516*x7*x8**2/625 + 1634437*x7*x8*x9**2/100000 - 56586*x7*x8*x9/625 - 748771*x7*x8/2500 + 379449*x7*x9**3/25000 - 2581501*x7*x9**2/10000 - 378619*x7*x9/1250 + 1701051*x7/5000 + 114441*x8**4/625 + 1391977*x8**3*x9/100000 - 2581239*x8**3/10000 + 3645419*x8**2*x9**2/10000 - 121393*x8**2*x9/400 + 1903593*x8**2/1000 + 276051*x8*x9**3/20000 - 1405037*x8*x9**2/5000 - 3177183*x8*x9/10000 + 3181633*x8/10000 + 22706*x9**4/125 - 2734577*x9**3/10000 + 241246*x9**2/125 + 3468849*x9/10000 + 552319/500",
    "Q": "[[1104.6381172373854, 173.63442585611315, 159.2274854393604, 169.68311491433607, 170.2890096040217, 185.3646928143272, 257.1950849529778, 251.56612237550476, 195.70262817673492, 248.3548238977072, 48.437853004612606, -97.20976950058122, -95.49544392430889, -95.94802171772821, -94.45524985490363, -87.03821588223485, -87.68808305507203, -93.53535422993122, -87.1977306374117, 46.561404388980414, -96.6477595676725, -98.52235022350159, -94.80976467416109, -85.37137140885754, -85.72751117458719, -94.96167861619948, -86.8370677080841, 47.19507739327772, -95.79076518762264, -97.5557145632189, -79.72037915020569, -82.64729846368505, -89.63595634298848, -81.611978966854, 47.40117148493527, -94.18039895397533, -85.44518425493452, -82.86570799354114, -94.34420378571947, -86.71888807208052, 47.03787754734331, -80.25230812389968, -80.96085908418173, -87.48504230356063, -77.2239536299308, 43.274583135781874, -97.541100484005, -93.33467104547178, -96.78425478935088, 40.34013537371779, -92.33267421296982, -96.06677036573203, 46.512423862535385, -94.62663810413345, 44.68063570063669], [173.63442585611315, 1832.8005204582018, -62.36259915275661, -56.88536074459455, -58.56180401193369, -56.070737089356136, -29.43509797768322, -30.765525659171395, -50.42240137320698, -27.015809460430685, -135.94705084723952, -153.97589496745118, -148.31695785742474, -155.22542831885806, -150.1631266756482, -185.93996505695344, -186.46018489055635, -171.0263590867616, -180.43353570623336, 8.599405877544097, -15.233948916130402, -14.742243526045865, -14.208974680732224, -4.736078634630245, -5.0233947438304485, -11.090939180022186, -5.624903127171996, 8.644268865585515, -14.377596323187081, -14.529396906645795, -3.939799014577252, -4.388678821645845, -10.303049550375928, -4.881367332395271, 9.35033979694624, -13.422474453906752, -4.450518544480643, -4.490832037881354, -10.424801049525076, -5.29548642723067, 9.331238350005384, -3.4944792208730773, -3.75561737468152, -9.381454468555289, -4.0773294659373445, 13.391941945054958, -3.783603767795254, -4.596818976279974, -3.7893762439034706, 13.030643635229644, -4.761926035309804, -3.895776004414822, 11.582307085916925, -5.223752986207731, 13.200008311268725], [159.2274854393604, -62.36259915275661, 1810.9425797954955, -53.1258468430499, -66.74384148409527, -49.71568093213505, -33.678991084687325, -33.60890697355171, -61.240014416346796, -35.90377514229727, 13.429865116148662, -159.9181897068891, -13.474757032929745, -13.085689082937103, -12.432056014617984, -3.3723908718049946, -3.510471704334879, -9.418128285176756, -4.56117007214403, -128.28316140235424, -150.16330765231746, -157.20489914530864, -151.66253121588974, -184.90665760817495, -185.25005731533415, -171.75151278287782, -180.18814093910964, 12.180286017126804, -14.553111851686785, -13.877842825147816, -3.731797751112231, -3.7184164225456375, -10.395500553154056, -4.989044707698539, 12.700407574362291, -13.460499775936306, -3.426804697167116, -3.688563954885728, -9.961064332798571, -4.701428901294206, 13.064639189323906, -3.3446820617031343, -3.4147069084207637, -9.56298280384283, -4.728461071090383, 17.704163712542336, -1.9915116752115756, -2.788153826817377, -1.9665873285452555, 17.667390144986335, -3.0286864744885413, -2.158134146498264, 15.642343232981556, -3.5965844867158845, 17.514790522527502], [169.68311491433607, -56.88536074459455, -53.1258468430499, 1810.5682808873855, -52.99044634868862, -61.42097417860349, -15.237473149769958, -31.782144901314727, -41.62634882787064, -18.36524625716625, 19.11992272847654, -16.729699540066036, -163.43193306871922, -16.049807829381297, -16.727475807152906, -5.3815431391218445, -6.176002776869437, -11.668690695291236, -6.713098129647693, 17.973275713964902, -159.18819305158596, -17.36195784690742, -18.429850853402787, -5.708442067703355, -6.660420747100639, -12.503774467807117, -7.07332689396662, -117.85510825405494, -160.46895579484269, -157.01666633113638, -185.69243941634195, -186.9588737431639, -173.45358594396424, -181.31319842049004, 18.584594348191356, -17.637187446981308, -5.464026924015911, -6.55456277409539, -11.965928928872582, -6.7872201411582, 17.923580965879168, -4.9500818893119245, -5.795492685521405, -12.372145642584087, -6.874773284060825, 23.244706744480645, -4.76940243274677, -5.317188386965778, -4.732985842863834, 23.805301234421208, -5.913668611163411, -4.903185901045075, 21.619803769678615, -5.962413017567455, 23.24207698594351], [170.2890096040217, -58.56180401193369, -66.74384148409527, -52.99044634868862, 1816.3822856120398, -49.20387969586615, -29.30895752953056, -11.658076278991643, -58.91464705669205, -31.68722976147101, 12.667130509261236, -14.774261562786029, -14.323418436855164, -160.05493213785294, -13.29784410253753, -4.622078234694257, -4.07539407300224, -10.610175084069555, -5.677695814414309, 11.175310377470794, -16.191176125250358, -156.10353689542902, -15.01407538007565, -4.843492545863476, -4.1106050575794715, -11.84358308749525, -6.115513430101278, 11.369797035382922, -150.23941856480653, -14.905332931200618, -4.458654973891721, -3.6803939366044514, -11.289112218673436, -5.705676898373136, -130.44780453865903, -151.77341564824025, -185.71758141167493, -184.91277836460478, -172.32305450546428, -180.876174778477, 12.184961921480681, -4.053326130886057, -3.348429095932875, -10.349144254059343, -5.1374299263787515, 16.4760460943385, -3.9363707306578877, -4.369927255590318, -3.5981718964835987, 15.668856756790447, -4.193100407135733, -3.8269641735312434, 14.57334367034892, -5.180259617632507, 16.357647889161285], [185.3646928143272, -56.070737089356136, -49.71568093213505, -61.42097417860349, -49.20387969586615, 1803.752329905183, -13.232930911297396, -16.15245652516337, -31.219049643719508, 13.11420891588548, 18.038958876589916, -18.25844227015301, -19.10211723558211, -17.536700446281497, -164.35981464510294, -7.250573810517475, -7.568196294757844, -13.141082014249722, -7.263560403836365, 16.960419796224325, -20.513372167648058, -18.722813892439188, -159.89840512699607, -7.5567529973719925, -7.869602216625178, -13.867812930510327, -7.3807136910987055, 15.93409635353243, -19.71507527199218, -156.31993036534863, -6.592472570972245, -6.9392942313316235, -13.861505256752668, -6.621493189348405, 17.56138301334004, -161.15510852113243, -7.2513050717311325, -7.5066588171157145, -13.34940498077005, -7.1830115710215585, -121.14703235097912, -186.38005087848563, -186.96067701798188, -173.71089983837555, -180.16321336139967, 21.724346254319055, -7.283787055927, -7.747975287700181, -7.41981908987815, 21.560655000160747, -7.987509543296858, -7.558514805588477, 20.232870906691307, -7.759142226244287, 21.124805483012437], [257.1950849529778, -29.43509797768322, -33.678991084687325, -15.237473149769958, -29.30895752953056, -13.232930911297396, 1889.1037093379007, 6.632517930932068, -25.332426537614676, -6.154377295774304, -10.261423369558512, -15.910168656563009, -12.64853174738194, -14.819258483858402, -11.766395690269293, -158.11922941455455, -11.721099221866712, -15.42000217556644, -10.79867352458193, -11.531546553171257, -12.650582093270156, -16.220800179853903, -11.31590848488208, -151.8955129388092, -11.038222442598697, -16.61115351536182, -11.246983093619228, -9.617942057038384, -12.120340880824596, -11.537603005905387, -141.49035818666297, -8.050084002666805, -11.02715536532971, -6.623280559232211, -10.746215027626496, -10.910042145023379, -153.31944704532057, -8.265394572008526, -15.75128675019012, -10.582926586742984, -9.836696842368784, -143.5625845221139, -5.863751975595567, -8.898423137192298, -2.509488147257107, -193.46267106947073, -196.58412903038555, -176.6415619316381, -189.8091499940848, -14.291733799852484, -14.171681482581446, -13.685197325297159, -12.070620036803655, -15.436241158238769, -10.930539318988435], [251.56612237550476, -30.765525659171395, -33.60890697355171, -31.782144901314727, -11.658076278991643, -16.15245652516337, 6.632517930932068, 1852.7350528905263, -16.529539107482723, -0.25614251474739713, -10.879719992421013, -15.033687263842896, -12.503605789975978, -13.209772447345259, -11.056693464399876, -10.048834574075832, -159.45719691011513, -14.145995838886414, -9.63772552795195, -12.083348670235369, -12.56708359761947, -14.332757073391214, -10.55877819886023, -9.645255750110907, -153.3146905443884, -15.201331866878238, -10.020687375721403, -10.796207492903727, -10.99839266948728, -11.520612267662909, -4.759534047293253, -145.05640178819397, -10.059484082152489, -5.4748312036703775, -10.781447645180783, -9.3205569607245, -9.32145317788222, -152.30343662714898, -14.02017408099744, -9.452307379787463, -10.471415390270222, -4.4091553520281614, -145.17498730428605, -7.73872482019833, -1.5314806662763745, -12.259411898800513, -195.11255647827423, -13.693228134105778, -13.02456918196877, -196.5082231501339, -176.03706272149518, -188.67806546822627, -12.574074222643823, -14.321423858381758, -11.600194415368987], [195.70262817673492, -50.42240137320698, -61.240014416346796, -41.62634882787064, -58.91464705669205, -31.219049643719508, -25.332426537614676, -16.529539107482723, 1839.9612679990666, -37.888302386592734, -0.4413829071364457, -12.686515312541202, -10.7879332412799, -11.841108903845207, -9.531880207293469, -5.345904447807869, -5.3937353915612665, -156.7874440193529, -6.0449894849224926, -1.9401073007837306, -11.968408831945705, -13.65774213195958, -10.316578132961801, -5.315247548874102, -5.180153583589959, -152.29860427815296, -6.59295635465067, -0.7230664228858811, -11.372128731725235, -9.989391861282801, -3.3375987861874283, -3.953904817506347, -143.94322200191786, -4.6051627686443855, -1.2014430158612905, -9.85343959584958, -4.9136269113505735, -3.852411209138978, -153.68894159991893, -6.099037222264448, -0.12528715846695726, -2.99574147225907, -2.931665430765019, -144.90204434704023, -2.5294112929685797, 1.2586479342314962, -5.814036433633216, -188.52378985721631, -5.458449342065042, -0.19181856626051993, -188.30555361276063, -5.454249295895542, -162.01699184103356, -183.52859680513646, 1.5283480799881524], [248.3548238977072, -27.015809460430685, -35.90377514229727, -18.36524625716625, -31.68722976147101, 13.11420891588548, -6.154377295774304, -0.25614251474739713, -37.888302386592734, 1872.8038844261587, -4.8577427507191056, -16.950593175350942, -14.13867067543988, -15.890351524295077, -12.01254490467742, -11.445099587231123, -11.843796680203484, -16.19432567906307, -157.99373593195102, -6.320115108224932, -14.771874402365917, -17.625995449959287, -11.930316690058268, -11.164507725586898, -11.300090850139544, -17.605518455716474, -152.7527417555055, -4.712468963636294, -14.147200122531864, -12.051272925756173, -7.02157844669621, -8.650159907158432, -12.840105183142178, -143.17956445964128, -5.511323838146426, -11.570030049842746, -10.563630822175938, -8.901519722964245, -16.68969877462528, -154.10130113816876, -3.8475440865280146, -6.734290404111639, -6.994579257225051, -10.158048625130196, -141.73360359862653, -5.119740126125208, -13.76726014960278, -14.079642051499102, -194.9749009220028, -7.502009133077797, -13.689509739333952, -194.99568095775604, -6.118179313772088, -176.94017842308094, -180.48113489502475], [48.437853004612606, -135.94705084723952, 13.429865116148662, 19.11992272847654, 12.667130509261236, 18.038958876589916, -10.261423369558512, -10.879719992421013, -0.4413829071364457, -4.8577427507191056, 181.50798831598195, 6.908650357763848, 7.5456350577034454, 6.717008691148468, 7.514665223981302, 2.8797384948172655, 2.827796040123539, 4.677209059774812, 3.4142050838450158, 14.109848866676103, -7.521870681206662, -8.16363032384713, -7.4766653843899755, -10.888459988100287, -11.106510745718294, -9.863270650482512, -10.142098360654295, 15.047750331344652, -7.443976138101819, -5.762984761748041, -11.133584711877464, -10.842243237185356, -9.77281360807276, -10.24664088601667, 14.219757992536698, -7.38533801599319, -10.73700879405706, -11.500290736607615, -9.72947222048803, -10.029548091701571, 15.372039620566143, -10.818937166259067, -10.933635117941416, -9.828289892925001, -10.87691468779953, 14.673151736720367, -9.515141449244922, -10.189818514672268, -9.164235776600412, 15.016346993284966, -10.631257447858019, -9.486459195047733, 13.679367162072614, -9.578616156390753, 14.670999011521422], [-97.20976950058122, -153.97589496745118, -159.9181897068891, -16.729699540066036, -14.774261562786029, -18.25844227015301, -15.910168656563009, -15.033687263842896, -12.686515312541202, -16.950593175350942, 6.908650357763848, 336.3507111652123, 15.786788010302237, 15.839068360817862, 15.503086285402993, 13.109390217043158, 13.153841203839765, 14.875202621817593, 13.387576106387913, 6.908650357761124, 15.242784721618788, 15.332621654995606, 15.015721856577345, 13.384656098470897, 13.462596329328168, 14.725048217471393, 13.49329270688846, -8.429236314748676, -0.028685673436831084, 0.4249153903426925, -0.5713749903294838, -0.3196886085924299, -0.357215104293725, -0.47713974368849504, -8.599697235664864, -0.042112947611552334, -0.06610262266786543, -0.4015909404617253, 0.016594020947111234, -0.016742148271465827, -8.253535273246365, -0.3832044138925971, -0.3686704786775027, -0.4450292538502815, -0.8077366109045471, -7.471548493614829, 2.0611232312286445, 0.9730075914064853, 1.9895857955730318, -7.201986238697782, 0.8169914167876838, 1.8663047516032432, -8.382715406540052, 1.055937800996831, -7.6007886542410334], [-95.49544392430889, -148.31695785742474, -13.474757032929745, -163.43193306871922, -14.323418436855164, -19.10211723558211, -12.64853174738194, -12.503605789975978, -10.7879332412799, -14.13867067543988, 7.5456350577034454, 15.786788010302237, 336.6698192097613, 15.556743683936729, 15.882179454758708, 11.693148109880267, 12.002955833610702, 13.929806234077098, 12.153368813207877, -7.6971496639165995, 15.337886672510598, 0.12437367197888329, -0.27733409716150154, 0.091979346010862, -0.05757774849399399, 0.20907907610636753, 0.14132237953838547, 7.545635057706007, 15.156292668262001, 15.077992088023075, 13.185948966536909, 13.338094134315485, 14.458345282525586, 13.293515514957987, -7.693000774017304, -0.21256033028702498, 0.16156216488403263, -0.263728683366375, 0.22771957464332349, 0.1951017908347193, -7.571660526644818, -0.22278732050711672, -0.3255007279451249, -0.4149806164633341, -0.6336533693020909, -6.760455446187097, 1.8246161336991336, 1.0420502642772806, 1.8139779800293383, -6.52070097372145, 0.8100992337645077, 1.6672470851019996, -7.4265375447030975, 1.1216145358433884, -6.8499638340600395], [-95.94802171772821, -155.22542831885806, -13.085689082937103, -16.049807829381297, -160.05493213785294, -17.536700446281497, -14.819258483858402, -13.209772447345259, -11.841108903845207, -15.890351524295077, 6.717008691148468, 15.839068360817862, 15.556743683936729, 335.8999847582457, 15.282173602220778, 13.086189239590674, 12.843485284443934, 14.773296988284411, 13.330101199688322, -8.615612963843718, -0.09568799854305118, 15.50834759342598, -0.14463736867427404, -0.21291494768880084, -0.07330433289359987, -0.06968903895028543, -0.14492205919233372, -8.439283977111632, 15.238635831721163, 0.342311589275003, -0.5694859793953831, -0.1959807294015671, -0.3688564268565227, -0.47938730905335064, 6.717008691150193, 15.03127029428139, 13.428107433970617, 13.407970610900586, 14.716687841982608, 13.524155101594008, -8.28464756175707, -0.397733860489033, -0.25605308908908714, -0.45707123250915715, -0.7836260235738101, -7.568001684383153, 1.8764296426033071, 0.8362526064392036, 1.7740220060226537, -7.310859328929048, 0.807137900842802, 1.7090485982315773, -8.398268089375703, 0.9169244061543417, -7.68206066090425], [-94.45524985490363, -150.1631266756482, -12.432056014617984, -16.727475807152906, -13.29784410253753, -164.35981464510294, -11.766395690269293, -11.056693464399876, -9.531880207293469, -12.01254490467742, 7.514665223981302, 15.503086285402993, 15.882179454758708, 15.282173602220778, 336.3240923907058, 11.6802578083155, 11.781427420771093, 13.663623954223949, 11.624761767191018, -7.501056632599888, -0.14758129318530483, 0.18675031628728583, 15.162185631009436, 0.04483645752627964, 0.01935243059229759, 0.30598455271997227, 0.3461285678269886, -7.563326864043512, -0.1297512589884383, 15.11729558434566, -0.3767971668279103, -0.18674119629785113, -0.19979297314707517, -0.08780061495004364, -7.516605070305656, 15.001656252907708, 0.10219954127396241, -0.18190368146631541, 0.3010877198736535, 0.36749977695785585, 7.514665223978594, 13.198636100786908, 13.27176209811376, 14.310800660132942, 13.163238690477435, -6.726747439897321, 1.595189003639264, 0.9061494408905585, 1.6302978772320076, -6.503230431836261, 0.7783556892319137, 1.5409475922305393, -7.255338074367693, 1.1661471893053903, -6.784014769269151], [-87.03821588223485, -185.93996505695344, -3.3723908718049946, -5.3815431391218445, -4.622078234694257, -7.250573810517475, -158.11922941455455, -10.048834574075832, -5.345904447807869, -11.445099587231123, 2.8797384948172655, 13.109390217043158, 11.693148109880267, 13.086189239590674, 11.6802578083155, 336.69043279111787, 16.58437569617076, 15.314233759908115, 15.886866875782284, -10.504917603651196, 0.47939564432084475, 0.2790175703564484, 0.3383679563649671, 14.380198851378367, -1.0230515612708764, -0.2900520670947101, -0.9651783247860122, -10.306210471719497, 0.40792381451135384, 0.5995844873319436, 14.306090503892936, -0.8429254030818681, -0.18866951507231242, -0.8730941397781551, -10.54836893915046, 0.2955343192150036, 14.285010375535759, -1.0012283277521032, -0.2874410969838592, -0.8648446930877566, -10.318897605966692, 14.241412663876634, -0.7874021797761795, -0.25987937922592924, -0.8924167091534597, 2.8797384948175435, 13.334160716083657, 13.913305032751156, 13.350124926086718, -10.414776631903157, -0.7059054947303317, -0.09404725937623651, -10.864892310767894, -0.5821773819413958, -10.469526803131675], [-87.68808305507203, -186.46018489055635, -3.510471704334879, -6.176002776869437, -4.07539407300224, -7.568196294757844, -11.721099221866712, -159.45719691011513, -5.3937353915612665, -11.843796680203484, 2.827796040123539, 13.153841203839765, 12.002955833610702, 12.843485284443934, 11.781427420771093, 16.58437569617076, 337.8071929927922, 15.27708098086264, 15.933107177366866, -10.63480028920567, 0.3772663570874151, 0.4748952733578473, 0.34931804808388994, -1.0380716699600583, 14.11063659645966, -0.19456219720570284, -0.9053162245672961, -10.510298094196715, 0.4597094127685837, 0.5122419242389884, -0.9816907306149129, 14.066336031423088, -0.20868083495541304, -0.8734572959896004, -10.580174570779805, 0.4379567705537311, -0.8752013148465475, 14.02786802007923, -0.08243836078315016, -0.7541144227731129, -10.443966057990364, -0.8077868238618494, 14.017895655815671, -0.20449440576450212, -0.8708729186413924, -10.50636467596081, 13.2945151267239, -0.5774266261939297, 0.10747523528945113, 2.8277960401215303, 13.742803899479124, 13.32217668632609, -10.963202871494937, -0.460864284309724, -10.554578086366117], [-93.53535422993122, -171.0263590867616, -9.418128285176756, -11.668690695291236, -10.610175084069555, -13.141082014249722, -15.42000217556644, -14.145995838886414, -156.7874440193529, -16.19432567906307, 4.677209059774812, 14.875202621817593, 13.929806234077098, 14.773296988284411, 13.663623954223949, 15.314233759908115, 15.27708098086264, 335.56091027448304, 15.218736087862261, -10.047839157695606, 0.1481360281876408, 0.05309501800545097, 0.1390447011289732, -0.6829555243147186, -0.6224292195822855, 15.291365764304722, -0.6502099869689543, -9.781136222751867, 0.1411368522126419, 0.6147735896104887, -0.853380749202704, -0.6014183988071043, 14.97217260240743, -0.8032918659122303, -10.039478782204005, 0.1559835126343809, -0.5488115094554739, -0.7246995400628872, 15.11527678052545, -0.5305256433460235, -9.633591600357871, -0.6462700616635547, -0.5738612834678396, 14.77000329834905, -0.9676795384197253, -9.23609597297656, 1.2833321209256834, 13.744630805586056, 1.2150924341742702, -9.065594839707266, 13.790998911617429, 1.121820660138224, 4.677209059774534, 13.825509110493682, -9.358418068411645], [-87.1977306374117, -180.43353570623336, -4.56117007214403, -6.713098129647693, -5.677695814414309, -7.263560403836365, -10.79867352458193, -9.63772552795195, -6.0449894849224926, -157.99373593195102, 3.4142050838450158, 13.387576106387913, 12.153368813207877, 13.330101199688322, 11.624761767191018, 15.886866875782284, 15.933107177366866, 15.218736087862261, 335.69224521466754, -10.079087623044716, 0.3358173641487441, 0.16166420746579083, 0.46160804307778347, -1.0244074707892055, -0.960988527038039, -0.4057278140274693, 14.509439012004515, -9.879310431114918, 0.2842855182256141, 0.7214539842476945, -0.9408838402498141, -0.7937897891118711, -0.3183226699293374, 14.395598891767111, -10.109950017748194, 0.41612624661876524, -0.9091773129360815, -0.9549341754589169, -0.386398762807418, 14.3990693