{
    "name": "Total Decomposition",
    "rational_expression": "783*x1**4/2500 - 6563*x1**3*x2/1000000 - 1089*x1**3/1000 + 388*x1**2*x2**2/625 - 2487*x1**2*x2/2500 + 581*x1**2/200 - 1349*x1*x2**3/200000 - 523*x1*x2**2/500 - 329*x1*x2/200 + 8433*x1/10000 + 3087*x2**4/10000 - 503*x2**3/500 + 617*x2**2/200 + 7819*x2/10000 + 183/125",
    "Q": "[[1.4643384563085984, 0.39046440491925627, 0.4214106146598555, 0.005979329215855394, -0.442660450664223, -0.03186055588142249], [0.39046440491925627, 3.0735291830906974, -0.3800504511746531, -0.5045886642552503, -0.5368751262995239, -0.00106884228969064], [0.4214106146598555, -0.3800504511746531, 2.9684961438334274, 0.013685634032952169, -0.4989850834777631, -0.5432496193027523], [0.005979329215855394, -0.5045886642552503, 0.013685634032952169, 0.3090029942910307, -0.0030743581904994753, -0.04800779586274819], [-0.442660450664223, -0.5368751262995239, -0.4989850834777631, -0.0030743581904994753, 0.7179029274446532, -0.003074358190499012], [-0.03186055588142249, -0.00106884228969064, -0.5432496193027523, -0.04800779586274819, -0.003074358190499012, 0.31288434142811844]]",
    "monomial_list": "[1, x2, x1, x2**2, x1*x2, x1**2]"
}