{
    "name": "Total Decomposition",
    "rational_expression": "28849*x1**4/1000 - 71647*x1**3*x2/100000 + 3013*x1**3/2000 + 929*x1**2*x2**2/25 - 44799*x1**2*x2/1000 + 4901*x1**2/125 - 4303*x1*x2**3/2500 - 11153*x1*x2**2/2000 + 22649*x1*x2/1000 - 892*x1/25 + 13567*x2**4/1000 - 11167*x2**3/200 + 11977*x2**2/100 - 3991*x2/25 + 92923/1000",
    "Q": "[[92.92331666972319, -79.85146732213944, -17.884421601571013, 11.749988136840111, -0.5125375004823151, 5.1949968351944324], [-79.85146732213944, 96.39573951405346, 11.912802849179002, -27.963499582124516, -1.9222880556053683, -12.974691609446303], [-17.884421601571013, 11.912802849179002, 28.81363792411939, -0.9231923990699136, -9.426949644148777, 0.7512387721627715], [11.749988136840111, -27.963499582124516, -0.9231923990699136, 13.587892505885026, -0.8507575666764894, 5.658125088796656], [-0.5125375004823151, -1.9222880556053683, -9.426949644148777, -0.8507575666764894, 25.858406417773978, -0.35539174886557334], [5.1949968351944324, -12.974691609446303, 0.7512387721627715, 5.658125088796656, -0.35539174886557334, 28.85500499507599]]",
    "monomial_list": "[1, x2, x1, x2**2, x1*x2, x1**2]"
}