{
    "name": "Total Decomposition",
    "rational_expression": "10623*x1**4/500 - 42853*x1**3*x2/100000 + 6297*x1**3/10000 + 30221*x1**2*x2**2/1000 - 3746*x1**2*x2/125 + 16933*x1**2/500 - 86121*x1*x2**3/100000 + 23777*x1*x2**2/250000 + 5501*x1*x2/500 - 17651*x1/500 + 2407*x2**4/200 - 29003*x2**3/1000 + 37173*x2**2/1000 - 7389*x2/100 + 17169/250",
    "Q": "[[68.67565176391099, -36.98145410383155, -17.628171816940633, -4.894548132145514, -2.0995588507584233, 3.6286071435498655], [-36.98145410383155, 46.96817438024146, 7.630540909520901, -14.498746283890284, -1.544607638817718, -8.967560436628043], [-17.628171816940633, 7.630540909520901, 26.578275453548834, 1.5886447314216863, -6.034947193911623, 0.32432548755463864], [-4.894548132145514, -14.498746283890284, 1.5886447314216863, 12.047393534382305, -0.4367829951905555, 3.70081630429404], [-2.0995588507584233, -1.544607638817718, -6.034947193911623, -0.4367829951905555, 22.833571879329426, -0.21551507244026227], [3.6286071435498655, -8.967560436628043, 0.32432548755463864, 3.70081630429404, -0.21551507244026227, 21.249743560237615]]",
    "monomial_list": "[1, x2, x1, x2**2, x1*x2, x1**2]"
}