{
    "name": "Total Decomposition",
    "rational_expression": "577*x1**4/20 - 71743*x1**3*x2/100000 + 3013*x1**3/2000 + 929*x1**2*x2**2/25 - 44799*x1**2*x2/1000 + 4901*x1**2/125 - 2151*x1*x2**3/1250 - 27883*x1*x2**2/5000 + 453*x1*x2/20 - 892*x1/25 + 13567*x2**4/1000 - 11167*x2**3/200 + 11977*x2**2/100 - 3193*x2/20 + 23231/250",
    "Q": "[[92.92367540715485, -79.85272902041051, -17.884076464273978, 11.750536314485766, -0.5125681748930674, 5.195230830232378], [-79.85272902041051, 96.3977980282082, 11.912709801981757, -27.96425320498799, -1.9222373339619374, -12.97494382159865], [-17.884076464273978, 11.912709801981757, 28.813779694524076, -0.9232448183995096, -9.426999102892895, 0.7512148074292769], [11.750536314485766, -27.96425320498799, -0.9232448183995096, 13.58818467815308, -0.8507337383395818, 5.658196314743442], [-0.5125681748930674, -1.9222373339619374, -9.426999102892895, -0.8507337383395818, 25.858838945936235, -0.35538632749135646], [5.195230830232378, -12.97494382159865, 0.7512148074292769, 5.658196314743442, -0.35538632749135646, 28.855371820618323]]",
    "monomial_list": "[1, x2, x1, x2**2, x1*x2, x1**2]"
}