{
    "name": "Total Decomposition",
    "rational_expression": "3939*x1**4/1000 + 49*x1**3*x2/400 - 1233*x1**3*x3/10000 + 78*x1**3/625 + 1969*x1**2*x2**2/250 + 3*x1**2*x2*x3/125 - 1879*x1**2*x2/10000 + 789*x1**2*x3**2/100 - 1039*x1**2*x3/200000 - 3059*x1**2/1000 + 29*x1*x2**3/250 - 1233*x1*x2**2*x3/10000 + 637*x1*x2**2/5000 + 607*x1*x2*x3**2/5000 + 321*x1*x2*x3/250000 - 567*x1*x2/125 - 1279*x1*x3**3/10000 + 1269*x1*x3**2/10000 + 1239*x1*x3/200 + 709*x1/500 + 492*x2**4/125 + 341*x2**3*x3/25000 - 943*x2**3/5000 + 1577*x2**2*x3**2/200 - 87*x2**2*x3/15625 + 1229*x2**2/1000 + 991*x2*x3**3/50000 - 1819*x2*x3**2/10000 + 5833*x2*x3/1000 - 873*x2/500 + 3949*x3**4/1000 - 5031*x3**3/1000000 + 1187*x3**2/10000 - 709*x3/5000 + 1091/200",
    "Q": "[[5.455457451093913, -0.0730016445483599, -0.8720059457321598, 0.7087411159805759, -1.6247511217414154, 1.7311961414524233, 2.0431996889339454, -1.3094210395645123, -1.454657550059228, -2.6470094861594236], [-0.0730016445483599, 3.3703142164699225, 1.186116429429218, 1.0533599618064713, -0.0014674661453880143, -0.198900895445224, 0.1405618824189407, 0.09290357155033936, 0.022213505764629094, -0.07162361805271318], [-0.8720059457321598, 1.186116429429218, 3.8453520257539235, -0.8125266618444036, 0.10562433125443145, -0.09437103769572897, -0.26860609635746635, -0.09327656419079222, 0.19024371127302167, 0.25714906019741507], [0.7087411159805759, 1.0533599618064713, -0.8125266618444036, 2.2348462520713577, -0.07818425217396341, 0.24639259059283758, 0.07015615190733197, -0.12786608102803435, -0.3504256243882058, 0.062377630244981774], [-1.6247511217414154, -0.0014674661453880143, 0.10562433125443145, -0.07818425217396341, 3.947987790504601, 0.008613151681095312, -0.06121268640257836, 0.7634508088416924, -0.023783472916573754, 0.9543364808222219], [1.7311961414524233, -0.198900895445224, -0.09437103769572897, 0.24639259059283758, 0.008613151681095312, 6.356881925814496, 0.08317690832078078, 0.008613151681094527, 0.000684653617887391, -0.3733171399249238], [2.0431996889339454, 0.1405618824189407, -0.26860609635746635, 0.07015615190733197, -0.06121268640257836, 0.08317690832078078, 5.979380982473179, -0.061897340020457894, 0.38193029160602177, -0.06121268640257278], [-1.3094210395645123, 0.09290357155033936, -0.09327656419079222, -0.12786608102803435, 0.7634508088416924, 0.008613151681094527, -0.061897340020457894, 3.9357957563751698, 0.05939343540420707, 0.9310576032928495], [-1.454657550059228, 0.022213505764629094, 0.19024371127302167, -0.3504256243882058, -0.023783472916573754, 0.000684653617887391, 0.38193029160602177, 0.05939343540420707, 6.0137467034025205, 0.059393435404208404], [-2.6470094861594236, -0.07162361805271318, 0.25714906019741507, 0.062377630244981774, 0.9543364808222219, -0.3733171399249238, -0.06121268640257278, 0.9310576032928495, 0.059393435404208404, 3.940066156994927]]",
    "monomial_list": "[1, x3, x2, x1, x3**2, x2*x3, x1*x3, x2**2, x1*x2, x1**2]"
}