{
    "name": "Total Decomposition",
    "rational_expression": "19*x1**4/1000000 + 19*x1**2*x2**2/500000 - 89*x1**2/50000 + 19*x2**4/1000000 - 89*x2**2/50000 + 19/100",
    "Q": "[[0.19042095706088338, 2.2256591893370966e-18, 5.72594473900429e-19, -0.0019365148719387123, 8.229535540835057e-20, -0.0019365148687107785], [2.2256591893370966e-18, 0.0017022250881669183, 3.6544637350293156e-18, -5.083627349014753e-19, -8.17174384901907e-20, 3.5933585899781575e-19], [5.72594473900429e-19, 3.6544637350293156e-18, 0.0017022250895484614, -1.3158764084798694e-19, 2.406227671487024e-19, 1.710122982120862e-19], [-0.0019365148719387123, -5.083627349014753e-19, -1.3158764084798694e-19, 4.556541798977549e-05, -1.880958169468408e-20, 7.726314327216985e-06], [8.229535540835057e-20, -8.17174384901907e-20, 2.406227671487024e-19, -1.880958169468408e-20, 3.294003870613251e-05, -1.4672942020724746e-20], [-0.0019365148687107785, 3.5933585899781575e-19, 1.710122982120862e-19, 7.726314327216985e-06, -1.4672942020724746e-20, 4.556541793796776e-05]]",
    "monomial_list": "[1, x2, x1, x2**2, x1*x2, x1**2]"
}