{
    "name": "Total Decomposition",
    "rational_expression": "197*x1**4/10000000 + 197*x1**2*x2**2/5000000 - 6*x1**2/3125 + 197*x2**4/10000000 - 6*x2**2/3125 + 197/1000",
    "Q": "[[0.19749031449951626, -2.3473765536538817e-18, 8.181036781107484e-21, -0.0019752019012169485, -1.1975889226250253e-19, -0.0019752019001481745], [-2.3473765536538817e-18, 0.0015734133772212907, -1.551007921061559e-18, -4.162491915363479e-20, -1.3634184057079566e-19, -2.2950950829481967e-20], [8.181036781107484e-21, -1.551007921061559e-18, 0.0015734133748087932, -6.537622270178611e-20, 2.1869681963178555e-23, 1.3397798374142298e-19], [-0.0019752019012169485, -4.162491915363479e-20, -6.537622270178611e-20, 4.406878950485207e-05, 8.7782172664036e-21, 8.054020238931687e-06], [-1.1975889226250253e-19, -1.3634184057079566e-19, 2.1869681963178555e-23, 8.7782172664036e-21, 2.992047810754142e-05, 8.048277847438038e-21], [-0.0019752019001481745, -2.2950950829481967e-20, 1.3397798374142298e-19, 8.054020238931687e-06, 8.048277847438038e-21, 4.406878942077017e-05]]",
    "monomial_list": "[1, x2, x1, x2**2, x1*x2, x1**2]"
}