{
    "name": "Multiplier-2",
    "rational_expression": "2029*x1**2/500 + 5971*x1*x10/100000 + 2513*x1*x11/50000 + 1603*x1*x12/25000 + 59*x1*x13/1000 + 116*x1*x2/3125 + 5953*x1*x3/100000 + 1429*x1*x4/20000 + 6097*x1*x5/100000 + 1061*x1*x6/20000 + 2247*x1*x7/50000 + 433*x1*x8/6250 + 5791*x1*x9/100000 - 2389*x1/10000 + 4113*x10**2/1000 + 111*x10*x11/1000 + 161*x10*x12/1000 + 273*x10*x13/2000 + 3867*x10*x2/50000 + 1307*x10*x3/10000 + 713*x10*x4/5000 + 199*x10*x5/1250 + 609*x10*x6/5000 + 4057*x10*x7/50000 + 341*x10*x8/2000 + 677*x10*x9/5000 - 3187*x10/5000 + 2037*x11**2/500 + 4709*x11*x12/50000 + 527*x11*x13/5000 + 4591*x11*x2/100000 + 6181*x11*x3/100000 + 169*x11*x4/1250 + 1851*x11*x5/25000 + 699*x11*x6/5000 + 443*x11*x7/12500 + 289*x11*x8/2500 + 8353*x11*x9/100000 - 3527*x11/5000 + 2059*x12**2/500 + 4381*x12*x13/50000 + 1503*x12*x2/20000 + 1297*x12*x3/10000 + 1609*x12*x4/10000 + 1327*x12*x5/10000 + 3767*x12*x6/50000 + 1247*x12*x7/12500 + 1729*x12*x8/10000 + 84*x12*x9/625 - 5117*x12/10000 + 4103*x13**2/1000 + 1363*x13*x2/20000 + 513*x13*x3/5000 + 1533*x13*x4/10000 + 279*x13*x5/2000 + 1811*x13*x6/10000 + 5941*x13*x7/100000 + 371*x13*x8/2500 + 617*x13*x9/5000 - 867*x13/1250 + 1297*x2**2/250 + 4923*x2*x3/100000 + 1079*x2*x4/12500 + 583*x2*x5/10000 + 1681*x2*x6/20000 + 921*x2*x7/50000 + 4189*x2*x8/50000 + 6257*x2*x9/100000 - 967*x2/5000 + 4077*x3**2/1000 + 33*x3*x4/250 + 8219*x3*x5/100000 + 289*x3*x6/2000 + 4063*x3*x7/100000 + 1367*x3*x8/10000 + 258*x3*x9/3125 - 4041*x3/5000 + 1031*x4**2/250 + 1029*x4*x5/10000 + 1261*x4*x6/10000 + 581*x4*x7/6250 + 1173*x4*x8/10000 + 847*x4*x9/5000 - 5457*x4/10000 + 2051*x5**2/500 + 1807*x5*x6/10000 + 2627*x5*x7/50000 + 1811*x5*x8/10000 + 4793*x5*x9/50000 - 8763*x5/10000 + 512*x6**2/125 + 4267*x6*x7/100000 + 2093*x6*x8/25000 + 1841*x6*x9/10000 - 1047*x6/2000 + 203*x7**2/50 + 217*x7*x8/2000 + 4833*x7*x9/100000 - 223*x7/400 + 103*x8**2/25 + 599*x8*x9/5000 - 2673*x8/5000 + 819*x9**2/200 - 8193*x9/10000 + 711/125",
    "Q": "[[5.688102796573062, -0.40994404598041356, -0.2679084204646672, -0.28058393925273883, -0.2616804566429739, -0.43735636573262515, -0.2741354818574081, -0.4016103621296553, -0.09622886530668955, -0.34510851088983124, -0.2551028215905185, -0.34988251638239454, -0.3195647946065536, -0.11752117286758368], [-0.40994404598041356, 4.095896878197081, 0.06064344399003874, 0.023135026944671892, 0.09093737113197395, 0.04794587574286738, 0.08567653111722881, 0.041896952068704085, 0.0296040260012345, 0.06285525538766595, 0.06571477844553444, 0.04196806439293581, 0.0694930818258473, 0.030310166993884897], [-0.2679084204646672, 0.06064344399003874, 4.119998942548565, 0.053009373527071135, 0.040324516517528435, 0.08916977327277194, 0.05835427089655205, 0.06639389471373205, 0.04318454664684063, 0.07338850133495453, 0.08483285945312839, 0.05819116865494411, 0.08418183950130616, 0.03356702658380283], [-0.28058393925273883, 0.023135026944671892, 0.053009373527071135, 4.06005029608927, 0.02223601488962207, 0.02762732902172238, 0.047185156454614054, 0.020149281630263246, 0.01026302485743218, 0.028681087669771108, 0.04800473196770422, 0.01871585592865072, 0.041588792775515415, 0.02259985269428519], [-0.2616804566429739, 0.09093737113197395, 0.040324516517528435, 0.02223601488962207, 4.095293211163581, 0.0905950330870075, 0.06420823027891603, 0.07166325563465113, 0.03992475838246359, 0.09216192127425914, 0.03877320050380538, 0.06907244321029475, 0.061936580958412535, 0.024525972984171356], [-0.43735636573262515, 0.04794587574286738, 0.08916977327277194, 0.02762732902172238, 0.0905950330870075, 4.102256647746436, 0.050373540548316956, 0.04054830351740953, 0.030663442472251952, 0.07036455007276977, 0.06738640804079377, 0.03796230808640657, 0.08122176248103032, 0.03179685653874229], [-0.2741354818574081, 0.08567653111722881, 0.05835427089655205, 0.047185156454614054, 0.06420823027891603, 0.050373540548316956, 4.123746205229534, 0.06650409686628748, 0.04295339570805622, 0.07655636020815149, 0.07997920076612963, 0.06879429535197142, 0.07344940872889458, 0.033836953529308454], [-0.4016103621296553, 0.041896952068704085, 0.06639389471373205, 0.020149281630263246, 0.07166325563465113, 0.04054830351740953, 0.06650409686628748, 4.075873199223528, 0.022484508867027526, 0.049427464012225183, 0.06351261574048293, 0.028985720135875682, 0.0659470969461463, 0.02889744738441634], [-0.09622886530668955, 0.0296040260012345, 0.04318454664684063, 0.01026302485743218, 0.03992475838246359, 0.030663442472251952, 0.04295339570805622, 0.022484508867027526, 5.188204131640348, 0.0340415784559881, 0.03993792457699481, 0.02121385097739039, 0.0412610986798771, 0.01987877401159189], [-0.34510851088983124, 0.06285525538766595, 0.07338850133495453, 0.028681087669771108, 0.09216192127425914, 0.07036455007276977, 0.07655636020815149, 0.049427464012225183, 0.0340415784559881, 4.10257279184524, 0.04337347654922225, 0.05106810310378477, 0.0691539697274709, 0.031082795952921512], [-0.2551028215905185, 0.06571477844553444, 0.08483285945312839, 0.04800473196770422, 0.03877320050380538, 0.06738640804079377, 0.07997920076612963, 0.06351261574048293, 0.03993792457699481, 0.04337347654922225, 4.117862164108125, 0.048647892292958045, 0.07989560078502324, 0.030407691635871387], [-0.34988251638239454, 0.04196806439293581, 0.05819116865494411, 0.01871585592865072, 0.06907244321029475, 0.03796230808640657, 0.06879429535197142, 0.028985720135875682, 0.02121385097739039, 0.05106810310378477, 0.048647892292958045, 4.073990854464769, 0.05336456101071862, 0.025889047528100145], [-0.3195647946065536, 0.0694930818258473, 0.08418183950130616, 0.041588792775515415, 0.061936580958412535, 0.08122176248103032, 0.07344940872889458, 0.0659470969461463, 0.0412610986798771, 0.0691539697274709, 0.07989560078502324, 0.05336456101071862, 4.113460220245178, 0.029945680251550685], [-0.11752117286758368, 0.030310166993884897, 0.03356702658380283, 0.02259985269428519, 0.024525972984171356, 0.03179685653874229, 0.033836953529308454, 0.02889744738441634, 0.01987877401159189, 0.031082795952921512, 0.030407691635871387, 0.025889047528100145, 0.029945680251550685, 4.058139714004205]]",
    "monomial_list": "[1, x9, x8, x7, x6, x5, x4, x3, x2, x13, x12, x11, x10, x1]"
}