{
    "name": "Multiplier-7",
    "rational_expression": "4021*x1**2/1000 - 1307*x1*x10/25000 - 2923*x1*x11/50000 - 4527*x1*x12/100000 - 701*x1*x13/12500 - 993*x1*x2/25000 - 2083*x1*x3/50000 - 309*x1*x4/6250 - 3033*x1*x5/50000 - 4161*x1*x6/100000 - 3037*x1*x7/1000000 - 257*x1*x8/5000 - 1377*x1*x9/25000 + 61*x1/400 + 801*x10**2/200 - 4989*x10*x11/100000 - 6709*x10*x12/100000 - 7277*x10*x13/100000 - 8093*x10*x2/100000 - 29*x10*x3/2000 - 8489*x10*x4/100000 - 517*x10*x5/10000 - 123*x10*x6/4000 + 4043*x10*x7/1000000 - 3473*x10*x8/50000 - 199*x10*x9/3125 + 527*x10/1000 + 501*x11**2/125 - 3327*x11*x12/50000 - 2123*x11*x13/100000 - 3491*x11*x2/50000 - 1067*x11*x3/25000 - 911*x11*x4/12500 - 3081*x11*x5/50000 + 729*x11*x6/20000 + 361*x11*x7/20000 - 7337*x11*x8/100000 - 657*x11*x9/20000 + 3811*x11/10000 + 2007*x12**2/500 - 14*x12*x13/125 - 8753*x12*x2/100000 - 29*x12*x3/2000 - 337*x12*x4/5000 - 3763*x12*x5/50000 - 1031*x12*x6/10000 - 1157*x12*x7/200000 - 5273*x12*x8/100000 - 7131*x12*x9/100000 + 2669*x12/5000 + 4011*x13**2/1000 - 4557*x13*x2/50000 - 2271*x13*x3/100000 - 4759*x13*x4/50000 - 4507*x13*x5/100000 + 1211*x13*x6/50000 + 2397*x13*x7/100000 - 1907*x13*x8/20000 - 827*x13*x9/20000 + 5059*x13/10000 + 1001*x2**2/250 - 963*x2*x3/25000 - 1921*x2*x4/25000 - 3811*x2*x5/50000 - 2407*x2*x6/50000 - 867*x2*x7/50000 - 7821*x2*x8/100000 - 8067*x2*x9/100000 + 2563*x2/5000 + 3993*x3**2/1000 - 2401*x3*x4/50000 - 1171*x3*x5/20000 + 853*x3*x6/20000 - 4239*x3*x7/5000000 - 4033*x3*x8/100000 - 563*x3*x9/20000 + 1941*x3/10000 + 4*x4**2 - 1259*x4*x5/10000 - 319*x4*x6/6250 - 471*x4*x7/25000 - 2421*x4*x8/25000 - 8279*x4*x9/100000 + 239*x4/500 + 4001*x5**2/1000 + 3331*x5*x6/100000 + 211*x5*x7/20000 - 6827*x5*x8/100000 - 309*x5*x9/4000 + 873*x5/2000 + 4057*x6**2/1000 + 8129*x6*x7/100000 - 8701*x6*x8/100000 + 961*x6*x9/25000 + 3151*x6/5000 + 129*x7**2/25 - 307*x7*x8/20000 + 973*x7*x9/50000 + 3189*x7/10000 + 4009*x8**2/1000 - 129*x8*x9/1250 + 2669*x8/5000 + 501*x9**2/125 + 2113*x9/5000 + 693/200",
    "Q": "[[3.465106562238793, 0.2116672947480506, 0.26542671144428465, 0.15914315091993042, 0.3141285583235918, 0.21845908693732952, 0.24005482059473385, 0.09790781340012394, 0.2556413073209186, 0.25258231165066797, 0.2660094516298859, 0.19067446890060122, 0.26358000671482945, 0.07652284307630888], [0.2116672947480506, 4.008424690262217, -0.051513576338947036, 0.00996786479543403, 0.020545074726795898, -0.037942159723235, -0.040750022654061274, -0.015745803971819343, -0.03884011617525749, -0.021298638141931007, -0.03383494735149955, -0.016438159560950613, -0.03068687031493568, -0.029060817743747993], [0.26542671144428465, -0.051513576338947036, 4.008272433176629, -0.007003000736844381, -0.04490019267713567, -0.035587430312548074, -0.04920138390014313, -0.01988047859897186, -0.0408665397393724, -0.04723548120814654, -0.027327103326316157, -0.03651041096952817, -0.035069924050430024, -0.024806420159469333], [0.15914315091993042, 0.00996786479543403, -0.007003000736844381, 5.1604026239768634, 0.03894500315169086, 0.0070718142589332594, -0.00811898622934811, 7.685685502955119e-05, -0.006989650926086806, 0.013266917796393987, -0.004583226470235563, 0.01125011908264757, 0.0031655041313690814, -0.002256554073224653], [0.3141285583235918, 0.020545074726795898, -0.04490019267713567, 0.03894500315169086, 4.056710641647294, 0.01580537862627682, -0.02637993626916907, 0.02192897214373233, -0.02434170284415142, 0.011644689725075494, -0.050456994005974254, 0.017607039536540595, -0.016475546606533987, -0.019244986187433612], [0.21845908693732952, -0.037942159723235, -0.035587430312548074, 0.0070718142589332594, 0.01580537862627682, 4.000998063420241, -0.0631910138675155, -0.029681566915231525, -0.04003193830155839, -0.022824129491909293, -0.03612161005237138, -0.031346132869317776, -0.027154433708784946, -0.03163007023532801], [0.24005482059473385, -0.040750022654061274, -0.04920138390014313, -0.00811898622934811, -0.02637993626916907, -0.0631910138675155, 3.9993784931840435, -0.023938342488207944, -0.039344846815171405, -0.049378680411693326, -0.03539191158435578, -0.034745562530100645, -0.0429644170609855, -0.026023192028451374], [0.09790781340012394, -0.015745803971819343, -0.01988047859897186, 7.685685502955119e-05, 0.02192897214373233, -0.029681566915231525, -0.023938342488207944, 3.993193796509792, -0.020838432090822204, -0.009391311084445221, -0.007811702495767964, -0.021775763394474602, -0.006021949009703529, -0.02184830056808931], [0.2556413073209186, -0.03884011617525749, -0.0408665397393724, -0.006989650926086806, -0.02434170284415142, -0.04003193830155839, -0.039344846815171405, -0.020838432090822204, 4.0039844851170034, -0.04404384106662568, -0.042284117738909985, -0.03316862275874377, -0.040800572436784116, -0.020253225972185002], [0.25258231165066797, -0.021298638141931007, -0.04723548120814654, 0.013266917796393987, 0.011644689725075494, -0.022824129491909293, -0.049378680411693326, -0.009391311084445221, -0.04404384106662568, 4.010706012522309, -0.0554888785578124, -0.011530540123300556, -0.037743219445297155, -0.027014401759167816], [0.2660094516298859, -0.03383494735149955, -0.027327103326316157, -0.004583226470235563, -0.050456994005974254, -0.03612161005237138, -0.03539191158435578, -0.007811702495767964, -0.042284117738909985, -0.0554888785578124, 4.013134985606916, -0.03154363639911692, -0.03310962829448756, -0.022860454622358552], [0.19067446890060122, -0.016438159560950613, -0.03651041096952817, 0.01125011908264757, 0.017607039536540595, -0.031346132869317776, -0.034745562530100645, -0.021775763394474602, -0.03316862275874377, -0.011530540123300556, -0.03154363639911692, 4.008229424509513, -0.026298495021881658, -0.027427555829026617], [0.26358000671482945, -0.03068687031493568, -0.035069924050430024, 0.0031655041313690814, -0.016475546606533987, -0.027154433708784946, -0.0429644170609855, -0.006021949009703529, -0.040800572436784116, -0.037743219445297155, -0.03310962829448756, -0.026298495021881658, 4.0047475984456105, -0.02558584842343869], [0.07652284307630888, -0.029060817743747993, -0.024806420159469333, -0.002256554073224653, -0.019244986187433612, -0.03163007023532801, -0.026023192028451374, -0.02184830056808931, -0.020253225972185002, -0.027014401759167816, -0.022860454622358552, -0.027427555829026617, -0.02558584842343869, 4.022060781760644]]",
    "monomial_list": "[1, x9, x8, x7, x6, x5, x4, x3, x2, x13, x12, x11, x10, x1]"
}