{
    "name": "Multiplier-3",
    "rational_expression": "161*x1**2/40 - 5759*x1*x10/100000 - 203*x1*x11/4000 - 4471*x1*x12/100000 - 5437*x1*x13/100000 - 739*x1*x2/25000 - 5943*x1*x3/1000000 - 1183*x1*x4/25000 - 1489*x1*x5/25000 - 1433*x1*x6/25000 - 3421*x1*x7/100000 - 4281*x1*x8/100000 - 6283*x1*x9/100000 + 1543*x1/10000 + 999*x10**2/250 - 229*x10*x11/2500 - 7333*x10*x12/100000 - 1097*x10*x13/10000 - 8309*x10*x2/100000 - 179*x10*x3/10000 - 119*x10*x4/1250 - 52*x10*x5/625 - 1979*x10*x6/20000 - 627*x10*x7/10000 - 441*x10*x8/6250 - 1057*x10*x9/10000 + 2513*x10/5000 + 3993*x11**2/1000 - 4313*x11*x12/50000 - 5683*x11*x13/100000 - 5551*x11*x2/100000 - 2287*x11*x3/100000 - 6567*x11*x4/100000 - 1631*x11*x5/20000 - 3433*x11*x6/50000 - 571*x11*x7/12500 - 3567*x11*x8/50000 - 351*x11*x9/5000 + 2951*x11/10000 + 4013*x12**2/1000 - 27*x12*x13/200 - 1053*x12*x2/12500 - 57*x12*x3/3125 - 1439*x12*x4/20000 - x12*x5/10 - 581*x12*x6/5000 - 3101*x12*x7/100000 - 5529*x12*x8/100000 - 9019*x12*x9/100000 + 4961*x12/10000 + 3999*x13**2/1000 - 8563*x13*x2/100000 - 4243*x13*x3/500000 - 9759*x13*x4/100000 - 3451*x13*x5/50000 - 1059*x13*x6/12500 - 6357*x13*x7/100000 - 1049*x13*x8/10000 - 4171*x13*x9/50000 + 1191*x13/2500 + 801*x2**2/200 + 3391*x2*x3/1000000 - 677*x2*x4/10000 - 6457*x2*x5/100000 - 7087*x2*x6/100000 - 373*x2*x7/10000 - 6633*x2*x8/100000 - 783*x2*x9/10000 + 352*x2/625 + 5139*x3**2/1000 - 1101*x3*x4/100000 - 1411*x3*x5/100000 - 577*x3*x6/50000 - 86*x3*x7/3125 - 629*x3*x8/50000 - 31*x3*x9/2000 + 88*x3/625 + 1001*x4**2/250 - 153*x4*x5/1250 - 7361*x4*x6/100000 - 1919*x4*x7/50000 - 373*x4*x8/4000 - 807*x4*x9/10000 + 5231*x4/10000 + 4001*x5**2/1000 - 7551*x5*x6/100000 - 363*x5*x7/6250 - 1559*x5*x8/25000 - 259*x5*x9/2500 + 4023*x5/10000 + 401*x6**2/100 - 1879*x6*x7/20000 - 101*x6*x8/1000 - 1807*x6*x9/25000 + 331*x6/625 + 3991*x7**2/1000 - 571*x7*x8/25000 - 303*x7*x9/4000 + 503*x7/2500 + 4009*x8**2/1000 - 1129*x8*x9/10000 + 1033*x8/2000 + 1997*x9**2/500 + 1979*x9/5000 + 3353/1000",
    "Q": "[[3.3533672893393587, 0.1987312607478092, 0.2590237990225336, 0.09952459341354548, 0.26364477124347047, 0.19985218184833684, 0.26252558145564225, 0.0710879631425849, 0.280222358806563, 0.23871338875372086, 0.24968190340662963, 0.1471568181470803, 0.2525075433492044, 0.07801509425938448], [0.1987312607478092, 3.9942542409860033, -0.056297122273160416, -0.036597351340810456, -0.03747271089047484, -0.051642410713036165, -0.039308716568223614, -0.009035969269926421, -0.03727150468093433, -0.04012913110203127, -0.045321395448531046, -0.03375112637997746, -0.05076308384309599, -0.031275588291304945], [0.2590237990225336, -0.056297122273160416, 4.0093281443312945, -0.010643466813620424, -0.04964087379561833, -0.03175330631481229, -0.0477386048212787, -0.005965717204489477, -0.032999451200827395, -0.050644757558740344, -0.026082357807606354, -0.03721296201128492, -0.03608018254686224, -0.020838340072972663], [0.09952459341354548, -0.036597351340810456, -0.010643466813620424, 3.9908118075798145, -0.048933160641518834, -0.028773039217272405, -0.020172266972098018, -0.01227244214168494, -0.016822527253408003, -0.031656660963438873, -0.016405006283251554, -0.024795782644803074, -0.029503858857585285, -0.016687525636625077], [0.26364477124347047, -0.03747271089047484, -0.04964087379561833, -0.048933160641518834, 4.009303726594105, -0.03722577775872593, -0.03730829858679117, -0.007483142484785367, -0.03424886320332261, -0.04058563505986539, -0.05972959268818296, -0.03347486017055687, -0.05001627056089869, -0.02751973917238204], [0.19985218184833684, -0.051642410713036165, -0.03175330631481229, -0.028773039217272405, -0.03722577775872593, 4.00036208606847, -0.061951066722059904, -0.008435364727383817, -0.032877252108076654, -0.03436716351383645, -0.04856688291499751, -0.041071138440705944, -0.04297608302038424, -0.030075675002884147], [0.26252558145564225, -0.039308716568223614, -0.0477386048212787, -0.020172266972098018, -0.03730829858679117, -0.061951066722059904, 4.004250266172622, -0.0066940562028747486, -0.033455578538819856, -0.0498402691409404, -0.03524357219981693, -0.0308766900262196, -0.04671958394933242, -0.022661970138433532], [0.0710879631425849, -0.009035969269926421, -0.005965717204489477, -0.01227244214168494, -0.007483142484785367, -0.008435364727383817, -0.0066940562028747486, 5.138636462110526, -0.0004794004523981669, -0.004469109548232363, -0.007652318121473469, -0.010795286134251111, -0.008685549944260072, -0.004369646289691188], [0.280222358806563, -0.03727150468093433, -0.032999451200827395, -0.016822527253408003, -0.03424886320332261, -0.032877252108076654, -0.033455578538819856, -0.0004794004523981669, 4.004797492853657, -0.04106746615997591, -0.040421810141936625, -0.025946175838640135, -0.0419590305679205, -0.016034974280089903], [0.23871338875372086, -0.04012913110203127, -0.050644757558740344, -0.031656660963438873, -0.04058563505986539, -0.03436716351383645, -0.0498402691409404, -0.004469109548232363, -0.04106746615997591, 3.998475809493757, -0.06850281181547414, -0.02883220579193575, -0.05533392921451117, -0.028348601997754956], [0.24968190340662963, -0.045321395448531046, -0.026082357807606354, -0.016405006283251554, -0.05972959268818296, -0.04856688291499751, -0.03524357219981693, -0.007652318121473469, -0.040421810141936625, -0.06850281181547414, 4.013442061078214, -0.04243050279070369, -0.035277175690902836, -0.022955784432337787], [0.1471568181470803, -0.03375112637997746, -0.03721296201128492, -0.024795782644803074, -0.03347486017055687, -0.041071138440705944, -0.0308766900262196, -0.010795286134251111, -0.025946175838640135, -0.02883220579193575, -0.04243050279070369, 3.9929163375131695, -0.0441114365991045, -0.02689750884412015], [0.2525075433492044, -0.05076308384309599, -0.03608018254686224, -0.029503858857585285, -0.05001627056089869, -0.04297608302038424, -0.04671958394933242, -0.008685549944260072, -0.0419590305679205, -0.05533392921451117, -0.035277175690902836, -0.0441114365991045, 3.996098172349509, -0.028139599957404195], [0.07801509425938448, -0.031275588291304945, -0.020838340072972663, -0.016687525636625077, -0.02751973917238204, -0.030075675002884147, -0.022661970138433532, -0.004369646289691188, -0.016034974280089903, -0.028348601997754956, -0.022955784432337787, -0.02689750884412015, -0.028139599957404195, 4.02427851953981]]",
    "monomial_list": "[1, x9, x8, x7, x6, x5, x4, x3, x2, x13, x12, x11, x10, x1]"
}