{
    "name": "Multiplier-12",
    "rational_expression": "1009*x1**2/250 - 9151*x1*x10/1000000 + 887*x1*x11/500000 + 133*x1*x12/15625 + 2649*x1*x13/100000 + 1161*x1*x2/50000 - 1569*x1*x3/100000 - 107*x1*x4/100000 + 1281*x1*x5/1000000 + 4383*x1*x6/500000 - 3703*x1*x7/500000 - 9337*x1*x8/1000000 - 7193*x1*x9/1000000 - 3563*x1/100000 + 4017*x10**2/1000 - 1597*x10*x11/100000 + 733*x10*x12/25000 - 58*x10*x13/3125 - 977*x10*x2/50000 + 6703*x10*x3/1000000 + 5193*x10*x4/1000000 + 21*x10*x5/2000 - 4281*x10*x6/100000 - 107*x10*x7/10000 + 101*x10*x8/2500 - 1923*x10*x9/100000 + 1851*x10/10000 + 399*x11**2/100 - 4317*x11*x12/100000 - 41*x11*x13/3125 + 1661*x11*x2/100000 - 7547*x11*x3/100000 + 2413*x11*x4/100000 - 479*x11*x5/6250 + 641*x11*x6/50000 - 929*x11*x7/12500 - 1257*x11*x8/100000 - 133*x11*x9/3125 - 383*x11/1250 + 5147*x12**2/1000 - 1643*x12*x13/20000 - 4347*x12*x2/500000 - 1939*x12*x3/200000 + 1281*x12*x4/50000 - 133*x12*x5/4000 - 8463*x12*x6/100000 - 1233*x12*x7/100000 + 2277*x12*x8/50000 - 2909*x12*x9/100000 + 383*x12/1250 + 504*x13**2/125 + 3079*x13*x2/100000 - 6787*x13*x3/100000 - 3557*x13*x4/1000000 - 1829*x13*x5/100000 + 8667*x13*x6/100000 - 253*x13*x7/3125 - 2433*x13*x8/100000 - 3331*x13*x9/100000 - 783*x13/2000 + 4019*x2**2/1000 - 1267*x2*x3/50000 + 5361*x2*x4/1000000 + 93*x2*x5/40000 + 3317*x2*x6/500000 - 137*x2*x7/12500 - 417*x2*x8/25000 - 121*x2*x9/40000 + 89*x2/500 + 997*x3**2/250 - 8963*x3*x4/1000000 - 847*x3*x5/10000 - 3091*x3*x6/100000 - 627*x3*x7/10000 - 83*x3*x8/40000 - 1377*x3*x9/25000 - 717*x3/12500 + 4039*x4**2/1000 - 1031*x4*x5/10000 - 453*x4*x6/25000 + 4189*x4*x7/1000000 - 3949*x4*x8/100000 + 81*x4*x9/4000 + 267*x4/1250 + 3993*x5**2/1000 + 227*x5*x6/20000 - 269*x5*x7/4000 + 471*x5*x8/20000 - 9191*x5*x9/100000 - 2277*x5/10000 + 809*x6**2/200 - 269*x6*x7/2000 - 1083*x6*x8/10000 + 9373*x6*x9/1000000 - 7833*x6/100000 + 199*x7**2/50 + 1409*x7*x8/50000 - 351*x7*x9/5000 - 1139*x7/10000 + 1011*x8**2/250 - 1057*x8*x9/20000 + 299*x8/1000 + 1997*x9**2/500 - 121*x9/1000 + 89/25",
    "Q": "[[3.5604505987678934, -0.06171070704757959, 0.15092396327368016, -0.055333689905804756, -0.039938429773797836, -0.11367967326036746, 0.10536313782056346, -0.03007408373249386, 0.0892050280970556, -0.19466427040015818, 0.15149176276669576, -0.15356147711725163, 0.09206722378216896, -0.01665096339961631], [-0.06171070704757959, 3.994440159848883, -0.027791931140010728, -0.03576694382727441, 0.005520898970107311, -0.04404056630065254, 0.010142337548338197, -0.02899653039691049, -0.0027585014370478094, -0.01602156014570743, -0.014388314410420886, -0.02262046435221363, -0.007587070889573458, -0.0026761571927585164], [0.15092396327368016, -0.027791931140010728, 4.044651450110867, 0.012838898560127432, -0.05222613603712201, 0.0119760785640223, -0.019329240981866537, -0.0008479308862851332, -0.006608247181445576, -0.013366168504694033, 0.02376503360750189, -0.005335110688818113, 0.021407880289980936, -0.004669820398740262], [-0.055333689905804756, -0.03576694382727441, 0.012838898560127432, 3.9797974186202665, -0.06678306317869452, -0.03464673291127393, 0.0018073637439912683, -0.031092285143204324, -0.006234295519442015, -0.042336435014205115, -0.005676902878226838, -0.03548716872087927, -0.005659950479989709, -0.005002198756507636], [-0.039938429773797836, 0.005520898970107311, -0.05222613603712201, -0.06678306317869452, 4.044778171522798, 0.006453826772290663, -0.007044120702734007, -0.01671751887724828, 0.0031262734807234677, 0.04478349324128654, -0.04156229643596792, 0.0057873733107532705, -0.02268053542244197, 0.004041822043334159], [-0.11367967326036746, -0.04404056630065254, 0.0119760785640223, -0.03464673291127393, 0.006453826772290663, 3.992320499963956, -0.0498052186616836, -0.04268750162338254, 0.0006453538422439305, -0.007613817799740567, -0.018308275287386523, -0.03716149888992796, 0.005709566804616436, -0.0012203869405208526], [0.10536313782056346, 0.010142337548338197, -0.019329240981866537, 0.0018073637439912683, -0.007044120702734007, -0.0498052186616836, 4.03861424258676, -0.005071851597693458, 0.003546304278000153, -0.002989639409137044, 0.013663098375096364, 0.010869627108122629, 0.0013132975462429104, 0.00022808788812607412], [-0.03007408373249386, -0.02899653039691049, -0.0008479308862851332, -0.031092285143204324, -0.01671751887724828, -0.04268750162338254, -0.005071851597693458, 3.988518621970217, -0.014607031713305019, -0.03479551619734154, -0.006713222883330653, -0.03736731973328919, 0.00252431699607657, -0.009585459557992235], [0.0892050280970556, -0.0027585014370478094, -0.006608247181445576, -0.006234295519442015, 0.0031262734807234677, 0.0006453538422439305, 0.003546304278000153, -0.014607031713305019, 4.019512928143187, 0.01665212299683114, -0.006133340798580467, 0.00856854673712854, -0.009124462444342295, 0.012905502810739855], [-0.19466427040015818, -0.01602156014570743, -0.013366168504694033, -0.042336435014205115, 0.04478349324128654, -0.007613817799740567, -0.002989639409137044, -0.03479551619734154, 0.01665212299683114, 4.032462846381145, -0.04150338465576282, -0.004500101072786898, -0.008810577056658199, 0.012118795242913642], [0.15149176276669576, -0.014388314410420886, 0.02376503360750189, -0.005676902878226838, -0.04156229643596792, -0.018308275287386523, 0.013663098375096364, -0.006713222883330653, -0.006133340798580467, -0.04150338465576282, 5.147636340915534, -0.02107277046329124, 0.013024067930843868, 0.0024285936422013083], [-0.15356147711725163, -0.02262046435221363, -0.005335110688818113, -0.03548716872087927, 0.0057873733107532705, -0.03716149888992796, 0.010869627108122629, -0.03736731973328919, 0.00856854673712854, -0.004500101072786898, -0.02107277046329124, 3.990417767983753, -0.007833740519853081, 0.0011789351208180677], [0.09206722378216896, -0.007587070889573458, 0.021407880289980936, -0.005659950479989709, -0.02268053542244197, 0.005709566804616436, 0.0013132975462429104, 0.00252431699607657, -0.009124462444342295, -0.008810577056658199, 0.013024067930843868, -0.007833740519853081, 4.017101617590749, -0.005175636081267129], [-0.01665096339961631, -0.0026761571927585164, -0.004669820398740262, -0.005002198756507636, 0.004041822043334159, -0.0012203869405208526, 0.00022808788812607412, -0.009585459557992235, 0.012905502810739855, 0.012118795242913642, 0.0024285936422013083, 0.0011789351208180677, -0.005175636081267129, 4.035855129304756]]",
    "monomial_list": "[1, x9, x8, x7, x6, x5, x4, x3, x2, x13, x12, x11, x10, x1]"
}