{
    "name": "Multiplier-9",
    "rational_expression": "2019*x1**2/500 - 99*x1*x10/6250 - 1579*x1*x11/50000 - 1589*x1*x12/100000 - 149*x1*x13/6250 - 391*x1*x2/2000000 - 2361*x1*x3/100000 - 2007*x1*x4/250000 - 2399*x1*x5/100000 - 819*x1*x6/50000 - 3857*x1*x7/500000 - 2493*x1*x8/10000000 - 263*x1*x9/25000 - 3709*x1/500000 + 4017*x10**2/1000 - 929*x10*x11/25000 - 347*x10*x12/25000 - 1401*x10*x13/25000 - 1101*x10*x2/50000 + 6511*x10*x3/1000000 - 1573*x10*x4/50000 - 3341*x10*x5/500000 - 122*x10*x6/3125 - 329*x10*x7/125000 + 1693*x10*x8/100000 - 19*x10*x9/1250 + 627*x10/2500 + 2001*x11**2/500 - 3707*x11*x12/100000 - 3699*x11*x13/100000 - 27*x11*x2/2000 - 5579*x11*x3/100000 - 2939*x11*x4/100000 - 257*x11*x5/4000 - 2143*x11*x6/100000 - 2041*x11*x7/50000 - 1413*x11*x8/100000 - 1471*x11*x9/50000 + 153*x11/2500 + 403*x12**2/100 - 2383*x12*x13/25000 - 92*x12*x2/3125 + 6529*x12*x3/1000000 - 1463*x12*x4/100000 - 619*x12*x5/20000 - 6331*x12*x6/100000 + 1339*x12*x7/100000 + 283*x12*x8/31250 - 2509*x12*x9/100000 + 1291*x12/5000 + 4011*x13**2/1000 - 1913*x13*x2/50000 - 313*x13*x3/12500 - 5599*x13*x4/100000 - 779*x13*x5/25000 - 2339*x13*x6/100000 - 3511*x13*x7/100000 - 3223*x13*x8/100000 - 2559*x13*x9/100000 + 471*x13/2000 + 4021*x2**2/1000 - 1031*x2*x3/500000 - 269*x2*x4/20000 - 3163*x2*x5/500000 - 131*x2*x6/10000 + 8*x2*x7/625 + 1369*x2*x8/500000 - 351*x2*x9/25000 + 3037*x2/10000 + 4*x3**2 - 349*x3*x4/20000 - 1127*x3*x5/20000 - 857*x3*x6/500000 - 393*x3*x7/10000 + 723*x3*x8/50000 - 1597*x3*x9/50000 - 1333*x3/25000 + 503*x4**2/125 - 7911*x4*x5/100000 - 1437*x4*x6/100000 - 3137*x4*x7/1000000 - 787*x4*x8/20000 - 2509*x4*x9/100000 + 1291*x4/5000 + 502*x5**2/125 - 169*x5*x6/25000 - 2397*x5*x7/100000 + 2093*x5*x8/50000 - 2993*x5*x9/100000 + 1901*x5/50000 + 2011*x6**2/500 - 5127*x6*x7/100000 - 1941*x6*x8/50000 - 147*x6*x9/10000 + 547*x6/2000 + 501*x7**2/125 + 623*x7*x8/10000 - 3261*x7*x9/100000 - 8357*x7/100000 + 4051*x8**2/1000 - 4201*x8*x9/1000000 + 2657*x8/10000 + 2573*x9**2/500 + 1671*x9/10000 + 1899/500",
    "Q": "[[3.7976415569997752, 0.08425883307720787, 0.1344118188100687, -0.04046163196157722, 0.13820807184776693, 0.01935392199513291, 0.1295916581706605, -0.02594280097051224, 0.15149596164548557, 0.11771715398723713, 0.12943506282101913, 0.030441131415785888, 0.12554212612495014, -0.003337689717594919], [0.08425883307720787, 5.14566022798451, -0.001102605084789142, -0.01647046037514409, -0.008648978219319817, -0.01716793489455327, -0.011473803542436283, -0.01670278641806354, -0.005525798747287523, -0.010809581000943739, -0.011192917422345712, -0.017031581066572748, -0.009022510198671901, -0.005384625801594568], [0.1344118188100687, -0.001102605084789142, 4.050815036833174, 0.02964363361881441, -0.019194913808069754, 0.022857091672516105, -0.02055980346506136, 0.008755126147424139, 0.0015032092627414028, -0.016512423902386233, 0.005566379014572213, -0.0059543186203340655, 0.006587251883740649, 0.0009355333669837923], [-0.04046163196157722, -0.01647046037514409, 0.02964363361881441, 4.008108456218946, -0.02398147376104553, -0.012583200832295796, -0.0011821390297077022, -0.021406484716618684, 0.005676852473549244, -0.01742252864528816, 0.0086187031818655, -0.018919390171306297, 0.0001681849390332676, -0.002167297806172649], [0.13820807184776693, -0.008648978219319817, -0.019194913808069754, -0.02398147376104553, 4.022789610104814, -0.0037767456680958067, -0.007897282019204114, -0.00016539098938779832, -0.008039226055112193, -0.012934511004726666, -0.03133635022720701, -0.010319162896819611, -0.018080940866916806, -0.007254653514727561], [0.01935392199513291, -0.01716793489455327, 0.022857091672516105, -0.012583200832295796, -0.0037767456680958067, 4.015845622626025, -0.04144973454263958, -0.027291035241577267, -0.003052935590837958, -0.015703159246760353, -0.01624601294232873, -0.033250462425681325, -0.003443881685540286, -0.011369319086984138], [0.1295916581706605, -0.011473803542436283, -0.02055980346506136, -0.0011821390297077022, -0.007897282019204114, -0.04144973454263958, 4.024350182450167, -0.008130753513195256, -0.007771935578063515, -0.026736117436741955, -0.00610182253551006, -0.013259536370191888, -0.017308393668872414, -0.005146232899136852], [-0.02594280097051224, -0.01670278641806354, 0.008755126147424139, -0.021406484716618684, -0.00016539098938779832, -0.027291035241577267, -0.008130753513195256, 3.9998932449771094, -0.0013576195595405489, -0.013267243969812902, 0.004441650618044617, -0.029079099606609784, 0.002667408236781656, -0.011208871431543463], [0.15149596164548557, -0.005525798747287523, 0.0015032092627414028, 0.005676852473549244, -0.008039226055112193, -0.003052935590837958, -0.007771935578063515, -0.0013576195595405489, 4.020839425931733, -0.017699939668252267, -0.014281782704761794, -0.007774595147484603, -0.01208264599134275, 0.0018432633856243928], [0.11771715398723713, -0.010809581000943739, -0.016512423902386233, -0.01742252864528816, -0.012934511004726666, -0.015703159246760353, -0.026736117436741955, -0.013267243969812902, -0.017699939668252267, 4.011838878640315, -0.046790914883389385, -0.01744979237618871, -0.02711709859898782, -0.012292460096199201], [0.12943506282101913, -0.011192917422345712, 0.005566379014572213, 0.0086187031818655, -0.03133635022720701, -0.01624601294232873, -0.00610182253551006, 0.004441650618044617, -0.014281782704761794, -0.046790914883389385, 4.029534384558734, -0.01955656859065084, -0.00890069427465725, -0.006945824844840935], [0.030441131415785888, -0.017031581066572748, -0.0059543186203340655, -0.018919390171306297, -0.010319162896819611, -0.033250462425681325, -0.013259536370191888, -0.029079099606609784, -0.007774595147484603, -0.01744979237618871, -0.01955656859065084, 4.001930309812969, -0.018212475971599223, -0.014174469843888907], [0.12554212612495014, -0.009022510198671901, 0.006587251883740649, 0.0001681849390332676, -0.018080940866916806, -0.003443881685540286, -0.017308393668872414, 0.002667408236781656, -0.01208264599134275, -0.02711709859898782, -0.00890069427465725, -0.018212475971599223, 4.016952719917629, -0.008399005093597384], [-0.003337689717594919, -0.005384625801594568, 0.0009355333669837923, -0.002167297806172649, -0.007254653514727561, -0.011369319086984138, -0.005146232899136852, -0.011208871431543463, 0.0018432633856243928, -0.012292460096199201, -0.006945824844840935, -0.014174469843888907, -0.008399005093597384, 4.037846432839472]]",
    "monomial_list": "[1, x9, x8, x7, x6, x5, x4, x3, x2, x13, x12, x11, x10, x1]"
}