{
    "name": "Multiplier-13",
    "rational_expression": "40392522943439*x1**2/10000000000000 - 171148907393217*x1*x10/20000000000000000 - 28403332689777*x1*x11/1250000000000000 - 1843*x1*x12/2500000 - 51904732827097*x1*x13/5000000000000000 + 1527*x1*x2/100000 - 146221895702183*x1*x3/10000000000000000 - 93003618530929*x1*x4/250000000000000000 - 231514968909323*x1*x5/10000000000000000 - 801*x1*x6/1000000 - 1629*x1*x7/250000 - 121*x1*x8/250000 - 2361*x1*x9/100000 - 157*x1/4000 + 402618131984491*x10**2/100000000000000 - 253177862614393*x10*x11/10000000000000000 + 2147*x10*x12/50000 - 188758280128241*x10*x13/10000000000000000 + 2829*x10*x2/1000000 + 131797159556299*x10*x3/10000000000000000 - 607953802682459*x10*x4/100000000000000000 - 446199264843017*x10*x5/50000000000000000 - 5681*x10*x6/1000000 + 1301*x10*x7/100000 + 2619*x10*x8/100000 - 1251*x10*x9/50000 + 147*x10/1250 + 50000456521957*x11**2/12500000000000 - 33*x11*x12/3125 - 416407829616219*x11*x13/10000000000000000 - 1301*x11*x2/500000 - 680007585324347*x11*x3/10000000000000000 - 34704752266407*x11*x4/4000000000000000 - 937696644105017*x11*x5/10000000000000000 - 347*x11*x6/200000 - 1329*x11*x7/25000 - 79*x11*x8/3125 - 637*x11*x9/10000 - 1881*x11/20000 + 2037*x12**2/500 - 2307*x12*x13/250000 + 61*x12*x2/3125 + 221*x12*x3/5000 + 2107*x12*x4/50000 - 939*x12*x5/500000 - 277*x12*x6/12500 + 3461*x12*x7/50000 + 6693*x12*x8/100000 + 7007*x12*x9/1000000 + 147*x12/1250 + 64341620617779*x13**2/12500000000000 - 2623*x13*x2/500000 - 69265577942133*x13*x3/2000000000000000 - 140245966613293*x13*x4/10000000000000000 - 102051761932671*x13*x5/2500000000000000 + 2603*x13*x6/1000000 - 447*x13*x7/12500 - 44*x13*x8/3125 - 3341*x13*x9/100000 + 627*x13/5000 + 4033*x2**2/1000 + 1123*x2*x3/100000 + 1903*x2*x4/100000 - 109*x2*x5/50000 + 289*x2*x6/25000 + 2711*x2*x7/100000 + 479*x2*x8/25000 - 163*x2*x9/100000 + 451*x2/2500 + 400147019326687*x3**2/100000000000000 - 120125734247267*x3*x4/50000000000000000 - 765880318358541*x3*x5/10000000000000000 + 2013*x3*x6/100000 - 1247*x3*x7/25000 + 5213*x3*x8/1000000 - 5439*x3*x9/100000 - 2039*x3/10000 + 12616818848619*x4**2/3125000000000 - 815316429361701*x4*x5/10000000000000000 + 927*x4*x6/50000 + 1021*x4*x7/50000 - 557*x4*x8/25000 - 531*x4*x9/500000 + 147*x4/1250 + 16005069934763*x5**2/4000000000000 + 1453*x5*x6/100000 - 5301*x5*x7/100000 + 1833*x5*x8/250000 - 9531*x5*x9/100000 - 8627*x5/100000 + 504*x6**2/125 - 3701*x6*x7/100000 - 1387*x6*x8/100000 + 46*x6*x9/3125 + 98*x6/625 + 4009*x7**2/1000 + 1857*x7*x8/50000 - 2709*x7*x9/50000 - 1137*x7/5000 + 4041*x8**2/1000 - 2453*x8*x9/50000 + 627*x8/5000 + 2003*x9**2/500 - 1771*x9/25000 + 3921/1000",
    "Q": "[[3.9209413719125945, -0.03510847542805025, 0.06112719254286963, -0.11531490393020769, 0.07743611292281272, -0.04205496835709454, 0.059106783375173014, -0.10318987160544121, 0.09095253164843876, 0.060924556886290206, 0.05936599900730279, -0.04801386581078181, 0.05949103394153194, -0.019817767471509436], [-0.03510847542805025, 4.006510782898711, -0.023432256807390323, -0.028505141363284147, 0.008460501878451425, -0.0467434192440888, -0.0015410240194214983, -0.026961885570117868, -0.0004140821582924627, -0.017351245650989895, 0.004073025983148547, -0.030986376237596498, -0.011448016765198308, -0.011152463091913057], [0.06112719254286963, -0.023432256807390323, 4.041556822754922, 0.02055706133856216, -0.008187532009201505, 0.002808820362762753, -0.010651055354782358, 0.004495264034336295, 0.008429977208108402, -0.006758791224280193, 0.032954512405780075, -0.011370557678167938, 0.012054833840435602, -0.0009479985784445055], [-0.11531490393020769, -0.028505141363284147, 0.02055706133856216, 4.008411678462449, -0.016456442146934803, -0.02794913923380772, 0.008996390066963367, -0.02640544696096983, 0.011822158821066736, -0.018236884778522717, 0.034007591234893095, -0.026503560819865817, 0.004585417817663092, -0.0020980101995637475], [0.07743611292281272, 0.008460501878451425, -0.008187532009201505, -0.016456442146934803, 4.03143849402359, 0.0055060057449624585, 0.009784546724029794, 0.01030270459524509, 0.006513225794732685, -0.0005914560396720034, -0.01177956232107334, 0.00041396543820046785, -0.0022380374278979814, -0.0015116878080640164], [-0.04205496835709454, -0.0467434192440888, 0.002808820362762753, -0.02794913923380772, 0.0055060057449624585, 4.0008582636053545, -0.03918124691748609, -0.03889091171554288, -0.001201596401337435, -0.01932180357813599, -0.0011769289248168273, -0.044923264117022015, -0.003928887276288052, -0.012676200463793823], [0.059106783375173014, -0.0015410240194214983, -0.010651055354782358, 0.008996390066963367, 0.009784546724029794, -0.03918124691748609, 4.03734057940263, 0.0004080612539170356, 0.010531276695296675, -0.007400545346843711, 0.02247784873566482, -0.004499879490402907, -0.002166012073528468, -0.001405108734328335], [-0.10318987160544121, -0.026961885570117868, 0.004495264034336295, -0.02640544696096983, 0.01030270459524509, -0.03889091171554288, 0.0004080612539170356, 4.001179564834784, 0.005633096573441661, -0.017321771191617298, 0.02246079161594718, -0.035087967227119446, 0.007417755938652046, -0.008493021648391375], [0.09095253164843876, -0.0004140821582924627, 0.008429977208108402, 0.011822158821066736, 0.006513225794732685, -0.001201596401337435, 0.010531276695296675, 0.005633096573441661, 4.033249658323931, -0.002030161003127219, 0.008169406453259063, 0.00042286301172265897, 0.000277695046766599, 0.008128699157361436], [0.060924556886290206, -0.017351245650989895, -0.006758791224280193, -0.018236884778522717, -0.0005914560396720034, -0.01932180357813599, -0.007400545346843711, -0.017321771191617298, -0.002030161003127219, 5.1477328707284755, -0.005131250760531719, -0.0187259977748281, -0.007033118251825706, -0.0036185836833031483], [0.05936599900730279, 0.004073025983148547, 0.032954512405780075, 0.034007591234893095, -0.01177956232107334, -0.0011769289248168273, 0.02247784873566482, 0.02246079161594718, 0.008169406453259063, -0.005131250760531719, 4.073542043637887, -0.0035688661540011174, 0.02208315077470212, 0.0008939189131642125], [-0.04801386581078181, -0.030986376237596498, -0.011370557678167938, -0.026503560819865817, 0.00041396543820046785, -0.044923264117022015, -0.004499879490402907, -0.035087967227119446, 0.00042286301172265897, -0.0187259977748281, -0.0035688661540011174, 4.000068000656243, -0.013987473482563207, -0.012146587713531389], [0.05949103394153194, -0.011448016765198308, 0.012054833840435602, 0.004585417817663092, -0.0022380374278979814, -0.003928887276288052, -0.002166012073528468, 0.007417755938652046, 0.000277695046766599, -0.007033118251825706, 0.02208315077470212, -0.013987473482563207, 4.026088393174447, -0.00573098534913285], [-0.019817767471509436, -0.011152463091913057, -0.0009479985784445055, -0.0020980101995637475, -0.0015116878080640164, -0.012676200463793823, -0.001405108734328335, -0.008493021648391375, 0.008128699157361436, -0.0036185836833031483, 0.0008939189131642125, -0.012146587713531389, -0.00573098534913285, 4.039744515075419]]",
    "monomial_list": "[1, x9, x8, x7, x6, x5, x4, x3, x2, x13, x12, x11, x10, x1]"
}