{
    "name": "Multiplier-8",
    "rational_expression": "4059*x1**2/1000 + 1957*x1*x10/50000 + 851*x1*x11/20000 + 643*x1*x12/20000 + 5419*x1*x13/100000 + 1763*x1*x2/25000 + 61*x1*x3/2000 + 373*x1*x4/6250 + 479*x1*x5/12500 + 827*x1*x6/20000 + 1477*x1*x7/100000 + 2979*x1*x8/100000 + 3607*x1*x9/50000 - 633*x1/2500 + 2027*x10**2/500 + 2533*x10*x11/50000 + 457*x10*x12/5000 + 5683*x10*x13/100000 + 669*x10*x2/12500 + 1441*x10*x3/20000 + 5517*x10*x4/100000 + 8811*x10*x5/100000 + 109*x10*x6/5000 + 973*x10*x7/50000 + 51*x10*x8/1000 + 1723*x10*x9/20000 - 1397*x10/10000 + 504*x11**2/125 + 2587*x11*x12/50000 + 1351*x11*x13/25000 + 9721*x11*x2/100000 - 6041*x11*x3/1000000 + 4873*x11*x4/50000 + 1117*x11*x5/1000000 + 2301*x11*x6/25000 - 197*x11*x7/6250 - 2357*x11*x8/1000000 + 172*x11*x9/3125 - 5853*x11/10000 + 4079*x12**2/1000 - 1053*x12*x13/100000 + 1327*x12*x2/50000 + 1879*x12*x3/25000 + 63*x12*x4/1000 + 212*x12*x5/3125 - 837*x12*x6/12500 + 2683*x12*x7/50000 + 6193*x12*x8/100000 + 6641*x12*x9/100000 + 7037*x12/100000 + 4049*x13**2/1000 + 4837*x13*x2/50000 + 637*x13*x3/20000 + 749*x13*x4/10000 + 3197*x13*x5/50000 + 557*x13*x6/5000 - 529*x13*x7/25000 + 8689*x13*x8/1000000 + 4347*x13*x9/50000 - 821*x13/2000 + 507*x2**2/125 + 3541*x2*x3/50000 + 2403*x2*x4/25000 + 3941*x2*x5/50000 + 4609*x2*x6/100000 + 327*x2*x7/12500 + 2049*x2*x8/50000 + 1319*x2*x9/10000 - 227*x2/2000 + 4021*x3**2/1000 + 6037*x3*x4/100000 - 38*x3*x5/3125 + 3609*x3*x6/50000 - 1309*x3*x7/50000 - 487*x3*x8/250000 + 109*x3*x9/5000 - 2447*x3/5000 + 1021*x4**2/250 - 2101*x4*x5/100000 + 1101*x4*x6/10000 + 1663*x4*x7/100000 + 8897*x4*x8/1000000 + 1533*x4*x9/10000 - 1703*x4/5000 + 2019*x5**2/500 + 7201*x5*x6/100000 - 653*x5*x7/25000 + 471*x5*x8/25000 + 1341*x5*x9/100000 - 2447*x5/5000 + 4069*x6**2/1000 - 461*x6*x7/6250 - 1131*x6*x8/100000 + 171*x6*x9/1000 - 677*x6/2500 + 4009*x7**2/1000 - 1841*x7*x8/2000000 - 2107*x7*x9/50000 - 2447*x7/10000 + 5159*x8**2/1000 - 229*x8*x9/20000 + 1759*x8/50000 + 4081*x9**2/1000 - 8209*x9/10000 + 4367/1000",
    "Q": "[[4.367241493793645, -0.40858670451914925, 0.019351311307239345, -0.12063622386023118, -0.13372007304693465, -0.2465954642866155, -0.17238493538484573, -0.24663002186722324, -0.05469918043018139, -0.2040562839798363, 0.03461612998629561, -0.29296803307987673, -0.07200157317816282, -0.1264745724394539], [-0.40858670451914925, 4.080534513734877, -0.007082937048037339, -0.02083152465399547, 0.08545711137748865, 0.007406207336961725, 0.07711457165820945, 0.011890397089808769, 0.0638902685455581, 0.04418972376330662, 0.03424502176868847, 0.028400229036892106, 0.04131399192033808, 0.03467760468890817], [0.019351311307239345, -0.007082937048037339, 5.159119221733759, -0.0023417388017409114, -0.005514465699910653, 0.009405243012712677, 0.002573510433270254, -0.0009537548418513341, 0.018736753611633933, 0.003388837366567173, 0.032097627038728926, -0.0036204395317703895, 0.024826956309754542, 0.016651285193565037], [-0.12063622386023118, -0.02083152465399547, -0.0023417388017409114, 4.008887025887172, -0.03681901825703175, -0.012715430873394407, 0.007543008325463206, -0.01448720494304213, 0.01307685268809027, -0.008971257531731417, 0.026315799168502626, -0.015026360258837744, 0.010739929276586433, 0.0073573852350515435], [-0.13372007304693465, 0.08545711137748865, -0.005514465699910653, -0.03681901825703175, 4.0684437070651835, 0.036796150359190545, 0.0544388659485802, 0.037746147442285556, 0.02404678852450398, 0.0558596224673083, -0.0322245964535426, 0.047268319065291414, 0.008957474783105261, 0.021438043025932392], [-0.2465954642866155, 0.007406207336961725, 0.009405243012712677, -0.012715430873394407, 0.036796150359190545, 4.037821114783777, -0.011614593143506274, -0.0049242507540103965, 0.04106989007520688, 0.03070797258724902, 0.034002242034811454, 0.00036358321323450563, 0.045015106053566005, 0.02071464959567818], [-0.17238493538484573, 0.07711457165820945, 0.002573510433270254, 0.007543008325463206, 0.0544388659485802, -0.011614593143506274, 4.083942525639815, 0.0303328172584949, 0.046259736532036695, 0.03806829659037363, 0.030885407293038847, 0.047861422516403906, 0.027961019718625444, 0.030113891899000038], [-0.24663002186722324, 0.011890397089808769, -0.0009537548418513341, -0.01448720494304213, 0.037746147442285556, -0.0049242507540103965, 0.0303328172584949, 4.021536351550053, 0.033721410437315476, 0.014610397234968386, 0.03768404292980263, -0.0032247725561428365, 0.03603056255963599, 0.017173380507119022], [-0.05469918043018139, 0.0638902685455581, 0.018736753611633933, 0.01307685268809027, 0.02404678852450398, 0.04106989007520688, 0.046259736532036695, 0.033721410437315476, 4.055660320813213, 0.04827472595121883, 0.01504807562787366, 0.049039267162093086, 0.02602152113687109, 0.03468911712418578], [-0.2040562839798363, 0.04418972376330662, 0.003388837366567173, -0.008971257531731417, 0.0558596224673083, 0.03070797258724902, 0.03806829659037363, 0.014610397234968386, 0.04827472595121883, 4.049383867437173, -0.0035546417206853117, 0.02612063022837912, 0.02893992075109203, 0.02611301167523479], [0.03461612998629561, 0.03424502176868847, 0.032097627038728926, 0.026315799168502626, -0.0322245964535426, 0.034002242034811454, 0.030885407293038847, 0.03768404292980263, 0.01504807562787366, -0.0035546417206853117, 4.079179119651926, 0.02404152641868305, 0.04593430966370639, 0.01593894624558885], [-0.29296803307987673, 0.028400229036892106, -0.0036204395317703895, -0.015026360258837744, 0.047268319065291414, 0.00036358321323450563, 0.047861422516403906, -0.0032247725561428365, 0.049039267162093086, 0.02612063022837912, 0.02404152641868305, 4.032804742046784, 0.02667292323971676, 0.02255810749147322], [-0.07200157317816282, 0.04131399192033808, 0.024826956309754542, 0.010739929276586433, 0.008957474783105261, 0.045015106053566005, 0.027961019718625444, 0.03603056255963599, 0.02602152113687109, 0.02893992075109203, 0.04593430966370639, 0.02667292323971676, 4.054357568335031, 0.02016876850743119], [-0.1264745724394539, 0.03467760468890817, 0.016651285193565037, 0.0073573852350515435, 0.021438043025932392, 0.02071464959567818, 0.030113891899000038, 0.017173380507119022, 0.03468911712418578, 0.02611301167523479, 0.01593894624558885, 0.02255810749147322, 0.02016876850743119, 4.058220796799712]]",
    "monomial_list": "[1, x9, x8, x7, x6, x5, x4, x3, x2, x13, x12, x11, x10, x1]"
}