{
    "name": "Multiplier-11",
    "rational_expression": "4031*x1**2/1000 - 401*x1*x10/12500 - 6581*x1*x11/1000000 - 78*x1*x12/3125 - 1003*x1*x13/25000 - 333*x1*x2/20000 - 3043*x1*x3/100000 - 1661*x1*x4/50000 - 4361*x1*x5/100000 - 3381*x1*x6/100000 - 2179*x1*x7/100000 - 1347*x1*x8/50000 - 553*x1*x9/12500 + 8681*x1/100000 + 1003*x10**2/250 - 7041*x10*x11/1000000 - 733*x10*x12/25000 - 7657*x10*x13/100000 - 164*x10*x2/3125 - 579*x10*x3/200000 - 1259*x10*x4/20000 - 1567*x10*x5/50000 - 1339*x10*x6/25000 - 293*x10*x7/12500 - 33*x10*x8/1000 - 3169*x10*x9/50000 + 811*x10/2000 + 1287*x11**2/250 - 281*x11*x12/25000 - 47*x11*x13/2500 - 1867*x11*x2/100000 - 2973*x11*x3/100000 - 173*x11*x4/6250 - 2417*x11*x5/100000 - 2881*x11*x6/1000000 - 1961*x11*x7/100000 - 1243*x11*x8/100000 - 597*x11*x9/25000 + 507*x11/2500 + 503*x12**2/125 - 511*x12*x13/5000 - 1357*x12*x2/25000 + 2229*x12*x3/500000 - 4071*x12*x4/100000 - 4069*x12*x5/100000 - 7123*x12*x6/100000 + 231*x12*x7/500000 - 227*x12*x8/12500 - 2823*x12*x9/50000 + 767*x12/2000 + 801*x13**2/200 - 3813*x13*x2/50000 - 433*x13*x3/12500 - 4333*x13*x4/50000 - 349*x13*x5/6250 - 4593*x13*x6/100000 - 4757*x13*x7/100000 - 1633*x13*x8/20000 - 1797*x13*x9/25000 + 391*x13/1000 + 1003*x2**2/250 - 1867*x2*x3/100000 - 267*x2*x4/5000 - 1177*x2*x5/25000 - 4419*x2*x6/100000 - 3081*x2*x7/100000 - 959*x2*x8/20000 - 6247*x2*x9/100000 + 267*x2/625 + 3997*x3**2/1000 - 3499*x3*x4/100000 - 663*x3*x5/12500 - 663*x3*x6/200000 - 579*x3*x7/12500 - 1237*x3*x8/100000 - 4541*x3*x9/100000 + 5831*x3/100000 + 4011*x4**2/1000 - 559*x4*x5/5000 - 4619*x4*x6/100000 - 197*x4*x7/6250 - 7367*x4*x8/100000 - 6383*x4*x9/100000 + 391*x4/1000 + 4007*x5**2/1000 - 1119*x5*x6/50000 - 209*x5*x7/5000 - 1227*x5*x8/50000 - 9321*x5*x9/100000 + 1303*x5/5000 + 502*x6**2/125 - 11*x6*x7/200 - 1369*x6*x8/25000 - 471*x6*x9/12500 + 561*x6/1250 + 801*x7**2/200 + 2241*x7*x8/2500000 - 1169*x7*x9/20000 + 1447*x7/10000 + 4019*x8**2/1000 - 7953*x8*x9/100000 + 199*x8/500 + 2001*x9**2/500 + 2969*x9/10000 + 3619/1000",
    "Q": "[[3.6193979576863944, 0.14958933363723897, 0.1984070272558544, 0.07295155080575917, 0.22444454152751417, 0.1299603543931451, 0.1945144902075113, 0.028495411615888318, 0.21397265137212682, 0.19592544937971212, 0.19327746685521932, 0.10143349314968454, 0.20338648603707388, 0.04185347531116976], [0.14958933363723897, 4.001758393205561, -0.04129311197572465, -0.0298822951424051, -0.017867624459960603, -0.044980006576711085, -0.032003281349229404, -0.02320412297674362, -0.030901621495337716, -0.03420611644792741, -0.026077387616120024, -0.012414438360107399, -0.029735449619864296, -0.022913580345544436], [0.1984070272558544, -0.04129311197572465, 4.019797803982274, 0.0010188364053523656, -0.028157644165634457, -0.012951496516906942, -0.036951617527977876, -0.005507666710873499, -0.022022744097378942, -0.03922909738739867, -0.009030115777275406, -0.007271999206243362, -0.015828996267578496, -0.012840151856529342], [0.07295155080575917, -0.0298822951424051, 0.0010188364053523656, 4.00448618142281, -0.02677514940634441, -0.022160265988470724, -0.017189828356540638, -0.022896171115295703, -0.014623309355998721, -0.025619437503559436, 0.001433494914975229, -0.009051458229278128, -0.009817975280554178, -0.011580545611581549], [0.22444454152751417, -0.017867624459960603, -0.028157644165634457, -0.02677514940634441, 4.016121523051588, -0.011894933668887634, -0.0232471308944602, -0.0017406834350908412, -0.02116865009322452, -0.023741490544111104, -0.036550333151504494, -0.0023077678672188207, -0.0260859557110521, -0.016697445230877055], [0.1299603543931451, -0.044980006576711085, -0.012951496516906942, -0.022160265988470724, -0.011894933668887634, 4.00663573833539, -0.05447644320663233, -0.028262179463900593, -0.025331478119139408, -0.029479600996794034, -0.021571971515211306, -0.011989096858069878, -0.014983571294736533, -0.0207618780707016], [0.1945144902075113, -0.032003281349229404, -0.036951617527977876, -0.017189828356540638, -0.0232471308944602, -0.05447644320663233, 4.0106851840844975, -0.016260587917360007, -0.025069127717050055, -0.0430805534537526, -0.021282018285132355, -0.0142320466177935, -0.0321221346393487, -0.016142011164782578], [0.028495411615888318, -0.02320412297674362, -0.005507666710873499, -0.022896171115295703, -0.0017406834350908412, -0.028262179463900593, -0.016260587917360007, 3.9970172268144895, -0.011096739358175818, -0.018098154678347626, 0.003827732760205521, -0.013916201629511666, 0.000378233801221082, -0.014867688139626967], [0.21397265137212682, -0.030901621495337716, -0.022022744097378942, -0.014623309355998721, -0.02116865009322452, -0.025331478119139408, -0.025069127717050055, -0.011096739358175818, 4.011013491220393, -0.036213294302993713, -0.025423067478030005, -0.008567687763983567, -0.027152699474690276, -0.010170978771761638], [0.19592544937971212, -0.03420611644792741, -0.03922909738739867, -0.025619437503559436, -0.023741490544111104, -0.029479600996794034, -0.0430805534537526, -0.018098154678347626, -0.036213294302993713, 4.004716920815871, -0.051406403654278385, -0.009092266516488876, -0.037980561913219524, -0.021266345725919875], [0.19327746685521932, -0.026077387616120024, -0.009030115777275406, 0.001433494914975229, -0.036550333151504494, -0.021571971515211306, -0.021282018285132355, 0.003827732760205521, -0.025423067478030005, -0.051406403654278385, 4.024511153015798, -0.006389686129872349, -0.0164416867748382, -0.012623025453346608], [0.10143349314968454, -0.012414438360107399, -0.007271999206243362, -0.009051458229278128, -0.0023077678672188207, -0.011989096858069878, -0.0142320466177935, -0.013916201629511666, -0.008567687763983567, -0.009092266516488876, -0.006389686129872349, 5.148324948115008, -0.004438039643037536, -0.005547897141769225], [0.20338648603707388, -0.029735449619864296, -0.015828996267578496, -0.009817975280554178, -0.0260859557110521, -0.014983571294736533, -0.0321221346393487, 0.000378233801221082, -0.027152699474690276, -0.037980561913219524, -0.0164416867748382, -0.004438039643037536, 4.0126803233123685, -0.01605565857404013], [0.04185347531116976, -0.022913580345544436, -0.012840151856529342, -0.011580545611581549, -0.016697445230877055, -0.0207618780707016, -0.016142011164782578, -0.014867688139626967, -0.010170978771761638, -0.021266345725919875, -0.012623025453346608, -0.005547897141769225, -0.01605565857404013, 4.030991303214416]]",
    "monomial_list": "[1, x9, x8, x7, x6, x5, x4, x3, x2, x13, x12, x11, x10, x1]"
}