{
    "name": "Multiplier-4",
    "rational_expression": "813*x1**2/200 + 6609*x1*x10/100000 + 4521*x1*x11/100000 + 5673*x1*x12/100000 + 3087*x1*x13/50000 + 1157*x1*x2/12500 + 1149*x1*x3/25000 + 4653*x1*x4/100000 + 1031*x1*x5/10000 + 4909*x1*x6/100000 + 3937*x1*x7/100000 + 407*x1*x8/5000 + 5373*x1*x9/100000 - 3269*x1/10000 + 407*x10**2/100 + 6379*x10*x11/100000 + 273*x10*x12/2500 + 4087*x10*x13/50000 + 483*x10*x2/5000 + 9697*x10*x3/100000 + 2877*x10*x4/50000 + 73*x10*x5/400 + 6699*x10*x6/100000 + 4969*x10*x7/100000 + 1401*x10*x8/10000 + 8871*x10*x9/100000 - 1823*x10/5000 + 2017*x11**2/500 + 3659*x11*x12/50000 + 2493*x11*x13/50000 + 513*x11*x2/5000 - 1611*x11*x3/1000000 + 2877*x11*x4/100000 + 2957*x11*x5/100000 + 4351*x11*x6/50000 - 351*x11*x7/25000 + 6733*x11*x8/100000 + 3641*x11*x9/100000 - 5609*x11/10000 + 4089*x12**2/1000 + 2651*x12*x13/100000 + 7501*x12*x2/100000 + 12*x12*x3/125 + 343*x12*x4/4000 + 1239*x12*x5/10000 + 2259*x12*x6/500000 + 7847*x12*x7/100000 + 603*x12*x8/5000 + 1047*x12*x9/10000 - 243*x12/2000 + 2031*x13**2/500 + 61*x13*x2/500 + 1299*x13*x3/25000 + 1939*x13*x4/50000 + 369*x13*x5/2500 + 127*x13*x6/1000 + 4141*x13*x7/500000 + 1133*x13*x8/12500 + 3327*x13*x9/50000 - 2619*x13/5000 + 1019*x2**2/250 + 951*x2*x3/10000 + 3831*x2*x4/50000 + 112*x2*x5/625 + 6401*x2*x6/100000 + 669*x2*x7/10000 + 109*x2*x8/1000 + 239*x2*x9/2000 - 1121*x2/5000 + 4033*x3**2/1000 + 239*x3*x4/12500 + 151*x3*x5/4000 + 4801*x3*x6/50000 - 563*x3*x7/50000 + 8647*x3*x8/100000 + 1191*x3*x9/50000 - 6173*x3/10000 + 1293*x4**2/250 + 9949*x4*x5/1000000 + 2607*x4*x6/50000 + 2829*x4*x7/500000 + 1939*x4*x8/50000 + 4829*x4*x9/100000 - 243*x4/2000 + 4153*x5**2/1000 + 1769*x5*x6/10000 + 573*x5*x7/50000 + 1197*x5*x8/5000 + 2891*x5*x9/50000 - 631*x5/500 + 203*x6**2/50 - 1389*x6*x7/100000 + 7*x6*x8/160 + 319*x6*x9/2500 - 1121*x6/5000 + 4021*x7**2/1000 + 7763*x7*x8/100000 - 919*x7*x9/200000 - 2151*x7/5000 + 513*x8**2/125 + 4479*x8*x9/100000 - 4393*x8/10000 + 507*x9**2/125 - 6071*x9/10000 + 2337/500",
    "Q": "[[4.673651940678365, -0.30269772851366, -0.21918601876797106, -0.21681298344823338, -0.11228169469304229, -0.6326270685957601, -0.06136516771201243, -0.3105978173041738, -0.11021598580985027, -0.26337620578539545, -0.05972873576038776, -0.2792025363800679, -0.18103722214699983, -0.1641709192210121], [-0.30269772851366, 4.055785365518283, 0.023658474515795714, -0.003198386090368178, 0.06329545772894984, 0.027612392107594797, 0.02373054104459538, 0.012656566734563267, 0.05909524204618499, 0.035198929611879835, 0.05132920032292775, 0.016272217833671818, 0.04304314469736481, 0.028651677607713474], [-0.21918601876797106, 0.023658474515795714, 4.104105790609376, 0.03747312331212863, 0.022943196405842404, 0.11867874908874709, 0.019546281963447557, 0.045021756944696366, 0.0552595586078574, 0.04703258462240458, 0.06163724777847204, 0.03165000388068426, 0.06945697868183115, 0.039464385137257536], [-0.21681298344823338, -0.003198386090368178, 0.03747312331212863, 4.021138408370775, -0.007263011600913052, 0.004345078775748416, 0.0015474903681201584, -0.006127156091459894, 0.03291997466621094, 0.003988261284275976, 0.037205864364569206, -0.006507075722932176, 0.023154250120219558, 0.017828064484881043], [-0.11228169469304229, 0.06329545772894984, 0.022943196405842404, -0.007263011600913052, 4.059516588071058, 0.09004528126043872, 0.026021097781866162, 0.049650117091765915, 0.033002363348009794, 0.06267834501896677, 0.0016422271448501041, 0.044575638757728714, 0.035050737056142325, 0.026396951901341975], [-0.6326270685957601, 0.027612392107594797, 0.11867874908874709, 0.004345078775748416, 0.09004528126043872, 4.153200541135926, 0.006891387398237047, 0.0198192052949048, 0.09054247849456928, 0.07276128372522113, 0.06059453339977079, 0.015453696547420652, 0.09166341934536837, 0.05209552319190286], [-0.06136516771201243, 0.02373054104459538, 0.019546281963447557, 0.0015474903681201584, 0.026021097781866162, 0.006891387398237047, 5.17207030117439, 0.008386186696877497, 0.03664254281112516, 0.0191609917955302, 0.04018615108758766, 0.013028619627086417, 0.027447020672335717, 0.02451270865347325], [-0.3105978173041738, 0.012656566734563267, 0.045021756944696366, -0.006127156091459894, 0.049650117091765915, 0.0198192052949048, 0.008386186696877497, 4.033804868450664, 0.04744056312751082, 0.024322304523215488, 0.04986628391644595, -0.00033221038666159775, 0.047487611078856844, 0.023775436070602007], [-0.11021598580985027, 0.05909524204618499, 0.0552595586078574, 0.03291997466621094, 0.033002363348009794, 0.09054247849456928, 0.03664254281112516, 0.04744056312751082, 4.075855501951044, 0.05968304147634953, 0.03908475291659234, 0.05195556320753497, 0.04686640357084825, 0.04457148561691025], [-0.26337620578539545, 0.035198929611879835, 0.04703258462240458, 0.003988261284275976, 0.06267834501896677, 0.07276128372522113, 0.0191609917955302, 0.024322304523215488, 0.05968304147634953, 4.061526967016137, 0.011476184945475426, 0.026662673968316817, 0.040967708512327304, 0.03141934945438954], [-0.05972873576038776, 0.05132920032292775, 0.06163724777847204, 0.037205864364569206, 0.0016422271448501041, 0.06059453339977079, 0.04018615108758766, 0.04986628391644595, 0.03908475291659234, 0.011476184945475426, 4.0889830528688895, 0.03462353430945344, 0.05646682634482704, 0.029563337634701984], [-0.2792025363800679, 0.016272217833671818, 0.03165000388068426, -0.006507075722932176, 0.044575638757728714, 0.015453696547420652, 0.013028619627086417, -0.00033221038666159775, 0.05195556320753497, 0.026662673968316817, 0.03462353430945344, 4.034728936214871, 0.03055134826296047, 0.02202357269028888], [-0.18103722214699983, 0.04304314469736481, 0.06945697868183115, 0.023154250120219558, 0.035050737056142325, 0.09166341934536837, 0.027447020672335717, 0.047487611078856844, 0.04686640357084825, 0.040967708512327304, 0.05646682634482704, 0.03055134826296047, 4.070717374396999, 0.031492818024650766], [-0.1641709192210121, 0.028651677607713474, 0.039464385137257536, 0.017828064484881043, 0.026396951901341975, 0.05209552319190286, 0.02451270865347325, 0.023775436070602007, 0.04457148561691025, 0.03141934945438954, 0.029563337634701984, 0.02202357269028888, 0.031492818024650766, 4.065488289469683]]",
    "monomial_list": "[1, x9, x8, x7, x6, x5, x4, x3, x2, x13, x12, x11, x10, x1]"
}