{
    "name": "Multiplier-1",
    "rational_expression": "638*x1**2/125 - 204*x1*x10/3125 - 2557*x1*x11/50000 - 5931*x1*x12/100000 - 1357*x1*x13/20000 - 341*x1*x2/5000 - 957*x1*x3/25000 - 1393*x1*x4/20000 - 6329*x1*x5/100000 - 7963*x1*x6/100000 - 3233*x1*x7/100000 - 6489*x1*x8/100000 - 6613*x1*x9/100000 - 2817*x1/100000 + 4007*x10**2/1000 - 6553*x10*x11/100000 - 189*x10*x12/2500 - 7139*x10*x13/100000 - 7923*x10*x2/100000 - 4463*x10*x3/100000 - 383*x10*x4/5000 - 7451*x10*x5/100000 - 7801*x10*x6/100000 - 4871*x10*x7/100000 - 1643*x10*x8/20000 - 1449*x10*x9/20000 + 1993*x10/5000 + 2009*x11**2/500 - 1257*x11*x12/20000 - 5081*x11*x13/100000 - 2261*x11*x2/25000 - 301*x11*x3/10000 - 1793*x11*x4/25000 - 1143*x11*x5/25000 - 909*x11*x6/12500 - 2579*x11*x7/100000 - 763*x11*x8/10000 - 43*x11*x9/1000 + 909*x11/2500 + 4001*x12**2/1000 - 1911*x12*x13/25000 - 367*x12*x2/6250 - 2387*x12*x3/50000 - 291*x12*x4/4000 - 3969*x12*x5/50000 - 7433*x12*x6/100000 - 431*x12*x7/10000 - 6987*x12*x8/100000 - 429*x12*x9/6250 + 1643*x12/5000 + 4009*x13**2/1000 - 4347*x13*x2/50000 - 179*x13*x3/5000 - 7597*x13*x4/100000 - 6553*x13*x5/100000 - 1707*x13*x6/20000 - 2413*x13*x7/50000 - 1631*x13*x8/20000 - 199*x13*x9/3125 + 4127*x13/10000 + 4009*x2**2/1000 - 7229*x2*x3/100000 - 59*x2*x4/800 - 1051*x2*x5/10000 - 947*x2*x6/12500 - 1363*x2*x7/20000 - 1427*x2*x8/20000 - 379*x2*x9/4000 + 367*x2/1250 + 4017*x3**2/1000 - 5397*x3*x4/100000 - 1809*x3*x5/50000 - 2737*x3*x6/50000 - 1469*x3*x7/50000 - 2877*x3*x8/50000 - 1589*x3*x9/50000 + 2727*x3/10000 + 3999*x4**2/1000 - 2307*x4*x5/25000 - 3573*x4*x6/50000 - 2483*x4*x7/50000 - 2087*x4*x8/25000 - 1027*x4*x9/12500 + 463*x4/1250 + 4013*x5**2/1000 - 4193*x5*x6/50000 - 3893*x5*x7/100000 - 8011*x5*x8/100000 - 6203*x5*x9/100000 + 1101*x5/2500 + 1001*x6**2/250 - 6443*x6*x7/100000 - 6609*x6*x8/100000 - 161*x6*x9/2000 + 1993*x6/5000 + 1003*x7**2/250 - 317*x7*x8/6250 - 4131*x7*x9/100000 + 1259*x7/5000 + 4*x8**2 - 4149*x8*x9/50000 + 223*x8/625 + 4013*x9**2/1000 + 4127*x9/10000 + 437/125",
    "Q": "[[3.496058377952148, 0.20604466063167542, 0.17902798768370307, 0.127523120906985, 0.20027917787071217, 0.2193062857851454, 0.1846711207468117, 0.13629988514777103, 0.14677466458239216, 0.20568283577296728, 0.162795330730628, 0.1818942088816963, 0.19954058932852858, -0.014224377962223906], [0.20604466063167542, 4.0135611704322685, -0.042349601193869504, -0.020853364976068135, -0.040207154062839805, -0.030356236679669163, -0.03973234912044426, -0.01545941904974743, -0.047886844732323824, -0.03016560113222163, -0.035789600377874174, -0.020289669285755534, -0.03563319652484239, -0.031211082917421466], [0.17902798768370307, -0.042349601193869504, 3.9995286925415994, -0.0242108565002071, -0.03399849315644759, -0.041240362453062236, -0.040218330195169086, -0.027489788911066723, -0.03545203521836493, -0.03956612365847042, -0.03317994833169717, -0.036160186300093905, -0.03947752731901976, -0.031831954963914916], [0.127523120906985, -0.020853364976068135, -0.0242108565002071, 4.012147585037522, -0.030391243308010886, -0.020446770956223173, -0.02571146926321838, -0.01342788769123035, -0.03298248021738411, -0.02346490579872789, -0.022736058646249013, -0.01399782332320258, -0.02483848169565968, -0.015949605402725078], [0.20027917787071217, -0.040207154062839805, -0.03399849315644759, -0.030391243308010886, 4.003862786360587, -0.04142493042078348, -0.0377064226967253, -0.02567256010944873, -0.03751547314357676, -0.04154717439425353, -0.03548611198213348, -0.03448383656152849, -0.03935706765319758, -0.039216453138829266], [0.2193062857851454, -0.030356236679669163, -0.041240362453062236, -0.020446770956223173, -0.04142493042078348, 4.013036298336128, -0.04448336472101784, -0.019063379142928463, -0.05150657857145301, -0.031310658175037025, -0.03899700709408158, -0.024260389929420652, -0.03640312058050844, -0.03198503159797087], [0.1846711207468117, -0.03973234912044426, -0.040218330195169086, -0.02571146926321838, -0.0377064226967253, -0.04448336472101784, 3.9991973238925156, -0.02756966988107236, -0.037976120405326344, -0.039672988449950305, -0.035090818137510305, -0.03447470267412219, -0.04013601730182251, -0.03510960021672687], [0.13629988514777103, -0.01545941904974743, -0.027489788911066723, -0.01342788769123035, -0.02567256010944873, -0.019063379142928463, -0.02756966988107236, 4.016917054326403, -0.036233443203043586, -0.019310020271578094, -0.02194283298338934, -0.013554435466394323, -0.021151970801886022, -0.018306332270009693], [0.14677466458239216, -0.047886844732323824, -0.03545203521836493, -0.03298248021738411, -0.03751547314357676, -0.05150657857145301, -0.037976120405326344, -0.036233443203043586, 4.009252781993378, -0.04507643610678341, -0.03140368861621975, -0.0437508003049595, -0.039702254850400874, -0.03365568853849293], [0.20568283577296728, -0.03016560113222163, -0.03956612365847042, -0.02346490579872789, -0.04154717439425353, -0.031310658175037025, -0.039672988449950305, -0.019310020271578094, -0.04507643610678341, 4.008510097525115, -0.038828803759622735, -0.024519442080385898, -0.03654702366969473, -0.03266212505413865], [0.162795330730628, -0.035789600377874174, -0.03317994833169717, -0.022736058646249013, -0.03548611198213348, -0.03899700709408158, -0.035090818137510305, -0.02194283298338934, -0.03140368861621975, -0.038828803759622735, 4.001264135068369, -0.03343426597302363, -0.03592941540792107, -0.027707608694656875], [0.1818942088816963, -0.020289669285755534, -0.036160186300093905, -0.01399782332320258, -0.03448383656152849, -0.024260389929420652, -0.03447470267412219, -0.013554435466394323, -0.0437508003049595, -0.024519442080385898, -0.03343426597302363, 4.017702301928458, -0.03125789593377664, -0.026158195393553404], [0.19954058932852858, -0.03563319652484239, -0.03947752731901976, -0.02483848169565968, -0.03935706765319758, -0.03640312058050844, -0.04013601730182251, -0.021151970801886022, -0.039702254850400874, -0.03654702366969473, -0.03592941540792107, -0.03125789593377664, 4.006980988996734, -0.03292693509113223], [-0.014224377962223906, -0.031211082917421466, -0.031831954963914916, -0.015949605402725078, -0.039216453138829266, -0.03198503159797087, -0.03510960021672687, -0.018306332270009693, -0.03365568853849293, -0.03266212505413865, -0.027707608694656875, -0.026158195393553404, -0.03292693509113223, 5.104260014551723]]",
    "monomial_list": "[1, x9, x8, x7, x6, x5, x4, x3, x2, x13, x12, x11, x10, x1]"
}