{
    "name": "Total Decomposition",
    "rational_expression": "3511*x1**4/10000 + 2681*x1**3*x2/10000 - 2111*x1**3/2500 + 1029*x1**2*x2**2/1000 - 1763*x1**2*x2/2500 + 1131*x1**2/500 - 4381*x1*x2**3/100000 - 1821*x1*x2**2/2500 - 1077*x1*x2/5000 - 1119*x1/5000 + 1033*x2**4/1000 - 6397*x2**3/10000 + 3227*x2**2/1000 - 6289*x2/10000 + 533/200",
    "Q": "[[2.664741468826047, -0.31316408200447027, -0.1115003681518091, 0.691921379197503, -0.05656355520712557, 0.15784988329437424], [-0.31316408200447027, 1.8409480660645514, -0.05181064748197086, -0.3199529269703056, -0.21017482709131488, -0.059640102255889574], [-0.1115003681518091, -0.05181064748197086, 1.9474412184771843, -0.15458875337115435, -0.2934567265143628, -0.4232046880095601], [0.691921379197503, -0.3199529269703056, -0.15458875337115435, 1.0324823596048989, -0.02178217407316743, 0.04205746373593971], [-0.05656355520712557, -0.21017482709131488, -0.2934567265143628, -0.02178217407316743, 0.9458901574686178, 0.13453753514775169], [0.15784988329437424, -0.059640102255889574, -0.4232046880095601, 0.04205746373593971, 0.13453753514775169, 0.35168831979184384]]",
    "monomial_list": "[1, x2, x1, x2**2, x1*x2, x1**2]"
}