{
    "name": "Total Decomposition",
    "rational_expression": "2807*x1**4/10000 + 621*x1**3*x2/2500 - 2113*x1**3/2500 + 257*x1**2*x2**2/250 - 831*x1**2*x2/1250 + 2197*x1**2/1000 - 1139*x1*x2**3/25000 - 7549*x1*x2**2/10000 - 463*x1*x2/2500 - 87*x1/400 + 1039*x2**4/1000 - 16*x2**3/25 + 3233*x2**2/1000 - 6471*x2/10000 + 663/250",
    "Q": "[[2.6521110863785307, -0.3232912540222578, -0.10900444662311841, 0.7018758728988643, -0.044922328486370705, 0.09518038208283856], [-0.3232912540222578, 1.827655470166072, -0.04782061939642841, -0.319612447713101, -0.21277957364362524, -0.04295217878605615], [-0.10900444662311841, -0.04782061939642841, 2.005454795068076, -0.1653512160668749, -0.2883035265990964, -0.4222498203337983], [0.7018758728988643, -0.319612447713101, -0.1653512160668749, 1.0384760839765628, -0.022676653412060665, 0.033983906626169916], [-0.044922328486370705, -0.21277957364362524, -0.2883035265990964, -0.022676653412060665, 0.9607613361815277, 0.12448344890458139], [0.09518038208283856, -0.04295217878605615, -0.4222498203337983, 0.033983906626169916, 0.12448344890458139, 0.28085292171512255]]",
    "monomial_list": "[1, x2, x1, x2**2, x1*x2, x1**2]"
}