{
    "name": "Multiplier-13",
    "rational_expression": "10071*x1**2/1000 - 15879*x1*x10/1000000 - 7699*x1*x11/500000 - 8049*x1*x12/500000 - 13063*x1*x13/100000 + 4199*x1*x14/2000000 + 27327*x1*x15/10000000 + 21021*x1*x2/10000000 + 27327*x1*x3/10000000 + 21021*x1*x4/10000000 + 27327*x1*x5/10000000 + 4199*x1*x6/2000000 + 27327*x1*x7/10000000 + 21021*x1*x8/10000000 + 27327*x1*x9/10000000 - 5253*x1/25000 + 10079*x10**2/1000 - 14043*x10*x11/1000000 + 12717*x10*x12/2500000 - 25761*x10*x13/100000 + 21957*x10*x14/10000000 - 4219*x10*x15/250000 + 21789*x10*x2/10000000 - 3379*x10*x3/200000 + 21597*x10*x4/10000000 - 8457*x10*x5/500000 + 1069*x10*x6/500000 - 8467*x10*x7/500000 + 21213*x10*x8/10000000 - 16953*x10*x9/1000000 - 5253*x10/25000 + 10081*x11**2/1000 - 14307*x11*x12/1000000 - 11221*x11*x13/50000 - 843*x11*x14/50000 - 15983*x11*x15/1000000 - 2109*x11*x2/125000 - 8011*x11*x3/500000 - 16893*x11*x4/1000000 - 803*x11*x5/50000 - 16917*x11*x6/1000000 - 16099*x11*x7/1000000 - 1693*x11*x8/100000 - 16137*x11*x9/1000000 - 27291*x11/100000 + 5039*x12**2/500 - 3247*x12*x13/12500 + 3981*x12*x14/2000000 - 2143*x12*x15/125000 + 4947*x12*x2/2500000 - 17163*x12*x3/1000000 + 3919*x12*x4/2000000 - 8591*x12*x5/500000 + 151*x12*x6/78125 - 17201*x12*x7/1000000 + 19211*x12*x8/10000000 - 17221*x12*x9/1000000 - 18963*x12/100000 + 2579*x13**2/200 - 23883*x13*x14/100000 - 10557*x13*x15/50000 - 23901*x13*x2/100000 - 21163*x13*x3/100000 - 23927*x13*x4/100000 - 21213*x13*x5/100000 - 11977*x13*x6/50000 - 10631*x13*x7/50000 - 23971*x13*x8/100000 - 21311*x13*x9/100000 - 22041*x13/10000 + 10079*x14**2/1000 - 16881*x14*x15/1000000 + 5441*x14*x2/2500000 - 169*x14*x3/10000 + 5393*x14*x4/2500000 - 16919*x14*x5/1000000 + 4271*x14*x6/2000000 - 16939*x14*x7/1000000 + 5297*x14*x8/2500000 - 8479*x14*x9/500000 - 1049*x14/5000 + 10081*x15**2/1000 - 2109*x15*x2/125000 - 8011*x15*x3/500000 - 16893*x15*x4/1000000 - 803*x15*x5/50000 - 16917*x15*x6/1000000 - 16099*x15*x7/1000000 - 1693*x15*x8/100000 - 16137*x15*x9/1000000 - 27291*x15/100000 + 5039*x2**2/500 - 3379*x2*x3/200000 + 21597*x2*x4/10000000 - 8457*x2*x5/500000 + 1069*x2*x6/500000 - 8467*x2*x7/500000 + 21213*x2*x8/10000000 - 16953*x2*x9/1000000 - 5253*x2/25000 + 10081*x3**2/1000 - 16893*x3*x4/1000000 - 803*x3*x5/50000 - 16917*x3*x6/1000000 - 16099*x3*x7/1000000 - 1693*x3*x8/100000 - 16137*x3*x9/1000000 - 27291*x3/100000 + 10079*x4**2/1000 - 8457*x4*x5/500000 + 1069*x4*x6/500000 - 8467*x4*x7/500000 + 21213*x4*x8/10000000 - 16953*x4*x9/1000000 - 5253*x4/25000 + 10081*x5**2/1000 - 16917*x5*x6/1000000 - 16099*x5*x7/1000000 - 1693*x5*x8/100000 - 16137*x5*x9/1000000 - 27291*x5/100000 + 10079*x6**2/1000 - 16939*x6*x7/1000000 + 5297*x6*x8/2500000 - 8479*x6*x9/500000 - 1049*x6/5000 + 10081*x7**2/1000 - 1693*x7*x8/100000 - 16137*x7*x9/1000000 - 27291*x7/100000 + 5039*x8**2/500 - 16953*x8*x9/1000000 - 5253*x8/25000 + 10081*x9**2/1000 - 27291*x9/100000 + 1312/125",
    "Q": "[[10.495618629623085, -0.13305174302426134, -0.10215324259198304, -0.13545784453107687, -0.10644324422893152, -0.13373877936813322, -0.10363694176434729, -0.14001810016136632, -0.10206723322544262, -0.13464260252726482, -0.1076753067731089, -1.0997038903948315, -0.09904163590941596, -0.13307844829773735, -0.09990900840198866, -0.10122525573374022], [-0.13305174302426134, 10.08065554044323, -0.004015614991967259, -0.004534859525545599, -0.004094429559482841, -0.004532770042740207, -0.0040430425704123555, -0.004582663730182952, -0.00401402195885964, -0.004532310715033806, -0.004116812608306285, -0.11016148396984331, -0.0039575761681656645, -0.0045351868047200485, -0.003973851974522859, -0.003268367916675689], [-0.10215324259198304, -0.004015614991967259, 10.078485061471211, -0.004147760042711899, -0.0024394459161948385, -0.004052214493908209, -0.002268169297054006, -0.004436297377994116, -0.0021724567477843385, -0.004101677675110696, -0.0025147682674605872, -0.12221898258327536, -0.001987145229495549, -0.004017028961148416, -0.002040280932225923, -0.0034919341315623386], [-0.13545784453107687, -0.004534859525545599, -0.004147760042711899, 10.080824863428354, -0.004210884225995513, -0.004527742651660108, -0.004169836403334995, -0.00454322244126649, -0.00414647508535713, -0.004521653532491415, -0.004228634278203577, -0.10924015944557645, -0.004100676178636236, -0.004534556686833378, -0.00411393595215123, -0.0032135842182779628], [-0.10644324422893152, -0.004094429559482841, -0.0024394459161948385, -0.004210884225995513, 10.078654873340836, -0.004126327179810699, -0.002520540545845206, -0.004469695054978311, -0.002434749527261095, -0.004169903314367984, -0.0027416700466200814, -0.1205097923923004, -0.0022693216183795983, -0.004095656608017279, -0.0023167949600213325, -0.003471785229185524], [-0.13373877936813322, -0.004532770042740207, -0.004052214493908209, -0.004527742651660108, -0.004126327179810699, 10.080709138524071, -0.004078038190091678, -0.004568480598866006, -0.0040507137948792744, -0.004526640346544218, -0.004147323108113027, -0.10990597901866851, -0.0039974556324760165, -0.004532591135066124, -0.00401282938608471, -0.0032499820728947412], [-0.10363694176434729, -0.0040430425704123555, -0.002268169297054006, -0.004169836403334995, -0.002520540545845206, -0.004078038190091678, 10.078537943231558, -0.004448178223925364, -0.002263117090970179, -0.0041254940351930685, -0.0025931701065126317, -0.1216271438028282, -0.0020848429931080055, -0.004044392747534135, -0.0021360111419999293, -0.003485241656065664], [-0.14001810016136632, -0.004582663730182952, -0.004436297377994116, -0.00454322244126649, -0.004469695054978311, -0.004568480598866006, -0.004448178223925364, 10.081137076929876, -0.004435601273093246, -0.004553359218691797, -0.004478753871049009, -0.10735154160664616, -0.004410321651685623, -0.004582078938310422, -0.004417736371237225, -0.003160297328176209], [-0.10206723322544262, -0.00401402195885964, -0.0021724567477843385, -0.00414647508535713, -0.002434749527261095, -0.0040507137948792744, -0.002263117090970179, -0.004435601273093246, 10.078482205980988, -0.004100292527211104, -0.0025102282410218372, -0.12225333192252495, -0.001981473129299766, -0.004015439601173693, -0.0020347208137254306, -0.003492315360678549], [-0.13464260252726482, -0.004532310715033806, -0.004101677675110696, -0.004521653532491415, -0.004169903314367984, -0.004526640346544218, -0.0041254940351930685, -0.004553359218691797, -0.004100292527211104, 10.08077216296371, -0.004189160265158412, -0.10956003939384933, -0.004051025799156523, -0.004532063606754505, -0.0040652693950351156, -0.0032291794615116436], [-0.1076753067731089, -0.004116812608306285, -0.0025147682674605872, -0.004228634278203577, -0.0027416700466200814, -0.004147323108113027, -0.0025931701065126317, -0.004478753871049009, -0.0025102282410218372, -0.004189160265158412, 10.078713604750142, -0.12001971500760249, -0.0023503802351854787, -0.0041179845733244095, -0.0023962448381976242, -0.003465526887027625], [-1.0997038903948315, -0.11016148396984331, -0.12221898258327536, -0.10924015944557645, -0.1205097923923004, -0.10990597901866851, -0.1216271438028282, -0.10735154160664616, -0.12225333192252495, -0.10956003939384933, -0.12001971500760249, 12.895574096911208, -0.12346422730119416, -0.11015168456604077, -0.12311667123244448, -0.06599085979938568], [-0.09904163590941596, -0.0039575761681656645, -0.001987145229495549, -0.004100676178636236, -0.0022693216183795983, -0.0039974556324760165, -0.0020848429931080055, -0.004410321651685623, -0.001981473129299766, -0.004051025799156523, -0.0023503802351854787, -0.12346422730119416, 10.078394839054923, -0.003959120638995567, -0.0018392256424456844, -0.0035050861966765814], [-0.13307844829773735, -0.0045351868047200485, -0.004017028961148416, -0.004534556686833378, -0.004095656608017279, -0.004532591135066124, -0.004044392747534135, -0.004582078938310422, -0.004015439601173693, -0.004532063606754505, -0.0041179845733244095, -0.11015168456604077, -0.003959120638995567, 10.080657759466867, -0.003975360549672632, -0.003267616228190071], [-0.09990900840198866, -0.003973851974522859, -0.002040280932225923, -0.00411393595215123, -0.0023167949600213325, -0.00401282938608471, -0.0021360111419999293, -0.004417736371237225, -0.0020347208137254306, -0.0040652693950351156, -0.0023962448381976242, -0.12311667123244448, -0.0018392256424456844, -0.003975360549672632, 10.078417240551197, -0.003501558982408596], [-0.10122525573374022, -0.003268367916675689, -0.0034919341315623386, -0.0032135842182779628, -0.003471785229185524, -0.0032499820728947412, -0.003485241656065664, -0.003160297328176209, -0.003492315360678549, -0.0032291794615116436, -0.003465526887027625, -0.06599085979938568, -0.0035050861966765814, -0.003267616228190071, -0.003501558982408596, 10.070867628669724]]",
    "monomial_list": "[1, x9, x8, x7, x6, x5, x4, x3, x2, x15, x14, x13, x12, x11, x10, x1]"
}