{
    "name": "Multiplier-12",
    "rational_expression": "2523*x1**2/250 + 29333*x1*x10/500000 + 42181*x1*x11/500000 - 61051*x1*x12/100000000 + 42353*x1*x13/500000 + 78917*x1*x14/1000000 + 83389*x1*x15/1000000 + 19409*x1*x2/250000 + 84507*x1*x3/1000000 + 38669*x1*x4/500000 + 82481*x1*x5/1000000 + 15529*x1*x6/200000 + 10337*x1*x7/125000 + 7649*x1*x8/100000 + 81571*x1*x9/1000000 - 63931*x1/100000 + 5047*x10**2/500 + 83263*x10*x11/1000000 - 5501*x10*x12/50000 + 83017*x10*x13/1000000 + 77627*x10*x14/1000000 + 81771*x10*x15/1000000 + 76417*x10*x2/1000000 + 82771*x10*x3/1000000 + 76119*x10*x4/1000000 + 80863*x10*x5/1000000 + 19089*x10*x6/250000 + 5063*x10*x7/62500 + 75271*x10*x8/1000000 + 4997*x10*x9/62500 - 58979*x10/100000 + 10121*x11**2/1000 - 7831*x11*x12/250000 + 2803*x11*x13/25000 + 2097*x11*x14/25000 + 11053*x11*x15/100000 + 41143*x11*x2/500000 + 1119*x11*x3/10000 + 81947*x11*x4/1000000 + 10943*x11*x5/100000 + 10323*x11*x6/100000 + 2193*x11*x7/20000 + 20217*x11*x8/250000 + 10827*x11*x9/100000 - 8119*x11/10000 + 13003*x12**2/1000 - 42379*x12*x13/1000000 - 10613*x12*x14/100000 - 43579*x12*x15/1000000 - 10767*x12*x2/100000 - 3709*x12*x3/100000 - 2137*x12*x4/20000 - 8241*x12*x5/200000 - 5139*x12*x6/50000 - 37053*x12*x7/1000000 - 5231*x12*x8/50000 - 19391*x12*x9/500000 - 3123*x12/1000 + 10127*x13**2/1000 + 5287*x13*x14/50000 + 11163*x13*x15/100000 + 83163*x13*x2/1000000 + 3319*x13*x3/25000 + 2591*x13*x4/25000 + 5519*x13*x5/50000 + 10401*x13*x6/100000 + 13027*x13*x7/100000 + 10241*x13*x8/100000 + 10907*x13*x9/100000 - 83591*x13/100000 + 101*x14**2/10 + 10473*x14*x15/100000 + 77909*x14*x2/1000000 + 10581*x14*x3/100000 + 77569*x14*x4/1000000 + 10363*x14*x5/100000 + 38907*x14*x6/500000 + 1297*x14*x7/12500 + 76553*x14*x8/1000000 + 2051*x14*x9/20000 - 63931*x14/100000 + 2531*x15**2/250 + 1287*x15*x2/15625 + 2633*x15*x3/20000 + 81947*x15*x4/1000000 + 10943*x15*x5/100000 + 10323*x15*x6/100000 + 2193*x15*x7/20000 + 20217*x15*x8/250000 + 10827*x15*x9/100000 - 8119*x15/10000 + 1262*x2**2/125 + 10463*x2*x3/100000 + 9591*x2*x4/125000 + 4083*x2*x5/50000 + 76989*x2*x6/1000000 + 20463*x2*x7/250000 + 75881*x2*x8/1000000 + 323*x2*x9/4000 - 12291*x2/20000 + 1013*x3**2/100 + 10439*x3*x4/100000 + 2619*x3*x5/20000 + 1309*x3*x6/12500 + 2623*x3*x7/20000 + 2577*x3*x8/25000 + 3239*x3*x9/25000 - 10749*x3/12500 + 1262*x4**2/125 + 81829*x4*x5/1000000 + 77157*x4*x6/1000000 + 2573*x4*x7/25000 + 75943*x4*x8/1000000 + 10173*x4*x9/100000 - 12291*x4/20000 + 10123*x5**2/1000 + 10323*x5*x6/100000 + 2193*x5*x7/20000 + 20217*x5*x8/250000 + 10827*x5*x9/100000 - 8119*x5/10000 + 10099*x6**2/1000 + 1297*x6*x7/12500 + 76553*x6*x8/1000000 + 2051*x6*x9/20000 - 63931*x6/100000 + 81*x7**2/8 + 10241*x7*x8/100000 + 10907*x7*x9/100000 - 83591*x7/100000 + 1262*x8**2/125 + 323*x8*x9/4000 - 12291*x8/20000 + 5061*x9**2/500 - 8119*x9/10000 + 6147/500",
    "Q": "[[12.294054785684887, -0.4042608502177736, -0.3063967979524188, -0.4124869102109228, -0.3184298423527138, -0.4065584746035352, -0.31049828754258674, -0.42908968920871726, -0.3061608976460495, -0.4096462286271659, -0.32198700992282725, -0.4203738166230875, -1.5581156893986343, -0.40434932251667927, -0.3003104095803455, -0.31518495682689684], [-0.4042608502177736, 10.121849774586448, 0.04518725712771052, 0.05813076568685268, 0.046501458458706436, 0.05735498727188951, 0.04562910553238264, 0.06028230666900973, 0.045162044012079045, 0.057759643328146114, 0.04690001202093457, 0.059156945309955244, -0.021913994852704545, 0.05706445737830391, 0.044543524595846144, 0.04401112595723661], [-0.3063967979524188, 0.04518725712771052, 10.095942216585408, 0.04588895951796365, 0.038393232927743104, 0.04538381272758414, 0.03786365214289591, 0.04729886030668477, 0.03758254830829483, 0.04564709866677185, 0.03863689572950475, 0.046560436910806656, -0.053648438344314396, 0.04519484451205362, 0.03721506293185722, 0.03409388050084766], [-0.4124869102109228, 0.05813076568685268, 0.04588895951796365, 10.124529168376, 0.047247631432876316, 0.05844065243362384, 0.046345907504272796, 0.06144988797662283, 0.04586287939680122, 0.05885620505806708, 0.04765943576747573, 0.06029266371697345, -0.019248494405389137, 0.05814271423839061, 0.04522294278658192, 0.04489884257588297], [-0.3184298423527138, 0.046501458458706436, 0.038393232927743104, 0.047247631432876316, 10.098609901299044, 0.04671044251463119, 0.038682675834391445, 0.04874616227630766, 0.03837676323766307, 0.04699045339545619, 0.03952181897524001, 0.0479612744599827, -0.04975341588100254, 0.046509522443094094, 0.03797453494908357, 0.03521272005735436], [-0.4065584746035352, 0.05735498727188951, 0.04538381272758414, 0.05844065243362384, 0.04671044251463119, 10.122586857337986, 0.04582988233072653, 0.060609142344853095, 0.04535835715919352, 0.05806673261689578, 0.047112698107569365, 0.05947491095785137, -0.021170200188941682, 0.05736671870961443, 0.0447338480613305, 0.04425899698633705], [-0.31049828754258674, 0.04562910553238264, 0.03786365214289591, 0.046345907504272796, 0.038682675834391445, 0.04582988233072653, 10.09683111973069, 0.04778589194057803, 0.03784807242555079, 0.046098847101132455, 0.03893329019002184, 0.04703169554548553, -0.052320165985666856, 0.04563685482097966, 0.03746839875944155, 0.03447085698077806], [-0.42908968920871726, 0.06028230666900973, 0.04729886030668477, 0.06144988797662283, 0.04874616227630766, 0.060609142344853095, 0.04778589194057803, 10.130199970331592, 0.04727105378253764, 0.061047530254768945, 0.04918437754790995, 0.0625630418749048, -0.013843516631421375, 0.06029489998428793, 0.046588464184695005, 0.04668274862008096], [-0.3061608976460495, 0.045162044012079045, 0.03758254830829483, 0.04586287939680122, 0.03837676323766307, 0.04535835715919352, 0.03784807242555079, 0.04727105378253764, 10.095891742979308, 0.04562131702331715, 0.038620026203977885, 0.04653353547389902, -0.053724869663696814, 0.04516962209554504, 0.03720070461577473, 0.03407234290201767], [-0.4096462286271659, 0.057759643328146114, 0.04564709866677185, 0.05885620505806708, 0.04699045339545619, 0.05806673261689578, 0.046098847101132455, 0.061047530254768945, 0.04562131702331715, 10.123591692721295, 0.047397692363283526, 0.05990131755155902, -0.02017002885814242, 0.05777148389274493, 0.04498875295900055, 0.04459239307611491], [-0.32198700992282725, 0.04690001202093457, 0.03863689572950475, 0.04765943576747573, 0.03952181897524001, 0.047112698107569365, 0.03893329019002184, 0.04918437754790995, 0.038620026203977885, 0.047397692363283526, 10.099431130867359, 0.04838564952193095, -0.04860310476132973, 0.04690821793523672, 0.038207773867342865, 0.03555064855856708], [-0.4203738166230875, 0.059156945309955244, 0.046560436910806656, 0.06029266371697345, 0.0479612744599827, 0.05947491095785137, 0.04703169554548553, 0.0625630418749048, 0.04653353547389902, 0.05990131755155902, 0.04838564952193095, 10.127190750688602, -0.01668239716519315, 0.05916919766056988, 0.04587331014766201, 0.04574786620749839], [-1.5581156893986343, -0.021913994852704545, -0.053648438344314396, -0.019248494405389137, -0.04975341588100254, -0.021170200188941682, -0.052320165985666856, -0.013843516631421375, -0.053724869663696814, -0.02017002885814242, -0.04860310476132973, -0.01668239716519315, 13.002630684147675, -0.021885346579824275, -0.05562129431077984, 0.0026464650720366715], [-0.40434932251667927, 0.05706445737830391, 0.04519484451205362, 0.05814271423839061, 0.046509522443094094, 0.05736671870961443, 0.04563685482097966, 0.06029489998428793, 0.04516962209554504, 0.05777148389274493, 0.04690821793523672, 0.05916919766056988, -0.021885346579824275, 10.12187796562685, 0.04455087288236514, 0.04402065963750479], [-0.3003104095803455, 0.044543524595846144, 0.03721506293185722, 0.04522294278658192, 0.03797453494908357, 0.0447338480613305, 0.03746839875944155, 0.046588464184695005, 0.03720070461577473, 0.04498875295900055, 0.038207773867342865, 0.04587331014766201, -0.05562129431077984, 0.04455087288236514, 10.094662504721612, 0.0335431366334044], [-0.31518495682689684, 0.04401112595723661, 0.03409388050084766, 0.04489884257588297, 0.03521272005735436, 0.04425899698633705, 0.03447085698077806, 0.04668274862008096, 0.03407234290201767, 0.04459239307611491, 0.03555064855856708, 0.04574786620749839, 0.0026464650720366715, 0.04402065963750479, 0.0335431366334044, 10.090975294973646]]",
    "monomial_list": "[1, x9, x8, x7, x6, x5, x4, x3, x2, x15, x14, x13, x12, x11, x10, x1]"
}