{
    "name": "Multiplier-5",
    "rational_expression": "10071*x1**2/1000 + 18219*x1*x10/5000000 + 21423*x1*x11/5000000 + 18219*x1*x12/5000000 + 8993*x1*x13/2000000 + 36413*x1*x14/10000000 + 21423*x1*x15/5000000 + 18219*x1*x2/5000000 + 8993*x1*x3/2000000 + 36413*x1*x4/10000000 - 653*x1*x5/5000 + 1057*x1*x6/500000 + 27497*x1*x7/10000000 + 4233*x1*x8/2000000 + 27497*x1*x9/10000000 - 423*x1/2000 + 2519*x10**2/250 - 7157*x10*x11/500000 + 47287*x10*x12/10000000 - 14121*x10*x13/1000000 + 4707*x10*x14/1000000 - 14353*x10*x15/1000000 + 46903*x10*x2/10000000 - 177*x10*x3/12500 + 9337*x10*x4/2000000 - 5827*x10*x5/25000 + 4233*x10*x6/2000000 + 6887*x10*x7/2500000 + 21191*x10*x8/10000000 + 6887*x10*x9/2500000 - 21183*x10/100000 + 252*x11**2/25 - 3577*x11*x12/250000 - 6567*x11*x13/500000 - 2863*x11*x14/200000 - 269*x11*x15/20000 - 14347*x11*x2/1000000 - 13211*x11*x3/1000000 - 897*x11*x4/62500 - 4527*x11*x5/20000 + 2769*x11*x6/1000000 - 16087*x11*x7/1000000 + 6887*x11*x8/2500000 - 8053*x11*x9/500000 - 3439*x11/12500 + 2519*x12**2/250 - 14121*x12*x13/1000000 + 4707*x12*x14/1000000 - 14353*x12*x15/1000000 + 46903*x12*x2/10000000 - 177*x12*x3/12500 + 9337*x12*x4/2000000 - 5827*x12*x5/25000 + 4233*x12*x6/2000000 + 6887*x12*x7/2500000 + 21191*x12*x8/10000000 + 6887*x12*x9/2500000 - 21183*x12/100000 + 252*x13**2/25 - 14103*x13*x14/1000000 - 6577*x13*x15/500000 - 2827*x13*x2/200000 - 103*x13*x3/8000 - 707*x13*x4/50000 - 559*x13*x5/2500 - 16699*x13*x6/1000000 - 1581*x13*x7/100000 - 16713*x13*x8/1000000 - 15829*x13*x9/1000000 - 29643*x13/100000 + 10077*x14**2/1000 - 7169*x14*x15/500000 + 46877*x14*x2/10000000 - 7073*x14*x3/500000 + 11713*x14*x4/2500000 - 2911*x14*x5/12500 + 21333*x14*x6/10000000 - 8467*x14*x7/500000 + 4233*x14*x8/2000000 + 27497*x14*x9/10000000 - 423*x14/2000 + 252*x15**2/25 - 14347*x15*x2/1000000 - 1649*x15*x3/125000 - 897*x15*x4/62500 - 2261*x15*x5/10000 - 16911*x15*x6/1000000 - 16087*x15*x7/1000000 + 6887*x15*x8/2500000 - 8053*x15*x9/500000 - 3439*x15/12500 + 2519*x2**2/250 - 177*x2*x3/12500 + 9337*x2*x4/2000000 - 5827*x2*x5/25000 + 4233*x2*x6/2000000 + 6887*x2*x7/2500000 + 21191*x2*x8/10000000 + 6887*x2*x9/2500000 - 21183*x2/100000 + 252*x3**2/25 - 707*x3*x4/50000 - 559*x3*x5/2500 - 16699*x3*x6/1000000 - 1581*x3*x7/100000 - 16713*x3*x8/1000000 - 15829*x3*x9/1000000 - 29643*x3/100000 + 2519*x4**2/250 - 2911*x4*x5/12500 + 21333*x4*x6/10000000 - 8467*x4*x7/500000 + 4233*x4*x8/2000000 + 27497*x4*x9/10000000 - 423*x4/2000 + 1612*x5**2/125 - 11977*x5*x6/50000 - 10631*x5*x7/50000 - 959*x5*x8/4000 - 4257*x5*x9/20000 - 22219*x5/10000 + 10077*x6**2/1000 - 8467*x6*x7/500000 + 4233*x6*x8/2000000 + 27497*x6*x9/10000000 - 423*x6/2000 + 252*x7**2/25 + 6887*x7*x8/2500000 - 8053*x7*x9/500000 - 3439*x7/12500 + 10077*x8**2/1000 + 6887*x8*x9/2500000 - 21183*x8/100000 + 252*x9**2/25 - 3439*x9/12500 + 10581/1000",
    "Q": "[[10.580979769580445, -0.13889775522021097, -0.10462835893857363, -0.1415802150246933, -0.10931944469386472, -1.1148151528294006, -0.10624840056444912, -0.1466753535367493, -0.10453452491092066, -0.1406720217100052, -0.11067051317943508, -0.14403991147984485, -0.10123934559905988, -0.13892758485991402, -0.10218286962101224, -0.10664001766451954], [-0.13889775522021097, 10.07975549196521, -0.0035094472128015045, -0.003474525302099848, -0.0035272801395555783, -0.10912389854784069, -0.0035161670737454695, -0.003458153141784873, -0.0035090424594162568, -0.0034837434249432005, -0.0035314984518470677, -0.0034599283012134462, -0.0034935169221752818, -0.003510890256891249, -0.0034982362498714365, -0.0023690737106836115], [-0.10462835893857363, -0.0035094472128015045, 10.076702680791728, -0.0036215927474967046, -0.0021111879933776783, -0.12175706198041271, -0.001955416695686867, -0.003875740080223052, -0.0018682118860083806, -0.0035819970748484655, -0.0021795697373276895, -0.003737358042884252, -0.0016986013229988676, -0.0035106241085957218, -0.0017472746742090916, -0.0030548808581567556], [-0.1415802150246933, -0.003474525302099848, -0.0036215927474967046, 10.08002939769674, -0.0036220308082959033, -0.10814165497651279, -0.0036223849819981067, -0.003378755137184531, -0.00362152903566642, -0.0034358713168874573, -0.0036211053688591124, -0.0033937294306005, -0.0036177771823535944, -0.003473763450242916, -0.0036191647599924204, -0.002282405510278917], [-0.10931944469386472, -0.0035272801395555783, -0.0021111879933776783, -0.0036220308082959033, 10.076948255528237, -0.11997777846536788, -0.0021826506002887527, -0.003843653290663963, -0.002107046142389149, -0.0035880882314112796, -0.002376798424425942, -0.003722580557586292, -0.001960696167529981, -0.0035282493884630124, -0.0020027697849729297, -0.002980613236971669], [-1.1148151528294006, -0.10912389854784069, -0.12175706198041271, -0.10814165497651279, -0.11997777846536788, 12.897148803025576, -0.12114132208475528, -0.10614610109772078, -0.12179278628732913, -0.10848177513594047, -0.11946698307474268, -0.10719652483258095, -0.12305136969131154, -0.1091134127325011, -0.12269026673203573, -0.06497758983675953], [-0.10624840056444912, -0.0035161670737454695, -0.001955416695686867, -0.0036223849819981067, -0.0021826506002887527, -0.12114132208475528, 10.076780164339677, -0.003865397477646326, -0.0019508588189923787, -0.003584715874938301, -0.0022478581948276012, -0.003732957985223565, -0.0017894817707342586, -0.00351727319261568, -0.0018358682411708078, -0.0030298828823119685], [-0.1466753535367493, -0.003458153141784873, -0.003875740080223052, -0.003378755137184531, -0.003843653290663963, -0.10614610109772078, -0.003865397477646326, 10.080552639387477, -0.003876318442812281, -0.0034018616919137172, -0.0038332156771529752, -0.0033282785506972053, -0.0038948694101816335, -0.0034570828460517146, -0.0038899182098049716, -0.0021703305970483754], [-0.10453452491092066, -0.0035090424594162568, -0.0018682118860083806, -0.00362152903566642, -0.002107046142389149, -0.12179278628732913, -0.0019508588189923787, -0.003876318442812281, 10.076698449175487, -0.003581822511577553, -0.0021756118193902506, -0.003737593261534903, -0.0016933182449939924, -0.0035102234276632727, -0.0017421210980826077, -0.0030563104239315895], [-0.1406720217100052, -0.0034837434249432005, -0.0035819970748484655, -0.0034358713168874573, -0.0035880882314112796, -0.10848177513594047, -0.003584715874938301, -0.0034018616919137172, -0.003581822511577553, 10.079940797410543, -0.0035888345844026855, -0.0034124840595570853, -0.0035742384160723085, -0.003483041079177686, -0.0035767120615525466, -0.002308322876458984], [-0.11067051317943508, -0.0035314984518470677, -0.0021795697373276895, -0.0036211053688591124, -0.002376798424425942, -0.11946698307474268, -0.0022478581948276012, -0.0038332156771529752, -0.0021756118193902506, -0.0035888345844026855, 10.077031287615736, -0.0037171680382227096, -0.0020358147950581443, -0.003532406345990295, -0.0020760027923996493, -0.0029580926590710424], [-0.14403991147984485, -0.0034599283012134462, -0.003737358042884252, -0.0033937294306005, -0.003722580557586292, -0.10719652483258095, -0.003732957985223565, -0.0033282785506972053, -0.003737593261534903, -0.0034124840595570853, -0.0037171680382227096, 10.080265145926889, -0.0037441912504881133, -0.0034590111024516285, -0.003742643459145496, -0.0022226674263289836], [-0.10123934559905988, -0.0034935169221752818, -0.0016986013229988676, -0.0036177771823535944, -0.001960696167529981, -0.12305136969131154, -0.0017894817707342586, -0.0038948694101816335, -0.0016933182449939924, -0.0035742384160723085, -0.0020358147950581443, -0.0037441912504881133, 10.076566191224627, -0.0034948383384224876, -0.0015607317362741203, -0.0031050573249377833], [-0.13892758485991402, -0.003510890256891249, -0.0035106241085957218, -0.003473763450242916, -0.0035282493884630124, -0.1091134127325011, -0.00351727319261568, -0.0034570828460517146, -0.0035102234276632727, -0.003483041079177686, -0.003532406345990295, -0.0034590111024516285, -0.0034948383384224876, 10.079758848312306, -0.0034995179617792935, -0.0023679322166985954], [-0.10218286962101224, -0.0034982362498714365, -0.0017472746742090916, -0.0036191647599924204, -0.0020027697849729297, -0.12269026673203573, -0.0018358682411708078, -0.0038899182098049716, -0.0017421210980826077, -0.0035767120615525466, -0.0020760027923996493, -0.003742643459145496, -0.0015607317362741203, -0.0034995179617792935, 10.076600752270839, -0.0030913928601509866], [-0.10664001766451954, -0.0023690737106836115, -0.0030548808581567556, -0.002282405510278917, -0.002980613236971669, -0.06497758983675953, -0.0030298828823119685, -0.0021703305970483754, -0.0030563104239315895, -0.002308322876458984, -0.0029580926590710424, -0.0022226674263289836, -0.0031050573249377833, -0.0023679322166985954, -0.0030913928601509866, 10.070129133920467]]",
    "monomial_list": "[1, x9, x8, x7, x6, x5, x4, x3, x2, x15, x14, x13, x12, x11, x10, x1]"
}