{
    "name": "Multiplier-6",
    "rational_expression": "10083*x1**2/1000 + 6539*x1*x10/125000 + 11183*x1*x11/200000 + 52149*x1*x12/1000000 + 56219*x1*x13/1000000 + 13123*x1*x14/250000 + 55513*x1*x15/1000000 + 2073*x1*x2/40000 + 14073*x1*x3/250000 + 52161*x1*x4/1000000 + 27553*x1*x5/500000 - 22147*x1*x6/500000 + 54761*x1*x7/1000000 + 50591*x1*x8/1000000 + 10811*x1*x9/200000 - 49513*x1/100000 + 5043*x10**2/500 + 55989*x10*x11/1000000 + 26253*x10*x12/500000 + 5627*x10*x13/100000 + 52827*x10*x14/1000000 + 27793*x10*x15/500000 + 52183*x10*x2/1000000 + 7043*x10*x3/125000 + 10499*x10*x4/200000 + 2759*x10*x5/50000 - 939*x10*x6/6250 + 54087*x10*x7/1000000 + 50119*x10*x8/1000000 + 53403*x10*x9/1000000 - 23569*x10/50000 + 5053*x11**2/500 + 55843*x11*x12/1000000 + 80727*x11*x13/1000000 + 3519*x11*x14/62500 + 79823*x11*x15/1000000 + 693*x11*x2/12500 + 20211*x11*x3/250000 + 55893*x11*x4/1000000 + 79299*x11*x5/1000000 - 10401*x11*x6/100000 + 78503*x11*x7/1000000 + 6683*x11*x8/125000 + 77599*x11*x9/1000000 - 6369*x11/10000 + 5043*x12**2/500 + 5627*x12*x13/100000 + 52827*x12*x14/1000000 + 27793*x12*x15/500000 + 52183*x12*x2/1000000 + 7043*x12*x3/125000 + 10499*x12*x4/200000 + 2759*x12*x5/50000 - 939*x12*x6/6250 + 54087*x12*x7/1000000 + 50119*x12*x8/1000000 + 53403*x12*x9/1000000 - 23569*x12/50000 + 1011*x13**2/100 + 56799*x13*x14/1000000 + 80453*x13*x15/1000000 + 6989*x13*x2/125000 + 81541*x13*x3/1000000 + 14097*x13*x4/250000 + 9991*x13*x5/125000 - 5057*x13*x6/50000 + 39589*x13*x7/500000 + 3371*x13*x8/62500 + 78229*x13*x9/1000000 - 13213*x13/20000 + 10089*x14**2/1000 + 56239*x14*x15/1000000 + 10531*x14*x2/200000 + 28509*x14*x3/500000 + 5299*x14*x4/100000 + 6979*x14*x5/125000 - 921*x14*x6/6250 + 54761*x14*x7/1000000 + 50591*x14*x8/1000000 + 10811*x14*x9/200000 - 49513*x14/100000 + 10107*x15**2/1000 + 693*x15*x2/12500 + 20211*x15*x3/250000 + 55893*x15*x4/1000000 + 79299*x15*x5/1000000 - 10401*x15*x6/100000 + 78503*x15*x7/1000000 + 6683*x15*x8/125000 + 77599*x15*x9/1000000 - 6369*x15/10000 + 10087*x2**2/1000 + 7043*x2*x3/125000 + 10499*x2*x4/200000 + 2759*x2*x5/50000 - 939*x2*x6/6250 + 54087*x2*x7/1000000 + 50119*x2*x8/1000000 + 53403*x2*x9/1000000 - 23569*x2/50000 + 1264*x3**2/125 + 2843*x3*x4/50000 + 40279*x3*x5/500000 - 19671*x3*x6/200000 + 7983*x3*x7/100000 + 54409*x3*x8/1000000 + 78859*x3*x9/1000000 - 4273*x3/6250 + 1261*x4**2/125 + 6979*x4*x5/125000 - 921*x4*x6/6250 + 54761*x4*x7/1000000 + 50591*x4*x8/1000000 + 10811*x4*x9/200000 - 49513*x4/100000 + 5053*x5**2/500 - 10401*x5*x6/100000 + 78503*x5*x7/1000000 + 6683*x5*x8/125000 + 77599*x5*x9/1000000 - 6369*x5/10000 + 1621*x6**2/125 - 5173*x6*x7/50000 - 7243*x6*x8/50000 - 5267*x6*x9/50000 - 5707*x6/2000 + 2527*x7**2/250 + 3371*x7*x8/62500 + 78229*x7*x9/1000000 - 13213*x7/20000 + 10087*x8**2/1000 + 53403*x8*x9/1000000 - 23569*x8/50000 + 5053*x9**2/500 - 6369*x9/10000 + 11791/1000",
    "Q": "[[11.790717983629392, -0.3184814315064525, -0.24046622845457696, -0.3249983204470845, -1.4250103413109276, -0.3203057334625853, -0.24377362710681152, -0.3380894531728258, -0.24027593682979423, -0.32275192358149396, -0.253016036223437, -0.33122271992033786, -0.23367690571251973, -0.31855174950394805, -0.23554946839361765, -0.24839942702034923], [-0.3184814315064525, 10.105808636404491, 0.029118876161117333, 0.03782414173391504, -0.04985928334795832, 0.0372920548859977, 0.029407254971998927, 0.03928759524165663, 0.029102455734426127, 0.03757000609231715, 0.030242439766914563, 0.03852417221764317, 0.02854506012294807, 0.037091864808082735, 0.028700791196348663, 0.02879736817781268], [-0.24046622845457696, 0.029118876161117333, 10.08732089877882, 0.02955969570613931, -0.07582247767848378, 0.029243041851387076, 0.024719254092890223, 0.03043512435154362, 0.02456655408637052, 0.029408406141547966, 0.025148734042024026, 0.029978199158791033, 0.02429684452034865, 0.02912368201030487, 0.02437118616168679, 0.021920963120111176], [-0.3249983204470845, 0.03782414173391504, 0.02955969570613931, 10.107737324409937, -0.047695000457137746, 0.038038786259607806, 0.0298601264832818, 0.040100956317977346, 0.029542583762398277, 0.0383257335756391, 0.030729335360059548, 0.03931185361220622, 0.028961343476428075, 0.03783242497668564, 0.02912381267356933, 0.02942375870523518], [-1.4250103413109276, -0.04985928334795832, -0.07582247767848378, -0.047695000457137746, 12.967344576225031, -0.04925470172715517, -0.07472434724161361, -0.04331538497505407, -0.07588567251940889, -0.048442613118610874, -0.07165668675168396, -0.0456151678436152, -0.07807872764205039, -0.04983598702358846, -0.0774562220203528, -0.01876614669666004], [-0.3203057334625853, 0.0372920548859977, 0.029243041851387076, 0.038038786259607806, -0.04925470172715517, 10.10634072544524, 0.02953480067145493, 0.03951602623777278, 0.02922642745742807, 0.037782336093570325, 0.03037952480609359, 0.038745402141383375, 0.028662341697310245, 0.03730015839636152, 0.028819963865175716, 0.028972949382311725], [-0.24377362710681152, 0.029407254971998927, 0.024719254092890223, 0.0298601264832818, -0.07472434724161361, 0.02953480067145493, 10.087942932795995, 0.030759387418485374, 0.024710697654675765, 0.02970469861733156, 0.025318734112499883, 0.0302899665090286, 0.02442673051124929, 0.029412190583158023, 0.024504967400100264, 0.02217787825635296], [-0.3380894531728258, 0.03928759524165663, 0.03043512435154362, 0.040100956317977346, -0.04331538497505407, 0.03951602623777278, 0.030759387418485374, 10.111816951642515, 0.030416644897864546, 0.03982148136435013, 0.031695850005919006, 0.040870825397501996, 0.029788255800752502, 0.039296405644753715, 0.029964047474055573, 0.030668577922980212], [-0.24027593682979423, 0.029102455734426127, 0.02456655408637052, 0.029542583762398277, -0.07588567251940889, 0.02922642745742807, 0.024710697654675765, 0.030416644897864546, 10.087285682909071, 0.029391531617305948, 0.02513909811504706, 0.029960436870543835, 0.02428954289759607, 0.02910725413608932, 0.02436366707590205, 0.021906305103351544], [-0.32275192358149396, 0.03757000609231715, 0.029408406141547966, 0.0383257335756391, -0.048442613118610874, 0.037782336093570325, 0.02970469861733156, 0.03982148136435013, 0.029391531617305948, 10.1070637661753, 0.030562221870590288, 0.039041197457297915, 0.028818476494473465, 0.037578200608131745, 0.028978633101980403, 0.029208247993206107], [-0.253016036223437, 0.030242439766914563, 0.025148734042024026, 0.030729335360059548, -0.07165668675168396, 0.03037952480609359, 0.025318734112499883, 0.031695850005919006, 0.02513909811504706, 0.030562221870590288, 10.0897802373905, 0.031191193155234772, 0.024816829197111857, 0.030247741510345195, 0.024905945879106904, 0.022916888436835967], [-0.33122271992033786, 0.03852417221764317, 0.029978199158791033, 0.03931185361220622, -0.0456151678436152, 0.038745402141383375, 0.0302899665090286, 0.040870825397501996, 0.029960436870543835, 0.039041197457297915, 0.031191193155234772, 10.109649559554494, 0.02935677571696258, 0.03853270530615414, 0.029525579885844536, 0.03001796630296314], [-0.23367690571251973, 0.02854506012294807, 0.02429684452034865, 0.028961343476428075, -0.07807872764205039, 0.028662341697310245, 0.02442673051124929, 0.029788255800752502, 0.02428954289759607, 0.028818476494473465, 0.024816829197111857, 0.02935677571696258, 10.086104760271326, 0.02854960159188384, 0.024113731691933458, 0.021406747317154154], [-0.31855174950394805, 0.037091864808082735, 0.02912368201030487, 0.03783242497668564, -0.04983598702358846, 0.03730015839636152, 0.029412190583158023, 0.039296405644753715, 0.02910725413608932, 0.037578200608131745, 0.030247741510345195, 0.03853270530615414, 0.02854960159188384, 10.10582902821727, 0.028705405309967864, 0.028804130077754533], [-0.23554946839361765, 0.028700791196348663, 0.02437118616168679, 0.02912381267356933, -0.0774562220203528, 0.028819963865175716, 0.024504967400100264, 0.029964047474055573, 0.02436366707590205, 0.028978633101980403, 0.024905945879106904, 0.029525579885844536, 0.024113731691933458, 0.028705405309967864, 10.086431680367339, 0.021546733777569223], [-0.24839942702034923, 0.02879736817781268, 0.021920963120111176, 0.02942375870523518, -0.01876614669666004, 0.028972949382311725, 0.02217787825635296, 0.030668577922980212, 0.021906305103351544, 0.029208247993206107, 0.022916888436835967, 0.03001796630296314, 0.021406747317154154, 0.028804130077754533, 0.021546733777569223, 10.082562137467246]]",
    "monomial_list": "[1, x9, x8, x7, x6, x5, x4, x3, x2, x15, x14, x13, x12, x11, x10, x1]"
}