{
    "name": "Multiplier-4",
    "rational_expression": "2017*x1**2/200 + 5503*x1*x10/100000 + 19637*x1*x11/250000 + 847*x1*x12/15625 + 79*x1*x13/1000 + 27533*x1*x14/500000 + 78561*x1*x15/1000000 + 54247*x1*x2/1000000 + 39481*x1*x3/500000 - 441*x1*x4/40000 + 7701*x1*x5/100000 + 13437*x1*x6/250000 + 19317*x1*x7/250000 + 52929*x1*x8/1000000 + 38203*x1*x9/500000 - 11021*x1/20000 + 10089*x10**2/1000 + 15723*x10*x11/200000 + 54749*x10*x12/1000000 + 19761*x10*x13/250000 + 55561*x10*x14/1000000 + 15721*x10*x15/200000 + 27377*x10*x2/500000 + 78983*x10*x3/1000000 - 14363*x10*x4/100000 + 38151*x10*x5/500000 + 133*x10*x6/2500 + 76537*x10*x7/1000000 + 52393*x10*x8/1000000 + 37849*x10*x9/500000 - 52693*x10/100000 + 1264*x11**2/125 + 38839*x11*x12/500000 + 83987*x11*x13/1000000 + 7881*x11*x14/100000 + 83489*x11*x15/1000000 + 19447*x11*x2/250000 + 83991*x11*x3/1000000 - 70343*x11*x4/1000000 + 81261*x11*x5/1000000 + 38399*x11*x6/500000 + 4081*x11*x7/50000 + 75777*x11*x8/1000000 + 80539*x11*x9/1000000 - 69429*x11/100000 + 10089*x12**2/1000 + 78313*x12*x13/1000000 + 55001*x12*x14/1000000 + 38937*x12*x15/500000 + 13557*x12*x2/250000 + 19563*x12*x3/250000 - 733*x12*x4/5000 + 37797*x12*x5/500000 + 329*x12*x6/6250 + 37903*x12*x7/500000 + 51867*x12*x8/1000000 + 7499*x12*x9/100000 - 50281*x12/100000 + 2023*x13**2/200 + 39773*x13*x14/500000 + 84429*x13*x15/1000000 + 78501*x13*x2/1000000 + 5293*x13*x3/50000 - 67711*x13*x4/1000000 + 41047*x13*x5/500000 + 2421*x13*x6/31250 + 5169*x13*x7/50000 + 19091*x13*x8/250000 + 10221*x13*x9/100000 - 71841*x13/100000 + 10093*x14**2/1000 + 9917*x14*x15/125000 + 5529*x14*x2/100000 + 79737*x14*x3/1000000 - 7033*x14*x4/50000 + 7701*x14*x5/100000 + 13437*x14*x6/250000 + 19317*x14*x7/250000 + 52929*x14*x8/1000000 + 38203*x14*x9/500000 - 11021*x14/20000 + 10113*x15**2/1000 + 627*x15*x2/8000 + 10569*x15*x3/100000 - 33687*x15*x4/500000 + 81969*x15*x5/1000000 + 77347*x15*x6/1000000 + 82351*x15*x7/1000000 + 38151*x15*x8/500000 + 81247*x15*x9/1000000 - 71841*x15/100000 + 1009*x2**2/100 + 78983*x2*x3/1000000 - 14363*x2*x4/100000 + 38151*x2*x5/500000 + 133*x2*x6/2500 + 76537*x2*x7/1000000 + 52393*x2*x8/1000000 + 37849*x2*x9/500000 - 52693*x2/100000 + 10119*x3**2/1000 - 64911*x3*x4/1000000 + 1297*x3*x5/12500 + 3901*x3*x6/50000 + 10409*x3*x7/100000 + 7689*x3*x8/100000 + 2573*x3*x9/25000 - 74253*x3/100000 + 649*x4**2/50 - 1243*x4*x5/15625 - 13551*x4*x6/100000 - 37761*x4*x7/500000 - 2751*x4*x8/20000 - 77367*x4*x9/1000000 - 1841*x4/625 + 10111*x5**2/1000 + 38399*x5*x6/500000 + 4081*x5*x7/50000 + 75777*x5*x8/1000000 + 80539*x5*x9/1000000 - 69429*x5/100000 + 10093*x6**2/1000 + 19317*x6*x7/250000 + 52929*x6*x8/1000000 + 38203*x6*x9/500000 - 11021*x6/20000 + 5057*x7**2/500 + 38151*x7*x8/500000 + 81247*x7*x9/1000000 - 71841*x7/100000 + 1009*x8**2/100 + 37849*x8*x9/500000 - 52693*x8/100000 + 10111*x9**2/1000 - 69429*x9/100000 + 5987/500",
    "Q": "[[11.973717247961133, -0.3493940432684604, -0.2641995468282889, -0.35653011252865624, -0.27473535516720926, -0.3513897721990724, -1.4735023701653507, -0.3708944363284277, -0.26399288992571074, -0.35406836987859724, -0.27784557491445633, -0.3633571186154421, -0.25682868631841377, -0.3494709356083519, -0.25886069811801937, -0.27249031333531887], [-0.3493940432684604, 10.11151838324389, 0.0349102450220062, 0.04514031025831836, 0.03593383301034623, 0.044520261720242905, -0.039733528278025385, 0.04685219348740318, 0.034890670368142376, 0.04484393848078954, 0.03624536440053405, 0.04595810402249267, 0.034224900660155363, 0.044287477179553225, 0.03441117663392696, 0.0342808374557289], [-0.2641995468282889, 0.0349102450220062, 10.090358863208591, 0.035445056391888184, 0.029839709312648552, 0.03506048739775387, -0.06779206037290489, 0.03651321282886843, 0.02926298511671537, 0.03526112567798486, 0.03001482635349492, 0.03595476046836968, 0.028907336369565554, 0.03491605278814828, 0.02900588593019546, 0.026309034878851473], [-0.35653011252865624, 0.04514031025831836, 0.035445056391888184, 10.11371873394427, 0.03650737807920401, 0.045389327311379055, -0.03738715666926994, 0.047793426075121326, 0.03542472767075348, 0.04572269712436096, 0.03683045329071403, 0.046871436079972614, 0.0347329418031693, 0.04514991608027213, 0.03492656807103249, 0.03500153026063841], [-0.27473535516720926, 0.03593383301034623, 0.029839709312648552, 0.03650737807920401, 10.092520216379537, 0.036094920451813964, -0.06432980844454819, 0.037652343958395965, 0.02982782091143316, 0.03631012830173727, 0.030660652501747012, 0.03705363992739493, 0.029428691957501134, 0.03594005686906316, 0.02953946782440219, 0.02720079645498133], [-0.3513897721990724, 0.044520261720242905, 0.03506048739775387, 0.045389327311379055, 0.036094920451813964, 10.112124655644802, -0.039078411671927014, 0.047116141549447266, 0.0350407015430384, 0.045090463890056255, 0.03640968322311609, 0.04621424940910881, 0.034367642008376914, 0.04452967410025199, 0.034555978222233295, 0.03448250299261046], [-1.4735023701653507, -0.039733528278025385, -0.06779206037290489, -0.03738715666926994, -0.06432980844454819, -0.039078411671927014, 12.980166477907732, -0.0326343658836266, -0.06786000628198754, -0.038198002765287474, -0.06330829519278199, -0.03513039822993942, -0.07021751296975433, -0.03970828969577969, -0.06954862413661918, -0.011000029945402903], [-0.3708944363284277, 0.04685219348740318, 0.03651321282886843, 0.047793426075121326, 0.037652343958395965, 0.047116141549447266, -0.0326343658836266, 10.118374651966807, 0.03649138870285044, 0.04746958288371823, 0.037998305439738436, 0.048687215084615126, 0.03574804811775437, 0.04686236911442191, 0.035956238117168825, 0.036440920359270684], [-0.26399288992571074, 0.034890670368142376, 0.02926298511671537, 0.03542472767075348, 0.02982782091143316, 0.0350407015430384, -0.06786000628198754, 0.03649138870285044, 10.090318149948512, 0.03524105618304207, 0.03000258136709053, 0.03593372037123506, 0.02889757800132624, 0.034896470028862134, 0.028995892580989998, 0.02629190492593001], [-0.35406836987859724, 0.04484393848078954, 0.03526112567798486, 0.04572269712436096, 0.03631012830173727, 0.045090463890056255, -0.038198002765287474, 0.04746958288371823, 0.03524105618304207, 10.112949655185018, 0.036629233171251226, 0.04655719649948859, 0.03455821074857452, 0.0448534485411457, 0.03474931170225318, 0.034753199862788894], [-0.27784557491445633, 0.03624536440053405, 0.03001482635349492, 0.03683045329071403, 0.030660652501747012, 0.03640968322311609, -0.06330829519278199, 0.037998305439738436, 0.03000258136709053, 0.036629233171251226, 10.09318902361077, 0.03738761521756317, 0.02959091371463278, 0.03625171221523959, 0.029705264377672066, 0.027470750958778746], [-0.3633571186154421, 0.04595810402249267, 0.03595476046836968, 0.046871436079972614, 0.03705363992739493, 0.04621424940910881, -0.03513039822993942, 0.048687215084615126, 0.03593372037123506, 0.04655719649948859, 0.03738761521756317, 10.115902290435576, 0.03521740401859586, 0.045967979374313864, 0.035417959655756004, 0.03568770073664562], [-0.25682868631841377, 0.034224900660155363, 0.028907336369565554, 0.0347329418031693, 0.029428691957501134, 0.034367642008376914, -0.07021751296975433, 0.03574804811775437, 0.02889757800132624, 0.03455821074857452, 0.02959091371463278, 0.03521740401859586, 10.088948615096562, 0.03423042048202715, 0.02866164144660933, 0.025707393777986542], [-0.3494709356083519, 0.044287477179553225, 0.03491605278814828, 0.04514991608027213, 0.03594005686906316, 0.04452967410025199, -0.03970828969577969, 0.04686236911442191, 0.034896470028862134, 0.0448534485411457, 0.03625171221523959, 0.045967979374313864, 0.03423042048202715, 10.111541597886694, 0.034416775560272256, 0.03428859943530414], [-0.25886069811801937, 0.03441117663392696, 0.02900588593019546, 0.03492656807103249, 0.02953946782440219, 0.034555978222233295, -0.06954862413661918, 0.035956238117168825, 0.028995892580989998, 0.03474931170225318, 0.029705264377672066, 0.035417959655756004, 0.02866164144660933, 0.034416775560272256, 10.089328544804072, 0.0258713215859065], [-0.27249031333531887, 0.0342808374557289, 0.026309034878851473, 0.03500153026063841, 0.02720079645498133, 0.03448250299261046, -0.011000029945402903, 0.036440920359270684, 0.02629190492593001, 0.034753199862788894, 0.027470750958778746, 0.03568770073664562, 0.025707393777986542, 0.03428859943530414, 0.0258713215859065, 10.085543750978776]]",
    "monomial_list": "[1, x9, x8, x7, x6, x5, x4, x3, x2, x15, x14, x13, x12, x11, x10, x1]"
}