{
    "name": "Multiplier-3",
    "rational_expression": "10071*x1**2/1000 - 1621*x1*x10/100000 - 15789*x1*x11/1000000 - 16229*x1*x12/1000000 - 391*x1*x13/25000 - 16231*x1*x14/1000000 - 3919*x1*x15/250000 - 16261*x1*x2/1000000 - 2663*x1*x3/20000 + 4733*x1*x4/2500000 + 3067*x1*x5/1250000 + 18857*x1*x6/10000000 + 3067*x1*x7/1250000 + 4733*x1*x8/2500000 + 22643*x1*x9/10000000 - 4719*x1/25000 + 10079*x10**2/1000 - 14491*x10*x11/1000000 + 49197*x10*x12/10000000 - 7161*x10*x13/500000 - 233*x10*x14/15625 - 14359*x10*x15/1000000 + 23791*x10*x2/5000000 - 13033*x10*x3/50000 + 4877*x10*x4/2500000 - 3439*x10*x5/200000 + 19241*x10*x6/10000000 - 3443*x10*x7/200000 + 4781*x10*x8/2500000 - 17423*x10*x9/1000000 - 4719*x10/25000 + 10081*x11**2/1000 - 14489*x11*x12/1000000 - 13697*x11*x13/1000000 - 581*x11*x14/40000 - 13733*x11*x15/1000000 - 14561*x11*x2/1000000 - 22813*x11*x3/100000 - 8559*x11*x4/500000 - 511*x11*x5/31250 - 17139*x11*x6/1000000 - 16391*x11*x7/1000000 - 4289*x11*x8/250000 - 16683*x11*x9/1000000 - 25061*x11/100000 + 10079*x12**2/1000 - 7161*x12*x13/500000 - 233*x12*x14/15625 - 14359*x12*x15/1000000 + 23791*x12*x2/5000000 - 13033*x12*x3/50000 + 4877*x12*x4/2500000 - 3439*x12*x5/200000 + 19241*x12*x6/10000000 - 3443*x12*x7/200000 + 4781*x12*x8/2500000 - 17423*x12*x9/1000000 - 4719*x12/25000 + 5041*x13**2/500 - 3579*x13*x14/250000 - 13459*x13*x15/1000000 - 14349*x13*x2/1000000 - 11297*x13*x3/50000 - 8453*x13*x4/500000 - 8039*x13*x5/500000 - 1693*x13*x6/100000 - 16117*x13*x7/1000000 - 1059*x13*x8/62500 - 16429*x13*x9/1000000 - 13583*x13/50000 + 10079*x14**2/1000 - 14337*x14*x15/1000000 - 7491*x14*x2/500000 - 4657*x14*x3/20000 + 5369*x14*x4/2500000 - 8467*x14*x5/500000 + 21259*x14*x6/10000000 - 16953*x14*x7/1000000 + 5273*x14*x8/2500000 - 8591*x14*x9/500000 - 4177*x14/20000 + 10081*x15**2/1000 - 14349*x15*x2/1000000 - 11297*x15*x3/50000 - 8453*x15*x4/500000 - 8039*x15*x5/500000 - 1693*x15*x6/100000 - 16117*x15*x7/1000000 - 1059*x15*x8/62500 - 16429*x15*x9/1000000 - 13583*x15/50000 + 10079*x2**2/1000 - 11641*x2*x3/50000 + 21501*x2*x4/10000000 - 16929*x2*x5/1000000 + 5321*x2*x6/2500000 - 4237*x2*x7/250000 + 21117*x2*x8/10000000 - 17179*x2*x9/1000000 - 5229*x2/25000 + 12893*x3**2/1000 - 11979*x3*x4/50000 - 4251*x3*x5/20000 - 1499*x3*x6/6250 - 2663*x3*x7/12500 - 4801*x3*x8/20000 - 5393*x3*x9/25000 - 21733*x3/10000 + 10079*x4**2/1000 - 16929*x4*x5/1000000 + 5321*x4*x6/2500000 - 4237*x4*x7/250000 + 21117*x4*x8/10000000 - 17179*x4*x9/1000000 - 5229*x4/25000 + 5041*x5**2/500 - 1693*x5*x6/100000 - 16117*x5*x7/1000000 - 1059*x5*x8/62500 - 16429*x5*x9/1000000 - 13583*x5/50000 + 10079*x6**2/1000 - 16953*x6*x7/1000000 + 5273*x6*x8/2500000 - 8591*x6*x9/500000 - 4177*x6/20000 + 5041*x7**2/500 - 1059*x7*x8/62500 - 16429*x7*x9/1000000 - 13583*x7/50000 + 10079*x8**2/1000 - 17179*x8*x9/1000000 - 5229*x8/25000 + 10081*x9**2/1000 - 25061*x9/100000 + 1306/125",
    "Q": "[[10.447526819607683, -0.13041189545995266, -0.10096064604497312, -0.13267392726502042, -0.1050851942726877, -0.13105765396504185, -0.10238812830734342, -1.0907962616865954, -0.10087786247275533, -0.1319074702833342, -0.10626809967930217, -0.1347465000107478, -0.09796347653186847, -0.1304369876666481, -0.09879941050111911, -0.098693073568739], [-0.13041189545995266, 10.08127309808238, -0.004441809776933255, -0.00509460438790236, -0.004533714365958755, -0.005084289253374498, -0.004473682303567635, -0.11090930061432913, -0.0044399617851532515, -0.005088266683872441, -0.0045599946618949646, -0.005120718187212337, -0.004374725408657329, -0.005083226617809257, -0.004393487935417404, -0.0037094754727481157], [-0.10096064604497312, -0.004441809776933255, 10.079271150887488, -0.00457887964905906, -0.002859572618448491, -0.004479698032496626, -0.0026892133906981524, -0.12269535049368546, -0.002594135187159898, -0.00453101577030658, -0.0029345897347010904, -0.004715973280254464, -0.0024101959771871935, -0.0044432675547656925, -0.0024629149458048403, -0.003801570491079488], [-0.13267392726502042, -0.00509460438790236, -0.00457887964905906, 10.081401564555751, -0.004655614532852502, -0.005091408268020763, -0.004605569316798829, -0.1100090512294286, -0.004577330359905592, -0.005090098945977587, -0.00467743228261202, -0.005106720164090891, -0.00452243406589434, -0.0050944603825863214, -0.0045382643290132795, -0.003667187409583261], [-0.1050851942726877, -0.004533714365958755, -0.002859572618448491, -0.004655614532852502, 10.079438647728724, -0.004567086501571752, -0.0029407806505206547, -0.12102200583594801, -0.00285487165304507, -0.004612713280458831, -0.003162595109107431, -0.004779214362731389, -0.002689384003603416, -0.0045349938068022224, -0.002736855075114427, -0.0037955685367660158], [-0.13105765396504185, -0.005084289253374498, -0.004479698032496626, -0.005091408268020763, -0.004567086501571752, 10.081316033655828, -0.0045100278414476475, -0.11065920407225675, -0.0044779389326893085, -0.005086429409105569, -0.004592038812575193, -0.005114200603412049, -0.0044157754303188555, -0.005084261162075932, -0.004433667590673788, -0.0036949293821699684], [-0.10238812830734342, -0.004473682303567635, -0.0026892133906981524, -0.004605569316798829, -0.0029407806505206547, -0.0045100278414476475, 10.079323886560626, -0.12211570425516306, -0.002684183551838836, -0.004559401814431218, -0.003013305858213657, -0.0047380362350087106, -0.0025067893798407675, -0.004475079137151965, -0.0025576851875906913, -0.003799654772913091], [-1.0907962616865954, -0.11090930061432913, -0.12269535049368546, -0.1100090512294286, -0.12102200583594801, -0.11065920407225675, -0.12211570425516306, 12.894491665959238, -0.12272899852051958, -0.11032118839436295, -0.12054258833824748, -0.10913894581358694, -0.12391563646551698, -0.11089970221015222, -0.12357494971892123, -0.06665793735392735], [-0.10087786247275533, -0.0044399617851532515, -0.002594135187159898, -0.004577330359905592, -0.00285487165304507, -0.0044779389326893085, -0.002684183551838836, -0.12272899852051958, 10.07926828140008, -0.00452936867628788, -0.0029300334674549704, -0.004714691178207263, -0.002404589613633233, -0.004441423075067816, -0.002457412043249925, -0.0038016786320644548], [-0.1319074702833342, -0.005088266683872441, -0.00453101577030658, -0.005090098945977587, -0.004612713280458831, -0.005086429409105569, -0.004559401814431218, -0.11032118839436295, -0.00452936867628788, 10.0813636128694, -0.004635990492996266, -0.005108615899784044, -0.004471080019550883, -0.005088174921810959, -0.004487874000837162, -0.0036787939867381574], [-0.10626809967930217, -0.0045599946618949646, -0.0029345897347010904, -0.00467743228261202, -0.003162595109107431, -0.004592038812575193, -0.003013305858213657, -0.12054258833824748, -0.0029300334674549704, -0.004635990492996266, 10.079495693168747, -0.004797085141141736, -0.0027697176284494167, -0.00456122171604541, -0.002815696885234429, -0.0037935643239900246], [-0.1347465000107478, -0.005120718187212337, -0.004715973280254464, -0.005106720164090891, -0.004779214362731389, -0.005114200603412049, -0.0047380362350087106, -0.10913894581358694, -0.004714691178207263, -0.005108615899784044, -0.004797085141141736, 10.081498024285878, -0.004669098783575055, -0.005120439878562677, -0.004682279557145906, -0.0036456867229799576], [-0.09796347653186847, -0.004374725408657329, -0.0024101959771871935, -0.00452243406589434, -0.002689384003603416, -0.0044157754303188555, -0.0025067893798407675, -0.12391563646551698, -0.002404589613633233, -0.004471080019550883, -0.0027697176284494167, -0.004669098783575055, 10.079178913819982, -0.004376308127922397, -0.0022640661299365926, -0.0038050997122569194], [-0.1304369876666481, -0.005083226617809257, -0.0044432675547656925, -0.0050944603825863214, -0.0045349938068022224, -0.005084261162075932, -0.004475079137151965, -0.11089970221015222, -0.004441423075067816, -0.005088174921810959, -0.00456122171604541, -0.005120439878562677, -0.004376308127922397, 10.081274934657133, -0.004395036254217552, -0.0037088814446648998], [-0.09879941050111911, -0.004393487935417404, -0.0024629149458048403, -0.0045382643290132795, -0.002736855075114427, -0.004433667590673788, -0.0025576851875906913, -0.12357494971892123, -0.002457412043249925, -0.004487874000837162, -0.002815696885234429, -0.004682279557145906, -0.0022640661299365926, -0.004395036254217552, 10.079202175377702, -0.003804204285108842], [-0.098693073568739, -0.0037094754727481157, -0.003801570491079488, -0.003667187409583261, -0.0037955685367660158, -0.0036949293821699684, -0.003799654772913091, -0.06665793735392735, -0.0038016786320644548, -0.0036787939867381574, -0.0037935643239900246, -0.0036456867229799576, -0.0038050997122569194, -0.0037088814446648998, -0.003804204285108842, 10.071474975013688]]",
    "monomial_list": "[1, x9, x8, x7, x6, x5, x4, x3, x2, x15, x14, x13, x12, x11, x10, x1]"
}