{
    "name": "Multiplier-11",
    "rational_expression": "10071*x1**2/1000 + 37991*x1*x10/10000000 - 13041*x1*x11/100000 + 10599*x1*x12/5000000 + 29661*x1*x13/10000000 + 4659*x1*x14/2000000 + 27539*x1*x15/10000000 + 10599*x1*x2/5000000 + 29661*x1*x3/10000000 + 5293*x1*x4/2500000 + 27539*x1*x5/10000000 + 5293*x1*x6/2500000 + 27539*x1*x7/10000000 + 10599*x1*x8/5000000 + 27539*x1*x9/10000000 - 10591*x1/50000 + 10077*x10**2/1000 - 1033*x10*x11/4000 + 4283*x10*x12/2000000 + 1869*x10*x13/625000 + 23537*x10*x14/10000000 + 13891*x10*x15/5000000 + 4283*x10*x2/2000000 - 2089*x10*x3/125000 + 10599*x10*x4/5000000 + 2759*x10*x5/1000000 + 10599*x10*x6/5000000 + 2759*x10*x7/1000000 + 21223*x10*x8/10000000 + 2759*x10*x9/1000000 - 4243*x10/20000 + 1612*x11**2/125 - 4789*x11*x12/20000 - 5209*x11*x13/25000 - 23727*x11*x14/100000 - 21187*x11*x15/100000 - 4789*x11*x2/20000 - 20909*x11*x3/100000 - 5993*x11*x4/25000 - 10617*x11*x5/50000 - 959*x11*x6/4000 - 21257*x11*x7/100000 - 23969*x11*x8/100000 - 21281*x11*x9/100000 - 22253*x11/10000 + 2519*x12**2/250 + 1869*x12*x13/625000 + 23537*x12*x14/10000000 + 13891*x12*x15/5000000 + 4283*x12*x2/2000000 - 2089*x12*x3/125000 + 10599*x12*x4/5000000 + 2759*x12*x5/1000000 + 10599*x12*x6/5000000 + 2759*x12*x7/1000000 + 21223*x12*x8/10000000 + 2759*x12*x9/1000000 - 4243*x12/20000 + 252*x13**2/25 - 4099*x13*x14/250000 - 7873*x13*x15/500000 - 16687*x13*x2/1000000 - 15429*x13*x3/1000000 - 2089*x13*x4/125000 - 3157*x13*x5/200000 - 8357*x13*x6/500000 - 3951*x13*x7/250000 + 1857*x13*x8/625000 - 15823*x13*x9/1000000 - 3711*x13/12500 + 10077*x14**2/1000 + 30511*x14*x15/10000000 + 23537*x14*x2/10000000 - 16419*x14*x3/1000000 + 4659*x14*x4/2000000 + 15159*x14*x5/5000000 + 4659*x14*x6/2000000 + 15159*x14*x7/5000000 + 4669*x14*x8/2000000 + 15159*x14*x9/5000000 - 23317*x14/100000 + 252*x15**2/25 + 13891*x15*x2/5000000 - 3153*x15*x3/200000 + 27539*x15*x4/10000000 - 16063*x15*x5/1000000 + 27539*x15*x6/10000000 - 8041*x15*x7/500000 + 2759*x15*x8/1000000 - 16101*x15*x9/1000000 - 27553*x15/100000 + 2519*x2**2/250 - 2089*x2*x3/125000 + 10599*x2*x4/5000000 + 2759*x2*x5/1000000 + 10599*x2*x6/5000000 + 2759*x2*x7/1000000 + 21223*x2*x8/10000000 + 2759*x2*x9/1000000 - 4243*x2/20000 + 252*x3**2/25 - 2089*x3*x4/125000 - 3157*x3*x5/200000 - 8357*x3*x6/500000 - 3951*x3*x7/250000 - 16707*x3*x8/1000000 - 15823*x3*x9/1000000 - 3711*x3/12500 + 2519*x4**2/250 + 27539*x4*x5/10000000 + 5293*x4*x6/2500000 + 27539*x4*x7/10000000 + 10599*x4*x8/5000000 + 27539*x4*x9/10000000 - 10591*x4/50000 + 252*x5**2/25 + 27539*x5*x6/10000000 - 8041*x5*x7/500000 + 2759*x5*x8/1000000 - 16101*x5*x9/1000000 - 27553*x5/100000 + 10077*x6**2/1000 + 27539*x6*x7/10000000 + 10599*x6*x8/5000000 + 27539*x6*x9/10000000 - 10591*x6/50000 + 252*x7**2/25 + 2759*x7*x8/1000000 - 16101*x7*x9/1000000 - 27553*x7/100000 + 2519*x8**2/250 + 2759*x8*x9/1000000 - 4243*x8/20000 + 252*x9**2/25 - 27553*x9/100000 + 10597/1000",
    "Q": "[[10.596679232075752, -0.14030845296168523, -0.10531283122882541, -0.1430446889622942, -0.11009316814422909, -0.1410909039998611, -0.1069631436498526, -0.1482456475408928, -0.1052172622962212, -0.14211844919376218, -0.11147081748159485, -0.14555372729408955, -0.10186254491406202, -1.1176294271516531, -0.10282283530070395, -0.10788636413943367], [-0.14030845296168523, 10.079716747439509, -0.0033663696983908535, -0.0031909612560278994, -0.0033679473527843335, -0.003219982461920002, -0.003367585448048933, -0.0031586681890232223, -0.0033662802478768516, -0.003202877936297701, -0.003367300091271901, -0.0031689018487462434, -0.0033615630527024302, -0.10886522297093387, -0.0033632407011703687, -0.0021348641057204677], [-0.10531283122882541, -0.0033663696983908535, 10.076428985096369, -0.0034725534706443093, -0.002029259255970855, -0.0033951323004095197, -0.0018787686844060352, -0.003717383791240282, -0.001794420661437267, -0.0034347968280951406, -0.002095253008786672, -0.0035837835244753157, -0.0016300227767685465, -0.12166235870926956, -0.0016772315549440928, -0.0029307059991763827], [-0.1430446889622942, -0.0031909612560278994, -0.0034725534706443093, 10.080012771555234, -0.0034564432685025375, -0.0031700117482116614, -0.003467742725378824, -0.0030707536093797865, -0.0034728107087331045, -0.0031468609327051076, -0.003450563572085833, -0.0030943941859794123, -0.003480058777479127, -0.10786597794830136, -0.0034783514226418752, -0.0020418502563209584], [-0.11009316814422909, -0.0033679473527843335, -0.002029259255970855, -0.0034564432685025375, 10.076696424374333, -0.003391417578226971, -0.0020976238929603756, -0.0036679442878121333, -0.0020252948727744594, -0.003424456549109311, -0.0022829683036685007, -0.003552084552777324, -0.0018849951939335565, -0.11986549503587796, -0.0019253699269269904, -0.0028427505324660532], [-0.1410909039998611, -0.003219982461920002, -0.0033951323004095197, -0.0031700117482116614, -0.003391417578226971, 10.079806143075416, -0.003394544981875419, -0.003129911550546229, -0.0033951465722165766, -0.0031834851254698487, -0.0033892047696829995, -0.0031440971863105523, -0.003394005489883659, -0.10858668116128489, -0.0033946724770530404, -0.0021049543443389866], [-0.1069631436498526, -0.003367585448048933, -0.0018787686844060352, -0.003467742725378824, -0.0020976238929603756, -0.003394544981875419, 10.076513579883066, -0.003701162256328565, -0.0018743732349866351, -0.00343195234727777, -0.0021603225474015565, -0.00357365302999507, -0.0017185034431075736, -0.12104067728339601, -0.0017633455955783509, -0.0029010876907968157], [-0.1482456475408928, -0.0031586681890232223, -0.003717383791240282, -0.0030707536093797865, -0.0036679442878121333, -0.003129911550546229, -0.003701162256328565, 10.080580879614649, -0.0037182988981674394, -0.003096721030241988, -0.003652332656494634, -0.003012291598118777, -0.003748386144122185, -0.10584558160151707, -0.003740190425392778, -0.0019161544466944197], [-0.1052172622962212, -0.0033662802478768516, -0.001794420661437267, -0.0034728107087331045, -0.0020252948727744594, -0.0033951465722165766, -0.0018743732349866351, -0.0037182988981674394, 10.07642435509798, -0.003434940940205675, -0.002091479499971717, -0.0035843470045865892, -0.0016248762001102085, -0.12169842279072965, -0.001672218899138206, -0.0029323998982345315], [-0.14211844919376218, -0.003202877936297701, -0.0034347968280951406, -0.0031468609327051076, -0.003424456549109311, -0.0031834851254698487, -0.00343195234727777, -0.003096721030241988, -0.003434940940205675, 10.079916664171726, -0.0034202833840540695, -0.0031159343367691567, -0.00343827926449818, -0.10821136024948468, -0.0034376795893489394, -0.0020699300153083147], [-0.11147081748159485, -0.003367300091271901, -0.002095253008786672, -0.003450563572085833, -0.0022829683036685007, -0.0033892047696829995, -0.0021603225474015565, -0.003652332656494634, -0.002091479499971717, -0.0034202833840540695, 10.076786485519166, -0.003541609270198367, -0.001957978368147573, -0.11934941722357915, -0.0019963972553447467, -0.0028160965571067155], [-0.14555372729408955, -0.0031689018487462434, -0.0035837835244753157, -0.0030943941859794123, -0.003552084552777324, -0.0031440971863105523, -0.00357365302999507, -0.003012291598118777, -0.0035843470045865892, -0.0031159343367691567, -0.003541609270198367, 10.08026902849222, -0.0036021949961309676, -0.10690794318793498, -0.003597482139912028, -0.0019758886908666008], [-0.10186254491406202, -0.0033615630527024302, -0.0016300227767685465, -0.003480058777479127, -0.0018849951939335565, -0.003394005489883659, -0.0017185034431075736, -0.003748386144122185, -0.0016248762001102085, -0.00343827926449818, -0.001957978368147573, -0.0036021949961309676, 10.076279075268054, -0.12296863438411386, -0.0014956404263648307, -0.0029901886974856864], [-1.1176294271516531, -0.10886522297093387, -0.12166235870926956, -0.10786597794830136, -0.11986549503587796, -0.10858668116128489, -0.12104067728339601, -0.10584558160151707, -0.12169842279072965, -0.10821136024948468, -0.11934941722357915, -0.10690794318793498, -0.12296863438411386, 12.89727041033514, -0.1226042589217177, -0.0647361126312193], [-0.10282283530070395, -0.0033632407011703687, -0.0016772315549440928, -0.0034783514226418752, -0.0019253699269269904, -0.0033946724770530404, -0.0017633455955783509, -0.003740190425392778, -0.001672218899138206, -0.0034376795893489394, -0.0019963972553447467, -0.003597482139912028, -0.0014956404263648307, -0.1226042589217177, 10.076317169209304, -0.0029739835003718467], [-0.10788636413943367, -0.0021348641057204677, -0.0029307059991763827, -0.0020418502563209584, -0.0028427505324660532, -0.0021049543443389866, -0.0029010876907968157, -0.0019161544466944197, -0.0029323998982345315, -0.0020699300153083147, -0.0028160965571067155, -0.0019758886908666008, -0.0029901886974856864, -0.0647361126312193, -0.0029739835003718467, 10.070083227529208]]",
    "monomial_list": "[1, x9, x8, x7, x6, x5, x4, x3, x2, x15, x14, x13, x12, x11, x10, x1]"
}