{
    "name": "Multiplier-14",
    "rational_expression": "10081*x1**2/1000 + 1239*x1*x10/40000 + 2733*x1*x11/50000 + 30851*x1*x12/1000000 + 54979*x1*x13/1000000 - 1571*x1*x14/31250 + 53659*x1*x15/1000000 + 50543*x1*x2/1000000 + 5441*x1*x3/100000 + 50383*x1*x4/1000000 + 13313*x1*x5/250000 + 3139*x1*x6/62500 + 26761*x1*x7/500000 + 6257*x1*x8/125000 + 26421*x1*x9/500000 - 23413*x1/50000 + 5043*x10**2/500 + 54823*x10*x11/1000000 + 10309*x10*x12/200000 + 55079*x10*x13/1000000 - 7801*x10*x14/50000 + 829*x10*x15/15625 + 10017*x10*x2/200000 + 6723*x10*x3/125000 + 1997*x10*x4/40000 + 52649*x10*x5/1000000 + 24883*x10*x6/500000 + 52897*x10*x7/1000000 + 24799*x10*x8/500000 + 26119*x10*x9/500000 - 44539*x10/100000 + 10103*x11**2/1000 + 54681*x11*x12/1000000 + 79323*x11*x13/1000000 - 346*x11*x14/3125 + 77277*x11*x15/1000000 + 53517*x11*x2/1000000 + 19567*x11*x3/250000 + 53317*x11*x4/1000000 + 76753*x11*x5/1000000 + 26559*x11*x6/500000 + 771*x11*x7/10000 + 52911*x11*x8/1000000 + 38111*x11*x9/500000 - 6091*x11/10000 + 2521*x12**2/250 + 55079*x12*x13/1000000 - 7801*x12*x14/50000 + 829*x12*x15/15625 + 10017*x12*x2/200000 + 6723*x12*x3/125000 + 1997*x12*x4/40000 + 52649*x12*x5/1000000 + 24883*x12*x6/500000 + 52897*x12*x7/1000000 + 24799*x12*x8/500000 + 26119*x12*x9/500000 - 44539*x12/100000 + 10107*x13**2/1000 - 2697*x13*x14/25000 + 77881*x13*x15/1000000 + 26993*x13*x2/500000 + 19729*x13*x3/250000 + 53787*x13*x4/1000000 + 19339*x13*x5/250000 + 53587*x13*x6/1000000 + 19437*x13*x7/250000 + 2669*x13*x8/50000 + 3073*x13*x9/40000 - 63269*x13/100000 + 6481*x14**2/500 - 11309*x14*x15/100000 - 14801*x14*x2/100000 - 21721*x14*x3/250000 - 14729*x14*x4/100000 - 89*x14*x5/800 - 7327*x14*x6/50000 - 2687*x14*x7/25000 - 16601*x14*x8/100000 - 10929*x14*x9/100000 - 2811*x14/1000 + 1263*x15**2/125 + 53517*x15*x2/1000000 + 19567*x15*x3/250000 + 53317*x15*x4/1000000 + 76753*x15*x5/1000000 + 26559*x15*x6/500000 + 771*x15*x7/10000 + 52911*x15*x8/1000000 + 38111*x15*x9/500000 - 6091*x15/10000 + 5043*x2**2/500 + 5441*x2*x3/100000 + 50383*x2*x4/1000000 + 13313*x2*x5/250000 + 3139*x2*x6/62500 + 26761*x2*x7/500000 + 6257*x2*x8/125000 + 26421*x2*x9/500000 - 23413*x2/50000 + 1011*x3**2/100 + 3391*x3*x4/62500 + 77981*x3*x5/1000000 + 6757*x3*x6/125000 + 78373*x3*x7/1000000 + 53849*x3*x8/1000000 + 77451*x3*x9/1000000 - 16407*x3/25000 + 10087*x4**2/1000 + 13313*x4*x5/250000 + 3139*x4*x6/62500 + 26761*x4*x7/500000 + 6257*x4*x8/125000 + 26421*x4*x9/500000 - 23413*x4/50000 + 1263*x5**2/125 + 26559*x5*x6/500000 + 771*x5*x7/10000 + 52911*x5*x8/1000000 + 38111*x5*x9/500000 - 6091*x5/10000 + 1261*x6**2/125 + 26761*x6*x7/500000 + 6257*x6*x8/125000 + 26421*x6*x9/500000 - 23413*x6/50000 + 5053*x7**2/500 + 2669*x7*x8/50000 + 3073*x7*x9/40000 - 63269*x7/100000 + 10087*x8**2/1000 + 26421*x8*x9/500000 - 23413*x8/50000 + 10103*x9**2/1000 - 6091*x9/10000 + 11713/1000",
    "Q": "[[11.713388229727949, -0.3055305537299453, -0.23053195081974795, -0.311786744904474, -0.23987033194807553, -0.30728269287417076, -0.23371948499277048, -0.32434153658197323, -0.23034852655552845, -0.30963103072383624, -1.4044895871929417, -0.3177573368320553, -0.2239860876570156, -0.30559810453052866, -0.2257918864627492, -0.23829763386246575], [-0.3055305537299453, 10.103445378195968, 0.02669251005540119, 0.03475973656394809, 0.027485301377120117, 0.0342645638959426, 0.026957850541801782, 0.036118948905498376, 0.026677409511247675, 0.03452332679481321, -0.054122760099028534, 0.03541034520019884, 0.02616536809660997, 0.03407804841218297, 0.026308316880714815, 0.026499770013867326], [-0.23053195081974795, 0.02669251005540119, 10.086084302182142, 0.02709393236399201, 0.022987938248916952, 0.026805747208401707, 0.02273026787534072, 0.027888554681903918, 0.022596601666457494, 0.02695632614604616, -0.07920238312267422, 0.0274741994065562, 0.022362379296282618, 0.026696896066556407, 0.022426640047102132, 0.02008210334753041], [-0.311786744904474, 0.03475973656394809, 0.02709393236399201, 10.10525977729352, 0.027920864484028023, 0.03495995751670472, 0.027370864360982183, 0.03687863544125605, 0.0270781666502035, 0.03522742079316826, -0.05203529559541638, 0.03614528557729179, 0.026543189462798624, 0.034767464940747346, 0.026692620037286913, 0.027086590181085175], [-0.23987033194807553, 0.027485301377120117, 0.022987938248916952, 0.027920864484028023, 10.087835963286997, 0.02760811845891811, 0.023133433007761408, 0.028782914489957057, 0.02297970939990826, 0.02777154071235475, -0.07608794599587024, 0.028333209192667776, 0.02270605054558607, 0.02749005520869403, 0.022781410970522362, 0.02079292216434891], [-0.30728269287417076, 0.0342645638959426, 0.026805747208401707, 0.03495995751670472, 0.02760811845891811, 10.103946250987239, 0.0270743410477479, 0.0363324733319315, 0.02679045993615637, 0.034721308470584564, -0.053539482042273746, 0.03561692237195132, 0.026271977888296355, 0.03427211835854339, 0.026416747391781625, 0.026664406959404946], [-0.23371948499277048, 0.026957850541801782, 0.02273026787534072, 0.027370864360982183, 0.023133433007761408, 0.0270743410477479, 10.086664617399235, 0.028188377168508087, 0.022722758058931442, 0.02722928052924096, -0.07813913337862712, 0.02776201812037389, 0.02247474120931899, 0.026962361487545057, 0.02254280336678002, 0.020320940176332677], [-0.32434153658197323, 0.036118948905498376, 0.027888554681903918, 0.03687863544125605, 0.028782914489957057, 0.0363324733319315, 0.028188377168508087, 10.109096970975683, 0.02787147562137233, 0.036617785272039946, -0.0478133552071579, 0.037596500441703484, 0.027291228249560446, 0.03612718640120123, 0.027453450878048517, 0.028249768443893895], [-0.23034852655552845, 0.026677409511247675, 0.022596601666457494, 0.0270781666502035, 0.02297970939990826, 0.02679045993615637, 0.022722758058931442, 0.02787147562137233, 10.086051464236512, 0.02694078864924332, -0.07926357956528345, 0.027457809158807495, 0.022356083668337273, 0.02668178835065845, 0.022420130670948724, 0.020068481059924606], [-0.30963103072383624, 0.03452332679481321, 0.02695632614604616, 0.03522742079316826, 0.02777154071235475, 0.034721308470584564, 0.02722928052924096, 0.036617785272039946, 0.02694078864924332, 10.104626399696144, -0.05275621508496992, 0.03589292532522085, 0.02641367910472004, 0.034530969418640055, 0.026560886576014443, 0.02688485183703792], [-1.4044895871929417, -0.054122760099028534, -0.07920238312267422, -0.05203529559541638, -0.07608794599587024, -0.053539482042273746, -0.07813913337862712, -0.0478133552071579, -0.07926357956528345, -0.05275621508496992, 12.961932564023897, -0.050030203498529296, -0.08138772116234556, -0.05410028230136692, -0.08078466091971628, -0.022038892180442363], [-0.3177573368320553, 0.03541034520019884, 0.0274741994065562, 0.03614528557729179, 0.028333209192667776, 0.03561692237195132, 0.02776201812037389, 0.037596500441703484, 0.027457809158807495, 0.03589292532522085, -0.050030203498529296, 10.107057873618826, 0.026901303882081933, 0.03541831507753941, 0.027056817541390932, 0.027642210730460356], [-0.2239860876570156, 0.02616536809660997, 0.022362379296282618, 0.026543189462798624, 0.02270605054558607, 0.026271977888296355, 0.02247474120931899, 0.027291228249560446, 0.022356083668337273, 0.02641367910472004, -0.08138772116234556, 0.026901303882081933, 10.084950797925245, 0.02616949949987217, 0.02220535279884371, 0.019604521665535512], [-0.30559810453052866, 0.03407804841218297, 0.026696896066556407, 0.034767464940747346, 0.02749005520869403, 0.03427211835854339, 0.026962361487545057, 0.03612718640120123, 0.02668178835065845, 0.034530969418640055, -0.05410028230136692, 0.03541831507753941, 0.02616949949987217, 10.103464581974333, 0.026312518251551988, 0.026506112348089174], [-0.2257918864627492, 0.026308316880714815, 0.022426640047102132, 0.026692620037286913, 0.022781410970522362, 0.026416747391781625, 0.02254280336678002, 0.027453450878048517, 0.022420130670948724, 0.026560886576014443, -0.08078466091971628, 0.027056817541390932, 0.02220535279884371, 0.026312518251551988, 10.085255325182592, 0.01973447511249038], [-0.23829763386246575, 0.026499770013867326, 0.02008210334753041, 0.027086590181085175, 0.02079292216434891, 0.026664406959404946, 0.020320940176332677, 0.028249768443893895, 0.020068481059924606, 0.02688485183703792, -0.022038892180442363, 0.027642210730460356, 0.019604521665535512, 0.026506112348089174, 0.01973447511249038, 10.081334366121691]]",
    "monomial_list": "[1, x9, x8, x7, x6, x5, x4, x3, x2, x15, x14, x13, x12, x11, x10, x1]"
}