{
    "name": "Multiplier-1",
    "rational_expression": "6529*x1**2/500 - 7777*x1*x10/50000 - 13579*x1*x11/100000 - 15589*x1*x12/100000 - 6807*x1*x13/50000 - 1953*x1*x14/12500 - 13651*x1*x15/100000 - 15659*x1*x2/100000 - 432*x1*x3/3125 - 7847*x1*x4/50000 - 13721*x1*x5/100000 - 15729*x1*x6/100000 - 3439*x1*x7/25000 - 3941*x1*x8/25000 - 13791*x1*x9/100000 - 1389*x1/1000 + 51*x10**2/5 - 13111*x10*x11/1000000 - 3283*x10*x12/250000 - 411*x10*x13/31250 - 13173*x10*x14/1000000 - 3299*x10*x15/250000 - 6607*x10*x2/500000 - 6807*x10*x3/500000 - 1657*x10*x4/125000 - 6639*x10*x5/500000 - 13297*x10*x6/1000000 - 333*x10*x7/25000 - 6669*x10*x8/500000 - 13361*x10*x9/1000000 - 151*x10/400 + 51*x11**2/5 - 3283*x11*x12/250000 - 411*x11*x13/31250 - 13173*x11*x14/1000000 - 3299*x11*x15/250000 - 6607*x11*x2/500000 - 6807*x11*x3/500000 - 1657*x11*x4/125000 - 6639*x11*x5/500000 - 13297*x11*x6/1000000 - 333*x11*x7/25000 - 6669*x11*x8/500000 - 13361*x11*x9/1000000 - 151*x11/400 + 51*x12**2/5 - 411*x12*x13/31250 - 13173*x12*x14/1000000 - 3299*x12*x15/250000 - 6607*x12*x2/500000 - 6807*x12*x3/500000 - 1657*x12*x4/125000 - 6639*x12*x5/500000 - 13297*x12*x6/1000000 - 333*x12*x7/25000 - 6669*x12*x8/500000 - 13361*x12*x9/1000000 - 151*x12/400 + 51*x13**2/5 - 13173*x13*x14/1000000 - 3299*x13*x15/250000 - 6607*x13*x2/500000 - 6807*x13*x3/500000 - 1657*x13*x4/125000 - 6639*x13*x5/500000 - 13297*x13*x6/1000000 - 333*x13*x7/25000 - 6669*x13*x8/500000 - 13361*x13*x9/1000000 - 151*x13/400 + 51*x14**2/5 - 3299*x14*x15/250000 - 6607*x14*x2/500000 - 6807*x14*x3/500000 - 1657*x14*x4/125000 - 6639*x14*x5/500000 - 13297*x14*x6/1000000 - 333*x14*x7/25000 - 6669*x14*x8/500000 - 13361*x14*x9/1000000 - 151*x14/400 + 10201*x15**2/1000 - 6607*x15*x2/500000 - 6807*x15*x3/500000 - 1657*x15*x4/125000 - 6639*x15*x5/500000 - 13297*x15*x6/1000000 - 333*x15*x7/25000 - 6669*x15*x8/500000 - 13361*x15*x9/1000000 - 151*x15/400 + 51*x2**2/5 - 6807*x2*x3/500000 - 1657*x2*x4/125000 - 6639*x2*x5/500000 - 13297*x2*x6/1000000 - 333*x2*x7/25000 - 6669*x2*x8/500000 - 13361*x2*x9/1000000 - 151*x2/400 + 10199*x3**2/1000 - 6817*x3*x4/500000 - 13657*x3*x5/1000000 - 3419*x3*x6/250000 - 6849*x3*x7/500000 - 13717*x3*x8/1000000 - 687*x3*x9/50000 - 143*x3/400 + 51*x4**2/5 - 6639*x4*x5/500000 - 13297*x4*x6/1000000 - 333*x4*x7/25000 - 6669*x4*x8/500000 - 13361*x4*x9/1000000 - 151*x4/400 + 10201*x5**2/1000 - 13297*x5*x6/1000000 - 333*x5*x7/25000 - 6669*x5*x8/500000 - 13361*x5*x9/1000000 - 151*x5/400 + 51*x6**2/5 - 333*x6*x7/25000 - 6669*x6*x8/500000 - 13361*x6*x9/1000000 - 151*x6/400 + 10201*x7**2/1000 - 6669*x7*x8/500000 - 13361*x7*x9/1000000 - 151*x7/400 + 51*x8**2/5 - 13361*x8*x9/1000000 - 151*x8/400 + 10201*x9**2/1000 - 151*x9/400 + 9929/1000",
    "Q": "[[9.929324151915704, -0.184128780851709, -0.18433887575947117, -0.18404237209921656, -0.18441905560222133, -0.18412883338925704, -0.18436980197185568, -0.18347653451740156, -0.18433699035863188, -0.18409689323566028, -0.18443632137412713, -0.18381616587271182, -0.18426522321215458, -0.18412919178744733, -0.1842869573606127, -0.6904079650171524], [-0.184128780851709, 10.20005263884192, -0.009450436477408303, -0.008818827051547995, -0.009347278003052427, -0.008845937032621284, -0.009414319932977236, -0.008807474243622156, -0.009452547559917233, -0.00882928434978743, -0.009318350764079709, -0.008804480192404436, -0.009527788409986734, -0.008862056151523542, -0.009506039498743426, -0.06979286324297693], [-0.18433887575947117, -0.009450436477408303, 10.199729257431379, -0.009489674760759174, -0.008933856598206351, -0.00946092061670091, -0.008871195733829324, -0.009583022085414289, -0.008835882317831936, -0.009475523621450037, -0.00896119639760905, -0.009532031777394525, -0.00876688818429282, -0.009450830359367692, -0.008786751662722676, -0.07544315001274815], [-0.18404237209921656, -0.008818827051547995, -0.009489674760759174, 10.200077453624587, -0.009374305477986221, -0.008799785422118312, -0.00944932252485417, -0.008748344216462867, -0.009492032052762256, -0.008780602348768055, -0.009341892963663924, -0.008749249179199758, -0.00957592921825331, -0.008818015106743593, -0.00955170180516242, -0.06934842355381406], [-0.18441905560222133, -0.009347278003052427, -0.008933856598206351, -0.009374305477986221, 10.199593709632476, -0.009353711400887182, -0.008955973019943093, -0.009452081905655847, -0.008932574678005052, -0.00936374005824177, -0.009015840160111083, -0.00940833935882838, -0.008887235848074075, -0.009347505300009513, -0.008900297466740226, -0.07463779986648526], [-0.18412883338925704, -0.008845937032621284, -0.00946092061670091, -0.008799785422118312, -0.009353711400887182, 10.200069537112514, -0.009423400471501564, -0.008785529874473522, -0.00946311324049315, -0.00881089882810535, -0.009323625385792993, -0.00878389424518886, -0.009541218289278, -0.008845186778351914, -0.009518649648295966, -0.06966476978763848], [-0.18436980197185568, -0.009414319932977236, -0.008871195733829324, -0.00944932252485417, -0.008955973019943093, -0.009423400471501564, 10.199674262986715, -0.009537233926356109, -0.008869486623938131, -0.009436416759717951, -0.008980130327906585, -0.009488781837840785, -0.008808824567432098, -0.009414656113537256, -0.008826310788400009, -0.07516384441421282], [-0.18347653451740156, -0.008807474243622156, -0.009583022085414289, -0.008748344216462867, -0.009452081905655847, -0.008785529874473522, -0.009537233926356109, 10.199965424050045, -0.009585696277173096, -0.00876318147558703, -0.009415286377563234, -0.00872428576864322, -0.00968081182658354, -0.008806541770276767, -0.009653356088360671, -0.06851999241597569], [-0.18433699035863188, -0.009452547559917233, -0.008835882317831936, -0.009492032052762256, -0.008932574678005052, -0.00946311324049315, -0.008869486623938131, -0.009585696277173096, 10.19973273948447, -0.009477808478355911, -0.008960099957025723, -0.009534557788583926, -0.008764445032128967, -0.00945294479306931, -0.008784445949786846, -0.07545937426830057], [-0.18409689323566028, -0.00882928434978743, -0.009475523621450037, -0.008780602348768055, -0.00936374005824177, -0.00881089882810535, -0.009436416759717951, -0.00876318147558703, -0.009477808478355911, 10.200079729431875, -0.009332348387803271, -0.00876300745602912, -0.00955915591439146, -0.00882849993025003, -0.009535659120368621, -0.06949786573033373], [-0.18443632137412713, -0.009318350764079709, -0.00896119639760905, -0.009341892963663924, -0.009015840160111083, -0.009323625385792993, -0.008980130327906585, -0.009415286377563234, -0.008960099957025723, -0.009332348387803271, 10.199567879587292, -0.009373568978947543, -0.008921380193711876, -0.00931853036832765, -0.00893252869412505, -0.07440756632261551], [-0.18381616587271182, -0.008804480192404436, -0.009532031777394525, -0.008749249179199758, -0.00940833935882838, -0.00878389424518886, -0.009488781837840785, -0.00872428576864322, -0.009534557788583926, -0.00876300745602912, -0.009373568978947543, 10.20003191260577, -0.009624410908679784, -0.008803604828824356, -0.00959847283381158, -0.06894635460116798], [-0.18426522321215458, -0.009527788409986734, -0.00876688818429282, -0.00957592921825331, -0.008887235848074075, -0.009541218289278, -0.008808824567432098, -0.00968081182658354, -0.008764445032128967, -0.00955915591439146, -0.008921380193711876, -0.009624410908679784, 10.19987498851867, -0.009528303291252586, -0.008702944488025735, -0.07603237056771023], [-0.18412919178744733, -0.008862056151523542, -0.009450830359367692, -0.008818015106743593, -0.009347505300009513, -0.008845186778351914, -0.009414656113537256, -0.008806541770276767, -0.00945294479306931, -0.00882849993025003, -0.00931853036832765, -0.008803604828824356, -0.009528303291252586, 10.20005344274018, -0.009506520721998344, -0.06978786944066075], [-0.1842869573606127, -0.009506039498743426, -0.008786751662722676, -0.00955170180516242, -0.008900297466740226, -0.009518649648295966, -0.008826310788400009, -0.009653356088360671, -0.008784445949786846, -0.009535659120368621, -0.00893252869412505, -0.00959847283381158, -0.008702944488025735, -0.009506520721998344, 10.199830239818255, -0.07586767635944307], [-0.6904079650171524, -0.06979286324297693, -0.07544315001274815, -0.06934842355381406, -0.07463779986648526, -0.06966476978763848, -0.07516384441421282, -0.06851999241597569, -0.07545937426830057, -0.06949786573033373, -0.07440756632261551, -0.06894635460116798, -0.07603237056771023, -0.06978786944066075, -0.07586767635944307, 13.057434889605451]]",
    "monomial_list": "[1, x9, x8, x7, x6, x5, x4, x3, x2, x15, x14, x13, x12, x11, x10, x1]"
}