{
    "name": "Multiplier-9",
    "rational_expression": "10071*x1**2/1000 + 36477*x1*x10/10000000 + 8579*x1*x11/2000000 + 36477*x1*x12/10000000 + 45017*x1*x13/10000000 + 19287*x1*x14/5000000 + 8579*x1*x15/2000000 + 36477*x1*x2/10000000 + 45017*x1*x3/10000000 + 9113*x1*x4/2500000 + 8579*x1*x5/2000000 + 9113*x1*x6/2500000 + 45017*x1*x7/10000000 + 36477*x1*x8/10000000 - 1633*x1*x9/12500 - 10591*x1/50000 + 2519*x10**2/250 - 1427*x10*x11/100000 + 11929*x10*x12/2500000 - 14077*x10*x13/1000000 + 24823*x10*x14/5000000 - 14309*x10*x15/1000000 + 47331*x10*x2/10000000 - 3529*x10*x3/250000 + 23557*x10*x4/5000000 - 14347*x10*x5/1000000 + 23461*x10*x6/5000000 - 7077*x10*x7/500000 + 9351*x10*x8/2000000 - 23317*x10*x9/100000 - 4243*x10/20000 + 252*x11**2/25 - 1783*x11*x12/125000 - 13089*x11*x13/1000000 - 14011*x11*x14/1000000 - 2681*x11*x15/200000 - 14303*x11*x2/1000000 - 6583*x11*x3/500000 - 14327*x11*x4/1000000 - 6741*x11*x5/500000 - 7173*x11*x6/500000 - 13243*x11*x7/1000000 - 14361*x11*x8/1000000 - 2269*x11*x9/10000 - 27553*x11/100000 + 2519*x12**2/250 - 14077*x12*x13/1000000 + 24823*x12*x14/5000000 - 14309*x12*x15/1000000 + 47331*x12*x2/10000000 - 3529*x12*x3/250000 + 23557*x12*x4/5000000 - 14347*x12*x5/1000000 + 23461*x12*x6/5000000 - 7077*x12*x7/500000 + 9351*x12*x8/2000000 - 23317*x12*x9/100000 - 4243*x12/20000 + 252*x13**2/25 - 6889*x13*x14/500000 - 13127*x13*x15/1000000 - 14091*x13*x2/1000000 - 3217*x13*x3/250000 - 2823*x13*x4/200000 - 3301*x13*x5/250000 - 7067*x13*x6/500000 - 809*x13*x7/62500 - 3537*x13*x8/250000 - 11233*x13*x9/50000 - 3711*x13/12500 + 10077*x14**2/1000 - 3509*x14*x15/250000 + 49453*x14*x2/10000000 - 13823*x14*x3/1000000 + 49211*x14*x4/10000000 - 7037*x14*x5/500000 + 49019*x14*x6/10000000 - 13861*x14*x7/1000000 + 48877*x14*x8/10000000 - 2887*x14*x9/12500 - 23317*x14/100000 + 252*x15**2/25 - 14303*x15*x2/1000000 - 6583*x15*x3/500000 - 14327*x15*x4/1000000 - 6741*x15*x5/500000 - 7173*x15*x6/500000 - 13243*x15*x7/1000000 - 14361*x15*x8/1000000 - 2269*x15*x9/10000 - 27553*x15/100000 + 2519*x2**2/250 - 3529*x2*x3/250000 + 23557*x2*x4/5000000 - 14347*x2*x5/1000000 + 23461*x2*x6/5000000 - 7077*x2*x7/500000 + 9351*x2*x8/2000000 - 23317*x2*x9/100000 - 4243*x2/20000 + 252*x3**2/25 - 2823*x3*x4/200000 - 3301*x3*x5/250000 - 7067*x3*x6/500000 - 809*x3*x7/62500 - 3537*x3*x8/250000 - 11233*x3*x9/50000 - 3711*x3/12500 + 2519*x4**2/250 - 897*x4*x5/62500 + 2931*x4*x6/625000 - 14159*x4*x7/1000000 + 46729*x4*x8/10000000 - 583*x4*x9/2500 - 10591*x4/50000 + 252*x5**2/25 - 7173*x5*x6/500000 - 13243*x5*x7/1000000 - 14361*x5*x8/1000000 - 2269*x5*x9/10000 - 27553*x5/100000 + 2519*x6**2/250 - 14159*x6*x7/1000000 + 46729*x6*x8/10000000 - 583*x6*x9/2500 - 10591*x6/50000 + 252*x7**2/25 - 3537*x7*x8/250000 - 11233*x7*x9/50000 - 3711*x7/12500 + 2519*x8**2/250 - 23317*x8*x9/100000 - 4243*x8/20000 + 1612*x9**2/125 - 22253*x9/10000 + 10597/1000",
    "Q": "[[10.597326378273738, -1.117745918632897, -0.10534285762545406, -0.1431077005488443, -0.11012701991457272, -0.1411523321236047, -0.10699446680134148, -0.1483130786899042, -0.10524721439436734, -0.14218071343184202, -0.11150580942504712, -0.14561879926686214, -0.1018899496147153, -0.14039970071757843, -0.10285095683573325, -0.10793974407358453], [-1.117745918632897, 12.897271021391807, -0.12165855086819652, -0.10785346073296961, -0.11986083007500556, -0.10857468692950144, -0.12103658018222278, -0.10583196350214596, -0.12169463147608583, -0.10819907949610791, -0.119344494124427, -0.10689485828093095, -0.12296540683229096, -0.10884275858698785, -0.12260087316651096, -0.06472517564546901], [-0.10534285762545406, -0.12165855086819652, 10.076418224416729, -0.0034658622918791377, -0.0020256506540749244, -0.0033886182570051168, -0.0018754055221611864, -0.0037102792377768598, -0.001791189969368446, -0.0034281849240069685, -0.002091533268183694, -0.0035768876807390614, -0.0016270334746213435, -0.00336103604350687, -0.0016741745622105423, -0.0029251117140621412], [-0.1431077005488443, -0.10785346073296961, -0.0034658622918791377, 10.080013138481789, -0.0034490371826513743, -0.003157497962018899, -0.003460809603314684, -0.0030573142713261315, -0.0034661333840351784, -0.0031342208388479027, -0.003442943316732054, -0.003081320734467594, -0.0034738557845743275, -0.0031776845512850116, -0.00347201509400997, -0.0020314201149907677], [-0.11012701991457272, -0.11986083007500556, -0.0020256506540749244, -0.0034490371826513743, 10.076686648940338, -0.003384197910088952, -0.002093873396094479, -0.003660092080491331, -0.0020216943912975483, -0.0034171347509102195, -0.002278813547591098, -0.003544459430664023, -0.0018816710944995804, -0.0033617002790959135, -0.0019219683484483312, -0.0028365785080753723], [-0.1411523321236047, -0.10857468692950144, -0.0033886182570051168, -0.003157497962018899, -0.003384197910088952, 10.079805869825483, -0.0033877921406894004, -0.003116722869693483, -0.003388646202728557, -0.003171084879133128, -0.0033817737173053603, -0.0031312683064341493, -0.0033879732964068646, -0.003207077538922844, -0.0033885086718669637, -0.002094710695191599], [-0.10699446680134148, -0.12103658018222278, -0.0018754055221611864, -0.003460809603314684, -0.002093873396094479, -0.0033877921406894004, 10.076503140427162, -0.0036938045252132633, -0.0018710175626297783, -0.003425100206198065, -0.002156455820019654, -0.0035665103337465002, -0.0017154014362976613, -0.003361942170625534, -0.0017601725711573033, -0.002895298622035467], [-0.1483130786899042, -0.10583196350214596, -0.0037102792377768598, -0.0030573142713261315, -0.003660092080491331, -0.003116722869693483, -0.0036938045252132633, 10.080583096296655, -0.0037112088415338857, -0.003083401224422485, -0.003644257433653933, -0.00299851830934679, -0.003741792237644539, -0.0031444078322425324, -0.003733457099590036, -0.0019051588655807877], [-0.10524721439436734, -0.12169463147608583, -0.001791189969368446, -0.0034661333840351784, -0.0020216943912975483, -0.003388646202728557, -0.0018710175626297783, -0.0037112088415338857, 10.076413576394167, -0.0034283427922259004, -0.002087768172148232, -0.003577465296404527, -0.0016218933072558112, -0.0033609643420199884, -0.0016691685002792752, -0.00292681674977825], [-0.14218071343184202, -0.10819907949610791, -0.0034281849240069685, -0.0031342208388479027, -0.0034171347509102195, -0.003171084879133128, -0.003425100206198065, -0.003083401224422485, -0.0034283427922259004, 10.079916729947595, -0.0034127489042143923, -0.003102977366425361, -0.003432152088339223, -0.003189774205953538, -0.003431420021060051, -0.00205959009203064], [-0.11150580942504712, -0.119344494124427, -0.002091533268183694, -0.003442943316732054, -0.002278813547591098, -0.0033817737173053603, -0.002156455820019654, -0.003644257433653933, -0.002087768172148232, -0.0034127489042143923, 10.076777025865121, -0.003533765817839404, -0.0019545537563164348, -0.003360780230727668, -0.001992892210220224, -0.002809749544996535], [-0.14561879926686214, -0.10689485828093095, -0.0035768876807390614, -0.003081320734467594, -0.003544459430664023, -0.0031312683064341493, -0.0035665103337465002, -0.00299851830934679, -0.003577465296404527, -0.003102977366425361, -0.003533765817839404, 10.080270255925052, -0.003595797242210021, -0.003155154472289812, -0.003590948352926754, -0.0019652028599726444], [-0.1018899496147153, -0.12296540683229096, -0.0016270334746213435, -0.0034738557845743275, -0.0018816710944995804, -0.0033879732964068646, -0.0017154014362976613, -0.003741792237644539, -0.0016218933072558112, -0.003432152088339223, -0.0019545537563164348, -0.003595797242210021, 10.076267705662762, -0.0033568558603565357, -0.0014928146230291444, -0.0029849859427188564], [-0.14039970071757843, -0.10884275858698785, -0.00336103604350687, -0.0031776845512850116, -0.0033617002790959135, -0.003207077538922844, -0.003361942170625534, -0.0031444078322425324, -0.0033609643420199884, -0.003189774205953538, -0.003360780230727668, -0.003155154472289812, -0.0033568558603565357, 10.07971982738586, -0.0033583621688481643, -0.0021234767130941102], [-0.10285095683573325, -0.12260087316651096, -0.0016741745622105423, -0.00347201509400997, -0.0019219683484483312, -0.0033885086718669637, -0.0017601725711573033, -0.003733457099590036, -0.0016691685002792752, -0.003431420021060051, -0.001992892210220224, -0.003590948352926754, -0.0014928146230291444, -0.0033583621688481643, 10.076305960273071, -0.0029686739760323502], [-0.10793974407358453, -0.06472517564546901, -0.0029251117140621412, -0.0020314201149907677, -0.0028365785080753723, -0.002094710695191599, -0.002895298622035467, -0.0019051588655807877, -0.00292681674977825, -0.00205959009203064, -0.002809749544996535, -0.0019652028599726444, -0.0029849859427188564, -0.0021234767130941102, -0.0029686739760323502, 10.070082002633157]]",
    "monomial_list": "[1, x9, x8, x7, x6, x5, x4, x3, x2, x15, x14, x13, x12, x11, x10, x1]"
}