{
    "name": "Multiplier-2",
    "rational_expression": "1261*x1**2/125 + 56327*x1*x10/1000000 + 16069*x1*x11/200000 + 27733*x1*x12/500000 + 81133*x1*x13/1000000 + 14083*x1*x14/250000 + 20051*x1*x15/250000 - 77099*x1*x2/10000000 + 40043*x1*x3/500000 + 10951*x1*x4/200000 + 39569*x1*x5/500000 + 5501*x1*x6/100000 + 78779*x1*x7/1000000 + 54151*x1*x8/1000000 + 9729*x1*x9/125000 - 1811*x1/3125 + 10091*x10**2/1000 + 20131*x10*x11/250000 + 1403*x10*x12/25000 + 81289*x10*x13/1000000 + 14203*x10*x14/250000 + 80359*x10*x15/1000000 - 7033*x10*x2/50000 + 39733*x10*x3/500000 + 679*x10*x4/12500 + 39259*x10*x5/500000 + 74217*x10*x6/1000000 + 78101*x10*x7/1000000 + 73297*x10*x8/1000000 + 38559*x10*x9/500000 - 55593*x10/100000 + 2023*x11**2/200 + 79551*x11*x12/1000000 + 10787*x11*x13/100000 + 40281*x11*x14/500000 + 1333*x11*x15/12500 - 67439*x11*x2/1000000 + 2123*x11*x3/20000 + 78101*x11*x4/1000000 + 10489*x11*x5/100000 + 39199*x11*x6/500000 + 10439*x11*x7/100000 + 38627*x11*x8/500000 + 2063*x11*x9/20000 - 72477*x11/100000 + 1009*x12**2/100 + 16101*x12*x13/200000 + 56213*x12*x14/1000000 + 79599*x12*x15/1000000 - 14367*x12*x2/100000 + 78683*x12*x3/1000000 + 53767*x12*x4/1000000 + 38879*x12*x5/500000 + 36809*x12*x6/500000 + 3867*x12*x7/50000 + 9093*x12*x8/125000 + 76381*x12*x9/1000000 - 1329*x12/2500 + 253*x13**2/25 + 81691*x13*x14/1000000 + 10813*x13*x15/100000 - 30753*x13*x2/500000 + 10767*x13*x3/100000 + 79207*x13*x4/1000000 + 5319*x13*x5/50000 + 79527*x13*x6/1000000 + 2647*x13*x7/25000 + 1959*x13*x8/25000 + 5229*x13*x9/50000 - 7727*x13/10000 + 2019*x14**2/200 + 80997*x14*x15/1000000 - 348*x14*x2/3125 + 40131*x14*x3/500000 + 18643*x14*x4/250000 + 9907*x14*x5/125000 + 7477*x14*x6/100000 + 39419*x14*x7/500000 + 1477*x14*x8/20000 + 9729*x14*x9/125000 - 1811*x14/3125 + 10117*x15**2/1000 - 64421*x15*x2/1000000 + 10693*x15*x3/100000 + 39327*x15*x4/500000 + 2113*x15*x5/20000 + 39487*x15*x6/500000 + 2103*x15*x7/20000 + 77807*x15*x8/1000000 + 10387*x15*x9/100000 - 7491*x15/10000 + 12987*x2**2/1000 - 24883*x2*x3/500000 - 1159*x2*x4/10000 - 3619*x2*x5/50000 - 2799*x2*x6/25000 - 71197*x2*x7/1000000 - 3337*x2*x8/25000 - 36469*x2*x9/500000 - 29957*x2/10000 + 5061*x3**2/500 + 79207*x3*x4/1000000 + 5319*x3*x5/50000 + 79527*x3*x6/1000000 + 2647*x3*x7/25000 + 1959*x3*x8/25000 + 5229*x3*x9/50000 - 7727*x3/10000 + 10093*x4**2/1000 + 39259*x4*x5/500000 + 74217*x4*x6/1000000 + 78101*x4*x7/1000000 + 73297*x4*x8/1000000 + 38559*x4*x9/500000 - 55593*x4/100000 + 2529*x5**2/250 + 39487*x5*x6/500000 + 2103*x5*x7/20000 + 77807*x5*x8/1000000 + 10387*x5*x9/100000 - 7491*x5/10000 + 5047*x6**2/500 + 39419*x6*x7/500000 + 1477*x6*x8/20000 + 9729*x6*x9/125000 - 1811*x6/3125 + 10117*x7**2/1000 + 77807*x7*x8/1000000 + 10387*x7*x9/100000 - 7491*x7/10000 + 2523*x8**2/250 + 38559*x8*x9/500000 - 55593*x8/100000 + 2023*x9**2/200 - 72477*x9/100000 + 302/25",
    "Q": "[[12.080244402275804, -0.367541807286914, -0.27814768825303143, -0.3750395855571811, -0.2891775773847469, -0.3696377024698414, -0.2819080515410847, -0.39014716679315276, -1.5016803413552535, -0.3724520682902864, -0.2924357820757462, -0.3822184598630492, -0.27043386626912, -0.36762254151571594, -0.2725593916713139, -0.2866205621500529], [-0.367541807286914, 10.114909841578317, 0.03830992116455987, 0.04943634525490132, 0.03942932806258237, 0.04876473450348302, 0.03868580329647112, 0.051293846974880423, -0.03381944163545799, 0.04911521778588754, 0.03976957478213993, 0.050323158933367695, 0.03755884567140351, 0.04851283682407725, 0.03776311378029817, 0.03749958982255987], [-0.27814768825303143, 0.03830992116455987, 10.09218175807086, 0.03889991747358997, 0.03267107736232502, 0.03847547594543658, 0.03224316831014516, 0.04008116991336746, -0.0630989556970715, 0.0386968254035135, 0.03286880489233163, 0.03946314708204658, 0.03161099642022357, 0.038316317318890104, 0.031723854095009565, 0.028884520649897476], [-0.3750395855571811, 0.04943634525490132, 0.03889991747358997, 10.117269021032232, 0.04005994528767555, 0.0497055138408608, 0.039289583093603794, 0.052310029002776155, -0.03136696507609489, 0.050066093945921056, 0.040412301816840496, 0.0513101342621306, 0.038120744835695185, 0.04944672661535775, 0.038332721825530214, 0.038275575980532064], [-0.2891775773847469, 0.03942932806258237, 0.03267107736232502, 0.04005994528767555, 10.09451028159887, 0.03960624775893032, 0.03290693343272844, 0.04132190030429373, -0.05949377082296384, 0.0398428757470187, 0.03359366699432343, 0.04066158043862003, 0.032206651235281034, 0.03943616016268493, 0.03233217274539926, 0.029851246554880716], [-0.3696377024698414, 0.04876473450348302, 0.03847547594543658, 0.0497055138408608, 0.03960624775893032, 10.115559482091777, 0.038855215092461946, 0.051578615952479624, -0.03313485612849285, 0.049381792198695595, 0.03994988177844031, 0.0505997724483973, 0.037716532162713194, 0.04877491448049905, 0.03792295962782093, 0.03771655118274308], [-0.2819080515410847, 0.03868580329647112, 0.03224316831014516, 0.039289583093603794, 0.03290693343272844, 0.038855215092461946, 10.09295626765088, 0.04049822137443068, -0.061869491335107864, 0.0390817488676523, 0.03311110304342665, 0.03986584121363073, 0.03180894364436798, 0.03869234742480854, 0.03192612788869534, 0.02920997010680176], [-0.39014716679315276, 0.051293846974880423, 0.04008116991336746, 0.052310029002776155, 0.04132190030429373, 0.051578615952479624, 0.04049822137443068, 10.122261729866944, -0.026397067479792473, 0.051960183000991964, 0.041698309805774464, 0.053276459934922214, 0.03924624783660795, 0.05130482303386105, 0.0394735222058481, 0.03982903976487866], [-1.5016803413552535, -0.03381944163545799, -0.0630989556970715, -0.03136696507609489, -0.05949377082296384, -0.03313485612849285, -0.061869491335107864, -0.026397067479792473, 12.987633306109386, -0.03221463389987276, -0.05842954399546351, -0.029007253973244124, -0.06562420354579264, -0.033793070125057195, -0.06492819722214602, -0.006468140117065568], [-0.3724520682902864, 0.04911521778588754, 0.0386968254035135, 0.050066093945921056, 0.0398428757470187, 0.049381792198695595, 0.0390817488676523, 0.051960183000991964, -0.03221463389987276, 10.116444097523518, 0.0401910644833107, 0.050970354716623575, 0.03792731341211428, 0.049125499295317315, 0.03813664041483196, 0.03800800358880116], [-0.2924357820757462, 0.03976957478213993, 0.03286880489233163, 0.040412301816840496, 0.03359366699432343, 0.03994988177844031, 0.03311110304342665, 0.041698309805774464, -0.05842954399546351, 0.0401910644833107, 10.095229296958081, 0.041025390939274965, 0.03239098330024318, 0.039776536791231505, 0.03252021517369129, 0.030143662616318668], [-0.3822184598630492, 0.050323158933367695, 0.03946314708204658, 0.0513101342621306, 0.04066158043862003, 0.0505997724483973, 0.03986584121363073, 0.053276459934922214, -0.029007253973244124, 0.050970354716623575, 0.041025390939274965, 10.119611159644016, 0.03865744383196389, 0.050333821259745996, 0.03887669951737657, 0.039015665872335556], [-0.27043386626912, 0.03755884567140351, 0.03161099642022357, 0.038120744835695185, 0.032206651235281034, 0.037716532162713194, 0.03180894364436798, 0.03924624783660795, -0.06562420354579264, 0.03792731341211428, 0.03239098330024318, 0.03865744383196389, 10.090658211032402, 0.037564939833002346, 0.031328679916770706, 0.028231415923517744], [-0.36762254151571594, 0.04851283682407725, 0.038316317318890104, 0.04944672661535775, 0.03943616016268493, 0.04877491448049905, 0.03869234742480854, 0.05130482303386105, -0.033793070125057195, 0.049125499295317315, 0.039776536791231505, 0.050333821259745996, 0.037564939833002346, 10.114934706240966, 0.03776929083542351, 0.037507938292161404], [-0.2725593916713139, 0.03776311378029817, 0.031723854095009565, 0.038332721825530214, 0.03233217274539926, 0.03792295962782093, 0.03192612788869534, 0.0394735222058481, -0.06492819722214602, 0.03813664041483196, 0.03252021517369129, 0.03887669951737657, 0.031328679916770706, 0.03776929083542351, 10.091069000728803, 0.028409422473557277], [-0.2866205621500529, 0.03749958982255987, 0.028884520649897476, 0.038275575980532064, 0.029851246554880716, 0.03771655118274308, 0.02920997010680176, 0.03982903976487866, -0.006468140117065568, 0.03800800358880116, 0.030143662616318668, 0.039015665872335556, 0.028231415923517744, 0.037507938292161404, 0.028409422473557277, 10.087322499244914]]",
    "monomial_list": "[1, x9, x8, x7, x6, x5, x4, x3, x2, x15, x14, x13, x12, x11, x10, x1]"
}