{
    "name": "Multiplier-15",
    "rational_expression": "10071*x1**2/1000 - 4009*x1*x10/250000 + 43027*x1*x11/10000000 - 15883*x1*x12/1000000 + 8567*x1*x13/2000000 + 36389*x1*x14/10000000 - 13053*x1*x15/100000 + 21149*x1*x2/10000000 + 3701*x1*x3/1250000 + 21149*x1*x4/10000000 + 27493*x1*x5/10000000 + 5281*x1*x6/2500000 + 27493*x1*x7/10000000 + 21149*x1*x8/10000000 + 27493*x1*x9/10000000 - 21141*x1/100000 + 10077*x10**2/1000 - 14321*x10*x11/1000000 + 4979*x10*x12/1000000 - 717*x10*x13/50000 + 5877*x10*x14/1250000 - 23253*x10*x15/100000 + 21533*x10*x2/10000000 - 8353*x10*x3/500000 + 21341*x10*x4/10000000 + 13843*x10*x5/5000000 + 5329*x10*x6/2500000 - 8467*x10*x7/500000 + 21149*x10*x8/10000000 + 27493*x10*x9/10000000 - 21141*x10/100000 + 252*x11**2/25 - 7029*x11*x12/500000 - 671*x11*x13/50000 - 14303*x11*x14/1000000 - 22531*x11*x15/100000 + 2807*x11*x2/1000000 - 7871*x11*x3/500000 - 16873*x11*x4/1000000 - 2007*x11*x5/125000 - 16897*x11*x6/1000000 - 8047*x11*x7/500000 + 27493*x11*x8/10000000 - 16113*x11*x9/1000000 - 27457*x11/100000 + 5039*x12**2/500 - 14081*x12*x13/1000000 + 49573*x12*x14/10000000 - 1033*x12*x15/4000 + 21533*x12*x2/10000000 - 8353*x12*x3/500000 + 21341*x12*x4/10000000 + 13843*x12*x5/5000000 + 5329*x12*x6/2500000 - 8467*x12*x7/500000 + 21149*x12*x8/10000000 + 27493*x12*x9/10000000 - 21141*x12/100000 + 252*x13**2/25 - 14303*x13*x14/1000000 - 22479*x13*x15/100000 - 16873*x13*x2/1000000 - 15723*x13*x3/1000000 - 16873*x13*x4/1000000 - 16037*x13*x5/1000000 - 16897*x13*x6/1000000 - 643*x13*x7/40000 - 1693*x13*x8/100000 - 16113*x13*x9/1000000 - 27457*x13/100000 + 10077*x14**2/1000 - 23209*x14*x15/100000 + 217*x14*x2/100000 - 521*x14*x3/31250 + 217*x14*x4/100000 - 16901*x14*x5/1000000 + 21483*x14*x6/10000000 - 423*x14*x7/25000 + 5281*x14*x8/2500000 - 16939*x14*x9/1000000 - 5277*x14/25000 + 1612*x15**2/125 - 5977*x15*x2/25000 - 10461*x15*x3/50000 - 5977*x15*x4/25000 - 21193*x15*x5/100000 - 4787*x15*x6/20000 - 10621*x15*x7/50000 - 23979*x15*x8/100000 - 21291*x15*x9/100000 - 887*x15/400 + 10077*x2**2/1000 - 8343*x2*x3/500000 + 21533*x2*x4/10000000 - 3383*x2*x5/200000 + 5329*x2*x6/2500000 - 8467*x2*x7/500000 + 21149*x2*x8/10000000 + 27493*x2*x9/10000000 - 21141*x2/100000 + 10081*x3**2/1000 - 16661*x3*x4/1000000 - 197*x3*x5/12500 - 3337*x3*x6/200000 - 7899*x3*x7/500000 - 16719*x3*x8/1000000 - 15837*x3*x9/1000000 - 1849*x3/6250 + 10077*x4**2/1000 - 264*x4*x5/15625 + 5377*x4*x6/2500000 - 3383*x4*x7/200000 + 21149*x4*x8/10000000 - 8467*x4*x9/500000 - 21141*x4/100000 + 252*x5**2/25 - 16897*x5*x6/1000000 - 643*x5*x7/40000 - 1693*x5*x8/100000 - 16113*x5*x9/1000000 - 27457*x5/100000 + 10077*x6**2/1000 - 423*x6*x7/25000 + 5281*x6*x8/2500000 - 16939*x6*x9/1000000 - 5277*x6/25000 + 252*x7**2/25 - 1693*x7*x8/100000 - 16113*x7*x9/1000000 - 27457*x7/100000 + 10077*x8**2/1000 + 27493*x8*x9/10000000 - 21141*x8/100000 + 252*x9**2/25 - 27457*x9/100000 + 264/25",
    "Q": "[[10.560235090260406, -0.13721273701234107, -0.10384129013804548, -0.13982591073070424, -0.10842441369299655, -0.13795948217078316, -0.10542468155202415, -0.14478515362681207, -0.1037495577787948, -1.1111084979741723, -0.10974337379421839, -0.14222172793487944, -0.10052663150956984, -0.13724177784964364, -0.10144977817312127, -0.10512847097867054], [-0.13721273701234107, 10.079878093194223, -0.0036675776438030916, -0.0037996072015549984, -0.0037040631596191123, -0.003815725494255594, -0.0036806169895613017, -0.0038024974151650787, -0.003666810710422287, -0.10941615806151095, -0.0037138609162278994, -0.0037941343171899815, -0.003638847908355746, -0.0038258456581056347, -0.003647073234833381, -0.0026413354715251742], [-0.10384129013804548, -0.0036675776438030916, 10.077094027201618, -0.003786324559154189, -0.00220716878532025, -0.00370033469290794, -0.0020461127077368102, -0.00405109920707777, -0.001956035992142376, -0.12188806495382862, -0.0022779338561928594, -0.003907271717187859, -0.0017811676151442348, -0.00366883781044899, -0.0018313265113033968, -0.0031915410978872083], [-0.13982591073070424, -0.0037996072015549984, -0.003786324559154189, 10.080123899302732, -0.0038058499562779904, -0.003784163706224213, -0.0037935836195689934, -0.0037340117815642692, -0.0037858902321867144, -0.10845265404066795, -0.0038106339922118993, -0.0037385452631267524, -0.0037694140547490864, -0.003798970033573695, -0.0037743874841945162, -0.0025630902832488173], [-0.10842441369299655, -0.0037040631596191123, -0.00220716878532025, -0.0038058499562779904, 10.077316002169395, -0.003731700870939964, -0.002281820600495647, -0.0040390592418048776, -0.002202843920898269, -0.12012654325635297, -0.002484991579992983, -0.003912035411365241, -0.002050231913563681, -0.0037051200293757905, -0.002094070967896513, -0.0031335448067354235], [-0.13795948217078316, -0.003815725494255594, -0.00370033469290794, -0.003784163706224213, -0.003731700870939964, 10.079953003989845, -0.0037116288822261513, -0.003779462418036755, -0.0036996681863139635, -0.1091486665894851, -0.003739986422292646, -0.003774913801292899, -0.0036751702458222993, -0.0038152200406498336, -0.0036824157222935658, -0.002615721504291532], [-0.10542468155202415, -0.0036806169895613017, -0.0020461127077368102, -0.0037935836195689934, -0.002281820600495647, -0.0037116288822261513, 10.077163862852288, -0.004047551271440355, -0.00204138977787233, -0.12127835234403003, -0.002349555622087328, -0.003909493057744863, -0.0018744005410208046, -0.0036818078369562457, -0.0019223678149549396, -0.0031720414424746247], [-0.14478515362681207, -0.0038024974151650787, -0.00405109920707777, -0.0037340117815642692, -0.0040390592418048776, -0.003779462418036755, -0.004047551271440355, 10.08058906040651, -0.004051288210591628, -0.10648572191826254, -0.004034599845125938, -0.0036934372717610554, -0.004056477661757974, -0.0038015571899529606, -0.004055290367209882, -0.002467893261706468], [-0.1037495577787948, -0.003666810710422287, -0.001956035992142376, -0.0037858902321867144, -0.002202843920898269, -0.0036996681863139635, -0.00204138977787233, -0.004051288210591628, 10.077090223018322, -0.12192344370222355, -0.002273784664285273, -0.003907127468148627, -0.0017757506721469511, -0.0036680748665286556, -0.0018260338208085985, -0.003192655920448587], [-1.1111084979741723, -0.10941615806151095, -0.12188806495382862, -0.10845265404066795, -0.12012654325635297, -0.1091486665894851, -0.12127835234403003, -0.10648572191826254, -0.12192344370222355, 12.896786808510875, -0.119621046239924, -0.10752221264693858, -0.12317011241077144, -0.10940589980596759, -0.12281238299544901, -0.06525279142601019], [-0.10974337379421839, -0.0037138609162278994, -0.0022779338561928594, -0.0038106339922118993, -0.002484991579992983, -0.003739986422292646, -0.002349555622087328, -0.004034599845125938, -0.002273784664285273, -0.119621046239924, 10.077391417781524, -0.003912465071244454, -0.0021274335851020148, -0.003714857767542232, -0.0021694703500028984, -0.0031159243791859], [-0.14222172793487944, -0.0037941343171899815, -0.003907271717187859, -0.0037385452631267524, -0.003912035411365241, -0.003774913801292899, -0.003909493057744863, -0.0036934372717610554, -0.003907127468148627, -0.10752221264693858, -0.003912465071244454, 10.080332819285681, -0.003900698553676491, -0.0037933439168824005, -0.00390282149974438, -0.0025111487518801813], [-0.10052663150956984, -0.003638847908355746, -0.0017811676151442348, -0.0037694140547490864, -0.002050231913563681, -0.0036751702458222993, -0.0018744005410208046, -0.004056477661757974, -0.0017757506721469511, -0.12317011241077144, -0.0021274335851020148, -0.003900698553676491, 10.07697188126205, -0.003640249699482067, -0.0016398640445098498, -0.003230617271330361], [-0.13724177784964364, -0.0038258456581056347, -0.00366883781044899, -0.003798970033573695, -0.0037051200293757905, -0.0038152200406498336, -0.0036818078369562457, -0.0038015571899529606, -0.0036680748665286556, -0.10940589980596759, -0.003714857767542232, -0.0037933439168824005, -0.003640249699482067, 10.079881133847868, -0.0036484361027318358, -0.0026402938428420385], [-0.10144977817312127, -0.003647073234833381, -0.0018313265113033968, -0.0037743874841945162, -0.002094070967896513, -0.0036824157222935658, -0.0019223678149549396, -0.004055290367209882, -0.0018260338208085985, -0.12281238299544901, -0.0021694703500028984, -0.00390282149974438, -0.0016398640445098498, -0.0036484361027318358, 10.077002677081646, -0.003219988495964188], [-0.10512847097867054, -0.0026413354715251742, -0.0031915410978872083, -0.0025630902832488173, -0.0031335448067354235, -0.002615721504291532, -0.0031720414424746247, -0.002467893261706468, -0.003192655920448587, -0.06525279142601019, -0.0031159243791859, -0.0025111487518801813, -0.003230617271330361, -0.0026402938428420385, -0.003219988495964188, 10.07023793965717]]",
    "monomial_list": "[1, x9, x8, x7, x6, x5, x4, x3, x2, x15, x14, x13, x12, x11, x10, x1]"
}