{
    "name": "Multiplier-7",
    "rational_expression": "10071*x1**2/1000 - 16039*x1*x10/1000000 + 547*x1*x11/125000 - 203*x1*x12/12500 + 2723*x1*x13/625000 - 8011*x1*x14/500000 + 2711*x1*x15/625000 - 16039*x1*x2/1000000 + 9059*x1*x3/2000000 - 16039*x1*x4/1000000 + 2687*x1*x5/625000 - 16041*x1*x6/1000000 - 13069*x1*x7/100000 + 21113*x1*x8/10000000 + 13723*x1*x9/5000000 - 4221*x1/20000 + 10077*x10**2/1000 - 2857*x10*x11/200000 + 22699*x10*x12/5000000 - 447*x10*x13/31250 + 5923*x10*x14/1250000 - 3581*x10*x15/250000 + 47217*x10*x2/10000000 - 7067*x10*x3/500000 + 1881*x10*x4/400000 - 7181*x10*x5/500000 + 5851*x10*x6/1250000 - 23301*x10*x7/100000 + 4261*x10*x8/2000000 - 16939*x10*x9/1000000 - 4221*x10/20000 + 252*x11**2/25 - 14569*x11*x12/1000000 - 6693*x11*x13/500000 - 7143*x11*x14/500000 - 839*x11*x15/62500 - 179*x11*x2/12500 - 3297*x11*x3/250000 - 14339*x11*x4/1000000 - 13501*x11*x5/1000000 - 14363*x11*x6/1000000 - 5663*x11*x7/25000 - 4229*x11*x8/250000 - 403*x11*x9/25000 - 2741*x11/10000 + 10077*x12**2/1000 - 228*x12*x13/15625 + 45131*x12*x14/10000000 - 3653*x12*x15/250000 + 22507*x12*x2/5000000 - 14439*x12*x3/1000000 + 22411*x12*x4/5000000 - 293*x12*x5/20000 + 22277*x12*x6/5000000 - 1177*x12*x7/5000 + 9551*x12*x8/5000000 + 24757*x12*x9/10000000 - 9523*x12/50000 + 252*x13**2/25 - 7143*x13*x14/500000 - 839*x13*x15/62500 - 179*x13*x2/12500 - 3297*x13*x3/250000 - 14339*x13*x4/1000000 - 13501*x13*x5/1000000 - 14363*x13*x6/1000000 - 5663*x13*x7/25000 - 4229*x13*x8/250000 - 403*x13*x9/25000 - 2741*x13/10000 + 10077*x14**2/1000 - 14309*x14*x15/1000000 + 5899*x14*x2/1250000 - 14119*x14*x3/1000000 + 47*x14*x4/10000 - 3587*x14*x5/250000 - 14999*x14*x6/1000000 - 2913*x14*x7/12500 + 133*x14*x8/62500 - 1059*x14*x9/62500 - 1317*x14/6250 + 252*x15**2/25 - 179*x15*x2/12500 - 3297*x15*x3/250000 - 14339*x15*x4/1000000 - 13501*x15*x5/1000000 - 14363*x15*x6/1000000 - 5663*x15*x7/25000 - 4229*x15*x8/250000 - 403*x15*x9/25000 - 2741*x15/10000 + 10077*x2**2/1000 - 7067*x2*x3/500000 + 1881*x2*x4/400000 - 7181*x2*x5/500000 + 5851*x2*x6/1250000 - 23301*x2*x7/100000 + 4261*x2*x8/2000000 - 16939*x2*x9/1000000 - 4221*x2/20000 + 10081*x3**2/1000 - 883*x3*x4/62500 - 529*x3*x5/40000 - 1769*x3*x6/125000 - 22429*x3*x7/100000 - 3341*x3*x8/200000 - 15843*x3*x9/1000000 - 14767*x3/50000 + 10077*x4**2/1000 - 7181*x4*x5/500000 + 5851*x4*x6/1250000 - 23301*x4*x7/100000 + 4261*x4*x8/2000000 - 16939*x4*x9/1000000 - 4221*x4/20000 + 252*x5**2/25 - 14363*x5*x6/1000000 - 5663*x5*x7/25000 - 4229*x5*x8/250000 - 403*x5*x9/25000 - 2741*x5/10000 + 10077*x6**2/1000 - 2913*x6*x7/12500 + 133*x6*x8/62500 - 1059*x6*x9/62500 - 1317*x6/6250 + 1612*x7**2/125 - 23959*x7*x8/100000 - 1331*x7*x9/6250 - 22137*x7/10000 + 10077*x8**2/1000 - 16939*x8*x9/1000000 - 4221*x8/20000 + 252*x9**2/25 - 2741*x9/10000 + 5271/500",
    "Q": "[[10.5421137974957, -0.13588990179793592, -0.10325444453605934, -1.107880800331151, -0.1077501834103593, -0.136619506700222, -0.10480814347398261, -0.14328777575155952, -0.103164415795678, -0.13757880733533726, -0.10904319552051296, -0.1407850630740379, -0.10000015307896433, -0.13591827199002549, -0.10090673420164448, -0.10391913624993959], [-0.13588990179793592, 10.080042266140467, -0.0037838920092548617, -0.10964653750955976, -0.003834300467649129, -0.004053769295421004, -0.0038016534551656733, -0.0040611864303412345, -0.0037828542773026335, -0.004046604664083398, -0.003848255542736647, -0.004045109392113892, -0.003745578381455684, -0.004061487526231024, -0.0037564314823862344, -0.002847641073027591], [-0.10325444453605934, -0.0037838920092548617, 10.077459228040336, -0.12199894260479496, -0.0022815983017118987, -0.0038181464383794084, -0.0021169508793489502, -0.0041801442856490775, -0.0020249086166176534, -0.003864282141249347, -0.0023539744998930974, -0.004032223303686698, -0.0018464185595139305, -0.0037852062240253167, -0.001897606868842697, -0.003291851570351647], [-1.107880800331151, -0.10964653750955976, -0.12199894260479496, 12.896409191286033, -0.1202515837688756, -0.1093830747035684, -0.12139405677242514, -0.10675286509549531, -0.12203404382010048, -0.10902643587077555, -0.11975027731045179, -0.1077778383620673, -0.12327108700914141, -0.10963643906643654, -0.12291609323144563, -0.06547334693673611], [-0.1077501834103593, -0.003834300467649129, -0.0022815983017118987, -0.1202515837688756, 10.077663960034625, -0.003863536267194002, -0.0023584639018850184, -0.004183096599869308, -0.002277146101480639, -0.003903465954195801, -0.0025678567858887164, -0.004051629364914624, -0.002120158008637696, -0.0038354165058702787, -0.002165235366172785, -0.0032462287275045873], [-0.136619506700222, -0.004053769295421004, -0.0038181464383794084, -0.1093830747035684, -0.003863536267194002, 10.080110482693419, -0.0038341966925572275, -0.004040841806547929, -0.0038172071930060824, -0.004035237821703689, -0.0038760095336273183, -0.004028503537180306, -0.0037833301764775514, -0.004053366344644923, -0.0037932217936639287, -0.0028241462146868057], [-0.10480814347398261, -0.0038016534551656733, -0.0021169508793489502, -0.12139405677242514, -0.0023584639018850184, -0.0038341966925572275, 10.07752347102095, -0.0041816812983746865, -0.0021121140858004076, -0.003878217495749131, -0.0024279183123934052, -0.0040394107659258854, -0.0019412362799298313, -0.003802900085977644, -0.0019903039415138024, -0.003276535251287385], [-0.14328777575155952, -0.0040611864303412345, -0.0041801442856490775, -0.10675286509549531, -0.004183096599869308, -0.004040841806547929, -0.0041816812983746865, 10.080682104161555, -0.0041800417663159775, -0.004018234471055645, -0.004183105554727393, -0.003968972911680879, -0.0041752117931917535, -0.004060355870751729, -0.004176850107187336, -0.00269465886237675], [-0.103164415795678, -0.0037828542773026335, -0.0020249086166176534, -0.12203404382010048, -0.002277146101480639, -0.0038172071930060824, -0.0021121140858004076, -0.0041800417663159775, 10.077455736508112, -0.0038634645883889444, -0.0023496917765452705, -0.004031794293335403, -0.0018409112492135259, -0.0037841723818823766, -0.0018922199298074221, -0.0032927268552064306], [-0.13757880733533726, -0.004046604664083398, -0.003864282141249347, -0.10902643587077555, -0.003903465954195801, -0.004035237821703689, -0.003878217495749131, -0.004018234471055645, -0.0038634645883889444, 10.080193595533615, -0.003914104264380047, -0.0040106320043993265, -0.003833789316433281, -0.004046129892537164, -0.0038424916024761137, -0.0027972720564175663], [-0.10904319552051296, -0.003848255542736647, -0.0023539744998930974, -0.11975027731045179, -0.0025678567858887164, -0.0038760095336273183, -0.0024279183123934052, -0.004183105554727393, -0.0023496917765452705, -0.003914104264380047, 10.077733830786826, -0.004056429579724726, -0.002198746204946178, -0.0038493130960785167, -0.0022420833377494323, -0.0032323307543968755], [-0.1407850630740379, -0.004045109392113892, -0.004032223303686698, -0.1077778383620673, -0.004051629364914624, -0.004028503537180306, -0.0040394107659258854, -0.003968972911680879, -0.004031794293335403, -0.0040106320043993265, -0.004056429579724726, 10.080451354934437, -0.004015574538294563, -0.004044425417062622, -0.004020459319022392, -0.002730825983696553], [-0.10000015307896433, -0.003745578381455684, -0.0018464185595139305, -0.12327108700914141, -0.002120158008637696, -0.0037833301764775514, -0.0019412362799298313, -0.0041752117931917535, -0.0018409112492135259, -0.003833789316433281, -0.002198746204946178, -0.004015574538294563, 10.077347579339614, -0.0037470307083320377, -0.0017027818740185784, -0.0033224689381236225], [-0.13591827199002549, -0.004061487526231024, -0.0037852062240253167, -0.10963643906643654, -0.0038354165058702787, -0.004053366344644923, -0.003802900085977644, -0.004060355870751729, -0.0037841723818823766, -0.004046129892537164, -0.0038493130960785167, -0.004044425417062622, -0.0037470307083320377, 10.080045054868052, -0.003757845842655552, -0.0028466879653805833], [-0.10090673420164448, -0.0037564314823862344, -0.001897606868842697, -0.12291609323144563, -0.002165235366172785, -0.0037932217936639287, -0.0019903039415138024, -0.004176850107187336, -0.0018922199298074221, -0.0038424916024761137, -0.0022420833377494323, -0.004020459319022392, -0.0017027818740185784, -0.003757845842655552, 10.077375619987308, -0.003314156398570683], [-0.10391913624993959, -0.002847641073027591, -0.003291851570351647, -0.06547334693673611, -0.0032462287275045873, -0.0028241462146868057, -0.003276535251287385, -0.00269465886237675, -0.0032927268552064306, -0.0027972720564175663, -0.0032323307543968755, -0.002730825983696553, -0.0033224689381236225, -0.0028466879653805833, -0.003314156398570683, 10.070373473667937]]",
    "monomial_list": "[1, x9, x8, x7, x6, x5, x4, x3, x2, x15, x14, x13, x12, x11, x10, x1]"
}