{
    "name": "Multiplier-10",
    "rational_expression": "1009*x1**2/100 - 25007*x1*x10/5000000 + 82301*x1*x11/1000000 + 5711*x1*x12/100000 + 20649*x1*x13/250000 + 38873*x1*x14/500000 + 41077*x1*x15/500000 + 11291*x1*x2/200000 + 41247*x1*x3/500000 + 56763*x1*x4/1000000 + 40397*x1*x5/500000 + 76111*x1*x6/1000000 + 20253*x1*x7/250000 + 55489*x1*x8/1000000 + 40003*x1*x9/500000 - 12229*x1/20000 + 6499*x10**2/500 - 24981*x10*x11/500000 - 1419*x10*x12/12500 - 45719*x10*x13/1000000 - 333*x10*x14/3125 - 557*x10*x15/12500 - 5581*x10*x2/50000 - 8141*x10*x3/200000 - 2689*x10*x4/25000 - 22761*x10*x5/500000 - 10661*x10*x6/100000 - 10309*x10*x7/250000 - 10871*x10*x8/100000 - 43287*x10*x9/1000000 - 15413*x10/5000 + 10119*x11**2/1000 + 81443*x11*x12/1000000 + 1373*x11*x13/12500 + 41357*x11*x14/500000 + 10931*x11*x15/100000 + 2519*x11*x2/31250 + 5483*x11*x3/50000 + 80983*x11*x4/1000000 + 5373*x11*x5/50000 + 16113*x11*x6/200000 + 539*x11*x7/5000 + 9917*x11*x8/125000 + 2661*x11*x9/25000 - 39121*x11/50000 + 10093*x12**2/1000 + 81979*x12*x13/1000000 + 77293*x12*x14/1000000 + 81537*x12*x15/1000000 + 75667*x12*x2/1000000 + 20443*x12*x3/250000 + 75919*x12*x4/1000000 + 4003*x12*x5/50000 + 18891*x12*x6/250000 + 40139*x12*x7/500000 + 9323*x12*x8/125000 + 19803*x12*x9/250000 - 58681*x12/100000 + 81*x13**2/8 + 83367*x13*x14/1000000 + 2203*x13*x15/20000 + 81237*x13*x2/1000000 + 2211*x13*x3/20000 + 81613*x13*x4/1000000 + 1083*x13*x5/10000 + 16239*x13*x6/200000 + 679*x13*x7/6250 + 39983*x13*x8/500000 + 1341*x13*x9/12500 - 4039*x13/5000 + 5049*x14**2/500 + 2601*x14*x15/31250 + 1923*x14*x2/25000 + 2611*x14*x3/25000 + 19283*x14*x4/250000 + 40823*x14*x5/500000 + 76777*x14*x6/1000000 + 2559*x14*x7/31250 + 37887*x14*x8/500000 + 80799*x14*x9/1000000 - 63609*x14/100000 + 10121*x15**2/1000 + 81237*x15*x2/1000000 + 2211*x15*x3/20000 + 81613*x15*x4/1000000 + 1083*x15*x5/10000 + 16239*x15*x6/200000 + 679*x15*x7/6250 + 39983*x15*x8/500000 + 1341*x15*x9/12500 - 4039*x15/5000 + 2019*x2**2/200 + 20443*x2*x3/250000 + 75919*x2*x4/1000000 + 4003*x2*x5/50000 + 18891*x2*x6/250000 + 40139*x2*x7/500000 + 9323*x2*x8/125000 + 19803*x2*x9/250000 - 58681*x2/100000 + 1266*x3**2/125 + 41141*x3*x4/500000 + 1091*x3*x5/10000 + 5137*x3*x6/50000 + 342*x3*x7/3125 + 40263*x3*x8/500000 + 10803*x3*x9/100000 - 83169*x3/100000 + 1262*x4**2/125 + 80853*x4*x5/1000000 + 7617*x4*x6/100000 + 81071*x4*x7/1000000 + 75191*x4*x8/1000000 + 40003*x4*x9/500000 - 12229*x4/20000 + 253*x5**2/25 + 16113*x5*x6/200000 + 539*x5*x7/5000 + 9917*x5*x8/125000 + 2661*x5*x9/25000 - 39121*x5/50000 + 10097*x6**2/1000 + 81071*x6*x7/1000000 + 75191*x6*x8/1000000 + 40003*x6*x9/500000 - 12229*x6/20000 + 10123*x7**2/1000 + 39983*x7*x8/500000 + 1341*x7*x9/12500 - 4039*x7/5000 + 5047*x8**2/500 + 19803*x8*x9/250000 - 58681*x8/100000 + 253*x9**2/25 - 39121*x9/50000 + 1529/125",
    "Q": "[[12.23162430188841, -0.393501811134344, -0.2981151440989371, -0.4015149655917242, -0.3098550133636284, -0.3957404539883761, -0.30211726342945666, -0.41768084451228654, -0.2978849197468067, -0.3987482778101449, -0.31332465800880965, -0.4091949605517342, -0.28991598669815316, -0.3935880208929554, -1.5416538694366018, -0.30681889768541354], [-0.393501811134344, 10.119806277687456, 0.04317213414533657, 0.05558278293891946, 0.044429159526678676, 0.05483749493065535, 0.04359462507020208, 0.05764827746678302, 0.043148029597252044, 0.055226289767020494, 0.04481060056421242, 0.05656818208905957, 0.042326764853594843, 0.054558277224801874, -0.02539433914376027, 0.042103269683925824], [-0.2981151440989371, 0.04317213414533657, 10.094831513127838, 0.04384109502624321, 0.036717731552252525, 0.0433596011203422, 0.03621808118123053, 0.04518404542631077, 0.035953239408606875, 0.043610591424877464, 0.03694788587066848, 0.044480871058418456, 0.035474134721316275, 0.04317937230291733, -0.056411651557472256, 0.03256765337732478], [-0.4015149655917242, 0.05558278293891946, 0.04384109502624321, 10.122392047736383, 0.04514147120323742, 0.05588074855832325, 0.04427830572542612, 0.05877154367550783, 0.043816145048399646, 0.056280208443361006, 0.04553582972897383, 0.05766036551119552, 0.04296578046176611, 0.05559427265050799, -0.02279106926504612, 0.0429582781503716], [-0.3098550133636284, 0.044429159526678676, 0.036717731552252525, 0.04514147120323742, 10.097399569121938, 0.04462874559611455, 0.03699131812940098, 0.04657073514315806, 0.036702175006204256, 0.04489603999619096, 0.03778563084899309, 0.04582231697298418, 0.03617569667545391, 0.044436862462246714, -0.052601127409031494, 0.033641895778316874], [-0.3957404539883761, 0.05483749493065535, 0.0433596011203422, 0.05588074855832325, 0.04462874559611455, 10.12051779304544, 0.04378620827334523, 0.05796279772362744, 0.043335260075766296, 0.055521516887528134, 0.045013796666961745, 0.05687404176527844, 0.042505853552912025, 0.05484877209109027, -0.02466785037467059, 0.04234209148288216], [-0.30211726342945666, 0.04359462507020208, 0.03621808118123053, 0.04427830572542612, 0.03699131812940098, 0.04378620827334523, 10.095686811918709, 0.045650554400425127, 0.036203396716633376, 0.044042734657702816, 0.03722827608772627, 0.0449320208005498, 0.03570778719262779, 0.04360202111963298, -0.05511203950341638, 0.03292953134566416], [-0.41768084451228654, 0.05764827746678302, 0.04518404542631077, 0.05877154367550783, 0.04657073514315806, 0.05796279772362744, 0.045650554400425127, 10.127864684702123, 0.045157413859816205, 0.05838455199747857, 0.046990814408436644, 0.059841757710269554, 0.04424915803120697, 0.057660397309801464, -0.0175130512997517, 0.044674737884275534], [-0.2978849197468067, 0.043148029597252044, 0.035953239408606875, 0.043816145048399646, 0.036702175006204256, 0.043335260075766296, 0.036203396716633376, 0.045157413859816205, 10.094782959428828, 0.04358593241446441, 0.036931937896257525, 0.04445512092873435, 0.0354609048419597, 0.0431552586815761, -0.05648644871978719, 0.03254698013479867], [-0.3987482778101449, 0.055226289767020494, 0.043610591424877464, 0.056280208443361006, 0.04489603999619096, 0.055521516887528134, 0.044042734657702816, 0.05838455199747857, 0.04358593241446441, 10.121487471972856, 0.045285949202729714, 0.05728410716286638, 0.04274558129901559, 0.0552376738572796, -0.02369103947484131, 0.042663208014546115], [-0.31332465800880965, 0.04481060056421242, 0.03694788587066848, 0.04553582972897383, 0.03778563084899309, 0.045013796666961745, 0.03722827608772627, 0.046990814408436644, 0.036931937896257525, 0.045285949202729714, 10.09819073682217, 0.046228919802892274, 0.03639173596037972, 0.04481844191625667, -0.051475995229191336, 0.03396647926245988], [-0.4091949605517342, 0.05656818208905957, 0.044480871058418456, 0.05766036551119552, 0.04582231697298418, 0.05687404176527844, 0.0449320208005498, 0.059841757710269554, 0.04445512092873435, 0.05728410716286638, 0.046228919802892274, 10.124960268774354, 0.043577215566955076, 0.05657996894891897, -0.020285206051888757, 0.04377541854985863], [-0.28991598669815316, 0.042326764853594843, 0.035474134721316275, 0.04296578046176611, 0.03617569667545391, 0.042505853552912025, 0.03570778719262779, 0.04424915803120697, 0.0354609048419597, 0.04274558129901559, 0.03639173596037972, 0.043577215566955076, 10.09314597438189, 0.042333681523964016, -0.05907690079134464, 0.03184092799925893], [-0.3935880208929554, 0.054558277224801874, 0.04317937230291733, 0.05559427265050799, 0.044436862462246714, 0.05484877209109027, 0.04360202111963298, 0.057660397309801464, 0.0431552586815761, 0.0552376738572796, 0.04481844191625667, 0.05657996894891897, 0.042333681523964016, 10.119833496236833, -0.025366356377625052, 0.04211245636262641], [-1.5416538694366018, -0.02539433914376027, -0.056411651557472256, -0.02279106926504612, -0.052601127409031494, -0.02466785037467059, -0.05511203950341638, -0.0175130512997517, -0.05648644871978719, -0.02369103947484131, -0.051475995229191336, -0.020285206051888757, -0.05907690079134464, -0.025366356377625052, 12.9982537859643, -1.6991430186792896e-05], [-0.30681889768541354, 0.042103269683925824, 0.03256765337732478, 0.0429582781503716, 0.033641895778316874, 0.04234209148288216, 0.03292953134566416, 0.044674737884275534, 0.03254698013479867, 0.042663208014546115, 0.03396647926245988, 0.04377541854985863, 0.03184092799925893, 0.04211245636262641, -1.6991430186792896e-05, 10.08989839937669]]",
    "monomial_list": "[1, x9, x8, x7, x6, x5, x4, x3, x2, x15, x14, x13, x12, x11, x10, x1]"
}