{
    "name": "Total Decomposition",
    "rational_expression": "5554*x1**4/125 - 47069*x1**3*x2/10000 - 10139*x1**3/200 + 76197*x1**2*x2**2/1000 - 5887*x1**2*x2/100 + 85291*x1**2/1000 - 38427*x1*x2**3/10000 - 6911*x1*x2**2/125 + 32353*x1*x2/1000 + 931*x1/40 + 43921*x2**4/1000 - 49837*x2**3/1000 + 5481*x2**2/50 + 5043*x2/100 + 11409/200",
    "Q": "[[57.044898034281914, 25.187392012566672, 11.6375945937492, -0.7274286808549291, -6.166623737349663, -2.332970358741874], [25.187392012566672, 111.08257355556759, 22.296059986854377, -24.937088853071625, -16.9661816250046, -14.258834333334827], [11.6375945937492, 22.296059986854377, 89.95838553460273, -10.695311460641816, -15.206947208335233, -25.309779881391055], [-0.7274286808549291, -24.937088853071625, -10.695311460641816, 43.93025001739369, -1.9090417820257335, 5.740251438810595], [-6.166623737349663, -16.9661816250046, -15.206947208335233, -1.9090417820257335, 64.69857745372096, -2.3253798079213093], [-2.332970358741874, -14.258834333334827, -25.309779881391055, 5.740251438810595, -2.3253798079213093, 44.414345540628666]]",
    "monomial_list": "[1, x2, x1, x2**2, x1*x2, x1**2]"
}