{
    "name": "Total Decomposition",
    "rational_expression": "197*x1**4/10000000 + 197*x1**2*x2**2/5000000 - 6*x1**2/3125 + 197*x2**4/10000000 - 6*x2**2/3125 + 197/1000",
    "Q": "[[0.19667481015163654, 7.467231674243026e-18, 2.569169483531903e-19, -0.0019715730809927072, -7.061018977196515e-20, -0.0019715730831305345], [7.467231674243026e-18, 0.001595025764162756, -3.4483729205217266e-19, -2.1698724108538383e-19, -4.9117729146172185e-20, 1.3635537183848487e-20], [2.569169483531903e-19, -3.4483729205217266e-19, 0.0015950257645086245, -2.0281233611017341e-19, 3.472839603578659e-20, 2.2216342292302813e-19], [-0.0019715730809927072, -2.1698724108538383e-19, -2.0281233611017341e-19, 4.4344004868754184e-05, 6.953436136226414e-22, 8.009533677997455e-06], [-7.061018977196515e-20, -4.9117729146172185e-20, 3.472839603578659e-20, 6.953436136226414e-22, 3.0423226146204353e-05, 1.0559349260253089e-21], [-0.0019715730831305345, 1.3635537183848487e-20, 2.2216342292302813e-19, 8.009533677997455e-06, 1.0559349260253089e-21, 4.434400492521542e-05]]",
    "monomial_list": "[1, x2, x1, x2**2, x1*x2, x1**2]"
}