{
    "name": "Multiplier-8",
    "rational_expression": "13341*x1**2/250 - 19161*x1*x10/100000 - 19879*x1*x11/50000 - 28573*x1*x12/100000 - 2909*x1*x13/10000 + 20703*x1*x2/100000 - 29111*x1*x3/100000 - 23589*x1*x4/250000 - 731*x1*x5/2500 - 14883*x1*x6/50000 - 14891*x1*x7/50000 + 64837*x1*x8/1000000 - 7449*x1*x9/25000 + 14017*x1/10000 + 13361*x10**2/250 - 28969*x10*x11/100000 - 35201*x10*x12/500000 - 14623*x10*x13/50000 + 53113*x10*x2/100000 - 1469*x10*x3/5000 + 33073*x10*x4/100000 - 737*x10*x5/2500 + 21241*x10*x6/1000000 - 19393*x10*x7/100000 - 72843*x10*x8/1000000 - 7449*x10*x9/25000 + 14017*x10/10000 + 6668*x11**2/125 - 38569*x11*x12/100000 - 39209*x11*x13/100000 + 20423*x11*x2/100000 - 9797*x11*x3/25000 - 94337*x11*x4/1000000 - 5647*x11*x5/20000 - 1003*x11*x6/2500 - 1253*x11*x7/3125 + 31173*x11*x8/100000 - 10041*x11*x9/25000 + 1869*x11/1000 + 10669*x12**2/200 - 38937*x12*x13/100000 + 21063*x12*x2/50000 - 19497*x12*x3/50000 + 12339*x12*x4/100000 - 39147*x12*x5/100000 - 18293*x12*x6/100000 - 19911*x12*x7/50000 + 28613*x12*x8/1000000 - 9953*x12*x9/25000 + 5261*x12/2500 + 26673*x13**2/500 + 20479*x13*x2/100000 - 4923*x13*x3/12500 - 3793*x13*x4/40000 - 9883*x13*x5/25000 - 29209*x13*x6/100000 - 40261*x13*x7/100000 + 31763*x13*x8/100000 - 2521*x13*x9/6250 + 17531*x13/10000 + 53559*x2**2/1000 + 5101*x2*x3/25000 + 10667*x2*x4/20000 + 20533*x2*x5/100000 + 21189*x2*x6/50000 + 10441*x2*x7/50000 - 5949*x2*x8/50000 + 20959*x2*x9/100000 - 17477*x2/50000 + 13337*x3**2/250 - 94337*x3*x4/1000000 - 28163*x3*x5/100000 - 1003*x3*x6/2500 - 10017*x3*x7/25000 + 22679*x3*x8/50000 - 10041*x3*x9/25000 + 1869*x3/1000 + 53509*x4**2/1000 - 3777*x4*x5/40000 + 22711*x4*x6/100000 - 18449*x4*x7/200000 - 21143*x4*x8/500000 - 47557*x4*x9/500000 + 20509*x4/25000 + 26677*x5**2/500 - 40153*x5*x6/100000 - 8017*x5*x7/20000 + 58753*x5*x8/100000 - 3637*x5*x9/12500 + 1869*x5/1000 + 53379*x6**2/1000 - 29481*x6*x7/100000 - 84769*x6*x8/1000000 - 5889*x6*x9/20000 + 16371*x6/10000 + 53349*x7**2/1000 + 3803*x7*x8/20000 - 1266*x7*x9/3125 + 16371*x7/10000 + 68509*x8**2/1000 + 1063*x8*x9/3125 - 14909*x8/2500 + 6668*x9**2/125 + 17531*x9/10000 + 29219/500",
    "Q": "[[58.437588855178944, 0.8798416431489392, -2.9827814449571, 0.8362740800272929, 0.8395701631221469, 0.9177005262239263, 0.4180893265244906, 0.9152362678441964, -0.17598031800199518, 0.8668500737735588, 1.0549223479955647, 0.9068235414557491, 0.6876420430563084, 0.7270458171915495], [0.8798416431489392, 53.34379760722562, 0.147203369456594, -0.18878423815192316, -0.16962382529126938, -0.17134323130738421, -0.050624315512883614, -0.17996525211030315, 0.09026253936415327, -0.18991166715703245, -0.20631080421440925, -0.1876604381687552, -0.12577331341634754, -0.17182514417864259], [-2.9827814449571, 0.147203369456594, 68.50867739353164, 0.10272599933400298, -0.01924988008387961, 0.2696747382031375, -0.055269339252116724, 0.22878814257974178, -0.07387236639810268, 0.13269844292301475, 0.03737431168857378, 0.1848063421701195, -0.05198065214104452, 0.048386476205700364], [0.8362740800272929, -0.18878423815192316, 0.10272599933400298, 53.349045334499905, -0.16031714731298338, -0.17730428075765212, -0.041828759123488025, -0.18340827142855717, 0.09445325977526557, -0.1883426479006908, -0.19814028199097858, -0.18855240690527478, -0.11500069291366667, -0.16686265564952604], [0.8395701631221469, -0.16962382529126938, -0.01924988008387961, -0.16031714731298338, 53.380300024885855, -0.1743429346419251, 0.08716014550403259, -0.1740860057820108, 0.2125365182557996, -0.16785832760332428, -0.10022221283675552, -0.17265416938605224, 0.00870652936533346, -0.13260905139775214], [0.9177005262239263, -0.17134323130738421, 0.2696747382031375, -0.17730428075765212, -0.1743429346419251, 53.35334647297801, -0.05461350231132875, -0.15057963480750033, 0.08618412987012096, -0.1738633719728836, -0.20222406586627717, -0.16314292211245598, -0.13276717261532212, -0.16894366581051629], [0.4180893265244906, -0.050624315512883614, -0.055269339252116724, -0.041828759123488025, 0.08716014550403259, -0.05461350231132875, 53.50944772537401, -0.0537031811513182, 0.24934739882225282, -0.04939027811826281, 0.07175388751993246, -0.050667183623847055, 0.15985553756030318, -0.021829639519493602], [0.9152362678441964, -0.17996525211030315, 0.22878814257974178, -0.18340827142855717, -0.1740860057820108, -0.15057963480750033, -0.0537031811513182, 53.34700017010382, 0.08862355664813261, -0.18165761853537726, -0.20564974472307224, -0.1736247566643179, -0.13136045089332596, -0.17172156467133098], [-0.17598031800199518, 0.09026253936415327, -0.07387236639810268, 0.09445325977526557, 0.2125365182557996, 0.08618412987012096, 0.24934739882225282, 0.08862355664813261, 53.55829758694221, 0.09006952360359516, 0.2307606434807733, 0.09248528119901134, 0.25035970269975877, 0.10001439151997102], [0.8668500737735588, -0.18991166715703245, 0.13269844292301475, -0.1883426479006908, -0.16785832760332428, -0.1738633719728836, -0.04939027811826281, -0.18165761853537726, 0.09006952360359516, 53.345349683818476, -0.20510625013845182, -0.18851016870944945, -0.12377150433556151, -0.17072879114568615], [1.0549223479955647, -0.20631080421440925, 0.03737431168857378, -0.19814028199097858, -0.10022221283675552, -0.20222406586627717, 0.07175388751993246, -0.20564974472307224, 0.2307606434807733, -0.20510625013845182, 53.346057557064775, -0.20728463298573926, -0.02216683698236743, -0.16814208926169896], [0.9068235414557491, -0.1876604381687552, 0.1848063421701195, -0.18855240690527478, -0.17265416938605224, -0.16314292211245598, -0.050667183623847055, -0.1736247566643179, 0.09248528119901134, -0.18851016870944945, -0.20728463298573926, 53.34196541694378, -0.1282329246439156, -0.17360769090895778], [0.6876420430563084, -0.12577331341634754, -0.05198065214104452, -0.11500069291366667, 0.00870652936533346, -0.13276717261532212, 0.15985553756030318, -0.13136045089332596, 0.25035970269975877, -0.12377150433556151, -0.02216683698236743, -0.1282329246439156, 53.44293164679561, -0.08811317610789163], [0.7270458171915495, -0.17182514417864259, 0.048386476205700364, -0.16686265564952604, -0.13260905139775214, -0.16894366581051629, -0.021829639519493602, -0.17172156467133098, 0.10001439151997102, -0.17072879114568615, -0.16814208926169896, -0.17360769090895778, -0.08811317610789163, 53.36554539781199]]",
    "monomial_list": "[1, x9, x8, x7, x6, x5, x4, x3, x2, x13, x12, x11, x10, x1]"
}