{
    "name": "Multiplier-4",
    "rational_expression": "10577*x1**2/200 - 6677*x1*x10/50000 - 12123*x1*x11/10000 - 87747*x1*x12/100000 - 10697*x1*x13/10000 + 77209*x1*x2/100000 - 12887*x1*x3/10000 + 2481*x1*x4/12500 - 2633*x1*x5/2000 - 12261*x1*x6/20000 - 10799*x1*x7/10000 - 40197*x1*x8/50000 - 1367*x1*x9/1250 + 35853*x1/10000 + 13291*x10**2/250 - 31871*x10*x11/100000 + 11277*x10*x12/125000 - 4451*x10*x13/20000 + 10087*x10*x2/12500 - 22939*x10*x3/100000 + 7343*x10*x4/500000 - 11713*x10*x5/50000 + 3753*x10*x6/25000 - 3177*x10*x7/12500 + 16093*x10*x8/100000 - 12603*x10*x9/50000 + 833*x10/625 + 52681*x11**2/1000 - 12919*x11*x12/10000 - 1983*x11*x13/1250 + 11209*x11*x2/10000 - 8501*x11*x3/5000 + 16253*x11*x4/50000 - 17371*x11*x5/10000 - 21949*x11*x6/25000 - 7133*x11*x7/5000 - 1453*x11*x8/1250 - 7763*x11*x9/5000 + 12561*x11/2500 + 13229*x12**2/250 - 12337*x12*x13/10000 + 12773*x12*x2/10000 - 2701*x12*x3/2000 + 13357*x12*x4/100000 - 862*x12*x5/625 - 9603*x12*x6/20000 - 11531*x12*x7/10000 - 2096*x12*x8/3125 - 12719*x12*x9/10000 + 43049*x12/10000 + 52753*x13**2/1000 + 2059*x13*x2/2000 - 16217*x13*x3/10000 + 35469*x13*x4/100000 - 8287*x13*x5/5000 - 78563*x13*x6/100000 - 6691*x13*x7/5000 - 10689*x13*x8/10000 - 14611*x13*x9/10000 + 23589*x13/5000 + 26607*x2**2/500 + 11197*x2*x3/10000 - 1687*x2*x4/6250 + 6261*x2*x5/5000 + 95253*x2*x6/100000 + 18029*x2*x7/20000 + 12559*x2*x8/10000 + 10277*x2*x9/10000 - 3461*x2/1250 + 13157*x3**2/250 + 5571*x3*x4/12500 - 18279*x3*x5/10000 - 86847*x3*x6/100000 - 7611*x3*x7/5000 - 11533*x3*x8/10000 - 2061*x3*x9/1250 + 52309*x3/10000 + 68319*x4**2/1000 + 22039*x4*x5/50000 + 44441*x4*x6/1000000 + 23041*x4*x7/100000 + 19433*x4*x8/250000 + 31943*x4*x9/100000 - 44613*x4/5000 + 52573*x5**2/1000 - 86227*x5*x6/100000 - 3781*x5*x7/2500 - 6261*x5*x8/5000 - 8197*x5*x9/5000 + 54311*x5/10000 + 13253*x6**2/250 - 70089*x6*x7/100000 - 40489*x6*x8/100000 - 81101*x6*x9/100000 + 29721*x6/10000 + 52793*x7**2/1000 - 48841*x7*x8/50000 - 857*x7*x9/625 + 2757*x7/625 + 26481*x8**2/500 - 10789*x8*x9/10000 + 19491*x8/5000 + 52731*x9**2/1000 + 2409*x9/500 + 25629/500",
    "Q": "[[51.25827207726865, 2.398876531020281, 1.9711659097627792, 2.2092867539195797, 1.4818398410076432, 2.697231600857897, -4.453934173245551, 2.614170153156591, -1.4048187025362378, 2.3435163059126367, 2.156133700785602, 2.5161081464400588, 0.682927959321348, 1.8179943640701466], [2.398876531020281, 52.73043115560819, -0.5493408169253577, -0.6920281098449259, -0.4075728968738209, -0.8406996416502962, 0.15567494771723542, -0.8163182743901352, 0.513749556320854, -0.7355345600081599, -0.6116734819300537, -0.788610355086962, -0.13111678964900564, -0.566428881663183], [1.9711659097627792, -0.5493408169253577, 52.96312914199564, -0.5033213853077496, -0.18376172334592777, -0.6159507103164514, 0.06114357410120756, -0.5954232945667989, 0.613974194510551, -0.5375924335722864, -0.3281941421567196, -0.5723829632503002, 0.07226845403485488, -0.40301180223594457], [2.2092867539195797, -0.6920281098449259, -0.5033213853077496, 52.79417372121605, -0.3732536660311651, -0.7797652441219041, 0.12945289925455214, -0.7549764701015609, 0.46858054192169746, -0.6753764962218022, -0.5606284021604567, -0.7266050869627397, -0.11998626578516229, -0.5184659307228139], [1.4818398410076432, -0.4075728968738209, -0.18376172334592777, -0.3732536660311651, 53.01236089539674, -0.45793778483077263, 0.042326116813573594, -0.44187644213998467, 0.489828977587824, -0.39898282718281175, -0.22731387919791915, -0.4241903095859575, 0.07965154294572116, -0.29793718291969407], [2.697231600857897, -0.8406996416502962, -0.6159507103164514, -0.7797652441219041, -0.45793778483077263, 52.5726026302612, 0.21632592429196482, -0.9031813232236205, 0.6121162728849348, -0.8237403761258845, -0.6848733212168452, -0.8743483614240399, -0.13666593946590194, -0.6456820259829671], [-4.453934173245551, 0.15567494771723542, 0.06114357410120756, 0.12945289925455214, 0.042326116813573594, 0.21632592429196482, 68.31811183880043, 0.19652464844925283, -0.10484366657058515, 0.14755654075284608, 0.0754005039976172, 0.1753691458380537, -0.010831632526936256, 0.09101385614542747], [2.614170153156591, -0.8163182743901352, -0.5954232945667989, -0.7549764701015609, -0.44187644213998467, -0.9031813232236205, 0.19652464844925283, 52.626816512154846, 0.5841910401457902, -0.7991774494414472, -0.6628479338117439, -0.849934896737788, -0.1340197571220202, -0.6222049989744928], [-1.4048187025362378, 0.513749556320854, 0.613974194510551, 0.46858054192169746, 0.489828977587824, 0.6121162728849348, -0.10484366657058515, 0.5841910401457902, 53.21578354108585, 0.4971733549797783, 0.6353629065692463, 0.5537107081317887, 0.4048429446855284, 0.3968231044266464], [2.3435163059126367, -0.7355345600081599, -0.5375924335722864, -0.6753764962218022, -0.39898282718281175, -0.8237403761258845, 0.14755654075284608, -0.7991774494414472, 0.4971733549797783, 52.750740245233054, -0.5983722202090574, -0.7710730974289934, -0.1300352196227757, -0.5525036339815773], [2.156133700785602, -0.6116734819300537, -0.3281941421567196, -0.5606284021604567, -0.22731387919791915, -0.6848733212168452, 0.0754005039976172, -0.6628479338117439, 0.6353629065692463, -0.5983722202090574, 52.9134886532393, -0.6378751394886536, 0.0455580001096541, -0.45045083259580704], [2.5161081464400588, -0.788610355086962, -0.5723829632503002, -0.7266050869627397, -0.4241903095859575, -0.8743483614240399, 0.1753691458380537, -0.849934896737788, 0.5537107081317887, -0.7710730974289934, -0.6378751394886536, 52.68026064332037, -0.13074561341153848, -0.5960200176493552], [0.682927959321348, -0.13111678964900564, 0.07226845403485488, -0.11998626578516229, 0.07965154294572116, -0.13666593946590194, -0.010831632526936256, -0.1340197571220202, 0.4048429446855284, -0.1300352196227757, 0.0455580001096541, -0.13074561341153848, 53.16463378989823, -0.08634797810203389], [1.8179943640701466, -0.566428881663183, -0.40301180223594457, -0.5184659307228139, -0.29793718291969407, -0.6456820259829671, 0.09101385614542747, -0.6222049989744928, 0.3968231044266464, -0.5525036339815773, -0.45045083259580704, -0.5960200176493552, -0.08634797810203389, 52.886817867521174]]",
    "monomial_list": "[1, x9, x8, x7, x6, x5, x4, x3, x2, x13, x12, x11, x10, x1]"
}