{
    "name": "Multiplier-5",
    "rational_expression": "27523*x1**2/500 + 31807*x1*x10/50000 + 329*x1*x11/100 + 6679*x1*x12/2500 + 1878*x1*x13/625 - 9601*x1*x2/5000 + 2104*x1*x3/625 - 47917*x1*x4/100000 + 6363*x1*x5/2500 + 8629*x1*x6/5000 + 5733*x1*x7/2000 + 23557*x1*x8/10000 + 3047*x1*x9/1000 - 5563*x1/625 + 54157*x10**2/1000 + 91953*x10*x11/100000 + 9277*x10*x12/12500 + 10873*x10*x13/12500 - 57533*x10*x2/100000 + 49249*x10*x3/50000 - 11*x10*x4/80 + 8279*x10*x5/10000 + 1302*x10*x6/3125 + 79697*x10*x7/100000 + 64881*x10*x8/100000 + 89213*x10*x9/100000 - 16817*x10/10000 + 11169*x11**2/200 + 18227*x11*x12/5000 + 21183*x11*x13/5000 - 12951*x11*x2/5000 + 12347*x11*x3/2500 - 53607*x11*x4/100000 + 3741*x11*x5/1000 + 6067*x11*x6/2500 + 38871*x11*x7/10000 + 6607*x11*x8/2000 + 43709*x11*x9/10000 - 121*x11/10 + 27621*x12**2/500 + 2123*x12*x13/625 - 2067*x12*x2/1000 + 7733*x12*x3/2000 - 48529*x12*x4/100000 + 749*x12*x5/250 + 4917*x12*x6/2500 + 31179*x12*x7/10000 + 1351*x12*x8/500 + 8753*x12*x9/2500 - 90751*x12/10000 + 5561*x13**2/100 - 6043*x13*x2/2500 + 43973*x13*x3/10000 - 6513*x13*x4/12500 + 34049*x13*x5/10000 + 1422*x13*x6/625 + 1799*x13*x7/500 + 243*x13*x8/80 + 1593*x13*x9/400 - 11259*x13/1000 + 27361*x2**2/500 - 13529*x2*x3/5000 + 9023*x2*x4/25000 - 4137*x2*x5/2500 - 3671*x2*x6/2500 - 22609*x2*x7/10000 - 18797*x2*x8/10000 - 24589*x2*x9/10000 + 83983*x2/10000 + 56019*x3**2/1000 - 54563*x3*x4/100000 + 40617*x3*x5/10000 + 6411*x3*x6/2500 + 41469*x3*x7/10000 + 35537*x3*x8/10000 + 23141*x3*x9/5000 - 1574*x3/125 + 54127*x4**2/1000 - 7339*x4*x5/50000 - 32497*x4*x6/100000 - 5039*x4*x7/10000 - 5737*x4*x8/12500 - 25219*x4*x9/50000 + 63*x4/25 + 1397*x5**2/20 + 9661*x5*x6/5000 + 30569*x5*x7/10000 + 13273*x5*x8/5000 + 1771*x5*x9/500 - 403*x5/50 + 27313*x6**2/500 + 4227*x6*x7/2000 + 17647*x6*x8/10000 + 2871*x6*x9/1250 - 60501*x6/10000 + 1109*x7**2/20 + 28887*x7*x8/10000 + 37157*x7*x9/10000 - 10583*x7/1000 + 27519*x8**2/500 + 15561*x8*x9/5000 - 82343*x8/10000 + 27843*x9**2/500 - 11587*x9/1000 + 21001/250",
    "Q": "[[84.00427923219635, -5.775182706641584, -4.0744581054762925, -5.333913251493343, -3.045279114464248, -4.0523002598807665, 1.2834411652867734, -6.321231613457595, 4.2347278901324525, -5.647607562450027, -4.542743487640061, -6.046619886921204, -0.8377094585524527, -4.423139120556059], [-5.775182706641584, 55.68365423824612, 1.566102840880236, 1.8641800916202456, 1.1715810603147299, 1.7478773827347194, -0.2706982025860866, 2.2894061159363055, -1.2365008106654318, 1.9822650938334645, 1.730068960573134, 2.1589214595528863, 0.43347876037558625, 1.5422988591091789], [-4.0744581054762925, 1.566102840880236, 55.03472881799444, 1.4347873644955427, 0.8930626142616792, 1.319945735095886, -0.22535094938785202, 1.7507198156154737, -0.963951226588645, 1.5258457651069661, 1.3271477833570335, 1.6582979375465696, 0.3174662675783166, 1.1848163054536147], [-5.333913251493343, 1.8641800916202456, 1.4347873644955427, 55.455440510428055, 1.0744937148948375, 1.553427980263222, -0.2587125826781754, 2.08152530570369, -1.1497151052716086, 1.8174346025718058, 1.584491887815486, 1.9713237995542139, 0.3928016807994318, 1.4183801302947487], [-3.045279114464248, 1.1715810603147299, 0.8930626142616792, 1.0744937148948375, 54.62894787405853, 0.9694084326617236, -0.17897634862912076, 1.3040419047036447, -0.7326278394121774, 1.142067431602993, 0.989563987544654, 1.2382543693088268, 0.22939318988984903, 0.8874407876509572], [-4.0523002598807665, 1.7478773827347194, 1.319945735095886, 1.553427980263222, 0.9694084326617236, 69.85143420279348, -0.09999564306143309, 2.065144067029654, -0.8444732066540274, 1.6844864264689012, 1.4701814644539546, 1.905322577493789, 0.4142230195886533, 1.2417964520321416], [1.2834411652867734, -0.2706982025860866, -0.22535094938785202, -0.2587125826781754, -0.17897634862912076, -0.09999564306143309, 54.127458349339264, -0.2705541670806592, 0.17761800447633072, -0.26791026212317887, -0.2413739957962626, -0.27285087003785946, -0.06701046796485798, -0.22367652280804182], [-6.321231613457595, 2.2894061159363055, 1.7507198156154737, 2.08152530570369, 1.3040419047036447, 2.065144067029654, -0.2705541670806592, 56.022827070005015, -1.3342473007265534, 2.22385726408646, 1.9377360822207204, 2.448048708542741, 0.4950546367370313, 1.709639357316212], [4.2347278901324525, -1.2365008106654318, -0.963951226588645, -1.1497151052716086, -0.7326278394121774, -0.8444732066540274, 0.17761800447633072, -1.3342473007265534, 54.72562528864792, -1.211347758695902, -1.0573522722488262, -1.28767338522791, -0.272858408574728, -0.9630582945687907], [-5.647607562450027, 1.9822650938334645, 1.5258457651069661, 1.8174346025718058, 1.142067431602993, 1.6844864264689012, -0.26791026212317887, 2.22385726408646, -1.211347758695902, 55.61362000061089, 1.6852963446006572, 2.1003266841873742, 0.42080944066297177, 1.5047601833994193], [-4.542743487640061, 1.730068960573134, 1.3271477833570335, 1.584491887815486, 0.989563987544654, 1.4701814644539546, -0.2413739957962626, 1.9377360822207204, -1.0573522722488262, 1.6852963446006572, 55.24016002640238, 1.8332738383499272, 0.35695972691747296, 1.3086608006083913], [-6.046619886921204, 2.1589214595528863, 1.6582979375465696, 1.9713237995542139, 1.2382543693088268, 1.905322577493789, -0.27285087003785946, 2.448048708542741, -1.28767338522791, 2.1003266841873742, 1.8332738383499272, 55.844539826730774, 0.46362377724681514, 1.6263161560082133], [-0.8377094585524527, 0.43347876037558625, 0.3174662675783166, 0.3928016807994318, 0.22939318988984903, 0.4142230195886533, -0.06701046796485798, 0.4950546367370313, -0.272858408574728, 0.42080944066297177, 0.35695972691747296, 0.46362377724681514, 54.15621583903346, 0.3191811674397593], [-4.423139120556059, 1.5422988591091789, 1.1848163054536147, 1.4183801302947487, 0.8874407876509572, 1.2417964520321416, -0.22367652280804182, 1.709639357316212, -0.9630582945687907, 1.5047601833994193, 1.3086608006083913, 1.6263161560082133, 0.3191811674397593, 55.04299123144182]]",
    "monomial_list": "[1, x9, x8, x7, x6, x5, x4, x3, x2, x13, x12, x11, x10, x1]"
}