{
    "name": "Multiplier-3",
    "rational_expression": "54623*x1**2/1000 + 42229*x1*x10/100000 + 22499*x1*x11/10000 + 18603*x1*x12/10000 + 21449*x1*x13/10000 - 1651*x1*x2/1250 + 3531*x1*x3/2000 - 8103*x1*x4/25000 + 24871*x1*x5/10000 + 11987*x1*x6/10000 + 19993*x1*x7/10000 + 2083*x1*x8/1250 + 4377*x1*x9/2000 - 2491*x1/400 + 27013*x10**2/500 + 28601*x10*x11/50000 + 2137*x10*x12/4000 + 13617*x10*x13/25000 - 14237*x10*x2/50000 + 12753*x10*x3/20000 - 4667*x10*x4/250000 + 15029*x10*x5/20000 + 162*x10*x6/625 + 6291*x10*x7/12500 + 9619*x10*x8/20000 + 29873*x10*x9/50000 - 46587*x10/50000 + 6897*x11**2/125 + 12919*x11*x12/5000 + 7507*x11*x13/2500 - 2221*x11*x2/1250 + 5497*x11*x3/2000 - 18259*x11*x4/50000 + 9179*x11*x5/2500 + 2141*x11*x6/1250 + 6979*x11*x7/2500 + 11533*x11*x8/5000 + 3077*x11*x9/1000 - 85663*x11/10000 + 54753*x12**2/1000 + 23943*x12*x13/10000 - 902*x12*x2/625 + 10339*x12*x3/5000 - 409*x12*x4/1250 + 29457*x12*x5/10000 + 7099*x12*x6/5000 + 11129*x12*x7/5000 + 236*x12*x8/125 + 4819*x12*x9/2000 - 2491*x12/400 + 55011*x13**2/1000 - 8163*x13*x2/5000 + 3039*x13*x3/1250 - 45951*x13*x4/100000 + 263*x13*x5/80 + 15811*x13*x6/10000 + 25387*x13*x7/10000 + 21717*x13*x8/10000 + 28273*x13*x9/10000 - 79483*x13/10000 + 6802*x2**2/125 - 1457*x2*x3/1250 + 31723*x2*x4/100000 - 18949*x2*x5/10000 - 96247*x2*x6/100000 - 15407*x2*x7/10000 - 3319*x2*x8/2500 - 17423*x2*x9/10000 + 60753*x2/10000 + 69469*x3**2/1000 - 10459*x3*x4/100000 + 33639*x3*x5/10000 + 1763*x3*x6/1250 + 5519*x3*x7/2500 + 9377*x3*x8/5000 + 26027*x3*x9/10000 - 3601*x3/625 + 54039*x4**2/1000 - 37667*x4*x5/100000 - 1427*x4*x6/5000 - 44189*x4*x7/100000 - 15073*x4*x8/50000 - 44157*x4*x9/100000 + 1091*x4/500 + 13857*x5**2/250 + 4897*x5*x6/2500 + 30593*x5*x7/10000 + 12779*x5*x8/5000 + 4311*x5*x9/1250 - 93459*x5/10000 + 10867*x6**2/200 + 2887*x6*x7/2000 + 12569*x6*x8/10000 + 1023*x6*x9/625 - 20251*x6/5000 + 549*x7**2/10 + 1276*x7*x8/625 + 12907*x7*x9/5000 - 74729*x7/10000 + 27303*x8**2/500 + 21481*x8*x9/10000 - 27239*x8/5000 + 2753*x9**2/50 - 20251*x9/2500 + 38943/500",
    "Q": "[[77.88619497304079, -4.075049330724953, -2.7628433613884047, -3.747117516251842, -2.0450166674831842, -4.6444877304380965, 1.0693961797386828, -2.886094406769462, 3.054123350854533, -3.979898583295304, -3.1046119319821575, -4.277180337150564, -0.4347225931006741, -3.0917207401282574], [-4.075049330724953, 55.06231342629792, 1.099157804106336, 1.3129776528363324, 0.8165850141374982, 1.7166754846453907, -0.20694910374288106, 1.2791509127455056, -0.8534338611603323, 1.4004738042910694, 1.2181053703427631, 1.5327441595259492, 0.2851420132568211, 1.0815593072882954], [-2.7628433613884047, 1.099157804106336, 54.60922844518317, 1.0013633631668644, 0.6227785553188285, 1.3028596191305661, -0.16095172047710735, 0.9511479078551809, -0.6453975246091236, 1.068780601256591, 0.9329326581143964, 1.1688176607348109, 0.21341073387082357, 0.8232548893107504], [-3.747117516251842, 1.3129776528363324, 1.0013633631668644, 54.9010014678099, 0.7448707243056754, 1.5482661779251485, -0.1986110527572949, 1.1237158017248772, -0.792123517472819, 1.278075924187811, 1.1094263675051694, 1.3927345839581382, 0.2553594976244645, 0.9900775991773552], [-2.0450166674831842, 0.8165850141374982, 0.6227785553188285, 0.7448707243056754, 54.33626083247883, 0.9622049590852896, -0.1278144114778799, 0.6907814557452996, -0.48771117371404243, 0.7944887121726961, 0.6913399390059997, 0.8666376924292395, 0.15252613912019145, 0.612795433784036], [-4.6444877304380965, 1.7166754846453907, 1.3028596191305661, 1.5482661779251485, 0.9622049590852896, 55.42559628004237, -0.1983655810512287, 1.6559166958691274, -0.944990470628711, 1.6628499753945516, 1.4473402474830626, 1.84731266893325, 0.35690791822530027, 1.261007754560772], [1.0693961797386828, -0.20694910374288106, -0.16095172047710735, -0.1986110527572949, -0.1278144114778799, -0.1983655810512287, 54.03793314282959, -0.06632864038674845, 0.1664085752551964, -0.205201725222498, -0.17358298148873064, -0.20663571999228128, -0.02603582331360023, -0.17388413795101082], [-2.886094406769462, 1.2791509127455056, 0.9511479078551809, 1.1237158017248772, 0.6907814557452996, 1.6559166958691274, -0.06632864038674845, 69.46845618672391, -0.5677522294086809, 1.2278727515405354, 1.06528376888631, 1.4088757903786977, 0.2910747930655098, 0.8860070084351711], [3.054123350854533, -0.8534338611603323, -0.6453975246091236, -0.792123517472819, -0.48771117371404243, -0.944990470628711, 0.1664085752551964, -0.5677522294086809, 54.416713943696884, -0.8358233301746363, -0.711591900901552, -0.8878087077487039, -0.15133293580993068, -0.6629662131594214], [-3.979898583295304, 1.4004738042910694, 1.068780601256591, 1.278075924187811, 0.7944887121726961, 1.6628499753945516, -0.205201725222498, 1.2278727515405354, -0.8358233301746363, 55.01236419996043, 1.184267941839519, 1.4886232636167913, 0.27565841069413305, 1.053613187845857], [-3.1046119319821575, 1.2181053703427631, 0.9329326581143964, 1.1094263675051694, 0.6913399390059997, 1.4473402474830626, -0.17358298148873064, 1.06528376888631, -0.711591900901552, 1.184267941839519, 54.75058232960495, 1.2962128934284916, 0.24030241868262994, 0.9120931192679311], [-4.277180337150564, 1.5327441595259492, 1.1688176607348109, 1.3927345839581382, 0.8666376924292395, 1.84731266893325, -0.20663571999228128, 1.4088757903786977, -0.8878087077487039, 1.4886232636167913, 1.2962128934284916, 55.17640369672533, 0.3084054939969232, 1.1437662962782424], [-0.4347225931006741, 0.2851420132568211, 0.21341073387082357, 0.2553594976244645, 0.15252613912019145, 0.35690791822530027, -0.02603582331360023, 0.2910747930655098, -0.15133293580993068, 0.27565841069413305, 0.24030241868262994, 0.3084054939969232, 54.02518777742935, 0.20428267560844], [-3.0917207401282574, 1.0815593072882954, 0.8232548893107504, 0.9900775991773552, 0.612795433784036, 1.261007754560772, -0.17388413795101082, 0.8860070084351711, -0.6629662131594214, 1.053613187845857, 0.9120931192679311, 1.1437662962782424, 0.20428267560844, 54.620965520712275]]",
    "monomial_list": "[1, x9, x8, x7, x6, x5, x4, x3, x2, x13, x12, x11, x10, x1]"
}