{
    "name": "Multiplier-12",
    "rational_expression": "53519*x1**2/1000 - 10171*x1*x10/100000 + 1941*x1*x11/400000 + 1529*x1*x12/6250 + 271*x1*x13/78125 + 16001*x1*x2/10000000 + 1083*x1*x3/312500 - 10243*x1*x4/100000 + 31431*x1*x5/10000000 - 9887*x1*x6/100000 - 10141*x1*x7/100000 - 98409*x1*x8/1000000 + 30411*x1*x9/10000000 + 60799*x1/100000 + 26761*x10**2/500 - 4219*x10*x11/20000 - 68199*x10*x12/1000000 - 21089*x10*x13/100000 + 4393*x10*x2/10000 - 10541*x10*x3/50000 + 11409*x10*x4/50000 - 841*x10*x5/4000 + 143*x10*x6/12500 - 5239*x10*x7/25000 + 12367*x10*x8/1000000 - 10481*x10*x9/50000 + 152*x10/125 + 1339*x11**2/25 + 13127*x11*x12/20000 + 40087*x11*x13/10000000 - 1041*x11*x2/10000 + 11181*x11*x3/100000 - 527*x11*x4/2500 + 139*x11*x5/1250 - 639*x11*x6/6250 + 31463*x11*x7/10000000 - 98409*x11*x8/1000000 + 30411*x11*x9/10000000 + 60799*x11/100000 + 34299*x12**2/500 + 25363*x12*x13/50000 - 3039*x12*x2/12500 + 2262*x12*x3/3125 - 16289*x12*x4/100000 + 41691*x12*x5/50000 + 51911*x12*x6/1000000 + 20033*x12*x7/50000 + 617*x12*x8/4000 + 25279*x12*x9/50000 - 2429*x12/400 + 6693*x13**2/125 - 10411*x13*x2/100000 + 11181*x13*x3/100000 - 527*x13*x4/2500 + 139*x13*x5/1250 - 639*x13*x6/6250 + 6299*x13*x7/2000000 - 10167*x13*x8/100000 + 30411*x13*x9/10000000 + 60799*x13/100000 + 26839*x2**2/500 - 10401*x2*x3/100000 + 13547*x2*x4/25000 - 2653*x2*x5/25000 + 2201*x2*x6/10000 - 10231*x2*x7/100000 + 22049*x2*x8/100000 - 2553*x2*x9/25000 + 6117*x2/12500 + 6697*x3**2/125 - 21123*x3*x4/100000 + 877*x3*x5/4000 - 2047*x3*x6/20000 + 31463*x3*x7/10000000 - 49259*x3*x8/500000 + 11089*x3*x9/100000 + 60799*x3/100000 + 26797*x4**2/500 - 1319*x4*x5/6250 + 5907*x4*x6/50000 - 841*x4*x7/4000 + 11893*x4*x8/100000 - 1051*x4*x9/5000 + 5487*x4/5000 + 13399*x5**2/250 - 5123*x5*x6/50000 + 11097*x5*x7/100000 - 49259*x5*x8/500000 + 11089*x5*x9/100000 + 60799*x5/100000 + 26749*x6**2/500 - 1279*x6*x7/12500 + 11071*x6*x8/1000000 - 2047*x6*x9/20000 + 5487*x6/5000 + 26767*x7**2/500 - 10167*x7*x8/100000 + 30411*x7*x9/10000000 + 60799*x7/100000 + 26751*x8**2/500 - 5089*x8*x9/50000 + 12141*x8/10000 + 53549*x9**2/1000 + 60799*x9/100000 + 3037/50",
    "Q": "[[60.740200064999186, 0.3073952614870606, 0.6083166966375672, 0.3095959203935753, 0.5237238562918307, 0.2876929524908895, 0.5398332690314064, 0.3004445031146809, 0.22211505070499576, 0.3075335715890639, -3.0091112560936275, 0.30974266015789553, 0.5948246537588959, 0.29210665194659774], [0.3073952614870606, 53.54846805381044, -0.053461927080679914, -0.005255748884480936, -0.05947563902080091, 0.05625160023119146, -0.09097469482832803, 0.0396657634050035, -0.04111265156797538, 0.00583553759140538, 0.2528745442771174, 0.023575349174098273, -0.09368035691283673, -0.021202600320085453], [0.6083166966375672, -0.053461927080679914, 53.502397004710765, -0.05671869348308733, -0.01203788626949104, -0.03536196267875434, 0.04089544516574826, -0.04277715842224478, 0.12682478287320706, -0.05556163705929724, 0.08724690477472655, -0.04858993731300391, 0.005028299239413191, -0.050023507182762925], [0.3095959203935753, -0.005255748884480936, -0.05671869348308733, 53.53413965402682, -0.05932836662600941, 0.02946809050375782, -0.07986356723131047, 0.016453578821911192, -0.02653424920532673, -0.009450467918358626, 0.19591245025422804, 0.004116616475221207, -0.08618322533774313, -0.028851723598401435], [0.5237238562918307, -0.05947563902080091, -0.01203788626949104, -0.05932836662600941, 53.49779265834648, -0.0511285973133662, 0.04744779343397196, -0.054942174695980756, 0.12248307729627758, -0.06029692052069432, 0.03731768676115017, -0.057511908833930946, 0.012585004793786669, -0.049660075745207026], [0.2876929524908895, 0.05625160023119146, -0.03536196267875434, 0.02946809050375782, -0.0511285973133662, 53.59544195881461, -0.09670293839002796, 0.10236589862290078, -0.05939785437257941, 0.04744771433389447, 0.3996260802775159, 0.0780137296579261, -0.09496984080920154, -0.0004641611776025705], [0.5398332690314064, -0.09097469482832803, 0.04089544516574826, -0.07986356723131047, 0.04744779343397196, -0.09670293839002796, 53.59293638342956, -0.09548432183037041, 0.24954304012176806, -0.08888715676683089, -0.07387944154253276, -0.09245998747823009, 0.1324325760419124, -0.05598718052739826], [0.3004445031146809, 0.0396657634050035, -0.04277715842224478, 0.016453578821911192, -0.054942174695980756, 0.10236589862290078, -0.09548432183037041, 53.576052563795606, -0.052917257356812165, 0.03203223596975004, 0.3509391302699155, 0.05861654593217563, -0.09558643193391032, -0.008532121140635198], [0.22211505070499576, -0.04111265156797538, 0.12682478287320706, -0.02653424920532673, 0.12248307729627758, -0.05939785437257941, 0.24954304012176806, -0.052917257356812165, 53.67805596030992, -0.03805721960678425, -0.13121544805746777, -0.04506297109835821, 0.2058423961726759, -0.0017662269094743455], [0.3075335715890639, 0.00583553759140538, -0.05556163705929724, -0.009450467918358626, -0.06029692052069432, 0.04744771433389447, -0.08888715676683089, 0.03203223596975004, -0.03805721960678425, 53.544039160860095, 0.23433170165941392, 0.017188953529256226, -0.09249893566479238, -0.023821418214722338], [-3.0091112560936275, 0.2528745442771174, 0.08724690477472655, 0.19591245025422804, 0.03731768676115017, 0.3996260802775159, -0.07387944154253276, 0.3509391302699155, -0.13121544805746777, 0.23433170165941392, 68.59516817863859, 0.2988859079752332, -0.03542342466546463, 0.12213336017328126], [0.30974266015789553, 0.023575349174098273, -0.04858993731300391, 0.004116616475221207, -0.057511908833930946, 0.0780137296579261, -0.09245998747823009, 0.05861654593217563, -0.04506297109835821, 0.017188953529256226, 0.2988859079752332, 53.559217694010435, -0.09452720145019115, -0.015811156232128785], [0.5948246537588959, -0.09368035691283673, 0.005028299239413191, -0.08618322533774313, 0.012585004793786669, -0.09496984080920154, 0.1324325760419124, -0.09558643193391032, 0.2058423961726759, -0.09249893566479238, -0.03542342466546463, -0.09452720145019115, 53.52182926143189, -0.06610475045520744], [0.29210665194659774, -0.021202600320085453, -0.050023507182762925, -0.028851723598401435, -0.049660075745207026, -0.0004641611776025705, -0.05598718052739826, -0.008532121140635198, -0.0017662269094743455, -0.023821418214722338, 0.12213336017328126, -0.015811156232128785, -0.06610475045520744, 53.519406360996435]]",
    "monomial_list": "[1, x9, x8, x7, x6, x5, x4, x3, x2, x13, x12, x11, x10, x1]"
}