{
    "name": "Multiplier-6",
    "rational_expression": "2659*x1**2/50 - 7983*x1*x10/50000 - 20181*x1*x11/25000 - 3847*x1*x12/6250 - 583*x1*x13/800 + 1863*x1*x2/4000 - 16711*x1*x3/20000 + 693*x1*x4/6250 - 16849*x1*x5/20000 - 2853*x1*x6/25000 - 76527*x1*x7/100000 - 13797*x1*x8/25000 - 77213*x1*x9/100000 + 26567*x1/10000 + 26667*x10**2/500 - 24783*x10*x11/100000 - 43181*x10*x12/1000000 - 12827*x10*x13/50000 + 50447*x10*x2/100000 - 5163*x10*x3/20000 + 32233*x10*x4/100000 - 2601*x10*x5/10000 - 61377*x10*x6/1000000 - 34*x10*x7/125 - 186*x10*x8/3125 - 13629*x10*x9/50000 + 14399*x10/10000 + 26531*x11**2/500 - 3569*x11*x12/4000 - 10019*x11*x13/10000 + 8237*x11*x2/12500 - 628*x11*x3/625 + 11193*x11*x4/100000 - 5063*x11*x5/5000 + 6151*x11*x6/50000 - 94243*x11*x7/100000 - 21223*x11*x8/25000 - 4751*x11*x9/5000 + 35423*x11/10000 + 53159*x12**2/1000 - 80691*x12*x13/100000 + 9749*x12*x2/12500 - 91473*x12*x3/100000 + 8111*x12*x4/25000 - 461*x12*x5/500 - 14221*x12*x6/100000 - 74493*x12*x7/100000 - 26587*x12*x8/50000 - 85511*x12*x9/100000 + 16613*x12/5000 + 10619*x13**2/200 + 55313*x13*x2/100000 - 2029*x13*x3/2000 + 11169*x13*x4/100000 - 409*x13*x5/400 - 25313*x13*x6/5000000 - 8459*x13*x7/10000 - 75139*x13*x8/100000 - 95869*x13*x9/100000 + 16613*x13/5000 + 1334*x2**2/25 + 3301*x2*x3/5000 + 5371*x2*x4/12500 + 16631*x2*x5/25000 - 61681*x2*x6/1000000 + 28703*x2*x7/50000 + 16061*x2*x8/20000 + 14573*x2*x9/25000 - 16613*x2/10000 + 1326*x3**2/25 + 2807*x3*x4/25000 - 5043*x3*x5/5000 + 11817*x3*x6/100000 - 93743*x3*x7/100000 - 42277*x3*x8/50000 - 94661*x3*x9/100000 + 9143*x3/2500 + 53381*x4**2/1000 + 11279*x4*x5/100000 - 6797*x4*x6/500000 + 353*x4*x7/3125 + 16331*x4*x8/50000 + 11709*x4*x9/100000 + 53*x4/160 + 53021*x5**2/1000 + 24683*x5*x6/100000 - 93329*x5*x7/100000 - 1683*x5*x8/2000 - 21*x5*x9/20 + 18827*x5/5000 + 68353*x6**2/1000 - 29817*x6*x7/1000000 - 273*x6*x8/2000 + 69343*x6*x9/1000000 - 4651*x6/1000 + 53121*x7**2/1000 - 37779*x7*x8/50000 - 85849*x7*x9/100000 + 32111*x7/10000 + 26597*x8**2/500 - 75491*x8*x9/100000 + 32111*x8/10000 + 10617*x9**2/200 + 34341*x9/10000 + 55379/1000",
    "Q": "[[55.37900938983213, 1.7108709404621307, 1.5857014024291958, 1.5949749142171263, -2.3170848778663706, 1.8634044640420373, 0.17110786586191287, 1.8251987881890765, -0.8067141293413949, 1.6771647857868617, 1.6878857744205038, 1.777543887878268, 0.7405079389058205, 1.3421359442291168], [1.7108709404621307, 53.08532780323967, -0.39105317612556956, -0.4505466033485927, 0.027525435359853363, -0.5055938282499918, 0.0391638853691597, -0.49990728652204847, 0.31089976023522636, -0.4710377194170699, -0.4222329273032488, -0.49227043637320783, -0.1391242325198832, -0.38232351147668286], [1.5857014024291958, -0.39105317612556956, 53.19275424206687, -0.36497854337172886, -0.06146749890010145, -0.41725703028427386, 0.15284180132899902, -0.41062888722789864, 0.3876666361926934, -0.38460819219490633, -0.2736538517003513, -0.4019280241505343, -0.01127640848290591, -0.3020836473241173], [1.5949749142171263, -0.4505466033485927, -0.36497854337172886, 53.120888312343695, 0.001325251952074477, -0.47994062193314924, 0.038742565497159764, -0.4731449285482575, 0.2925567312157225, -0.4428998995041865, -0.39470422699468444, -0.46433882434116835, -0.12805842405732698, -0.35776232460052015], [-2.3170848778663706, 0.027525435359853363, -0.06146749890010145, 0.001325251952074477, 68.35255362678257, 0.10431755117281383, -0.025820309358589817, 0.07976388354468052, -0.009183296686141979, 0.018784568398160926, -0.0473229783379551, 0.052053418418001283, -0.05259138666994047, -0.026028424091011793], [1.8634044640420373, -0.5055938282499918, -0.41725703028427386, -0.47994062193314924, 0.10431755117281383, 53.01941820966936, 0.04867322310703358, -0.5232283101035434, 0.34491932694776806, -0.49890871080931887, -0.449038746445258, -0.5165948773343075, -0.14738986836632695, -0.4115803962109526], [0.17110786586191287, 0.0391638853691597, 0.15284180132899902, 0.038742565497159764, -0.025820309358589817, 0.04867322310703358, 53.38099900364909, 0.045829470877441256, 0.18950708237832675, 0.037605592538214855, 0.1420256227686236, 0.04402347259088588, 0.1722061055699708, 0.0441003366027589], [1.8251987881890765, -0.49990728652204847, -0.41062888722789864, -0.4731449285482575, 0.07976388354468052, -0.5232283101035434, 0.045829470877441256, 53.04098602413913, 0.33571549121255245, -0.4928207881640724, -0.4425514783553119, -0.5115032503054183, -0.14509485418386486, -0.4041819617505704], [-0.8067141293413949, 0.31089976023522636, 0.3876666361926934, 0.2925567312157225, -0.009183296686141979, 0.34491932694776806, 0.18950708237832675, 0.33571549121255245, 53.35965773363446, 0.3040624559150452, 0.3948551317926907, 0.3262604287443148, 0.26817141084988017, 0.2583275432050546], [1.6771647857868617, -0.4710377194170699, -0.38460819219490633, -0.4428998995041865, 0.018784568398160926, -0.49890871080931887, 0.037605592538214855, -0.4928207881640724, 0.3040624559150452, 53.096236380031065, -0.4153513533883087, -0.48473245219227423, -0.1371226951817562, -0.37548102013883006], [1.6878857744205038, -0.4222329273032488, -0.2736538517003513, -0.39470422699468444, -0.0473229783379551, -0.449038746445258, 0.1420256227686236, -0.4425514783553119, 0.3948551317926907, -0.4153513533883087, 53.160972251896574, -0.4337531730788188, -0.03142040678124543, -0.327947081938216], [1.777543887878268, -0.49227043637320783, -0.4019280241505343, -0.46433882434116835, 0.052053418418001283, -0.5165948773343075, 0.04402347259088588, -0.5115032503054183, 0.3262604287443148, -0.48473245219227423, -0.4337531730788188, 53.06183961865844, -0.14153093637323183, -0.39504608259222296], [0.7405079389058205, -0.1391242325198832, -0.01127640848290591, -0.12805842405732698, -0.05259138666994047, -0.14738986836632695, 0.1722061055699708, -0.14509485418386486, 0.26817141084988017, -0.1371226951817562, -0.03142040678124543, -0.14153093637323183, 53.33561373939055, -0.09888714066834786], [1.3421359442291168, -0.38232351147668286, -0.3020836473241173, -0.35776232460052015, -0.026028424091011793, -0.4115803962109526, 0.0441003366027589, -0.4041819617505704, 0.2583275432050546, -0.37548102013883006, -0.327947081938216, -0.39504608259222296, -0.09888714066834786, 53.181512122246346]]",
    "monomial_list": "[1, x9, x8, x7, x6, x5, x4, x3, x2, x13, x12, x11, x10, x1]"
}