{
    "name": "Multiplier-2",
    "rational_expression": "6638*x1**2/125 + 10301*x1*x10/100000 - 12281*x1*x11/25000 - 2371*x1*x12/12500 - 19761*x1*x13/50000 + 8861*x1*x2/50000 - 49649*x1*x3/100000 + 5127*x1*x4/25000 - 50013*x1*x5/100000 - 48137*x1*x6/500000 - 14907*x1*x7/50000 - 94019*x1*x8/1000000 - 20451*x1*x9/50000 + 2989*x1/2500 + 53299*x10**2/1000 + 99321*x10*x11/1000000 + 53593*x10*x12/100000 + 5101*x10*x13/50000 + 7101*x10*x2/50000 + 1311*x10*x3/6250 + 64559*x10*x4/100000 + 20883*x10*x5/100000 + 4297*x10*x6/10000 + 10521*x10*x7/100000 + 13319*x10*x8/25000 + 5337*x10*x9/50000 + 52967*x11**2/1000 - 39043*x11*x12/100000 - 6941*x11*x13/10000 + 5051*x11*x2/12500 - 80119*x11*x3/100000 + 6061*x11*x4/20000 - 40347*x11*x5/50000 - 24017*x11*x6/250000 - 2423*x11*x7/4000 - 14947*x11*x8/50000 - 71787*x11*x9/100000 + 17379*x11/10000 + 13307*x12**2/250 - 39521*x12*x13/100000 + 761*x12*x2/2500 - 39209*x12*x3/100000 + 1976*x12*x4/3125 - 19823*x12*x5/50000 + 1117*x12*x6/5000 - 14863*x12*x7/50000 + 4577*x12*x8/20000 - 40739*x12*x9/100000 + 6517*x12/5000 + 53021*x13**2/1000 + 2729*x13*x2/10000 - 69529*x13*x3/100000 + 19971*x13*x4/100000 - 81063*x13*x5/100000 - 48459*x13*x6/500000 - 2017*x13*x7/4000 - 30033*x13*x8/100000 - 1219*x13*x9/2000 + 16301*x13/10000 + 67983*x2**2/1000 + 37539*x2*x3/100000 + 9793*x2*x4/250000 + 47561*x2*x5/100000 + 837*x2*x6/5000 + 15743*x2*x7/50000 + 5973*x2*x8/25000 + 30963*x2*x9/100000 - 78271*x2/10000 + 52921*x3**2/1000 + 20591*x3*x4/50000 - 18101*x3*x5/20000 - 4037*x3*x6/20000 - 17819*x3*x7/25000 - 14837*x3*x8/50000 - 3573*x3*x9/5000 + 1223*x3/625 + 6676*x4**2/125 + 20523*x4*x5/50000 + 13273*x4*x6/25000 + 4093*x4*x7/20000 + 31587*x4*x8/50000 + 31041*x4*x9/100000 - 43779*x4/100000 + 52879*x5**2/1000 - 20109*x5*x6/100000 - 14213*x5*x7/20000 - 7383*x5*x8/25000 - 20573*x5*x9/25000 + 10331*x5/5000 + 53229*x6**2/1000 - 48807*x6*x7/500000 + 11069*x6*x8/50000 - 96983*x6*x9/1000000 + 13001*x6/20000 + 1061*x7**2/20 - 1977*x7*x8/10000 - 50763*x7*x9/100000 + 15223*x7/10000 + 26631*x8**2/500 - 15033*x8*x9/50000 + 5439*x8/5000 + 26503*x9**2/500 + 16301*x9/10000 + 54339/1000",
    "Q": "[[54.33865970486875, 0.8393848893146135, 0.5301921260029582, 0.7596617686798011, 0.31664853216900973, 1.023821719041429, -0.23905202309417084, 0.9660796219126363, -3.8966898915207784, 0.8171710996280827, 0.642732365556994, 0.8946653136491141, -0.014141198362453481, 0.5788335535970938], [0.8393848893146135, 53.00689270990938, -0.1373138331659529, -0.27898197344999537, -0.06968646794902181, -0.3950082855034752, 0.13727235672710209, -0.37315998103257253, 0.17648771954756381, -0.30654304274026645, -0.18146597335080308, -0.3440372700800451, 0.0578237632096614, -0.20377038982874365], [0.5301921260029582, -0.1373138331659529, 53.26150678218102, -0.12002216799413726, 0.1331432560972713, -0.16807376636157367, 0.321885646144863, -0.1570776924384628, 0.11648302292266571, -0.13470291900240491, 0.08683187413928345, -0.1425845354531579, 0.25593050913415866, -0.07238751136534294], [0.7596617686798011, -0.27898197344999537, -0.12002216799413726, 53.05064239570586, -0.05951350230354662, -0.35159371650874677, 0.11060556704049179, -0.33081477873379006, 0.1520373226662517, -0.26863882894257773, -0.1594964914623811, -0.3034552427191766, 0.0485050110058617, -0.17579525665741025], [0.31664853216900973, -0.06968646794902181, 0.1331432560972713, -0.05951350230354662, 53.2294868092919, -0.08997961659428429, 0.2582122092895937, -0.08164606091000809, 0.0798754310316939, -0.06876784973359908, 0.10740271350421082, -0.07140397280611602, 0.21911030694098121, -0.027668975732870835], [1.023821719041429, -0.3950082855034752, -0.16807376636157367, -0.35159371650874677, -0.08997961659428429, 52.87849523002132, 0.21191497850155142, -0.45809758956435853, 0.23019307929895866, -0.3826402150589146, -0.22014505583630892, -0.42419035775106123, 0.08641524945583863, -0.2658254062367741], [-0.23905202309417084, 0.13727235672710209, 0.321885646144863, 0.11060556704049179, 0.2582122092895937, 0.21191497850155142, 53.408119324348874, 0.19259987786705082, 0.014588978385911054, 0.1253314810696107, 0.31978276729794003, 0.16879775841994124, 0.33728212862908075, 0.08615149926331267], [0.9660796219126363, -0.37315998103257253, -0.1570776924384628, -0.33081477873379006, -0.08164606091000809, -0.45809758956435853, 0.19259987786705082, 52.91989758110313, 0.21388439227079525, -0.3611018690290279, -0.2073650517008324, -0.40148478493571577, 0.08068058723562876, -0.24731665526245475], [-3.8966898915207784, 0.17648771954756381, 0.11648302292266571, 0.1520373226662517, 0.0798754310316939, 0.23019307929895866, 0.014588978385911054, 0.21388439227079525, 67.98064976489924, 0.16862662541915213, 0.13398472329872843, 0.1951442628293583, 0.0399540657312211, 0.1116638771962622], [0.8171710996280827, -0.30654304274026645, -0.13470291900240491, -0.26863882894257773, -0.06876784973359908, -0.3826402150589146, 0.1253314810696107, -0.3611018690290279, 0.16862662541915213, 53.021475301610536, -0.17735167306454885, -0.3324776721110749, 0.05190926698074119, -0.19559558336062394], [0.642732365556994, -0.18146597335080308, 0.08683187413928345, -0.1594964914623811, 0.10740271350421082, -0.22014505583630892, 0.31978276729794003, -0.2073650517008324, 0.13398472329872843, -0.17735167306454885, 53.227245954187865, -0.19010314296518374, 0.2426858204812515, -0.10359583109918273], [0.8946653136491141, -0.3440372700800451, -0.1425845354531579, -0.3034552427191766, -0.07140397280611602, -0.42419035775106123, 0.16879775841994124, -0.40148478493571577, 0.1951442628293583, -0.3324776721110749, -0.19010314296518374, 52.96757672483738, 0.07382948188877056, -0.22362953253055046], [-0.014141198362453481, 0.0578237632096614, 0.25593050913415866, 0.0485050110058617, 0.21911030694098121, 0.08641524945583863, 0.33728212862908075, 0.08068058723562876, 0.0399540657312211, 0.05190926698074119, 0.2426858204812515, 0.07382948188877056, 53.299236131371025, 0.05020964651995907], [0.5788335535970938, -0.20377038982874365, -0.07238751136534294, -0.17579525665741025, -0.027668975732870835, -0.2658254062367741, 0.08615149926331267, -0.24731665526245475, 0.1116638771962622, -0.19559558336062394, -0.10359583109918273, -0.22362953253055046, 0.05020964651995907, 53.10320041682126]]",
    "monomial_list": "[1, x9, x8, x7, x6, x5, x4, x3, x2, x13, x12, x11, x10, x1]"
}