{
    "name": "Multiplier-7",
    "rational_expression": "53841*x1**2/1000 + 11151*x1*x10/100000 + 58663*x1*x11/100000 + 46433*x1*x12/100000 + 2883*x1*x13/5000 - 1383*x1*x2/4000 + 57621*x1*x3/100000 - 12053*x1*x4/100000 + 28643*x1*x5/50000 + 33369*x1*x6/100000 + 57469*x1*x7/100000 + 557*x1*x8/1250 + 55809*x1*x9/100000 - 13033*x1/10000 + 53677*x10**2/1000 + 5657*x10*x11/50000 + 22089*x10*x12/100000 + 11051*x10*x13/100000 + 10981*x10*x2/100000 + 1367*x10*x3/6250 + 11047*x10*x4/100000 + 5433*x10*x5/25000 + 10869*x10*x6/100000 + 13697*x10*x7/100000 + 10779*x10*x8/50000 + 2099*x10*x9/20000 + 3283*x10/12500 + 6746*x11**2/125 + 1379*x11*x12/2000 + 40593*x11*x13/50000 - 35763*x11*x2/100000 + 9233*x11*x3/10000 - 771*x11*x4/6250 + 45891*x11*x5/50000 + 22553*x11*x6/50000 + 42661*x11*x7/50000 + 827*x11*x8/1250 + 4903*x11*x9/6250 - 19559*x11/10000 + 53877*x12**2/1000 + 1443*x12*x13/2500 - 11939*x12*x2/50000 + 13647*x12*x3/20000 - 101*x12*x4/10000 + 19741*x12*x5/25000 + 2783*x12*x6/6250 + 70697*x12*x7/100000 + 13739*x12*x8/25000 + 65989*x12*x9/100000 - 5253*x12/5000 + 13483*x13**2/250 - 4437*x13*x2/12500 + 40341*x13*x3/50000 - 12549*x13*x4/100000 + 80219*x13*x5/100000 + 281*x13*x6/625 + 14341*x13*x7/20000 + 11111*x13*x8/20000 + 78267*x13*x9/100000 - 9133*x13/5000 + 6728*x2**2/125 - 7127*x2*x3/20000 + 337*x2*x4/1000 - 35383*x2*x5/100000 - 373*x2*x6/3125 - 3239*x2*x7/20000 - 23039*x2*x8/100000 - 17317*x2*x9/50000 + 2119*x2/1250 + 26991*x3**2/500 - 771*x3*x4/6250 + 2561*x3*x5/2500 + 11287*x3*x6/25000 + 6223*x3*x7/6250 + 827*x3*x8/1250 + 4903*x3*x9/6250 - 19559*x3/10000 + 13433*x4**2/250 - 18533*x4*x5/1000000 - 63441*x4*x6/10000000 - 2979*x4*x7/200000 - 4377*x4*x8/500000 - 12513*x4*x9/100000 + 11779*x4/10000 + 54001*x5**2/1000 + 11147*x5*x6/20000 + 1139*x5*x7/1000 + 66217*x5*x8/100000 + 2241*x5*x9/2500 - 19559*x5/10000 + 6721*x6**2/125 + 1324*x6*x7/3125 + 8811*x6*x8/20000 + 11091*x6*x9/25000 - 65263*x6/100000 + 3433*x7**2/50 + 5537*x7*x8/10000 + 77901*x7*x9/100000 - 15639*x7/10000 + 13461*x8**2/250 + 27633*x8*x9/50000 - 91527*x8/100000 + 6743*x9**2/125 - 9133*x9/5000 + 65199/1000",
    "Q": "[[65.19856638550645, -0.9062640069676466, -0.4288533751014897, -0.8022754687398972, -0.3034084770116637, -0.9939358302436999, 0.5542355287480925, -0.9745613021539672, 0.8464135383627632, -0.8802412063985476, -0.5140886083927968, -0.9494798871827597, 0.15607909568747086, -0.6607265985955879], [-0.9062640069676466, 53.944052782727674, 0.29486438734029463, 0.4075698812892535, 0.21984349242064444, 0.4345066876644468, -0.06862202339945842, 0.4169364778276543, -0.1825684180716904, 0.3629324056346102, 0.32524318707668415, 0.3990041456290023, 0.06767266733303547, 0.27589241586076896], [-0.4288533751014897, 0.29486438734029463, 53.84337569780009, 0.29117368102443597, 0.19580210103515644, 0.3432493532204108, -0.019101490666765777, 0.32914358906751423, -0.09521100273338393, 0.28463988133855467, 0.2805342573284048, 0.31505207353736414, 0.08284903822468431, 0.21842143016573573], [-0.8022754687398972, 0.4075698812892535, 0.29117368102443597, 68.66090387127076, 0.20514973943338746, 0.5563792470421487, -0.0013769422114017493, 0.5099518316225541, -0.10995793325492348, 0.38593920929241277, 0.33134107719622374, 0.4591362921123743, 0.09256257978681243, 0.25504428036830545], [-0.3034084770116637, 0.21984349242064444, 0.19580210103515644, 0.20514973943338746, 53.7671017101271, 0.2524410963802625, -0.015712085483093347, 0.24325301485294945, -0.07112530703382736, 0.21255480109535946, 0.21175219239807266, 0.23403726171514377, 0.06256473576901961, 0.1648773590253533], [-0.9939358302436999, 0.4345066876644468, 0.3432493532204108, 0.5563792470421487, 0.2524410963802625, 54.00127354931603, -0.03515073360055167, 0.5027545794826477, -0.16315134937263776, 0.41777663835230416, 0.3803969509580766, 0.47179967906614223, 0.09924443944832756, 0.30568394067709076], [0.5542355287480925, -0.06862202339945842, -0.019101490666765777, -0.0013769422114017493, -0.015712085483093347, -0.03515073360055167, 53.73161373121002, -0.0469261058089179, 0.16724761819344885, -0.07073351163154966, -0.02427401666165895, -0.05939902541712878, 0.05929850832396078, -0.0694219251565201], [-0.9745613021539672, 0.4169364778276543, 0.32914358906751423, 0.5099518316225541, 0.24325301485294945, 0.5027545794826477, -0.0469261058089179, 53.98203777298519, -0.17099804792843315, 0.4017047435846755, 0.36420407976837776, 0.45017307038697174, 0.0889670533396429, 0.29781823836658977], [0.8464135383627632, -0.1825684180716904, -0.09521100273338393, -0.10995793325492348, -0.07112530703382736, -0.16315134937263776, 0.16724761819344885, -0.17099804792843315, 53.82410444759385, -0.1811291320112983, -0.11060489328243024, -0.17942800508452464, 0.05379548059327267, -0.15088034879338924], [-0.8802412063985476, 0.3629324056346102, 0.28463988133855467, 0.38593920929241277, 0.21255480109535946, 0.41777663835230416, -0.07073351163154966, 0.4017047435846755, -0.1811291320112983, 53.931673418030606, 0.31392348315890006, 0.3854188689445486, 0.06329161245219743, 0.2678993706755883], [-0.5140886083927968, 0.32524318707668415, 0.2805342573284048, 0.33134107719622374, 0.21175219239807266, 0.3803969509580766, -0.02427401666165895, 0.36420407976837776, -0.11060489328243024, 0.31392348315890006, 53.87750268252799, 0.3480499804461445, 0.0876538666839303, 0.23973104050275035], [-0.9494798871827597, 0.3990041456290023, 0.31505207353736414, 0.4591362921123743, 0.23403726171514377, 0.47179967906614223, -0.05939902541712878, 0.45017307038697174, -0.17942800508452464, 0.3854188689445486, 0.3480499804461445, 53.966950786521586, 0.07868220703055333, 0.29012715821669904], [0.15607909568747086, 0.06767266733303547, 0.08284903822468431, 0.09256257978681243, 0.06256473576901961, 0.09924443944832756, 0.05929850832396078, 0.0889670533396429, 0.05379548059327267, 0.06329161245219743, 0.0876538666839303, 0.07868220703055333, 53.67628446827344, 0.04229474370172097], [-0.6607265985955879, 0.27589241586076896, 0.21842143016573573, 0.25504428036830545, 0.1648773590253533, 0.30568394067709076, -0.0694219251565201, 0.29781823836658977, -0.15088034879338924, 0.2678993706755883, 0.23973104050275035, 0.29012715821669904, 0.04229474370172097, 53.84060314099873]]",
    "monomial_list": "[1, x9, x8, x7, x6, x5, x4, x3, x2, x13, x12, x11, x10, x1]"
}