{
    "name": "Multiplier-9",
    "rational_expression": "5411*x1**2/100 + 6367*x1*x10/50000 + 2319*x1*x11/2000 + 49861*x1*x12/50000 + 11263*x1*x13/10000 - 64041*x1*x2/100000 + 12317*x1*x3/10000 - 6367*x1*x4/25000 + 6091*x1*x5/5000 + 1858*x1*x6/3125 + 24151*x1*x7/25000 + 82003*x1*x8/100000 + 17763*x1*x9/20000 - 30571*x1/10000 + 53801*x10**2/1000 + 87*x10*x11/250 + 11777*x10*x12/50000 + 736*x10*x13/3125 - 83397*x10*x2/10000000 + 33971*x10*x3/100000 + 5363*x10*x4/50000 + 33541*x10*x5/100000 + 4431*x10*x6/20000 + 22247*x10*x7/100000 + 21981*x10*x8/100000 + 5549*x10*x9/20000 + 5437*x11**2/100 + 6839*x11*x12/5000 + 15081*x11*x13/10000 - 44871*x11*x2/50000 + 1079*x11*x3/625 - 1681*x11*x4/6250 + 18161*x11*x5/10000 + 2956*x11*x6/3125 + 1429*x11*x7/1000 + 11657*x11*x8/10000 + 7321*x11*x9/5000 - 521*x11/125 + 27087*x12**2/500 + 6189*x12*x13/5000 - 6403*x12*x2/10000 + 3627*x12*x3/2500 - 3603*x12*x4/25000 + 14359*x12*x5/10000 + 17513*x12*x6/25000 + 2937*x12*x7/2500 + 10349*x12*x8/10000 + 11681*x12*x9/10000 - 27773*x12/10000 + 54299*x13**2/1000 - 77601*x13*x2/100000 + 1002*x13*x3/625 - 26549*x13*x4/100000 + 16957*x13*x5/10000 + 41451*x13*x6/50000 + 13133*x13*x7/10000 + 5807*x13*x8/5000 + 13261*x13*x9/10000 - 9731*x13/2500 + 54037*x2**2/1000 - 8957*x2*x3/10000 + 1126*x2*x4/3125 - 8881*x2*x5/10000 - 48603*x2*x6/100000 - 73951*x2*x7/100000 - 3009*x2*x8/5000 - 47909*x2*x9/100000 + 3197*x2/1000 + 54409*x3**2/1000 - 649*x3*x4/4000 + 1207*x3*x5/625 + 18981*x3*x6/20000 + 14347*x3*x7/10000 + 12781*x3*x8/10000 + 803*x3*x9/500 - 1077*x3/250 + 53857*x4**2/1000 - 653*x4*x5/4000 - 12743*x4*x6/100000 - 25901*x4*x7/100000 - 6823*x4*x8/50000 - 32099*x4*x9/1000000 + 7643*x4/5000 + 54451*x5**2/1000 + 95229*x5*x6/100000 + 3097*x5*x7/2000 + 801*x5*x8/625 + 8727*x5*x9/5000 - 11109*x5/2500 + 13491*x6**2/250 + 5119*x6*x7/6250 + 17109*x6*x8/25000 + 72733*x6*x9/100000 - 18063*x6/10000 + 54241*x7**2/1000 + 10499*x7*x8/10000 + 741*x7*x9/625 - 18063*x7/5000 + 54107*x8**2/1000 + 5097*x8*x9/5000 - 25017*x8/10000 + 68907*x9**2/1000 - 7293*x9/2500 + 6947/100",
    "Q": "[[69.47039473094205, -1.4690906507319477, -1.2365186262665384, -1.830969470141242, -0.8974410526005429, -2.2292456901704556, 0.7515592648749794, -2.1755967765236996, 1.598845078036533, -1.9584922983436364, -1.4107222065828504, -2.1029155153605408, -0.030601987940371674, -1.497510848351239], [-1.4690906507319477, 68.90705874419722, 0.49768062052850187, 0.5855890334706204, 0.35541169279413176, 0.893645913755561, -0.020921811178596133, 0.827795120300245, -0.24492197510687547, 0.6485687633611025, 0.5608866248965539, 0.752850889676071, 0.15367615131006604, 0.44984493308522383], [-1.2365186262665384, 0.49768062052850187, 54.10659475830182, 0.5185131569953617, 0.34191588901104664, 0.6627212420015933, -0.07924009835851477, 0.6366611086255374, -0.2862320010333925, 0.5558957230790925, 0.5062382099195757, 0.6079922449974887, 0.12007664318361488, 0.4274459696439633], [-1.830969470141242, 0.5855890334706204, 0.5185131569953617, 54.24160278360548, 0.3841133273244087, 0.7694813611192679, -0.12578123114614492, 0.7420479966148688, -0.38686979312082176, 0.6549353047017918, 0.5728636979618962, 0.7111783582349827, 0.11689154151678799, 0.5049394920210372], [-0.8974410526005429, 0.35541169279413176, 0.34191588901104664, 0.3841133273244087, 53.96308016187412, 0.48680111500943074, -0.0629886566194299, 0.46867970565221634, -0.21463933257448664, 0.41130202099631985, 0.37542488709647936, 0.44865461521169125, 0.08661051002656578, 0.317672752385813], [-2.2292456901704556, 0.893645913755561, 0.6627212420015933, 0.7694813611192679, 0.48680111500943074, 54.45290286998772, -0.09328032561775086, 0.9826439546639293, -0.41900685553795336, 0.8308930765440362, 0.7349821103112006, 0.92439791175012, 0.18165188281819517, 0.6219112902670231], [0.7515592648749794, -0.020921811178596133, -0.07924009835851477, -0.12578123114614492, -0.0629886566194299, -0.09328032561775086, 53.856080173332096, -0.10611705231133457, 0.17863579877790284, -0.12705850855823267, -0.08646875054730081, -0.11869295067615213, 0.030018532726852107, -0.11635129914031458], [-2.1755967765236996, 0.827795120300245, 0.6366611086255374, 0.7420479966148688, 0.46867970565221634, 0.9826439546639293, -0.10611705231133457, 54.41155047249036, -0.42101106484231404, 0.7990999283191957, 0.7053609925341696, 0.8842163304940992, 0.16629200123803953, 0.603371310751771], [1.598845078036533, -0.24492197510687547, -0.2862320010333925, -0.38686979312082176, -0.21463933257448664, -0.41900685553795336, 0.17863579877790284, -0.42101106484231404, 54.03639698374938, -0.40666744755227835, -0.3179214011367012, -0.4208701974457583, -0.009801371009730112, -0.3290052622176913], [-1.9584922983436364, 0.6485687633611025, 0.5558957230790925, 0.6549353047017918, 0.41130202099631985, 0.8308930765440362, -0.12705850855823267, 0.7990999283191957, -0.40666744755227835, 54.29806495140354, 0.6144419655721315, 0.7633822201379066, 0.12900590103870516, 0.5389179022394561], [-1.4107222065828504, 0.5608866248965539, 0.5062382099195757, 0.5728636979618962, 0.37542488709647936, 0.7349821103112006, -0.08646875054730081, 0.7053609925341696, -0.3179214011367012, 0.6144419655721315, 54.17508528705462, 0.6728078299788512, 0.13249221669892047, 0.47136494223996184], [-2.1029155153605408, 0.752850889676071, 0.6079922449974887, 0.7111783582349827, 0.44865461521169125, 0.92439791175012, -0.11869295067615213, 0.8842163304940992, -0.4208701974457583, 0.7633822201379066, 0.6728078299788512, 54.37175984385944, 0.15053217096285634, 0.5821622713954662], [-0.030601987940371674, 0.15367615131006604, 0.12007664318361488, 0.11689154151678799, 0.08661051002656578, 0.18165188281819517, 0.030018532726852107, 0.16629200123803953, -0.009801371009730112, 0.12900590103870516, 0.13249221669892047, 0.15053217096285634, 53.80043478459251, 0.09033817802581576], [-1.497510848351239, 0.44984493308522383, 0.4274459696439633, 0.5049394920210372, 0.317672752385813, 0.6219112902670231, -0.11635129914031458, 0.603371310751771, -0.3290052622176913, 0.5389179022394561, 0.47136494223996184, 0.5821622713954662, 0.09033817802581576, 54.10878066183272]]",
    "monomial_list": "[1, x9, x8, x7, x6, x5, x4, x3, x2, x13, x12, x11, x10, x1]"
}