{
    "name": "Multiplier-11",
    "rational_expression": "54333*x1**2/1000 + 1631*x1*x10/6250 + 6189*x1*x11/5000 + 6689*x1*x12/5000 + 7461*x1*x13/5000 - 47987*x1*x2/50000 + 8571*x1*x3/5000 - 28131*x1*x4/100000 + 9017*x1*x5/5000 + 43829*x1*x6/50000 + 1391*x1*x7/1000 + 1219*x1*x8/1000 + 996*x1*x9/625 - 10983*x1/2500 + 6738*x10**2/125 + 46147*x10*x11/100000 + 36677*x10*x12/100000 + 18521*x10*x13/50000 - 13247*x10*x2/100000 + 4811*x10*x3/10000 - 661*x10*x4/100000 + 47331*x10*x5/100000 + 2323*x10*x6/10000 + 17259*x10*x7/50000 + 33647*x10*x8/100000 + 8449*x10*x9/25000 - 29497*x10/100000 + 34577*x11**2/500 + 7881*x11*x12/5000 + 4597*x11*x13/2500 - 74983*x11*x2/100000 + 22747*x11*x3/10000 - 31637*x11*x4/500000 + 12289*x11*x5/5000 + 98941*x11*x6/100000 + 16047*x11*x7/10000 + 13233*x11*x8/10000 + 477*x11*x9/250 - 41027*x11/10000 + 54421*x12**2/1000 + 3447*x12*x13/2000 - 96573*x12*x2/100000 + 19439*x12*x3/10000 - 14067*x12*x4/50000 + 21351*x12*x5/10000 + 991*x12*x6/1000 + 201*x12*x7/125 + 2651*x12*x8/2000 + 18057*x12*x9/10000 - 42457*x12/10000 + 27307*x13**2/500 - 1549*x13*x2/1250 + 22423*x13*x3/10000 - 188*x13*x4/625 + 24339*x13*x5/10000 + 2261*x13*x6/2000 + 4711*x13*x7/2500 + 3167*x13*x8/2000 + 20821*x13*x9/10000 - 14279*x13/2500 + 54209*x2**2/1000 - 3147*x2*x3/2500 + 38533*x2*x4/100000 - 13533*x2*x5/10000 - 13053*x2*x6/20000 - 11713*x2*x7/10000 - 44627*x2*x8/50000 - 11667*x2*x9/10000 + 45407*x2/10000 + 27397*x3**2/500 - 6201*x3*x4/20000 + 28013*x3*x5/10000 + 3401*x3*x6/2500 + 21293*x3*x7/10000 + 18187*x3*x8/10000 + 4651*x3*x9/2000 - 12603*x3/2000 + 26973*x4**2/500 - 15603*x4*x5/50000 - 7413*x4*x6/50000 - 28859*x4*x7/100000 - 26711*x4*x8/100000 - 906*x4*x9/3125 + 4391*x4/2500 + 54869*x5**2/1000 + 13679*x5*x6/10000 + 22509*x5*x7/10000 + 18273*x5*x8/10000 + 12217*x5*x9/5000 - 16469*x5/2500 + 433*x6**2/8 + 1389*x6*x7/1250 + 96087*x6*x8/100000 + 1203*x6*x9/1000 - 27843*x6/10000 + 54529*x7**2/1000 + 7307*x7*x8/5000 + 19549*x7*x9/10000 - 3296*x7/625 + 1358*x8**2/25 + 15701*x8*x9/10000 - 38077*x8/10000 + 6831*x9**2/125 - 29273*x9/5000 + 73223/1000",
    "Q": "[[73.22327167176957, -2.912428249267651, -1.8826530716690313, -2.666670076364265, -1.3755984137547757, -3.2759815385135287, 0.9072396294557921, -3.180587095051788, 2.236281155012743, -2.842289471379309, -2.137314610417884, -2.0621959301525714, -0.1830338803691585, -2.187440491042101], [-2.912428249267651, 54.647172788802216, 0.796527778330055, 0.9533242496300353, 0.5877065359632142, 1.2334881525603187, -0.16752259069433711, 1.178171168409352, -0.6063491618562782, 1.01941538960332, 0.8852671247917434, 0.9373061724893851, 0.19184863747752584, 0.7828215184967847], [-1.8826530716690313, 0.796527778330055, 54.31930182390927, 0.7226246568016507, 0.45374376962624324, 0.9352201212971986, -0.11863130584673921, 0.8935718454808778, -0.438932986169935, 0.7735992139953488, 0.6830242603765742, 0.6880177407433575, 0.15191106708651173, 0.5929706545188383], [-2.666670076364265, 0.9533242496300353, 0.7226246568016507, 54.53027640177875, 0.533944824475877, 1.1085916175398247, -0.16299208238077031, 1.062469244212861, -0.5634469533985168, 0.927432397322518, 0.8030098080425014, 0.8164131453979799, 0.16883959398943588, 0.7145809248122355], [-1.3755984137547757, 0.5877065359632142, 0.45374376962624324, 0.533944824475877, 54.12357373949203, 0.6861514052782167, -0.09350741348345355, 0.6566557850505672, -0.3289422776598669, 0.5711530137002908, 0.5037346517975947, 0.49404936624588924, 0.10816178876978015, 0.4388018332853543], [-3.2759815385135287, 1.2334881525603187, 0.9352201212971986, 1.1085916175398247, 0.6861514052782167, 54.8681065097487, -0.143951867549543, 1.4166772070627998, -0.6489210239479142, 1.193850663490821, 1.0414567302307671, 1.2245628872194083, 0.2502424479539647, 0.8984864992464495], [0.9072396294557921, -0.16752259069433711, -0.11863130584673921, -0.16299208238077031, -0.09350741348345355, -0.143951867549543, 53.947190671380184, -0.15414955630924135, 0.1740871950293149, -0.1671342413520669, -0.1296695303819662, -0.042976650125427326, 0.004171174360891915, -0.14579144601202274], [-3.180587095051788, 1.178171168409352, 0.8935718454808778, 1.062469244212861, 0.6566557850505672, 1.4166772070627998, -0.15414955630924135, 54.7966567490361, -0.6397215076862606, 1.1416660226405646, 0.9945217137163834, 1.1382936166506221, 0.23076912155036391, 0.8649926724349178], [2.236281155012743, -0.6063491618562782, -0.438932986169935, -0.5634469533985168, -0.3289422776598669, -0.6489210239479142, 0.1740871950293149, -0.6397215076862606, 54.20614526249856, -0.5945982102702783, -0.4877479346234437, -0.38212651020903227, -0.06723174616133984, -0.4731110567249739], [-2.842289471379309, 1.01941538960332, 0.7735992139953488, 0.927432397322518, 0.5711530137002908, 1.193850663490821, -0.1671342413520669, 1.1416660226405646, -0.5945982102702783, 54.61149425734556, 0.8597393591583445, 0.8977317075156974, 0.18431710279137853, 0.7621907615345487], [-2.137314610417884, 0.8852671247917434, 0.6830242603765742, 0.8030098080425014, 0.5037346517975947, 1.0414567302307671, -0.1296695303819662, 0.9945217137163834, -0.4877479346234437, 0.8597393591583445, 54.42185019700794, 0.7748935296663593, 0.17031966639895782, 0.6586522611620566], [-2.0621959301525714, 0.9373061724893851, 0.6880177407433575, 0.8164131453979799, 0.49404936624588924, 1.2245628872194083, -0.042976650125427326, 1.1382936166506221, -0.38212651020903227, 0.8977317075156974, 0.7748935296663593, 69.15357942911088, 0.2077794357189074, 0.6352495408680201], [-0.1830338803691585, 0.19184863747752584, 0.15191106708651173, 0.16883959398943588, 0.10816178876978015, 0.2502424479539647, 0.004171174360891915, 0.23076912155036391, -0.06723174616133984, 0.18431710279137853, 0.17031966639895782, 0.2077794357189074, 53.90403138824495, 0.13232615172438747], [-2.187440491042101, 0.7828215184967847, 0.5929706545188383, 0.7145809248122355, 0.4388018332853543, 0.8984864992464495, -0.14579144601202274, 0.8649926724349178, -0.4731110567249739, 0.7621907615345487, 0.6586522611620566, 0.6352495408680201, 0.13232615172438747, 54.333198598774224]]",
    "monomial_list": "[1, x9, x8, x7, x6, x5, x4, x3, x2, x13, x12, x11, x10, x1]"
}