{
    "name": "Multiplier-1",
    "rational_expression": "68407*x1**2/1000 - 16871*x1*x10/20000000 + 15773*x1*x11/50000 + 21231*x1*x12/100000 + 21171*x1*x13/100000 + 973*x1*x2/250000 + 31717*x1*x3/100000 + 21523*x1*x4/500000000 + 21421*x1*x5/50000 + 5317*x1*x6/50000 + 21379*x1*x7/100000 + 531*x1*x8/5000 + 21431*x1*x9/100000 - 12069*x1/100000 + 53509*x10**2/1000 + 84937*x10*x11/10000000 + 5321*x10*x12/500000 + 8181*x10*x13/1000000 + 15963*x10*x2/50000 + 15507*x10*x3/2000000 + 4403*x10*x4/20000 + 84539*x10*x5/10000000 + 2293*x10*x6/20000 - 97011*x10*x7/1000000 + 11701*x10*x8/100000 + 75429*x10*x9/10000000 + 16823*x10/20000 + 53471*x11**2/1000 - 93351*x11*x12/1000000 - 20297*x11*x13/100000 + 31533*x11*x2/100000 - 20423*x11*x3/100000 + 49951*x11*x4/10000000 - 10171*x11*x5/50000 - 9863*x11*x6/100000 - 4101*x11*x7/20000 - 47809*x11*x8/500000 - 20557*x11*x9/100000 + 433*x11/400 + 53499*x12**2/1000 - 807*x12*x13/4000 + 15823*x12*x2/50000 - 5931*x12*x3/62500 + 5717*x12*x4/50000 - 93829*x12*x5/1000000 + 5477*x12*x6/500000 - 20329*x12*x7/100000 + 913*x12*x8/62500 - 95783*x12*x9/1000000 + 824*x12/625 + 13369*x13**2/250 + 10539*x13*x2/50000 - 20423*x13*x3/100000 + 49951*x13*x4/10000000 - 10171*x13*x5/50000 - 9863*x13*x6/100000 - 4101*x13*x7/20000 - 47809*x13*x8/500000 - 20557*x13*x9/100000 + 433*x13/400 + 26767*x2**2/500 + 31609*x2*x3/100000 + 4307*x2*x4/20000 + 6319*x2*x5/20000 + 666*x2*x6/3125 + 21249*x2*x7/100000 + 31711*x2*x8/100000 + 10661*x2*x9/50000 - 24137*x2/100000 + 26733*x3**2/500 + 353*x3*x4/3125 - 95741*x3*x5/1000000 - 9863*x3*x6/100000 - 4101*x3*x7/20000 - 47809*x3*x8/500000 - 20557*x3*x9/100000 + 433*x3/400 + 53549*x4**2/1000 + 11347*x4*x5/100000 + 11261*x4*x6/100000 + 26601*x4*x7/5000000 + 2287*x4*x8/20000 + 27143*x4*x9/5000000 + 29989*x4/50000 + 13367*x5**2/250 - 94337*x5*x6/1000000 - 10201*x5*x7/50000 - 94333*x5*x8/1000000 - 10227*x5*x9/50000 + 2999*x5/2500 + 107*x6**2/2 - 98807*x6*x7/1000000 + 10737*x6*x8/1000000 - 99011*x6*x9/1000000 + 96549*x6/100000 + 53481*x7**2/1000 - 47809*x7*x8/500000 - 20557*x7*x9/100000 + 433*x7/400 + 53503*x8**2/1000 - 95783*x8*x9/1000000 + 824*x8/625 + 2139*x9**2/40 + 433*x9/400 + 59919/1000",
    "Q": "[[59.91864346961787, 0.5317528538080786, 0.6348596097647776, 0.5094693384945875, 0.4957302531739627, 0.5748184852912286, 0.2699273177020485, 0.565974299978463, -0.1370203814970965, 0.525408284497685, 0.6624317903909611, 0.5497165013180614, 0.40440985552410114, -0.07454270918622731], [0.5317528538080786, 53.47474414208847, -0.06745045228406762, -0.0997700883458593, -0.052354655198945096, -0.0895456605478923, 0.018849038812194834, -0.09429872277146052, 0.12303701727949228, -0.09995638094419453, -0.07427933612219448, -0.09638714001282234, -0.02036232767840285, 0.1192311200464095], [0.6348596097647776, -0.06745045228406762, 53.502918021616594, -0.06947812687166673, -0.003315162771217681, -0.05614138305850544, 0.07233278383182755, -0.06081579375022005, 0.16084197500107583, -0.06925296828500985, -0.016451647149002654, -0.06343659305439801, 0.034151174025841835, 0.06805711933873793], [0.5094693384945875, -0.0997700883458593, -0.06947812687166673, 53.48050037812589, -0.05322821710293918, -0.09630269635163809, 0.012224594787582, -0.09899166012351357, 0.1112069621855253, -0.10021617928445833, -0.0766618256618818, -0.09907718261779931, -0.023343396337575293, 0.08558911384866043], [0.4957302531739627, -0.052354655198945096, -0.003315162771217681, -0.05322821710293918, 53.500584929113224, -0.046231614653487914, 0.060474658504938106, -0.04874756155908455, 0.12828609466628033, -0.05349190165934057, -0.009716077901152677, -0.04987466595008732, 0.031201253773117704, 0.03986464671657625], [0.5748184852912286, -0.0895456605478923, -0.05614138305850544, -0.09630269635163809, -0.046231614653487914, 53.46659149941689, 0.04616419895660003, -0.07364934841175814, 0.15923243977637855, -0.09277106418348872, -0.06092729664128412, -0.08107454877584037, -0.004873477105530578, 0.2059988028349938], [0.2699273177020485, 0.018849038812194834, 0.07233278383182755, 0.012224594787582, 0.060474658504938106, 0.04616419895660003, 53.54884130577233, 0.037694488629481424, 0.1329427097864921, 0.015788595258964918, 0.06939876795000065, 0.02852250483450526, 0.09925305575451669, 0.01963269845911361], [0.565974299978463, -0.09429872277146052, -0.06081579375022005, -0.09899166012351357, -0.04874756155908455, -0.07364934841175814, 0.037694488629481424, 53.4660535714939, 0.14899382404375522, -0.09679610345416394, -0.06645566504625611, -0.08772705553430682, -0.010101657806714851, 0.17816606681028554], [-0.1370203814970965, 0.12303701727949228, 0.16084197500107583, 0.1112069621855253, 0.12828609466628033, 0.15923243977637855, 0.1329427097864921, 0.14899382404375522, 53.53345782583501, 0.11847973122274541, 0.16512848391967966, 0.13646999453673173, 0.13599469188754112, 0.024182478873530183], [0.525408284497685, -0.09995638094419453, -0.06925296828500985, -0.10021617928445833, -0.05349190165934057, -0.09277106418348872, 0.015788595258964918, -0.09679610345416394, 0.11847973122274541, 53.476306386514395, -0.0762337162796431, -0.09816073693104059, -0.02223013557853718, 0.10756983950303882], [0.6624317903909611, -0.07427933612219448, -0.016451647149002654, -0.0766618256618818, -0.009716077901152677, -0.06092729664128412, 0.06939876795000065, -0.06645566504625611, 0.16512848391967966, -0.0762337162796431, 53.499027835420726, -0.06961693191058284, 0.028896639645345612, 0.08442823803203728], [0.5497165013180614, -0.09638714001282234, -0.06343659305439801, -0.09907718261779931, -0.04987466595008732, -0.08107454877584037, 0.02852250483450526, -0.08772705553430682, 0.13646999453673173, -0.09816073693104059, -0.06961693191058284, 53.470218103344216, -0.014741407718509248, 0.1482160026698911], [0.40440985552410114, -0.02036232767840285, 0.034151174025841835, -0.023343396337575293, 0.031201253773117704, -0.004873477105530578, 0.09925305575451669, -0.010101657806714851, 0.13599469188754112, -0.02223013557853718, 0.028896639645345612, -0.014741407718509248, 53.50837999193377, 0.024181825616243838], [-0.07454270918622731, 0.1192311200464095, 0.06805711933873793, 0.08558911384866043, 0.03986464671657625, 0.2059988028349938, 0.01963269845911361, 0.17816606681028554, 0.024182478873530183, 0.10756983950303882, 0.08442823803203728, 0.1482160026698911, 0.024181825616243838, 68.40646317189814]]",
    "monomial_list": "[1, x9, x8, x7, x6, x5, x4, x3, x2, x13, x12, x11, x10, x1]"
}