{
    "name": "Multiplier-13",
    "rational_expression": "27011*x1**2/500 + 12341*x1*x10/100000 + 24963*x1*x11/25000 + 10603*x1*x12/12500 + 77971*x1*x13/100000 - 3167*x1*x2/6250 + 97927*x1*x3/100000 - 24667*x1*x4/100000 + 43*x1*x5/40 + 5769*x1*x6/10000 + 82721*x1*x7/100000 + 68739*x1*x8/100000 + 11643*x1*x9/12500 - 3063*x1/1250 + 1344*x10**2/25 + 297*x10*x11/1250 + 11607*x10*x12/50000 + 7283*x10*x13/25000 - 65331*x10*x2/10000000 + 3363*x10*x3/10000 + 10687*x10*x4/100000 + 33233*x10*x5/100000 + 1403*x10*x6/12500 + 22183*x10*x7/100000 + 2193*x10*x8/10000 + 2727*x10*x9/12500 + 27117*x11**2/500 + 1379*x11*x12/1250 + 12371*x11*x13/10000 - 64047*x11*x2/100000 + 3621*x11*x3/2500 - 15003*x11*x4/100000 + 15431*x11*x5/10000 + 40449*x11*x6/50000 + 5879*x11*x7/5000 + 10329*x11*x8/10000 + 12733*x11*x9/10000 - 6803*x11/2000 + 54079*x12**2/1000 + 23027*x12*x13/25000 - 10163*x12*x2/20000 + 2391*x12*x3/2000 - 13459*x12*x4/100000 + 12903*x12*x5/10000 + 68321*x12*x6/100000 + 3757*x12*x7/4000 + 91043*x12*x8/100000 + 10339*x12*x9/10000 - 23133*x12/10000 + 68817*x13**2/1000 - 20061*x13*x2/50000 + 886*x13*x3/625 - 391*x13*x4/12500 + 15113*x13*x5/10000 + 29001*x13*x6/50000 + 10481*x13*x7/10000 + 40057*x13*x8/50000 + 11413*x13*x9/10000 - 3063*x13/1250 + 6746*x2**2/125 - 32049*x2*x3/50000 + 4409*x2*x4/12500 - 3979*x2*x5/6250 - 35883*x2*x6/100000 - 30563*x2*x7/50000 - 47839*x2*x8/100000 - 17829*x2*x9/25000 + 27203*x2/10000 + 27133*x3**2/500 - 7597*x3*x4/50000 + 3317*x3*x5/2000 + 20291*x3*x6/25000 + 1611*x3*x7/1250 + 10357*x3*x8/10000 + 13839*x3*x9/10000 - 7077*x3/2000 + 53817*x4**2/1000 - 7473*x4*x5/50000 - 6099*x4*x6/50000 - 5017*x4*x7/20000 - 3157*x4*x8/25000 - 627*x4*x9/2500 + 6801*x4/5000 + 543*x5**2/10 + 81351*x5*x6/100000 + 12927*x5*x7/10000 + 1143*x5*x8/1000 + 867*x5*x9/625 - 9189*x5/2500 + 539*x6**2/10 + 34393*x6*x7/50000 + 28241*x6*x8/50000 + 17013*x6*x9/25000 - 6801*x6/5000 + 54131*x7**2/1000 + 92087*x7*x8/100000 + 289*x7*x9/250 - 5989*x7/2000 + 2701*x8**2/50 + 574*x8*x9/625 - 19063*x8/10000 + 13549*x9**2/250 - 8161*x9/2500 + 34023/500",
    "Q": "[[68.04601515150543, -1.6531375537431943, -0.9780601743620246, -1.5026120642987626, -0.7097208050381828, -1.8243619172504237, 0.6875348257593046, -1.7841741094776835, 1.352149481225436, -1.2472372474589017, -1.1228241341335345, -1.7298374808066017, 0.02674772905756818, -1.2275594275578938], [-1.6531375537431943, 54.1974523105668, 0.48343105705900996, 0.5638211158999054, 0.35901681811773833, 0.7174368718819834, -0.10785396701346012, 0.6899545412901114, -0.3377296825121852, 0.5852840373471473, 0.5337301447684164, 0.6597255924232273, 0.11422526560095517, 0.46365843575411864], [-0.9780601743620246, 0.48343105705900996, 54.02126124936194, 0.43659878156838405, 0.296393139653745, 0.5574024969244744, -0.06046834124517582, 0.536129742502921, -0.22439223941706263, 0.42746154621302423, 0.43425516117752117, 0.5132349255786557, 0.10884487874851209, 0.36061357840893743], [-1.5026120642987626, 0.5638211158999054, 0.43659878156838405, 54.13005515872843, 0.3250886465256721, 0.64055073411192, -0.10901873385220091, 0.6188579246675535, -0.3173849666564649, 0.5015506468170334, 0.4817008008487408, 0.5950433750787031, 0.09782320659756474, 0.42254355044039255], [-0.7097208050381828, 0.35901681811773833, 0.296393139653745, 0.3250886465256721, 53.900425059145455, 0.4104438625413009, -0.04886115078239064, 0.3959546932063532, -0.169137441002093, 0.30493250700905694, 0.3241295310442414, 0.3802534381004751, 0.07940730685040318, 0.269720054488337], [-1.8243619172504237, 0.7174368718819834, 0.5574024969244744, 0.64055073411192, 0.4104438625413009, 54.2991137806222, -0.07316525518836203, 0.8203655915592168, -0.33225014440163037, 0.7751725478778914, 0.6176413126848499, 0.7724950079592255, 0.1558155495121463, 0.5168117169577071], [0.6875348257593046, -0.10785396701346012, -0.06046834124517582, -0.10901873385220091, -0.04886115078239064, -0.07316525518836203, 53.81727208056275, -0.08624402315822668, 0.1771595598400272, -0.013201603881030238, -0.06685609972640495, -0.09946125056573822, 0.039847349217586744, -0.10228193546927418], [-1.7841741094776835, 0.6899545412901114, 0.536129742502921, 0.6188579246675535, 0.3959546932063532, 0.8203655915592168, -0.08624402315822668, 54.26668851874952, -0.337219248179521, 0.7165306626468575, 0.5933695449758458, 0.7396100415909936, 0.14216132911012022, 0.5027309222780852], [1.352149481225436, -0.3377296825121852, -0.22439223941706263, -0.3173849666564649, -0.169137441002093, -0.33225014440163037, 0.1771595598400272, -0.337219248179521, 53.96812086081004, -0.19636065429000815, -0.2504093335130507, -0.34109959018318436, 0.01110372044303684, -0.2716545278619958], [-1.2472372474589017, 0.5852840373471473, 0.42746154621302423, 0.5015506468170334, 0.30493250700905694, 0.7751725478778914, -0.013201603881030238, 0.7165306626468575, -0.19636065429000815, 68.81962760803422, 0.48247365924056507, 0.6508697102407254, 0.13395612848633273, 0.3826784564754799], [-1.1228241341335345, 0.5337301447684164, 0.43425516117752117, 0.4817008008487408, 0.3241295310442414, 0.6176413126848499, -0.06685609972640495, 0.5933695449758458, -0.2504093335130507, 0.48247365924056507, 54.07794309785301, 0.5672987106334099, 0.11886500132911572, 0.3969338255799466], [-1.7298374808066017, 0.6597255924232273, 0.5132349255786557, 0.5950433750787031, 0.3802534381004751, 0.7724950079592255, -0.09946125056573822, 0.7396100415909936, -0.34109959018318436, 0.6508697102407254, 0.5672987106334099, 54.2370234925753, 0.12822478657832057, 0.48706200843805103], [0.02674772905756818, 0.11422526560095517, 0.10884487874851209, 0.09782320659756474, 0.07940730685040318, 0.1558155495121463, 0.039847349217586744, 0.14216132911012022, 0.01110372044303684, 0.13395612848633273, 0.11886500132911572, 0.12822478657832057, 53.759938822801885, 0.07527040529147451], [-1.2275594275578938, 0.46365843575411864, 0.36061357840893743, 0.42254355044039255, 0.269720054488337, 0.5168117169577071, -0.10228193546927418, 0.5027309222780852, -0.2716545278619958, 0.3826784564754799, 0.3969338255799466, 0.48706200843805103, 0.07527040529147451, 54.02115878026082]]",
    "monomial_list": "[1, x9, x8, x7, x6, x5, x4, x3, x2, x13, x12, x11, x10, x1]"
}