{
    "name": "Multiplier-10",
    "rational_expression": "26477*x1**2/500 - 5971*x1*x10/250000 - 12191*x1*x11/10000 - 97381*x1*x12/100000 - 10757*x1*x13/10000 + 78147*x1*x2/100000 - 11881*x1*x3/10000 + 3851*x1*x4/20000 - 3027*x1*x5/2500 - 711*x1*x6/1000 - 2681*x1*x7/2500 - 11159*x1*x8/12500 - 2729*x1*x9/2500 + 37519*x1/10000 + 17077*x10**2/250 + 13803*x10*x11/100000 - 3091*x10*x12/125000 + 36109*x10*x13/500000 - 11237*x10*x2/100000 + 2997*x10*x3/20000 - 18347*x10*x4/200000 + 25687*x10*x5/100000 - 21639*x10*x6/10000000 + 6001*x10*x7/50000 - 2697*x10*x8/40000 + 10787*x10*x9/100000 - 34403*x10/5000 + 52773*x11**2/1000 - 12963*x11*x12/10000 - 3759*x11*x13/2500 + 5179*x11*x2/5000 - 16187*x11*x3/10000 + 1159*x11*x4/6250 - 4123*x11*x5/2500 - 86787*x11*x6/100000 - 14289*x11*x7/10000 - 2881*x11*x8/2500 - 15617*x11*x9/10000 + 49983*x11/10000 + 13239*x12**2/250 - 6189*x12*x13/5000 + 2949*x12*x2/2500 - 6761*x12*x3/5000 + 3187*x12*x4/6250 - 6893*x12*x5/5000 - 28827*x12*x6/50000 - 2863*x12*x7/2500 - 75741*x12*x8/100000 - 12703*x12*x9/10000 + 2802*x12/625 + 52833*x13**2/1000 + 18889*x13*x2/20000 - 7679*x13*x3/5000 + 18699*x13*x4/100000 - 3129*x13*x5/2000 - 88169*x13*x6/100000 - 3351*x13*x7/2500 - 5299*x13*x8/5000 - 14699*x13*x9/10000 + 46867*x13/10000 + 53217*x2**2/1000 + 5183*x2*x3/5000 + 45021*x2*x4/100000 + 2109*x2*x5/2000 + 23799*x2*x6/25000 + 1817*x2*x7/2000 + 11471*x2*x8/10000 + 46447*x2*x9/50000 - 2709*x2/1000 + 5273*x3**2/100 + 28793*x3*x4/100000 - 17383*x3*x5/10000 - 4839*x3*x6/5000 - 2837*x3*x7/2000 - 12507*x3*x8/10000 - 7761*x3*x9/5000 + 52081*x3/10000 + 53237*x4**2/1000 + 28927*x4*x5/100000 + 10417*x4*x6/25000 + 19861*x4*x7/100000 + 52277*x4*x8/100000 + 20763*x4*x9/100000 - 407*x4/4000 + 26341*x5**2/500 - 96241*x5*x6/100000 - 949*x5*x7/625 - 12449*x5*x8/10000 - 4133*x5*x9/2500 + 26581*x5/5000 + 53053*x6**2/1000 - 79517*x6*x7/100000 - 49421*x6*x8/100000 - 91127*x6*x9/100000 + 6251*x6/2000 + 52873*x7**2/1000 - 10693*x7*x8/10000 - 3437*x7*x9/2500 + 2802*x7/625 + 53*x8**2 - 5893*x8*x9/5000 + 10413*x8/2500 + 6602*x9**2/125 + 11987*x9/2500 + 26047/500",
    "Q": "[[52.093998882667755, 2.41182955258899, 2.0684121847557173, 2.232355629823899, 1.586726227416897, 2.678164756019079, -0.03157472233272055, 2.606998843622658, -1.3346775634327732, 2.359305165849011, 2.2332500710612293, 2.519131452275226, -3.445187606529999, 1.861716942415385], [2.41182955258899, 52.81720708032091, -0.5676698844075262, -0.6793511426710482, -0.43152755847650026, -0.8025775339343673, 0.10884583932093934, -0.7847583344413055, 0.4860115110601254, -0.7170966594518665, -0.6214213166855254, -0.7625008936829272, 0.06234855949230165, -0.5675901459871652], [2.0684121847557173, -0.5676698844075262, 52.99817838357832, -0.5247751936734698, -0.24048246850933713, -0.6218984766035024, 0.25674290488028734, -0.6069868903937612, 0.5727177241472784, -0.5564751538144521, -0.38473709052193095, -0.5881961193691747, -0.01931200333082108, -0.43091502610253535], [2.232355629823899, -0.6793511426710482, -0.5247751936734698, 52.87210839570804, -0.39914272356968433, -0.7483635208106257, 0.10437804946466833, -0.7306288701459686, 0.4520852178071373, -0.6649569653004171, -0.5746539533147982, -0.7082326751751348, 0.04146328843103233, -0.525736920806536], [1.586726227416897, -0.43152755847650026, -0.24048246850933713, -0.39914272356968433, 53.0542881145855, -0.4733722355648094, 0.22330400436262593, -0.46134267772590765, 0.463853903497828, -0.42325114116900014, -0.2806123080062057, -0.44657111672373445, -0.021970094805169108, -0.3275545757665455], [2.678164756019079, -0.8025775339343673, -0.6218984766035024, -0.7483635208106257, -0.4733722355648094, 52.68201332996176, 0.12489276858181517, -0.8565124315988466, 0.5510336868117153, -0.7873876719613931, -0.6808792972122866, -0.8319710268033297, 0.11581267853423798, -0.6279794763757688], [-0.03157472233272055, 0.10884583932093934, 0.25674290488028734, 0.10437804946466833, 0.22330400436262593, 0.12489276858181517, 53.23736746833451, 0.12165295223400975, 0.2247891069920699, 0.10549056262700635, 0.2459604824162534, 0.1177763042130782, -0.035402807439916174, 0.10493296772117502], [2.606998843622658, -0.7847583344413055, -0.6069868903937612, -0.7306288701459686, -0.46134267772590765, -0.8565124315988466, 0.12165295223400975, 52.72991244374291, 0.5341857615168951, -0.7695337286165342, -0.6649283264294933, -0.8137614226813634, 0.09880516323413893, -0.6119345935116112], [-1.3346775634327732, 0.4860115110601254, 0.5727177241472784, 0.4520852178071373, 0.463853903497828, 0.5510336868117153, 0.2247891069920699, 0.5341857615168951, 53.216631584932486, 0.4736607579979723, 0.5891216022592806, 0.5143071706913414, -0.04986557871947841, 0.39396626049811734], [2.359305165849011, -0.7170966594518665, -0.5564751538144521, -0.6649569653004171, -0.42325114116900014, -0.7873876719613931, 0.10549056262700635, -0.7695337286165342, 0.4736607579979723, 52.83467899929354, -0.6090273271627071, -0.7470528383141032, 0.05561970811176532, -0.5555089942655681], [2.2332500710612293, -0.6214213166855254, -0.38473709052193095, -0.5746539533147982, -0.2806123080062057, -0.6808792972122866, 0.2459604824162534, -0.6649283264294933, 0.5891216022592806, -0.6090273271627071, 52.95373685424964, -0.6446450822952372, -0.009128395683096252, -0.4728616876719957], [2.519131452275226, -0.7625008936829272, -0.5881961193691747, -0.7082326751751348, -0.44657111672373445, -0.8319710268033297, 0.1177763042130782, -0.8137614226813634, 0.5143071706913414, -0.7470528383141032, -0.6446450822952372, 52.77575039654077, 0.07979069244318994, -0.5919504143219959], [-3.445187606529999, 0.06234855949230165, -0.01931200333082108, 0.04146328843103233, -0.021970094805169108, 0.11581267853423798, -0.035402807439916174, 0.09880516323413893, -0.04986557871947841, 0.05561970811176532, -0.009128395683096252, 0.07979069244318994, 68.30911400537934, 0.01696318606607283], [1.861716942415385, -0.5675901459871652, -0.43091502610253535, -0.525736920806536, -0.3275545757665455, -0.6279794763757688, 0.10493296772117502, -0.6119345935116112, 0.39396626049811734, -0.5555089942655681, -0.4728616876719957, -0.5919504143219959, 0.01696318606607283, 52.95369524455613]]",
    "monomial_list": "[1, x9, x8, x7, x6, x5, x4, x3, x2, x13, x12, x11, x10, x1]"
}