{
    "name": "Total Decomposition",
    "rational_expression": "689*x1**4/2000 - 1417*x1**3*x2/20000 - 1429*x1**3/2500 + 431*x1**2*x2**2/625 - 4311*x1**2*x2/10000 + 6473*x1**2/10000 - 3573*x1*x2**3/50000 - 43*x1*x2**2/100 - 2971*x1*x2/5000 - 701*x1/2000 + 431*x2**4/1250 - 5721*x2**3/10000 + 809*x2**2/1250 - 701*x2/2000 + 149/125",
    "Q": "[[1.1921305701903215, -0.1757480059474964, -0.17574800594749898, -0.06108584749150772, -0.3142641907000136, -0.061085847491509894], [-0.1757480059474964, 0.7689810392596318, 0.01765966119608929, -0.28594819260621057, -0.134556780148301, -0.08073942047873965], [-0.17574800594749898, 0.01765966119608929, 0.7689810392596329, -0.08073942047874008, -0.13455678014830266, -0.2859481926062092], [-0.06108584749150772, -0.28594819260621057, -0.08073942047874008, 0.3446442075702661, -0.03532599598958278, 0.04962918300648995], [-0.3142641907000136, -0.134556780148301, -0.13455678014830266, -0.03532599598958278, 0.5900300432940287, -0.03532599598958268], [-0.061085847491509894, -0.08073942047873965, -0.2859481926062092, 0.04962918300648995, -0.03532599598958268, 0.3446442075702637]]",
    "monomial_list": "[1, x2, x1, x2**2, x1*x2, x1**2]"
}