{
    "name": "Total Decomposition",
    "rational_expression": "1619*x1**4/1000 + 141*x1**3*x2/1250 - 2099*x1**3*x3/1000 - 8931*x1**3/100000 + 1887*x1**2*x2**2/1000 - 182*x1**2*x2*x3/125 - 787*x1**2*x2/5000 + 561*x1**2*x3**2/125 + 168*x1**2*x3/125 + 903*x1**2/250 - 1473*x1*x2**3/50000 - 1477*x1*x2**2*x3/1000 - 2819*x1*x2**2/10000 + 1039*x1*x2*x3**2/5000 + 167*x1*x2*x3/20 + 2809*x1*x2/10000 - 1003*x1*x3**3/500 - 432*x1*x3**2/125 - 263*x1*x3/125 - 1283*x1/1000 + 4929*x2**4/10000 - 1133*x2**3*x3/1000 + 1763*x2**3/5000 + 3469*x2**2*x3**2/1000 - 313*x2**2*x3/250 - 93*x2**2/100 - 1381*x2*x3**3/1000 + 2447*x2*x3**2/1000 - 357*x2*x3/100 - 4047*x2/50000 + 647*x3**4/200 - 262*x3**3/125 + 707*x3**2/100 + 3861*x3/10000 + 3113/1000",
    "Q": "[[3.112992150058558, 0.1916842415546726, -0.04001476390897683, -0.6397486673863191, 0.9637837455876066, -0.7318778977008862, -0.867579753552654, -0.8139544450997561, 0.24517344745571193, 0.34068055370254274], [0.1916842415546726, 5.140143032112692, -1.0550995457842047, -0.18401446665997387, -1.0478605548160973, 0.8120756003001187, -1.1484985418426943, -0.26022785501091333, 1.7201073951183965, 0.23068228102789848], [-0.04001476390897683, -1.0550995457842047, 0.6959653207744366, -0.10560096791215642, 0.41298691675825266, -0.36599758221124645, 0.522047500988009, 0.17631939317017453, -0.07988775028986846, -0.022699639869692912], [-0.6397486673863191, -0.18401446665997387, -0.10560096791215642, 2.9329566267355234, -0.5767330719538764, 1.9352780420168785, 0.43968246622521406, -0.06310821818390107, -0.056521602830089605, -0.04399048700598026], [0.9637837455876066, -1.0478605548160973, 0.41298691675825266, -0.5767330719538764, 3.234123543673927, -0.6919221352779659, -1.0019129578647479, -0.2909318362910886, -0.3927911605235087, 0.4210046165346101], [-0.7318778977008862, 0.8120756003001187, -0.36599758221124645, 1.9352780420168785, -0.6919221352779659, 4.049708186188356, 0.49695068141710624, -0.5673835724600216, -0.9248308564265955, -0.126859659138288], [-0.867579753552654, -1.1484985418426943, 0.522047500988009, 0.43968246622521406, -1.0019129578647479, 0.49695068141710624, 3.646495103607299, 0.18811003174413324, -0.6013253634320486, -1.0495821420410976], [-0.8139544450997561, -0.26022785501091333, 0.17631939317017453, -0.06310821818390107, -0.2909318362910886, -0.5673835724600216, 0.18811003174413324, 0.49414180621460074, -0.014474784658087731, -0.09751509261946213], [0.24517344745571193, 1.7201073951183965, -0.07988775028986846, -0.056521602830089605, -0.3927911605235087, -0.9248308564265955, -0.6013253634320486, -0.014474784658087731, 2.081694511320207, 0.056387816362939956], [0.34068055370254274, 0.23068228102789848, -0.022699639869692912, -0.04399048700598026, 0.4210046165346101, -0.126859659138288, -1.0495821420410976, -0.09751509261946213, 0.056387816362939956, 1.6202810410834758]]",
    "monomial_list": "[1, x3, x2, x1, x3**2, x2*x3, x1*x3, x2**2, x1*x2, x1**2]"
}