{
    "name": "Multiplier-8",
    "rational_expression": "32*x1**2/625 + 417*x1*x2/100000 + 27*x1*x3/6250 + 213*x1*x4/50000 + 209*x1*x5/50000 + 13*x1*x6/3125 + 417*x1*x7/100000 - 187*x1*x8/10000 + 59*x1/2500 + 257*x2**2/5000 + 217*x2*x3/50000 + 437*x2*x4/100000 + 209*x2*x5/50000 + 83*x2*x6/20000 + 417*x2*x7/100000 - 49*x2*x8/2500 + 49*x2/2000 + 129*x3**2/2500 + 14*x3*x4/3125 + 17*x3*x5/4000 + 421*x3*x6/100000 + 103*x3*x7/25000 - 111*x3*x8/5000 + 271*x3/10000 + 129*x4**2/2500 + 21*x4*x5/5000 + 13*x4*x6/3125 + 417*x4*x7/100000 - 109*x4*x8/5000 + 267*x4/10000 + 513*x5**2/10000 + 207*x5*x6/50000 + 83*x5*x7/20000 - 23*x5*x8/1250 + 117*x5/5000 + 521*x6**2/10000 + 207*x6*x7/50000 - 173*x6*x8/10000 + 111*x6/5000 + 13*x7**2/250 - 21*x7*x8/1250 + 217*x7/10000 + 111*x8**2/1000 - 39*x8/250 + 59/500",
    "Q": "[[0.11834494206482213, -0.07817761196069814, 0.010855080442769907, 0.011106018460939405, 0.011666916922979874, 0.013420927671433703, 0.013581688519376614, 0.01235031775573278, 0.01177618904968855], [-0.07817761196069814, 0.11053252108966251, -0.008404234583322812, -0.008650001135784964, -0.009200026995287177, -0.010927541273877614, -0.011086555822461997, -0.00987157178291047, -0.009307297088898452], [0.010855080442769907, -0.008404234583322812, 0.05170462114560879, 0.002045199453458085, 0.002049852714795567, 0.0020687289906789197, 0.0020708137292314924, 0.0020563693772094943, 0.0020508318981100303], [0.011106018460939405, -0.008650001135784964, 0.002045199453458085, 0.05170038891682375, 0.0020568114596773816, 0.0020867768001493862, 0.002089884980757871, 0.002067634747208705, 0.0020584772459657725], [0.011666916922979874, -0.009200026995287177, 0.002049852714795567, 0.0020568114596773816, 0.05170232323810767, 0.0021277121625935436, 0.0021331173630180613, 0.0020933486864208872, 0.002076066824909305], [0.013420927671433703, -0.010927541273877614, 0.0020687289906789197, 0.0020867768001493862, 0.0021277121625935436, 0.05181226595728054, 0.0022738028265296547, 0.002178715052884182, 0.0021357836517884596], [0.013581688519376614, -0.011086555822461997, 0.0020708137292314924, 0.002089884980757871, 0.0021331173630180613, 0.0022738028265296547, 0.051830359971747474, 0.0021869371446458863, 0.0021416378978456516], [0.01235031775573278, -0.00987157178291047, 0.0020563693772094943, 0.002067634747208705, 0.0020933486864208872, 0.002178715052884182, 0.0021869371446458863, 0.05172616791506989, 0.002098444743701261], [0.01177618904968855, -0.009307297088898452, 0.0020508318981100303, 0.0020584772459657725, 0.002076066824909305, 0.0021357836517884596, 0.0021416378978456516, 0.002098444743701261, 0.0517045440144344]]",
    "monomial_list": "[1, x8, x7, x6, x5, x4, x3, x2, x1]"
}