{
    "name": "Multiplier-6",
    "rational_expression": "53*x1**2/500 + 469*x1*x2/50000 + 879*x1*x3/100000 + 83*x1*x4/10000 + 459*x1*x5/50000 - 37*x1*x6/1250 + 941*x1*x7/100000 + 869*x1*x8/100000 + 359*x1/10000 + 53*x2**2/500 + 117*x2*x3/12500 + 211*x2*x4/25000 + 39*x2*x5/4000 - 83*x2*x6/2500 + 97*x2*x7/10000 + 417*x2*x8/50000 + 393*x2/10000 + 21*x3**2/200 + 37*x3*x4/4000 + 953*x3*x5/100000 - 87*x3*x6/2500 + 121*x3*x7/12500 + 83*x3*x8/10000 + 207*x3/5000 + 53*x4**2/500 + 111*x4*x5/12500 - 13*x4*x6/400 + 227*x4*x7/25000 + 417*x4*x8/50000 + 393*x4/10000 + 53*x5**2/500 - 87*x5*x6/2500 + x5*x7/100 + 211*x5*x8/25000 + 81*x5/2000 + 207*x6**2/1000 - 13*x6*x7/400 - 267*x6*x8/10000 - 34*x6/125 + 53*x7**2/500 + 173*x7*x8/20000 + 19*x7/500 + 21*x8**2/200 + 337*x8/10000 + 211/1000",
    "Q": "[[0.21095803946601144, 0.016810822786898508, 0.019089501477889168, -0.13586952851584178, 0.020291698914983572, 0.01965797226742937, 0.020586002346252425, 0.019705668871793286, 0.01787127105348965], [0.016810822786898508, 0.1056590850164346, 0.004354751348229937, -0.013360413134409768, 0.0042158456165213645, 0.0041405844831506325, 0.004128248652156555, 0.004220240929989397, 0.004320436996554264], [0.019089501477889168, 0.004354751348229937, 0.10620490018089083, -0.016379383072578132, 0.005077729625305984, 0.004519983193495455, 0.004811508423162979, 0.004868801698452429, 0.004734496173538882], [-0.13586952851584178, -0.013360413134409768, -0.016379383072578132, 0.20661541595265245, -0.017356240999923427, -0.01626346325940893, -0.017377602281484727, -0.01662892477833019, -0.014747653133337464], [0.020291698914983572, 0.0042158456165213645, 0.005077729625305984, -0.017356240999923427, 0.10603093881024604, 0.00442000390960483, 0.004746783824457581, 0.004894167477497983, 0.004604159460541535], [0.01965797226742937, 0.0041405844831506325, 0.004519983193495455, -0.01626346325940893, 0.00442000390960483, 0.10584676383756336, 0.0045966584212488336, 0.004181673604048196, 0.004126094053450716], [0.020586002346252425, 0.004128248652156555, 0.004811508423162979, -0.017377602281484727, 0.004746783824457581, 0.0045966584212488336, 0.1057565269384994, 0.004685203112496879, 0.004427841180957006], [0.019705668871793286, 0.004220240929989397, 0.004868801698452429, -0.01662892477833019, 0.004894167477497983, 0.004181673604048196, 0.004685203112496879, 0.10589536493773578, 0.004634208518214372], [0.01787127105348965, 0.004320436996554264, 0.004734496173538882, -0.014747653133337464, 0.004604159460541535, 0.004126094053450716, 0.004427841180957006, 0.004634208518214372, 0.10587067735260648]]",
    "monomial_list": "[1, x8, x7, x6, x5, x4, x3, x2, x1]"
}