{
    "name": "Multiplier-1",
    "rational_expression": "70421*x1**2/1000 - 18069*x1*x10/25000 - 18069*x1*x11/25000 - 7227*x1*x12/10000 - 72283*x1*x13/100000 - 18069*x1*x2/25000 - 72273*x1*x3/100000 - 18069*x1*x4/25000 - 4517*x1*x5/6250 - 18069*x1*x6/25000 - 14457*x1*x7/20000 - 4517*x1*x8/6250 - 1807*x1*x9/2500 - 1977*x1/250 + 11037*x10**2/200 + 49813*x10*x11/1000000 + 49813*x10*x12/1000000 + 49813*x10*x13/1000000 + 49813*x10*x2/1000000 + 49813*x10*x3/1000000 + 49813*x10*x4/1000000 + 49813*x10*x5/1000000 + 49813*x10*x6/1000000 + 49813*x10*x7/1000000 + 49813*x10*x8/1000000 + 49813*x10*x9/1000000 - 11869*x10/5000 + 11037*x11**2/200 + 49813*x11*x12/1000000 + 49813*x11*x13/1000000 + 49813*x11*x2/1000000 + 49813*x11*x3/1000000 + 49813*x11*x4/1000000 + 49813*x11*x5/1000000 + 49813*x11*x6/1000000 + 49813*x11*x7/1000000 + 49813*x11*x8/1000000 + 49813*x11*x9/1000000 - 11869*x11/5000 + 55181*x12**2/1000 + 49813*x12*x13/1000000 + 49813*x12*x2/1000000 + 49813*x12*x3/1000000 + 49813*x12*x4/1000000 + 49813*x12*x5/1000000 + 49813*x12*x6/1000000 + 49813*x12*x7/1000000 + 49813*x12*x8/1000000 + 49813*x12*x9/1000000 - 11869*x12/5000 + 55189*x13**2/1000 + 49813*x13*x2/1000000 + 49813*x13*x3/1000000 + 49813*x13*x4/1000000 + 49813*x13*x5/1000000 + 49813*x13*x6/1000000 + 49813*x13*x7/1000000 + 49813*x13*x8/1000000 + 49813*x13*x9/1000000 - 11869*x13/5000 + 11037*x2**2/200 + 49813*x2*x3/1000000 + 49813*x2*x4/1000000 + 49813*x2*x5/1000000 + 49813*x2*x6/1000000 + 49813*x2*x7/1000000 + 49813*x2*x8/1000000 + 49813*x2*x9/1000000 - 11869*x2/5000 + 55183*x3**2/1000 + 49813*x3*x4/1000000 + 49813*x3*x5/1000000 + 49813*x3*x6/1000000 + 49813*x3*x7/1000000 + 49813*x3*x8/1000000 + 49813*x3*x9/1000000 - 11869*x3/5000 + 11037*x4**2/200 + 49813*x4*x5/1000000 + 49813*x4*x6/1000000 + 49813*x4*x7/1000000 + 49813*x4*x8/1000000 + 49813*x4*x9/1000000 - 11869*x4/5000 + 27591*x5**2/500 + 49813*x5*x6/1000000 + 49813*x5*x7/1000000 + 49813*x5*x8/1000000 + 49813*x5*x9/1000000 - 11869*x5/5000 + 11037*x6**2/200 + 49813*x6*x7/1000000 + 49813*x6*x8/1000000 + 49813*x6*x9/1000000 - 11869*x6/5000 + 5519*x7**2/100 + 49813*x7*x8/1000000 + 49813*x7*x9/1000000 - 11869*x7/5000 + 27591*x8**2/500 + 49813*x8*x9/1000000 - 11869*x8/5000 + 55187*x9**2/1000 - 11869*x9/5000 + 56529/1000",
    "Q": "[[56.52930250683281, -1.202217698864297, -1.1754519942556823, -1.210817372778871, -1.1946805804440874, -1.1767380264093517, -1.1948615916119871, -1.1841824996234398, -1.193843134579885, -1.2057498530185056, -1.1722338092104048, -1.192365028051935, -1.1943925952564758, -3.9851679792633017], [-1.202217698864297, 55.18803584840107, 0.0029654432030103975, 0.007370936542221845, 0.005396854010548495, 0.003132273731004468, 0.005419587612426545, 0.004079734673703665, 0.005291805869829477, 0.006800046614507567, 0.0025482197866856047, 0.005106855163904253, 0.005360706201260746, -0.336767842630662], [-1.1754519942556823, 0.0029654432030103975, 55.18098780605484, 0.0035921210166435795, 0.0024239274538756144, 0.0011636784396710394, 0.002436744691780833, 0.0016883442985352346, 0.0023647250173106393, 0.0032082208786287313, 0.000836825748543252, 0.002260631300083325, 0.0024035505296604084, -0.35033683752378475], [-1.210817372778871, 0.007370936542221845, 0.0035921210166435795, 55.19106145005274, 0.006294637449416232, 0.0037782645933321915, 0.0063199064677841085, 0.004832841486738169, 0.0061778821651490195, 0.007863463912373057, 0.0031254286391089866, 0.005972311486167861, 0.0062544598421938515, -0.33208856372149065], [-1.1946805804440874, 0.005396854010548495, 0.0024239274538756144, 0.006294637449416232, 55.185605962433996, 0.0025698259338039603, 0.004576304807706746, 0.0033991286061450837, 0.0044643340600105455, 0.005777549294324174, 0.002059691664112015, 0.004302211072710678, 0.004524715833098083, -0.340713961592212], [-1.1767380264093517, 0.003132273731004468, 0.0011636784396710394, 0.0037782645933321915, 0.0025698259338039603, 55.18124483105838, 0.0025831444368717114, 0.0018056121202560608, 0.002508303302251206, 0.003384814416655995, 0.000921432242843793, 0.002400109734597985, 0.002548651341428423, -0.3496913532394247], [-1.1948615916119871, 0.005419587612426545, 0.002436744691780833, 0.0063199064677841085, 0.004576304807706746, 0.0025831444368717114, 55.1856598935686, 0.003415313076390732, 0.004483950621493825, 0.0058016026443172605, 0.0020712492744783496, 0.004321299767456162, 0.004544529059112091, -0.34062202214102605], [-1.1841824996234398, 0.004079734673703665, 0.0016883442985352346, 0.004832841486738169, 0.0033991286061450837, 0.0018056121202560608, 0.003415313076390732, 55.18281554236027, 0.0033243094970295223, 0.004386285385927253, 0.0013955801257278554, 0.0031924840423132894, 0.0033733886092850306, -0.34598410463954116], [-1.193843134579885, 0.005291805869829477, 0.0023647250173106393, 0.0061778821651490195, 0.0044643340600105455, 0.002508303302251206, 0.004483950621493825, 0.0033243094970295223, 55.1853576470048, 0.005666419065438327, 0.0020063134583961284, 0.004213979511914548, 0.004433138223158806, -0.34113854952501593], [-1.2057498530185056, 0.006800046614507567, 0.0032082208786287313, 0.007863463912373057, 0.005777549294324174, 0.003384814416655995, 0.0058016026443172605, 0.004386285385927253, 0.005666419065438327, 55.189364790603136, 0.0027660545643155127, 0.005470796755333745, 0.005739305815461695, -0.33484537065766495], [-1.1722338092104048, 0.0025482197866856047, 0.000836825748543252, 0.0031254286391089866, 0.002059691664112015, 0.000921432242843793, 0.0020712492744783496, 0.0013955801257278554, 0.0020063134583961284, 0.0027660545643155127, 55.18036256745243, 0.0019124864911732708, 0.0020413182263374053, -0.35195116272133187], [-1.192365028051935, 0.005106855163904253, 0.002260631300083325, 0.005972311486167861, 0.004302211072710678, 0.002400109734597985, 0.004321299767456162, 0.0031924840423132894, 0.004213979511914548, 0.005470796755333745, 0.0019124864911732708, 55.18492375588099, 0.004271854324151738, -0.34188554431532314], [-1.1943925952564758, 0.005360706201260746, 0.0024035505296604084, 0.0062544598421938515, 0.004524715833098083, 0.002548651341428423, 0.004544529059112091, 0.0033733886092850306, 0.004433138223158806, 0.005739305815461695, 0.0020413182263374053, 0.004271854324151738, 55.18552035144799, -0.3408601080324737], [-3.9851679792633017, -0.336767842630662, -0.35033683752378475, -0.33208856372149065, -0.340713961592212, -0.3496913532394247, -0.34062202214102605, -0.34598410463954116, -0.34113854952501593, -0.33484537065766495, -0.35195116272133187, -0.34188554431532314, -0.3408601080324737, 70.42220807963339]]",
    "monomial_list": "[1, x9, x8, x7, x6, x5, x4, x3, x2, x13, x12, x11, x10, x1]"
}