{
    "name": "Multiplier-3",
    "rational_expression": "53*x1**2/500 + 97*x1*x2/10000 - 3*x1*x3/100 + 811*x1*x4/100000 + 957*x1*x5/100000 + 61*x1*x6/6250 + 51*x1*x7/5000 + 89*x1*x8/10000 + 359*x1/10000 + 53*x2**2/500 - 167*x2*x3/5000 + 411*x2*x4/50000 + 101*x2*x5/10000 + 103*x2*x6/10000 + 51*x2*x7/5000 + 171*x2*x8/20000 + 393*x2/10000 + 103*x3**2/500 - 327*x3*x4/10000 - 43*x3*x5/1250 - 17*x3*x6/500 - 333*x3*x7/10000 - 271*x3*x8/10000 - 34*x3/125 + 53*x4**2/500 + 879*x4*x5/100000 + 23*x4*x6/2500 + 9*x4*x7/1000 + 51*x4*x8/6250 + 397*x4/10000 + 53*x5**2/500 + 107*x5*x6/10000 + 109*x5*x7/10000 + 879*x5*x8/100000 + 397*x5/10000 + 53*x6**2/500 + 107*x6*x7/10000 + 897*x6*x8/100000 + 393*x6/10000 + 107*x7**2/1000 + 91*x7*x8/10000 + 24*x7/625 + 21*x8**2/200 + 337*x8/10000 + 211/1000",
    "Q": "[[0.21073647929197206, 0.01692320185952124, 0.019181677222945833, 0.01969190125605541, 0.019910553621723098, 0.019821445386676004, -0.13580771493108443, 0.019593884611572774, 0.017927027527582923], [0.01692320185952124, 0.10579215740720845, 0.004565238343847986, 0.004453879594953171, 0.0043772948621675, 0.0041100192830713506, -0.013591703641738421, 0.004309629597679405, 0.004503334166408871], [0.019181677222945833, 0.004565238343847986, 0.1066285622965145, 0.00538538864063006, 0.005419758574918363, 0.004511214166178368, -0.01665997302780562, 0.005077619481401672, 0.005046525606721708], [0.01969190125605541, 0.004453879594953171, 0.00538538864063006, 0.10641062356327988, 0.005421654131017023, 0.0046453792414230775, -0.017123594893081677, 0.005105398369393442, 0.004885908640825157], [0.019910553621723098, 0.0043772948621675, 0.005419758574918363, 0.005421654131017023, 0.10637069045952767, 0.0043825187978910815, -0.017223771586209843, 0.0050571744825178115, 0.00484387208795921], [0.019821445386676004, 0.0041100192830713506, 0.004511214166178368, 0.0046453792414230775, 0.0043825187978910815, 0.10577343190461277, -0.016359079298612068, 0.004082528907200438, 0.00407303977914827], [-0.13580771493108443, -0.013591703641738421, -0.01665997302780562, -0.017123594893081677, -0.017223771586209843, -0.016359079298612068, 0.2065077516019661, -0.016653755571772327, -0.014969105271391775], [0.019593884611572774, 0.004309629597679405, 0.005077619481401672, 0.005105398369393442, 0.0050571744825178115, 0.004082528907200438, -0.016653755571772327, 0.10601289142769123, 0.004802473509343707], [0.017927027527582923, 0.004503334166408871, 0.005046525606721708, 0.004885908640825157, 0.00484387208795921, 0.00407303977914827, -0.014969105271391775, 0.004802473509343707, 0.10612261505786187]]",
    "monomial_list": "[1, x8, x7, x6, x5, x4, x3, x2, x1]"
}