{
    "name": "Multiplier-8",
    "rational_expression": "107*x1**2/1000 + 893*x1*x2/100000 + 427*x1*x3/50000 + 24*x1*x4/3125 + 897*x1*x5/100000 + 901*x1*x6/100000 + 459*x1*x7/50000 - 319*x1*x8/10000 + 371*x1/10000 + 107*x2**2/1000 + 453*x2*x3/50000 + 399*x2*x4/50000 + 237*x2*x5/25000 + 973*x2*x6/100000 + 473*x2*x7/50000 - 7*x2*x8/200 + 397*x2/10000 + 107*x3**2/1000 + 109*x3*x4/12500 + 919*x3*x5/100000 + 241*x3*x6/25000 + 937*x3*x7/100000 - 361*x3*x8/10000 + 41*x3/1000 + 107*x4**2/1000 + 839*x4*x5/100000 + 907*x4*x6/100000 + 431*x4*x7/50000 - 343*x4*x8/10000 + 401*x4/10000 + 107*x5**2/1000 + 51*x5*x6/5000 + 51*x5*x7/5000 - 9*x5*x8/250 + 401*x5/10000 + 27*x6**2/250 + 101*x6*x7/10000 - 71*x6*x8/2000 + 393*x6/10000 + 27*x7**2/250 - 43*x7*x8/1250 + 24*x7/625 + 213*x8**2/1000 - 69*x8/250 + 211/1000",
    "Q": "[[0.21128747120944089, -0.1379687085628799, 0.01929281062801756, 0.019559221238184828, 0.02008492170886586, 0.020039113603708112, 0.020584610960055674, 0.01981210171874586, 0.0186021129274533], [-0.1379687085628799, 0.21312371550053358, -0.017332924788061435, -0.01767429341391306, -0.01802825518842548, -0.017173636296981126, -0.01811182180821021, -0.017456884118164664, -0.0159245794222105], [0.01929281062801756, -0.017332924788061435, 0.10776335003710757, 0.0050564876312212004, 0.005069701673811862, 0.004326925276862892, 0.004671317380075168, 0.00477104044353553, 0.004575906940809153], [0.019559221238184828, -0.01767429341391306, 0.0050564876312212004, 0.107765295485794, 0.005128687845876659, 0.004477838205374495, 0.004773414048346791, 0.004848445927816412, 0.004508070391502131], [0.02008492170886586, -0.01802825518842548, 0.005069701673811862, 0.005128687845876659, 0.10759517781950037, 0.004220627129918188, 0.004568486599672029, 0.0047839234422765685, 0.004477753194211946], [0.020039113603708112, -0.017173636296981126, 0.004326925276862892, 0.004477838205374495, 0.004220627129918188, 0.10709985393623121, 0.004389355838678166, 0.003950795140361327, 0.003884312879257702], [0.020584610960055674, -0.01811182180821021, 0.004671317380075168, 0.004773414048346791, 0.004568486599672029, 0.004389355838678166, 0.10709327210813686, 0.004493513898728222, 0.004238838381885807], [0.01981210171874586, -0.017456884118164664, 0.00477104044353553, 0.004848445927816412, 0.0047839234422765685, 0.003950795140361327, 0.004493513898728222, 0.10729830824850985, 0.004456920418626341], [0.0186021129274533, -0.0159245794222105, 0.004575906940809153, 0.004508070391502131, 0.004477753194211946, 0.003884312879257702, 0.004238838381885807, 0.004456920418626341, 0.10708446998581779]]",
    "monomial_list": "[1, x8, x7, x6, x5, x4, x3, x2, x1]"
}