{
    "name": "Multiplier-8",
    "rational_expression": "61*x1**2/500 + 11*x1*x2/1000 + 21*x1*x3/2000 + 119*x1*x4/12500 + 11*x1*x5/1000 + 113*x1*x6/10000 + 29*x1*x7/2500 - 23*x1*x8/625 + 21*x1/500 + 61*x2**2/500 + 7*x2*x3/625 + 113*x2*x4/12500 + 107*x2*x5/10000 + 113*x2*x6/10000 + 13*x2*x7/1250 - 79*x2*x8/2000 + 28*x2/625 + 121*x3**2/1000 + 103*x3*x4/10000 + 53*x3*x5/5000 + 29*x3*x6/2500 + 109*x3*x7/10000 - 401*x3*x8/10000 + 453*x3/10000 + 61*x4**2/500 + 111*x4*x5/10000 + 119*x4*x6/10000 + 119*x4*x7/10000 - 401*x4*x8/10000 + 453*x4/10000 + 61*x5**2/500 + 8*x5*x6/625 + 33*x5*x7/2500 - 197*x5*x8/5000 + 217*x5/5000 + 61*x6**2/500 + 33*x6*x7/2500 - 403*x6*x8/10000 + 217*x6/5000 + 123*x7**2/1000 - 191*x7*x8/5000 + 411*x7/10000 + 237*x8**2/1000 - 38*x8/125 + 59/250",
    "Q": "[[0.23590903992570844, -0.1521901268465041, 0.020595351406132407, 0.021711972113289336, 0.021742198799114463, 0.02264488026243012, 0.022679795750915003, 0.022394163242312085, 0.020892280180634503], [-0.1521901268465041, 0.23732179908370493, -0.01915295591043757, -0.020123357449596032, -0.019774538780017382, -0.019986824755899028, -0.01999413403904686, -0.019673126462432983, -0.0183645544634316], [0.020595351406132407, -0.01915295591043757, 0.12284398689549808, 0.006681186105024111, 0.006614783732224787, 0.00594181702079412, 0.005435688688331629, 0.005199155813934081, 0.005790450327240249], [0.021711972113289336, -0.020123357449596032, 0.006681186105024111, 0.12211850604313386, 0.006311418413224193, 0.005905390461006223, 0.005753428504794069, 0.005592441303798178, 0.005592675526086713], [0.021742198799114463, -0.019774538780017382, 0.006614783732224787, 0.006311418413224193, 0.1217234386816791, 0.0055385381428433265, 0.005337481886131136, 0.005309412287776517, 0.005490951597988156], [0.02264488026243012, -0.019986824755899028, 0.00594181702079412, 0.005905390461006223, 0.0055385381428433265, 0.12153907705155435, 0.0051531993778739385, 0.0045401845570842555, 0.004742169870509721], [0.022679795750915003, -0.01999413403904686, 0.005435688688331629, 0.005753428504794069, 0.005337481886131136, 0.0051531993778739385, 0.12099591911770484, 0.005611856565794058, 0.00527309722330425], [0.022394163242312085, -0.019673126462432983, 0.005199155813934081, 0.005592441303798178, 0.005309412287776517, 0.0045401845570842555, 0.005611856565794058, 0.12123373212370506, 0.0054982567300381376], [0.020892280180634503, -0.0183645544634316, 0.005790450327240249, 0.005592675526086713, 0.005490951597988156, 0.004742169870509721, 0.00527309722330425, 0.0054982567300381376, 0.12120200684418277]]",
    "monomial_list": "[1, x8, x7, x6, x5, x4, x3, x2, x1]"
}