{
    "name": "Multiplier-4",
    "rational_expression": "121*x1**2/1000 + 33*x1*x2/2500 + 117*x1*x3/10000 - 33*x1*x4/1000 + 8*x1*x5/625 + 33*x1*x6/2500 + 9*x1*x7/625 + 29*x1*x8/2500 + 373*x1/10000 + 121*x2**2/1000 + 123*x2*x3/10000 - 351*x2*x4/10000 + 121*x2*x5/10000 + 8*x2*x6/625 + 63*x2*x7/5000 + 111*x2*x8/10000 + 99*x2/2500 + 3*x3**2/25 - 367*x3*x4/10000 + 57*x3*x5/5000 + 31*x3*x6/2500 + 3*x3*x7/250 + 497*x3*x8/50000 + 27*x3/625 + 113*x4**2/500 - 183*x4*x5/5000 - 3*x4*x6/80 - 361*x4*x7/10000 - 73*x4*x8/2500 - 29*x4/100 + 3*x5**2/25 + 69*x5*x6/5000 + 147*x5*x7/10000 + 21*x5*x8/2000 + 209*x5/5000 + 3*x6**2/25 + 3*x6*x7/200 + 27*x6*x8/2500 + 423*x6/10000 + 61*x7**2/500 + 57*x7*x8/5000 + 81*x7/2000 + 119*x8**2/1000 + 177*x8/5000 + 23/100",
    "Q": "[[0.2304864972872442, 0.017860335790142696, 0.020176696612552336, 0.021300922522027553, 0.02098663538806309, -0.14515661456298812, 0.02158288977529226, 0.01987782066901488, 0.018581066541031456], [0.017860335790142696, 0.11924532382993311, 0.005689940946317806, 0.005449699683738564, 0.005270669095823606, -0.014619722425037873, 0.004960267880235216, 0.005575900359606494, 0.005821015570857321], [0.020176696612552336, 0.005689940946317806, 0.1217445696321552, 0.007507948489390326, 0.007405774659640205, -0.018013595614384866, 0.005904926124471472, 0.006266792547513714, 0.0071586519970065704], [0.021300922522027553, 0.005449699683738564, 0.007507948489390326, 0.12046893375499919, 0.006915039838134924, -0.01887787289044569, 0.006176895805367381, 0.006459754966370028, 0.006609297776261402], [0.02098663538806309, 0.005270669095823606, 0.007405774659640205, 0.006915039838134924, 0.12010371518677643, -0.018307038147639794, 0.005699736679542423, 0.00603851292943483, 0.006391958240099352], [-0.14515661456298812, -0.014619722425037873, -0.018013595614384866, -0.01887787289044569, -0.018307038147639794, 0.22638956224208157, -0.01830659851946029, -0.01757809182722402, -0.016497081077610432], [0.02158288977529226, 0.004960267880235216, 0.005904926124471472, 0.006176895805367381, 0.005699736679542423, -0.01830659851946029, 0.11909435499269402, 0.006074023323087539, 0.005801071076058916], [0.01987782066901488, 0.005575900359606494, 0.006266792547513714, 0.006459754966370028, 0.00603851292943483, -0.01757809182722402, 0.006074023323087539, 0.1202834323245019, 0.006661583300777308], [0.018581066541031456, 0.005821015570857321, 0.0071586519970065704, 0.006609297776261402, 0.006391958240099352, -0.016497081077610432, 0.005801071076058916, 0.006661583300777308, 0.12071129023637475]]",
    "monomial_list": "[1, x8, x7, x6, x5, x4, x3, x2, x1]"
}