{
    "name": "Multiplier-2",
    "rational_expression": "53*x1**2/500 - 77*x1*x2/2500 + 171*x1*x3/20000 + 101*x1*x4/12500 + 901*x1*x5/100000 + 9*x1*x6/1000 + 919*x1*x7/100000 + 823*x1*x8/100000 + 37*x1/1000 + 207*x2**2/1000 - 7*x2*x3/200 - 13*x2*x4/400 - 351*x2*x5/10000 - 173*x2*x6/5000 - 169*x2*x7/5000 - 69*x2*x8/2500 - 27*x2/100 + 21*x3**2/200 + 907*x3*x4/100000 + 23*x3*x5/2500 + 959*x3*x6/100000 + 117*x3*x7/12500 + 159*x3*x8/20000 + 103*x3/2500 + 53*x4**2/500 + 7*x4*x5/800 + 117*x4*x6/12500 + 913*x4*x7/100000 + 51*x4*x8/6250 + 387*x4/10000 + 53*x5**2/500 + 51*x5*x6/5000 + 497*x5*x7/50000 + 813*x5*x8/100000 + 51*x5/1250 + 53*x6**2/500 + 101*x6*x7/10000 + 413*x6*x8/50000 + 399*x6/10000 + 53*x7**2/500 + 21*x7*x8/2500 + 391*x7/10000 + 21*x8**2/200 + 69*x8/2000 + 21/100",
    "Q": "[[0.2097224070670806, 0.01721890589614305, 0.019419754886080328, 0.019868693793842866, 0.020384381886842124, 0.019192200538230036, 0.020606531506947332, -0.13494046112052793, 0.018460372721638776], [0.01721890589614305, 0.10564563169894889, 0.004250713386505635, 0.004176253278631032, 0.0040987636992876105, 0.004125580012040654, 0.003994568684308121, -0.013840815074094187, 0.004165615383948166], [0.019419754886080328, 0.004250713386505635, 0.10632238363353497, 0.004999182634545028, 0.005028334719473349, 0.00451329906415221, 0.004691976420329338, -0.016857561680177, 0.004617583304082876], [0.019868693793842866, 0.004176253278631032, 0.004999182634545028, 0.10619877273612724, 0.005060975093165145, 0.0046385176009981445, 0.0047817387950137595, -0.017300857912724267, 0.004506547278874403], [0.020384381886842124, 0.0040987636992876105, 0.005028334719473349, 0.005060975093165145, 0.10610669413563054, 0.004340003903828498, 0.004600091758221543, -0.017602264229142347, 0.004478812198630676], [0.019192200538230036, 0.004125580012040654, 0.00451329906415221, 0.0046385176009981445, 0.004340003903828498, 0.10610850912909724, 0.004501741731460147, -0.01615327075682335, 0.004062816274969184], [0.020606531506947332, 0.003994568684308121, 0.004691976420329338, 0.0047817387950137595, 0.004600091758221543, 0.004501741731460147, 0.1057352471967406, -0.017526596979929965, 0.004279822659208226], [-0.13494046112052793, -0.013840815074094187, -0.016857561680177, -0.017300857912724267, -0.017602264229142347, -0.01615327075682335, -0.017526596979929965, 0.20626185103767422, -0.015345429866456031], [0.018460372721638776, 0.004165615383948166, 0.004617583304082876, 0.004506547278874403, 0.004478812198630676, 0.004062816274969184, 0.004279822659208226, -0.015345429866456031, 0.10577257014473652]]",
    "monomial_list": "[1, x8, x7, x6, x5, x4, x3, x2, x1]"
}