{
    "name": "Multiplier-1",
    "rational_expression": "21*x1**2/200 - 12*x1*x2/625 - 209*x1*x3/10000 - 103*x1*x4/5000 - 91*x1*x5/5000 - 2*x1*x6/125 - 153*x1*x7/10000 - 69*x1*x8/5000 - 77*x1/500 + 123*x2**2/2500 + 227*x2*x3/50000 + 223*x2*x4/50000 + 437*x2*x5/100000 + 211*x2*x6/50000 + 21*x2*x7/5000 + 417*x2*x8/100000 + 49*x2/2000 + 247*x3**2/5000 + 233*x3*x4/50000 + 89*x3*x5/20000 + 429*x3*x6/100000 + 213*x3*x7/50000 + 103*x3*x8/25000 + 33*x3/1250 + 247*x4**2/5000 + 11*x4*x5/2500 + 17*x4*x6/4000 + 211*x4*x7/50000 + 51*x4*x8/12500 + 259*x4/10000 + 491*x5**2/10000 + 423*x5*x6/100000 + 21*x5*x7/5000 + 417*x5*x8/100000 + 233*x5/10000 + x6**2/20 + 21*x6*x7/5000 + 209*x6*x8/50000 + 209*x6/10000 + 499*x7**2/10000 + 211*x7*x8/50000 + 101*x7/5000 + 497*x8**2/10000 + 93*x8/5000 + 119/1000",
    "Q": "[[0.11894291481326036, 0.009243973178617844, 0.010100390178563455, 0.01051434568886752, 0.011608199817490245, 0.01301709000598555, 0.013180495976805144, 0.012217700208370715, -0.07717569827788537], [0.009243973178617844, 0.049663074851243466, 0.002109962542199012, 0.002099484975688094, 0.0020732542070994483, 0.0020433513593249076, 0.0020401756613943156, 0.002059566979046142, -0.0068966813285043635], [0.010100390178563455, 0.002109962542199012, 0.049620084426677515, 0.002104012405461203, 0.0021012841753234642, 0.0021017501765319695, 0.0021021080187579935, 0.002100755391953285, -0.007672585005348362], [0.01051434568886752, 0.002099484975688094, 0.002104012405461203, 0.04961235527657386, 0.002115353131183648, 0.0021305404191140033, 0.002132611258216868, 0.002121203221596525, -0.008048001019395899], [0.011608199817490245, 0.0020732542070994483, 0.0021012841753234642, 0.002115353131183648, 0.0496333038656107, 0.0022084859722097715, 0.0022151017417652023, 0.00217701787051948, -0.00904151284543269], [0.01301709000598555, 0.0020433513593249076, 0.0021017501765319695, 0.0021305404191140033, 0.0022084859722097715, 0.04975053910952676, 0.002325683999035038, 0.002253124979913093, -0.010326344746443802], [0.013180495976805144, 0.0020401756613943156, 0.0021021080187579935, 0.002132611258216868, 0.0022151017417652023, 0.002325683999035038, 0.049770795803141935, 0.002262286089861286, -0.010475826503997348], [0.012217700208370715, 0.002059566979046142, 0.002100755391953285, 0.002121203221596525, 0.00217701787051948, 0.002253124979913093, 0.002262286089861286, 0.04967122738624548, -0.009596269856809435], [-0.07717569827788537, -0.0068966813285043635, -0.007672585005348362, -0.008048001019395899, -0.00904151284543269, -0.010326344746443802, -0.010475826503997348, -0.009596269856809435, 0.10525709370609788]]",
    "monomial_list": "[1, x8, x7, x6, x5, x4, x3, x2, x1]"
}