{
    "name": "Multiplier-2",
    "rational_expression": "53*x1**2/500 - 77*x1*x2/2500 + 171*x1*x3/20000 + 101*x1*x4/12500 + 901*x1*x5/100000 + 9*x1*x6/1000 + 919*x1*x7/100000 + 823*x1*x8/100000 + 37*x1/1000 + 207*x2**2/1000 - 7*x2*x3/200 - 13*x2*x4/400 - 351*x2*x5/10000 - 173*x2*x6/5000 - 169*x2*x7/5000 - 69*x2*x8/2500 - 27*x2/100 + 21*x3**2/200 + 907*x3*x4/100000 + 23*x3*x5/2500 + 959*x3*x6/100000 + 117*x3*x7/12500 + 159*x3*x8/20000 + 103*x3/2500 + 53*x4**2/500 + 7*x4*x5/800 + 117*x4*x6/12500 + 913*x4*x7/100000 + 51*x4*x8/6250 + 387*x4/10000 + 53*x5**2/500 + 51*x5*x6/5000 + 497*x5*x7/50000 + 813*x5*x8/100000 + 51*x5/1250 + 53*x6**2/500 + 101*x6*x7/10000 + 413*x6*x8/50000 + 399*x6/10000 + 53*x7**2/500 + 21*x7*x8/2500 + 391*x7/10000 + 21*x8**2/200 + 69*x8/2000 + 21/100",
    "Q": "[[0.20972240706723178, 0.017218905896157648, 0.019419754886099247, 0.019868693793857917, 0.020384381886858864, 0.019192200538241767, 0.02060653150695781, -0.1349404611206276, 0.018460372721655356], [0.017218905896157648, 0.10564563169903146, 0.004250713386506941, 0.0041762532786311654, 0.004098763699287856, 0.004125580012042797, 0.003994568684310831, -0.013840815074106482, 0.004165615383950647], [0.019419754886099247, 0.004250713386506941, 0.10632238363362106, 0.0049991826345481515, 0.005028334719478288, 0.004513299064156147, 0.004691976420334139, -0.01685756168019144, 0.004617583304087654], [0.019868693793857917, 0.0041762532786311654, 0.0049991826345481515, 0.10619877273621821, 0.0050609750931689835, 0.004638517601001302, 0.004781738795019617, -0.0173008579127369, 0.004506547278876605], [0.020384381886858864, 0.004098763699287856, 0.005028334719478288, 0.0050609750931689835, 0.10610669413571498, 0.004340003903830814, 0.004600091758225267, -0.017602264229156325, 0.004478812198633158], [0.019192200538241767, 0.004125580012042797, 0.004513299064156147, 0.004638517601001302, 0.004340003903830814, 0.1061085091291853, 0.004501741731463993, -0.016153270756834905, 0.0040628162749728695], [0.02060653150695781, 0.003994568684310831, 0.004691976420334139, 0.004781738795019617, 0.004600091758225267, 0.004501741731463993, 0.10573524719682587, -0.01752659697993959, 0.0042798226592124615], [-0.1349404611206276, -0.013840815074106482, -0.01685756168019144, -0.0173008579127369, -0.017602264229156325, -0.016153270756834905, -0.01752659697993959, 0.20626185103783887, -0.0153454298664708], [0.018460372721655356, 0.004165615383950647, 0.004617583304087654, 0.004506547278876605, 0.004478812198633158, 0.0040628162749728695, 0.0042798226592124615, -0.0153454298664708, 0.10577257014482316]]",
    "monomial_list": "[1, x8, x7, x6, x5, x4, x3, x2, x1]"
}