{
    "name": "Multiplier-5",
    "rational_expression": "13639*x1**2/250 + 29033*x1*x10/100000 + 28967*x1*x11/100000 + 14213*x1*x12/50000 + 5801*x1*x13/20000 + 2877*x1*x2/10000 + 14239*x1*x3/50000 + 179*x1*x4/625 - 30179*x1*x5/100000 + 28183*x1*x6/100000 + 7141*x1*x7/25000 + 13799*x1*x8/50000 + 7053*x1*x9/25000 - 4413*x1/2000 + 13681*x10**2/250 + 43727*x10*x11/100000 + 42881*x10*x12/100000 + 4379*x10*x13/10000 + 10859*x10*x2/25000 + 21487*x10*x3/50000 + 21621*x10*x4/50000 - 56429*x10*x5/100000 + 21233*x10*x6/50000 + 21537*x10*x7/50000 + 8311*x10*x8/20000 + 21263*x10*x9/50000 - 17529*x10/5000 + 54721*x11**2/1000 + 42881*x11*x12/100000 + 4379*x11*x13/10000 + 10859*x11*x2/25000 + 21487*x11*x3/50000 + 21621*x11*x4/50000 - 56429*x11*x5/100000 + 21233*x11*x6/50000 + 21537*x11*x7/50000 + 8311*x11*x8/20000 + 21263*x11*x9/50000 - 17529*x11/5000 + 6837*x12**2/125 + 43027*x12*x13/100000 + 21349*x12*x2/50000 + 31617*x12*x3/100000 + 5317*x12*x4/12500 - 3721*x12*x5/6250 + 41761*x12*x6/100000 + 42319*x12*x7/100000 + 40899*x12*x8/100000 + 8359*x12*x9/20000 - 8111*x12/2500 + 2737*x13**2/50 + 10921*x13*x2/25000 + 43221*x13*x3/100000 + 43489*x13*x4/100000 - 1013*x13*x5/2500 + 42813*x13*x6/100000 + 21729*x13*x7/50000 + 41877*x13*x8/100000 + 42897*x13*x9/100000 - 7273*x13/2000 + 54723*x2**2/1000 + 21487*x2*x3/50000 + 21621*x2*x4/50000 - 56429*x2*x5/100000 + 21233*x2*x6/50000 + 21537*x2*x7/50000 + 8311*x2*x8/20000 + 21263*x2*x9/50000 - 17529*x2/5000 + 5471*x3**2/100 + 42883*x3*x4/100000 - 28991*x3*x5/50000 + 42107*x3*x6/100000 + 4269*x3*x7/10000 + 41221*x3*x8/100000 + 42167*x3*x9/100000 - 33751*x3/10000 + 13681*x4**2/250 - 56429*x4*x5/100000 + 21233*x4*x6/50000 + 21537*x4*x7/50000 + 8311*x4*x8/20000 + 21263*x4*x9/50000 - 17529*x4/5000 + 17519*x5**2/250 - 47201*x5*x6/100000 - 21953*x5*x7/50000 - 30199*x5*x8/50000 - 11209*x5*x9/25000 - 15447*x5/1000 + 54723*x6**2/1000 + 21537*x6*x7/50000 + 8311*x6*x8/20000 + 21263*x6*x9/50000 - 17529*x6/5000 + 54749*x7**2/1000 + 42199*x7*x8/100000 + 5407*x7*x9/12500 - 37633*x7/10000 + 27349*x8**2/500 + 8359*x8*x9/20000 - 8111*x8/2500 + 10947*x9**2/200 - 7273*x9/2000 + 64903/1000",
    "Q": "[[64.90301505989949, -1.8038861554089645, -1.649024472235407, -1.8612174005069582, -1.7579587375979748, -7.726049866884271, -1.7590272397990667, -1.697557312902817, -1.7530284008989263, -1.8268857878218605, -1.6312807537806113, -1.7443729786668893, -1.7562608883926896, -1.0902911442730903], [-1.8038861554089645, 54.734022425062854, 0.19276322500742263, 0.21254659743748014, 0.20280579901547283, -0.234146403323748, 0.202906250072243, 0.1971940986312732, 0.20234301087947115, 0.20934807657862822, 0.1911913651383309, 0.20153345054891153, 0.202646296019819, 0.12827507717917863], [-1.649024472235407, 0.19276322500742263, 54.69900537946444, 0.19722439759895075, 0.18917849594656364, -0.28143966922744423, 0.18926112171809462, 0.18459071472955765, 0.1887979274516466, 0.1945650651151513, 0.17974228618100327, 0.18813264875065538, 0.189047311799728, 0.11987365579257417], [-1.8612174005069582, 0.21254659743748014, 0.19722439759895075, 54.74834893313987, 0.2079142620214192, -0.21669079216191023, 0.20802102297686087, 0.20194459721830307, 0.20742238492741372, 0.21486624844078892, 0.19554734179817165, 0.20656178701663638, 0.2077447373971053, 0.13138030028165673], [-1.7579587375979748, 0.20280579901547283, 0.18917849594656364, 0.2079142620214192, 54.72300148993647, -0.24818810554676762, 0.19877177495001883, 0.1933623618398406, 0.19823819885981087, 0.20487717110855508, 0.18769563261677485, 0.19747143978697407, 0.1985255010380266, 0.12572484211610743], [-7.726049866884271, -0.234146403323748, -0.28143966922744423, -0.21669079216191023, -0.24818810554676762, 70.07717478431788, -0.24786141361393899, -0.26666718538603157, -0.24969541799263323, -0.22712527358241213, -0.28678244047458035, -0.25234121722732805, -0.24870719810656772, -0.17925980927276813], [-1.7590272397990667, 0.202906250072243, 0.18926112171809462, 0.20802102297686087, 0.19877177495001883, -0.24786141361393899, 54.723251823334884, 0.1934507104560518, 0.19833280218361382, 0.20498023246035307, 0.18777619966272677, 0.19756505336039198, 0.19862047378627382, 0.12578340978612215], [-1.697557312902817, 0.1971940986312732, 0.18459071472955765, 0.20194459721830307, 0.1933623618398406, -0.26666718538603157, 0.1934507104560518, 54.709307211801665, 0.19295534580268817, 0.19911761219855845, 0.18322593681882582, 0.19224336586886542, 0.19322207840816158, 0.12245391959349093], [-1.7530284008989263, 0.20234301087947115, 0.1887979274516466, 0.20742238492741372, 0.19823819885981087, -0.24969541799263323, 0.19833280218361382, 0.19295534580268817, 54.72184994783785, 0.2044023417384138, 0.18732457208203843, 0.19704019803666387, 0.19808798704278088, 0.12545501583610016], [-1.8268857878218605, 0.20934807657862822, 0.1945650651151513, 0.21486624844078892, 0.20487717110855508, -0.22712527358241213, 0.20498023246035307, 0.19911761219855845, 0.2044023417384138, 54.7397482500135, 0.19294903010999714, 0.20357165289325183, 0.20471352092241815, 0.12954701390384887], [-1.6312807537806113, 0.1911913651383309, 0.17974228618100327, 0.19554734179817165, 0.18769563261677485, -0.28678244047458035, 0.18777619966272677, 0.18322593681882582, 0.18732457208203843, 0.19294903010999714, 54.695438733160934, 0.18667603868366497, 0.18756772096025248, 0.11896845004401282], [-1.7443729786668893, 0.20153345054891153, 0.18813264875065538, 0.20656178701663638, 0.19747143978697407, -0.25234121722732805, 0.19756505336039198, 0.19224336586886542, 0.19704019803666387, 0.20357165289325183, 0.18667603868366497, 54.719842615965796, 0.19732280072972105, 0.1249829400870076], [-1.7562608883926896, 0.202646296019819, 0.189047311799728, 0.2077447373971053, 0.1985255010380266, -0.24870719810656772, 0.19862047378627382, 0.19322207840816158, 0.19808798704278088, 0.20471352092241815, 0.18756772096025248, 0.19732280072972105, 54.72260427517118, 0.12563184528094948], [-1.0902911442730903, 0.12827507717917863, 0.11987365579257417, 0.13138030028165673, 0.12572484211610743, -0.17925980927276813, 0.12578340978612215, 0.12245391959349093, 0.12545501583610016, 0.12954701390384887, 0.11896845004401282, 0.1249829400870076, 0.12563184528094948, 54.5544447558754]]",
    "monomial_list": "[1, x9, x8, x7, x6, x5, x4, x3, x2, x13, x12, x11, x10, x1]"
}