{
    "name": "Multiplier-7",
    "rational_expression": "53*x1**2/500 + 117*x1*x2/12500 + 901*x1*x3/100000 + 847*x1*x4/100000 + 187*x1*x5/20000 + 929*x1*x6/100000 - 59*x1*x7/2000 + 869*x1*x8/100000 + 359*x1/10000 + 53*x2**2/500 + 191*x2*x3/20000 + 419*x2*x4/50000 + 989*x2*x5/100000 + x2*x6/100 - 41*x2*x7/1250 + 851*x2*x8/100000 + 97*x2/2500 + 53*x3**2/500 + 919*x3*x4/100000 + 967*x3*x5/100000 + x3*x6/100 - 173*x3*x7/5000 + 413*x3*x8/50000 + 41*x3/1000 + 53*x4**2/500 + 451*x4*x5/50000 + 957*x4*x6/100000 - 321*x4*x7/10000 + 83*x4*x8/10000 + 97*x4/2500 + 53*x5**2/500 + 13*x5*x6/1250 - 343*x5*x7/10000 + 21*x5*x8/2500 + 401*x5/10000 + 53*x6**2/500 - 67*x6*x7/2000 + 109*x6*x8/12500 + 97*x6/2500 + 207*x7**2/1000 - 67*x7*x8/2500 - 34*x7/125 + 21*x8**2/200 + 337*x8/10000 + 211/1000",
    "Q": "[[0.21081223547581932, 0.016810936615108397, -0.13591838779781967, 0.019321656974098298, 0.02010743291870098, 0.019343872467042573, 0.02034683758843435, 0.01949956245683872, 0.01792706575372178], [0.016810936615108397, 0.10577488928475552, -0.013326684828895277, 0.00435210515765703, 0.004263444293696037, 0.004198184772828419, 0.004178004933137701, 0.00427001781902181, 0.00432449135933393], [-0.13591838779781967, -0.013326684828895277, 0.2071811557826605, -0.016655069807176813, -0.01720347766635323, -0.01604960078944247, -0.017201991548863236, -0.016461967332504525, -0.014745671028401915], [0.019321656974098298, 0.00435210515765703, -0.016655069807176813, 0.10636515616966881, 0.00520231472230448, 0.004731962085588805, 0.004973689839067975, 0.0050095181012730925, 0.004692074451702877], [0.02010743291870098, 0.004263444293696037, -0.01720347766635323, 0.00520231472230448, 0.10622155562590527, 0.00447194071006339, 0.0047939915136875925, 0.004956673670724998, 0.004650299653677556], [0.019343872467042573, 0.004198184772828419, -0.01604960078944247, 0.004731962085588805, 0.00447194071006339, 0.1060375230274, 0.004626160969934551, 0.004232753621058168, 0.004183603641662773], [0.02034683758843435, 0.004178004933137701, -0.017201991548863236, 0.004973689839067975, 0.0047939915136875925, 0.004626160969934551, 0.10592815578175936, 0.004731438931566772, 0.004480808793552745], [0.01949956245683872, 0.00427001781902181, -0.016461967332504525, 0.0050095181012730925, 0.004956673670724998, 0.004232753621058168, 0.004731438931566772, 0.1060951369583845, 0.004682711867613397], [0.01792706575372178, 0.00432449135933393, -0.014745671028401915, 0.004692074451702877, 0.004650299653677556, 0.004183603641662773, 0.004480808793552745, 0.004682711867613397, 0.10596177635265054]]",
    "monomial_list": "[1, x8, x7, x6, x5, x4, x3, x2, x1]"
}