{
    "name": "Multiplier-6",
    "rational_expression": "53*x1**2/500 + 469*x1*x2/50000 + 879*x1*x3/100000 + 83*x1*x4/10000 + 459*x1*x5/50000 - 37*x1*x6/1250 + 941*x1*x7/100000 + 869*x1*x8/100000 + 359*x1/10000 + 53*x2**2/500 + 117*x2*x3/12500 + 211*x2*x4/25000 + 39*x2*x5/4000 - 83*x2*x6/2500 + 97*x2*x7/10000 + 417*x2*x8/50000 + 393*x2/10000 + 21*x3**2/200 + 37*x3*x4/4000 + 953*x3*x5/100000 - 87*x3*x6/2500 + 121*x3*x7/12500 + 83*x3*x8/10000 + 207*x3/5000 + 53*x4**2/500 + 111*x4*x5/12500 - 13*x4*x6/400 + 227*x4*x7/25000 + 417*x4*x8/50000 + 393*x4/10000 + 53*x5**2/500 - 87*x5*x6/2500 + x5*x7/100 + 211*x5*x8/25000 + 81*x5/2000 + 207*x6**2/1000 - 13*x6*x7/400 - 267*x6*x8/10000 - 34*x6/125 + 53*x7**2/500 + 173*x7*x8/20000 + 19*x7/500 + 21*x8**2/200 + 337*x8/10000 + 211/1000",
    "Q": "[[0.21095803946589353, 0.01681082278688846, 0.01908950147787322, -0.1358695285157668, 0.02029169891497596, 0.019657972267422913, 0.020586002346248345, 0.019705668871782978, 0.017871271053475996], [0.01681082278688846, 0.10565908501636517, 0.0043547513482304285, -0.013360413134402565, 0.004215845616522297, 0.004140584483148437, 0.004128248652153463, 0.004220240929989902, 0.0043204369965540385], [0.01908950147787322, 0.0043547513482304285, 0.10620490018082167, -0.016379383072564157, 0.005077729625306256, 0.004519983193494415, 0.00481150842316171, 0.004868801698452079, 0.0047344961735388815], [-0.1358695285157668, -0.013360413134402565, -0.016379383072564157, 0.20661541595251964, -0.017356240999915198, -0.016263463259404982, -0.01737760228147995, -0.01662892477832237, -0.014747653133326169], [0.02029169891497596, 0.004215845616522297, 0.005077729625306256, -0.017356240999915198, 0.10603093881018164, 0.004420003909605415, 0.004746783824455481, 0.0048941674774982385, 0.004604159460541586], [0.019657972267422913, 0.004140584483148437, 0.004519983193494415, -0.016263463259404982, 0.004420003909605415, 0.10584676383749096, 0.0045966584212436285, 0.004181673604046536, 0.0041260940534484725], [0.020586002346248345, 0.004128248652153463, 0.00481150842316171, -0.01737760228147995, 0.004746783824455481, 0.0045966584212436285, 0.10575652693842809, 0.00468520311249381, 0.004427841180954291], [0.019705668871782978, 0.004220240929989902, 0.004868801698452079, -0.01662892477832237, 0.0048941674774982385, 0.004181673604046536, 0.00468520311249381, 0.10589536493766626, 0.004634208518215753], [0.017871271053475996, 0.0043204369965540385, 0.0047344961735388815, -0.014747653133326169, 0.004604159460541586, 0.0041260940534484725, 0.004427841180954291, 0.004634208518215753, 0.10587067735253874]]",
    "monomial_list": "[1, x8, x7, x6, x5, x4, x3, x2, x1]"
}