{
    "name": "Multiplier-8",
    "rational_expression": "251*x1**2/5000 + 427*x1*x2/100000 + 27*x1*x3/6250 + 427*x1*x4/100000 + 209*x1*x5/50000 + 411*x1*x6/100000 + 409*x1*x7/100000 - 23*x1*x8/1250 + 117*x1/5000 + 63*x2**2/1250 + 221*x2*x3/50000 + 447*x2*x4/100000 + 17*x2*x5/4000 + 209*x2*x6/50000 + 83*x2*x7/20000 - 199*x2*x8/10000 + x2/40 + 253*x3**2/5000 + 457*x3*x4/100000 + 433*x3*x5/100000 + 207*x3*x6/50000 + 411*x3*x7/100000 - 27*x3*x8/1250 + 267*x3/10000 + 253*x4**2/5000 + 43*x4*x5/10000 + 103*x4*x6/25000 + 409*x4*x7/100000 - 107*x4*x8/5000 + 33*x4/1250 + 503*x5**2/10000 + 13*x5*x6/3125 + 207*x5*x7/50000 - 47*x5*x8/2500 + 119*x5/5000 + x6**2/20 + 413*x6*x7/100000 - 167*x6*x8/10000 + 217*x6/10000 + 499*x7**2/10000 - 2*x7*x8/125 + 21*x7/1000 + 109*x8**2/1000 - 157*x8/1000 + 59/500",
    "Q": "[[0.1183945386667055, -0.07865016207863076, 0.010506766451802442, 0.010899026732570576, 0.011936573351746067, 0.01327708315850132, 0.013432882468271304, 0.012515444548401743, 0.011670672601478133], [-0.07865016207863076, 0.10896674244470105, -0.008005873926634356, -0.008389678821134682, -0.009406494681149905, -0.01072498097645988, -0.010878652577057753, -0.009975020107194074, -0.009145658332183074], [0.010506766451802442, -0.008005873926634356, 0.050051692491014634, 0.0020446588940199266, 0.0020488218950175073, 0.0020567849773439305, 0.0020579194047100394, 0.00205184349123931, 0.0020476048928407937], [0.010899026732570576, -0.008389678821134682, 0.0020446588940199266, 0.050046610137114714, 0.0020644213953043425, 0.00208603169376506, 0.002088758941999264, 0.002073329860213534, 0.002060509169569666], [0.011936573351746067, -0.009406494681149905, 0.0020488218950175073, 0.0020644213953043425, 0.050070765404378825, 0.0021648690291305064, 0.0021718332760163076, 0.0021315262396788487, 0.0020958763208300175], [0.01327708315850132, -0.01072498097645988, 0.0020567849773439305, 0.00208603169376506, 0.0021648690291305064, 0.050184820067835804, 0.002282505901581447, 0.002209818503229511, 0.0021444556076504018], [0.013432882468271304, -0.010878652577057753, 0.0020579194047100394, 0.002088758941999264, 0.0021718332760163076, 0.002282505901581447, 0.0502042502862308, 0.002219161957203355, 0.0021503306290555123], [0.012515444548401743, -0.009975020107194074, 0.00205184349123931, 0.002073329860213534, 0.0021315262396788487, 0.002209818503229511, 0.002219161957203355, 0.0501083098215971, 0.0021164187740249025], [0.011670672601478133, -0.009145658332183074, 0.0020476048928407937, 0.002060509169569666, 0.0020958763208300175, 0.0021444556076504018, 0.0021503306290555123, 0.0021164187740249025, 0.05005933075519868]]",
    "monomial_list": "[1, x8, x7, x6, x5, x4, x3, x2, x1]"
}