{
    "name": "Multiplier-3",
    "rational_expression": "491*x1**2/10000 + 451*x1*x2/100000 - 83*x1*x3/5000 + 227*x1*x4/50000 + 89*x1*x5/20000 + 437*x1*x6/100000 + 431*x1*x7/100000 + 221*x1*x8/50000 + 27*x1/1250 + 493*x2**2/10000 - 183*x2*x3/10000 + 463*x2*x4/100000 + 113*x2*x5/25000 + 443*x2*x6/100000 + 109*x2*x7/25000 + 427*x2*x8/100000 + 59*x2/2500 + 51*x3**2/500 - 197*x3*x4/10000 - 43*x3*x5/2500 - 19*x3*x6/1250 - 9*x3*x7/625 - 131*x3*x8/10000 - 151*x3/1000 + 247*x4**2/5000 + 57*x4*x5/12500 + 109*x4*x6/25000 + 43*x4*x7/10000 + 429*x4*x8/100000 + 63*x4/2500 + 491*x5**2/10000 + 443*x5*x6/100000 + 437*x5*x7/100000 + 219*x5*x8/50000 + 14*x5/625 + 489*x6**2/10000 + 219*x6*x7/50000 + 11*x6*x8/2500 + x6/50 + 61*x7**2/1250 + 443*x7*x8/100000 + 19*x7/1000 + 31*x8**2/625 + 87*x8/5000 + 119/1000",
    "Q": "[[0.11939317879561497, 0.00866002021054453, 0.009567921337004258, 0.010006476759160766, 0.011164338404621332, 0.012651648111683287, -0.0757007671386889, 0.01180873752272323, 0.010867912559736655], [0.00866002021054453, 0.04931036557527458, 0.0022219033853628106, 0.0022060990873356678, 0.0021662722231153876, 0.0021203671265108497, -0.006508729752667321, 0.00214530514289916, 0.0021762117331111442], [0.009567921337004258, 0.0022219033853628106, 0.049250311363579484, 0.002202125919341458, 0.0021881988567873847, 0.0021755699824697384, -0.007270487326778267, 0.0021816983752299584, 0.002191495772292545], [0.010006476759160766, 0.0022060990873356678, 0.002202125919341458, 0.049235973209233265, 0.002199442977115831, 0.0022029144840247598, -0.007638820857210959, 0.002199942331277556, 0.0021995256785353415], [0.011164338404621332, 0.0021662722231153876, 0.0021881988567873847, 0.002199442977115831, 0.04924420687126709, 0.0022773175460139724, -0.00861276448461199, 0.002250254299852858, 0.0022228006797111286], [0.012651648111683287, 0.0021203671265108497, 0.0021755699824697384, 0.0022029144840247598, 0.0022773175460139724, 0.04935440503830657, -0.009869611028508751, 0.0023201558034174137, 0.0022579615732114303], [-0.0757007671386889, -0.006508729752667321, -0.007270487326778267, -0.007638820857210959, -0.00861276448461199, -0.009869611028508751, 0.1019837296385992, -0.009155986479181144, -0.00836319542934387], [0.01180873752272323, 0.00214530514289916, 0.0021816983752299584, 0.002199942331277556, 0.002250254299852858, 0.0023201558034174137, -0.009155986479181144, 0.04927782526308191, 0.002237077140266427], [0.010867912559736655, 0.0021762117331111442, 0.002191495772292545, 0.0021995256785353415, 0.0022228006797111286, 0.0022579615732114303, -0.00836319542934387, 0.002237077140266427, 0.049235732730624045]]",
    "monomial_list": "[1, x8, x7, x6, x5, x4, x3, x2, x1]"
}