{
    "name": "Multiplier-4",
    "rational_expression": "54533*x1**2/1000 + 3771*x1*x10/25000 + 15073*x1*x11/100000 + 14877*x1*x12/100000 + 1523*x1*x13/10000 + 94*x1*x2/625 + 1877*x1*x3/12500 - 25783*x1*x4/50000 + 571*x1*x5/4000 + 903*x1*x6/6250 + 2951*x1*x7/20000 + 14241*x1*x8/100000 + 91*x1*x9/625 - 8081*x1/5000 + 1093*x10**2/20 + 17539*x10*x11/100000 + 17221*x10*x12/100000 + 17797*x10*x13/100000 + 8753*x10*x2/50000 + 546*x10*x3/3125 - 41397*x10*x4/50000 + 8141*x10*x5/50000 + 16579*x10*x6/100000 + 28069*x10*x7/100000 + 8119*x10*x8/50000 + 111*x10*x9/400 - 26101*x10/10000 + 54649*x11**2/1000 + 17221*x11*x12/100000 + 17797*x11*x13/100000 + 8753*x11*x2/50000 + 546*x11*x3/3125 - 41397*x11*x4/50000 + 8141*x11*x5/50000 + 16579*x11*x6/100000 + 28069*x11*x7/100000 + 8119*x11*x8/50000 + 111*x11*x9/400 - 26101*x11/10000 + 27317*x12**2/500 + 8737*x12*x13/50000 + 17201*x12*x2/100000 + 8589*x12*x3/50000 - 41989*x12*x4/50000 + 16011*x12*x5/100000 + 8137*x12*x6/50000 + 8379*x12*x7/50000 + 7989*x12*x8/50000 + 16469*x12*x9/100000 - 497*x12/200 + 27331*x13**2/500 + 2223*x13*x2/12500 + 71*x13*x3/400 - 40753*x13*x4/50000 + 16543*x13*x5/100000 + 27847*x13*x6/100000 + 709*x13*x7/2500 + 16487*x13*x8/100000 + 28023*x13*x9/100000 - 27353*x13/10000 + 1093*x2**2/20 + 546*x2*x3/3125 - 41397*x2*x4/50000 + 8141*x2*x5/50000 + 16579*x2*x6/100000 + 28069*x2*x7/100000 + 8119*x2*x8/50000 + 111*x2*x9/400 - 26101*x2/10000 + 54643*x3**2/1000 - 20671*x3*x4/25000 + 16271*x3*x5/100000 + 16557*x3*x6/100000 + 28047*x3*x7/100000 + 16227*x3*x8/100000 + 16747*x3*x9/100000 - 26101*x3/10000 + 34927*x4**2/500 - 81773*x4*x5/100000 - 80667*x4*x6/100000 - 7767*x4*x7/10000 - 81441*x4*x8/100000 - 7873*x4*x9/10000 - 13923*x4/1000 + 13659*x5**2/250 + 8137*x5*x6/50000 + 8379*x5*x7/50000 + 7989*x5*x8/50000 + 16469*x5*x9/100000 - 497*x5/200 + 1093*x6**2/20 + 28069*x6*x7/100000 + 8119*x6*x8/50000 + 111*x6*x9/400 - 26101*x6/10000 + 54669*x7**2/1000 + 8371*x7*x8/50000 + 14151*x7*x9/50000 - 5721*x7/2000 + 13659*x8**2/250 + 16469*x8*x9/100000 - 497*x8/200 + 54659*x9**2/1000 - 27353*x9/10000 + 31079/500",
    "Q": "[[62.15803035949957, -1.3649663274067227, -1.2430743102638817, -1.4092401899640223, -1.3291574618745938, -1.2487469394636803, -6.966270950163224, -1.2815936814878157, -1.3252954236230317, -1.382769660180415, -1.2289408662605605, -1.3185073620094603, -1.3278278791879905, -0.8236794109298505], [-1.3649663274067227, 54.65860122892653, 0.10723311358022815, 0.11870339954641047, 0.11304795114922644, 0.1076099559571784, -0.3796390785417793, 0.10979663381038503, 0.11277638654059022, 0.11687939991135723, 0.10630337163848873, 0.11230155816054217, 0.11295434592014941, 0.0717557815565166], [-1.2430743102638817, 0.10723311358022815, 54.63559091684372, 0.10957449681186739, 0.10532717797977843, 0.1013604493539358, -0.4171201033852413, 0.10293812195707222, 0.10512533930504496, 0.10818327113597533, 0.10041433625259122, 0.10477326113634736, 0.1052575722490569, 0.06697209116776061], [-1.4092401899640223, 0.11870339954641047, 0.10957449681186739, 54.6680351491359, 0.1159243381029613, 0.10998716797131056, -0.3660271993399752, 0.11238224167916198, 0.1156294900814412, 0.1200834300577231, 0.10855609743632372, 0.11511383494742825, 0.1158227114106382, 0.07349818822708679], [-1.3291574618745938, 0.11304795114922644, 0.10532717797977843, 0.1159243381029613, 54.65127596146708, 0.10567269606029374, -0.3907054987775723, 0.1076789264785202, 0.11042856929302058, 0.11422619547479483, 0.10447470087210842, 0.1099890898177096, 0.11059331174768225, 0.07028937063797845], [-1.2487469394636803, 0.1076099559571784, 0.1013604493539358, 0.10998716797131056, 0.10567269606029374, 54.63655169753052, -0.4153811131183222, 0.10324257878874103, 0.10546750293850882, 0.10857559468024479, 0.10067571302354027, 0.10510952311127815, 0.10560193568297653, 0.06719038544060033], [-6.966270950163224, -0.3796390785417793, -0.4171201033852413, -0.3660271993399752, -0.3907054987775723, -0.4153811131183222, 69.85485441792137, -0.40530438684606895, -0.39189513235138523, -0.37413947938530817, -0.42144257882451286, -0.39398335606137574, -0.39111517280658453, -0.2689710481433828], [-1.2815936814878157, 0.10979663381038503, 0.10293812195707222, 0.11238224167916198, 0.1076789264785202, 0.10324257878874103, -0.40530438684606895, 54.64231407643269, 0.10745435940344014, 0.11085148138314166, 0.10218649068246813, 0.10706226640155604, 0.10760149904214035, 0.068445859759802], [-1.3252954236230317, 0.11277638654059022, 0.10512533930504496, 0.1156294900814412, 0.11042856929302058, 0.10546750293850882, -0.39189513235138523, 0.10745435940344014, 54.65051495238615, 0.113944663750913, 0.10428111689208466, 0.10974356691923368, 0.11034264597263875, 0.07013530506634019], [-1.382769660180415, 0.11687939991135723, 0.10818327113597533, 0.1200834300577231, 0.11422619547479483, 0.10857559468024479, -0.37413947938530817, 0.11085148138314166, 0.113944663750913, 54.6624348394363, 0.10721522591588288, 0.11345236683953114, 0.11412915633838734, 0.07248103203379827], [-1.2289408662605605, 0.10630337163848873, 0.10041433625259122, 0.10855609743632372, 0.10447470087210842, 0.10067571302354027, -0.42144257882451286, 0.10218649068246813, 0.10428111689208466, 0.10721522591588288, 54.63325936814882, 0.103943546698616, 0.10440793717796766, 0.06643853455641842], [-1.3185073620094603, 0.11230155816054217, 0.10477326113634736, 0.11511383494742825, 0.1099890898177096, 0.10510952311127815, -0.39398335606137574, 0.10706226640155604, 0.10974356691923368, 0.11345236683953114, 0.103943546698616, 54.64919020530047, 0.10990445609362999, 0.06986608935813265], [-1.3278278791879905, 0.11295434592014941, 0.1052575722490569, 0.1158227114106382, 0.11059331174768225, 0.10560193568297653, -0.39111517280658453, 0.10760149904214035, 0.11034264597263875, 0.11412915633838734, 0.10440793717796766, 0.10990445609362999, 54.651013365763085, 0.07023625566213447], [-0.8236794109298505, 0.0717557815565166, 0.06697209116776061, 0.07349818822708679, 0.07028937063797845, 0.06719038544060033, -0.2689710481433828, 0.068445859759802, 0.07013530506634019, 0.07248103203379827, 0.06643853455641842, 0.06986608935813265, 0.07023625566213447, 54.53314933125742]]",
    "monomial_list": "[1, x9, x8, x7, x6, x5, x4, x3, x2, x13, x12, x11, x10, x1]"
}