{
    "name": "Multiplier-4",
    "rational_expression": "491*x1**2/10000 + 441*x1*x2/100000 + 447*x1*x3/100000 - 167*x1*x4/10000 + 443*x1*x5/100000 + 437*x1*x6/100000 + 433*x1*x7/100000 + 433*x1*x8/100000 + 27*x1/1250 + 493*x2**2/10000 + 467*x2*x3/100000 - 183*x2*x4/10000 + 9*x2*x5/2000 + 433*x2*x6/100000 + 429*x2*x7/100000 + 427*x2*x8/100000 + 59*x2/2500 + 247*x3**2/5000 - 201*x3*x4/10000 + 9*x3*x5/2000 + 11*x3*x6/2500 + 109*x3*x7/25000 + 423*x3*x8/100000 + 257*x3/10000 + 51*x4**2/500 - 173*x4*x5/10000 - 19*x4*x6/1250 - 73*x4*x7/5000 - 131*x4*x8/10000 - 151*x4/1000 + 491*x5**2/10000 + 433*x5*x6/100000 + 43*x5*x7/10000 + 107*x5*x8/25000 + 14*x5/625 + 489*x6**2/10000 + 11*x6*x7/2500 + 11*x6*x8/2500 + x6/50 + 61*x7**2/1250 + 89*x7*x8/20000 + 193*x7/10000 + 31*x8**2/625 + 87*x8/5000 + 119/1000",
    "Q": "[[0.11934732843835315, 0.008719703556402746, 0.009622434104459643, 0.01005851695925461, 0.01120994237066644, -0.07583585980509017, 0.012860618948925932, 0.01185083026070686, 0.010915150536847254], [0.008719703556402746, 0.04934082171500838, 0.0022101149740579805, 0.0021948678310476123, 0.002156469837362904, -0.006546814083476002, 0.002107520421556705, 0.002136272111544424, 0.0021660490264670314], [0.009622434104459643, 0.0022101149740579805, 0.049282660680911444, 0.002191792417015404, 0.002179055020036569, -0.00730977289673763, 0.0021669184818672105, 0.0021731930806097215, 0.0021820523968560457], [0.01005851695925461, 0.0021948678310476123, 0.002191792417015404, 0.04926907548903858, 0.0021906065071027976, -0.007678706575141595, 0.002196284309749339, 0.0021916821305016996, 0.0021904186184809995], [0.01120994237066644, 0.002156469837362904, 0.002179055020036569, 0.0021906065071027976, 0.04927882323220688, -0.00865430882881877, 0.002276013652166151, 0.0022426123794223036, 0.0022145485190635922], [-0.07583585980509017, -0.006546814083476002, -0.00730977289673763, -0.007678706575141595, -0.00865430882881877, 0.10227204546611243, -0.01005981182241226, -0.009198510220947654, -0.008404303913158313], [0.012860618948925932, 0.002107520421556705, 0.0021669184818672105, 0.002196284309749339, 0.002276013652166151, -0.01005981182241226, 0.049410132583108154, 0.0023218122922786075, 0.0022552949275494623], [0.01185083026070686, 0.002136272111544424, 0.0021731930806097215, 0.0021916821305016996, 0.0022426123794223036, -0.009198510220947654, 0.0023218122922786075, 0.04931300648083563, 0.002229280723167241], [0.010915150536847254, 0.0021660490264670314, 0.0021820523968560457, 0.0021904186184809995, 0.0022145485190635922, -0.008404303913158313, 0.0022552949275494623, 0.002229280723167241, 0.04927002413827213]]",
    "monomial_list": "[1, x8, x7, x6, x5, x4, x3, x2, x1]"
}