{
    "name": "Multiplier-6",
    "rational_expression": "54533*x1**2/1000 + 7543*x1*x10/50000 + 7537*x1*x11/50000 + 7439*x1*x12/50000 + 761*x1*x13/5000 + 15041*x1*x2/100000 + 15029*x1*x3/100000 + 15019*x1*x4/100000 + 2967*x1*x5/20000 - 1027*x1*x6/2000 + 3689*x1*x7/25000 + 14243*x1*x8/100000 + 14561*x1*x9/100000 - 2021*x1/1250 + 54651*x10**2/1000 + 8771*x10*x11/50000 + 17223*x10*x12/100000 + 17789*x10*x13/100000 + 17509*x10*x2/100000 + 17497*x10*x3/100000 + 17487*x10*x4/100000 + 17191*x10*x5/100000 - 41291*x10*x6/50000 + 3509*x10*x7/12500 + 203*x10*x8/1250 + 27753*x10*x9/100000 - 1632*x10/625 + 54649*x11**2/1000 + 17223*x11*x12/100000 + 17789*x11*x13/100000 + 17509*x11*x2/100000 + 17497*x11*x3/100000 + 17487*x11*x4/100000 + 17191*x11*x5/100000 - 41291*x11*x6/50000 + 3509*x11*x7/12500 + 203*x11*x8/1250 + 27753*x11*x9/100000 - 1632*x11/625 + 27317*x12**2/500 + 8733*x12*x13/50000 + 4301*x12*x2/25000 + 17191*x12*x3/100000 + 8591*x12*x4/50000 + 4227*x12*x5/25000 - 41883*x12*x6/50000 + 419*x12*x7/2500 + 799*x12*x8/5000 + 16471*x12*x9/100000 - 1243*x12/500 + 27331*x13**2/500 + 1111*x13*x2/6250 + 17763*x13*x3/100000 + 8877*x13*x4/50000 + 109*x13*x5/625 - 40591*x13*x6/50000 + 14181*x13*x7/50000 + 16489*x13*x8/100000 + 14013*x13*x9/50000 - 6841*x13/2500 + 54651*x2**2/1000 + 17497*x2*x3/100000 + 17487*x2*x4/100000 + 17191*x2*x5/100000 - 41291*x2*x6/50000 + 3509*x2*x7/12500 + 203*x2*x8/1250 + 27753*x2*x9/100000 - 1632*x2/625 + 54643*x3**2/1000 + 17487*x3*x4/100000 + 17191*x3*x5/100000 - 41291*x3*x6/50000 + 3509*x3*x7/12500 + 203*x3*x8/1250 + 27753*x3*x9/100000 - 1632*x3/625 + 54651*x4**2/1000 + 17191*x4*x5/100000 - 41291*x4*x6/50000 + 3509*x4*x7/12500 + 203*x4*x8/1250 + 27753*x4*x9/100000 - 1632*x4/625 + 54637*x5**2/1000 - 20969*x5*x6/25000 + 5553*x5*x7/20000 + 799*x5*x8/5000 + 16471*x5*x9/100000 - 1243*x5/500 + 13971*x6**2/200 - 77657*x6*x7/100000 - 8143*x6*x8/10000 - 78717*x6*x9/100000 - 13929*x6/1000 + 54669*x7**2/1000 + 2093*x7*x8/12500 + 1769*x7*x9/6250 - 28617*x7/10000 + 13659*x8**2/250 + 16471*x8*x9/100000 - 1243*x8/500 + 54659*x9**2/1000 - 6841*x9/2500 + 62183/1000",
    "Q": "[[62.183232802937994, -1.3688934513594966, -1.246704401007658, -1.4132858822948515, -6.973238357399581, -1.2523900412935676, -1.3338317962733683, -1.2853130935430859, -1.3291214678866408, -1.386743837227522, -1.232538701446367, -1.322316519983804, -1.3316602511967355, -0.8260598253274817], [-1.3688934513594966, 54.65925937530921, 0.10799738774027373, 0.11954353810797622, -0.37834170388157035, 0.10837679943367723, 0.11391011737700353, 0.11057841008055723, 0.11357746459962413, 0.11770702366543467, 0.10706136676987671, 0.11309956595606144, 0.11375657309946044, 0.0722611910472211], [-1.246704401007658, 0.10799738774027373, 54.636137873984495, 0.11035816394900207, -0.4159089399352859, 0.10207575389795905, 0.10612021648680463, 0.1036672539028824, 0.10587252104671298, 0.10895538580858145, 0.10112132520770951, 0.10551756575594172, 0.10600583134200861, 0.06744467206771944], [-1.4132858822948515, 0.11954353810797622, 0.11035816394900207, 54.66873574473008, -0.3646955648016187, 0.11077346994213409, 0.11681198143210828, 0.1131838759264942, 0.11645094069893787, 0.12093209996920364, 0.1093333293083165, 0.11593213848873803, 0.11664534030745695, 0.07401578703387339], [-6.973238357399581, -0.37834170388157035, -0.4159089399352859, -0.3646955648016187, 69.85684571369546, -0.41416606036220865, -0.3891755670922841, -0.40406633693721516, -0.39062635121181954, -0.3728287213129898, -0.420240923100602, -0.3927193546302162, -0.3898445978825458, -0.2681765632036577], [-1.2523900412935676, 0.10837679943367723, 0.10207575389795905, 0.11077346994213409, -0.41416606036220865, 54.63710369586896, 0.10646897646819578, 0.10397415250689909, 0.10621719272167765, 0.10935030215467453, 0.10138509596599854, 0.10585632472023317, 0.10635270685326426, 0.06766450517467384], [-1.3338317962733683, 0.11391011737700353, 0.10612021648680463, 0.11681198143210828, -0.3891755670922841, 0.10646897646819578, 54.6520669382076, 0.10849401080436444, 0.11126797241209602, 0.11509871841779351, 0.10525979407831074, 0.11082465898884677, 0.11143414937726312, 0.07081871460666513], [-1.2853130935430859, 0.11057841008055723, 0.1036672539028824, 0.1131838759264942, -0.40406633693721516, 0.10397415250689909, 0.10849401080436444, 54.642896134604676, 0.10821861514800855, 0.11164126748533455, 0.10290962795033866, 0.10782356747810577, 0.10836686031942665, 0.068928965918604], [-1.3291214678866408, 0.11357746459962413, 0.10587252104671298, 0.11645094069893787, -0.39062635121181954, 0.10621719272167765, 0.11126797241209602, 0.10821861514800855, 54.65113603940277, 0.11475391905180199, 0.10502215829751972, 0.11052374065170739, 0.11112696396567819, 0.07062992085886723], [-1.386743837227522, 0.11770702366543467, 0.10895538580858145, 0.12093209996920364, -0.3728287213129898, 0.10935030215467453, 0.11509871841779351, 0.11164126748533455, 0.11475391905180199, 54.663109598465944, 0.10798100694767508, 0.11425852704560809, 0.11493957016562029, 0.07299134151059868], [-1.232538701446367, 0.10706136676987671, 0.10112132520770951, 0.1093333293083165, -0.420240923100602, 0.10138509596599854, 0.10525979407831074, 0.10290962795033866, 0.10502215829751972, 0.10798100694767508, 54.63379414245713, 0.10468173549724705, 0.10515004692748596, 0.06690740160790623], [-1.322316519983804, 0.11309956595606144, 0.10551756575594172, 0.11593213848873803, -0.3927193546302162, 0.10585632472023317, 0.11082465898884677, 0.10782356747810577, 0.11052374065170739, 0.11425852704560809, 0.10468173549724705, 54.64980504217333, 0.11068575496927888, 0.07035887852559335], [-1.3316602511967355, 0.11375657309946044, 0.10600583134200861, 0.11664534030745695, -0.3898445978825458, 0.10635270685326426, 0.11143414937726312, 0.10836686031942665, 0.11112696396567819, 0.11493957016562029, 0.10515004692748596, 0.11068575496927888, 54.65163679304411, 0.07073155489820405], [-0.8260598253274817, 0.0722611910472211, 0.06744467206771944, 0.07401578703387339, -0.2681765632036577, 0.06766450517467384, 0.07081871460666513, 0.068928965918604, 0.07062992085886723, 0.07299134151059868, 0.06690740160790623, 0.07035887852559335, 0.07073155489820405, 54.53332354643294]]",
    "monomial_list": "[1, x9, x8, x7, x6, x5, x4, x3, x2, x13, x12, x11, x10, x1]"
}