{
    "name": "Multiplier-7",
    "rational_expression": "53*x1**2/500 + 117*x1*x2/12500 + 901*x1*x3/100000 + 847*x1*x4/100000 + 187*x1*x5/20000 + 929*x1*x6/100000 - 59*x1*x7/2000 + 869*x1*x8/100000 + 359*x1/10000 + 53*x2**2/500 + 191*x2*x3/20000 + 419*x2*x4/50000 + 989*x2*x5/100000 + x2*x6/100 - 41*x2*x7/1250 + 851*x2*x8/100000 + 97*x2/2500 + 53*x3**2/500 + 919*x3*x4/100000 + 967*x3*x5/100000 + x3*x6/100 - 173*x3*x7/5000 + 413*x3*x8/50000 + 41*x3/1000 + 53*x4**2/500 + 451*x4*x5/50000 + 957*x4*x6/100000 - 321*x4*x7/10000 + 83*x4*x8/10000 + 97*x4/2500 + 53*x5**2/500 + 13*x5*x6/1250 - 343*x5*x7/10000 + 21*x5*x8/2500 + 401*x5/10000 + 53*x6**2/500 - 67*x6*x7/2000 + 109*x6*x8/12500 + 97*x6/2500 + 207*x7**2/1000 - 67*x7*x8/2500 - 34*x7/125 + 21*x8**2/200 + 337*x8/10000 + 211/1000",
    "Q": "[[0.21081223547585004, 0.01681093661511346, -0.13591838779784557, 0.01932165697410415, 0.020107432918713437, 0.019343872467052346, 0.020346837588443918, 0.019499562456847783, 0.017927065753728353], [0.01681093661511346, 0.10577488928477034, -0.013326684828903066, 0.004352105157656405, 0.004263444293694689, 0.004198184772827109, 0.0041780049331362045, 0.004270017819021631, 0.004324491359333768], [-0.13591838779784557, -0.013326684828903066, 0.2071811557826916, -0.01665506980718256, -0.017203477666362297, -0.016049600789451716, -0.01720199154887259, -0.016461967332511537, -0.014745671028407764], [0.01932165697410415, 0.004352105157656405, -0.01665506980718256, 0.10636515616968407, 0.005202314722303882, 0.004731962085587768, 0.004973689839068865, 0.00500951810127145, 0.004692074451702736], [0.020107432918713437, 0.004263444293694689, -0.017203477666362297, 0.005202314722303882, 0.10622155562591613, 0.0044719407100613645, 0.004793991513685965, 0.004956673670723997, 0.004650299653675617], [0.019343872467052346, 0.004198184772827109, -0.016049600789451716, 0.004731962085587768, 0.0044719407100613645, 0.106037523027415, 0.004626160969932772, 0.004232753621056424, 0.004183603641660869], [0.020346837588443918, 0.0041780049331362045, -0.01720199154887259, 0.004973689839068865, 0.004793991513685965, 0.004626160969932772, 0.10592815578177359, 0.004731438931565657, 0.004480808793551452], [0.019499562456847783, 0.004270017819021631, -0.016461967332511537, 0.00500951810127145, 0.004956673670723997, 0.004232753621056424, 0.004731438931565657, 0.10609513695839709, 0.004682711867612993], [0.017927065753728353, 0.004324491359333768, -0.014745671028407764, 0.004692074451702736, 0.004650299653675617, 0.004183603641660869, 0.004480808793551452, 0.004682711867612993, 0.10596177635266288]]",
    "monomial_list": "[1, x8, x7, x6, x5, x4, x3, x2, x1]"
}