{
    "name": "Multiplier-8",
    "rational_expression": "54557*x1**2/1000 + 5811*x1*x10/20000 + 7247*x1*x11/25000 + 7173*x1*x12/25000 + 5849*x1*x13/20000 + 3599*x1*x2/12500 + 14361*x1*x3/50000 + 1153*x1*x4/4000 + 5673*x1*x5/20000 + 28753*x1*x6/100000 + 14427*x1*x7/50000 - 2933*x1*x8/10000 + 14117*x1*x9/50000 - 11069*x1/5000 + 6841*x10**2/125 + 43761*x10*x11/100000 + 43293*x10*x12/100000 + 44173*x10*x13/100000 + 4347*x10*x2/10000 + 43367*x10*x3/100000 + 1741*x10*x4/4000 + 5351*x10*x5/12500 + 43429*x10*x6/100000 + 5449*x10*x7/12500 - 2757*x10*x8/5000 + 42561*x10*x9/100000 - 1407*x10/400 + 2189*x11**2/40 + 43293*x11*x12/100000 + 44173*x11*x13/100000 + 4347*x11*x2/10000 + 43367*x11*x3/100000 + 1741*x11*x4/4000 + 5351*x11*x5/12500 + 43429*x11*x6/100000 + 5449*x11*x7/12500 - 2757*x11*x8/5000 + 42561*x11*x9/100000 - 1407*x11/400 + 54703*x12**2/1000 + 10947*x12*x13/25000 + 4311*x12*x2/10000 + 43007*x12*x3/100000 + 10791*x12*x4/25000 + 5309*x12*x5/12500 + 10767*x12*x6/25000 + 43207*x12*x7/100000 - 56717*x12*x8/100000 + 42201*x12*x9/100000 - 33863*x12/10000 + 13687*x13**2/250 + 44067*x13*x2/100000 + 43963*x13*x3/100000 + 11043*x13*x4/25000 + 43379*x13*x5/100000 + 22031*x13*x6/50000 + 11063*x13*x7/25000 - 37689*x13*x8/100000 + 21647*x13*x9/50000 - 18879*x13/5000 + 54727*x2**2/1000 + 43367*x2*x3/100000 + 1741*x2*x4/4000 + 5351*x2*x5/12500 + 43429*x2*x6/100000 + 5449*x2*x7/12500 - 2757*x2*x8/5000 + 42561*x2*x9/100000 - 1407*x2/400 + 54717*x3**2/1000 + 1741*x3*x4/4000 + 5351*x3*x5/12500 + 43429*x3*x6/100000 + 5449*x3*x7/12500 - 2757*x3*x8/5000 + 42561*x3*x9/100000 - 1407*x3/400 + 54731*x4**2/1000 + 2691*x4*x5/6250 + 21851*x4*x6/50000 + 43891*x4*x7/100000 - 39217*x4*x8/100000 + 42933*x4*x9/100000 - 18243*x4/5000 + 54707*x5**2/1000 + 10767*x5*x6/25000 + 43207*x5*x7/100000 - 56717*x5*x8/100000 + 42201*x5*x9/100000 - 33863*x5/10000 + 13683*x6**2/250 + 43977*x6*x7/100000 - 53569*x6*x8/100000 + 42933*x6*x9/100000 - 18243*x6/5000 + 10951*x7**2/200 - 37689*x7*x8/100000 + 21647*x7*x9/50000 - 18879*x7/5000 + 70101*x8**2/1000 - 22169*x8*x9/50000 - 3907*x8/250 + 54739*x9**2/1000 - 18243*x9/5000 + 65119/1000",
    "Q": "[[65.1192403134574, -1.8392129173548208, -7.785941344205069, -1.8975809453217327, -1.7924852689487483, -1.68897239991546, -1.7935721239231581, -1.7310595273495823, -1.7874703954926716, -1.8626236982122324, -1.6636928684366157, -1.7786671191173022, -1.790758280867057, -1.1117820295545697], [-1.8392129173548208, 54.74029473037132, -0.2223843208649157, 0.2201712047281656, 0.2100921815035009, 0.20037906425211055, 0.21019610426560947, 0.20428800520793056, 0.20961338646656086, 0.21685991500620427, 0.19809825345681445, 0.20877576996921862, 0.209927163978145, 0.13289172597178392], [-7.785941344205069, -0.2223843208649157, 70.09484141942109, -0.2046132541942905, -0.236671752381442, -0.26827539286494556, -0.23633938022994122, -0.25546388156276884, -0.23820524708833188, -0.2152380713882683, -0.275887089176827, -0.24089688817893254, -0.23719986648036065, -0.17197011806282486], [-1.8975809453217327, 0.2201712047281656, -0.2046132541942905, 54.755022550829146, 0.21538505149283452, 0.20505996751610645, 0.2154953732167982, 0.20921824007662096, 0.21487675815341012, 0.22256812238961668, 0.20262994663235115, 0.21398738888359214, 0.21520987109588532, 0.13611045913648442], [-1.7924852689487483, 0.2100921815035009, -0.236671752381442, 0.21538505149283452, 54.72896527300846, 0.19661727766326492, 0.20591484748862907, 0.20031349662832215, 0.20536223650353014, 0.21223750154253238, 0.1944629536007849, 0.20456806023935808, 0.2056597920400458, 0.1302489695557506], [-1.68897239991546, 0.20037906425211055, -0.26827539286494556, 0.20505996751610645, 0.19661727766326492, 54.70582395298647, 0.19670400542178676, 0.19179991124298312, 0.19621778256068373, 0.20226981224509819, 0.1867265317614752, 0.19551926585191393, 0.1964795757485992, 0.12458243240212055], [-1.7935721239231581, 0.21019610426560947, -0.23633938022994122, 0.2154953732167982, 0.20591484748862907, 0.19670400542178676, 54.72922265398765, 0.20040515158922742, 0.2054602239302141, 0.21234407129485897, 0.1945467522527558, 0.20466504297894839, 0.2057581544767007, 0.1303096861652086], [-1.7310595273495823, 0.20428800520793056, -0.25546388156276884, 0.20921824007662096, 0.20031349662832215, 0.19179991124298312, 0.20040515158922742, 54.71489174806223, 0.1998912297234189, 0.20628355460847742, 0.18981453569129317, 0.19915248689187176, 0.2001679603629173, 0.12685982826462266], [-1.7874703954926716, 0.20961338646656086, -0.23820524708833188, 0.21487675815341012, 0.20536223650353014, 0.19621778256068373, 0.2054602239302141, 0.1998912297234189, 54.72778128279724, 0.2117464958889724, 0.19407699003991047, 0.20412128438686056, 0.20520664931118288, 0.12996923317389092], [-1.8626236982122324, 0.21685991500620427, -0.2152380713882683, 0.22256812238961668, 0.21223750154253238, 0.20226981224509819, 0.21234407129485897, 0.20628355460847742, 0.2117464958889724, 54.74617947113914, 0.19992636079012197, 0.21088745416009333, 0.21206827849986273, 0.13420979737716118], [-1.6636928684366157, 0.19809825345681445, -0.275887089176827, 0.20262994663235115, 0.1944629536007849, 0.1867265317614752, 0.1945467522527558, 0.18981453569129317, 0.19407699003991047, 0.19992636079012197, 54.700652237365986, 0.1934023255593157, 0.1943299082794393, 0.12326549492625269], [-1.7786671191173022, 0.20877576996921862, -0.24089688817893254, 0.21398738888359214, 0.20456806023935808, 0.19551926585191393, 0.20466504297894839, 0.19915248689187176, 0.20412128438686056, 0.21088745416009333, 0.1934023255593157, 54.72571728616481, 0.20441406953359004, 0.12947978168081103], [-1.790758280867057, 0.209927163978145, -0.23719986648036065, 0.21520987109588532, 0.2056597920400458, 0.1964795757485992, 0.2057581544767007, 0.2001679603629173, 0.20520664931118288, 0.21206827849986273, 0.1943299082794393, 0.20441406953359004, 54.72855687085159, 0.13015255895738737], [-1.1117820295545697, 0.13289172597178392, -0.17197011806282486, 0.13611045913648442, 0.1302489695557506, 0.12458243240212055, 0.1303096861652086, 0.12685982826462266, 0.12996923317389092, 0.13420979737716118, 0.12326549492625269, 0.12947978168081103, 0.13015255895738737, 54.55634530351046]]",
    "monomial_list": "[1, x9, x8, x7, x6, x5, x4, x3, x2, x13, x12, x11, x10, x1]"
}