{
    "name": "Multiplier-6",
    "rational_expression": "251*x1**2/5000 + 429*x1*x2/100000 + 87*x1*x3/20000 + 431*x1*x4/100000 + 27*x1*x5/6250 - 9*x1*x6/500 + 211*x1*x7/50000 + 41*x1*x8/10000 + 231*x1/10000 + 493*x2**2/10000 + 89*x2*x3/20000 + 449*x2*x4/100000 + 429*x2*x5/100000 - 39*x2*x6/2000 + 417*x2*x7/100000 + 101*x2*x8/25000 + 31*x2/1250 + 99*x3**2/2000 + 231*x3*x4/50000 + 439*x3*x5/100000 - 213*x3*x6/10000 + 207*x3*x7/50000 + 409*x3*x8/100000 + 267*x3/10000 + 99*x4**2/2000 + 109*x4*x5/25000 - 211*x4*x6/10000 + 421*x4*x7/100000 + 407*x4*x8/100000 + 33*x4/1250 + 251*x5**2/5000 - 23*x5*x6/1250 + 417*x5*x7/100000 + 207*x5*x8/50000 + 59*x5/2500 + 107*x6**2/1000 - 79*x6*x7/5000 - 141*x6*x8/10000 - 39*x6/250 + x7**2/20 + 21*x7*x8/5000 + 207*x7/10000 + 249*x8**2/5000 + 19*x8/1000 + 119/1000",
    "Q": "[[0.11875547634934694, 0.009441804325340173, 0.010280052724473406, -0.07777867411689043, 0.011756732192925357, 0.013138328770111339, 0.01329870170374012, 0.012354010385799103, 0.011482252080525394], [0.009441804325340173, 0.049824710543420005, 0.0020761272452305144, -0.007035384774302973, 0.002045080520901102, 0.002019765001007419, 0.002017080575440241, 0.0020335246574983484, 0.002050589354304904], [0.010280052724473406, 0.0020761272452305144, 0.04978602120855346, -0.007817988189892109, 0.002074898781618716, 0.0020790355521435066, 0.002079781987466642, 0.0020760827553113702, 0.0020745690417071938], [-0.07777867411689043, -0.007035384774302973, -0.007817988189892109, 0.1067001738278747, -0.009199609279985265, -0.01049780107238936, -0.010648943027140487, -0.009759855890114305, -0.008942453993006673], [0.011756732192925357, 0.002045080520901102, 0.002074898781618716, -0.009199609279985265, 0.04980332776184322, 0.0021870196550537566, 0.0021938521017453136, 0.0021544261464758506, 0.0021199577288531003], [0.013138328770111339, 0.002019765001007419, 0.0020790355521435066, -0.01049780107238936, 0.0021870196550537566, 0.04992092570812745, 0.002305128083710291, 0.0022320716902186964, 0.0021665859020835528], [0.01329870170374012, 0.002017080575440241, 0.002079781987466642, -0.010648943027140487, 0.0021938521017453136, 0.002305128083710291, 0.049941041531813134, 0.002241382675072816, 0.0021722826258868985], [0.012354010385799103, 0.0020335246574983484, 0.0020760827553113702, -0.009759855890114305, 0.0021544261464758506, 0.0022320716902186964, 0.002241382675072816, 0.049841805638337386, 0.002139523111112942], [0.011482252080525394, 0.002050589354304904, 0.0020745690417071938, -0.008942453993006673, 0.0021199577288531003, 0.0021665859020835528, 0.0021722826258868985, 0.002139523111112942, 0.04979176630054488]]",
    "monomial_list": "[1, x8, x7, x6, x5, x4, x3, x2, x1]"
}