{
    "name": "Multiplier-2",
    "rational_expression": "511*x1**2/10000 - 177*x1*x2/10000 + 11*x1*x3/2500 + 87*x1*x4/20000 + 107*x1*x5/25000 + 211*x1*x6/50000 + 423*x1*x7/100000 + 421*x1*x8/100000 + 113*x1/5000 + 53*x2**2/500 - 211*x2*x3/10000 - 209*x2*x4/10000 - 7*x2*x5/400 - 41*x2*x6/2500 - 2*x2*x7/125 - 9*x2*x8/625 - 153*x2/1000 + 103*x3**2/2000 + 93*x3*x4/20000 + 441*x3*x5/100000 + 53*x3*x6/12500 + 17*x3*x7/4000 + 411*x3*x8/100000 + 33*x3/1250 + 257*x4**2/5000 + 439*x4*x5/100000 + 27*x4*x6/6250 + 423*x4*x7/100000 + 409*x4*x8/100000 + 131*x4/5000 + 51*x5**2/1000 + 21*x5*x6/5000 + 421*x5*x7/100000 + 419*x5*x8/100000 + 14*x5/625 + 51*x6**2/1000 + 421*x6*x7/100000 + 419*x6*x8/100000 + 53*x6/2500 + 509*x7**2/10000 + 17*x7*x8/4000 + 207*x7/10000 + 127*x8**2/2500 + 19*x8/1000 + 119/1000",
    "Q": "[[0.11896181147591926, 0.009458160548114053, 0.010344032011021933, 0.010610397115963824, 0.011205375128206388, 0.013059701522290803, 0.013229065289370671, -0.07637189995990117, 0.011321220280943225], [0.009458160548114053, 0.051219560554950756, 0.0021309671446123916, 0.002124178187429251, 0.0021096511961736734, 0.0020708267488045566, 0.0020677978160380775, -0.007184936748848237, 0.002106922601275698], [0.010344032011021933, 0.0021309671446123916, 0.05116765110312598, 0.002125932415451693, 0.0021246706158401366, 0.0021273797911228356, 0.002128162865172499, -0.007980180130839756, 0.0021245311200341578], [0.010610397115963824, 0.002124178187429251, 0.002125932415451693, 0.05115979698089486, 0.002129592682654402, 0.0021448295977548, 0.002146762579490121, -0.008219632818122016, 0.002130234229144385], [0.011205375128206388, 0.0021096511961736734, 0.0021246706158401366, 0.002129592682654402, 0.05115531847817154, 0.002184585082819805, 0.0021890934657135663, -0.008755125960123934, 0.002143685768644278], [0.013059701522290803, 0.0020708267488045566, 0.0021273797911228356, 0.0021448295977548, 0.002184585082819805, 0.0512586819550239, 0.002328315025023212, -0.010431935417550754, 0.0021924501700057606], [0.013229065289370671, 0.0020677978160380775, 0.002128162865172499, 0.002146762579490121, 0.0021890934657135663, 0.002328315025023212, 0.05127707989221375, -0.010585820760679529, 0.002197461249877242], [-0.07637189995990117, -0.007184936748848237, -0.007980180130839756, -0.008219632818122016, -0.008755125960123934, -0.010431935417550754, -0.010585820760679529, 0.10609261754984076, -0.008859495879392866], [0.011321220280943225, 0.002106922601275698, 0.0021245311200341578, 0.002130234229144385, 0.002143685768644278, 0.0021924501700057606, 0.002197461249877242, -0.008859495879392866, 0.05115654406137297]]",
    "monomial_list": "[1, x8, x7, x6, x5, x4, x3, x2, x1]"
}