{
    "name": "Multiplier-1",
    "rational_expression": "107*x1**2/1000 - 191*x1*x2/10000 - 43*x1*x3/2000 - 53*x1*x4/2500 - 177*x1*x5/10000 - 21*x1*x6/1250 - 81*x1*x7/5000 - 73*x1*x8/5000 - 77*x1/500 + 32*x2**2/625 + 223*x2*x3/50000 + 441*x2*x4/100000 + 211*x2*x5/50000 + 419*x2*x6/100000 + 417*x2*x7/100000 + 21*x2*x8/5000 + 3*x2/125 + 103*x3**2/2000 + 459*x3*x4/100000 + 87*x3*x5/20000 + 421*x3*x6/100000 + 419*x3*x7/100000 + 41*x3*x8/10000 + 267*x3/10000 + 103*x4**2/2000 + 433*x4*x5/100000 + 429*x4*x6/100000 + 417*x4*x7/100000 + 51*x4*x8/12500 + 33*x4/1250 + 511*x5**2/10000 + 13*x5*x6/3125 + 83*x5*x7/20000 + 209*x5*x8/50000 + 113*x5/5000 + 51*x6**2/1000 + 417*x6*x7/100000 + 21*x6*x8/5000 + 27*x6/1250 + 51*x7**2/1000 + 17*x7*x8/4000 + 209*x7/10000 + 259*x8**2/5000 + 193*x8/10000 + 119/1000",
    "Q": "[[0.1188235118301371, 0.00962380271360963, 0.010496062726502987, 0.010758388184005926, 0.011344442745878789, 0.013172503783484137, 0.013339617607272486, 0.01205790908266271, -0.07683508427467461], [0.00962380271360963, 0.05134268675190228, 0.0020986305737129285, 0.0020929095715432364, 0.0020807095893203963, 0.002048484473748596, 0.0020460091461602594, 0.002066909901123171, -0.00730342147366328], [0.010496062726502987, 0.0020986305737129285, 0.05129611912793218, 0.0020974901776068095, 0.002098126441589728, 0.002106168095811118, 0.002107393214701197, 0.0021000319100969787, -0.008103653157848107], [0.010758388184005926, 0.0020929095715432364, 0.0020974901776068095, 0.051289595141977035, 0.002103737865261753, 0.002123933277120541, 0.0021262753858656584, 0.0021103838612531803, -0.008344661070829843], [0.011344442745878789, 0.0020807095893203963, 0.002098126441589728, 0.002103737865261753, 0.0512876633555434, 0.00216435642989446, 0.0021692014237466753, 0.002134197967426517, -0.008883730195554796], [0.013172503783484137, 0.002048484473748596, 0.002106168095811118, 0.002123933277120541, 0.00216435642989446, 0.051395513091630415, 0.0023099214324875505, 0.0022149367982428345, -0.010572970221782801], [0.013339617607272486, 0.0020460091461602594, 0.002107393214701197, 0.0021262753858656584, 0.0021692014237466753, 0.0023099214324875505, 0.051414088405565515, 0.002222844877436702, -0.010728113662147681], [0.01205790908266271, 0.002066909901123171, 0.0021000319100969787, 0.0021103838612531803, 0.002134197967426517, 0.0022149367982428345, 0.002222844877436702, 0.05130893057494764, -0.009541301598098415], [-0.07683508427467461, -0.00730342147366328, -0.008103653157848107, -0.008344661070829843, -0.008883730195554796, -0.010572970221782801, -0.010728113662147681, -0.009541301598098415, 0.1071735324759807]]",
    "monomial_list": "[1, x8, x7, x6, x5, x4, x3, x2, x1]"
}