{
    "name": "Multiplier-5",
    "rational_expression": "53*x1**2/500 + 901*x1*x2/100000 + 441*x1*x3/50000 + 407*x1*x4/50000 - 3*x1*x5/100 + 917*x1*x6/100000 + 117*x1*x7/12500 + 857*x1*x8/100000 + 91*x1/2500 + 21*x2**2/200 + 459*x2*x3/50000 + 827*x2*x4/100000 - 67*x2*x5/2000 + 121*x2*x6/12500 + 59*x2*x7/6250 + 821*x2*x8/100000 + 397*x2/10000 + 21*x3**2/200 + 461*x3*x4/50000 - 173*x3*x5/5000 + 479*x3*x6/50000 + 239*x3*x7/25000 + 811*x3*x8/100000 + 41*x3/1000 + 53*x4**2/500 - 323*x4*x5/10000 + 917*x4*x6/100000 + 179*x4*x7/20000 + 407*x4*x8/50000 + 389*x4/10000 + 51*x5**2/250 - 343*x5*x6/10000 - 333*x5*x7/10000 - 271*x5*x8/10000 - 67*x5/250 + 53*x6**2/500 + 493*x6*x7/50000 + 421*x6*x8/50000 + 397*x6/10000 + 53*x7**2/500 + 107*x7*x8/12500 + 389*x7/10000 + 21*x8**2/200 + 339*x8/10000 + 209/1000",
    "Q": "[[0.20898538994160248, 0.01697232795731208, 0.019492629747623683, 0.019902887293821395, -0.1338485966700822, 0.01933991411534707, 0.02038137728496939, 0.019831858310968255, 0.018115941608854273], [0.01697232795731208, 0.10538211613780694, 0.004254299941106484, 0.0041893714134626425, -0.013559402842084955, 0.0041184059228187506, 0.004063369180445457, 0.004125532704803286, 0.00425924775529903], [0.019492629747623683, 0.004254299941106484, 0.10582756954409889, 0.004922882577779639, -0.01672792421473018, 0.004460732564308168, 0.004734306481992127, 0.004757475875114784, 0.00463814021579694], [0.019902887293821395, 0.0041893714134626425, 0.004922882577779639, 0.10574222353941261, -0.01714368075821727, 0.004595436406944075, 0.004826969194598357, 0.0048173410241912525, 0.004536445647439946], [-0.1338485966700822, -0.013559402842084955, -0.01672792421473018, -0.01714368075821727, 0.20437130627586486, -0.01607686723121495, -0.01722157165189491, -0.016723213207871564, -0.014988428453217942], [0.01933991411534707, 0.0041184059228187506, 0.004460732564308168, 0.004595436406944075, -0.01607686723121495, 0.10567727552983237, 0.004530024861672022, 0.004076803141553522, 0.004071099133299968], [0.02038137728496939, 0.004063369180445457, 0.004734306481992127, 0.004826969194598357, -0.01722157165189491, 0.004530024861672022, 0.10547083266939836, 0.004594375170214217, 0.004358798135421472], [0.019831858310968255, 0.004125532704803286, 0.004757475875114784, 0.0048173410241912525, -0.016723213207871564, 0.004076803141553522, 0.004594375170214217, 0.10555618615437463, 0.0045470839490554], [0.018115941608854273, 0.00425924775529903, 0.00463814021579694, 0.004536445647439946, -0.014988428453217942, 0.004071099133299968, 0.004358798135421472, 0.0045470839490554, 0.10555849910005105]]",
    "monomial_list": "[1, x8, x7, x6, x5, x4, x3, x2, x1]"
}