{
    "name": "Multiplier-7",
    "rational_expression": "251*x1**2/5000 + 433*x1*x2/100000 + 109*x1*x3/25000 + 43*x1*x4/10000 + 423*x1*x5/100000 + 417*x1*x6/100000 - 9*x1*x7/500 + 41*x1*x8/10000 + 231*x1/10000 + 63*x2**2/1250 + 449*x2*x3/100000 + 221*x2*x4/50000 + 433*x2*x5/100000 + 13*x2*x6/3125 - 197*x2*x7/10000 + 203*x2*x8/50000 + x2/40 + 31*x3**2/625 + 29*x3*x4/6250 + 443*x3*x5/100000 + 53*x3*x6/12500 - 43*x3*x7/2000 + 401*x3*x8/100000 + 269*x3/10000 + 99*x4**2/2000 + 219*x4*x5/50000 + 419*x4*x6/100000 - 53*x4*x7/2500 + 199*x4*x8/50000 + 33*x4/1250 + 503*x5**2/10000 + 207*x5*x6/50000 - 93*x5*x7/5000 + 203*x5*x8/50000 + 119*x5/5000 + x6**2/20 - 83*x6*x7/5000 + 51*x6*x8/12500 + 27*x6/1250 + 27*x7**2/250 - 71*x7*x8/5000 - 157*x7/1000 + 249*x8**2/5000 + 19*x8/1000 + 119/1000",
    "Q": "[[0.11864656364361406, 0.009531784214854237, -0.07807167480570025, 0.010761970536523417, 0.011822165456211913, 0.013190176355916497, 0.013349037961312923, 0.012413358436039508, 0.011550521845601989], [0.009531784214854237, 0.04990864364602685, -0.007098660319508314, 0.0020542508750693985, 0.002033832570555308, 0.0020104733202780957, 0.0020079954737772395, 0.0020231952834380085, 0.0020389036392243795], [-0.07807167480570025, -0.007098660319508314, 0.10743682963811461, -0.008265017838303761, -0.009272486344936656, -0.010577366856670033, -0.010729341438874837, -0.009835469857033638, -0.00901411263793782], [0.010761970536523417, 0.0020542508750693985, -0.008265017838303761, 0.04986596193767033, 0.002079533742469298, 0.002099249638760782, 0.002101792706558802, 0.002087512577856673, 0.002076075895656943], [0.011822165456211913, 0.002033832570555308, -0.009272486344936656, 0.002079533742469298, 0.04989011849730456, 0.002178255245922985, 0.0021851584634003645, 0.0021452817853933608, 0.0021102731742715], [0.013190176355916497, 0.0020104733202780957, -0.010577366856670033, 0.002099249638760782, 0.002178255245922985, 0.05000711280930467, 0.0022964667216560015, 0.002223375021879695, 0.002157781579650571], [0.013349037961312923, 0.0020079954737772395, -0.010729341438874837, 0.002101792706558802, 0.0021851584634003645, 0.0022964667216560015, 0.05002706774163937, 0.0022327238274636994, 0.002163564494683567], [0.012413358436039508, 0.0020231952834380085, -0.009835469857033638, 0.002087512577856673, 0.0021452817853933608, 0.002223375021879695, 0.0022327238274636994, 0.04992853304838469, 0.0021302642542103214], [0.011550521845601989, 0.0020389036392243795, -0.00901411263793782, 0.002076075895656943, 0.0021102731742715, 0.002157781579650571, 0.002163564494683567, 0.0021302642542103214, 0.049878486065350516]]",
    "monomial_list": "[1, x8, x7, x6, x5, x4, x3, x2, x1]"
}