{
    "name": "Multiplier-5",
    "rational_expression": "53*x1**2/500 + 901*x1*x2/100000 + 441*x1*x3/50000 + 407*x1*x4/50000 - 3*x1*x5/100 + 917*x1*x6/100000 + 117*x1*x7/12500 + 857*x1*x8/100000 + 91*x1/2500 + 21*x2**2/200 + 459*x2*x3/50000 + 827*x2*x4/100000 - 67*x2*x5/2000 + 121*x2*x6/12500 + 59*x2*x7/6250 + 821*x2*x8/100000 + 397*x2/10000 + 21*x3**2/200 + 461*x3*x4/50000 - 173*x3*x5/5000 + 479*x3*x6/50000 + 239*x3*x7/25000 + 811*x3*x8/100000 + 41*x3/1000 + 53*x4**2/500 - 323*x4*x5/10000 + 917*x4*x6/100000 + 179*x4*x7/20000 + 407*x4*x8/50000 + 389*x4/10000 + 51*x5**2/250 - 343*x5*x6/10000 - 333*x5*x7/10000 - 271*x5*x8/10000 - 67*x5/250 + 53*x6**2/500 + 493*x6*x7/50000 + 421*x6*x8/50000 + 397*x6/10000 + 53*x7**2/500 + 107*x7*x8/12500 + 389*x7/10000 + 21*x8**2/200 + 339*x8/10000 + 209/1000",
    "Q": "[[0.2089853899417266, 0.016972327957321908, 0.019492629747637717, 0.01990288729383027, -0.1338485966701631, 0.019339914115359114, 0.0203813772849784, 0.01983185831097854, 0.018115941608868296], [0.016972327957321908, 0.10538211613787778, 0.004254299941108076, 0.004189371413467438, -0.013559402842093895, 0.004118405922821806, 0.004063369180447743, 0.00412553270480523, 0.004259247755302198], [0.019492629747637717, 0.004254299941108076, 0.10582756954416785, 0.004922882577783294, -0.0167279242147401, 0.004460732564310835, 0.00473430648199404, 0.004757475875117713, 0.004638140215799291], [0.01990288729383027, 0.004189371413467438, 0.004922882577783294, 0.10574222353948941, -0.017143680758226847, 0.004595436406948188, 0.0048269691946031985, 0.004817341024196699, 0.004536445647444647], [-0.1338485966701631, -0.013559402842093895, -0.0167279242147401, -0.017143680758226847, 0.20437130627600106, -0.016076867231225582, -0.0172215716519038, -0.01672321320788145, -0.014988428453229388], [0.019339914115359114, 0.004118405922821806, 0.004460732564310835, 0.004595436406948188, -0.016076867231225582, 0.10567727552990429, 0.004530024861675584, 0.004076803141555988, 0.004071099133304473], [0.0203813772849784, 0.004063369180447743, 0.00473430648199404, 0.0048269691946031985, -0.0172215716519038, 0.004530024861675584, 0.10547083266946682, 0.004594375170216749, 0.004358798135425047], [0.01983185831097854, 0.00412553270480523, 0.004757475875117713, 0.004817341024196699, -0.01672321320788145, 0.004076803141555988, 0.004594375170216749, 0.10555618615444724, 0.004547083949057485], [0.018115941608868296, 0.004259247755302198, 0.004638140215799291, 0.004536445647444647, -0.014988428453229388, 0.004071099133304473, 0.004358798135425047, 0.004547083949057485, 0.10555849910012172]]",
    "monomial_list": "[1, x8, x7, x6, x5, x4, x3, x2, x1]"
}