{
    "name": "Multiplier-1",
    "rational_expression": "21*x1**2/100 - 173*x1*x2/5000 - 357*x1*x3/10000 - 167*x1*x4/5000 - 357*x1*x5/10000 - 349*x1*x6/10000 - 171*x1*x7/5000 - 287*x1*x8/10000 - 137*x1/500 + 53*x2**2/500 + 909*x2*x3/100000 + 799*x2*x4/100000 + 951*x2*x5/100000 + 189*x2*x6/20000 + 463*x2*x7/50000 + 799*x2*x8/100000 + 401*x2/10000 + 53*x3**2/500 + 447*x3*x4/50000 + 921*x3*x5/100000 + 957*x3*x6/100000 + 937*x3*x7/100000 + 197*x3*x8/25000 + 207*x3/5000 + 107*x4**2/1000 + 429*x4*x5/50000 + 229*x4*x6/25000 + 877*x4*x7/100000 + 813*x4*x8/100000 + 393*x4/10000 + 107*x5**2/1000 + 101*x5*x6/10000 + 993*x5*x7/100000 + 401*x5*x8/50000 + 81*x5/2000 + 107*x6**2/1000 + 491*x6*x7/50000 + 813*x6*x8/100000 + 393*x6/10000 + 107*x7**2/1000 + 83*x7*x8/10000 + 97*x7/2500 + 53*x8**2/500 + 177*x8/5000 + 211/1000",
    "Q": "[[0.21115380037062031, 0.01765659794871621, 0.01951232265161112, 0.019700448238151244, 0.02030966137713546, 0.01954136519252958, 0.020648514388754785, 0.020115482250206713, -0.13708772750895043], [0.01765659794871621, 0.10619640490484944, 0.004102830413901703, 0.0040934675002898165, 0.004049609562531645, 0.004020717322382504, 0.003974720250469451, 0.003994793058831276, -0.014301278318147323], [0.01951232265161112, 0.004102830413901703, 0.10695137308470627, 0.004923851776235535, 0.00497074148728767, 0.004419342109458105, 0.0046689495629282625, 0.00467714105325322, -0.017165761918298394], [0.019700448238151244, 0.0040934675002898165, 0.004923851776235535, 0.10701537439959573, 0.005045890335103869, 0.004572955356325024, 0.004776643194569491, 0.004768111426188323, -0.01745538377848152], [0.02030966137713546, 0.004049609562531645, 0.00497074148728767, 0.005045890335103869, 0.10690438793870453, 0.004308317918606187, 0.004598677013997732, 0.004741601269916423, -0.017863807450392857], [0.01954136519252958, 0.004020717322382504, 0.004419342109458105, 0.004572955356325024, 0.004308317918606187, 0.10671377821239562, 0.004468322384388665, 0.004035123961151525, -0.01664561599761257], [0.020648514388754785, 0.003974720250469451, 0.0046689495629282625, 0.004776643194569491, 0.004598677013997732, 0.004468322384388665, 0.10654294840674114, 0.004520995893229105, -0.017883262184308895], [0.020115482250206713, 0.003994793058831276, 0.00467714105325322, 0.004768111426188323, 0.004741601269916423, 0.004035123961151525, 0.004520995893229105, 0.1065982449608589, -0.01735705952284941], [-0.13708772750895043, -0.014301278318147323, -0.017165761918298394, -0.01745538377848152, -0.017863807450392857, -0.01664561599761257, -0.017883262184308895, -0.01735705952284941, 0.21034273150656005]]",
    "monomial_list": "[1, x8, x7, x6, x5, x4, x3, x2, x1]"
}