{
    "name": "Multiplier-1",
    "rational_expression": "21*x1**2/100 - 173*x1*x2/5000 - 357*x1*x3/10000 - 167*x1*x4/5000 - 357*x1*x5/10000 - 349*x1*x6/10000 - 171*x1*x7/5000 - 287*x1*x8/10000 - 137*x1/500 + 53*x2**2/500 + 909*x2*x3/100000 + 799*x2*x4/100000 + 951*x2*x5/100000 + 189*x2*x6/20000 + 463*x2*x7/50000 + 799*x2*x8/100000 + 401*x2/10000 + 53*x3**2/500 + 447*x3*x4/50000 + 921*x3*x5/100000 + 957*x3*x6/100000 + 937*x3*x7/100000 + 197*x3*x8/25000 + 207*x3/5000 + 107*x4**2/1000 + 429*x4*x5/50000 + 229*x4*x6/25000 + 877*x4*x7/100000 + 813*x4*x8/100000 + 393*x4/10000 + 107*x5**2/1000 + 101*x5*x6/10000 + 993*x5*x7/100000 + 401*x5*x8/50000 + 81*x5/2000 + 107*x6**2/1000 + 491*x6*x7/50000 + 813*x6*x8/100000 + 393*x6/10000 + 107*x7**2/1000 + 83*x7*x8/10000 + 97*x7/2500 + 53*x8**2/500 + 177*x8/5000 + 211/1000",
    "Q": "[[0.21115380037058581, 0.017656597948711272, 0.019512322651610018, 0.01970044823814574, 0.020309661377126004, 0.019541365192520612, 0.0206485143887459, 0.020115482250200666, -0.13708772750891818], [0.017656597948711272, 0.10619640490483416, 0.004102830413901384, 0.004093467500290392, 0.004049609562532424, 0.0040207173223850085, 0.003974720250472343, 0.003994793058830916, -0.014301278318142012], [0.019512322651610018, 0.004102830413901384, 0.1069513730846901, 0.0049238517762338835, 0.004970741487285676, 0.004419342109459418, 0.004668949562928045, 0.004677141053252081, -0.017165761918297877], [0.01970044823814574, 0.004093467500290392, 0.0049238517762338835, 0.10701537439958207, 0.005045890335104442, 0.004572955356326078, 0.004776643194569078, 0.004768111426188683, -0.017455383778478224], [0.020309661377126004, 0.004049609562532424, 0.004970741487285676, 0.005045890335104442, 0.10690438793869014, 0.004308317918607566, 0.004598677013998727, 0.004741601269915186, -0.01786380745038492], [0.019541365192520612, 0.0040207173223850085, 0.004419342109459418, 0.004572955356326078, 0.004308317918607566, 0.10671377821238193, 0.004468322384393434, 0.004035123961153249, -0.01664561599760352], [0.0206485143887459, 0.003974720250472343, 0.004668949562928045, 0.004776643194569078, 0.004598677013998727, 0.004468322384393434, 0.10654294840672836, 0.00452099589323081, -0.017883262184301134], [0.020115482250200666, 0.003994793058830916, 0.004677141053252081, 0.004768111426188683, 0.004741601269915186, 0.004035123961153249, 0.00452099589323081, 0.1065982449608451, -0.017357059522845334], [-0.13708772750891818, -0.014301278318142012, -0.017165761918297877, -0.017455383778478224, -0.01786380745038492, -0.01664561599760352, -0.017883262184301134, -0.017357059522845334, 0.21034273150651872]]",
    "monomial_list": "[1, x8, x7, x6, x5, x4, x3, x2, x1]"
}