{
    "name": "Multiplier-6",
    "rational_expression": "32*x1**2/625 + 17*x1*x2/4000 + 109*x1*x3/25000 + 27*x1*x4/6250 + 423*x1*x5/100000 - 183*x1*x6/10000 + 83*x1*x7/20000 + 209*x1*x8/50000 + 233*x1/10000 + 513*x2**2/10000 + 11*x2*x3/2500 + 223*x2*x4/50000 + 17*x2*x5/4000 - 97*x2*x6/5000 + 83*x2*x7/20000 + 51*x2*x8/12500 + 49*x2/2000 + 129*x3**2/2500 + 227*x3*x4/50000 + 429*x3*x5/100000 - 109*x3*x6/5000 + 13*x3*x7/3125 + 407*x3*x8/100000 + 269*x3/10000 + 103*x4**2/2000 + 427*x4*x5/100000 - 43*x4*x6/2000 + 207*x4*x7/50000 + 81*x4*x8/20000 + 267*x4/10000 + 32*x5**2/625 - 91*x5*x6/5000 + 413*x5*x7/100000 + 13*x5*x8/3125 + 231*x5/10000 + 109*x6**2/1000 - 33*x6*x7/2000 - 3*x6*x8/200 - 31*x6/200 + 509*x7**2/10000 + 413*x7*x8/100000 + 107*x7/5000 + 259*x8**2/5000 + 99*x8/5000 + 119/1000",
    "Q": "[[0.11864927018726276, 0.009794873511366247, 0.010651877275953145, -0.0773592035355368, 0.011485732342864357, 0.013284343244474391, 0.013448931615780365, 0.012187249195585191, 0.01159792800124161], [0.009794873511366247, 0.051490696501197225, 0.0020686075527834745, -0.007426709031631458, 0.0020541020819451077, 0.0020284290846122677, 0.002026496343626094, 0.0020430341971403986, 0.002052262895503491], [0.010651877275953145, 0.0020686075527834745, 0.05144913938422205, -0.008232710187706932, 0.0020738099556780565, 0.002086976530541819, 0.0020886187164107974, 0.002077866859226373, 0.0020743835428041566], [-0.0773592035355368, -0.007426709031631458, -0.008232710187706932, 0.10844519530939434, -0.009018741225599734, -0.010722449835796786, -0.010879057969808923, -0.009681604658047826, -0.0091246526180032], [0.011485732342864357, 0.0020541020819451077, 0.0020738099556780565, -0.009018741225599734, 0.051444038158566414, 0.0021458635239716864, 0.002151007228076151, 0.0021135297456108064, 0.0020975968240034833], [0.013284343244474391, 0.0020284290846122677, 0.002086976530541819, -0.010722449835796786, 0.0021458635239716864, 0.05155476450368322, 0.0022925519942609564, 0.002196940681625527, 0.0021539378676919386], [0.013448931615780365, 0.002026496343626094, 0.0020886187164107974, -0.010879057969808923, 0.002151007228076151, 0.0022925519942609564, 0.05157333880036044, 0.0022050501044553286, 0.0021595545990390126], [0.012187249195585191, 0.0020430341971403986, 0.002077866859226373, -0.009681604658047826, 0.0021135297456108064, 0.002196940681625527, 0.0022050501044553286, 0.05146711753906736, 0.0021184670979317996], [0.01159792800124161, 0.002052262895503491, 0.0020743835428041566, -0.0091246526180032, 0.0020975968240034833, 0.0021539378676919386, 0.0021595545990390126, 0.0021184670979317996, 0.051446044018781695]]",
    "monomial_list": "[1, x8, x7, x6, x5, x4, x3, x2, x1]"
}