{
    "name": "Multiplier-5",
    "rational_expression": "123*x1**2/2500 + 27*x1*x2/6250 + 437*x1*x3/100000 + 443*x1*x4/100000 - 7*x1*x5/400 + 427*x1*x6/100000 + 211*x1*x7/50000 + 419*x1*x8/100000 + 113*x1/5000 + 493*x2**2/10000 + 457*x2*x3/100000 + 113*x2*x4/25000 - 19*x2*x5/1000 + 431*x2*x6/100000 + 213*x2*x7/50000 + 103*x2*x8/25000 + 243*x2/10000 + 99*x3**2/2000 + 463*x3*x4/100000 - 13*x3*x5/625 + 427*x3*x6/100000 + 211*x3*x7/50000 + 51*x3*x8/12500 + 131*x3/5000 + 247*x4**2/5000 - 41*x4*x5/2000 + 87*x4*x6/20000 + 21*x4*x7/5000 + 83*x4*x8/20000 + 259*x4/10000 + 21*x5**2/200 - 2*x5*x6/125 - 19*x5*x7/1250 - 137*x5*x8/10000 - 77*x5/500 + 501*x6**2/10000 + 107*x6*x7/25000 + 213*x6*x8/50000 + 209*x6/10000 + 499*x7**2/10000 + 429*x7*x8/100000 + x7/50 + 497*x8**2/10000 + 183*x8/10000 + 119/1000",
    "Q": "[[0.1189986133268616, 0.009169391844340923, 0.01003217925403443, 0.010449171152310052, -0.07695915292135266, 0.012969361732355847, 0.013133829301230866, 0.012164689932469665, 0.011268729862351546], [0.009169391844340923, 0.049608350672803746, 0.002123691843363981, 0.0021125926004710457, -0.006844766224998311, 0.0020530858895591187, 0.002049715509891497, 0.0020702717707775206, 0.0020917033382122966], [0.01003217925403443, 0.002123691843363981, 0.04956356549619899, 0.0021161076778598033, -0.007618290121785657, 0.0021110665870699547, 0.002111265941605574, 0.00211086648014299, 0.002112889610017306], [0.010449171152310052, 0.0021125926004710457, 0.0021161076778598033, 0.04955515816060349, -0.007992513784311915, 0.002139670092685799, 0.002141599472079259, 0.0021310450141965825, 0.002123662258025945], [-0.07695915292135266, -0.006844766224998311, -0.007618290121785657, -0.007992513784311915, 0.10476129027365014, -0.010262882942102336, -0.010411783273977711, -0.00953556130467512, -0.008728891401190965], [0.012969361732355847, 0.0020530858895591187, 0.0021110665870699547, 0.002139670092685799, -0.010262882942102336, 0.04969148798143486, 0.0023338379660869644, 0.002261577225311093, 0.002197047877656872], [0.013133829301230866, 0.002049715509891497, 0.002111265941605574, 0.002141599472079259, -0.010411783273977711, 0.0023338379660869644, 0.0497117400095148, 0.0022706642469437076, 0.0022023878987241135], [0.012164689932469665, 0.0020702717707775206, 0.00211086648014299, 0.0021310450141965825, -0.00953556130467512, 0.002261577225311093, 0.0022706642469437076, 0.049612373606809736, 0.0021718155019615206], [0.011268729862351546, 0.0020917033382122966, 0.002112889610017306, 0.002123662258025945, -0.008728891401190965, 0.002197047877656872, 0.0022023878987241135, 0.0021718155019615206, 0.04956399547768107]]",
    "monomial_list": "[1, x8, x7, x6, x5, x4, x3, x2, x1]"
}