{
    "name": "Multiplier-4",
    "rational_expression": "107*x1**2/1000 + 21*x1*x2/2000 + 9*x1*x3/1000 - 291*x1*x4/10000 + 13*x1*x5/1250 + 107*x1*x6/10000 + 11*x1*x7/1000 + 947*x1*x8/100000 + 17*x1/500 + 53*x2**2/500 + 119*x2*x3/12500 - 321*x2*x4/10000 + 109*x2*x5/10000 + 7*x2*x6/625 + 113*x2*x7/10000 + 29*x2*x8/3125 + 23*x2/625 + 21*x3**2/200 - 341*x3*x4/10000 + 977*x3*x5/100000 + 101*x3*x6/10000 + 101*x3*x7/10000 + 83*x3*x8/10000 + 201*x3/5000 + 103*x4**2/500 - 337*x4*x5/10000 - 67*x4*x6/2000 - 81*x4*x7/2500 - 17*x4*x8/625 - 53*x4/200 + 107*x5**2/1000 + 23*x5*x6/2000 + 59*x5*x7/5000 + 459*x5*x8/50000 + 381*x5/10000 + 107*x6**2/1000 + 59*x6*x7/5000 + 187*x6*x8/20000 + 377*x6/10000 + 27*x7**2/250 + 967*x7*x8/100000 + 91*x7/2500 + 53*x8**2/500 + 21*x8/625 + 207/1000",
    "Q": "[[0.20743906236339893, 0.016757530507660264, 0.018304122389563277, 0.018900664895695873, 0.019051611159223443, -0.13292663165859994, 0.020099428832532833, 0.01841801774507814, 0.01709530385594535], [0.016757530507660264, 0.10599061832154037, 0.0048278236264952664, 0.004679976969470849, 0.004585670986022184, -0.013552082108952564, 0.004165934709185383, 0.004603851458295144, 0.004762696897787699], [0.018304122389563277, 0.0048278236264952664, 0.10739967081712168, 0.0058829076685134995, 0.005861872082683174, -0.016299682573661056, 0.004985210660458425, 0.005608924532568526, 0.005571673642893303], [0.018900664895695873, 0.004679976969470849, 0.0058829076685134995, 0.10702846286774637, 0.005811382612291056, -0.016769932430994193, 0.005060092670691056, 0.005578160775797788, 0.005340126726606161], [0.019051611159223443, 0.004585670986022184, 0.005861872082683174, 0.005811382612291056, 0.10687778714898566, -0.016839760132380078, 0.004830153678719958, 0.005447240262891438, 0.005239954229743772], [-0.13292663165859994, -0.013552082108952564, -0.016299682573661056, -0.016769932430994193, -0.016839760132380078, 0.20547464805167148, -0.01705279993168332, -0.01610288793819342, -0.014636860537871256], [0.020099428832532833, 0.004165934709185383, 0.004985210660458425, 0.005060092670691056, 0.004830153678719958, -0.01705279993168332, 0.10577399447474374, 0.004785391854214409, 0.004552493576682919], [0.01841801774507814, 0.004603851458295144, 0.005608924532568526, 0.005578160775797788, 0.005447240262891438, -0.01610288793819342, 0.004785391854214409, 0.10672362883982112, 0.005294429110240777], [0.01709530385594535, 0.004762696897787699, 0.005571673642893303, 0.005340126726606161, 0.005239954229743772, -0.014636860537871256, 0.004552493576682919, 0.005294429110240777, 0.10680883432499406]]",
    "monomial_list": "[1, x8, x7, x6, x5, x4, x3, x2, x1]"
}