{
    "name": "Multiplier-6",
    "rational_expression": "53*x1**2/500 + 469*x1*x2/50000 + 879*x1*x3/100000 + 83*x1*x4/10000 + 459*x1*x5/50000 - 37*x1*x6/1250 + 941*x1*x7/100000 + 869*x1*x8/100000 + 359*x1/10000 + 53*x2**2/500 + 117*x2*x3/12500 + 211*x2*x4/25000 + 39*x2*x5/4000 - 83*x2*x6/2500 + 97*x2*x7/10000 + 417*x2*x8/50000 + 393*x2/10000 + 21*x3**2/200 + 37*x3*x4/4000 + 953*x3*x5/100000 - 87*x3*x6/2500 + 121*x3*x7/12500 + 83*x3*x8/10000 + 207*x3/5000 + 53*x4**2/500 + 111*x4*x5/12500 - 13*x4*x6/400 + 227*x4*x7/25000 + 417*x4*x8/50000 + 393*x4/10000 + 53*x5**2/500 - 87*x5*x6/2500 + x5*x7/100 + 211*x5*x8/25000 + 81*x5/2000 + 207*x6**2/1000 - 13*x6*x7/400 - 267*x6*x8/10000 - 34*x6/125 + 53*x7**2/500 + 173*x7*x8/20000 + 19*x7/500 + 21*x8**2/200 + 337*x8/10000 + 211/1000",
    "Q": "[[0.21095803946604438, 0.01681082278689942, 0.01908950147789612, -0.13586952851586487, 0.020291698914993987, 0.01965797226743598, 0.0205860023462634, 0.019705668871798813, 0.017871271053494533], [0.01681082278689942, 0.10565908501644762, 0.0043547513482250205, -0.013360413134415002, 0.0042158456165172125, 0.004140584483147122, 0.004128248652151157, 0.004220240929987111, 0.0043204369965524295], [0.01908950147789612, 0.0043547513482250205, 0.10620490018089428, -0.016379383072587305, 0.005077729625300776, 0.004519983193489447, 0.004811508423156196, 0.0048688016984474594, 0.004734496173534425], [-0.13586952851586487, -0.013360413134415002, -0.016379383072587305, 0.2066154159526824, -0.017356240999931154, -0.016263463259416792, -0.017377602281493588, -0.016628924778336825, -0.014747653133345464], [0.020291698914993987, 0.0042158456165172125, 0.005077729625300776, -0.017356240999931154, 0.106030938810257, 0.004420003909601422, 0.004746783824452134, 0.004894167477495815, 0.004604159460537128], [0.01965797226743598, 0.004140584483147122, 0.004519983193489447, -0.016263463259416792, 0.004420003909601422, 0.1058467638375745, 0.0045966584212420985, 0.004181673604044698, 0.004126094053447154], [0.0205860023462634, 0.004128248652151157, 0.004811508423156196, -0.017377602281493588, 0.004746783824452134, 0.0045966584212420985, 0.10575652693850843, 0.00468520311249215, 0.004427841180951517], [0.019705668871798813, 0.004220240929987111, 0.0048688016984474594, -0.016628924778336825, 0.004894167477495815, 0.004181673604044698, 0.00468520311249215, 0.1058953649377482, 0.004634208518212518], [0.017871271053494533, 0.0043204369965524295, 0.004734496173534425, -0.014747653133345464, 0.004604159460537128, 0.004126094053447154, 0.004427841180951517, 0.004634208518212518, 0.10587067735261907]]",
    "monomial_list": "[1, x8, x7, x6, x5, x4, x3, x2, x1]"
}