{
    "name": "Multiplier-4",
    "rational_expression": "511*x1**2/10000 + 14*x1*x2/3125 + 89*x1*x3/20000 - 17*x1*x4/1000 + 219*x1*x5/50000 + 27*x1*x6/6250 + 27*x1*x7/6250 + 437*x1*x8/100000 + 219*x1/10000 + 513*x2**2/10000 + 461*x2*x3/100000 - 183*x2*x4/10000 + 11*x2*x5/2500 + 217*x2*x6/50000 + 433*x2*x7/100000 + 427*x2*x8/100000 + 233*x2/10000 + 101*x3**2/2000 - 103*x3*x4/5000 + 221*x3*x5/50000 + 87*x3*x6/20000 + 217*x3*x7/50000 + 417*x3*x8/100000 + 259*x3/10000 + 13*x4**2/125 - 169*x4*x5/10000 - 159*x4*x6/10000 - 77*x4*x7/5000 - 139*x4*x8/10000 - 151*x4/1000 + 511*x5**2/10000 + 11*x5*x6/2500 + 11*x5*x7/2500 + 87*x5*x8/20000 + 27*x5/1250 + 51*x6**2/1000 + 11*x6*x7/2500 + 109*x6*x8/25000 + 41*x6/2000 + 509*x7**2/10000 + 221*x7*x8/50000 + x7/50 + 507*x8**2/10000 + 181*x8/10000 + 119/1000",
    "Q": "[[0.11934161256549279, 0.009079013863442367, 0.009999367869153137, 0.010275999393938567, 0.010893700534164868, -0.07551585987244604, 0.012990965279569736, 0.011645035943747994, 0.011013934222207006], [0.009079013863442367, 0.05099948807212613, 0.002208336183034842, 0.002198877621410575, 0.0021785012010279805, -0.006928078469915981, 0.0021182291562483577, 0.0021550487409028505, 0.0021746510502472258], [0.009999367869153137, 0.002208336183034842, 0.05093312080717091, 0.0021937605582075265, 0.0021877813572370773, -0.007716196650424223, 0.002176542630360096, 0.0021819094486676812, 0.002186739282618601], [0.010275999393938567, 0.002198877621410575, 0.0021937605582075265, 0.050921648565840014, 0.0021910336051141387, -0.007953415623727665, 0.0021945674159240436, 0.0021904585240052755, 0.002190837659072613], [0.010893700534164868, 0.0021785012010279805, 0.0021877813572370773, 0.0021910336051141387, 0.05091025541202999, -0.008483737295388639, 0.0022356820404557786, 0.0022103736929464804, 0.002200797154908635], [-0.07551585987244604, -0.006928078469915981, -0.007716196650424223, -0.007953415623727665, -0.008483737295388639, 0.1040965749710937, -0.01029411576717261, -0.009130075014022045, -0.008587069191751593], [0.012990965279569736, 0.0021182291562483577, 0.002176542630360096, 0.0021945674159240436, 0.0022356820404557786, -0.01029411576717261, 0.05101959988120668, 0.0022873100883433212, 0.0022438236056865897], [0.011645035943747994, 0.0021550487409028505, 0.0021819094486676812, 0.0021904585240052755, 0.0022103736929464804, -0.009130075014022045, 0.0022873100883433212, 0.05092280591017842, 0.0022143807271699416], [0.011013934222207006, 0.0021746510502472258, 0.002186739282618601, 0.002190837659072613, 0.002200797154908635, -0.008587069191751593, 0.0022438236056865897, 0.0022143807271699416, 0.05091031545316351]]",
    "monomial_list": "[1, x8, x7, x6, x5, x4, x3, x2, x1]"
}