{
    "name": "Multiplier-1",
    "rational_expression": "233*x1**2/1000 - 49*x1*x2/1250 - 397*x1*x3/10000 - 387*x1*x4/10000 - 49*x1*x5/1250 - 199*x1*x6/5000 - 19*x1*x7/500 - 79*x1*x8/2500 - 151*x1/500 + 121*x2**2/1000 + 113*x2*x3/10000 + 119*x2*x4/12500 + 27*x2*x5/2500 + 113*x2*x6/10000 + 51*x2*x7/5000 + 97*x2*x8/10000 + 229*x2/5000 + 3*x3**2/25 + 21*x3*x4/2000 + 109*x3*x5/10000 + 29*x3*x6/2500 + 11*x3*x7/1000 + 19*x3*x8/2000 + 463*x3/10000 + 121*x4**2/1000 + 23*x4*x5/2000 + 61*x4*x6/5000 + 3*x4*x7/250 + 479*x4*x8/50000 + 111*x4/2500 + 3*x5**2/25 + 123*x5*x6/10000 + x5*x7/80 + 481*x5*x8/50000 + 28*x5/625 + 121*x6**2/1000 + x6*x7/80 + 491*x6*x8/50000 + 111*x6/2500 + 121*x7**2/1000 + 483*x7*x8/50000 + 17*x7/400 + 3*x8**2/25 + 49*x8/1250 + 59/250",
    "Q": "[[0.23553964300112148, 0.019466157634094986, 0.021303318424546323, 0.022153486569192634, 0.02229874379614532, 0.022167532617784313, 0.023149201853749534, 0.02291115928411295, -0.15041080630982412], [0.019466157634094986, 0.11972983932476308, 0.004829947452613555, 0.004874735440689098, 0.004776801986476943, 0.004838108075107465, 0.004714944559985724, 0.004875053427814034, -0.015779924967855755], [0.021303318424546323, 0.004829947452613555, 0.12110097217132733, 0.006244437407032133, 0.00627420098573091, 0.006062824119680911, 0.005448781994576741, 0.0051741243566135785, -0.019003873349951354], [0.022153486569192634, 0.004874735440689098, 0.006244437407032133, 0.12087161559445861, 0.006142134019612201, 0.006054100794911106, 0.005791902482185597, 0.005606206692067927, -0.019835249882083628], [0.02229874379614532, 0.004776801986476943, 0.00627420098573091, 0.006142134019612201, 0.12060072685805621, 0.0056910875030674315, 0.005429518835555997, 0.005376703624475629, -0.01957934795041459], [0.022167532617784313, 0.004838108075107465, 0.006062824119680911, 0.006054100794911106, 0.0056910875030674315, 0.120894945678267, 0.005308186979195217, 0.004739577523208364, -0.019345831976271564], [0.023149201853749534, 0.004714944559985724, 0.005448781994576741, 0.005791902482185597, 0.005429518835555997, 0.005308186979195217, 0.12014203135504264, 0.005709129751155377, -0.01982753399668045], [0.02291115928411295, 0.004875053427814034, 0.0051741243566135785, 0.005606206692067927, 0.005376703624475629, 0.004739577523208364, 0.005709129751155377, 0.12029275170898787, -0.019519603533663984], [-0.15041080630982412, -0.015779924967855755, -0.019003873349951354, -0.019835249882083628, -0.01957934795041459, -0.019345831976271564, -0.01982753399668045, -0.019519603533663984, 0.2323270503259427]]",
    "monomial_list": "[1, x8, x7, x6, x5, x4, x3, x2, x1]"
}