{
    "name": "Multiplier-4",
    "rational_expression": "107*x1**2/1000 + 21*x1*x2/2000 + 9*x1*x3/1000 - 291*x1*x4/10000 + 13*x1*x5/1250 + 107*x1*x6/10000 + 11*x1*x7/1000 + 947*x1*x8/100000 + 17*x1/500 + 53*x2**2/500 + 119*x2*x3/12500 - 321*x2*x4/10000 + 109*x2*x5/10000 + 7*x2*x6/625 + 113*x2*x7/10000 + 29*x2*x8/3125 + 23*x2/625 + 21*x3**2/200 - 341*x3*x4/10000 + 977*x3*x5/100000 + 101*x3*x6/10000 + 101*x3*x7/10000 + 83*x3*x8/10000 + 201*x3/5000 + 103*x4**2/500 - 337*x4*x5/10000 - 67*x4*x6/2000 - 81*x4*x7/2500 - 17*x4*x8/625 - 53*x4/200 + 107*x5**2/1000 + 23*x5*x6/2000 + 59*x5*x7/5000 + 459*x5*x8/50000 + 381*x5/10000 + 107*x6**2/1000 + 59*x6*x7/5000 + 187*x6*x8/20000 + 377*x6/10000 + 27*x7**2/250 + 967*x7*x8/100000 + 91*x7/2500 + 53*x8**2/500 + 21*x8/625 + 207/1000",
    "Q": "[[0.20743906236323872, 0.016757530507649793, 0.018304122389553364, 0.01890066489569126, 0.019051611159212445, -0.13292663165849794, 0.020099428832517353, 0.01841801774507086, 0.017095303855933837], [0.016757530507649793, 0.10599061832145858, 0.004827823626493739, 0.0046799769694702825, 0.004585670986021767, -0.013552082108941477, 0.004165934709184463, 0.0046038514582933815, 0.0047626968977855675], [0.018304122389553364, 0.004827823626493739, 0.10739967081703118, 0.005882907668509261, 0.005861872082675596, -0.016299682573649298, 0.004985210660457084, 0.005608924532565329, 0.005571673642887744], [0.01890066489569126, 0.0046799769694702825, 0.005882907668509261, 0.10702846286765594, 0.005811382612285661, -0.01676993243098636, 0.005060092670688707, 0.005578160775794963, 0.005340126726603788], [0.019051611159212445, 0.004585670986021767, 0.005861872082675596, 0.005811382612285661, 0.10687778714889891, -0.016839760132366162, 0.004830153678720084, 0.0054472402628882415, 0.005239954229739112], [-0.13292663165849794, -0.013552082108941477, -0.016299682573649298, -0.01676993243098636, -0.016839760132366162, 0.2054746480515059, -0.017052799931671032, -0.016102887938185522, -0.014636860537860123], [0.020099428832517353, 0.004165934709184463, 0.004985210660457084, 0.005060092670688707, 0.004830153678720084, -0.017052799931671032, 0.10577399447466265, 0.004785391854212789, 0.004552493576681153], [0.01841801774507086, 0.0046038514582933815, 0.005608924532565329, 0.005578160775794963, 0.0054472402628882415, -0.016102887938185522, 0.004785391854212789, 0.10672362883973974, 0.005294429110239254], [0.017095303855933837, 0.0047626968977855675, 0.005571673642887744, 0.005340126726603788, 0.005239954229739112, -0.014636860537860123, 0.004552493576681153, 0.005294429110239254, 0.1068088343249084]]",
    "monomial_list": "[1, x8, x7, x6, x5, x4, x3, x2, x1]"
}