{
    "name": "Multiplier-2",
    "rational_expression": "3*x1**2/25 - 7*x1*x2/200 + 21*x1*x3/2000 + 99*x1*x4/10000 + 7*x1*x5/625 + 23*x1*x6/2000 + 121*x1*x7/10000 + 997*x1*x8/100000 + 83*x1/2000 + 229*x2**2/1000 - 77*x2*x3/2000 - 37*x2*x4/1000 - 189*x2*x5/5000 - 387*x2*x6/10000 - 363*x2*x7/10000 - 61*x2*x8/2000 - 59*x2/200 + 119*x3**2/1000 + 13*x3*x4/1250 + 53*x3*x5/5000 + 113*x3*x6/10000 + 27*x3*x7/2500 + 917*x3*x8/100000 + 461*x3/10000 + 3*x4**2/25 + 59*x4*x5/5000 + x4*x6/80 + 129*x4*x7/10000 + 981*x4*x8/100000 + 53*x4/1250 + 3*x5**2/25 + 8*x5*x6/625 + 139*x5*x7/10000 + 197*x5*x8/20000 + 429*x5/10000 + 3*x6**2/25 + 7*x6*x7/500 + 101*x6*x8/10000 + 217*x6/5000 + 61*x7**2/500 + 21*x7*x8/2000 + 99*x7/2500 + 3*x8**2/25 + 189*x8/5000 + 233/1000",
    "Q": "[[0.23275911090444698, 0.018870928364918212, 0.019881060896181274, 0.021680134925406522, 0.02145374233865505, 0.021183229603102607, 0.023040066977681822, -0.14745043698352026, 0.02074744695065312], [0.018870928364918212, 0.1190968279040252, 0.0052209162421337245, 0.00499703034820512, 0.0048786768238396816, 0.004910370027763465, 0.004586070182184577, -0.015257112049076217, 0.004997316596874509], [0.019881060896181274, 0.0052209162421337245, 0.12191168311121714, 0.007049701574089137, 0.006983981147050671, 0.006524483598246896, 0.00536423966039597, -0.018172989436654265, 0.006086029698860799], [0.021680134925406522, 0.00499703034820512, 0.007049701574089137, 0.12044329912627356, 0.0064763287701305365, 0.006282081400864752, 0.005698374559095008, -0.019372056810323987, 0.005697778016053119], [0.02145374233865505, 0.0048786768238396816, 0.006983981147050671, 0.0064763287701305365, 0.12015025883730335, 0.005847770968356792, 0.005311403490814033, -0.01887737945960529, 0.005620986245735908], [0.021183229603102607, 0.004910370027763465, 0.006524483598246896, 0.006282081400864752, 0.005847770968356792, 0.12041623629287569, 0.005190324466780762, -0.018557447206638555, 0.0050029351991701726], [0.023040066977681822, 0.004586070182184577, 0.00536423966039597, 0.005698374559095008, 0.005311403490814033, 0.005190324466780762, 0.11909286976907857, -0.019296881351442193, 0.005237902366332201], [-0.14745043698352026, -0.015257112049076217, -0.018172989436654265, -0.019372056810323987, -0.01887737945960529, -0.018557447206638555, -0.019296881351442193, 0.22847794428198323, -0.017582408271673348], [0.02074744695065312, 0.004997316596874509, 0.006086029698860799, 0.005697778016053119, 0.005620986245735908, 0.0050029351991701726, 0.005237902366332201, -0.017582408271673348, 0.11953007507655251]]",
    "monomial_list": "[1, x8, x7, x6, x5, x4, x3, x2, x1]"
}