{
    "name": "Multiplier-5",
    "rational_expression": "119*x1**2/1000 + 113*x1*x2/10000 + 27*x1*x3/2500 + 957*x1*x4/100000 - 22*x1*x5/625 + 11*x1*x6/1000 + 111*x1*x7/10000 + 101*x1*x8/10000 + 103*x1/2500 + 3*x2**2/25 + 23*x2*x3/2000 + 937*x2*x4/100000 - 3*x2*x5/80 + 7*x2*x6/625 + 13*x2*x7/1250 + 101*x2*x8/10000 + 11*x2/250 + 3*x3**2/25 + 13*x3*x4/1250 - 387*x3*x5/10000 + 23*x3*x6/2000 + 27*x3*x7/2500 + 953*x3*x8/100000 + 227*x3/5000 + 3*x4**2/25 - 387*x4*x5/10000 + 29*x4*x6/2500 + 59*x4*x7/5000 + 957*x4*x8/100000 + 459*x4/10000 + 229*x5**2/1000 - 99*x5*x6/2500 - 191*x5*x7/5000 - 303*x5*x8/10000 - 297*x5/1000 + 119*x6**2/1000 + 3*x6*x7/250 + 977*x6*x8/100000 + 227*x6/5000 + 3*x7**2/25 + 193*x7*x8/20000 + 11*x7/250 + 119*x8**2/1000 + 187*x8/5000 + 117/500",
    "Q": "[[0.2343591247230676, 0.01873521329202477, 0.022044086085240343, 0.022765727879665427, -0.1485133962861562, 0.02300950991695365, 0.022753615910329726, 0.022048145786091548, 0.020698045670170195], [0.01873521329202477, 0.11920787215887822, 0.0048423140535323456, 0.004859406197696975, -0.015206360076099866, 0.004733238315406697, 0.004749320778485553, 0.005000430676108933, 0.005034524112149086], [0.022044086085240343, 0.0048423140535323456, 0.12001260636819584, 0.006038950128286966, -0.019086500629274267, 0.005859481805641461, 0.005451639559721641, 0.005234113160680848, 0.00554023345852124], [0.022765727879665427, 0.004859406197696975, 0.006038950128286966, 0.11979971148350282, -0.01986306433421947, 0.005886016522547879, 0.005797910179143465, 0.005650360965060847, 0.005461710319862134], [-0.1485133962861562, -0.015206360076099866, -0.019086500629274267, -0.01986306433421947, 0.22840138272839453, -0.019389993455553964, -0.01929815204364683, -0.018807410581839486, -0.017587915060496107], [0.02300950991695365, 0.004733238315406697, 0.005859481805641461, 0.005886016522547879, -0.019389993455553964, 0.11997002740395922, 0.005292916824826286, 0.004674379643792273, 0.004819258536138184], [0.022753615910329726, 0.004749320778485553, 0.005451639559721641, 0.005797910179143465, -0.01929815204364683, 0.005292916824826286, 0.11943716124814349, 0.005748679894460033, 0.005383612961686901], [0.022048145786091548, 0.005000430676108933, 0.005234113160680848, 0.005650360965060847, -0.018807410581839486, 0.004674379643792273, 0.005748679894460033, 0.11975614854936785, 0.005657334922068496], [0.020698045670170195, 0.005034524112149086, 0.00554023345852124, 0.005461710319862134, -0.017587915060496107, 0.004819258536138184, 0.005383612961686901, 0.005657334922068496, 0.11956066433294192]]",
    "monomial_list": "[1, x8, x7, x6, x5, x4, x3, x2, x1]"
}