{
    "name": "Multiplier-3",
    "rational_expression": "121*x1**2/1000 + 29*x1*x2/2500 - 343*x1*x3/10000 + 103*x1*x4/10000 + 61*x1*x5/5000 + 31*x1*x6/2500 + 17*x1*x7/1250 + 109*x1*x8/10000 + 401*x1/10000 + 3*x2**2/25 - 47*x2*x3/1250 + 233*x2*x4/25000 + 7*x2*x5/625 + 117*x2*x6/10000 + 11*x2*x7/1000 + 101*x2*x8/10000 + 28*x2/625 + 231*x3**2/1000 - 189*x3*x4/5000 - 187*x3*x5/5000 - 193*x3*x6/5000 - 9*x3*x7/250 - 37*x3*x8/1250 - 151*x3/500 + 121*x4**2/1000 + 117*x4*x5/10000 + x4*x6/80 + 129*x4*x7/10000 + 979*x4*x8/100000 + 111*x4/2500 + 3*x5**2/25 + 17*x5*x6/1250 + 149*x5*x7/10000 + 103*x5*x8/10000 + 17*x5/400 + 3*x6**2/25 + 3*x6*x7/200 + 107*x6*x8/10000 + 217*x6/5000 + 123*x7**2/1000 + 113*x7*x8/10000 + 99*x7/2500 + 119*x8**2/1000 + 91*x8/2500 + 59/250",
    "Q": "[[0.23648926563083789, 0.018231809814179663, 0.01992588767898464, 0.021756224093276353, 0.021279683954371374, 0.022130595561466834, -0.1510344458573733, 0.02235631609189563, 0.020065740494873096], [0.018231809814179663, 0.11963516897137277, 0.005678878443571909, 0.005339510349240394, 0.005219523732982724, 0.0049543344117822284, -0.014869714492575518, 0.005058420325251157, 0.005436463976790681], [0.01992588767898464, 0.005678878443571909, 0.12260222553362221, 0.0075112403105932765, 0.007464285010669617, 0.006436370761412697, -0.01804985589646316, 0.005504722019081304, 0.0067218063557383315], [0.021756224093276353, 0.005339510349240394, 0.0075112403105932765, 0.12085932819550518, 0.006847691724901665, 0.006273735831890023, -0.019303721849814978, 0.0058214129931288775, 0.006163354055791415], [0.021279683954371374, 0.005219523732982724, 0.007464285010669617, 0.006847691724901665, 0.12065107375592789, 0.00590225087206462, -0.018673746066662396, 0.00556405048706743, 0.006072863051569719], [0.022130595561466834, 0.0049543344117822284, 0.006436370761412697, 0.006273735831890023, 0.00590225087206462, 0.1203615138631397, -0.018849012260279845, 0.00470086739347425, 0.005064154999602475], [-0.1510344458573733, -0.014869714492575518, -0.01804985589646316, -0.019303721849814978, -0.018673746066662396, -0.018849012260279845, 0.23111718530332126, -0.018785043976639874, -0.017190065518693492], [0.02235631609189563, 0.005058420325251157, 0.005504722019081304, 0.0058214129931288775, 0.00556405048706743, 0.00470086739347425, -0.018785043976639874, 0.11976470535694858, 0.00579894370862748], [0.020065740494873096, 0.005436463976790681, 0.0067218063557383315, 0.006163354055791415, 0.006072863051569719, 0.005064154999602475, -0.017190065518693492, 0.00579894370862748, 0.12026600467385397]]",
    "monomial_list": "[1, x8, x7, x6, x5, x4, x3, x2, x1]"
}