{
    "name": "Multiplier-2",
    "rational_expression": "54533*x1**2/1000 + 7657*x1*x10/50000 + 3823*x1*x11/25000 + 14907*x1*x12/100000 + 15443*x1*x13/100000 - 51729*x1*x2/100000 + 1451*x1*x3/10000 + 14667*x1*x4/100000 + 2863*x1*x5/20000 + 7317*x1*x6/50000 + 591*x1*x7/4000 + 713*x1*x8/5000 + 1821*x1*x9/12500 - 16199*x1/10000 + 6832*x10**2/125 + 18237*x10*x11/100000 + 8791*x10*x12/50000 + 59*x10*x13/200 - 40979*x10*x2/50000 + 27969*x10*x3/100000 + 28223*x10*x4/100000 + 16633*x10*x5/100000 + 3521*x10*x6/12500 + 28409*x10*x7/100000 + 13761*x10*x8/50000 + 14019*x10*x9/50000 - 3427*x10/1250 + 10931*x11**2/200 + 17571*x11*x12/100000 + 14739*x11*x13/50000 - 10231*x11*x2/12500 + 13979*x11*x3/50000 + 28201*x11*x4/100000 + 8311*x11*x5/50000 + 14073*x11*x6/50000 + 14193*x11*x7/50000 + 8261*x11*x8/50000 + 14019*x11*x9/50000 - 3427*x11/1250 + 13659*x12**2/250 + 2229*x12*x13/12500 - 42163*x12*x2/50000 + 512*x12*x3/3125 + 1039*x12*x4/6250 + 16101*x12*x5/100000 + 16591*x12*x6/100000 + 2781*x12*x7/10000 + 16023*x12*x8/100000 + 5497*x12*x9/20000 - 12453*x12/5000 + 54669*x13**2/1000 - 80659*x13*x2/100000 + 14121*x13*x3/50000 + 14257*x13*x4/50000 + 1743*x13*x5/6250 + 28447*x13*x6/100000 + 14347*x13*x7/50000 + 13889*x13*x8/50000 + 28317*x13*x9/100000 - 28671*x13/10000 + 69861*x2**2/1000 - 81121*x2*x3/100000 - 39811*x2*x4/50000 - 41011*x2*x5/50000 - 79291*x2*x6/100000 - 67041*x2*x7/100000 - 81493*x2*x8/100000 - 9833*x2*x9/12500 - 2791*x2/200 + 27323*x3**2/500 + 3491*x3*x4/12500 + 4093*x3*x5/25000 + 27873*x3*x6/100000 + 5619*x3*x7/20000 + 16273*x3*x8/100000 + 6941*x3*x9/25000 - 26161*x3/10000 + 6832*x4**2/125 + 16633*x4*x5/100000 + 3521*x4*x6/12500 + 28409*x4*x7/100000 + 13761*x4*x8/50000 + 14019*x4*x9/50000 - 3427*x4/1250 + 54639*x5**2/1000 + 27593*x5*x6/100000 + 2781*x5*x7/10000 + 16023*x5*x8/100000 + 5497*x5*x9/20000 - 12453*x5/5000 + 6832*x6**2/125 + 28409*x6*x7/100000 + 13761*x6*x8/50000 + 14019*x6*x9/50000 - 3427*x6/1250 + 6834*x7**2/125 + 13889*x7*x8/50000 + 28317*x7*x9/100000 - 28671*x7/10000 + 27319*x8**2/500 + 5497*x8*x9/20000 - 12453*x8/5000 + 54661*x9**2/1000 - 3427*x9/1250 + 623/10",
    "Q": "[[62.30037295704749, -1.3871755361887268, -1.2636048823965098, -1.432119474667475, -1.3508499542754417, -1.2693510406965025, -1.3516983406714609, -1.3026289000705846, -7.005632268556491, -1.4052448075365496, -1.2492891303085523, -1.3400498306777284, -1.3495015591731785, -0.8371427801953294], [-1.3871755361887268, 54.662330103337396, 0.11155800149342944, 0.12345617003043755, 0.11759033272607541, 0.11194935017742641, 0.11765143181149468, 0.1142204262713847, -0.3723040246130262, 0.1215615788717519, 0.11059283824752018, 0.11681674727729224, 0.11749332159977031, 0.07461480132044009], [-1.2636048823965098, 0.11155800149342944, 54.63869290414473, 0.11400870110489537, 0.10956503623397183, 0.10540930918252528, 0.10961090165751702, 0.10706510246382253, -0.410273640053719, 0.11255232970226164, 0.10441629302013326, 0.10898565621377528, 0.10949223979981224, 0.0696457877210958], [-1.432119474667475, 0.12345617003043755, 0.11400870110489537, 54.67200350588485, 0.1205818572381404, 0.114436248882383, 0.12064806179928728, 0.11691798385910956, -0.3584981195899542, 0.12488432443174771, 0.1129539971784274, 0.11974347329976313, 0.12047673719148093, 0.07642602015632752], [-1.3508499542754417, 0.11759033272607541, 0.10956503623397183, 0.1205818572381404, 54.65481595060208, 0.10992474720614089, 0.11518774746391608, 0.11201349461781954, -0.38351686777635485, 0.11881475968109911, 0.10867784818266432, 0.11441342940200591, 0.11504104831020547, 0.07309336328910726], [-1.2693510406965025, 0.11194935017742641, 0.10540930918252528, 0.114436248882383, 0.10992474720614089, 54.63968210400604, 0.1099713465319065, 0.10738334356573838, -0.4085126222755927, 0.11295929350449385, 0.10469118005219993, 0.10933601325167358, 0.10985078415885942, 0.06987277356654277], [-1.3516983406714609, 0.11765143181149468, 0.10961090165751702, 0.12064806179928728, 0.11518774746391608, 0.1099713465319065, 54.65498586352473, 0.11206433221082983, -0.38325568362525486, 0.11887803866168092, 0.10872190851738191, 0.1144688346647249, 0.11509757799915213, 0.07312809863791032], [-1.3026289000705846, 0.1142204262713847, 0.10706510246382253, 0.11691798385910956, 0.11201349461781954, 0.10738334356573838, 0.11206433221082983, 54.64561425173873, -0.39830550161102235, 0.11532041212789165, 0.10627966066159557, 0.11137068466827338, 0.11193279284000363, 0.07117908515796172], [-7.005632268556491, -0.3723040246130262, -0.410273640053719, -0.3584981195899542, -0.38351686777635485, -0.4085126222755927, -0.38325568362525486, -0.39830550161102235, 69.8661133967675, -0.36672861959678604, -0.41464993279565626, -0.38683727111592403, -0.38393188480643053, -0.2644780129251884], [-1.4052448075365496, 0.1215615788717519, 0.11255232970226164, 0.12488432443174771, 0.11881475968109911, 0.11295929350449385, 0.11887803866168092, 0.11532041212789165, -0.36672861959678604, 54.666257456803244, 0.11154855145429599, 0.11801351419506059, 0.11871428623593225, 0.07536770780440263], [-1.2492891303085523, 0.11059283824752018, 0.10441629302013326, 0.1129539971784274, 0.10867784818266432, 0.10469118005219993, 0.10872190851738191, 0.10627966066159557, -0.41464993279565626, 0.11154855145429599, 54.63629273312497, 0.10812144828483043, 0.10860792053838084, 0.06909127641507075], [-1.3400498306777284, 0.11681674727729224, 0.10898565621377528, 0.11974347329976313, 0.11441342940200591, 0.10933601325167358, 0.1144688346647249, 0.11137068466827338, -0.38683727111592403, 0.11801351419506059, 0.10812144828483043, 54.65267482460052, 0.11432546222932903, 0.07265389521181341], [-1.3495015591731785, 0.11749332159977031, 0.10949223979981224, 0.12047673719148093, 0.11504104831020547, 0.10985078415885942, 0.11509757799915213, 0.11193279284000363, -0.38393188480643053, 0.11871428623593225, 0.10860792053838084, 0.11432546222932903, 54.65454641698306, 0.07303822155967621], [-0.8371427801953294, 0.07461480132044009, 0.0696457877210958, 0.07642602015632752, 0.07309336328910726, 0.06987277356654277, 0.07312809863791032, 0.07117908515796172, -0.2644780129251884, 0.07536770780440263, 0.06909127641507075, 0.07265389521181341, 0.07303822155967621, 54.53413975555964]]",
    "monomial_list": "[1, x9, x8, x7, x6, x5, x4, x3, x2, x13, x12, x11, x10, x1]"
}