{
    "name": "Multiplier-6",
    "rational_expression": "119*x1**2/1000 + 3*x1*x2/250 + 7*x1*x3/625 + 51*x1*x4/5000 + 29*x1*x5/2500 - 337*x1*x6/10000 + 119*x1*x7/10000 + 107*x1*x8/10000 + 401*x1/10000 + 3*x2**2/25 + 3*x2*x3/250 + 101*x2*x4/10000 + 23*x2*x5/2000 - 369*x2*x6/10000 + 7*x2*x7/625 + 21*x2*x8/2000 + 439*x2/10000 + 3*x3**2/25 + 7*x3*x4/625 + 57*x3*x5/5000 - 383*x3*x6/10000 + 29*x3*x7/2500 + 497*x3*x8/50000 + 229*x3/5000 + 3*x4**2/25 + 117*x4*x5/10000 - 24*x4*x6/625 + 31*x4*x7/2500 + 499*x4*x8/50000 + 463*x4/10000 + 3*x5**2/25 - 381*x5*x6/10000 + 13*x5*x7/1000 + 103*x5*x8/10000 + 28*x5/625 + 229*x6**2/1000 - 73*x6*x7/2000 - 59*x6*x8/2000 - 299*x6/1000 + 3*x7**2/25 + 53*x7*x8/5000 + 17*x7/400 + 119*x8**2/1000 + 23*x8/625 + 59/250",
    "Q": "[[0.2356103380604143, 0.018290241792821276, 0.0211431121326728, -0.14932949515021987, 0.022289867386628196, 0.02305831589744582, 0.02288694603564319, 0.021902011816110317, 0.020072304674607903], [0.018290241792821276, 0.11938491497596244, 0.005253407135888531, -0.01460903885737691, 0.005131235547818703, 0.005012857914923036, 0.00501829674451955, 0.005294082430994431, 0.005388574263738717], [0.0211431121326728, 0.005253407135888531, 0.12035409828784019, -0.018187373944744317, 0.0065128175632231744, 0.006177371412105898, 0.005789807858142885, 0.005631938749075841, 0.00596657214163051], [-0.14932949515021987, -0.01460903885737691, -0.018187373944744317, 0.22866284701821482, -0.01890739571790016, -0.019181939605764666, -0.019122960464152957, -0.018418169510456536, -0.016853102349799472], [0.022289867386628196, 0.005131235547818703, 0.0065128175632231744, -0.01890739571790016, 0.11992941103584746, 0.00591093320814514, 0.005764026038694633, 0.005764035605365956, 0.005816782065722126], [0.02305831589744582, 0.005012857914923036, 0.006177371412105898, -0.019181939605764666, 0.00591093320814514, 0.120036111830356, 0.005600893820416308, 0.0050346081829786785, 0.005166885406639539], [0.02288694603564319, 0.00501829674451955, 0.005789807858142885, -0.019122960464152957, 0.005764026038694633, 0.005600893820416308, 0.11954425284822852, 0.006015613322381927, 0.005675668519969357], [0.021902011816110317, 0.005294082430994431, 0.005631938749075841, -0.018418169510456536, 0.005764035605365956, 0.0050346081829786785, 0.006015613322381927, 0.11987345539500847, 0.005972554251963501], [0.020072304674607903, 0.005388574263738717, 0.00596657214163051, -0.016853102349799472, 0.005816782065722126, 0.005166885406639539, 0.005675668519969357, 0.005972554251963501, 0.1198528029885847]]",
    "monomial_list": "[1, x8, x7, x6, x5, x4, x3, x2, x1]"
}