{
    "name": "Multiplier-3",
    "rational_expression": "53*x1**2/500 + 97*x1*x2/10000 - 3*x1*x3/100 + 811*x1*x4/100000 + 957*x1*x5/100000 + 61*x1*x6/6250 + 51*x1*x7/5000 + 89*x1*x8/10000 + 359*x1/10000 + 53*x2**2/500 - 167*x2*x3/5000 + 411*x2*x4/50000 + 101*x2*x5/10000 + 103*x2*x6/10000 + 51*x2*x7/5000 + 171*x2*x8/20000 + 393*x2/10000 + 103*x3**2/500 - 327*x3*x4/10000 - 43*x3*x5/1250 - 17*x3*x6/500 - 333*x3*x7/10000 - 271*x3*x8/10000 - 34*x3/125 + 53*x4**2/500 + 879*x4*x5/100000 + 23*x4*x6/2500 + 9*x4*x7/1000 + 51*x4*x8/6250 + 397*x4/10000 + 53*x5**2/500 + 107*x5*x6/10000 + 109*x5*x7/10000 + 879*x5*x8/100000 + 397*x5/10000 + 53*x6**2/500 + 107*x6*x7/10000 + 897*x6*x8/100000 + 393*x6/10000 + 107*x7**2/1000 + 91*x7*x8/10000 + 24*x7/625 + 21*x8**2/200 + 337*x8/10000 + 211/1000",
    "Q": "[[0.21073647929180786, 0.016923201859513386, 0.01918167722293424, 0.01969190125604819, 0.019910553621712096, 0.019821445386662872, -0.1358077149309771, 0.019593884611568493, 0.017927027527572255], [0.016923201859513386, 0.10579215740712676, 0.004565238343847843, 0.004453879594951645, 0.004377294862166026, 0.004110019283069277, -0.013591703641730447, 0.004309629597677363, 0.0045033341664067845], [0.01918167722293424, 0.004565238343847843, 0.10662856229643453, 0.005385388640629674, 0.005419758574914082, 0.004511214166177617, -0.016659973027794414, 0.005077619481399547, 0.005046525606719563], [0.01969190125604819, 0.004453879594951645, 0.005385388640629674, 0.10641062356319526, 0.005421654131012802, 0.004645379241420234, -0.017123594893075626, 0.005105398369390596, 0.0048859086408241425], [0.019910553621712096, 0.004377294862166026, 0.005419758574914082, 0.005421654131012802, 0.10637069045944382, 0.004382518797887995, -0.017223771586200153, 0.005057174482514109, 0.004843872087955648], [0.019821445386662872, 0.004110019283069277, 0.004511214166177617, 0.004645379241420234, 0.004382518797887995, 0.10577343190452383, -0.016359079298600837, 0.004082528907198114, 0.004073039779145541], [-0.1358077149309771, -0.013591703641730447, -0.016659973027794414, -0.017123594893075626, -0.017223771586200153, -0.016359079298600837, 0.20650775160179705, -0.01665375557176642, -0.01496910527138301], [0.019593884611568493, 0.004309629597677363, 0.005077619481399547, 0.005105398369390596, 0.005057174482514109, 0.004082528907198114, -0.01665375557176642, 0.10601289142760792, 0.00480247350934213], [0.017927027527572255, 0.0045033341664067845, 0.005046525606719563, 0.0048859086408241425, 0.004843872087955648, 0.004073039779145541, -0.01496910527138301, 0.00480247350934213, 0.1061226150577786]]",
    "monomial_list": "[1, x8, x7, x6, x5, x4, x3, x2, x1]"
}