{
    "name": "Multiplier-7",
    "rational_expression": "53*x1**2/500 + 117*x1*x2/12500 + 901*x1*x3/100000 + 847*x1*x4/100000 + 187*x1*x5/20000 + 929*x1*x6/100000 - 59*x1*x7/2000 + 869*x1*x8/100000 + 359*x1/10000 + 53*x2**2/500 + 191*x2*x3/20000 + 419*x2*x4/50000 + 989*x2*x5/100000 + x2*x6/100 - 41*x2*x7/1250 + 851*x2*x8/100000 + 97*x2/2500 + 53*x3**2/500 + 919*x3*x4/100000 + 967*x3*x5/100000 + x3*x6/100 - 173*x3*x7/5000 + 413*x3*x8/50000 + 41*x3/1000 + 53*x4**2/500 + 451*x4*x5/50000 + 957*x4*x6/100000 - 321*x4*x7/10000 + 83*x4*x8/10000 + 97*x4/2500 + 53*x5**2/500 + 13*x5*x6/1250 - 343*x5*x7/10000 + 21*x5*x8/2500 + 401*x5/10000 + 53*x6**2/500 - 67*x6*x7/2000 + 109*x6*x8/12500 + 97*x6/2500 + 207*x7**2/1000 - 67*x7*x8/2500 - 34*x7/125 + 21*x8**2/200 + 337*x8/10000 + 211/1000",
    "Q": "[[0.2108122354757025, 0.016810936615097097, -0.13591838779775497, 0.019321656974085732, 0.020107432918693203, 0.01934387246702959, 0.020346837588424538, 0.019499562456827633, 0.01792706575370916], [0.016810936615097097, 0.10577488928469549, -0.013326684828884112, 0.004352105157660538, 0.004263444293700926, 0.004198184772832023, 0.004178004933140519, 0.004270017819026526, 0.0043244913593357675], [-0.13591838779775497, -0.013326684828884112, 0.20718115578254048, -0.016655069807163345, -0.017203477666344037, -0.01604960078943152, -0.01720199154885291, -0.016461967332493412, -0.01474567102839048], [0.019321656974085732, 0.004352105157660538, -0.016655069807163345, 0.10636515616960296, 0.005202314722307356, 0.004731962085592201, 0.004973689839069557, 0.005009518101274904, 0.004692074451703957], [0.020107432918693203, 0.004263444293700926, -0.017203477666344037, 0.005202314722307356, 0.10622155562584042, 0.004471940710067578, 0.004793991513689247, 0.004956673670727056, 0.004650299653678242], [0.01934387246702959, 0.004198184772832023, -0.01604960078943152, 0.004731962085592201, 0.004471940710067578, 0.10603752302733678, 0.0046261609699361755, 0.0042327536210611015, 0.004183603641662274], [0.020346837588424538, 0.004178004933140519, -0.01720199154885291, 0.004973689839069557, 0.004793991513689247, 0.0046261609699361755, 0.10592815578169411, 0.004731438931568067, 0.004480808793551826], [0.019499562456827633, 0.004270017819026526, -0.016461967332493412, 0.005009518101274904, 0.004956673670727056, 0.0042327536210611015, 0.004731438931568067, 0.1060951369583195, 0.004682711867614627], [0.01792706575370916, 0.0043244913593357675, -0.01474567102839048, 0.004692074451703957, 0.004650299653678242, 0.004183603641662274, 0.004480808793551826, 0.004682711867614627, 0.10596177635258211]]",
    "monomial_list": "[1, x8, x7, x6, x5, x4, x3, x2, x1]"
}