{
    "name": "Multiplier-7",
    "rational_expression": "54519*x1**2/1000 + 27847*x1*x10/1000000 + 27847*x1*x11/1000000 + 3327*x1*x12/125000 + 29049*x1*x13/1000000 + 27847*x1*x2/1000000 + 3327*x1*x3/125000 + 27847*x1*x4/1000000 + 3327*x1*x5/125000 + 27847*x1*x6/1000000 - 34913*x1*x7/50000 + 959*x1*x8/50000 + 20411*x1*x9/1000000 - 6*x1/5 + 13651*x10**2/250 + 11559*x10*x11/250000 + 1767*x10*x12/40000 + 48297*x10*x13/1000000 + 11559*x10*x2/250000 + 1767*x10*x3/40000 + 11559*x10*x4/250000 + 1767*x10*x5/40000 + 11559*x10*x6/250000 - 10327*x10*x7/10000 + 3567*x10*x8/25000 + 2893*x10*x9/20000 - 2041*x10/1000 + 13651*x11**2/250 + 1767*x11*x12/40000 + 48297*x11*x13/1000000 + 11559*x11*x2/250000 + 1767*x11*x3/40000 + 11559*x11*x4/250000 + 1767*x11*x5/40000 + 11559*x11*x6/250000 - 10327*x11*x7/10000 + 3567*x11*x8/25000 + 2893*x11*x9/20000 - 2041*x11/1000 + 10919*x12**2/200 + 46121*x12*x13/1000000 + 1767*x12*x2/40000 + 10557*x12*x3/250000 + 1767*x12*x4/40000 + 10557*x12*x5/250000 + 1767*x12*x6/40000 - 2091*x12*x7/2000 + 14073*x12*x8/100000 + 14259*x12*x9/100000 - 19201*x12/10000 + 54611*x13**2/1000 + 48297*x13*x2/1000000 + 46121*x13*x3/1000000 + 48297*x13*x4/1000000 + 46121*x13*x5/1000000 + 48297*x13*x6/1000000 - 10199*x13*x7/10000 + 14463*x13*x8/100000 + 14671*x13*x9/100000 - 21619*x13/10000 + 13651*x2**2/250 + 1767*x2*x3/40000 + 11559*x2*x4/250000 + 1767*x2*x5/40000 + 11559*x2*x6/250000 - 10327*x2*x7/10000 + 3567*x2*x8/25000 + 2893*x2*x9/20000 - 2041*x2/1000 + 54599*x3**2/1000 + 1767*x3*x4/40000 + 10557*x3*x5/250000 + 1767*x3*x6/40000 - 2091*x3*x7/2000 + 14073*x3*x8/100000 + 14259*x3*x9/100000 - 19201*x3/10000 + 10921*x4**2/200 + 1767*x4*x5/40000 + 11559*x4*x6/250000 - 10327*x4*x7/10000 + 3567*x4*x8/25000 + 2893*x4*x9/20000 - 2041*x4/1000 + 54597*x5**2/1000 + 1767*x5*x6/40000 - 2091*x5*x7/2000 + 14073*x5*x8/100000 + 14259*x5*x9/100000 - 19201*x5/10000 + 13651*x6**2/250 - 10327*x6*x7/10000 + 3567*x6*x8/25000 + 2893*x6*x9/20000 - 2041*x6/1000 + 69691*x7**2/1000 - 99863*x7*x8/100000 - 98479*x7*x9/100000 - 1591*x7/125 + 13649*x8**2/250 + 14259*x8*x9/100000 - 19201*x8/10000 + 54607*x9**2/1000 - 2041*x9/1000 + 12007/200",
    "Q": "[[60.03466831246277, -1.044014167760271, -0.9457849917592271, -6.383585715075673, -1.015542621046198, -0.9504277151811172, -1.0162114159353985, -0.9772276611195946, -1.012453298431048, -1.0579753718492841, -0.934203879488914, -1.0070163364570945, -1.0144793775344503, -0.6293425507805956], [-1.044014167760271, 54.60802659759411, 0.04712446577476917, -0.48736949561976073, 0.04912239372427969, 0.0472450440134228, 0.04914363375773773, 0.047966572949537885, 0.049024606049968986, 0.05049539309188897, 0.04682690130488183, 0.04885385680581694, 0.04908867774183876, 0.030858280124290666], [-0.9457849917592271, 0.04712446577476917, 54.59574030663646, -0.5179135945203767, 0.04670263220967526, 0.04594050821063517, 0.04671221005676654, 0.04621261860727329, 0.04665870797957205, 0.04732858343431441, 0.045794877886563515, 0.04658286602898318, 0.046687454384063895, 0.029614097456049523], [-6.383585715075673, -0.48736949561976073, -0.5179135945203767, 69.69487784882224, -0.49639287869249404, -0.5164954100320576, -0.4961825633631723, -0.5082988280495014, -0.49736372112197225, -0.482913030426144, -0.5214535494560212, -0.4990693088061536, -0.496727133911877, -0.3348194433600924], [-1.015542621046198, 0.04912239372427969, 0.04670263220967526, -0.49639287869249404, 54.60398127405302, 0.046799849618325055, 0.04836500847732711, 0.04738692335971645, 0.048265293187937534, 0.04949419924856427, 0.046463654789631326, 0.0481224105112081, 0.048318958774224825, 0.030445284037423616], [-0.9504277151811172, 0.0472450440134228, 0.04594050821063517, -0.5164954100320576, 0.046799849618325055, 54.5962311701706, 0.0468099653489003, 0.04627983422427965, 0.0467534474163066, 0.04746048972900867, 0.045828658888229235, 0.04667327089080019, 0.046783817725929065, 0.029665949999180277], [-1.0162114159353985, 0.04914363375773773, 0.04671221005676654, -0.4961825633631723, 0.04836500847732711, 0.0468099653489003, 54.604071823366795, 0.04740015640277464, 0.048282728418524275, 0.049517108334213696, 0.046471884392791665, 0.04813920535338854, 0.04833663302146339, 0.03045439688434212], [-0.9772276611195946, 0.047966572949537885, 0.04621261860727329, -0.5082988280495014, 0.04738692335971645, 0.04627983422427965, 0.04740015640277464, 54.59917695466699, 0.04732615233196465, 0.048245885136344445, 0.046048748311604236, 0.0472208061412216, 0.04736594050221696, 0.029964191296468493], [-1.012453298431048, 0.049024606049968986, 0.04665870797957205, -0.49736372112197225, 0.048265293187937534, 0.0467534474163066, 0.048282728418524275, 0.04732615233196465, 54.60356533318589, 0.04938871625253496, 0.046425942983319785, 0.04804513352433083, 0.048237622544022085, 0.030403362536257295], [-1.0579753718492841, 0.05049539309188897, 0.04732858343431441, -0.482913030426144, 0.04949419924856427, 0.04746048972900867, 0.049517108334213696, 0.048245885136344445, 0.04938871625253496, 54.61024012770641, 0.04700251418919401, 0.04920446823822099, 0.049457832315581464, 0.031053842338868393], [-0.934203879488914, 0.04682690130488183, 0.045794877886563515, -0.5214535494560212, 0.046463654789631326, 0.045828658888229235, 0.046471884392791665, 0.046048748311604236, 0.046425942983319785, 0.04700251418919401, 54.594545785137655, 0.04636097134677626, 0.046450617939268586, 0.02948619880324251], [-1.0070163364570945, 0.04885385680581694, 0.04658286602898318, -0.4990693088061536, 0.0481224105112081, 0.04667327089080019, 0.04813920535338854, 0.0472208061412216, 0.04804513352433083, 0.04920446823822099, 0.04636097134677626, 54.60284312598624, 0.0480957575942892, 0.030330332835915633], [-1.0144793775344503, 0.04908867774183876, 0.046687454384063895, -0.496727133911877, 0.048318958774224825, 0.046783817725929065, 0.04833663302146339, 0.04736594050221696, 0.048237622544022085, 0.049457832315581464, 0.046450617939268586, 0.0480957575942892, 54.60383768618718, 0.030430823952294624], [-0.6293425507805956, 0.030858280124290666, 0.029614097456049523, -0.3348194433600924, 0.030445284037423616, 0.029665949999180277, 0.03045439688434212, 0.029964191296468493, 0.030403362536257295, 0.031053842338868393, 0.02948619880324251, 0.030330332835915633, 0.030430823952294624, 54.520203714624884]]",
    "monomial_list": "[1, x9, x8, x7, x6, x5, x4, x3, x2, x13, x12, x11, x10, x1]"
}