{
    "name": "Multiplier-5",
    "rational_expression": "32*x1**2/625 + 27*x1*x2/6250 + 433*x1*x3/100000 + 219*x1*x4/50000 - 181*x1*x5/10000 + 21*x1*x6/5000 + 421*x1*x7/100000 + 211*x1*x8/50000 + 231*x1/10000 + 513*x2**2/10000 + 447*x2*x3/100000 + 221*x2*x4/50000 - 12*x2*x5/625 + 421*x2*x6/100000 + 421*x2*x7/100000 + 411*x2*x8/100000 + 243*x2/10000 + 103*x3**2/2000 + 459*x3*x4/100000 - 107*x3*x5/5000 + 421*x3*x6/100000 + 211*x3*x7/50000 + 41*x3*x8/10000 + 267*x3/10000 + 103*x4**2/2000 - 53*x4*x5/2500 + 419*x4*x6/100000 + 21*x4*x7/5000 + 51*x4*x8/12500 + 33*x4/1250 + 107*x5**2/1000 - 167*x5*x6/10000 - 41*x5*x7/2500 - 73*x5*x8/5000 - 77*x5/500 + 51*x6**2/1000 + 209*x6*x7/50000 + 21*x6*x8/5000 + 27*x6/1250 + 509*x7**2/10000 + 13*x7*x8/3125 + 53*x7/2500 + 259*x8**2/5000 + 193*x8/10000 + 119/1000",
    "Q": "[[0.11879599190675878, 0.009653328711547537, 0.010523054032104793, 0.010784627375057438, -0.07692169741033571, 0.013192187494862914, 0.013358881834491035, 0.01208050121907863, 0.011482824159915372], [0.009653328711547537, 0.05136649612512796, 0.0020931644565820684, 0.002087631621915879, -0.007324655309938528, 0.0020447696783726975, 0.0020423905075527774, 0.002062520571675715, 0.0020736345861751453], [0.010523054032104793, 0.0020931644565820684, 0.05132083492118092, 0.0020927033418055175, -0.008125829923207213, 0.0021026277103239365, 0.0021039281744910624, 0.002095957395700882, 0.002093953148500379], [0.010784627375057438, 0.002087631621915879, 0.0020927033418055175, 0.05131453123510337, -0.00836713224737842, 0.002120440536365692, 0.002122851855826149, 0.0021063983728271743, 0.002100433947139765], [-0.07692169741033571, -0.007324655309938528, -0.008125829923207213, -0.00836713224737842, 0.10738010220140694, -0.01059847624711253, -0.010753858364403162, -0.009565313327377471, -0.00901209692384366], [0.013192187494862914, 0.0020447696783726975, 0.0021026277103239365, 0.002120440536365692, -0.01059847624711253, 0.0514215054839074, 0.0023067873704378963, 0.0022116524158987965, 0.0021689709226011007], [0.013358881834491035, 0.0020423905075527774, 0.0021039281744910624, 0.002122851855826149, -0.010753858364403162, 0.0023067873704378963, 0.05144009594308104, 0.0022196000299504865, 0.0021743577275358714], [0.01208050121907863, 0.002062520571675715, 0.002095957395700882, 0.0021063983728271743, -0.009565313327377471, 0.0022116524158987965, 0.0022196000299504865, 0.05133464487976046, 0.0021351856260564397], [0.011482824159915372, 0.0020736345861751453, 0.002093953148500379, 0.002100433947139765, -0.00901209692384366, 0.0021689709226011007, 0.0021743577275358714, 0.0021351856260564397, 0.05131473718794206]]",
    "monomial_list": "[1, x8, x7, x6, x5, x4, x3, x2, x1]"
}