{
    "name": "Multiplier-3",
    "rational_expression": "53*x1**2/500 + 97*x1*x2/10000 - 3*x1*x3/100 + 811*x1*x4/100000 + 957*x1*x5/100000 + 61*x1*x6/6250 + 51*x1*x7/5000 + 89*x1*x8/10000 + 359*x1/10000 + 53*x2**2/500 - 167*x2*x3/5000 + 411*x2*x4/50000 + 101*x2*x5/10000 + 103*x2*x6/10000 + 51*x2*x7/5000 + 171*x2*x8/20000 + 393*x2/10000 + 103*x3**2/500 - 327*x3*x4/10000 - 43*x3*x5/1250 - 17*x3*x6/500 - 333*x3*x7/10000 - 271*x3*x8/10000 - 34*x3/125 + 53*x4**2/500 + 879*x4*x5/100000 + 23*x4*x6/2500 + 9*x4*x7/1000 + 51*x4*x8/6250 + 397*x4/10000 + 53*x5**2/500 + 107*x5*x6/10000 + 109*x5*x7/10000 + 879*x5*x8/100000 + 397*x5/10000 + 53*x6**2/500 + 107*x6*x7/10000 + 897*x6*x8/100000 + 393*x6/10000 + 107*x7**2/1000 + 91*x7*x8/10000 + 24*x7/625 + 21*x8**2/200 + 337*x8/10000 + 211/1000",
    "Q": "[[0.2107364792919358, 0.0169232018595223, 0.019181677222942128, 0.019691901256048312, 0.019910553621711805, 0.01982144538667479, -0.13580771493105984, 0.019593884611570966, 0.01792702752757868], [0.0169232018595223, 0.10579215740719432, 0.004565238343851434, 0.0044538795949563255, 0.004377294862169167, 0.004110019283070053, -0.013591703641737705, 0.004309629597680463, 0.0045033341664105124], [0.019181677222942128, 0.004565238343851434, 0.10662856229651313, 0.005385388640637532, 0.005419758574923006, 0.004511214166176629, -0.016659973027805145, 0.005077619481405274, 0.00504652560672733], [0.019691901256048312, 0.0044538795949563255, 0.005385388640637532, 0.10641062356327291, 0.005421654131021477, 0.004645379241421764, -0.017123594893080695, 0.005105398369397191, 0.004885908640830591], [0.019910553621711805, 0.004377294862169167, 0.005419758574923006, 0.005421654131021477, 0.10637069045951955, 0.004382518797888862, -0.017223771586204046, 0.005057174482519311, 0.004843872087962473], [0.01982144538667479, 0.004110019283070053, 0.004511214166176629, 0.004645379241421764, 0.004382518797888862, 0.10577343190459965, -0.01635907929860723, 0.004082528907198303, 0.004073039779147233], [-0.13580771493105984, -0.013591703641737705, -0.016659973027805145, -0.017123594893080695, -0.017223771586204046, -0.01635907929860723, 0.20650775160193693, -0.016653755571772046, -0.014969105271389714], [0.019593884611570966, 0.004309629597680463, 0.005077619481405274, 0.005105398369397191, 0.005057174482519311, 0.004082528907198303, -0.016653755571772046, 0.10601289142768254, 0.004802473509346685], [0.01792702752757868, 0.0045033341664105124, 0.00504652560672733, 0.004885908640830591, 0.004843872087962473, 0.004073039779147233, -0.014969105271389714, 0.004802473509346685, 0.10612261505785309]]",
    "monomial_list": "[1, x8, x7, x6, x5, x4, x3, x2, x1]"
}