{
    "name": "Multiplier-7",
    "rational_expression": "121*x1**2/1000 + 67*x1*x2/5000 + 63*x1*x3/5000 + 57*x1*x4/5000 + 131*x1*x5/10000 + 137*x1*x6/10000 - 309*x1*x7/10000 + 121*x1*x8/10000 + 381*x1/10000 + 121*x2**2/1000 + 131*x2*x3/10000 + 109*x2*x4/10000 + 129*x2*x5/10000 + 137*x2*x6/10000 - 169*x2*x7/5000 + 3*x2*x8/250 + 101*x2/2500 + 121*x3**2/1000 + 3*x3*x4/250 + 63*x3*x5/5000 + 17*x3*x6/1250 - 71*x3*x7/2000 + 7*x3*x8/625 + 427*x3/10000 + 121*x4**2/1000 + 129*x4*x5/10000 + 137*x4*x6/10000 - 361*x4*x7/10000 + 27*x4*x8/2500 + 221*x4/5000 + 3*x5**2/25 + 73*x5*x6/5000 - 22*x5*x7/625 + 117*x5*x8/10000 + 427*x5/10000 + 121*x6**2/1000 - 349*x6*x7/10000 + 121*x6*x8/10000 + 207*x6/5000 + 231*x7**2/1000 - 53*x7*x8/2000 - 149*x7/500 + 3*x8**2/25 + 343*x8/10000 + 47/200",
    "Q": "[[0.2350579954750653, 0.017272242468493147, -0.14932306461648587, 0.02079623746181446, 0.0212966362467032, 0.022052491576218188, 0.0213484189755561, 0.020149857152644352, 0.01902101701620244], [0.017272242468493147, 0.12013071398264251, -0.013372811762398113, 0.00603186618453347, 0.005785000850838923, 0.005474976971051953, 0.005554713382783836, 0.005945728097336487, 0.006078437914964312], [-0.14932306461648587, -0.013372811762398113, 0.2304332864055035, -0.0174924658898267, -0.017540880780936637, -0.018008107691644102, -0.017678893585564678, -0.01678312220857079, -0.015467324774087703], [0.02079623746181446, 0.00603186618453347, -0.0174924658898267, 0.1213409155213337, 0.007270688643058295, 0.006818451841897574, 0.006802424511058938, 0.0068474894625480615, 0.006808537169042018], [0.0212966362467032, 0.005785000850838923, -0.017540880780936637, 0.007270688643058295, 0.12082063469530697, 0.006445866156366308, 0.006335379017787696, 0.006449099128115982, 0.006602742121576022], [0.022052491576218188, 0.005474976971051953, -0.018008107691644102, 0.006818451841897574, 0.006445866156366308, 0.12055744262845318, 0.005946827300250805, 0.00545654660296577, 0.005726570454436829], [0.0213484189755561, 0.005554713382783836, -0.017678893585564678, 0.006802424511058938, 0.006335379017787696, 0.005946827300250805, 0.12016486320468574, 0.0064911226088218785, 0.00631345592177232], [0.020149857152644352, 0.005945728097336487, -0.01678312220857079, 0.0068474894625480615, 0.006449099128115982, 0.00545654660296577, 0.0064911226088218785, 0.1207353543756184, 0.006737123641137702], [0.01902101701620244, 0.006078437914964312, -0.015467324774087703, 0.006808537169042018, 0.006602742121576022, 0.005726570454436829, 0.00631345592177232, 0.006737123641137702, 0.12082192852356335]]",
    "monomial_list": "[1, x8, x7, x6, x5, x4, x3, x2, x1]"
}