{
    "name": "Multiplier-7",
    "rational_expression": "32*x1**2/625 + 423*x1*x2/100000 + 107*x1*x3/25000 + 431*x1*x4/100000 + 103*x1*x5/25000 + 417*x1*x6/100000 - 183*x1*x7/10000 + 51*x1*x8/12500 + 233*x1/10000 + 513*x2**2/10000 + 443*x2*x3/100000 + 87*x2*x4/20000 + 53*x2*x5/12500 + 209*x2*x6/50000 - 97*x2*x7/5000 + 51*x2*x8/12500 + 49*x2/2000 + 517*x3**2/10000 + 57*x3*x4/12500 + 431*x3*x5/100000 + 423*x3*x6/100000 - 11*x3*x7/500 + 409*x3*x8/100000 + 271*x3/10000 + 103*x4**2/2000 + 213*x4*x5/50000 + 419*x4*x6/100000 - 43*x4*x7/2000 + 81*x4*x8/20000 + 267*x4/10000 + 32*x5**2/625 + 83*x5*x6/20000 - 91*x5*x7/5000 + 203*x5*x8/50000 + 231*x5/10000 + 511*x6**2/10000 - 17*x6*x7/1000 + 417*x6*x8/100000 + 219*x6/10000 + 109*x7**2/1000 - 3*x7*x8/200 - 39*x7/250 + 259*x8**2/5000 + 99*x8/5000 + 119/1000",
    "Q": "[[0.11858113558386509, 0.009852704630003794, -0.07755161414425439, 0.01096034316763313, 0.011532778958675223, 0.013320734191878991, 0.013484408505188636, 0.012229969886242717, 0.011644276449064442], [0.009852704630003794, 0.05154739178561129, -0.007468391839580381, 0.002055260545853358, 0.0020461666193991386, 0.0020226157797709086, 0.002020856411720598, 0.0020359905599800546, 0.002044473116609594], [-0.07755161414425439, -0.007468391839580381, 0.10892474804404917, -0.008520047617212449, -0.009064828598116451, -0.010773992481273687, -0.010931152672609716, -0.009729683780743641, -0.009171051673667868], [0.01096034316763313, 0.002055260545853358, -0.008520047617212449, 0.05150237929386114, 0.0020730510807993744, 0.0020994004403073465, 0.0021022369281808112, 0.002082295232181834, 0.002074455161971635], [0.011532778958675223, 0.0020461666193991386, -0.009064828598116451, 0.0020730510807993744, 0.05150320259368012, 0.0021403807199596313, 0.0021456091528330944, 0.0021074145215276893, 0.0020910802658025886], [0.013320734191878991, 0.0020226157797709086, -0.010773992481273687, 0.0020994004403073465, 0.0021403807199596313, 0.05161433709034931, 0.002287195785743707, 0.0021915366131258084, 0.0021484696887546623], [0.013484408505188636, 0.002020856411720598, -0.010931152672609716, 0.0021022369281808112, 0.0021456091528330944, 0.002287195785743707, 0.05163285235050628, 0.0021996954292441183, 0.0021541654549240776], [0.012229969886242717, 0.0020359905599800546, -0.009729683780743641, 0.002082295232181834, 0.0021074145215276893, 0.0021915366131258084, 0.0021996954292441183, 0.05152669291376425, 0.002112404879713829], [0.011644276449064442, 0.002044473116609594, -0.009171051673667868, 0.002074455161971635, 0.0020910802658025886, 0.0021484696887546623, 0.0021541654549240776, 0.002112404879713829, 0.051505295842417545]]",
    "monomial_list": "[1, x8, x7, x6, x5, x4, x3, x2, x1]"
}