{
    "name": "Multiplier-1",
    "rational_expression": "21*x1**2/100 - 173*x1*x2/5000 - 357*x1*x3/10000 - 167*x1*x4/5000 - 357*x1*x5/10000 - 349*x1*x6/10000 - 171*x1*x7/5000 - 287*x1*x8/10000 - 137*x1/500 + 53*x2**2/500 + 909*x2*x3/100000 + 799*x2*x4/100000 + 951*x2*x5/100000 + 189*x2*x6/20000 + 463*x2*x7/50000 + 799*x2*x8/100000 + 401*x2/10000 + 53*x3**2/500 + 447*x3*x4/50000 + 921*x3*x5/100000 + 957*x3*x6/100000 + 937*x3*x7/100000 + 197*x3*x8/25000 + 207*x3/5000 + 107*x4**2/1000 + 429*x4*x5/50000 + 229*x4*x6/25000 + 877*x4*x7/100000 + 813*x4*x8/100000 + 393*x4/10000 + 107*x5**2/1000 + 101*x5*x6/10000 + 993*x5*x7/100000 + 401*x5*x8/50000 + 81*x5/2000 + 107*x6**2/1000 + 491*x6*x7/50000 + 813*x6*x8/100000 + 393*x6/10000 + 107*x7**2/1000 + 83*x7*x8/10000 + 97*x7/2500 + 53*x8**2/500 + 177*x8/5000 + 211/1000",
    "Q": "[[0.21115380037046316, 0.017656597948700423, 0.01951232265159621, 0.019700448238136874, 0.02030966137711897, 0.019541365192513104, 0.020648514388737816, 0.02011548225019233, -0.13708772750884754], [0.017656597948700423, 0.10619640490476388, 0.00410283041389902, 0.004093467500288623, 0.004049609562531551, 0.004020717322380464, 0.003974720250469234, 0.003994793058829782, -0.014301278318134082], [0.01951232265159621, 0.00410283041389902, 0.10695137308462145, 0.004923851776232135, 0.00497074148728345, 0.004419342109454655, 0.004668949562925443, 0.004677141053248855, -0.017165761918287267], [0.019700448238136874, 0.004093467500288623, 0.004923851776232135, 0.10701537439951057, 0.005045890335102572, 0.004572955356323273, 0.0047766431945662656, 0.004768111426186451, -0.017455383778468555], [0.02030966137711897, 0.004049609562531551, 0.00497074148728345, 0.005045890335102572, 0.10690438793862328, 0.004308317918604861, 0.004598677013996241, 0.004741601269913887, -0.01786380745037783], [0.019541365192513104, 0.004020717322380464, 0.004419342109454655, 0.004572955356323273, 0.004308317918604861, 0.10671377821230792, 0.004468322384386686, 0.0040351239611497065, -0.016645615997599728], [0.020648514388737816, 0.003974720250469234, 0.004668949562925443, 0.0047766431945662656, 0.004598677013996241, 0.004468322384386686, 0.10654294840665667, 0.004520995893227725, -0.01788326218429367], [0.02011548225019233, 0.003994793058829782, 0.004677141053248855, 0.004768111426186451, 0.004741601269913887, 0.0040351239611497065, 0.004520995893227725, 0.10659824496077432, -0.017357059522836702], [-0.13708772750884754, -0.014301278318134082, -0.017165761918287267, -0.017455383778468555, -0.01786380745037783, -0.016645615997599728, -0.01788326218429367, -0.017357059522836702, 0.21034273150639382]]",
    "monomial_list": "[1, x8, x7, x6, x5, x4, x3, x2, x1]"
}