{
    "name": "Multiplier-2",
    "rational_expression": "491*x1**2/10000 - 171*x1*x2/10000 + 223*x1*x3/50000 + 11*x1*x4/2500 + 431*x1*x5/100000 + 17*x1*x6/4000 + 213*x1*x7/50000 + 423*x1*x8/100000 + 221*x1/10000 + 103*x2**2/1000 - 41*x2*x3/2000 - 101*x2*x4/5000 - 177*x2*x5/10000 - 157*x2*x6/10000 - 3*x2*x7/200 - 27*x2*x8/2000 - 153*x2/1000 + 247*x3**2/5000 + 47*x3*x4/10000 + 223*x3*x5/50000 + 427*x3*x6/100000 + 427*x3*x7/100000 + 413*x3*x8/100000 + 259*x3/10000 + 247*x4**2/5000 + 111*x4*x5/25000 + 17*x4*x6/4000 + 213*x4*x7/50000 + 421*x4*x8/100000 + 257*x4/10000 + 491*x5**2/10000 + 431*x5*x6/100000 + 27*x5*x7/6250 + 107*x5*x8/25000 + 57*x5/2500 + 49*x6**2/1000 + 433*x6*x7/100000 + 43*x6*x8/10000 + 41*x6/2000 + 499*x7**2/10000 + 217*x7*x8/50000 + 99*x7/5000 + 497*x8**2/10000 + 181*x8/10000 + 119/1000",
    "Q": "[[0.11910724171382997, 0.008994801362140566, 0.00987187360096922, 0.010295676410770574, 0.011415087546611953, 0.012855000183498673, 0.013021848196263917, -0.07647266884956712, 0.011128430927167499], [0.008994801362140566, 0.049490859637568656, 0.0021572591240885306, 0.002144671997710389, 0.0021130951222772198, 0.0020770203061414843, 0.0020731745732638553, -0.0067245833565902705, 0.002120954284341041], [0.00987187360096922, 0.0021572591240885306, 0.049441543933109455, 0.0021457376032000715, 0.002138552381390372, 0.0021339068999893605, 0.0021337137319135946, -0.00749286080848413, 0.002140152286983341], [0.010295676410770574, 0.002144671997710389, 0.0021457376032000715, 0.04943137529224541, 0.0021514389999473227, 0.0021620147346646116, 0.0021635906448749425, -0.007864462161477055, 0.002150007335190608], [0.011415087546611953, 0.0021130951222772198, 0.002138552381390372, 0.0021514389999473227, 0.04944762434764906, 0.002238291230067224, 0.002244556262544573, -0.008847462123058472, 0.002177911858255373], [0.012855000183498673, 0.0020770203061414843, 0.0021339068999893605, 0.0021620147346646116, 0.002238291230067224, 0.04956219061123707, 0.0023535011506960898, -0.010117353836690324, 0.002218474519993039], [0.013021848196263917, 0.0020731745732638553, 0.0021337137319135946, 0.0021635906448749425, 0.002244556262544573, 0.0023535011506960898, 0.04958234847282822, -0.01026498218481083, 0.00222353612573267], [-0.07647266884956712, -0.0067245833565902705, -0.00749286080848413, -0.007864462161477055, -0.008847462123058472, -0.010117353836690324, -0.01026498218481083, 0.10368427163732086, -0.008595510078540668], [0.011128430927167499, 0.002120954284341041, 0.002140152286983341, 0.002150007335190608, 0.002177911858255373, 0.002218474519993039, 0.00222353612573267, -0.008595510078540668, 0.04943749569813264]]",
    "monomial_list": "[1, x8, x7, x6, x5, x4, x3, x2, x1]"
}