{
    "name": "Multiplier-3",
    "rational_expression": "32*x1**2/625 + 14*x1*x2/3125 - 171*x1*x3/10000 + 91*x1*x4/20000 + 219*x1*x5/50000 + 443*x1*x6/100000 + 11*x1*x7/2500 + 437*x1*x8/100000 + 219*x1/10000 + 32*x2**2/625 - 91*x2*x3/5000 + 229*x2*x4/50000 + 14*x2*x5/3125 + 221*x2*x6/50000 + 439*x2*x7/100000 + 87*x2*x8/20000 + 231*x2/10000 + 13*x3**2/125 - 101*x3*x4/5000 - 169*x3*x5/10000 - 159*x3*x6/10000 - 19*x3*x7/1250 - 69*x3*x8/5000 - 3*x3/20 + 257*x4**2/5000 + 14*x4*x5/3125 + 441*x4*x6/100000 + 219*x4*x7/50000 + 53*x4*x8/12500 + 51*x4/2000 + 511*x5**2/10000 + 441*x5*x6/100000 + 437*x5*x7/100000 + 87*x5*x8/20000 + 27*x5/1250 + 51*x6**2/1000 + 219*x6*x7/50000 + 223*x6*x8/50000 + 41*x6/2000 + 509*x7**2/10000 + 11*x7*x8/2500 + 99*x7/5000 + 507*x8**2/10000 + 181*x8/10000 + 119/1000",
    "Q": "[[0.11940571921308477, 0.009015439698525998, 0.009941365782384182, 0.01021965624253127, 0.010841027861509825, 0.012773990654570577, -0.07538548433663762, 0.01159675671663967, 0.010961970204259241], [0.009015439698525998, 0.05096722594517512, 0.0022217377403102798, 0.00221183618037513, 0.002190487930022338, 0.0021318666005042753, -0.006886180034366085, 0.0021658832188350815, 0.0021864512531506127], [0.009941365782384182, 0.0022217377403102798, 0.05089837683700881, 0.002205554554765817, 0.002198777079211943, 0.002185597072388906, -0.007673230095746564, 0.0021919617049008643, 0.0021975820608534135], [0.01021965624253127, 0.00221183618037513, 0.002205554554765817, 0.050886269084873474, 0.0022017396509128274, 0.002202247790468096, -0.007910114584265326, 0.0022002831929574633, 0.002201400753516516], [0.010841027861509825, 0.002190487930022338, 0.002198777079211943, 0.0022017396509128274, 0.05087363555155686, 0.0022402996041711513, -0.008439661305773963, 0.0022197033642528475, 0.002210750099510697], [0.012773990654570577, 0.0021318666005042753, 0.002185597072388906, 0.002202247790468096, 0.0022402996041711513, 0.050962615320726795, -0.010095304896108383, 0.002288207570241053, 0.0022478455917411388], [-0.07538548433663762, -0.006886180034366085, -0.007673230095746564, -0.007910114584265326, -0.008439661305773963, -0.010095304896108383, 0.10379869668965339, -0.009084997103185917, -0.008542837521796276], [0.01159675671663967, 0.0021658832188350815, 0.0021919617049008643, 0.0022002831929574633, 0.0022197033642528475, 0.002288207570241053, -0.009084997103185917, 0.05088499122775195, 0.0022236160487225974], [0.010961970204259241, 0.0021864512531506127, 0.0021975820608534135, 0.002201400753516516, 0.002210750099510697, 0.0022478455917411388, -0.008542837521796276, 0.0022236160487225974, 0.05087348176533672]]",
    "monomial_list": "[1, x8, x7, x6, x5, x4, x3, x2, x1]"
}