{
    "name": "Multiplier-4",
    "rational_expression": "107*x1**2/1000 + 21*x1*x2/2000 + 9*x1*x3/1000 - 291*x1*x4/10000 + 13*x1*x5/1250 + 107*x1*x6/10000 + 11*x1*x7/1000 + 947*x1*x8/100000 + 17*x1/500 + 53*x2**2/500 + 119*x2*x3/12500 - 321*x2*x4/10000 + 109*x2*x5/10000 + 7*x2*x6/625 + 113*x2*x7/10000 + 29*x2*x8/3125 + 23*x2/625 + 21*x3**2/200 - 341*x3*x4/10000 + 977*x3*x5/100000 + 101*x3*x6/10000 + 101*x3*x7/10000 + 83*x3*x8/10000 + 201*x3/5000 + 103*x4**2/500 - 337*x4*x5/10000 - 67*x4*x6/2000 - 81*x4*x7/2500 - 17*x4*x8/625 - 53*x4/200 + 107*x5**2/1000 + 23*x5*x6/2000 + 59*x5*x7/5000 + 459*x5*x8/50000 + 381*x5/10000 + 107*x6**2/1000 + 59*x6*x7/5000 + 187*x6*x8/20000 + 377*x6/10000 + 27*x7**2/250 + 967*x7*x8/100000 + 91*x7/2500 + 53*x8**2/500 + 21*x8/625 + 207/1000",
    "Q": "[[0.20743906236337104, 0.01675753050765425, 0.018304122389557347, 0.01890066489568984, 0.019051611159212306, -0.13292663165857435, 0.02009942883252816, 0.018418017745071007, 0.01709530385593662], [0.01675753050765425, 0.10599061832152928, 0.004827823626500307, 0.004679976969475832, 0.004585670986024932, -0.013552082108946546, 0.004165934709186706, 0.0046038514582994695, 0.004762696897792232], [0.018304122389557347, 0.004827823626500307, 0.10739967081711391, 0.0058829076685186135, 0.0058618720826862005, -0.016299682573659834, 0.004985210660456791, 0.005608924532573871, 0.005571673642899276], [0.01890066489568984, 0.004679976969475832, 0.0058829076685186135, 0.10702846286773596, 0.005811382612293178, -0.01676993243099036, 0.005060092670689934, 0.0055781607758023455, 0.005340126726610692], [0.019051611159212306, 0.004585670986024932, 0.0058618720826862005, 0.005811382612293178, 0.10687778714897453, -0.016839760132374745, 0.004830153678718559, 0.005447240262893588, 0.005239954229746977], [-0.13292663165857435, -0.013552082108946546, -0.016299682573659834, -0.01676993243099036, -0.016839760132374745, 0.20547464805163762, -0.017052799931677222, -0.016102887938189196, -0.014636860537865708], [0.02009942883252816, 0.004165934709186706, 0.004985210660456791, 0.005060092670689934, 0.004830153678718559, -0.017052799931677222, 0.10577399447472956, 0.004785391854213204, 0.0045524935766839796], [0.018418017745071007, 0.0046038514582994695, 0.005608924532573871, 0.0055781607758023455, 0.005447240262893588, -0.016102887938189196, 0.004785391854213204, 0.10672362883981391, 0.00529442911024625], [0.01709530385593662, 0.004762696897792232, 0.005571673642899276, 0.005340126726610692, 0.005239954229746977, -0.014636860537865708, 0.0045524935766839796, 0.00529442911024625, 0.106808834324987]]",
    "monomial_list": "[1, x8, x7, x6, x5, x4, x3, x2, x1]"
}