{
    "name": "Total Decomposition",
    "rational_expression": "263*x1**4/1250 - 173*x1**3*x2/5000 - 889*x1**3*x3/25000 - 841*x1**3*x4/25000 - 1783*x1**3*x5/50000 - 3549*x1**3*x6/100000 - 433*x1**3*x7/12500 - 1417*x1**3*x8/50000 + 4817*x1**3/10000 + 2127*x1**2*x2**2/10000 + 9119*x1**2*x2*x3/1000000 + 1799*x1**2*x2*x4/250000 + 28*x1**2*x2*x5/3125 + 9363*x1**2*x2*x6/1000000 + 8901*x1**2*x2*x7/1000000 + 481*x1**2*x2*x8/62500 + 2947*x1**2*x2/10000 + 2121*x1**2*x3**2/10000 + 8379*x1**2*x3*x4/1000000 + 4783*x1**2*x3*x5/500000 + 1007*x1**2*x3*x6/100000 + 4481*x1**2*x3*x7/500000 + 8019*x1**2*x3*x8/1000000 + 1467*x1**2*x3/5000 + 2141*x1**2*x4**2/10000 + 2101*x1**2*x4*x5/250000 + 4633*x1**2*x4*x6/500000 + 9261*x1**2*x4*x7/1000000 + 3913*x1**2*x4*x8/500000 + 3041*x1**2*x4/10000 + 53*x1**2*x5**2/250 + 1193*x1**2*x5*x6/125000 + 9891*x1**2*x5*x7/1000000 + 3907*x1**2*x5*x8/500000 + 2903*x1**2*x5/10000 + 2133*x1**2*x6**2/10000 + 9683*x1**2*x6*x7/1000000 + 1023*x1**2*x6*x8/125000 + 184*x1**2*x6/625 + 2131*x1**2*x7**2/10000 + 8089*x1**2*x7*x8/1000000 + 1481*x1**2*x7/5000 + 2131*x1**2*x8**2/10000 + 1591*x1**2*x8/5000 + 1121*x1**2/500 - 94*x1*x2**3/3125 + 8697*x1*x2**2*x3/1000000 + 7897*x1*x2**2*x4/1000000 + 1863*x1*x2**2*x5/200000 + 4211*x1*x2**2*x6/500000 + 1823*x1*x2**2*x7/200000 + 877*x1*x2**2*x8/100000 + 196*x1*x2**2/625 + 479*x1*x2*x3**2/50000 - 467*x1*x2*x3*x4/2000000 - 1099*x1*x2*x3*x5/25000000 - 1749*x1*x2*x3*x6/2500000 - 217*x1*x2*x3*x7/1250000 - 7593*x1*x2*x3*x8/10000000 + 9703*x1*x2*x3/100000 + 1067*x1*x2*x4**2/100000 - 257*x1*x2*x4*x5/10000000 - 133*x1*x2*x4*x6/125000 - 3339*x1*x2*x4*x7/10000000 - 6773*x1*x2*x4*x8/100000000 + 931*x1*x2*x4/10000 + 9749*x1*x2*x5**2/1000000 + 1977*x1*x2*x5*x6/200000000 + 1389*x1*x2*x5*x7/10000000 + 237*x1*x2*x5*x8/20000000 + 499*x1*x2*x5/5000 + 9043*x1*x2*x6**2/1000000 + 773*x1*x2*x6*x7/20000000 - 3863*x1*x2*x6*x8/10000000 + 487*x1*x2*x6/5000 + 951*x1*x2*x7**2/100000 + 309*x1*x2*x7*x8/2000000 + 1003*x1*x2*x7/10000 + 9101*x1*x2*x8**2/1000000 + 4617*x1*x2*x8/50000 + 609*x1*x2/2500 - 2977*x1*x3**3/100000 + 7867*x1*x3**2*x4/1000000 + 2433*x1*x3**2*x5/250000 + 919*x1*x3**2*x6/100000 + 2473*x1*x3**2*x7/250000 + 4457*x1*x3**2*x8/500000 + 1559*x1*x3**2/5000 + 387*x1*x3*x4**2/40000 - 29*x1*x3*x4*x5/156250 - 1139*x1*x3*x4*x6/25000000 - 7669*x1*x3*x4*x7/100000000 + 1053*x1*x3*x4*x8/5000000 + 9371*x1*x3*x4/100000 + 933*x1*x3*x5**2/100000 + 1977*x1*x3*x5*x6/10000000 + 2313*x1*x3*x5*x7/10000000 - 3251*x1*x3*x5*x8/10000000 + 1029*x1*x3*x5/10000 + 1817*x1*x3*x6**2/200000 + 399*x1*x3*x6*x7/12500000 - 3*x1*x3*x6*x8/16000 + 257*x1*x3*x6/2500 + 9069*x1*x3*x7**2/1000000 + 921*x1*x3*x7*x8/5000000 + 513*x1*x3*x7/5000 + 4151*x1*x3*x8**2/500000 + 4567*x1*x3*x8/50000 + 3507*x1*x3/10000 - 2947*x1*x4**3/100000 + 1031*x1*x4**2*x5/100000 + 32*x1*x4**2*x6/3125 + 553*x1*x4**2*x7/50000 + 9803*x1*x4**2*x8/1000000 + 1561*x1*x4**2/5000 + 8197*x1*x4*x5**2/1000000 - 719*x1*x4*x5*x6/2500000 - 1007*x1*x4*x5*x7/2500000 - 7*x1*x4*x5*x8/12500 + 9659*x1*x4*x5/100000 + 473*x1*x4*x6**2/62500 - 5179*x1*x4*x6*x7/100000000 - 3933*x1*x4*x6*x8/10000000 + 4927*x1*x4*x6/50000 + 501*x1*x4*x7**2/62500 + 1281*x1*x4*x7*x8/25000000 + 1021*x1*x4*x7/10000 + 7547*x1*x4*x8**2/1000000 + 2241*x1*x4*x8/25000 + 2069*x1*x4/5000 - 2931*x1*x5**3/100000 + 9059*x1*x5**2*x6/1000000 + 9249*x1*x5**2*x7/1000000 + 8761*x1*x5**2*x8/1000000 + 197*x1*x5**2/625 + 39*x1*x5*x6**2/4000 + 5181*x1*x5*x6*x7/10000000 + 9953*x1*x5*x6*x8/100000000 + 261*x1*x5*x6/2500 + 9417*x1*x5*x7**2/1000000 + 7713*x1*x5*x7*x8/100000000 + 517*x1*x5*x7/5000 + 8703*x1*x5*x8**2/1000000 + 9083*x1*x5*x8/100000 + 1249*x1*x5/5000 - 601*x1*x6**3/20000 + 9217*x1*x6**2*x7/1000000 + 8973*x1*x6**2*x8/1000000 + 627*x1*x6**2/2000 + 9201*x1*x6*x7**2/1000000 + 5919*x1*x6*x7*x8/10000000 + 511*x1*x6*x7/5000 + 4227*x1*x6*x8**2/500000 + 9397*x1*x6*x8/100000 + 929*x1*x6/5000 - 1479*x1*x7**3/50000 + 567*x1*x7**2*x8/62500 + 787*x1*x7**2/2500 + 1863*x1*x7*x8**2/200000 + 4799*x1*x7*x8/50000 + 763*x1*x7/5000 - 199*x1*x8**3/6250 + 1519*x1*x8**2/5000 + 2727*x1*x8/10000 + 1253*x1/2500 + 1031*x2**4/5000 - 3487*x2**3*x3/100000 - 3267*x2**3*x4/100000 - 1771*x2**3*x5/50000 - 3447*x2**3*x6/100000 - 3397*x2**3*x7/100000 - 1383*x2**3*x8/50000 + 4731*x2**3/10000 + 132*x2**2*x3**2/625 + 219*x2**2*x3*x4/25000 + 9509*x2**2*x3*x5/1000000 + 9501*x2**2*x3*x6/1000000 + 9197*x2**2*x3*x7/1000000 + 1619*x2**2*x3*x8/200000 + 1479*x2**2*x3/5000 + 133*x2**2*x4**2/625 + 4483*x2**2*x4*x5/500000 + 909*x2**2*x4*x6/100000 + 183*x2**2*x4*x7/20000 + 1043*x2**2*x4*x8/125000 + 3057*x2**2*x4/10000 + 2119*x2**2*x5**2/10000 + 383*x2**2*x5*x6/40000 + 207*x2**2*x5*x7/20000 + 4137*x2**2*x5*x8/500000 + 2953*x2**2*x5/10000 + 133*x2**2*x6**2/625 + 9853*x2**2*x6*x7/1000000 + 4043*x2**2*x6*x8/500000 + 2969*x2**2*x6/10000 + 427*x2**2*x7**2/2000 + 1697*x2**2*x7*x8/200000 + 3019*x2**2*x7/10000 + 213*x2**2*x8**2/1000 + 129*x2**2*x8/400 + 2283*x2**2/1000 - 209*x2*x3**3/6250 + 1593*x2*x3**2*x4/200000 + 4877*x2*x3**2*x5/500000 + 4977*x2*x3**2*x6/500000 + 63*x2*x3**2*x7/6250 + 2011*x2*x3**2*x8/250000 + 2977*x2*x3**2/10000 + 9961*x2*x3*x4**2/1000000 + 557*x2*x3*x4*x5/2500000 - 1053*x2*x3*x4*x6/5000000 + 1873*x2*x3*x4*x7/20000000 - 2081*x2*x3*x4*x8/50000000 + 973*x2*x3*x4/10000 + 9639*x2*x3*x5**2/1000000 - 2799*x2*x3*x5*x6/10000000 + 1521*x2*x3*x5*x7/5000000 - 2451*x2*x3*x5*x8/10000000 + 517*x2*x3*x5/5000 + 4493*x2*x3*x6**2/500000 + 1699*x2*x3*x6*x7/100000000 - 2587*x2*x3*x6*x8/5000000 + 517*x2*x3*x6/5000 + 9583*x2*x3*x7**2/1000000 + 1243*x2*x3*x7*x8/5000000 + 1057*x2*x3*x7/10000 + 1749*x2*x3*x8**2/200000 + 1121*x2*x3*x8/12500 + 803*x2*x3/2000 - 1629*x2*x4**3/50000 + 53*x2*x4**2*x5/5000 + 551*x2*x4**2*x6/50000 + 539*x2*x4**2*x7/50000 + 1143*x2*x4**2*x8/125000 + 1503*x2*x4**2/5000 + 1631*x2*x4*x5**2/200000 - 1859*x2*x4*x5*x6/5000000 - 2997*x2*x4*x5*x7/50000000 + 7829*x2*x4*x5*x8/100000000 + 4983*x2*x4*x5/50000 + 7501*x2*x4*x6**2/1000000 - 4027*x2*x4*x6*x7/10000000 - 601*x2*x4*x6*x8/2500000 + x2*x4*x6/10 + 3809*x2*x4*x7**2/500000 + 2157*x2*x4*x7*x8/10000000 + 1009*x2*x4*x7/10000 + 3779*x2*x4*x8**2/500000 + 9171*x2*x4*x8/100000 + 639*x2*x4/1250 - 167*x2*x5**3/5000 + 1023*x2*x5**2*x6/100000 + 1239*x2*x5**2*x7/125000 + 4061*x2*x5**2*x8/500000 + 151*x2*x5**2/500 + 4623*x2*x5*x6**2/500000 + 1503*x2*x5*x6*x7/10000000 + 2307*x2*x5*x6*x8/50000000 + 261*x2*x5*x6/2500 + 9751*x2*x5*x7**2/1000000 + 3759*x2*x5*x7*x8/10000000 + 1067*x2*x5*x7/10000 + 8913*x2*x5*x8**2/1000000 + 9291*x2*x5*x8/100000 + 2589*x2*x5/10000 - 411*x2*x6**3/12500 + 383*x2*x6**2*x7/40000 + 8047*x2*x6**2*x8/1000000 + 3027*x2*x6**2/10000 + 267*x2*x6*x7**2/25000 + 2037*x2*x6*x7*x8/10000000 + 1083*x2*x6*x7/10000 + 9773*x2*x6*x8**2/1000000 + 2357*x2*x6*x8/25000 + 429*x2*x6/2500 - 41*x2*x7**3/1250 + 1751*x2*x7**2*x8/200000 + 607*x2*x7**2/2000 + 9367*x2*x7*x8**2/1000000 + 9661*x2*x7*x8/100000 + 863*x2*x7/5000 - 3493*x2*x8**3/100000 + 2929*x2*x8**2/10000 + 3447*x2*x8/10000 + 911*x2/5000 + 129*x3**4/625 - 3293*x3**3*x4/100000 - 857*x3**3*x5/25000 - 3397*x3**3*x6/100000 - 837*x3**3*x7/25000 - 2699*x3**3*x8/100000 + 589*x3**3/1250 + 529*x3**2*x4**2/2500 + 4241*x3**2*x4*x5/500000 + 9983*x3**2*x4*x6/1000000 + 9237*x3**2*x4*x7/1000000 + 2053*x3**2*x4*x8/250000 + 607*x3**2*x4/2000 + 2117*x3**2*x5**2/10000 + 9971*x3**2*x5*x6/1000000 + 213*x3**2*x5*x7/20000 + 1081*x3**2*x5*x8/125000 + 591*x3**2*x5/2000 + 531*x3**2*x6**2/2500 + 207*x3**2*x6*x7/20000 + 843*x3**2*x6*x8/100000 + 119*x3**2*x6/400 + 17*x3**2*x7**2/80 + 8749*x3**2*x7*x8/1000000 + 2989*x3**2*x7/10000 + 1063*x3**2*x8**2/5000 + 401*x3**2*x8/1250 + 1199*x3**2/500 - 1721*x3*x4**3/50000 + x3*x4**2*x5/100 + 1051*x3*x4**2*x6/100000 + 1967*x3*x4**2*x7/200000 + 8901*x3*x4**2*x8/1000000 + 2983*x3*x4**2/10000 + 8859*x3*x4*x5**2/1000000 - 1581*x3*x4*x5*x6/10000000 - 949*x3*x4*x5*x7/2000000 - 11*x3*x4*x5*x8/100000 + 9739*x3*x4*x5/100000 + 213*x3*x4*x6**2/25000 - 11*x3*x4*x6*x7/62500 + 1889*x3*x4*x6*x8/10000000 + 521*x3*x4*x6/5000 + 419*x3*x4*x7**2/50000 + 833*x3*x4*x7*x8/2500000 + 4989*x3*x4*x7/50000 + 1079*x3*x4*x8**2/125000 + 9329*x3*x4*x8/100000 + 4903*x3*x4/10000 - 3393*x3*x5**3/100000 + 201*x3*x5**2*x6/20000 + 9163*x3*x5**2*x7/1000000 + 8441*x3*x5**2*x8/1000000 + 3011*x3*x5**2/10000 + 9557*x3*x5*x6**2/1000000 - 21*x3*x5*x6*x7/100000 + 527*x3*x5*x6*x8/2000000 + 1071*x3*x5*x6/10000 + 9753*x3*x5*x7**2/1000000 + 219*x3*x5*x7*x8/2000000 + 533*x3*x5*x7/5000 + 9389*x3*x5*x8**2/1000000 + 9643*x3*x5*x8/100000 + 157*x3*x5/400 - 431*x3*x6**3/12500 + 1821*x3*x6**2*x7/200000 + 529*x3*x6**2*x8/62500 + 747*x3*x6**2/2500 + 1041*x3*x6*x7**2/100000 + 1771*x3*x6*x7*x8/10000000 + 68*x3*x6*x7/625 + 9767*x3*x6*x8**2/1000000 + 1217*x3*x6*x8/12500 + 1149*x3*x6/5000 - 3461*x3*x7**3/100000 + 8763*x3*x7**2*x8/1000000 + 3*x3*x7**2/10 + 9149*x3*x7*x8**2/1000000 + 1951*x3*x7*x8/20000 + 2311*x3*x7/10000 - 1799*x3*x8**3/50000 + 1459*x3*x8**2/5000 + 4261*x3*x8/10000 + 513*x4**4/2500 - 419*x4**3*x5/12500 - 671*x4**3*x6/20000 - 3233*x4**3*x7/100000 - 1359*x4**3*x8/50000 + 4731*x4**3/10000 + 2119*x4**2*x5**2/10000 + 1093*x4**2*x5*x6/100000 + 47*x4**2*x5*x7/4000 + 9113*x4**2*x5*x8/1000000 + 297*x4**2*x5/1000 + 533*x4**2*x6**2/2500 + 1159*x4**2*x6*x7/100000 + 1121*x4**2*x6*x8/125000 + 2973*x4**2*x6/10000 + 1071*x4**2*x7**2/5000 + 1937*x4**2*x7*x8/200000 + 759*x4**2*x7/2500 + 267*x4**2*x8**2/1250 + 129*x4**2*x8/400 + 1149*x4**2/500 - 1599*x4*x5**3/50000 + 597*x4*x5**2*x6/62500 + 4567*x4*x5**2*x7/500000 + 1959*x4*x5**2*x8/250000 + 192*x4*x5**2/625 + 8539*x4*x5*x6**2/1000000 - 3747*x4*x5*x6*x7/50000000 - 2209*x4*x5*x6*x8/10000000 + 211*x4*x5*x6/2000 + 8857*x4*x5*x7**2/1000000 - 979*x4*x5*x7*x8/50000000 + 1061*x4*x5*x7/10000 + 1633*x4*x5*x8**2/200000 + 2307*x4*x5*x8/25000 + 2231*x4*x5/5000 - 649*x4*x6**3/20000 + 9189*x4*x6**2*x7/1000000 + 3927*x4*x6**2*x8/500000 + 3053*x4*x6**2/10000 + 9601*x4*x6*x7**2/1000000 + 169*x4*x6*x7*x8/1000000 + 1103*x4*x6*x7/10000 + 9217*x4*x6*x8**2/1000000 + 4697*x4*x6*x8/50000 + 693*x4*x6/2500 - 1581*x4*x7**3/50000 + 419*x4*x7**2*x8/50000 + 621*x4*x7**2/2000 + 1147*x4*x7*x8**2/125000 + 4851*x4*x7*x8/50000 + 2963*x4*x7/10000 - 859*x4*x8**3/25000 + 2983*x4*x8**2/10000 + 4077*x4*x8/10000 + 1277*x4/10000 + 2041*x5**4/10000 - 3437*x5**3*x6/100000 - 3359*x5**3*x7/100000 - 27*x5**3*x8/1000 + 293*x5**3/625 + 527*x5**2*x6**2/2500 + 9711*x5**2*x6*x7/1000000 + 3957*x5**2*x6*x8/500000 + 2957*x5**2*x6/10000 + 1063*x5**2*x7**2/5000 + 8407*x5**2*x7*x8/1000000 + 1501*x5**2*x7/5000 + 2123*x5**2*x8**2/10000 + 3223*x5**2*x8/10000 + 2241*x5**2/1000 - 1757*x5*x6**3/50000 + 257*x5*x6**2*x7/25000 + 2101*x5*x6**2*x8/250000 + 737*x5*x6**2/2500 + 203*x5*x6*x7**2/20000 + 413*x5*x6*x7*x8/2000000 + 137*x5*x6*x7/1250 + 2403*x5*x6*x8**2/250000 + 9599*x5*x6*x8/100000 + 219*x5*x6/2000 - 3413*x5*x7**3/100000 + 8823*x5*x7**2*x8/1000000 + 1493*x5*x7**2/5000 + 127*x5*x7*x8**2/12500 + 4887*x5*x7*x8/50000 + 1121*x5*x7/10000 - 1807*x5*x8**3/50000 + 1437*x5*x8**2/5000 + 3403*x5*x8/10000 + 237*x5/2000 + 2069*x6**4/10000 - 3273*x6**3*x7/100000 - 84*x6**3*x8/3125 + 1183*x6**3/2500 + 2129*x6**2*x7**2/10000 + 2201*x6**2*x7*x8/250000 + 759*x6**2*x7/2500 + 2131*x6**2*x8**2/10000 + 3243*x6**2*x8/10000 + 441*x6**2/200 - 3337*x6*x7**3/100000 + 861*x6*x7**2*x8/100000 + 3017*x6*x7**2/10000 + 1037*x6*x7*x8**2/100000 + 201*x6*x7*x8/2000 + 1039*x6*x7/12500 - 3587*x6*x8**3/100000 + 2901*x6*x8**2/10000 + 333*x6*x8/1250 + 1413*x6/5000 + 2071*x7**4/10000 - 531*x7**3*x8/20000 + 4751*x7**3/10000 + 427*x7**2*x8**2/2000 + 3261*x7**2*x8/10000 + 2181*x7**2/1000 - 1733*x7*x8**3/50000 + 591*x7*x8**2/2000 + 487*x7*x8/2000 + 1733*x7/5000 + 2133*x8**4/10000 + 123*x8**3/250 + 284*x8**2/125 + 51*x8/80 + 4557/1000",
    "Q": "[[4.5572432142341945, 0.31882178111514337, 0.17132266497568124, 0.13977004511601607, 0.057812073325844524, 0.06474191919734763, 0.0006504103762920451, 0.0924793522086427, 0.24837900566145998, 0.36426612824114957, -0.11735151944244873, -0.11757760755554159, -0.11878345805381993, -0.11775846782660904, -0.12044137551612291, -0.11827381127486646, -0.11551057039247474, 0.34974101661349033, -0.1360487964127607, -0.14145288802217737, -0.12956843421433498, -0.1398547441157244, -0.13571069188806967, -0.1269394053814947, 0.34989062209270294, -0.14417260539848595, -0.13426622296113092, -0.1435218263576781, -0.1388971190275155, -0.12620385946095197, 0.33862888200155794, -0.12801226724570308, -0.13878078829934698, -0.13940574916917456, -0.12878156069627777, 0.332723223500607, -0.13448198481111384, -0.12137591547096585, -0.11810982140819055, 0.3451970938082261, -0.13733918351391092, -0.12892832276999103, 0.3447231059788014, -0.12948558080680053, 0.3591311308164199], [0.31882178111514337, 1.5436068357813966, 0.24016110101932586, 0.25136459361360347, 0.28855051604465554, 0.3220307562100645, 0.33200898785293775, 0.29105494239493446, 0.2498434367696753, 0.24565398187757512, 0.09367453325810586, 0.09293884100186764, 0.08974265648933634, 0.08625785273808448, 0.08635551573118094, 0.08897279520795054, 0.09117748357162962, 0.07133237803258057, 0.021742857992952412, 0.019165917182353786, 0.011344420498372362, 0.013041644571450621, 0.016396376716064875, 0.018454676313976848, 0.06999141642536631, 0.019267661785273532, 0.012568896757465848, 0.013817058051948605, 0.016773488520489384, 0.01684214281498491, 0.0677467598972866, 0.007558679366176919, 0.009466491055990867, 0.013627809509036184, 0.0137158851584215, 0.06743994056910663, 0.008191977529704726, 0.005096655194626891, 0.007386921477790293, 0.06364840535247493, 0.009400708080868608, 0.009445551944638381, 0.06647612887943247, 0.014111006283986016, 0.06828979186357577], [0.17132266497568124, 0.24016110101932586, 1.4788411174888791, 0.17869001988121982, 0.1973182175678047, 0.27631382439653907, 0.2562366964046387, 0.22276438915283964, 0.20405223043301776, 0.05361454969208216, 0.09147652423113972, 0.012350688526733286, 0.008399330362977683, 0.00916251781084586, 0.0064391273432271995, 0.009520314543105297, 0.014201022755278892, 0.2370076950796354, 0.09900747185478728, 0.09520301514831948, 0.08813218805943296, 0.08947601431350258, 0.09298955069896078, 0.09519935507386895, 0.05013885222083197, 0.013659052169379356, 0.009682822533987464, 0.009216746704285132, 0.0124572963245862, 0.013837541446018823, 0.046369549730179205, 0.0036460722357335314, 0.0037614504681344114, 0.008318462848558247, 0.009843426126669878, 0.051536991904770534, 0.005485755124289453, 0.0024636625546889525, 0.006014106213174948, 0.04406061123547786, 0.005163248847511645, 0.006582867718870096, 0.047497024141594846, 0.011515681178900108, 0.051474654627397844], [0.13977004511601607, 0.25136459361360347, 0.17869001988121982, 1.5027493260677003, 0.19992191716405863, 0.2710394356670246, 0.2561933199705865, 0.2228634397901721, 0.2198365789104781, 0.053179277812897115, 0.015454492702053435, 0.09269945191711652, 0.00982764214745299, 0.010032546038139469, 0.007539509879556362, 0.0108084973696272, 0.016377435257512587, 0.05152475500699016, 0.10144215217757611, 0.015408066141166297, 0.009363439227265898, 0.009779590518528497, 0.01363772624635977, 0.017999795742682796, 0.23603822266084304, 0.09738204813665816, 0.09065796048492888, 0.0919385958277045, 0.09521365406290615, 0.09627873967042126, 0.04514135355339599, 0.0038412069495701315, 0.004341074469620493, 0.009189831233228174, 0.011690911213408874, 0.04934035179991882, 0.005458338891991924, 0.0024249866549221014, 0.0070716706752879666, 0.04210446732690692, 0.00559436839669087, 0.00804912414011338, 0.045965373691520206, 0.01322603961476052, 0.05154547646231927], [0.057812073325844524, 0.28855051604465554, 0.1973182175678047, 0.19992191716405863, 1.5667461492319896, 0.3500546116888891, 0.3326214714016473, 0.27125879819396703, 0.2525220700630088, 0.055128356414719706, 0.021349558049633455, 0.01962675394303987, 0.09408303886187129, 0.016568422708017606, 0.013855000618291499, 0.01677467009631956, 0.022424814606549326, 0.05346152420133409, 0.025663418983329387, 0.10410135383739148, 0.016159697759633992, 0.01679728710651183, 0.020300521908627904, 0.024527029180368073, 0.050763186395336744, 0.10389997372344333, 0.017090632610790746, 0.017118182542163782, 0.020165863617875986, 0.022072804894236422, 0.23401975706179723, 0.09119641587859244, 0.09333560567288826, 0.09746661334060773, 0.09812994976318967, 0.054169982056955834, 0.01360001091315586, 0.009092652185850645, 0.013549118177535192, 0.046116153434650704, 0.012896036239458846, 0.014826590538282641, 0.04854170386546789, 0.01985807328211495, 0.053607523960770766], [0.06474191919734763, 0.3220307562100645, 0.27631382439653907, 0.2710394356670246, 0.3500546116888891, 1.6330559853790294, 0.3813768403661697, 0.3782494830298974, 0.32600020740080715, 0.06273928402821755, 0.027563623243406558, 0.025272796290216535, 0.022401832773476526, 0.09330983238408196, 0.01684687157296968, 0.02334243906345953, 0.028051346658180584, 0.06675252993297551, 0.03543920921093617, 0.03345459364274572, 0.09895581554332498, 0.0235108314643441, 0.030979071838173586, 0.03373784739583038, 0.06310277809756966, 0.03244472333694408, 0.09971273211269648, 0.023343638244754644, 0.030376046077571765, 0.0306697520031833, 0.06264679396220382, 0.0944775894367412, 0.018997898697425804, 0.027731298561360307, 0.027983297150908693, 0.23692773728268537, 0.09318916648438755, 0.09187823090291276, 0.09394763123213085, 0.05368559193580431, 0.020229589774890148, 0.02060438866520481, 0.06325677336070443, 0.029522379484062736, 0.06546095603761877], [0.0006504103762920451, 0.33200898785293775, 0.2562366964046387, 0.2561933199705865, 0.3326214714016473, 0.3813768403661697, 1.703879535685238, 0.336805571291836, 0.3029181238655649, 0.05945242088052387, 0.028811646770570947, 0.026723384650532377, 0.023511450948093388, 0.020556266590622305, 0.0971125541429555, 0.023276442255425595, 0.029032494431701097, 0.060875066692640624, 0.03561777598918188, 0.033254266435887504, 0.021844722615730016, 0.1058158443590255, 0.029367955850547908, 0.03332949652981391, 0.057627161572189944, 0.03252420908597615, 0.02268569240431317, 0.10630424165472216, 0.029031493503661458, 0.030430869397144993, 0.05651535734872695, 0.016875801134877817, 0.10163632212734236, 0.025848122021120485, 0.027320451270078892, 0.05591236087562801, 0.09763635890020746, 0.013367798979688109, 0.017895845544191335, 0.23590624041304945, 0.10073821395758285, 0.10069612009283563, 0.054679002790920125, 0.027687375294193343, 0.05918670999109979], [0.0924793522086427, 0.29105494239493446, 0.22276438915283964, 0.2228634397901721, 0.27125879819396703, 0.3782494830298974, 0.336805571291836, 1.5892949658855426, 0.2497163050381323, 0.058156661585753666, 0.0219336869943669, 0.020099798916830086, 0.016427112151700285, 0.017209721842726178, 0.013394613819384484, 0.09405279854528342, 0.02166609100312932, 0.05862722077525059, 0.027463986547137834, 0.02445395894943757, 0.018235183933391644, 0.017672521047544125, 0.1022067560826856, 0.024883553931169464, 0.055785677400501145, 0.023825246442573608, 0.019033034741813393, 0.017834563443917914, 0.1022318893532252, 0.02231144711726415, 0.05315372773136243, 0.013086619893106277, 0.012561751158626467, 0.09847566271202181, 0.0186483285837146, 0.05956470757707759, 0.014533396538515328, 0.08988618525063576, 0.013995145501873765, 0.049225596412190216, 0.09365498500290059, 0.014063639791642454, 0.23633087320514892, 0.09836916530013502, 0.056217370984502496], [0.24837900566145998, 0.2498434367696753, 0.20405223043301776, 0.2198365789104781, 0.2525220700630088, 0.32600020740080715, 0.3029181238655649, 0.2497163050381323, 1.5224960938133174, 0.06124967314978023, 0.014155924611321632, 0.013299531833617768, 0.009891098383231775, 0.010165549723962018, 0.007302768002386424, 0.009645286914758798, 0.09063425104878362, 0.06215576745236941, 0.019824183798747154, 0.01696259791725415, 0.011276676547362042, 0.011194258357289832, 0.013919535632994456, 0.09697212340592805, 0.061128654945333046, 0.017307667825696187, 0.012799611747204754, 0.01224542165752344, 0.014534435603388586, 0.09588281025283416, 0.058455548619682635, 0.007497321610185379, 0.007537808575234484, 0.011056589165769634, 0.09239772980654702, 0.06253977639184184, 0.00863764676755463, 0.004695004980255068, 0.08641209422379369, 0.05511943650196515, 0.007220836660893019, 0.0881027684759249, 0.05672450173556946, 0.09180332409011042, 0.24152919170916312], [0.36426612824114957, 0.24565398187757512, 0.05361454969208216, 0.053179277812897115, 0.055128356414719706, 0.06273928402821755, 0.05945242088052387, 0.058156661585753666, 0.06124967314978023, 0.2131237155004064, -0.017332924788050007, -0.017674293413905695, -0.01802825518841808, -0.017173636296973094, -0.018111821808198876, -0.0174568841181542, -0.015924579422200234, 0.03611270009661333, -0.0024053605614725356, -0.0027206619861479013, -0.00309729126863552, -0.0031589758835477554, -0.0028340425348074485, -0.002498542488123928, 0.036036790836808746, -0.002758455789505345, -0.003074151886607832, -0.003159268906922409, -0.0028561874166633224, -0.002594240705142233, 0.035741431362570894, -0.0032748117275531495, -0.0033392484216619614, -0.003066295869405656, -0.00285296783101867, 0.0358095441477533, -0.0031929024222393646, -0.0033105507249235095, -0.003086003936274234, 0.03563946316616147, -0.003273540145265578, -0.0031191313627598146, 0.0358507667003911, -0.002819523179738595, 0.03632174472649596], [-0.11735151944244873, 0.09367453325810586, 0.09147652423113972, 0.015454492702053435, 0.021349558049633455, 0.027563623243406558, 0.028811646770570947, 0.0219336869943669, 0.014155924611321632, -0.017332924788050007, 0.1413128391279637, 0.007461848192691706, 0.007790363659956416, 0.007424216545494182, 0.00783029326362089, 0.007605082978340582, 0.0070744494289303695, -0.013326684828883762, 0.007443630650025554, 0.007725516048414814, 0.0069896660599850415, 0.00752239579497689, 0.007387160472530408, 0.00688267623141024, -0.0029476928204850116, 0.0003423758882008488, 7.398844972357267e-05, 0.00027140697532144635, 0.00017303952531689393, -0.00033378216393609557, -0.0025436214112117233, -0.00044488376172328604, -0.00013979481850320282, 7.045493864387747e-05, -0.0003433134328231743, -0.0016598151186454455, 0.00017668436544771457, -0.0007000825316560408, -0.0006230539724014014, -0.002525593580402032, 6.3967616576004376e-06, -0.00028761713117383573, -0.0024966585995469543, -6.308458849184208e-05, -0.0028907192818171993], [-0.11757760755554159, 0.09293884100186764, 0.012350688526733286, 0.09269945191711652, 0.01962675394303987, 0.025272796290216535, 0.026723384650532377, 0.020099798916830086, 0.013299531833617768, -0.017674293413905695, 0.007461848192691706, 0.14135079882792323, 0.007887143635379033, 0.007551990091979648, 0.007932682955265913, 0.007704633344476622, 0.007102311096643084, -0.0030915254923658936, 0.007302444168714906, 3.878780244158807e-05, -0.000421751171778984, -0.00012078690046489688, -0.0001714790902411651, -0.00024477677671579004, -0.013360413134402732, 0.007728580675485951, 0.00712120570277425, 0.007591130958840937, 0.007426383613368062, 0.006750203416913906, -0.0027385921648682486, -0.0006492505804950236, -0.0003224779495834847, -0.00011519159563189937, -0.000401900916852666, -0.0019487867836000489, -4.1719782525901524e-05, -0.0009018338927439156, -0.0007378271631936447, -0.0027453167365390696, -0.0001858281093523618, -0.0003799925698984488, -0.002710503494457107, -0.00014326259884470298, -0.002895192405510215], [-0.11878345805381993, 0.08974265648933634, 0.008399330362977683, 0.00982764214745299, 0.09408303886187129, 0.022401832773476526, 0.023511450948093388, 0.016427112151700285, 0.009891098383231775, -0.01802825518841808, 0.007790363659956416, 0.007887143635379033, 0.14149443123155203, 0.007495438857469432, 0.007907735021331972, 0.007850219311680619, 0.007330721025228305, -0.003462071754713802, -0.00038116369064215974, 0.006797921352318442, -0.0002868023477332578, -7.855504579606142e-05, -0.00029418213114310775, -0.0004028423325135427, -0.003512735058963521, 0.006927963578330653, -6.867583274144636e-05, 7.52897634806196e-05, -0.00017239691291675628, -0.0005345835265937035, -0.013559402842084246, 0.006424406612152835, 0.006876964138354718, 0.006841329347057172, 0.006272240024031076, -0.0020127386387718753, 0.00021740794818869447, -0.0006573035083749315, -0.0005092273013770301, -0.0028058677379912216, -6.54140235503608e-05, -0.00024695270240866643, -0.0029365749615715606, -0.00018590529506132709, -0.003143776425190148], [-0.11775846782660904, 0.08625785273808448, 0.00916251781084586, 0.010032546038139469, 0.016568422708017606, 0.09330983238408196, 0.020556266590622305, 0.017209721842726178, 0.010165549723962018, -0.017173636296973094, 0.007424216545494182, 0.007551990091979648, 0.007495438857469432, 0.1414713839615681, 0.007582258260912111, 0.007261345865281925, 0.0069703168155278, -0.002791481287153212, 0.00034776272205568884, 0.0007316861094566864, 0.006487638745139012, 0.00021827283179418297, 0.0006221429450950739, 0.00035495884293881526, -0.00298062121962598, 0.0007179264132362531, 0.006628763753070049, 0.000281468080048816, 0.0006351923471412138, 0.00015200752852288294, -0.0023060006893341214, 0.006598409624793418, 0.00019321172133204308, 0.0007685288200248816, 0.0003925529077506807, -0.013552082108941365, 0.006752010602478495, 0.006374766044098243, 0.006098699582479591, -0.0028275760997734938, 0.0003392319953655557, 4.185562369417791e-05, -0.0022410674182225254, 0.0006392357917271312, -0.0026320879161899785], [-0.12044137551612291, 0.08635551573118094, 0.0064391273432271995, 0.007539509879556362, 0.013855000618291499, 0.01684687157296968, 0.0971125541429555, 0.013394613819384484, 0.007302768002386424, -0.018111821808198876, 0.00783029326362089, 0.007932682955265913, 0.007907735021331972, 0.007582258260912111, 0.14160650318232773, 0.007767054043990696, 0.007357969744642371, -0.0033443908618362955, -0.00015062007485649691, 0.00021834986429915198, -0.00039495719724205275, 0.00709083192424997, -7.84539393127371e-05, -0.00019090305182636332, -0.0034628823066877165, 0.00024718818610296915, -0.0002397482975231012, 0.007199196331490758, -1.8217187757416953e-05, -0.00034565854158219607, -0.002813594957909108, -0.00041061966952064816, 0.007183162600157422, 0.00012760284682429622, -0.00011482067233729775, -0.002586075893293903, 0.0069375953828426686, -0.0007064335468853361, -0.0006138724511822306, -0.013591703641730284, 0.007083047131233465, 0.006692412705997223, -0.0029852442169258035, -4.60425356830423e-05, -0.0031888010844632686], [-0.11827381127486646, 0.08897279520795054, 0.009520314543105297, 0.0108084973696272, 0.01677467009631956, 0.02334243906345953, 0.023276442255425595, 0.09405279854528342, 0.009645286914758798, -0.0174568841181542, 0.007605082978340582, 0.007704633344476622, 0.007850219311680619, 0.007261345865281925, 0.007767054043990696, 0.14124240654606018, 0.007276443598364656, -0.0031171426535039266, -1.5604350755577926e-06, 0.00022372719249892718, 7.793958656104945e-05, 7.205717765494369e-05, 0.006747371986052704, -0.0002492105394650322, -0.0032061426833781227, 0.00028758850854874145, 0.00026664154560251675, 0.0002040452971097573, 0.006886756773087774, -0.0003954584797257253, -0.0027157966422537436, -0.00011122531165008515, -6.218882327400544e-05, 0.007035338660858787, -0.00029528054035672115, -0.0017709145858048321, 0.00036720155151972404, 0.006366647430263112, -0.00033023488619363106, -0.002773417533556125, 0.006979812901233722, -0.0002662519792817387, -0.013840815074093437, 0.006459225147705851, -0.0031715126431436287], [-0.11551057039247474, 0.09117748357162962, 0.014201022755278892, 0.016377435257512587, 0.022424814606549326, 0.028051346658180584, 0.029032494431701097, 0.02166609100312932, 0.09063425104878362, -0.015924579422200234, 0.0070744494289303695, 0.007102311096643084, 0.007330721025228305, 0.0069703168155278, 0.007357969744642371, 0.007276443598364656, 0.14063738543697757, -0.002558184872075144, 0.0005785589406522093, 0.0007461557653366153, 0.000268095129462512, 0.00047852018300013313, 0.00031229512795685315, 0.006993549695716354, -0.002429766420360581, 0.0009364844434460339, 0.0005858196346708103, 0.0007256511114807699, 0.0005387210785702922, 0.00698865990579895, -0.002012992268731771, 0.0001166743936263443, 0.0003617733747459339, 0.0004811858354181255, 0.0071933859877214455, -0.0013360026846939892, 0.0005720168274880675, -0.0003090009055335733, 0.00665280523857042, -0.0021890785395905867, 0.00031229451496476453, 0.007163521334932421, -0.002293609763757358, 0.007166305701973395, -0.014301278318134441], [0.34974101661349033, 0.07133237803258057, 0.2370076950796354, 0.05152475500699016, 0.05346152420133409, 0.06675252993297551, 0.060875066692640624, 0.05862722077525059, 0.06215576745236941, 0.03611270009661333, -0.013326684828883762, -0.0030915254923658936, -0.003462071754713802, -0.002791481287153212, -0.0033443908618362955, -0.0031171426535039266, -0.002558184872075144, 0.20718115578253887, -0.016655069807162855, -0.017203477666344207, -0.016049600789431448, -0.017201991548852456, -0.016461967332494, -0.014745671028391113, 0.03435425588876713, -0.004088905544616196, -0.0036100160889489066, -0.004064120866336213, -0.00384713362921917, -0.003498591634503942, 0.03407324374879467, -0.004026822909886582, -0.00440595087965298, -0.004160043143258405, -0.003873151013437691, 0.035329900577411595, -0.0035552819586266373, -0.0038729114413423933, -0.0034527794458627495, 0.034540662168392834, -0.004030757098301495, -0.003792011353151674, 0.0346452502151373, -0.003452420646958761, 0.03526443854794345], [-0.1360487964127607, 0.021742857992952412, 0.09900747185478728, 0.10144215217757611, 0.025663418983329387, 0.03543920921093617, 0.03561777598918188, 0.027463986547137834, 0.019824183798747154, -0.0024053605614725356, 0.007443630650025554, 0.007302444168714906, -0.00038116369064215974, 0.00034776272205568884, -0.00015062007485649691, -1.5604350755577926e-06, 0.0005785589406522093, -0.016655069807162855, 0.14386154457234854, 0.009291220266924357, 0.00834197817454132, 0.009037810705405807, 0.00885665173049395, 0.008190666086207521, -0.016379383072564372, 0.009309988569910388, 0.00849174434681116, 0.009139390708059173, 0.008907226406457197, 0.00798456590206436, -0.003566582755258919, -0.0006717077999264818, -0.000571828505931599, -0.0002370769905680989, -0.00035367022488263464, -0.0017924559861971384, 0.00020548463962057802, -0.0008360373838687953, -0.0004141151948997534, -0.0032290189858959067, -0.00019147298873869304, -0.00023398943799348343, -0.0031599080830767394, 0.00018372254774380362, -0.003061901380672742], [-0.14145288802217737, 0.019165917182353786, 0.09520301514831948, 0.015408066141166297, 0.10410135383739148, 0.03345459364274572, 0.033254266435887504, 0.02445395894943757, 0.01696259791725415, -0.0027206619861479013, 0.007725516048414814, 3.878780244158807e-05, 0.006797921352318442, 0.0007316861094566864, 0.00021834986429915198, 0.00022372719249892718, 0.0007461557653366153, -0.017203477666344207, 0.009291220266924357, 0.14390263767180356, 0.008498763619953942, 0.009199942393342209, 0.009116716813985064, 0.008523450667116373, -0.004232258944604236, 0.008489465333038983, 0.0004929416377781125, 0.0003720152835283471, 0.00015670469854185982, -5.027483758745424e-05, -0.016727924214729743, 0.0076843987267768065, 0.008407989542058888, 0.00835619053351096, 0.007511337151323092, -0.0019317445864974422, 0.0007270049391106569, -0.0003469971530529145, 3.939180929880482e-05, -0.00331415108778048, 0.00019689991936074866, 0.00014685328935543898, -0.0034123724827164552, 0.0003785027869646219, -0.00335104101002439], [-0.12956843421433498, 0.011344420498372362, 0.08813218805943296, 0.009363439227265898, 0.016159697759633992, 0.09895581554332498, 0.021844722615730016, 0.018235183933391644, 0.011276676547362042, -0.00309729126863552, 0.0069896660599850415, -0.000421751171778984, -0.0002868023477332578, 0.006487638745139012, -0.00039495719724205275, 7.793958656104945e-05, 0.000268095129462512, -0.016049600789431448, 0.00834197817454132, 0.008498763619953942, 0.14277739268900108, 0.008181442928562625, 0.008105665062403549, 0.007636383087524864, -0.003971761153316888, 0.0001787661621483894, 0.007675363654706861, -0.00016813830822856308, 0.00030214293642198155, -0.00011767593847350942, -0.003223666162468488, 0.007793616669172861, -0.00032028673635309024, 0.0004189044998612766, 9.44745781764572e-05, -0.016299682573649332, 0.00788875764519307, 0.00741637181585684, 0.006885025301262405, -0.0036265176916025752, 3.646064281299193e-05, -0.0001953018130323947, -0.0028778542661690373, 0.0005612228528787033, -0.0031230688758923705], [-0.1398547441157244, 0.013041644571450621, 0.08947601431350258, 0.009779590518528497, 0.01679728710651183, 0.0235108314643441, 0.1058158443590255, 0.017672521047544125, 0.011194258357289832, -0.0031589758835477554, 0.00752239579497689, -0.00012078690046489688, -7.855504579606142e-05, 0.00021827283179418297, 0.00709083192424997, 7.205717765494369e-05, 0.00047852018300013313, -0.017201991548852456, 0.009037810705405807, 0.009199942393342209, 0.008181442928562625, 0.14347539374079912, 0.008762196029869997, 0.008272820146703483, -0.004327882284897449, 0.00019981322240364543, -3.7346331391864265e-05, 0.008614407626525615, 4.79027118942154e-05, -0.0001518594932268133, -0.0036736830600662194, -0.0004067182027573949, 0.008733909662694425, 0.00011030842931921467, -1.307200680942942e-05, -0.002903546984735957, 0.00813773185778025, -0.0006566187029174266, -0.00036747471864110817, -0.01665997302779452, 0.008468100516989574, 0.007761247261946093, -0.0036341885500899814, 0.00024063246652244154, -0.003605908340762387], [-0.13571069188806967, 0.016396376716064875, 0.09298955069896078, 0.01363772624635977, 0.020300521908627904, 0.030979071838173586, 0.029367955850547908, 0.1022067560826856, 0.013919535632994456, -0.0028340425348074485, 0.007387160472530408, -0.0001714790902411651, -0.00029418213114310775, 0.0006221429450950739, -7.84539393127371e-05, 0.006747371986052704, 0.00031229512795685315, -0.016461967332494, 0.00885665173049395, 0.009116716813985064, 0.008105665062403549, 0.008762196029869997, 0.14312702016103998, 0.008135132514572119, -0.004038424708004648, 8.037229202623202e-05, 0.0005338944474467265, 0.00014357027684452212, 0.008159090717621704, -0.00033819196963668475, -0.0035987146583961738, -7.190734680834086e-05, -0.0003072083486798289, 0.008440707202189363, -0.0003686876334351602, -0.0018074472832911848, 0.0006201580601044645, 0.007391153330321158, -6.695740842702133e-05, -0.0033904810355899124, 0.008326164970419214, -0.00022941557439028762, -0.016857561680177175, 0.007492688987234508, -0.0035481172978174273], [-0.1269394053814947, 0.018454676313976848, 0.09519935507386895, 0.017999795742682796, 0.024527029180368073, 0.03373784739583038, 0.03332949652981391, 0.024883553931169464, 0.09697212340592805, -0.002498542488123928, 0.00688267623141024, -0.00024477677671579004, -0.0004028423325135427, 0.00035495884293881526, -0.00019090305182636332, -0.0002492105394650322, 0.006993549695716354, -0.014745671028391113, 0.008190666086207521, 0.008523450667116373, 0.007636383087524864, 0.008272820146703483, 0.008135132514572119, 0.14238427234077786, -0.003250069728525132, 0.0004039450624702084, 0.0005317911333732941, 0.0003858489312206531, 0.00015446942189313337, 0.007985753156905015, -0.002873196935526104, -0.00013386638747536522, -0.00013378128254606502, -9.815153529507848e-06, 0.00832178249730824, -0.0013133516583745263, 0.0005627765316734358, -0.0004942654444516783, 0.0075424109853469415, -0.0027147216552264996, -1.1216892132033916e-05, 0.008274857903687925, -0.0028751056831516713, 0.00822525835106621, -0.017165761918287458], [0.34989062209270294, 0.06999141642536631, 0.05013885222083197, 0.23603822266084304, 0.050763186395336744, 0.06310277809756966, 0.057627161572189944, 0.055785677400501145, 0.061128654945333046, 0.036036790836808746, -0.0029476928204850116, -0.013360413134402732, -0.003512735058963521, -0.00298062121962598, -0.0034628823066877165, -0.0032061426833781227, -0.002429766420360581, 0.03435425588876713, -0.016379383072564372, -0.004232258944604236, -0.003971761153316888, -0.004327882284897449, -0.004038424708004648, -0.003250069728525132, 0.20661541595251853, -0.017356240999915215, -0.016263463259404205, -0.017377602281479266, -0.01662892477832215, -0.014747653133326334, 0.03381177276604613, -0.004365540592531715, -0.004691845785640074, -0.004432460701890922, -0.003876958454894933, 0.034888025262129245, -0.003922241782278213, -0.0042094643844148025, -0.0036042861234992724, 0.034205229110464364, -0.004335446657944959, -0.0038824416596682913, 0.034340723700416784, -0.0035064050430056635, 0.03530804628829373], [-0.14417260539848595, 0.019267661785273532, 0.013659052169379356, 0.09738204813665816, 0.10389997372344333, 0.03244472333694408, 0.03252420908597615, 0.023825246442573608, 0.017307667825696187, -0.002758455789505345, 0.0003423758882008488, 0.007728580675485951, 0.006927963578330653, 0.0007179264132362531, 0.00024718818610296915, 0.00028758850854874145, 0.0009364844434460339, -0.004088905544616196, 0.009309988569910388, 0.008489465333038983, 0.0001787661621483894, 0.00019981322240364543, 8.037229202623202e-05, 0.0004039450624702084, -0.017356240999915215, 0.1441496168169572, 0.008785544502137003, 0.009438629610095292, 0.009326628179388546, 0.008481117915436967, -0.01714368075821766, 0.007869439046930984, 0.008579518138172376, 0.008536098260891078, 0.007646332656017918, -0.0021927688182006703, 0.0006137887759872086, -0.000450761798957077, 4.6836660295714295e-05, -0.0035192784731109114, 0.0001304848585024094, 0.0002042227700542679, -0.003587565538979028, 0.00048087837162395216, -0.0032994846352719805], [-0.13426622296113092, 0.012568896757465848, 0.009682822533987464, 0.09065796048492888, 0.017090632610790746, 0.09971273211269648, 0.02268569240431317, 0.019033034741813393, 0.012799611747204754, -0.003074151886607832, 7.398844972357267e-05, 0.00712120570277425, -6.867583274144636e-05, 0.006628763753070049, -0.0002397482975231012, 0.00026664154560251675, 0.0005858196346708103, -0.0036100160889489066, 0.00849174434681116, 0.0004929416377781125, 0.007675363654706861, -3.7346331391864265e-05, 0.0005338944474467265, 0.0005317911333732941, -0.016263463259404205, 0.008785544502137003, 0.14309917618034593, 0.008518900203522056, 0.008391137988460756, 0.007730380176947782, -0.0032740026399869344, 0.008004151430486252, -0.00020459926653968073, 0.0005768159304353094, 0.0003693396111610959, -0.016769932430986276, 0.008143982638540406, 0.0076164688157631475, 0.006993106270054637, -0.0037539783209940662, 0.00013486953895882158, 8.072256211789469e-06, -0.0029613569253080104, 0.0008039973924566888, -0.0030312071822010686], [-0.1435218263576781, 0.013817058051948605, 0.009216746704285132, 0.0919385958277045, 0.017118182542163782, 0.023343638244754644, 0.10630424165472216, 0.017834563443917914, 0.01224542165752344, -0.003159268906922409, 0.00027140697532144635, 0.007591130958840937, 7.52897634806196e-05, 0.000281468080048816, 0.007199196331490758, 0.0002040452971097573, 0.0007256511114807699, -0.004064120866336213, 0.009139390708059173, 0.0003720152835283471, -0.00016813830822856308, 0.008614407626525615, 0.00014357027684452212, 0.0003858489312206531, -0.017377602281479266, 0.009438629610095292, 0.008518900203522056, 0.14375669228015267, 0.009020649770438944, 0.00831028284062212, -0.0037525489435738307, -0.000409189509447425, 0.00894093260412361, 0.0001864926072780809, 0.00019007150350488564, -0.003083889967851764, 0.008399357562414216, -0.0006802371889581248, -0.0002806131786640911, -0.017123594893075685, 0.00868256223677555, 0.0078602504431592, -0.003746084374523715, 0.000419151346817703, -0.003527552503104807], [-0.1388971190275155, 0.016773488520489384, 0.0124572963245862, 0.09521365406290615, 0.020165863617875986, 0.030376046077571765, 0.029031493503661458, 0.1022318893532252, 0.014534435603388586, -0.0028561874166633224, 0.00017303952531689393, 0.007426383613368062, -0.00017239691291675628, 0.0006351923471412138, -1.8217187757416953e-05, 0.006886756773087774, 0.