{
    "name": "Total Decomposition",
    "rational_expression": "2321*x1**4/10000 - 1979*x1**3*x2/50000 - 789*x1**3*x3/20000 - 973*x1**3*x4/25000 - 789*x1**3*x5/20000 - 4001*x1**3*x6/100000 - 477*x1**3*x7/12500 - 3177*x1**3*x8/100000 + 5339*x1**3/10000 + 301*x1**2*x2**2/1250 + 1143*x1**2*x2*x3/100000 + 2321*x1**2*x2*x4/250000 + 53*x1**2*x2*x5/5000 + 537*x1**2*x2*x6/50000 + 1057*x1**2*x2*x7/100000 + 1141*x1**2*x2*x8/125000 + 42*x1**2*x2/125 + 2413*x1**2*x3**2/10000 + 1071*x1**2*x3*x4/100000 + 523*x1**2*x3*x5/50000 + 7*x1**2*x3*x6/625 + 213*x1**2*x3*x7/20000 + 1817*x1**2*x3*x8/200000 + 677*x1**2*x3/2000 + 1209*x1**2*x4**2/5000 + 1139*x1**2*x4*x5/100000 + 151*x1**2*x4*x6/12500 + 8*x1**2*x4*x7/625 + 2383*x1**2*x4*x8/250000 + 3411*x1**2*x4/10000 + 2411*x1**2*x5**2/10000 + 303*x1**2*x5*x6/25000 + 123*x1**2*x5*x7/10000 + 8979*x1**2*x5*x8/1000000 + 1671*x1**2*x5/5000 + 2403*x1**2*x6**2/10000 + 1233*x1**2*x6*x7/100000 + 9651*x1**2*x6*x8/1000000 + 3317*x1**2*x6/10000 + 2427*x1**2*x7**2/10000 + 4639*x1**2*x7*x8/500000 + 3411*x1**2*x7/10000 + 2419*x1**2*x8**2/10000 + 903*x1**2*x8/2500 + 251*x1**2/100 - 177*x1*x2**3/5000 + 543*x1*x2**2*x3/50000 + 9799*x1*x2**2*x4/1000000 + 111*x1*x2**2*x5/10000 + 283*x1*x2**2*x6/25000 + 247*x1*x2**2*x7/20000 + 1013*x1*x2**2*x8/100000 + 697*x1*x2**2/2000 + 1139*x1*x2*x3**2/100000 + 1679*x1*x2*x3*x4/5000000 - x1*x2*x3*x5/100000 - 4017*x1*x2*x3*x6/10000000 + 6751*x1*x2*x3*x7/100000000 - 1159*x1*x2*x3*x8/10000000 + 76*x1*x2*x3/625 + 1367*x1*x2*x4**2/100000 - 531*x1*x2*x4*x5/2500000 + 1583*x1*x2*x4*x6/5000000 - 263*x1*x2*x4*x7/1250000 + 9239*x1*x2*x4*x8/10000000000 + 23*x1*x2*x4/200 + 1099*x1*x2*x5**2/100000 - 2763*x1*x2*x5*x6/10000000 + 2693*x1*x2*x5*x7/100000000 - 2243*x1*x2*x5*x8/10000000 + 119*x1*x2*x5/1000 + 593*x1*x2*x6**2/50000 + 1429*x1*x2*x6*x7/5000000 + 1639*x1*x2*x6*x8/10000000 + 1219*x1*x2*x6/10000 + 69*x1*x2*x7**2/5000 + 87*x1*x2*x7*x8/5000000 + 1319*x1*x2*x7/10000 + 53*x1*x2*x8**2/5000 + 1079*x1*x2*x8/10000 + 2623*x1*x2/10000 - 171*x1*x3**3/5000 + 1903*x1*x3**2*x4/200000 + 613*x1*x3**2*x5/50000 + 239*x1*x3**2*x6/20000 + 133*x1*x3**2*x7/10000 + 43*x1*x3**2*x8/4000 + 873*x1*x3**2/2500 + 1233*x1*x3*x4**2/100000 + 1881*x1*x3*x4*x5/10000000 - 137*x1*x3*x4*x6/400000 + 967*x1*x3*x4*x7/5000000 + 1681*x1*x3*x4*x8/10000000 + 1171*x1*x3*x4/10000 + 36*x1*x3*x5**2/3125 - 477*x1*x3*x5*x6/1000000 - 2319*x1*x3*x5*x7/100000000 - 299*x1*x3*x5*x8/1000000 + 309*x1*x3*x5/2500 + 561*x1*x3*x6**2/50000 - 4127*x1*x3*x6*x7/10000000 - 659*x1*x3*x6*x8/1000000 + 77*x1*x3*x6/625 + 647*x1*x3*x7**2/50000 - 2687*x1*x3*x7*x8/10000000 + 263*x1*x3*x7/2000 + 1091*x1*x3*x8**2/100000 + 221*x1*x3*x8/2000 + 759*x1*x3/2000 - 209*x1*x4**3/6250 + 1319*x1*x4**2*x5/100000 + 1357*x1*x4**2*x6/100000 + 711*x1*x4**2*x7/50000 + 1151*x1*x4**2*x8/100000 + 177*x1*x4**2/500 + 9309*x1*x4*x5**2/1000000 - 6077*x1*x4*x5*x6/100000000 + 879*x1*x4*x5*x7/2500000 + 9837*x1*x4*x5*x8/100000000 + 153*x1*x4*x5/1250 + 51*x1*x4*x6**2/5000 - 53*x1*x4*x6*x7/500000 - 569*x1*x4*x6*x8/5000000 + 1283*x1*x4*x6/10000 + 1113*x1*x4*x7**2/100000 - 1177*x1*x4*x7*x8/100000000 + 1369*x1*x4*x7/10000 + 1819*x1*x4*x8**2/200000 + 1081*x1*x4*x8/10000 + 4911*x1*x4/10000 - 219*x1*x5**3/6250 + 131*x1*x5**2*x6/12500 + 287*x1*x5**2*x7/25000 + 1001*x1*x5**2*x8/100000 + 3511*x1*x5**2/10000 + 231*x1*x5*x6**2/20000 + 443*x1*x5*x6*x7/2500000 - 6257*x1*x5*x6*x8/10000000 + 617*x1*x5*x6/5000 + 707*x1*x5*x7**2/50000 - 1239*x1*x5*x7*x8/5000000 + 267*x1*x5*x7/2000 + 551*x1*x5*x8**2/50000 + 109*x1*x5*x8/1000 + 507*x1*x5/2000 - 3397*x1*x6**3/100000 + 619*x1*x6**2*x7/50000 + 533*x1*x6**2*x8/50000 + 703*x1*x6**2/2000 + 71*x1*x6*x7**2/5000 - 69*x1*x6*x7*x8/312500 + 277*x1*x6*x7/2000 + 273*x1*x6*x8**2/25000 + 569*x1*x6*x8/5000 + 1837*x1*x6/10000 - 3073*x1*x7**3/100000 + 1263*x1*x7**2*x8/100000 + 3651*x1*x7**2/10000 + 1199*x1*x7*x8**2/100000 + 303*x1*x7*x8/2500 + 1029*x1*x7/10000 - 3679*x1*x8**3/100000 + 3419*x1*x8**2/10000 + 3153*x1*x8/10000 + 97*x1/200 + 2291*x2**4/10000 - 1927*x2**3*x3/50000 - 3703*x2**3*x4/100000 - 118*x2**3*x5/3125 - 31*x2**3*x6/800 - 3629*x2**3*x7/100000 - 623*x2**3*x8/20000 + 5287*x2**3/10000 + 599*x2**2*x3**2/2500 + 1061*x2**2*x3*x4/100000 + 521*x2**2*x3*x5/50000 + 1169*x2**2*x3*x6/100000 + 551*x2**2*x3*x7/50000 + 9241*x2**2*x3*x8/1000000 + 3397*x2**2*x3/10000 + 241*x2**2*x4**2/1000 + 1149*x2**2*x4*x5/100000 + 657*x2**2*x4*x6/50000 + 1359*x2**2*x4*x7/100000 + 9699*x2**2*x4*x8/1000000 + 3447*x2**2*x4/10000 + 601*x2**2*x5**2/2500 + 1291*x2**2*x5*x6/100000 + 1363*x2**2*x5*x7/100000 + 2349*x2**2*x5*x8/250000 + 211*x2**2*x5/625 + 6*x2**2*x6**2/25 + 177*x2**2*x6*x7/12500 + 203*x2**2*x6*x8/20000 + 3357*x2**2*x6/10000 + 152*x2**2*x7**2/625 + 4869*x2**2*x7*x8/500000 + 3433*x2**2*x7/10000 + 301*x2**2*x8**2/1250 + 3631*x2**2*x8/10000 + 2573*x2**2/1000 - 1881*x2*x3**3/50000 + 9383*x2*x3**2*x4/1000000 + 227*x2*x3**2*x5/20000 + 9*x2*x3**2*x6/800 + 227*x2*x3**2*x7/20000 + 9339*x2*x3**2*x8/1000000 + 3397*x2*x3**2/10000 + 637*x2*x3*x4**2/50000 + 1401*x2*x3*x4*x5/100000000 + 7481*x2*x3*x4*x6/10000000 + 2097*x2*x3*x4*x7/5000000 + 4249*x2*x3*x4*x8/10000000 + 73*x2*x3*x4/625 + 59*x2*x3*x5**2/5000 + 1047*x2*x3*x5*x6/50000000 + 5673*x2*x3*x5*x7/10000000 + 2221*x2*x3*x5*x8/10000000 + 241*x2*x3*x5/2000 + 643*x2*x3*x6**2/50000 + 4129*x2*x3*x6*x7/5000000 + 1949*x2*x3*x6*x8/2500000 + 641*x2*x3*x6/5000 + 1313*x2*x3*x7**2/100000 + 1791*x2*x3*x7*x8/5000000 + 16*x2*x3*x7/125 + 557*x2*x3*x8**2/50000 + 1087*x2*x3*x8/10000 + 593*x2*x3/1250 - 221*x2*x4**3/6250 + 1231*x2*x4**2*x5/100000 + 1299*x2*x4**2*x6/100000 + 1261*x2*x4**2*x7/100000 + 283*x2*x4**2*x8/25000 + 697*x2*x4**2/2000 + 2191*x2*x4*x5**2/250000 + 159*x2*x4*x5*x6/1250000 + 4013*x2*x4*x5*x7/10000000 + 2941*x2*x4*x5*x8/10000000 + 589*x2*x4*x5/5000 + 257*x2*x4*x6**2/25000 + 427*x2*x4*x6*x7/625000 + 987*x2*x4*x6*x8/1250000 + 1297*x2*x4*x6/10000 + 537*x2*x4*x7**2/50000 + 2169*x2*x4*x7*x8/5000000 + 331*x2*x4*x7/2500 + 561*x2*x4*x8**2/62500 + 271*x2*x4*x8/2500 + 7113*x2*x4/10000 - 3769*x2*x5**3/100000 + 1051*x2*x5**2*x6/100000 + 527*x2*x5**2*x7/50000 + 1903*x2*x5**2*x8/200000 + 3409*x2*x5**2/10000 + 61*x2*x5*x6**2/5000 + 6783*x2*x5*x6*x7/10000000 + 3273*x2*x5*x6*x8/10000000 + 643*x2*x5*x6/5000 + 169*x2*x5*x7**2/12500 + 1009*x2*x5*x7*x8/10000000 + 271*x2*x5*x7/2000 + 271*x2*x5*x8**2/25000 + 109*x2*x5*x8/1000 + 4017*x2*x5/10000 - 1869*x2*x6**3/50000 + 153*x2*x6**2*x7/12500 + 517*x2*x6**2*x8/50000 + 69*x2*x6**2/200 + 1363*x2*x6*x7**2/100000 + 1389*x2*x6*x7*x8/2500000 + 717*x2*x6*x7/5000 + 541*x2*x6*x8**2/50000 + 287*x2*x6*x8/2500 + 609*x2*x6/2500 - 1673*x2*x7**3/50000 + 1151*x2*x7**2*x8/100000 + 897*x2*x7**2/2500 + 133*x2*x7*x8**2/12500 + 1171*x2*x7*x8/10000 + 269*x2*x7/1000 - 807*x2*x8**3/20000 + 827*x2*x8**2/2500 + 429*x2*x8/1000 + 593*x2/5000 + 29*x3**4/125 - 3823*x3**3*x4/100000 - 3741*x3**3*x5/100000 - 3887*x3**3*x6/100000 - 1821*x3**3*x7/50000 - 297*x3**3*x8/10000 + 1327*x3**3/2500 + 601*x3**2*x4**2/2500 + 297*x3**2*x4*x5/25000 + 39*x3**2*x4*x6/3125 + 1359*x3**2*x4*x7/100000 + 4979*x3**2*x4*x8/500000 + 3379*x3**2*x4/10000 + 301*x3**2*x5**2/1250 + 697*x3**2*x5*x6/50000 + 289*x3**2*x5*x7/20000 + 251*x3**2*x5*x8/25000 + 3403*x3**2*x5/10000 + 2407*x3**2*x6**2/10000 + 1517*x3**2*x6*x7/100000 + 221*x3**2*x6*x8/20000 + 1681*x3**2*x6/5000 + 2431*x3**2*x7**2/10000 + 1079*x3**2*x7*x8/100000 + 3421*x3**2*x7/10000 + 1207*x3**2*x8**2/5000 + 183*x3**2*x8/500 + 1369*x3**2/500 - 3687*x3*x4**3/100000 + 1127*x3*x4**2*x5/100000 + 633*x3*x4**2*x6/50000 + 1199*x3*x4**2*x7/100000 + 207*x3*x4**2*x8/20000 + 1729*x3*x4**2/5000 + 513*x3*x4*x5**2/50000 - 459*x3*x4*x5*x6/1250000 + 3987*x3*x4*x5*x7/10000000 + 103*x3*x4*x5*x8/2500000 + 1197*x3*x4*x5/10000 + 277*x3*x4*x6**2/25000 + 187*x3*x4*x6*x7/500000 + 97*x3*x4*x6*x8/250000 + 1297*x3*x4*x6/10000 + 583*x3*x4*x7**2/50000 + 39*x3*x4*x7*x8/80000 + 267*x3*x4*x7/2000 + 517*x3*x4*x8**2/50000 + 1091*x3*x4*x8/10000 + 269*x3*x4/400 - 3861*x3*x5**3/100000 + 223*x3*x5**2*x6/20000 + 219*x3*x5**2*x7/20000 + 4729*x3*x5**2*x8/500000 + 1713*x3*x5**2/5000 + 111*x3*x5*x6**2/10000 + 611*x3*x5*x6*x7/2000000 + 929*x3*x5*x6*x8/12500000 + 129*x3*x5*x6/1000 + 127*x3*x5*x7**2/10000 + 1753*x3*x5*x7*x8/10000000 + 139*x3*x5*x7/1000 + 253*x3*x5*x8**2/25000 + 1083*x3*x5*x8/10000 + 4699*x3*x5/10000 - 479*x3*x6**3/12500 + 1193*x3*x6**2*x7/100000 + 517*x3*x6**2*x8/50000 + 3431*x3*x6**2/10000 + 1397*x3*x6*x7**2/100000 + 9027*x3*x6*x7*x8/100000000 + 741*x3*x6*x7/5000 + 579*x3*x6*x8**2/50000 + 1197*x3*x6*x8/10000 + 2713*x3*x6/10000 - 3529*x3*x7**3/100000 + 1103*x3*x7**2*x8/100000 + 357*x3*x7**2/1000 + 551*x3*x7*x8**2/50000 + 1187*x3*x7*x8/10000 + 653*x3*x7/2500 - 4019*x3*x8**3/100000 + 208*x3*x8**2/625 + 5473*x3*x8/10000 - 129*x3/4000 + 453*x4**4/2000 - 1837*x4**3*x5/50000 - 1889*x4**3*x6/50000 - 891*x4**3*x7/25000 - 739*x4**3*x8/25000 + 5233*x4**3/10000 + 1203*x4**2*x5**2/5000 + 1409*x4**2*x5*x6/100000 + 1433*x4**2*x5*x7/100000 + 133*x4**2*x5*x8/12500 + 1709*x4**2*x5/5000 + 2403*x4**2*x6**2/10000 + 297*x4**2*x6*x7/20000 + 561*x4**2*x6*x8/50000 + 3393*x4**2*x6/10000 + 2417*x4**2*x7**2/10000 + 111*x4**2*x7*x8/10000 + 1721*x4**2*x7/5000 + 603*x4**2*x8**2/2500 + 3681*x4**2*x8/10000 + 2593*x4**2/1000 - 1931*x4*x5**3/50000 + 1139*x4*x5**2*x6/100000 + 1257*x4*x5**2*x7/100000 + 9299*x4*x5**2*x8/1000000 + 681*x4*x5**2/2000 + 31*x4*x5*x6**2/2500 + 1327*x4*x5*x6*x7/2500000 + 2179*x4*x5*x6*x8/10000000 + 673*x4*x5*x6/5000 + 1343*x4*x5*x7**2/100000 + 913*x4*x5*x7*x8/2500000 + 1443*x4*x5*x7/10000 + 7*x4*x5*x8**2/625 + 557*x4*x5*x8/5000 + 4407*x4*x5/10000 - 3871*x4*x6**3/100000 + 1311*x4*x6**2*x7/100000 + 987*x4*x6**2*x8/100000 + 3413*x4*x6**2/10000 + 1339*x4*x6*x7**2/100000 + 491*x4*x6*x7*x8/20000000 + 737*x4*x6*x7/5000 + 1143*x4*x6*x8**2/100000 + 1179*x4*x6*x8/10000 + 1269*x4*x6/5000 - 887*x4*x7**3/25000 + 281*x4*x7**2*x8/25000 + 3549*x4*x7**2/10000 + 159*x4*x7*x8**2/12500 + 627*x4*x7*x8/5000 + 901*x4*x7/5000 - 807*x4*x8**3/20000 + 1659*x4*x8**2/5000 + 2661*x4*x8/5000 - 1349*x4/25000 + 1143*x5**4/5000 - 3949*x5**3*x6/100000 - 3831*x5**3*x7/100000 - 3093*x5**3*x8/100000 + 5257*x5**3/10000 + 2391*x5**2*x6**2/10000 + 611*x5**2*x6*x7/50000 + 2433*x5**2*x6*x8/250000 + 667*x5**2*x6/2000 + 603*x5**2*x7**2/2500 + 1897*x5**2*x7*x8/200000 + 1711*x5**2*x7/5000 + 121*x5**2*x8**2/500 + 183*x5**2*x8/500 + 127*x5**2/50 - 1867*x5*x6**3/50000 + 1309*x5*x6**2*x7/100000 + 1021*x5*x6**2*x8/100000 + 683*x5*x6**2/2000 + 749*x5*x6*x7**2/50000 + 277*x5*x6*x7*x8/2500000 + 1437*x5*x6*x7/10000 + 649*x5*x6*x8**2/50000 + 589*x5*x6*x8/5000 + 1173*x5*x6/10000 - 3541*x5*x7**3/100000 + 1163*x5*x7**2*x8/100000 + 3493*x5*x7**2/10000 + 321*x5*x7*x8**2/25000 + 1233*x5*x7*x8/10000 + 1273*x5*x7/200000 - 1009*x5*x8**3/25000 + 3293*x5*x8**2/10000 + 2069*x5*x8/5000 + 1941*x5/10000 + 457*x6**4/2000 - 3627*x6**3*x7/100000 - 583*x6**3*x8/20000 + 2613*x6**3/5000 + 241*x6**2*x7**2/1000 + 63*x6**2*x7*x8/6250 + 3491*x6**2*x7/10000 + 2409*x6**2*x8**2/10000 + 739*x6**2*x8/2000 + 617*x6**2/250 - 3519*x6*x7**3/100000 + 1217*x6*x7**2*x8/100000 + 697*x6*x7**2/2000 + 1297*x6*x7*x8**2/100000 + 1273*x6*x7*x8/10000 - 2371*x6*x7/500000 - 4027*x6*x8**3/100000 + 657*x6*x8**2/2000 + 653*x6*x8/2000 + 2803*x6/10000 + 461*x7**4/2000 - 2697*x7**3*x8/100000 + 53*x7**3/100 + 2429*x7**2*x8**2/10000 + 3811*x7**2*x8/10000 + 2361*x7**2/1000 - 387*x7*x8**3/10000 + 42*x7*x8**2/125 + 533*x7*x8/2000 + 949*x7/2000 + 2377*x8**4/10000 + 1373*x8**3/2500 + 2583*x8**2/1000 + 6897*x8/10000 + 5391/1000",
    "Q": "[[5.390801420576055, 0.34339197609990363, 0.23956583390244604, 0.13981899234574457, 0.09467568233656157, -0.027278659596384053, -0.016819798749580252, 0.05839955516008626, 0.24511461936019485, 0.41783348886689253, -0.1326544640356626, -0.13577781238443404, -0.13343042946699846, -0.1334940824354813, -0.1349097893433463, -0.13758074672912554, -0.13565188420533353, 0.3938863794905623, -0.16637778956590268, -0.16989462790341575, -0.16373310016241036, -0.15546351769142727, -0.14598967009901284, -0.15104348074990173, 0.4011069764977442, -0.1689063506785611, -0.16653640238768022, -0.1668120833774543, -0.15909671977897324, -0.15144422516754485, 0.3965841963818896, -0.15634413733178837, -0.15531616473465104, -0.1517781609019193, -0.15108467822729446, 0.37256957385660405, -0.14939186242722247, -0.13305958371759175, -0.13758117838298745, 0.40161527966019106, -0.1616268192664117, -0.15319785815546624, 0.3874756330412409, -0.15591626665493857, 0.4094703462859555], [0.34339197609990363, 1.7418492865315425, 0.2674620175131002, 0.2982649473202376, 0.3408449628036584, 0.40117518561599197, 0.4074777979310595, 0.35387840946664884, 0.2920234435573366, 0.27498911432842016, 0.10964522995538414, 0.10643667887238764, 0.10234583768327321, 0.09773242459660106, 0.09758826311841737, 0.10041267870984044, 0.10469696715780397, 0.09061564261260376, 0.03604699522540628, 0.03226051009826509, 0.021704887346151343, 0.0172455917275361, 0.01759880802325709, 0.02919036899130424, 0.08128939671513317, 0.02626551879987433, 0.019208929432857524, 0.018122646671495254, 0.018437001094711553, 0.023173915740110358, 0.07843888024838323, 0.013997155932230346, 0.012509563774162425, 0.013651301159813879, 0.019539199410821866, 0.07845873191040065, 0.008616289129536362, 0.0034112429513033574, 0.009011834637113612, 0.07309524863665685, 0.013798654496005123, 0.014103350287573313, 0.07609954410500738, 0.01814930664891128, 0.07853633825631885], [0.23956583390244604, 0.2674620175131002, 1.5739173018118566, 0.16398397420785019, 0.1760121899938372, 0.25123473037030264, 0.28708828138349285, 0.27999754965673157, 0.20291636327628476, 0.0582347663125102, 0.09963365506388999, 0.009693001806530164, 0.005814246999745428, 0.0043474785137772665, 0.005544092537979601, 0.009944489750972153, 0.012707110192315619, 0.2654568536555499, 0.1121134316540613, 0.10668565238852197, 0.09758190932511839, 0.09586776861801276, 0.09804311812037465, 0.10681985034858862, 0.051570796051866215, 0.010559599134538706, 0.006219544237242574, 0.007105237929814038, 0.009267250425448357, 0.011886263544552614, 0.04718479842519359, 0.0005175193369216844, 0.0010438129713836476, 0.00400310173194683, 0.007715999927775629, 0.05112259842547809, -0.0004057947345582339, -0.0030278751402117972, 0.00020933990275170082, 0.049334573147932645, 0.007940708126930533, 0.006538267939036126, 0.0558536454742271, 0.011836356650183677, 0.0546286842834777], [0.13981899234574457, 0.2982649473202376, 0.16398397420785019, 1.6702971581494168, 0.2258132602577788, 0.2941422241370763, 0.3020138521817678, 0.2835761965233098, 0.24360545110650839, 0.057724054317648314, 0.018939257328014117, 0.10422161717138867, 0.011667413916281974, 0.008914345626918325, 0.008719925894221402, 0.013375203471657778, 0.018825038209067113, 0.06234730653532235, 0.12251141882615225, 0.024889795629316747, 0.015009846202339631, 0.010685846765667197, 0.01258868391513381, 0.02535386228295512, 0.26226363220359034, 0.11189735493947055, 0.10449528680296644, 0.10406709741317452, 0.10581167315093791, 0.1111181584921571, 0.0488362641579393, 0.006828401730592595, 0.005574887475073335, 0.0084447150401883, 0.015396146459779308, 0.05113206269474588, 0.0024789264724113876, -0.0011223908956580206, 0.005623119122252726, 0.04530655495435856, 0.00985966321176101, 0.011218233082321715, 0.05216789880797452, 0.01679936692326603, 0.055651181604615685], [0.09467568233656157, 0.3408449628036584, 0.1760121899938372, 0.2258132602577788, 1.7418449570085106, 0.3774439243749975, 0.39061605383817516, 0.35129704028572917, 0.27698640777807515, 0.06278219233852565, 0.02399679840482153, 0.020754484243974632, 0.10465562748037494, 0.014703711132106912, 0.014681255659185594, 0.01917711003268628, 0.024085616873421152, 0.06748650551716227, 0.03591144851318858, 0.12362502882659882, 0.02172870953005628, 0.017160427357407044, 0.018562564642957934, 0.03138843253230925, 0.05796536950552886, 0.11829537293430205, 0.019809642667552158, 0.019141536952772355, 0.02053921234719532, 0.025531579192608345, 0.2626090953428699, 0.10482635640613008, 0.10409677033358652, 0.10614645128705733, 0.1119057290362891, 0.059246554096276466, 0.010285553986524995, 0.0054050665016538955, 0.011520360618980693, 0.05350826138509455, 0.01785099839013789, 0.017925164049951963, 0.05931962776824214, 0.023391853763730975, 0.060825611897129324], [-0.027278659596384053, 0.40117518561599197, 0.25123473037030264, 0.2941422241370763, 0.3774439243749975, 1.8497653342222282, 0.4874221629582801, 0.4901907212800441, 0.38523988763716516, 0.06760147037862417, 0.03553188032531094, 0.03080133834527296, 0.02725193730088866, 0.10554094293785879, 0.02238153677559073, 0.03046654272604872, 0.03594723284183617, 0.07878162091617971, 0.05258418832548679, 0.04871381304089684, 0.12120855170933903, 0.029088611805720692, 0.033801259894251555, 0.04841674640310345, 0.06635212824665543, 0.040725118495754456, 0.11827351969233343, 0.030340976313004153, 0.03517039737121129, 0.040710664702643326, 0.06456586537164398, 0.11178079427624524, 0.023890450661536534, 0.02989772290504024, 0.03698686473562388, 0.2623446001666879, 0.10459963242039597, 0.10174993611127724, 0.10817079635871349, 0.058967334777646006, 0.03084641768954271, 0.03035816795339058, 0.07140041029236212, 0.03975446241907278, 0.07200048858243575], [-0.016819798749580252, 0.4074777979310595, 0.28708828138349285, 0.3020138521817678, 0.39061605383817516, 0.4874221629582801, 1.9290291200399265, 0.39860027718574376, 0.34041036660538265, 0.06845595518502287, 0.03721972598478184, 0.031157875973195814, 0.027911955962942978, 0.023246260465722274, 0.10939824449914572, 0.026021082502952462, 0.03368398312573816, 0.0825206404452284, 0.054581417431079096, 0.05110045304763607, 0.03715443043494226, 0.121908588069507, 0.030368575777341332, 0.047433110649302244, 0.06752398268341564, 0.04155823660493136, 0.032165589292589565, 0.12213592656639215, 0.030018946574774923, 0.03816067626527075, 0.06635543195361035, 0.026645651509904295, 0.11553282794969469, 0.024996593173604205, 0.034726298259961624, 0.06773022863200083, 0.10967665659914069, 0.011139096635562177, 0.02059548452992386, 0.26497649043889515, 0.11526371463992027, 0.116872184034694, 0.062079796032214224, 0.03194008222711229, 0.067875477404534], [0.05839955516008626, 0.35387840946664884, 0.27999754965673157, 0.2835761965233098, 0.35129704028572917, 0.4901907212800441, 0.39860027718574376, 1.7972556697468618, 0.2872178905654007, 0.06553252044081448, 0.031373583168208166, 0.025368590511116788, 0.021850260405430536, 0.0202174524809421, 0.015103112828406583, 0.10606649978252541, 0.026381595944321948, 0.08112852972991116, 0.04844893335358447, 0.04463623043920895, 0.03491877757643769, 0.024187019947513363, 0.1159282923272646, 0.04026481206376328, 0.06658286784665228, 0.03542268426515424, 0.029947194329029612, 0.02324883378011195, 0.11554505227358496, 0.031255093701765, 0.06446548329061193, 0.02431559973784495, 0.016999290773039605, 0.10973661687738273, 0.02750719885278888, 0.07159598031844308, 0.01548926071557475, 0.0994861885375532, 0.017485354215684167, 0.05383360968740023, 0.10706796868556963, 0.018862671191735503, 0.2638098654428794, 0.11340679171963929, 0.06407644296606575], [0.24511461936019485, 0.2920234435573366, 0.20291636327628476, 0.24360545110650839, 0.27698640777807515, 0.38523988763716516, 0.34041036660538265, 0.2872178905654007, 1.6904489382150374, 0.06559662872365692, 0.018218329715852792, 0.015082593258699054, 0.011463383788391525, 0.010485589547548493, 0.007740887690724634, 0.010803354090239754, 0.10228570287679539, 0.07450054845928239, 0.03123024280968816, 0.02719740361598328, 0.019586881801956148, 0.012571181231864117, 0.012689031422944003, 0.11574016240602202, 0.0658518868274373, 0.021786529821651333, 0.01785523892033319, 0.014092421281355016, 0.014141080043175542, 0.11083045171950753, 0.06255713177409201, 0.012341070453870024, 0.008138119548412419, 0.009059037032776192, 0.10619667603045399, 0.06863168156681984, 0.007270634899774055, 0.001814929439702818, 0.09780237231915645, 0.05756497804948114, 0.009482759954421575, 0.10037341143021859, 0.06057093953912453, 0.10371827968933651, 0.26777788704158545], [0.41783348886689253, 0.27498911432842016, 0.0582347663125102, 0.057724054317648314, 0.06278219233852565, 0.06760147037862417, 0.06845595518502287, 0.06553252044081448, 0.06559662872365692, 0.23732179908370457, -0.01915295591043756, -0.02012335744959688, -0.019774538780017885, -0.01998682475589913, -0.019994134039047647, -0.01967312646243323, -0.018364554463432242, 0.041042393628236785, -0.0023775732138094094, -0.0026559955929978314, -0.0032873335723707904, -0.0034935344490162963, -0.0035430654386334848, -0.002697353879456298, 0.04041493781840115, -0.003163481625392471, -0.003506279945107001, -0.0035812481876534422, -0.003666044485092236, -0.0031885731980583957, 0.04038660671251163, -0.0035194352222708107, -0.0035995064711959335, -0.0037005817603420915, -0.003300809122125132, 0.040171740691234616, -0.003476764505483172, -0.0038545611342630146, -0.0036506305841606888, 0.04031523102833388, -0.00348511942263877, -0.0034742959760280033, 0.04015384686271735, -0.003479367583274378, 0.04064727073809281], [-0.1326544640356626, 0.10964522995538414, 0.09963365506388999, 0.018939257328014117, 0.02399679840482153, 0.03553188032531094, 0.03721972598478184, 0.031373583168208166, 0.018218329715852792, -0.01915295591043756, 0.16088991361897748, 0.00905875931883306, 0.00927077932522291, 0.009229150593165016, 0.00892922313734831, 0.008742221252567805, 0.008487804206696524, -0.013372811762398951, 0.009654746369313742, 0.009667243113382632, 0.008884572320586587, 0.008517419004589143, 0.008335976881777543, 0.008723571219482145, -0.003719623016422767, -2.62810290042018e-05, 5.4612902576581764e-05, 0.00028106803668563173, -0.00010642401057940508, -0.0007709504282370219, -0.0033290087305871273, -0.000420778957832985, -0.0003249708617124929, -0.00048495085562658987, -0.0007296063869499242, -0.0019411902051534493, -0.00027576444290244086, -0.0013835729691107394, -0.0013373561013786455, -0.0027480192271975086, 0.0007174056149261849, -7.471654074683428e-05, -0.0021820315502413617, 0.00021782477983770215, -0.0034863737639426223], [-0.13577781238443404, 0.10643667887238764, 0.009693001806530164, 0.10422161717138867, 0.020754484243974632, 0.03080133834527296, 0.031157875973195814, 0.025368590511116788, 0.015082593258699054, -0.02012335744959688, 0.00905875931883306, 0.160673545379603, 0.009474900038617274, 0.009411670406113196, 0.00933467669244773, 0.00925848578889069, 0.008781248724145015, -0.0036228801847796592, 0.008973030152310978, 0.00028760324655659696, -0.00013934971070850578, -0.0006632459658846983, -0.0011329958844763367, -0.0004686112832231703, -0.014609038857376792, 0.009099821921641844, 0.008721659280579965, 0.008683838812883154, 0.008566856579299963, 0.008295976166198071, -0.003451772495614643, -0.0003650320771160689, -0.0004871353296996248, -0.0006464657442808273, -0.0004995865895097098, -0.0023945799288064592, -0.0004926735168950515, -0.0015472396010446964, -0.0012327124771545138, -0.0034167914811552924, 0.00021665969429147188, -0.0002931313099337021, -0.0029459901364656737, -3.644646728392773e-05, -0.0035991731450075006], [-0.13343042946699846, 0.10234583768327321, 0.005814246999745428, 0.011667413916281974, 0.10465562748037494, 0.02725193730088866, 0.027911955962942978, 0.021850260405430536, 0.011463383788391525, -0.019774538780017885, 0.00927077932522291, 0.009474900038617274, 0.16015809741284423, 0.009057973365114132, 0.008936988357326817, 0.009009994048118386, 0.008791760720114075, -0.0038822422625432867, -0.00026132221755168714, 0.008171322784120404, -8.809904916315698e-05, -0.0004986738612103029, -0.0010249657463609757, -0.0006602119291570323, -0.003968586373823802, 0.008311178693311029, 7.96550920498892e-05, 0.00010063127465575431, -0.00033576349953927577, -0.000679884899337435, -0.015206360076100737, 0.00781835392171526, 0.007744426519109039, 0.00779529568226579, 0.007639819893143404, -0.0023329503737844455, -0.00019111300205507123, -0.0011845137428697558, -0.0009897235797410393, -0.003203383600451185, 0.0004264667532489084, -0.00011240098824069066, -0.0028692533210220895, 1.8448911395627835e-05, -0.003670125713787619], [-0.1334940824354813, 0.09773242459660106, 0.0043474785137772665, 0.008914345626918325, 0.014703711132106912, 0.10554094293785879, 0.023246260465722274, 0.0202174524809421, 0.010485589547548493, -0.01998682475589913, 0.009229150593165016, 0.009411670406113196, 0.009057973365114132, 0.16044091949632897, 0.008629963883357277, 0.008394745691347162, 0.008392800454670236, -0.0034095953495342484, 8.473680813196142e-05, 0.0005088780069960507, 0.007631131151471134, -0.00016644062599933628, -6.654606617920933e-05, 0.000147922031996256, -0.0037088013656567803, 0.0002853769850657319, 0.007844279612545295, 0.00021020154492011232, 0.0003279702777431367, -4.6249951447303746e-05, -0.003085115606308359, 0.007603619469607771, 4.667458732350406e-06, 0.00025572736967464037, 0.00018412293895626926, -0.01461972242503792, 0.007315314306007319, 0.007166638459056637, 0.007165795551915926, -0.0031384919137830815, 0.0008091440576499778, 0.00029228788773654163, -0.002264026679708799, 0.000904501913283797, -0.0029593495263207843], [-0.1349097893433463, 0.09758826311841737, 0.005544092537979601, 0.008719925894221402, 0.014681255659185594, 0.02238153677559073, 0.10939824449914572, 0.015103112828406583, 0.007740887690724634, -0.019994134039047647, 0.00892922313734831, 0.00933467669244773, 0.008936988357326817, 0.008629963883357277, 0.16000062602972087, 0.009096975988432853, 0.008747393199331457, -0.0029627056218048875, 0.000382177929198897, 0.0008236447229225356, 0.00044220506890190413, 0.008426897670769096, -0.0007650927354752996, -6.744356835921242e-05, -0.0036655420683634615, 0.0003865040550439166, 0.0002824719719747212, 0.008756301830395916, -0.0005088293028116525, -0.00045314012352345946, -0.0029951057406237282, 0.00018644554332253302, 0.008422907333433685, -0.0004395103810372976, -0.00012549600149416038, -0.0023550464257717863, 0.008092826325565402, -0.00110240733886885, -0.0006749596899365762, -0.01486971449257546, 0.008522609047494037, 0.008329223739783129, -0.003333828076114357, -0.0003010599570945938, -0.003592859531138153], [-0.13758074672912554, 0.10041267870984044, 0.009944489750972153, 0.013375203471657778, 0.01917711003268628, 0.03046654272604872, 0.026021082502952462, 0.10606649978252541, 0.010803354090239754, -0.01967312646243323, 0.008742221252567805, 0.00925848578889069, 0.009009994048118386, 0.008394745691347162, 0.009096975988432853, 0.16002286629960735, 0.00897762431331257, -0.0023902487844407734, 0.0012394198950554166, 0.0015099166019876655, 0.0014501190352893879, 4.768712054907496e-05, 0.007402947792374555, 0.0003406459011499535, -0.0032727741483056846, 0.0009822292438200256, 0.001219269323301547, 0.00029216960852030506, 0.007943020484670544, -0.00011894441223826744, -0.0027948650061572896, 0.0009287863731951, 1.304362778868207e-05, 0.007747930144861879, 9.350205814825794e-05, -0.001590738099449573, 0.00029326328121865843, 0.0071743967074725905, -0.00013714373760677324, -0.003464188722242945, 0.007919898258298723, -0.00023020943774945102, -0.015257112049076347, 0.0077414257201692946, -0.003681836339220699], [-0.13565188420533353, 0.10469696715780397, 0.012707110192315619, 0.018825038209067113, 0.024085616873421152, 0.03594723284183617, 0.03368398312573816, 0.026381595944321948, 0.10228570287679539, -0.018364554463432242, 0.008487804206696524, 0.008781248724145015, 0.008791760720114075, 0.008392800454670236, 0.008747393199331457, 0.00897762431331257, 0.1596373046900722, -0.002645133304518631, 0.0012395617114598044, 0.0013898183161071174, 0.001189434069382358, 0.00014216010910614053, -0.0005584706809875464, 0.0083163212165557, -0.0029074019024592597, 0.001179471488846607, 0.0012789624286016284, 0.0007462714334568245, 0.00015539087952227626, 0.008473908585695867, -0.002605295780994744, 0.000805600640784822, 0.0002378969897347575, -0.00011195096954379771, 0.0084469277002646, -0.0013447799810585935, 0.00038267180219992303, -0.000767358175677091, 0.007797457601427872, -0.00289275976299197, 0.000531269394843959, 0.008307804091124235, -0.0027441091232951313, 0.00855688976703469, -0.015779924967854547], [0.3938863794905623, 0.09061564261260376, 0.2654568536555499, 0.06234730653532235, 0.06748650551716227, 0.07878162091617971, 0.0825206404452284, 0.08112852972991116, 0.07450054845928239, 0.041042393628236785, -0.013372811762398951, -0.0036228801847796592, -0.0038822422625432867, -0.0034095953495342484, -0.0029627056218048875, -0.0023902487844407734, -0.002645133304518631, 0.23043328640551247, -0.01749246588982575, -0.017540880780936536, -0.018008107691645032, -0.017678893585564466, -0.016783122208570995, -0.015467324774087745, 0.03770787695225648, -0.0053618819801752255, -0.004828037111062664, -0.004201383683497585, -0.0039041377781357366, -0.004580434000371038, 0.0378444909502261, -0.005135482711481102, -0.004628092090442631, -0.004297851873208908, -0.004827190928279555, 0.03931798390734194, -0.004102807329875003, -0.004539758517439089, -0.0048537239333416955, 0.039684241527921674, -0.0029047726674632703, -0.0036521821059315646, 0.040133197036529775, -0.0029770582764240944, 0.039261240591592944], [-0.16637778956590268, 0.03604699522540628, 0.1121134316540613, 0.12251141882615225, 0.03591144851318858, 0.05258418832548679, 0.054581417431079096, 0.04844893335358447, 0.03123024280968816, -0.0023775732138094094, 0.009654746369313742, 0.008973030152310978, -0.00026132221755168714, 8.473680813196142e-05, 0.000382177929198897, 0.0012394198950554166, 0.0012395617114598044, -0.01749246588982575, 0.16627925990197673, 0.012632570623233322, 0.011646488952959678, 0.011003808194555766, 0.010751627240682961, 0.011388971169413068, -0.01818737394474489, 0.011710517201040178, 0.011433158964101518, 0.01126131340386587, 0.01088137166124946, 0.010327453207223345, -0.004700754633428213, -0.0006654775474200583, -0.0004815371451427241, -0.00015451710006714257, -0.0002609059901330886, -0.002347791276522097, -0.0003102187442507453, -0.0014807977425650737, -0.001229441511026639, -0.0034077370226374293, 0.001566334279010701, 0.0005792215608922702, -0.0021395832368190136, 0.0015695010328303372, -0.0036166294902681977], [-0.16989462790341575, 0.03226051009826509, 0.10668565238852197, 0.024889795629316747, 0.12362502882659882, 0.04871381304089684, 0.05110045304763607, 0.04463623043920895, 0.02719740361598328, -0.0026559955929978314, 0.009667243113382632, 0.00028760324655659696, 0.008171322784120404, 0.0005088780069960507, 0.0008236447229225356, 0.0015099166019876655, 0.0013898183161071174, -0.017540880780936536, 0.012632570623233322, 0.1651442591603646, 0.011581348867848087, 0.010963471108229704, 0.010746951001325208, 0.011429933049856152, -0.005197699637818473, 0.010739704761713943, 0.000632212062775884, 0.0010300567739647676, 0.0009269944248598545, 0.0001270150574945201, -0.019086500629274344, 0.010365404502939955, 0.010042744843629913, 0.009765090677842142, 0.009526954584031383, -0.0023846755955019916, 0.0003639497691295807, -0.0008061906273214621, -0.0006488007763201639, -0.003338808460128399, 0.0020270410459990963, 0.0010643392126594375, -0.0022700435481885213, 0.001847233396804575, -0.003808605144771024], [-0.16373310016241036, 0.021704887346151343, 0.09758190932511839, 0.015009846202339631, 0.02172870953005628, 0.12120855170933903, 0.03715443043494226, 0.03491877757643769, 0.019586881801956148, -0.0032873335723707904, 0.008884572320586587, -0.00013934971070850578, -8.809904916315698e-05, 0.007631131151471134, 0.00044220506890190413, 0.0014501190352893879, 0.001189434069382358, -0.018008107691645032, 0.011646488952959678, 0.011581348867848087, 0.16366604444323907, 0.010049634630125466, 0.009996305120404734, 0.010580294387778084, -0.005255787551996807, 3.326548464409919e-05, 0.009855739765912395, 0.0005547428617564443, 0.0011761747470991411, 0.00032906281332659897, -0.0045059226972993345, 0.009790450255141874, 6.711792074697179e-05, 0.0008514559765307336, 0.0004912346858853049, -0.018013595614385185, 0.00911677368921387, 0.00847091385070025, 0.008523837613919975, -0.0038567835903140354, 0.0019165020788837548, 0.0010169420860786337, -0.0022421400656630207, 0.0022513604634101115, -0.003406397214088471], [-0.15546351769142727, 0.0172455917275361, 0.09586776861801276, 0.010685846765667197, 0.017160427357407044, 0.029088611805720692, 0.121908588069507, 0.024187019947513363, 0.012571181231864117, -0.0034935344490162963, 0.008517419004589143, -0.0006632459658846983, -0.0004986738612103029, -0.00016644062599933628, 0.008426897670769096, 4.768712054907496e-05, 0.00014216010910614053, -0.017678893585564466, 0.011003808194555766, 0.010963471108229704, 0.010049634630125466, 0.16339860567977624, 0.009395895276284948, 0.009965638027703378, -0.005471505545722617, -0.0005485196288215946, -0.0002445241175059452, 0.010918977333230006, -0.000770542305723597, -0.00104333100458167, -0.004591105283908616, -0.0004310676898764703, 0.010803093470797989, -0.0008423208627819359, -0.0006857839758675902, -0.0032118475647426154, 0.010293154351726471, -0.0015394709089886242, -0.0011652207117649302, -0.018049855896463598, 0.009887429681009745, 0.009841650067430359, -0.0037586856746631464, -1.3286898832653781e-05, -0.004487458316119411], [-0.14598967009901284, 0.01759880802325709, 0.09804311812037465, 0.01258868391513381, 0.018562564642957934, 0.033801259894251555, 0.030368575777341332, 0.1159282923272646, 0.012689031422944003, -0.0035430654386334848, 0.008335976881777543, -0.0011329958844763367, -0.0010249657463609757, -6.654606617920933e-05, -0.0007650927354752996, 0.007402947792374555, -0.0005584706809875464, -0.016783122208570995, 0.010751627240682961, 0.010746951001325208, 0.009996305120404734, 0.009395895276284948, 0.16238064341108846, 0.009714181917561024, -0.005249432912173892, -0.0007724773247928357, 0.00030462299546594584, -0.000795791973287171, 0.00918928481090757, -0.0016005816319748548, -0.004530977517161478, -4.526534920925346e-05, -0.0011847201832173835, 0.009254024695239125, -0.0013217240400540259, -0.002204121303186741, -0.00037703116989520804, 0.008766623663909824, -0.001056286740756075, -0.0043827076619282306, 0.009122925335059831, -0.0009727312272567503, -0.018172989436654234, 0.0085230691477468, -0.00477663207113462], [-0.15104348074990173, 0.02919036899130424, 0.10681985034858862, 0.02535386228295512, 0.03138843253230925, 0.04841674640310345, 0.047433110649302244, 0.04026481206376328, 0.11574016240602202, -0.002697353879456298, 0.008723571219482145, -0.0004686112832231703, -0.0006602119291570323, 0.000147922031996256, -6.744356835921242e-05, 0.0003406459011499535, 0.0083163212165557, -0.015467324774087745, 0.011388971169413068, 0.011429933049856152, 0.010580294387778084, 0.009965638027703378, 0.009714181917561024, 0.1634004195090143, -0.004360881065593462, 0.00013389093263826822, 0.0009003786977004884, 0.00046410944368971446, 3.1080599145040534e-05, 0.009861066897299937, -0.003986721125510554, 0.000157566090434742, -0.0003785552367914154, -0.0005255093567503019, 0.01008280613050134, -0.0013651856169129418, 0.00014827862568649348, -0.00119507372265425, 0.009469221333769191, -0.003119843711692465, 0.0009860181260893006, 0.009936240310696568, -0.002437039448886153, 0.00995075642774835, -0.01900387334994906], [0.4011069764977442, 0.08128939671513317, 0.051570796051866215, 0.26226363220359034, 0.05796536950552886, 0.06635212824665543, 0.06752398268341564, 0.06658286784665228, 0.0658518868274373, 0.04041493781840115, -0.003719623016422767, -0.014609038857376792, -0.003968586373823802, -0.0037088013656567803, -0.0036655420683634615, -0.0032727741483056846, -0.0029074019024592597, 0.03770787695225648, -0.01818737394474489, -0.005197699637818473, -0.005255787551996807, -0.005471505545722617, -0.005249432912173892, -0.004360881065593462, 0.22866284701821216, -0.018907395717900323, -0.01918193960576486, -0.019122960464152194, -0.01841816951045714, -0.016853102349797703, 0.0377523963633726, -0.005287141203283086, -0.005305724618882113, -0.005094478700159779, -0.004740347489482108, 0.03848640191834064, -0.00484632919077103, -0.00520089695792797, -0.004923601091907514, 0.03843665198749214, -0.004275880769579483, -0.004419674601904138, 0.03874790586379962, -0.003942926626253391, 0.03904845024289839], [-0.1689063506785611, 0.02626551879987433, 0.010559599134538706, 0.11189735493947055, 0.11829537293430205, 0.040725118495754456, 0.04155823660493136, 0.03542268426515424, 0.021786529821651333, -0.003163481625392471, -2.62810290042018e-05, 0.009099821921641844, 0.008311178693311029, 0.0002853769850657319, 0.0003865040550439166, 0.0009822292438200256, 0.001179471488846607, -0.0053618819801752255, 0.011710517201040178, 0.010739704761713943, 3.326548464409919e-05, -0.0005485196288215946, -0.0007724773247928357, 0.00013389093263826822, -0.018907395717900323, 0.16422432978991455, 0.011198074411428382, 0.01106975065757752, 0.010858514305525941, 0.010557129555205538, -0.019863064334218725, 0.010364163162207835, 0.010189536355360074, 0.010006548092264145, 0.009672823862466779, -0.0030105340033384793, -9.521718486631475e-05, -0.0011997996226616944, -0.0007473923381581446, -0.004204318846284841, 0.001192454345967578, 0.0005633103979563472, -0.0032606061344776192, 0.001244866406585548, -0.004068031139864429], [-0.16653640238768022, 0.019208929432857524, 0.006219544237242574, 0.10449528680296644, 0.019809642667552158, 0.11827351969233343, 0.032165589292589565, 0.029947194329029612, 0.01785523892033319, -0.003506279945107001, 5.4612902576581764e-05, 0.008721659280579965, 7.96550920498892e-05, 0.007844279612545295, 0.0002824719719747212, 0.001219269323301547, 0.0012789624286016284, -0.004828037111062664, 0.011433158964101518, 0.000632212062775884, 0.009855739765912395, -0.0002445241175059452, 0.00030462299546594584, 0.0009003786977004884, -0.01918193960576486, 0.011198074411428382, 0.16353224174598532, 0.010447223011187216, 0.01023550514090647, 0.010090486498547406, -0.004478146639659926, 0.009925573841473464, -3.887789246357885e-05, 0.0006723524703533021, 0.0007486765959227409, -0.018877872890445416, 0.00949997932244689, 0.008894121174699217, 0.008690676090123339, -0.0043488782286720574, 0.0014855019740967338, 0.0008808467426388592, -0.0028186235760130083, 0.0020227193485413005, -0.0034847264771203715], [-0.1668120833774543, 0.018122646671495254, 0.007105237929814038, 0.10406709741317452, 0.019141536952772355, 0.030340976313004153, 0.12213592656639215, 0.02324883378011195, 0.014092421281355016, -0.0035812481876534422, 0.00028106803668563173, 0.008683838812883154, 0.00010063127465575431, 0.00021020154492011232, 0.008756301830395916, 0.00029216960852030506, 0.0007462714334568245, -0.004201383683497585, 0.01126131340386587, 0.0010300567739647676, 0.0005547428617564443, 0.010918977333230006, -0.000795791973287171, 0.00046410944368971446, -0.019122960464152194, 0.01106975065757752, 0.010447223011187216, 0.16353027706606266, 0.010291494091962254, 0.010095343121873566, -0.004391626176216778, 0.00013409507732962828, 0.01105201057118679, -0.0004365116617132761, 0.00018009902937599667, -0.0033230835170796964, 0.010622614060562257, -0.0013491301326683791, -0.0006292651236236027, -0.019303721849814916, 0.010688864951967959, 0.010187458103418237, -0.004190250791003033, 0.00037309284242477626, -0.004296679219357361], [-0.15909671977897324, 0.018437001094711553, 0.009267250425448357, 0.10581167315093791, 0.02053921234719532, 0.03517039737121129, 0.030018946574774923, 0.11554505227358496, 0.014141080043175542, -0.003666044485092236, -0.00010642401057940508, 0.008566856579299963, -0.00033576349953927577, 0.0003279702777431367, -0.0005088293028116525, 0.007943020484670544, 0.00015539087952227626, -0.0039041377781357366, 0.01088137166124946, 0.0009269944248598545, 0.0011761747470991411, -0.000770542305723597, 0.00918928481090757, 3.1080599145040534e-05, -0.01841816951045714, 0.010858514305525941, 0.01023550514090647, 0.010291494091962254, 0.16282094279099402, 0.009915480878216993, -0.004356187127202988