{
    "name": "Total Decomposition",
    "rational_expression": "263*x1**4/1250 - 173*x1**3*x2/5000 - 889*x1**3*x3/25000 - 841*x1**3*x4/25000 - 1783*x1**3*x5/50000 - 3549*x1**3*x6/100000 - 433*x1**3*x7/12500 - 1417*x1**3*x8/50000 + 4817*x1**3/10000 + 2127*x1**2*x2**2/10000 + 9119*x1**2*x2*x3/1000000 + 1799*x1**2*x2*x4/250000 + 28*x1**2*x2*x5/3125 + 9363*x1**2*x2*x6/1000000 + 8901*x1**2*x2*x7/1000000 + 481*x1**2*x2*x8/62500 + 2947*x1**2*x2/10000 + 2121*x1**2*x3**2/10000 + 8379*x1**2*x3*x4/1000000 + 4783*x1**2*x3*x5/500000 + 1007*x1**2*x3*x6/100000 + 4481*x1**2*x3*x7/500000 + 8019*x1**2*x3*x8/1000000 + 1467*x1**2*x3/5000 + 2141*x1**2*x4**2/10000 + 2101*x1**2*x4*x5/250000 + 4633*x1**2*x4*x6/500000 + 9261*x1**2*x4*x7/1000000 + 3913*x1**2*x4*x8/500000 + 3041*x1**2*x4/10000 + 53*x1**2*x5**2/250 + 1193*x1**2*x5*x6/125000 + 9891*x1**2*x5*x7/1000000 + 3907*x1**2*x5*x8/500000 + 2903*x1**2*x5/10000 + 2133*x1**2*x6**2/10000 + 9683*x1**2*x6*x7/1000000 + 1023*x1**2*x6*x8/125000 + 184*x1**2*x6/625 + 2131*x1**2*x7**2/10000 + 8089*x1**2*x7*x8/1000000 + 1481*x1**2*x7/5000 + 2131*x1**2*x8**2/10000 + 1591*x1**2*x8/5000 + 1121*x1**2/500 - 94*x1*x2**3/3125 + 8697*x1*x2**2*x3/1000000 + 7897*x1*x2**2*x4/1000000 + 1863*x1*x2**2*x5/200000 + 4211*x1*x2**2*x6/500000 + 1823*x1*x2**2*x7/200000 + 877*x1*x2**2*x8/100000 + 196*x1*x2**2/625 + 479*x1*x2*x3**2/50000 - 467*x1*x2*x3*x4/2000000 - 1099*x1*x2*x3*x5/25000000 - 1749*x1*x2*x3*x6/2500000 - 217*x1*x2*x3*x7/1250000 - 7593*x1*x2*x3*x8/10000000 + 9703*x1*x2*x3/100000 + 1067*x1*x2*x4**2/100000 - 257*x1*x2*x4*x5/10000000 - 133*x1*x2*x4*x6/125000 - 3339*x1*x2*x4*x7/10000000 - 6773*x1*x2*x4*x8/100000000 + 931*x1*x2*x4/10000 + 9749*x1*x2*x5**2/1000000 + 1977*x1*x2*x5*x6/200000000 + 1389*x1*x2*x5*x7/10000000 + 237*x1*x2*x5*x8/20000000 + 499*x1*x2*x5/5000 + 9043*x1*x2*x6**2/1000000 + 773*x1*x2*x6*x7/20000000 - 3863*x1*x2*x6*x8/10000000 + 487*x1*x2*x6/5000 + 951*x1*x2*x7**2/100000 + 309*x1*x2*x7*x8/2000000 + 1003*x1*x2*x7/10000 + 9101*x1*x2*x8**2/1000000 + 4617*x1*x2*x8/50000 + 609*x1*x2/2500 - 2977*x1*x3**3/100000 + 7867*x1*x3**2*x4/1000000 + 2433*x1*x3**2*x5/250000 + 919*x1*x3**2*x6/100000 + 2473*x1*x3**2*x7/250000 + 4457*x1*x3**2*x8/500000 + 1559*x1*x3**2/5000 + 387*x1*x3*x4**2/40000 - 29*x1*x3*x4*x5/156250 - 1139*x1*x3*x4*x6/25000000 - 7669*x1*x3*x4*x7/100000000 + 1053*x1*x3*x4*x8/5000000 + 9371*x1*x3*x4/100000 + 933*x1*x3*x5**2/100000 + 1977*x1*x3*x5*x6/10000000 + 2313*x1*x3*x5*x7/10000000 - 3251*x1*x3*x5*x8/10000000 + 1029*x1*x3*x5/10000 + 1817*x1*x3*x6**2/200000 + 399*x1*x3*x6*x7/12500000 - 3*x1*x3*x6*x8/16000 + 257*x1*x3*x6/2500 + 9069*x1*x3*x7**2/1000000 + 921*x1*x3*x7*x8/5000000 + 513*x1*x3*x7/5000 + 4151*x1*x3*x8**2/500000 + 4567*x1*x3*x8/50000 + 3507*x1*x3/10000 - 2947*x1*x4**3/100000 + 1031*x1*x4**2*x5/100000 + 32*x1*x4**2*x6/3125 + 553*x1*x4**2*x7/50000 + 9803*x1*x4**2*x8/1000000 + 1561*x1*x4**2/5000 + 8197*x1*x4*x5**2/1000000 - 719*x1*x4*x5*x6/2500000 - 1007*x1*x4*x5*x7/2500000 - 7*x1*x4*x5*x8/12500 + 9659*x1*x4*x5/100000 + 473*x1*x4*x6**2/62500 - 5179*x1*x4*x6*x7/100000000 - 3933*x1*x4*x6*x8/10000000 + 4927*x1*x4*x6/50000 + 501*x1*x4*x7**2/62500 + 1281*x1*x4*x7*x8/25000000 + 1021*x1*x4*x7/10000 + 7547*x1*x4*x8**2/1000000 + 2241*x1*x4*x8/25000 + 2069*x1*x4/5000 - 2931*x1*x5**3/100000 + 9059*x1*x5**2*x6/1000000 + 9249*x1*x5**2*x7/1000000 + 8761*x1*x5**2*x8/1000000 + 197*x1*x5**2/625 + 39*x1*x5*x6**2/4000 + 5181*x1*x5*x6*x7/10000000 + 9953*x1*x5*x6*x8/100000000 + 261*x1*x5*x6/2500 + 9417*x1*x5*x7**2/1000000 + 7713*x1*x5*x7*x8/100000000 + 517*x1*x5*x7/5000 + 8703*x1*x5*x8**2/1000000 + 9083*x1*x5*x8/100000 + 1249*x1*x5/5000 - 601*x1*x6**3/20000 + 9217*x1*x6**2*x7/1000000 + 8973*x1*x6**2*x8/1000000 + 627*x1*x6**2/2000 + 9201*x1*x6*x7**2/1000000 + 5919*x1*x6*x7*x8/10000000 + 511*x1*x6*x7/5000 + 4227*x1*x6*x8**2/500000 + 9397*x1*x6*x8/100000 + 929*x1*x6/5000 - 1479*x1*x7**3/50000 + 567*x1*x7**2*x8/62500 + 787*x1*x7**2/2500 + 1863*x1*x7*x8**2/200000 + 4799*x1*x7*x8/50000 + 763*x1*x7/5000 - 199*x1*x8**3/6250 + 1519*x1*x8**2/5000 + 2727*x1*x8/10000 + 1253*x1/2500 + 1031*x2**4/5000 - 3487*x2**3*x3/100000 - 3267*x2**3*x4/100000 - 1771*x2**3*x5/50000 - 3447*x2**3*x6/100000 - 3397*x2**3*x7/100000 - 1383*x2**3*x8/50000 + 4731*x2**3/10000 + 132*x2**2*x3**2/625 + 219*x2**2*x3*x4/25000 + 9509*x2**2*x3*x5/1000000 + 9501*x2**2*x3*x6/1000000 + 9197*x2**2*x3*x7/1000000 + 1619*x2**2*x3*x8/200000 + 1479*x2**2*x3/5000 + 133*x2**2*x4**2/625 + 4483*x2**2*x4*x5/500000 + 909*x2**2*x4*x6/100000 + 183*x2**2*x4*x7/20000 + 1043*x2**2*x4*x8/125000 + 3057*x2**2*x4/10000 + 2119*x2**2*x5**2/10000 + 383*x2**2*x5*x6/40000 + 207*x2**2*x5*x7/20000 + 4137*x2**2*x5*x8/500000 + 2953*x2**2*x5/10000 + 133*x2**2*x6**2/625 + 9853*x2**2*x6*x7/1000000 + 4043*x2**2*x6*x8/500000 + 2969*x2**2*x6/10000 + 427*x2**2*x7**2/2000 + 1697*x2**2*x7*x8/200000 + 3019*x2**2*x7/10000 + 213*x2**2*x8**2/1000 + 129*x2**2*x8/400 + 2283*x2**2/1000 - 209*x2*x3**3/6250 + 1593*x2*x3**2*x4/200000 + 4877*x2*x3**2*x5/500000 + 4977*x2*x3**2*x6/500000 + 63*x2*x3**2*x7/6250 + 2011*x2*x3**2*x8/250000 + 2977*x2*x3**2/10000 + 9961*x2*x3*x4**2/1000000 + 557*x2*x3*x4*x5/2500000 - 1053*x2*x3*x4*x6/5000000 + 1873*x2*x3*x4*x7/20000000 - 2081*x2*x3*x4*x8/50000000 + 973*x2*x3*x4/10000 + 9639*x2*x3*x5**2/1000000 - 2799*x2*x3*x5*x6/10000000 + 1521*x2*x3*x5*x7/5000000 - 2451*x2*x3*x5*x8/10000000 + 517*x2*x3*x5/5000 + 4493*x2*x3*x6**2/500000 + 1699*x2*x3*x6*x7/100000000 - 2587*x2*x3*x6*x8/5000000 + 517*x2*x3*x6/5000 + 9583*x2*x3*x7**2/1000000 + 1243*x2*x3*x7*x8/5000000 + 1057*x2*x3*x7/10000 + 1749*x2*x3*x8**2/200000 + 1121*x2*x3*x8/12500 + 803*x2*x3/2000 - 1629*x2*x4**3/50000 + 53*x2*x4**2*x5/5000 + 551*x2*x4**2*x6/50000 + 539*x2*x4**2*x7/50000 + 1143*x2*x4**2*x8/125000 + 1503*x2*x4**2/5000 + 1631*x2*x4*x5**2/200000 - 1859*x2*x4*x5*x6/5000000 - 2997*x2*x4*x5*x7/50000000 + 7829*x2*x4*x5*x8/100000000 + 4983*x2*x4*x5/50000 + 7501*x2*x4*x6**2/1000000 - 4027*x2*x4*x6*x7/10000000 - 601*x2*x4*x6*x8/2500000 + x2*x4*x6/10 + 3809*x2*x4*x7**2/500000 + 2157*x2*x4*x7*x8/10000000 + 1009*x2*x4*x7/10000 + 3779*x2*x4*x8**2/500000 + 9171*x2*x4*x8/100000 + 639*x2*x4/1250 - 167*x2*x5**3/5000 + 1023*x2*x5**2*x6/100000 + 1239*x2*x5**2*x7/125000 + 4061*x2*x5**2*x8/500000 + 151*x2*x5**2/500 + 4623*x2*x5*x6**2/500000 + 1503*x2*x5*x6*x7/10000000 + 2307*x2*x5*x6*x8/50000000 + 261*x2*x5*x6/2500 + 9751*x2*x5*x7**2/1000000 + 3759*x2*x5*x7*x8/10000000 + 1067*x2*x5*x7/10000 + 8913*x2*x5*x8**2/1000000 + 9291*x2*x5*x8/100000 + 2589*x2*x5/10000 - 411*x2*x6**3/12500 + 383*x2*x6**2*x7/40000 + 8047*x2*x6**2*x8/1000000 + 3027*x2*x6**2/10000 + 267*x2*x6*x7**2/25000 + 2037*x2*x6*x7*x8/10000000 + 1083*x2*x6*x7/10000 + 9773*x2*x6*x8**2/1000000 + 2357*x2*x6*x8/25000 + 429*x2*x6/2500 - 41*x2*x7**3/1250 + 1751*x2*x7**2*x8/200000 + 607*x2*x7**2/2000 + 9367*x2*x7*x8**2/1000000 + 9661*x2*x7*x8/100000 + 863*x2*x7/5000 - 3493*x2*x8**3/100000 + 2929*x2*x8**2/10000 + 3447*x2*x8/10000 + 911*x2/5000 + 129*x3**4/625 - 3293*x3**3*x4/100000 - 857*x3**3*x5/25000 - 3397*x3**3*x6/100000 - 837*x3**3*x7/25000 - 2699*x3**3*x8/100000 + 589*x3**3/1250 + 529*x3**2*x4**2/2500 + 4241*x3**2*x4*x5/500000 + 9983*x3**2*x4*x6/1000000 + 9237*x3**2*x4*x7/1000000 + 2053*x3**2*x4*x8/250000 + 607*x3**2*x4/2000 + 2117*x3**2*x5**2/10000 + 9971*x3**2*x5*x6/1000000 + 213*x3**2*x5*x7/20000 + 1081*x3**2*x5*x8/125000 + 591*x3**2*x5/2000 + 531*x3**2*x6**2/2500 + 207*x3**2*x6*x7/20000 + 843*x3**2*x6*x8/100000 + 119*x3**2*x6/400 + 17*x3**2*x7**2/80 + 8749*x3**2*x7*x8/1000000 + 2989*x3**2*x7/10000 + 1063*x3**2*x8**2/5000 + 401*x3**2*x8/1250 + 1199*x3**2/500 - 1721*x3*x4**3/50000 + x3*x4**2*x5/100 + 1051*x3*x4**2*x6/100000 + 1967*x3*x4**2*x7/200000 + 8901*x3*x4**2*x8/1000000 + 2983*x3*x4**2/10000 + 8859*x3*x4*x5**2/1000000 - 1581*x3*x4*x5*x6/10000000 - 949*x3*x4*x5*x7/2000000 - 11*x3*x4*x5*x8/100000 + 9739*x3*x4*x5/100000 + 213*x3*x4*x6**2/25000 - 11*x3*x4*x6*x7/62500 + 1889*x3*x4*x6*x8/10000000 + 521*x3*x4*x6/5000 + 419*x3*x4*x7**2/50000 + 833*x3*x4*x7*x8/2500000 + 4989*x3*x4*x7/50000 + 1079*x3*x4*x8**2/125000 + 9329*x3*x4*x8/100000 + 4903*x3*x4/10000 - 3393*x3*x5**3/100000 + 201*x3*x5**2*x6/20000 + 9163*x3*x5**2*x7/1000000 + 8441*x3*x5**2*x8/1000000 + 3011*x3*x5**2/10000 + 9557*x3*x5*x6**2/1000000 - 21*x3*x5*x6*x7/100000 + 527*x3*x5*x6*x8/2000000 + 1071*x3*x5*x6/10000 + 9753*x3*x5*x7**2/1000000 + 219*x3*x5*x7*x8/2000000 + 533*x3*x5*x7/5000 + 9389*x3*x5*x8**2/1000000 + 9643*x3*x5*x8/100000 + 157*x3*x5/400 - 431*x3*x6**3/12500 + 1821*x3*x6**2*x7/200000 + 529*x3*x6**2*x8/62500 + 747*x3*x6**2/2500 + 1041*x3*x6*x7**2/100000 + 1771*x3*x6*x7*x8/10000000 + 68*x3*x6*x7/625 + 9767*x3*x6*x8**2/1000000 + 1217*x3*x6*x8/12500 + 1149*x3*x6/5000 - 3461*x3*x7**3/100000 + 8763*x3*x7**2*x8/1000000 + 3*x3*x7**2/10 + 9149*x3*x7*x8**2/1000000 + 1951*x3*x7*x8/20000 + 2311*x3*x7/10000 - 1799*x3*x8**3/50000 + 1459*x3*x8**2/5000 + 4261*x3*x8/10000 + 513*x4**4/2500 - 419*x4**3*x5/12500 - 671*x4**3*x6/20000 - 3233*x4**3*x7/100000 - 1359*x4**3*x8/50000 + 4731*x4**3/10000 + 2119*x4**2*x5**2/10000 + 1093*x4**2*x5*x6/100000 + 47*x4**2*x5*x7/4000 + 9113*x4**2*x5*x8/1000000 + 297*x4**2*x5/1000 + 533*x4**2*x6**2/2500 + 1159*x4**2*x6*x7/100000 + 1121*x4**2*x6*x8/125000 + 2973*x4**2*x6/10000 + 1071*x4**2*x7**2/5000 + 1937*x4**2*x7*x8/200000 + 759*x4**2*x7/2500 + 267*x4**2*x8**2/1250 + 129*x4**2*x8/400 + 1149*x4**2/500 - 1599*x4*x5**3/50000 + 597*x4*x5**2*x6/62500 + 4567*x4*x5**2*x7/500000 + 1959*x4*x5**2*x8/250000 + 192*x4*x5**2/625 + 8539*x4*x5*x6**2/1000000 - 3747*x4*x5*x6*x7/50000000 - 2209*x4*x5*x6*x8/10000000 + 211*x4*x5*x6/2000 + 8857*x4*x5*x7**2/1000000 - 979*x4*x5*x7*x8/50000000 + 1061*x4*x5*x7/10000 + 1633*x4*x5*x8**2/200000 + 2307*x4*x5*x8/25000 + 2231*x4*x5/5000 - 649*x4*x6**3/20000 + 9189*x4*x6**2*x7/1000000 + 3927*x4*x6**2*x8/500000 + 3053*x4*x6**2/10000 + 9601*x4*x6*x7**2/1000000 + 169*x4*x6*x7*x8/1000000 + 1103*x4*x6*x7/10000 + 9217*x4*x6*x8**2/1000000 + 4697*x4*x6*x8/50000 + 693*x4*x6/2500 - 1581*x4*x7**3/50000 + 419*x4*x7**2*x8/50000 + 621*x4*x7**2/2000 + 1147*x4*x7*x8**2/125000 + 4851*x4*x7*x8/50000 + 2963*x4*x7/10000 - 859*x4*x8**3/25000 + 2983*x4*x8**2/10000 + 4077*x4*x8/10000 + 1277*x4/10000 + 2041*x5**4/10000 - 3437*x5**3*x6/100000 - 3359*x5**3*x7/100000 - 27*x5**3*x8/1000 + 293*x5**3/625 + 527*x5**2*x6**2/2500 + 9711*x5**2*x6*x7/1000000 + 3957*x5**2*x6*x8/500000 + 2957*x5**2*x6/10000 + 1063*x5**2*x7**2/5000 + 8407*x5**2*x7*x8/1000000 + 1501*x5**2*x7/5000 + 2123*x5**2*x8**2/10000 + 3223*x5**2*x8/10000 + 2241*x5**2/1000 - 1757*x5*x6**3/50000 + 257*x5*x6**2*x7/25000 + 2101*x5*x6**2*x8/250000 + 737*x5*x6**2/2500 + 203*x5*x6*x7**2/20000 + 413*x5*x6*x7*x8/2000000 + 137*x5*x6*x7/1250 + 2403*x5*x6*x8**2/250000 + 9599*x5*x6*x8/100000 + 219*x5*x6/2000 - 3413*x5*x7**3/100000 + 8823*x5*x7**2*x8/1000000 + 1493*x5*x7**2/5000 + 127*x5*x7*x8**2/12500 + 4887*x5*x7*x8/50000 + 1121*x5*x7/10000 - 1807*x5*x8**3/50000 + 1437*x5*x8**2/5000 + 3403*x5*x8/10000 + 237*x5/2000 + 2069*x6**4/10000 - 3273*x6**3*x7/100000 - 84*x6**3*x8/3125 + 1183*x6**3/2500 + 2129*x6**2*x7**2/10000 + 2201*x6**2*x7*x8/250000 + 759*x6**2*x7/2500 + 2131*x6**2*x8**2/10000 + 3243*x6**2*x8/10000 + 441*x6**2/200 - 3337*x6*x7**3/100000 + 861*x6*x7**2*x8/100000 + 3017*x6*x7**2/10000 + 1037*x6*x7*x8**2/100000 + 201*x6*x7*x8/2000 + 1039*x6*x7/12500 - 3587*x6*x8**3/100000 + 2901*x6*x8**2/10000 + 333*x6*x8/1250 + 1413*x6/5000 + 2071*x7**4/10000 - 531*x7**3*x8/20000 + 4751*x7**3/10000 + 427*x7**2*x8**2/2000 + 3261*x7**2*x8/10000 + 2181*x7**2/1000 - 1733*x7*x8**3/50000 + 591*x7*x8**2/2000 + 487*x7*x8/2000 + 1733*x7/5000 + 2133*x8**4/10000 + 123*x8**3/250 + 284*x8**2/125 + 51*x8/80 + 4557/1000",
    "Q": "[[4.557243214237305, 0.31882178111535414, 0.17132266497592732, 0.13977004511612146, 0.05781207332592603, 0.06474191919756124, 0.0006504103764501404, 0.09247935220877887, 0.24837900566168994, 0.36426612824137844, -0.11735151944248655, -0.11757760755558276, -0.11878345805387237, -0.11775846782671105, -0.12044137551620852, -0.11827381127492623, -0.11551057039252106, 0.3497410166137858, -0.13604879641278425, -0.14145288802221775, -0.12956843421440603, -0.13985474411580423, -0.13571069188810903, -0.12693940538154536, 0.34989062209297905, -0.14417260539853616, -0.13426622296119098, -0.1435218263577418, -0.13889711902755145, -0.12620385946097812, 0.3386288820017708, -0.1280122672457826, -0.13878078829942628, -0.13940574916922982, -0.1287815606963365, 0.33272322350078853, -0.13448198481119794, -0.12137591547103632, -0.11810982140828781, 0.34519709380843694, -0.13733918351400198, -0.128928322770089, 0.34472310597904565, -0.12948558080684525, 0.35913113081664255], [0.31882178111535414, 1.5436068357824135, 0.2401611010194163, 0.25136459361370944, 0.28855051604472054, 0.32203075621020155, 0.33200898785306726, 0.29105494239502644, 0.24984343676979193, 0.24565398187773616, 0.09367453325815762, 0.09293884100194308, 0.08974265648940298, 0.08625785273815564, 0.08635551573125246, 0.08897279520800418, 0.09117748357170041, 0.07133237803261668, 0.02174285799291622, 0.019165917182339665, 0.011344420498379464, 0.013041644571431242, 0.016396376716054314, 0.018454676313958484, 0.06999141642540448, 0.019267661785266753, 0.0125688967574908, 0.013817058051973776, 0.016773488520485203, 0.016842142814984234, 0.06774675989731004, 0.007558679366187252, 0.00946649105600377, 0.013627809509037206, 0.013715885158430521, 0.06743994056914472, 0.008191977529735887, 0.005096655194662669, 0.007386921477823297, 0.06364840535254405, 0.009400708080901472, 0.00944555194465072, 0.06647612887947779, 0.014111006283991754, 0.06828979186360853], [0.17132266497592732, 0.2401611010194163, 1.4788411174898952, 0.17869001988133826, 0.19731821756794962, 0.2763138243966493, 0.2562366964047528, 0.22276438915295815, 0.2040522304331734, 0.05361454969210506, 0.09147652423119315, 0.012350688526758033, 0.008399330362987907, 0.009162517810850614, 0.0064391273432232434, 0.009520314543100435, 0.014201022755290654, 0.2370076950797811, 0.09900747185483187, 0.0952030151483745, 0.0881321880594984, 0.08947601431355182, 0.09298955069901611, 0.09519935507392821, 0.050138852220870916, 0.013659052169392373, 0.009682822534029464, 0.009216746704318, 0.012457296324599475, 0.013837541446030265, 0.04636954973019943, 0.003646072235743166, 0.0037614504681496136, 0.008318462848562521, 0.009843426126683515, 0.05153699190477636, 0.005485755124306059, 0.002463662554720479, 0.006014106213208342, 0.044060611235527986, 0.0051632488475406345, 0.006582867718882291, 0.04749702414162357, 0.011515681178910286, 0.051474654627432254], [0.13977004511612146, 0.25136459361370944, 0.17869001988133826, 1.5027493260687512, 0.1999219171641708, 0.27103943566710675, 0.2561933199706731, 0.22286343979029805, 0.219836578910582, 0.053179277812923365, 0.015454492702062278, 0.09269945191720239, 0.009827642147463986, 0.010032546038136183, 0.007539509879540402, 0.010808497369623521, 0.01637743525751946, 0.051524755007032574, 0.1014421521776282, 0.015408066141182229, 0.00936343922727418, 0.009779590518518344, 0.013637726246368788, 0.017999795742687532, 0.23603822266099986, 0.09738204813672013, 0.09065796048501779, 0.09193859582779217, 0.09521365406297519, 0.09627873967048924, 0.04514135355342177, 0.0038412069495689263, 0.004341074469627115, 0.009189831233236953, 0.011690911213422263, 0.04934035179993509, 0.005458338891990901, 0.0024249866549458186, 0.0070716706753075976, 0.042104467326954505, 0.005594368396711729, 0.008049124140117509, 0.04596537369155273, 0.013226039614773167, 0.05154547646235062], [0.05781207332592603, 0.28855051604472054, 0.19731821756794962, 0.1999219171641708, 1.566746149233025, 0.3500546116889601, 0.33262147140174736, 0.27125879819407606, 0.25252207006312827, 0.05512835641475488, 0.021349558049640813, 0.019626753943056834, 0.09408303886194852, 0.016568422708024527, 0.013855000618289651, 0.016774670096318695, 0.022424814606552667, 0.0534615242013801, 0.02566341898330947, 0.10410135383746054, 0.016159697759646433, 0.016797287106500604, 0.020300521908631613, 0.024527029180370044, 0.05076318639537835, 0.10389997372351525, 0.017090632610824462, 0.017118182542188453, 0.02016586361788659, 0.022072804894230552, 0.23401975706196104, 0.09119641587866485, 0.09333560567297043, 0.0974666133406767, 0.09812994976326095, 0.054169982056978865, 0.013600010913171725, 0.00909265218588005, 0.013549118177563288, 0.046116153434714174, 0.012896036239485795, 0.014826590538288179, 0.048541703865508136, 0.01985807328212097, 0.053607523960813995], [0.06474191919756124, 0.32203075621020155, 0.2763138243966493, 0.27103943566710675, 0.3500546116889601, 1.6330559853802067, 0.38137684036636804, 0.3782494830299788, 0.3260002074009588, 0.0627392840282501, 0.027563623243418937, 0.025272796290236283, 0.022401832773488634, 0.0933098323841643, 0.01684687157297427, 0.02334243906345811, 0.028051346658196114, 0.06675252993303178, 0.035439209210910316, 0.033454593642759545, 0.09895581554339712, 0.023510831464322274, 0.030979071838173142, 0.03373784739583722, 0.0631027780976135, 0.032444723336950566, 0.09971273211279312, 0.023343638244769895, 0.030376046077568077, 0.03066975200317805, 0.06264679396224024, 0.09447758943681146, 0.018997898697431022, 0.02773129856136517, 0.027983297150925738, 0.23692773728284097, 0.09318916648447975, 0.09187823090299706, 0.09394763123222885, 0.05368559193586563, 0.02022958977490483, 0.02060438866520969, 0.0632567733607429, 0.029522379484066396, 0.06546095603765478], [0.0006504103764501404, 0.33200898785306726, 0.2562366964047528, 0.2561933199706731, 0.33262147140174736, 0.38137684036636804, 1.7038795356862333, 0.3368055712919529, 0.3029181238657257, 0.059452420880541375, 0.028811646770604528, 0.026723384650559814, 0.023511450948109473, 0.020556266590621645, 0.09711255414299302, 0.023276442255428832, 0.029032494431724842, 0.06087506669270504, 0.035617775989181186, 0.03325426643591787, 0.021844722615727525, 0.10581584435906428, 0.029367955850564623, 0.03332949652984682, 0.05762716157222786, 0.0325242090859939, 0.02268569240432473, 0.10630424165478507, 0.029031493503667738, 0.030430869397155644, 0.05651535734875678, 0.016875801134867, 0.10163632212739285, 0.0258481220211286, 0.027320451270101652, 0.055912360875660205, 0.09763635890025232, 0.01336779897968712, 0.017895845544205046, 0.23590624041321842, 0.10073821395763996, 0.10069612009288269, 0.05467900279095813, 0.02768737529420387, 0.05918670999113182], [0.09247935220877887, 0.29105494239502644, 0.22276438915295815, 0.22286343979029805, 0.27125879819407606, 0.3782494830299788, 0.3368055712919529, 1.5892949658865796, 0.24971630503822592, 0.05815666158578583, 0.021933686994380506, 0.02009979891685358, 0.016427112151712792, 0.017209721842726212, 0.013394613819381215, 0.09405279854535294, 0.021666091003141024, 0.05862722077529615, 0.02746398654712421, 0.024453958949451342, 0.018235183933390485, 0.01767252104752787, 0.10220675608275384, 0.02488355393117589, 0.05578567740054502, 0.023825246442589307, 0.019033034741834445, 0.01783456344393771, 0.10223188935329869, 0.022311447117267475, 0.05315372773138998, 0.01308661989310459, 0.012561751158633132, 0.09847566271208774, 0.018648328583729504, 0.05956470757710129, 0.014533396538516718, 0.08988618525071315, 0.013995145501888781, 0.049225596412234694, 0.09365498500298891, 0.014063639791642945, 0.23633087320530802, 0.09836916530020401, 0.05621737098453535], [0.24837900566168994, 0.24984343676979193, 0.2040522304331734, 0.219836578910582, 0.25252207006312827, 0.3260002074009588, 0.3029181238657257, 0.24971630503822592, 1.522496093814406, 0.06124967314980419, 0.014155924611328552, 0.01329953183363021, 0.009891098383239942, 0.010165549723967849, 0.007302768002387362, 0.009645286914750556, 0.09063425104885542, 0.06215576745240977, 0.019824183798728565, 0.01696259791726107, 0.011276676547378885, 0.011194258357283044, 0.01391953563299718, 0.09697212340599767, 0.06112865494536725, 0.017307667825699376, 0.012799611747230643, 0.012245421657552918, 0.014534435603391557, 0.09588281025290062, 0.058455548619697054, 0.007497321610194186, 0.007537808575248516, 0.011056589165776202, 0.09239772980662177, 0.06253977639185834, 0.008637646767575058, 0.004695004980283447, 0.08641209422388342, 0.05511943650202096, 0.007220836660923242, 0.08810276847599845, 0.056724501735595435, 0.09180332409017951, 0.2415291917093228], [0.36426612824137844, 0.24565398187773616, 0.05361454969210506, 0.053179277812923365, 0.05512835641475488, 0.0627392840282501, 0.059452420880541375, 0.05815666158578583, 0.06124967314980419, 0.2131237155005347, -0.01733292478806164, -0.01767429341391354, -0.018028255188424627, -0.017173636296981147, -0.018111821808209663, -0.017456884118164935, -0.015924579422210452, 0.03611270009663858, -0.002405360561475591, -0.0027206619861459584, -0.0030972912686358252, -0.003158975883552772, -0.0028340425348051925, -0.0024985424881253703, 0.03603679083683782, -0.0027584557895069762, -0.0030741518866087883, -0.003159268906922626, -0.002856187416663509, -0.002594240705145571, 0.03574143136259839, -0.003274811727556882, -0.003339248421664405, -0.003066295869404378, -0.0028529678310196364, 0.0358095441477756, -0.0031929024222409844, -0.003310550724918653, -0.0030860039362748458, 0.03563946316618778, -0.0032735401452619857, -0.0031191313627643136, 0.03585076670042863, -0.002819523179739947, 0.03632174472652231], [-0.11735151944248655, 0.09367453325815762, 0.09147652423119315, 0.015454492702062278, 0.021349558049640813, 0.027563623243418937, 0.028811646770604528, 0.021933686994380506, 0.014155924611328552, -0.01733292478806164, 0.14131283912804296, 0.007461848192696717, 0.007790363659958317, 0.007424216545498815, 0.007830293263627799, 0.007605082978341115, 0.007074449428934283, -0.013326684828895324, 0.007443630650019046, 0.007725516048406984, 0.0069896660599836685, 0.007522395794978877, 0.007387160472523491, 0.006882676231408809, -0.0029476928204852345, 0.00034237588820071785, 7.398844972743377e-05, 0.0002714069753232933, 0.00017303952531458924, -0.00033378216393772426, -0.002543621411209168, -0.00044488376172113135, -0.0001397948185002304, 7.04549386413087e-05, -0.0003433134328230592, -0.0016598151186459917, 0.0001766843654543394, -0.0007000825316538579, -0.0006230539723995163, -0.0025255935803915703, 6.396761660889078e-06, -0.00028761713117120014, -0.002496658599543289, -6.308458849208726e-05, -0.0028907192818158262], [-0.11757760755558276, 0.09293884100194308, 0.012350688526758033, 0.09269945191720239, 0.019626753943056834, 0.025272796290236283, 0.026723384650559814, 0.02009979891685358, 0.01329953183363021, -0.01767429341391354, 0.007461848192696717, 0.14135079882801022, 0.00788714363538379, 0.007551990091983415, 0.007932682955269211, 0.0077046333444799565, 0.007102311096647396, -0.0030915254923618266, 0.007302444168714745, 3.878780244305378e-05, -0.0004217511717780108, -0.00012078690046133198, -0.0001714790902420807, -0.0002447767767131876, -0.013360413134409896, 0.007728580675483998, 0.007121205702780404, 0.00759113095884897, 0.007426383613367122, 0.006750203416915566, -0.002738592164865947, -0.0006492505804931648, -0.00032247794958249694, -0.00011519159563433454, -0.0004019009168520615, -0.0019487867835993819, -4.171978252215497e-05, -0.0009018338927400784, -0.0007378271631935422, -0.002745316736535112, -0.00018582810935074233, -0.00037999256989863756, -0.002710503494455129, -0.00014326259884475984, -0.0028951924055101515], [-0.11878345805387237, 0.08974265648940298, 0.008399330362987907, 0.009827642147463986, 0.09408303886194852, 0.022401832773488634, 0.023511450948109473, 0.016427112151712792, 0.009891098383239942, -0.018028255188424627, 0.007790363659958317, 0.00788714363538379, 0.14149443123163863, 0.007495438857474809, 0.00790773502133636, 0.007850219311680874, 0.007330721025231168, -0.0034620717547109176, -0.0003811636906438407, 0.006797921352316986, -0.0002868023477337504, -7.855504579854278e-05, -0.0002941821311443131, -0.00040284233251462525, -0.003512735058962175, 0.00692796357833394, -6.867583274072378e-05, 7.528976348277542e-05, -0.000172396912917939, -0.0005345835265934228, -0.013559402842093463, 0.006424406612160266, 0.006876964138364328, 0.006841329347063096, 0.006272240024036022, -0.0020127386387701, 0.00021740794819147106, -0.0006573035083725088, -0.0005092273013782877, -0.002805867737987064, -6.541402354887256e-05, -0.00024695270241036093, -0.0029365749615706898, -0.00018590529506190675, -0.0031437764251892107], [-0.11775846782671105, 0.08625785273815564, 0.009162517810850614, 0.010032546038136183, 0.016568422708024527, 0.0933098323841643, 0.020556266590621645, 0.017209721842726212, 0.010165549723967849, -0.017173636296981147, 0.007424216545498815, 0.007551990091983415, 0.007495438857474809, 0.1414713839616683, 0.0075822582609189615, 0.0072613458652800765, 0.006970316815532491, -0.0027914812871554897, 0.00034776272205052543, 0.000731686109455003, 0.00648763874514613, 0.00021827283178645822, 0.0006221429450935351, 0.000354958842933833, -0.0029806212196300426, 0.0007179264132337761, 0.006628763753075062, 0.00028146808005013763, 0.0006351923471379086, 0.0001520075285218034, -0.002306000689338257, 0.00659840962479519, 0.0001932117213289803, 0.0007685288200258445, 0.00039255290775183773, -0.013552082108946453, 0.006752010602483611, 0.006374766044107778, 0.00609869958248954, -0.0028275760997735545, 0.000339231995365978, 4.185562369121185e-05, -0.002241067418220726, 0.0006392357917257985, -0.0026320879161926595], [-0.12044137551620852, 0.08635551573125246, 0.0064391273432232434, 0.007539509879540402, 0.013855000618289651, 0.01684687157297427, 0.09711255414299302, 0.013394613819381215, 0.007302768002387362, -0.018111821808209663, 0.007830293263627799, 0.007932682955269211, 0.00790773502133636, 0.0075822582609189615, 0.1416065031824125, 0.007767054043990208, 0.007357969744650044, -0.003344390861841311, -0.00015062007486202073, 0.00021834986429880105, -0.0003949571972407501, 0.007090831924242926, -7.845393931332126e-05, -0.00019090305183100363, -0.003462882306692295, 0.0002471881860994392, -0.00023974829752818747, 0.007199196331491499, -1.821718776220795e-05, -0.0003456585415832291, -0.0028135949579165234, -0.00041061966952045604, 0.007183162600156377, 0.00012760284682505074, -0.00011482067233525335, -0.002586075893296956, 0.006937595382843541, -0.0007064335468821878, -0.0006138724511830187, -0.013591703641737896, 0.007083047131240176, 0.006692412705999009, -0.0029852442169280616, -4.6042535683596775e-05, -0.0031888010844677906], [-0.11827381127492623, 0.08897279520800418, 0.009520314543100435, 0.010808497369623521, 0.016774670096318695, 0.02334243906345811, 0.023276442255428832, 0.09405279854535294, 0.009645286914750556, -0.017456884118164935, 0.007605082978341115, 0.0077046333444799565, 0.007850219311680874, 0.0072613458652800765, 0.007767054043990208, 0.14124240654612663, 0.007276443598366226, -0.0031171426535017218, -1.5604350721971112e-06, 0.00022372719250283565, 7.793958656025257e-05, 7.205717765264079e-05, 0.006747371986050398, -0.0002492105394633271, -0.0032061426833777528, 0.0002875885085522886, 0.00026664154560215956, 0.00020404529711290717, 0.006886756773088641, -0.00039545847972184385, -0.002715796642257881, -0.00011122531165342543, -6.218882327621987e-05, 0.0070353386608587075, -0.00029528054035348925, -0.0017709145858083289, 0.00036720155151632436, 0.006366647430262363, -0.0003302348861955588, -0.002773417533559947, 0.006979812901239598, -0.0002662519792831644, -0.01384081507410266, 0.0064592251477069915, -0.0031715126431446088], [-0.11551057039252106, 0.09117748357170041, 0.014201022755290654, 0.01637743525751946, 0.022424814606552667, 0.028051346658196114, 0.029032494431724842, 0.021666091003141024, 0.09063425104885542, -0.015924579422210452, 0.007074449428934283, 0.007102311096647396, 0.007330721025231168, 0.006970316815532491, 0.007357969744650044, 0.007276443598366226, 0.14063738543706517, -0.002558184872075131, 0.0005785589406508981, 0.0007461557653375931, 0.00026809512946558966, 0.0004785201830021149, 0.000312295127955178, 0.006993549695717259, -0.002429766420361267, 0.0009364844434451029, 0.0005858196346718193, 0.0007256511114817981, 0.0005387210785666692, 0.006988659905800786, -0.0020129922687333714, 0.00011667439362644818, 0.0003617733747456001, 0.00048118583541556113, 0.007193385987721428, -0.0013360026846972156, 0.0005720168274918202, -0.00030900090553040655, 0.0066528052385777655, -0.0021890785395886313, 0.00031229451496683725, 0.007163521334940069, -0.0022936097637574443, 0.007166305701975124, -0.014301278318142022], [0.3497410166137858, 0.07133237803261668, 0.2370076950797811, 0.051524755007032574, 0.0534615242013801, 0.06675252993303178, 0.06087506669270504, 0.05862722077529615, 0.06215576745240977, 0.03611270009663858, -0.013326684828895324, -0.0030915254923618266, -0.0034620717547109176, -0.0027914812871554897, -0.003344390861841311, -0.0031171426535017218, -0.002558184872075131, 0.207181155782662, -0.016655069807176164, -0.01720347766635269, -0.01604960078944284, -0.017201991548863163, -0.016461967332504067, -0.014745671028401833, 0.034354255888799506, -0.004088905544613348, -0.0036100160889446288, -0.004064120866337904, -0.0038471336292157806, -0.003498591634506477, 0.0340732437488245, -0.004026822909887457, -0.0044059508796541295, -0.004160043143256726, -0.0038731510134389978, 0.035329900577437, -0.0035552819586290455, -0.0038729114413414995, -0.0034527794458620847, 0.034540662168426245, -0.004030757098302814, -0.0037920113531548327, 0.034645250215165894, -0.003452420646958012, 0.03526443854796572], [-0.13604879641278425, 0.02174285799291622, 0.09900747185483187, 0.1014421521776282, 0.02566341898330947, 0.035439209210910316, 0.035617775989181186, 0.02746398654712421, 0.019824183798728565, -0.002405360561475591, 0.007443630650019046, 0.007302444168714745, -0.0003811636906438407, 0.00034776272205052543, -0.00015062007486202073, -1.5604350721971112e-06, 0.0005785589406508981, -0.016655069807176164, 0.14386154457242048, 0.00929122026691831, 0.008341978174533613, 0.009037810705405975, 0.008856651730488803, 0.008190666086209131, -0.01637938307257823, 0.0093099885699084, 0.008491744346818531, 0.009139390708062177, 0.008907226406457164, 0.007984565902061801, -0.0035665827552587284, -0.0006717077999279342, -0.0005718285059341378, -0.00023707699057307237, -0.0003536702248854809, -0.0017924559862028027, 0.0002054846396177329, -0.0008360373838711249, -0.00041411519490152596, -0.0032290189858936646, -0.00019147298874234748, -0.0002339894379955396, -0.003159908083077443, 0.00018372254774435642, -0.003061901380676343], [-0.14145288802221775, 0.019165917182339665, 0.0952030151483745, 0.015408066141182229, 0.10410135383746054, 0.033454593642759545, 0.03325426643591787, 0.024453958949451342, 0.01696259791726107, -0.0027206619861459584, 0.007725516048406984, 3.878780244305378e-05, 0.006797921352316986, 0.000731686109455003, 0.00021834986429880105, 0.00022372719250283565, 0.0007461557653375931, -0.01720347766635269, 0.00929122026691831, 0.14390263767187741, 0.008498763619950746, 0.009199942393341588, 0.009116716813981891, 0.008523450667116007, -0.004232258944602428, 0.008489465333041518, 0.0004929416377829677, 0.0003720152835296178, 0.0001567046985454272, -5.0274837588909546e-05, -0.016727924214739957, 0.007684398726781651, 0.008407989542066563, 0.008356190533512003, 0.007511337151324313, -0.001931744586494454, 0.0007270049391151296, -0.0003469971530511254, 3.9391809300804075e-05, -0.0033141510877707646, 0.00019689991936315977, 0.000146853289357503, -0.003412372482712499, 0.00037850278696777303, -0.003351041010023249], [-0.12956843421440603, 0.011344420498379464, 0.0881321880594984, 0.00936343922727418, 0.016159697759646433, 0.09895581554339712, 0.021844722615727525, 0.018235183933390485, 0.011276676547378885, -0.0030972912686358252, 0.0069896660599836685, -0.0004217511717780108, -0.0002868023477337504, 0.00648763874514613, -0.0003949571972407501, 7.793958656025257e-05, 0.00026809512946558966, -0.01604960078944284, 0.008341978174533613, 0.008498763619950746, 0.14277739268909626, 0.00818144292856347, 0.00810566506239986, 0.007636383087524574, -0.003971761153323166, 0.00017876616214488705, 0.007675363654721209, -0.0001681383082269102, 0.00030214293641972343, -0.00011767593847549014, -0.00322366616247091, 0.007793616669180845, -0.00032028673635170864, 0.00041890449985901084, 9.44745781764884e-05, -0.0162996825736598, 0.00788875764520601, 0.007416371815866902, 0.006885025301278723, -0.00362651769159946, 3.646064281530998e-05, -0.0001953018130292104, -0.0028778542661705457, 0.0005612228528790509, -0.0031230688758925496], [-0.13985474411580423, 0.013041644571431242, 0.08947601431355182, 0.009779590518518344, 0.016797287106500604, 0.023510831464322274, 0.10581584435906428, 0.01767252104752787, 0.011194258357283044, -0.003158975883552772, 0.007522395794978877, -0.00012078690046133198, -7.855504579854278e-05, 0.00021827283178645822, 0.007090831924242926, 7.205717765264079e-05, 0.0004785201830021149, -0.017201991548863163, 0.009037810705405975, 0.009199942393341588, 0.00818144292856347, 0.14347539374087795, 0.008762196029869575, 0.00827282014670773, -0.0043278822848989255, 0.00019981322240476257, -3.73463313910084e-05, 0.008614407626530903, 4.7902711895970304e-05, -0.00015185949322447812, -0.0036736830600723838, -0.00040671820276352323, 0.008733909662694132, 0.00011030842931475021, -1.307200680971635e-05, -0.00290354698474937, 0.008137731857776184, -0.0006566187029228545, -0.00036747471864339437, -0.016659973027805124, 0.008468100516989487, 0.007761247261949116, -0.0036341885500948403, 0.0002406324665226188, -0.0036059083407650474], [-0.13571069188810903, 0.016396376716054314, 0.09298955069901611, 0.013637726246368788, 0.020300521908631613, 0.030979071838173142, 0.029367955850564623, 0.10220675608275384, 0.01391953563299718, -0.0028340425348051925, 0.007387160472523491, -0.0001714790902420807, -0.0002941821311443131, 0.0006221429450935351, -7.845393931332126e-05, 0.006747371986050398, 0.000312295127955178, -0.016461967332504067, 0.008856651730488803, 0.009116716813981891, 0.00810566506239986, 0.008762196029869575, 0.14312702016111867, 0.00813513251457087, -0.004038424708004638, 8.03722920280659e-05, 0.0005338944474513751, 0.00014357027684656576, 0.008159090717627125, -0.00033819196963899063, -0.003598714658394286, -7.190734680784454e-05, -0.00030720834867770314, 0.00844070720219099, -0.0003686876334353678, -0.0018074472832930945, 0.0006201580601076954, 0.007391153330326334, -6.695740842444578e-05, -0.0033904810355842377, 0.008326164970428653, -0.00022941557438805344, -0.016857561680187025, 0.007492688987238618, -0.0035481172978170323], [-0.12693940538154536, 0.018454676313958484, 0.09519935507392821, 0.017999795742687532, 0.024527029180370044, 0.03373784739583722, 0.03332949652984682, 0.02488355393117589, 0.09697212340599767, -0.0024985424881253703, 0.006882676231408809, -0.0002447767767131876, -0.00040284233251462525, 0.000354958842933833, -0.00019090305183100363, -0.0002492105394633271, 0.006993549695717259, -0.014745671028401833, 0.008190666086209131, 0.008523450667116007, 0.007636383087524574, 0.00827282014670773, 0.00813513251457087, 0.14238427234086434, -0.003250069728523459, 0.0004039450624744036, 0.0005317911333769017, 0.0003858489312197797, 0.00015446942189506753, 0.007985753156910733, -0.002873196935525309, -0.00013386638747716722, -0.0001337812825478738, -9.815153532491476e-06, 0.008321782497308744, -0.0013133516583793809, 0.0005627765316724738, -0.0004942654444545907, 0.007542410985351937, -0.002714721655221684, -1.1216892134580624e-05, 0.008274857903693011, -0.002875105683151289, 0.008225258351068672, -0.01716576191829745], [0.34989062209297905, 0.06999141642540448, 0.050138852220870916, 0.23603822266099986, 0.05076318639537835, 0.0631027780976135, 0.05762716157222786, 0.05578567740054502, 0.06112865494536725, 0.03603679083683782, -0.0029476928204852345, -0.013360413134409896, -0.003512735058962175, -0.0029806212196300426, -0.003462882306692295, -0.0032061426833777528, -0.002429766420361267, 0.034354255888799506, -0.01637938307257823, -0.004232258944602428, -0.003971761153323166, -0.0043278822848989255, -0.004038424708004638, -0.003250069728523459, 0.2066154159526548, -0.017356240999922945, -0.01626346325940885, -0.017377602281485112, -0.0166289247783289, -0.014747653133337677, 0.03381177276607918, -0.004365540592535374, -0.004691845785639601, -0.004432460701890607, -0.0038769584548945064, 0.03488802526215838, -0.003922241782280342, -0.004209464384414281, -0.0036042861235018445, 0.03420522911049474, -0.004335446657943808, -0.0038824416596698044, 0.034340723700450985, -0.0035064050430043884, 0.03530804628832552], [-0.14417260539853616, 0.019267661785266753, 0.013659052169392373, 0.09738204813672013, 0.10389997372351525, 0.032444723336950566, 0.0325242090859939, 0.023825246442589307, 0.017307667825699376, -0.0027584557895069762, 0.00034237588820071785, 0.007728580675483998, 0.00692796357833394, 0.0007179264132337761, 0.0002471881860994392, 0.0002875885085522886, 0.0009364844434451029, -0.004088905544613348, 0.0093099885699084, 0.008489465333041518, 0.00017876616214488705, 0.00019981322240476257, 8.03722920280659e-05, 0.0004039450624744036, -0.017356240999922945, 0.14414961681703248, 0.008785544502139775, 0.009438629610097154, 0.0093266281793894, 0.008481117915436084, -0.017143680758227364, 0.007869439046934911, 0.008579518138177086, 0.00853609826089499, 0.007646332656022817, -0.002192768818199855, 0.0006137887759871724, -0.00045076179895595135, 4.683666029386198e-05, -0.0035192784731079836, 0.00013048485850303387, 0.00020422277005309678, -0.003587565538978299, 0.0004808783716266605, -0.0032994846352729125], [-0.13426622296119098, 0.0125688967574908, 0.009682822534029464, 0.09065796048501779, 0.017090632610824462, 0.09971273211279312, 0.02268569240432473, 0.019033034741834445, 0.012799611747230643, -0.0030741518866087883, 7.398844972743377e-05, 0.007121205702780404, -6.867583274072378e-05, 0.006628763753075062, -0.00023974829752818747, 0.00026664154560215956, 0.0005858196346718193, -0.0036100160889446288, 0.008491744346818531, 0.0004929416377829677, 0.007675363654721209, -3.73463313910084e-05, 0.0005338944474513751, 0.0005317911333769017, -0.01626346325940885, 0.008785544502139775, 0.14309917618044277, 0.008518900203529209, 0.00839113798846235, 0.0077303801769524555, -0.003274002639986675, 0.008004151430492797, -0.0002045992665417985, 0.0005768159304352069, 0.0003693396111624063, -0.016769932430990224, 0.008143982638542277, 0.007616468815771177, 0.006993106270066026, -0.0037539783209962242, 0.00013486953895686666, 8.072256208636512e-06, -0.0029613569253078187, 0.00080399739245656, -0.0030312071822034456], [-0.1435218263577418, 0.013817058051973776, 0.009216746704318, 0.09193859582779217, 0.017118182542188453, 0.023343638244769895, 0.10630424165478507, 0.01783456344393771, 0.012245421657552918, -0.003159268906922626, 0.0002714069753232933, 0.00759113095884897, 7.528976348277542e-05, 0.00028146808005013763, 0.007199196331491499, 0.00020404529711290717, 0.0007256511114817981, -0.004064120866337904, 0.009139390708062177, 0.0003720152835296178, -0.0001681383082269102, 0.008614407626530903, 0.00014357027684656576, 0.0003858489312197797, -0.017377602281485112, 0.009438629610097154, 0.008518900203529209, 0.14375669228023988, 0.009020649770441222, 0.008310282840626886, -0.0037525489435737878, -0.00040918950944526176, 0.00894093260412939, 0.00018649260727826103, 0.00019007150350614605, -0.0030838899678525098, 0.008399357562417985, -0.0006802371889531654, -0.0002806131786632704, -0.01712359489308043, 0.008682562236782994, 0.007860250443162879, -0.003746084374523209, 0.00041915134681924095, -0.0035275525031054074], [-0.13889711902755145, 0.016773488520485203, 0.012457296324599475, 0.09521365406297519, 0.02016586361788659, 0.030376046077568077, 0.029031493503667738, 0.10223188935329869, 0.014534435603391557, -0.002856187416663509, 0.00017303952531458924, 0.007426383613367122, -0.000172396912917939, 0.0006351923471379086, -1.821718776220795e-05, 0.006886756773088641, 0.0005