{
    "name": "Total Decomposition",
    "rational_expression": "263*x1**4/1250 - 173*x1**3*x2/5000 - 889*x1**3*x3/25000 - 841*x1**3*x4/25000 - 1783*x1**3*x5/50000 - 3549*x1**3*x6/100000 - 433*x1**3*x7/12500 - 1417*x1**3*x8/50000 + 4817*x1**3/10000 + 2127*x1**2*x2**2/10000 + 9119*x1**2*x2*x3/1000000 + 1799*x1**2*x2*x4/250000 + 28*x1**2*x2*x5/3125 + 9363*x1**2*x2*x6/1000000 + 8901*x1**2*x2*x7/1000000 + 481*x1**2*x2*x8/62500 + 2947*x1**2*x2/10000 + 2121*x1**2*x3**2/10000 + 8379*x1**2*x3*x4/1000000 + 4783*x1**2*x3*x5/500000 + 1007*x1**2*x3*x6/100000 + 4481*x1**2*x3*x7/500000 + 8019*x1**2*x3*x8/1000000 + 1467*x1**2*x3/5000 + 2141*x1**2*x4**2/10000 + 2101*x1**2*x4*x5/250000 + 4633*x1**2*x4*x6/500000 + 9261*x1**2*x4*x7/1000000 + 3913*x1**2*x4*x8/500000 + 3041*x1**2*x4/10000 + 53*x1**2*x5**2/250 + 1193*x1**2*x5*x6/125000 + 9891*x1**2*x5*x7/1000000 + 3907*x1**2*x5*x8/500000 + 2903*x1**2*x5/10000 + 2133*x1**2*x6**2/10000 + 9683*x1**2*x6*x7/1000000 + 1023*x1**2*x6*x8/125000 + 184*x1**2*x6/625 + 2131*x1**2*x7**2/10000 + 8089*x1**2*x7*x8/1000000 + 1481*x1**2*x7/5000 + 2131*x1**2*x8**2/10000 + 1591*x1**2*x8/5000 + 1121*x1**2/500 - 94*x1*x2**3/3125 + 8697*x1*x2**2*x3/1000000 + 7897*x1*x2**2*x4/1000000 + 1863*x1*x2**2*x5/200000 + 4211*x1*x2**2*x6/500000 + 1823*x1*x2**2*x7/200000 + 877*x1*x2**2*x8/100000 + 196*x1*x2**2/625 + 479*x1*x2*x3**2/50000 - 467*x1*x2*x3*x4/2000000 - 1099*x1*x2*x3*x5/25000000 - 1749*x1*x2*x3*x6/2500000 - 217*x1*x2*x3*x7/1250000 - 7593*x1*x2*x3*x8/10000000 + 9703*x1*x2*x3/100000 + 1067*x1*x2*x4**2/100000 - 257*x1*x2*x4*x5/10000000 - 133*x1*x2*x4*x6/125000 - 3339*x1*x2*x4*x7/10000000 - 6773*x1*x2*x4*x8/100000000 + 931*x1*x2*x4/10000 + 9749*x1*x2*x5**2/1000000 + 1977*x1*x2*x5*x6/200000000 + 1389*x1*x2*x5*x7/10000000 + 237*x1*x2*x5*x8/20000000 + 499*x1*x2*x5/5000 + 9043*x1*x2*x6**2/1000000 + 773*x1*x2*x6*x7/20000000 - 3863*x1*x2*x6*x8/10000000 + 487*x1*x2*x6/5000 + 951*x1*x2*x7**2/100000 + 309*x1*x2*x7*x8/2000000 + 1003*x1*x2*x7/10000 + 9101*x1*x2*x8**2/1000000 + 4617*x1*x2*x8/50000 + 609*x1*x2/2500 - 2977*x1*x3**3/100000 + 7867*x1*x3**2*x4/1000000 + 2433*x1*x3**2*x5/250000 + 919*x1*x3**2*x6/100000 + 2473*x1*x3**2*x7/250000 + 4457*x1*x3**2*x8/500000 + 1559*x1*x3**2/5000 + 387*x1*x3*x4**2/40000 - 29*x1*x3*x4*x5/156250 - 1139*x1*x3*x4*x6/25000000 - 7669*x1*x3*x4*x7/100000000 + 1053*x1*x3*x4*x8/5000000 + 9371*x1*x3*x4/100000 + 933*x1*x3*x5**2/100000 + 1977*x1*x3*x5*x6/10000000 + 2313*x1*x3*x5*x7/10000000 - 3251*x1*x3*x5*x8/10000000 + 1029*x1*x3*x5/10000 + 1817*x1*x3*x6**2/200000 + 399*x1*x3*x6*x7/12500000 - 3*x1*x3*x6*x8/16000 + 257*x1*x3*x6/2500 + 9069*x1*x3*x7**2/1000000 + 921*x1*x3*x7*x8/5000000 + 513*x1*x3*x7/5000 + 4151*x1*x3*x8**2/500000 + 4567*x1*x3*x8/50000 + 3507*x1*x3/10000 - 2947*x1*x4**3/100000 + 1031*x1*x4**2*x5/100000 + 32*x1*x4**2*x6/3125 + 553*x1*x4**2*x7/50000 + 9803*x1*x4**2*x8/1000000 + 1561*x1*x4**2/5000 + 8197*x1*x4*x5**2/1000000 - 719*x1*x4*x5*x6/2500000 - 1007*x1*x4*x5*x7/2500000 - 7*x1*x4*x5*x8/12500 + 9659*x1*x4*x5/100000 + 473*x1*x4*x6**2/62500 - 5179*x1*x4*x6*x7/100000000 - 3933*x1*x4*x6*x8/10000000 + 4927*x1*x4*x6/50000 + 501*x1*x4*x7**2/62500 + 1281*x1*x4*x7*x8/25000000 + 1021*x1*x4*x7/10000 + 7547*x1*x4*x8**2/1000000 + 2241*x1*x4*x8/25000 + 2069*x1*x4/5000 - 2931*x1*x5**3/100000 + 9059*x1*x5**2*x6/1000000 + 9249*x1*x5**2*x7/1000000 + 8761*x1*x5**2*x8/1000000 + 197*x1*x5**2/625 + 39*x1*x5*x6**2/4000 + 5181*x1*x5*x6*x7/10000000 + 9953*x1*x5*x6*x8/100000000 + 261*x1*x5*x6/2500 + 9417*x1*x5*x7**2/1000000 + 7713*x1*x5*x7*x8/100000000 + 517*x1*x5*x7/5000 + 8703*x1*x5*x8**2/1000000 + 9083*x1*x5*x8/100000 + 1249*x1*x5/5000 - 601*x1*x6**3/20000 + 9217*x1*x6**2*x7/1000000 + 8973*x1*x6**2*x8/1000000 + 627*x1*x6**2/2000 + 9201*x1*x6*x7**2/1000000 + 5919*x1*x6*x7*x8/10000000 + 511*x1*x6*x7/5000 + 4227*x1*x6*x8**2/500000 + 9397*x1*x6*x8/100000 + 929*x1*x6/5000 - 1479*x1*x7**3/50000 + 567*x1*x7**2*x8/62500 + 787*x1*x7**2/2500 + 1863*x1*x7*x8**2/200000 + 4799*x1*x7*x8/50000 + 763*x1*x7/5000 - 199*x1*x8**3/6250 + 1519*x1*x8**2/5000 + 2727*x1*x8/10000 + 1253*x1/2500 + 1031*x2**4/5000 - 3487*x2**3*x3/100000 - 3267*x2**3*x4/100000 - 1771*x2**3*x5/50000 - 3447*x2**3*x6/100000 - 3397*x2**3*x7/100000 - 1383*x2**3*x8/50000 + 4731*x2**3/10000 + 132*x2**2*x3**2/625 + 219*x2**2*x3*x4/25000 + 9509*x2**2*x3*x5/1000000 + 9501*x2**2*x3*x6/1000000 + 9197*x2**2*x3*x7/1000000 + 1619*x2**2*x3*x8/200000 + 1479*x2**2*x3/5000 + 133*x2**2*x4**2/625 + 4483*x2**2*x4*x5/500000 + 909*x2**2*x4*x6/100000 + 183*x2**2*x4*x7/20000 + 1043*x2**2*x4*x8/125000 + 3057*x2**2*x4/10000 + 2119*x2**2*x5**2/10000 + 383*x2**2*x5*x6/40000 + 207*x2**2*x5*x7/20000 + 4137*x2**2*x5*x8/500000 + 2953*x2**2*x5/10000 + 133*x2**2*x6**2/625 + 9853*x2**2*x6*x7/1000000 + 4043*x2**2*x6*x8/500000 + 2969*x2**2*x6/10000 + 427*x2**2*x7**2/2000 + 1697*x2**2*x7*x8/200000 + 3019*x2**2*x7/10000 + 213*x2**2*x8**2/1000 + 129*x2**2*x8/400 + 2283*x2**2/1000 - 209*x2*x3**3/6250 + 1593*x2*x3**2*x4/200000 + 4877*x2*x3**2*x5/500000 + 4977*x2*x3**2*x6/500000 + 63*x2*x3**2*x7/6250 + 2011*x2*x3**2*x8/250000 + 2977*x2*x3**2/10000 + 9961*x2*x3*x4**2/1000000 + 557*x2*x3*x4*x5/2500000 - 1053*x2*x3*x4*x6/5000000 + 1873*x2*x3*x4*x7/20000000 - 2081*x2*x3*x4*x8/50000000 + 973*x2*x3*x4/10000 + 9639*x2*x3*x5**2/1000000 - 2799*x2*x3*x5*x6/10000000 + 1521*x2*x3*x5*x7/5000000 - 2451*x2*x3*x5*x8/10000000 + 517*x2*x3*x5/5000 + 4493*x2*x3*x6**2/500000 + 1699*x2*x3*x6*x7/100000000 - 2587*x2*x3*x6*x8/5000000 + 517*x2*x3*x6/5000 + 9583*x2*x3*x7**2/1000000 + 1243*x2*x3*x7*x8/5000000 + 1057*x2*x3*x7/10000 + 1749*x2*x3*x8**2/200000 + 1121*x2*x3*x8/12500 + 803*x2*x3/2000 - 1629*x2*x4**3/50000 + 53*x2*x4**2*x5/5000 + 551*x2*x4**2*x6/50000 + 539*x2*x4**2*x7/50000 + 1143*x2*x4**2*x8/125000 + 1503*x2*x4**2/5000 + 1631*x2*x4*x5**2/200000 - 1859*x2*x4*x5*x6/5000000 - 2997*x2*x4*x5*x7/50000000 + 7829*x2*x4*x5*x8/100000000 + 4983*x2*x4*x5/50000 + 7501*x2*x4*x6**2/1000000 - 4027*x2*x4*x6*x7/10000000 - 601*x2*x4*x6*x8/2500000 + x2*x4*x6/10 + 3809*x2*x4*x7**2/500000 + 2157*x2*x4*x7*x8/10000000 + 1009*x2*x4*x7/10000 + 3779*x2*x4*x8**2/500000 + 9171*x2*x4*x8/100000 + 639*x2*x4/1250 - 167*x2*x5**3/5000 + 1023*x2*x5**2*x6/100000 + 1239*x2*x5**2*x7/125000 + 4061*x2*x5**2*x8/500000 + 151*x2*x5**2/500 + 4623*x2*x5*x6**2/500000 + 1503*x2*x5*x6*x7/10000000 + 2307*x2*x5*x6*x8/50000000 + 261*x2*x5*x6/2500 + 9751*x2*x5*x7**2/1000000 + 3759*x2*x5*x7*x8/10000000 + 1067*x2*x5*x7/10000 + 8913*x2*x5*x8**2/1000000 + 9291*x2*x5*x8/100000 + 2589*x2*x5/10000 - 411*x2*x6**3/12500 + 383*x2*x6**2*x7/40000 + 8047*x2*x6**2*x8/1000000 + 3027*x2*x6**2/10000 + 267*x2*x6*x7**2/25000 + 2037*x2*x6*x7*x8/10000000 + 1083*x2*x6*x7/10000 + 9773*x2*x6*x8**2/1000000 + 2357*x2*x6*x8/25000 + 429*x2*x6/2500 - 41*x2*x7**3/1250 + 1751*x2*x7**2*x8/200000 + 607*x2*x7**2/2000 + 9367*x2*x7*x8**2/1000000 + 9661*x2*x7*x8/100000 + 863*x2*x7/5000 - 3493*x2*x8**3/100000 + 2929*x2*x8**2/10000 + 3447*x2*x8/10000 + 911*x2/5000 + 129*x3**4/625 - 3293*x3**3*x4/100000 - 857*x3**3*x5/25000 - 3397*x3**3*x6/100000 - 837*x3**3*x7/25000 - 2699*x3**3*x8/100000 + 589*x3**3/1250 + 529*x3**2*x4**2/2500 + 4241*x3**2*x4*x5/500000 + 9983*x3**2*x4*x6/1000000 + 9237*x3**2*x4*x7/1000000 + 2053*x3**2*x4*x8/250000 + 607*x3**2*x4/2000 + 2117*x3**2*x5**2/10000 + 9971*x3**2*x5*x6/1000000 + 213*x3**2*x5*x7/20000 + 1081*x3**2*x5*x8/125000 + 591*x3**2*x5/2000 + 531*x3**2*x6**2/2500 + 207*x3**2*x6*x7/20000 + 843*x3**2*x6*x8/100000 + 119*x3**2*x6/400 + 17*x3**2*x7**2/80 + 8749*x3**2*x7*x8/1000000 + 2989*x3**2*x7/10000 + 1063*x3**2*x8**2/5000 + 401*x3**2*x8/1250 + 1199*x3**2/500 - 1721*x3*x4**3/50000 + x3*x4**2*x5/100 + 1051*x3*x4**2*x6/100000 + 1967*x3*x4**2*x7/200000 + 8901*x3*x4**2*x8/1000000 + 2983*x3*x4**2/10000 + 8859*x3*x4*x5**2/1000000 - 1581*x3*x4*x5*x6/10000000 - 949*x3*x4*x5*x7/2000000 - 11*x3*x4*x5*x8/100000 + 9739*x3*x4*x5/100000 + 213*x3*x4*x6**2/25000 - 11*x3*x4*x6*x7/62500 + 1889*x3*x4*x6*x8/10000000 + 521*x3*x4*x6/5000 + 419*x3*x4*x7**2/50000 + 833*x3*x4*x7*x8/2500000 + 4989*x3*x4*x7/50000 + 1079*x3*x4*x8**2/125000 + 9329*x3*x4*x8/100000 + 4903*x3*x4/10000 - 3393*x3*x5**3/100000 + 201*x3*x5**2*x6/20000 + 9163*x3*x5**2*x7/1000000 + 8441*x3*x5**2*x8/1000000 + 3011*x3*x5**2/10000 + 9557*x3*x5*x6**2/1000000 - 21*x3*x5*x6*x7/100000 + 527*x3*x5*x6*x8/2000000 + 1071*x3*x5*x6/10000 + 9753*x3*x5*x7**2/1000000 + 219*x3*x5*x7*x8/2000000 + 533*x3*x5*x7/5000 + 9389*x3*x5*x8**2/1000000 + 9643*x3*x5*x8/100000 + 157*x3*x5/400 - 431*x3*x6**3/12500 + 1821*x3*x6**2*x7/200000 + 529*x3*x6**2*x8/62500 + 747*x3*x6**2/2500 + 1041*x3*x6*x7**2/100000 + 1771*x3*x6*x7*x8/10000000 + 68*x3*x6*x7/625 + 9767*x3*x6*x8**2/1000000 + 1217*x3*x6*x8/12500 + 1149*x3*x6/5000 - 3461*x3*x7**3/100000 + 8763*x3*x7**2*x8/1000000 + 3*x3*x7**2/10 + 9149*x3*x7*x8**2/1000000 + 1951*x3*x7*x8/20000 + 2311*x3*x7/10000 - 1799*x3*x8**3/50000 + 1459*x3*x8**2/5000 + 4261*x3*x8/10000 + 513*x4**4/2500 - 419*x4**3*x5/12500 - 671*x4**3*x6/20000 - 3233*x4**3*x7/100000 - 1359*x4**3*x8/50000 + 4731*x4**3/10000 + 2119*x4**2*x5**2/10000 + 1093*x4**2*x5*x6/100000 + 47*x4**2*x5*x7/4000 + 9113*x4**2*x5*x8/1000000 + 297*x4**2*x5/1000 + 533*x4**2*x6**2/2500 + 1159*x4**2*x6*x7/100000 + 1121*x4**2*x6*x8/125000 + 2973*x4**2*x6/10000 + 1071*x4**2*x7**2/5000 + 1937*x4**2*x7*x8/200000 + 759*x4**2*x7/2500 + 267*x4**2*x8**2/1250 + 129*x4**2*x8/400 + 1149*x4**2/500 - 1599*x4*x5**3/50000 + 597*x4*x5**2*x6/62500 + 4567*x4*x5**2*x7/500000 + 1959*x4*x5**2*x8/250000 + 192*x4*x5**2/625 + 8539*x4*x5*x6**2/1000000 - 3747*x4*x5*x6*x7/50000000 - 2209*x4*x5*x6*x8/10000000 + 211*x4*x5*x6/2000 + 8857*x4*x5*x7**2/1000000 - 979*x4*x5*x7*x8/50000000 + 1061*x4*x5*x7/10000 + 1633*x4*x5*x8**2/200000 + 2307*x4*x5*x8/25000 + 2231*x4*x5/5000 - 649*x4*x6**3/20000 + 9189*x4*x6**2*x7/1000000 + 3927*x4*x6**2*x8/500000 + 3053*x4*x6**2/10000 + 9601*x4*x6*x7**2/1000000 + 169*x4*x6*x7*x8/1000000 + 1103*x4*x6*x7/10000 + 9217*x4*x6*x8**2/1000000 + 4697*x4*x6*x8/50000 + 693*x4*x6/2500 - 1581*x4*x7**3/50000 + 419*x4*x7**2*x8/50000 + 621*x4*x7**2/2000 + 1147*x4*x7*x8**2/125000 + 4851*x4*x7*x8/50000 + 2963*x4*x7/10000 - 859*x4*x8**3/25000 + 2983*x4*x8**2/10000 + 4077*x4*x8/10000 + 1277*x4/10000 + 2041*x5**4/10000 - 3437*x5**3*x6/100000 - 3359*x5**3*x7/100000 - 27*x5**3*x8/1000 + 293*x5**3/625 + 527*x5**2*x6**2/2500 + 9711*x5**2*x6*x7/1000000 + 3957*x5**2*x6*x8/500000 + 2957*x5**2*x6/10000 + 1063*x5**2*x7**2/5000 + 8407*x5**2*x7*x8/1000000 + 1501*x5**2*x7/5000 + 2123*x5**2*x8**2/10000 + 3223*x5**2*x8/10000 + 2241*x5**2/1000 - 1757*x5*x6**3/50000 + 257*x5*x6**2*x7/25000 + 2101*x5*x6**2*x8/250000 + 737*x5*x6**2/2500 + 203*x5*x6*x7**2/20000 + 413*x5*x6*x7*x8/2000000 + 137*x5*x6*x7/1250 + 2403*x5*x6*x8**2/250000 + 9599*x5*x6*x8/100000 + 219*x5*x6/2000 - 3413*x5*x7**3/100000 + 8823*x5*x7**2*x8/1000000 + 1493*x5*x7**2/5000 + 127*x5*x7*x8**2/12500 + 4887*x5*x7*x8/50000 + 1121*x5*x7/10000 - 1807*x5*x8**3/50000 + 1437*x5*x8**2/5000 + 3403*x5*x8/10000 + 237*x5/2000 + 2069*x6**4/10000 - 3273*x6**3*x7/100000 - 84*x6**3*x8/3125 + 1183*x6**3/2500 + 2129*x6**2*x7**2/10000 + 2201*x6**2*x7*x8/250000 + 759*x6**2*x7/2500 + 2131*x6**2*x8**2/10000 + 3243*x6**2*x8/10000 + 441*x6**2/200 - 3337*x6*x7**3/100000 + 861*x6*x7**2*x8/100000 + 3017*x6*x7**2/10000 + 1037*x6*x7*x8**2/100000 + 201*x6*x7*x8/2000 + 1039*x6*x7/12500 - 3587*x6*x8**3/100000 + 2901*x6*x8**2/10000 + 333*x6*x8/1250 + 1413*x6/5000 + 2071*x7**4/10000 - 531*x7**3*x8/20000 + 4751*x7**3/10000 + 427*x7**2*x8**2/2000 + 3261*x7**2*x8/10000 + 2181*x7**2/1000 - 1733*x7*x8**3/50000 + 591*x7*x8**2/2000 + 487*x7*x8/2000 + 1733*x7/5000 + 2133*x8**4/10000 + 123*x8**3/250 + 284*x8**2/125 + 51*x8/80 + 4557/1000",
    "Q": "[[4.5572432142381425, 0.3188217811153756, 0.1713226649759936, 0.13977004511622912, 0.05781207332611693, 0.06474191919766287, 0.0006504103766083551, 0.09247935220889643, 0.24837900566175336, 0.36426612824142723, -0.11735151944253033, -0.1175776075556075, -0.11878345805391988, -0.11775846782672024, -0.1204413755162257, -0.11827381127498288, -0.11551057039256697, 0.34974101661379986, -0.13604879641281628, -0.14145288802226527, -0.1295684342144248, -0.139854744115817, -0.13571069188817583, -0.12693940538159407, 0.34989062209308336, -0.14417260539857393, -0.13426622296121038, -0.14352182635775174, -0.13889711902762772, -0.12620385946101592, 0.3386288820018654, -0.12801226724580136, -0.13878078829946436, -0.13940574916929738, -0.12878156069639, 0.3327232235009467, -0.13448198481122092, -0.12137591547108134, -0.11810982140828871, 0.34519709380856484, -0.13733918351403687, -0.1289283227701139, 0.34472310597908956, -0.12948558080691944, 0.35913113081670034], [0.3188217811153756, 1.5436068357825434, 0.24016110101941515, 0.2513645936136672, 0.2885505160447197, 0.32203075621018884, 0.33200898785303845, 0.2910549423950545, 0.24984343676981072, 0.24565398187777743, 0.09367453325815851, 0.09293884100194114, 0.08974265648940037, 0.08625785273814891, 0.0863555157312503, 0.08897279520801166, 0.09117748357170558, 0.07133237803260288, 0.02174285799290453, 0.01916591718234731, 0.011344420498369881, 0.01304164457144452, 0.016396376716055896, 0.01845467631397485, 0.06999141642540903, 0.019267661785247647, 0.012568896757480207, 0.013817058051972137, 0.016773488520468536, 0.016842142814981368, 0.06774675989731789, 0.00755867936616659, 0.0094664910559755, 0.013627809509037008, 0.013715885158426496, 0.06743994056915015, 0.008191977529701562, 0.005096655194655939, 0.0073869214778206, 0.06364840535253317, 0.009400708080892797, 0.009445551944647117, 0.06647612887948552, 0.014111006283999989, 0.06828979186361842], [0.1713226649759936, 0.24016110101941515, 1.4788411174900082, 0.17869001988132152, 0.1973182175679779, 0.27631382439667007, 0.25623669640476543, 0.22276438915299754, 0.20405223043317944, 0.05361454969212516, 0.09147652423120343, 0.012350688526749703, 0.008399330362988412, 0.009162517810842962, 0.006439127343221726, 0.009520314543098075, 0.014201022755285467, 0.2370076950798154, 0.09900747185481894, 0.09520301514838776, 0.08813218805949384, 0.08947601431356664, 0.09298955069901556, 0.09519935507394704, 0.05013885222088537, 0.013659052169385516, 0.009682822534017164, 0.009216746704316664, 0.012457296324580442, 0.013837541446016786, 0.046369549730227985, 0.0036460722357203887, 0.0037614504681241843, 0.008318462848558807, 0.009843426126677017, 0.05153699190481913, 0.005485755124278042, 0.0024636625547101512, 0.0060141062131942955, 0.04406061123552976, 0.00516324884753737, 0.006582867718876729, 0.047497024141643494, 0.011515681178906043, 0.05147465462745447], [0.13977004511622912, 0.2513645936136672, 0.17869001988132152, 1.5027493260687892, 0.19992191716421404, 0.2710394356671268, 0.2561933199707228, 0.22286343979033502, 0.219836578910582, 0.05317927781294959, 0.01545449270205432, 0.09269945191719572, 0.009827642147467968, 0.010032546038124373, 0.0075395098795393075, 0.010808497369621379, 0.01637743525750781, 0.051524755007039374, 0.1014421521776066, 0.015408066141194455, 0.009363439227267564, 0.00977959051853345, 0.013637726246366713, 0.017999795742696462, 0.23603822266103547, 0.09738204813670964, 0.09065796048500513, 0.09193859582778816, 0.09521365406295366, 0.09627873967047268, 0.04514135355344712, 0.0038412069495557264, 0.004341074469610778, 0.009189831233238625, 0.011690911213419758, 0.04934035179997077, 0.005458338891968241, 0.0024249866549409275, 0.0070716706752974425, 0.04210446732696352, 0.005594368396715393, 0.008049124140116258, 0.04596537369157226, 0.013226039614769121, 0.0515454764623824], [0.05781207332611693, 0.2885505160447197, 0.1973182175679779, 0.19992191716421404, 1.5667461492330617, 0.3500546116889999, 0.3326214714017904, 0.27125879819415943, 0.25252207006315247, 0.05512835641477997, 0.021349558049623494, 0.01962675394304717, 0.09408303886195479, 0.01656842270803327, 0.013855000618300318, 0.01677467009632046, 0.02242481460654533, 0.05346152420137763, 0.025663418983282005, 0.10410135383744613, 0.01615969775964409, 0.01679728710652135, 0.020300521908617353, 0.024527029180370433, 0.05076318639540272, 0.10389997372349118, 0.017090632610825048, 0.017118182542200603, 0.020165863617867177, 0.022072804894216824, 0.2340197570619863, 0.0911964158786521, 0.09333560567294835, 0.09746661334066704, 0.09812994976324613, 0.054169982057022475, 0.013600010913174294, 0.009092652185894329, 0.013549118177567907, 0.046116153434728004, 0.012896036239503991, 0.014826590538302674, 0.04854170386552364, 0.0198580732821196, 0.053607523960826124], [0.06474191919766287, 0.32203075621018884, 0.27631382439667007, 0.2710394356671268, 0.3500546116889999, 1.6330559853801656, 0.38137684036632813, 0.3782494830300148, 0.32600020740095853, 0.06273928402827016, 0.02756362324341404, 0.025272796290225226, 0.02240183277349093, 0.09330983238416209, 0.016846871572980312, 0.02334243906346226, 0.028051346658183544, 0.06675252993302527, 0.03543920921089055, 0.03345459364276155, 0.09895581554338621, 0.023510831464347164, 0.030979071838163542, 0.033737847395836205, 0.06310277809762571, 0.032444723336933975, 0.09971273211276827, 0.02334363824477627, 0.030376046077547413, 0.030669752003160765, 0.06264679396224544, 0.09447758943679183, 0.01899789869741819, 0.027731298561362392, 0.027983297150917113, 0.23692773728288052, 0.09318916648445251, 0.09187823090299486, 0.09394763123221325, 0.05368559193585492, 0.020229589774914947, 0.020604388665212626, 0.06325677336074999, 0.029522379484059703, 0.06546095603766358], [0.0006504103766083551, 0.33200898785303845, 0.25623669640476543, 0.2561933199707228, 0.3326214714017904, 0.38137684036632813, 1.7038795356862821, 0.3368055712919663, 0.3029181238657229, 0.059452420880562296, 0.028811646770577286, 0.02672338465053816, 0.023511450948111162, 0.02055626659064126, 0.09711255414302347, 0.02327644225543191, 0.029032494431704088, 0.06087506669267119, 0.03561777598912325, 0.03325426643589695, 0.021844722615733232, 0.10581584435908707, 0.029367955850534498, 0.0333294965298195, 0.05762716157222233, 0.0325242090859634, 0.022685692404329195, 0.10630424165479527, 0.029031493503634133, 0.030430869397117224, 0.056515357348768794, 0.016875801134881387, 0.1016363221273968, 0.025848122021120235, 0.02732045127008591, 0.055912360875692776, 0.09763635890027514, 0.013367798979719046, 0.017895845544216197, 0.23590624041324096, 0.10073821395767213, 0.10069612009290548, 0.054679002790963105, 0.02768737529418944, 0.059186709991138176], [0.09247935220889643, 0.2910549423950545, 0.22276438915299754, 0.22286343979033502, 0.27125879819415943, 0.3782494830300148, 0.3368055712919663, 1.5892949658867221, 0.24971630503828104, 0.058156661585806686, 0.021933686994378913, 0.02009979891685666, 0.016427112151711505, 0.017209721842721556, 0.013394613819380967, 0.09405279854535244, 0.021666091003133672, 0.058627220775305355, 0.027463986547124956, 0.024453958949462267, 0.018235183933388178, 0.01767252104754988, 0.102206756082751, 0.02488355393118934, 0.05578567740057819, 0.023825246442586153, 0.019033034741831146, 0.0178345634439462, 0.10223188935328463, 0.02231144711726533, 0.053153727731420165, 0.013086619893084446, 0.012561751158609448, 0.09847566271208115, 0.01864832858372328, 0.059564707577132045, 0.01453339653848987, 0.08988618525070484, 0.013995145501877746, 0.04922559641223168, 0.09365498500298701, 0.014063639791643275, 0.23633087320533758, 0.09836916530019765, 0.05621737098456315], [0.24837900566175336, 0.24984343676981072, 0.20405223043317944, 0.219836578910582, 0.25252207006315247, 0.32600020740095853, 0.3029181238657229, 0.24971630503828104, 1.5224960938144874, 0.06124967314982466, 0.014155924611323962, 0.013299531833631657, 0.009891098383243526, 0.010165549723960427, 0.007302768002390964, 0.0096452869147599, 0.09063425104885871, 0.06215576745240777, 0.019824183798715617, 0.016962597917271963, 0.011276676547362098, 0.01119425835729496, 0.013919535632996605, 0.09697212340599418, 0.061128654945370814, 0.01730766782569292, 0.012799611747222564, 0.012245421657556975, 0.01453443560337863, 0.09588281025288797, 0.058455548619712215, 0.007497321610175926, 0.007537808575229651, 0.011056589165781408, 0.09239772980660438, 0.06253977639188574, 0.008637646767544985, 0.004695004980276444, 0.08641209422386667, 0.05511943650202435, 0.007220836660921797, 0.08810276847598712, 0.05672450173560938, 0.0918033240901782, 0.24152919170935597], [0.36426612824142723, 0.24565398187777743, 0.05361454969212516, 0.05317927781294959, 0.05512835641477997, 0.06273928402827016, 0.059452420880562296, 0.058156661585806686, 0.06124967314982466, 0.21312371550057507, -0.017332924788062573, -0.01767429341391519, -0.01802825518842842, -0.01717363629698336, -0.018111821808212324, -0.017456884118165643, -0.01592457942221238, 0.03611270009664026, -0.0024053605614763776, -0.0027206619861456925, -0.0030972912686374966, -0.0031589758835526205, -0.0028340425348111404, -0.002498542488127157, 0.036036790836842504, -0.0027584557895083787, -0.0030741518866055323, -0.003159268906919171, -0.0028561874166687855, -0.0025942407051473384, 0.03574143136260402, -0.0032748117275553054, -0.0033392484216664877, -0.003066295869406519, -0.0028529678310219965, 0.035809544147786185, -0.00319290242223982, -0.0033105507249198093, -0.003086003936273728, 0.03563946316619121, -0.003273540145264201, -0.003119131362764482, 0.03585076670042757, -0.002819523179744536, 0.03632174472652924], [-0.11735151944253033, 0.09367453325815851, 0.09147652423120343, 0.01545449270205432, 0.021349558049623494, 0.02756362324341404, 0.028811646770577286, 0.021933686994378913, 0.014155924611323962, -0.017332924788062573, 0.14131283912806408, 0.007461848192697516, 0.007790363659959013, 0.0074242165455003, 0.007830293263628102, 0.007605082978346895, 0.007074449428937169, -0.013326684828902877, 0.007443630650017316, 0.007725516048409409, 0.006989666059987914, 0.007522395794982996, 0.007387160472529378, 0.006882676231410928, -0.0029476928204890374, 0.0003423758881994835, 7.398844972649831e-05, 0.00027140697532297367, 0.000173039525314522, -0.0003337821639404981, -0.0025436214112125885, -0.0004448837617231557, -0.0001397948185037116, 7.045493863952602e-05, -0.00034331343282801544, -0.001659815118644784, 0.00017668436545368034, -0.0007000825316520952, -0.0006230539724008075, -0.0025255935803980304, 6.396761662797881e-06, -0.0002876171311716993, -0.002496658599546668, -6.308458849426322e-05, -0.0028907192818174326], [-0.1175776075556075, 0.09293884100194114, 0.012350688526749703, 0.09269945191719572, 0.01962675394304717, 0.025272796290225226, 0.02672338465053816, 0.02009979891685666, 0.013299531833631657, -0.01767429341391519, 0.007461848192697516, 0.1413507988280302, 0.00788714363538434, 0.007551990091980193, 0.007932682955267242, 0.007704633344483887, 0.007102311096650074, -0.0030915254923610195, 0.007302444168714468, 3.878780244358911e-05, -0.0004217511717765724, -0.00012078690046006937, -0.00017147909024011618, -0.00024477677671199023, -0.013360413134414694, 0.0077285806754828715, 0.007121205702779806, 0.007591130958847382, 0.007426383613371358, 0.006750203416919768, -0.002738592164868388, -0.0006492505804935347, -0.0003224779495834662, -0.00011519159563249025, -0.00040190091685275443, -0.0019487867836014037, -4.171978252854271e-05, -0.0009018338927394896, -0.0007378271631937593, -0.0027453167365410593, -0.00018582810934812365, -0.000379992569897494, -0.0027105034944557354, -0.00014326259884376544, -0.0028951924055100357], [-0.11878345805391988, 0.08974265648940037, 0.008399330362988412, 0.009827642147467968, 0.09408303886195479, 0.02240183277349093, 0.023511450948111162, 0.016427112151711505, 0.009891098383243526, -0.01802825518842842, 0.007790363659959013, 0.00788714363538434, 0.1414944312316535, 0.007495438857474253, 0.007907735021338324, 0.007850219311685013, 0.007330721025234828, -0.0034620717547147106, -0.00038116369064299625, 0.00679792135232029, -0.00028680234773459276, -7.855504579631055e-05, -0.0002941821311429785, -0.0004028423325119432, -0.003512735058965594, 0.006927963578331856, -6.867583273654248e-05, 7.528976348814639e-05, -0.00017239691291658253, -0.0005345835265910563, -0.013559402842099322, 0.006424406612159076, 0.0068769641383628535, 0.00684132934706735, 0.006272240024040743, -0.002012738638771845, 0.0002174079481886509, -0.0006573035083743414, -0.0005092273013763373, -0.002805867737991043, -6.5414023549121e-05, -0.00024695270240854, -0.00293657496157318, -0.00018590529506058527, -0.0031437764251916103], [-0.11775846782672024, 0.08625785273814891, 0.009162517810842962, 0.010032546038124373, 0.01656842270803327, 0.09330983238416209, 0.02055626659064126, 0.017209721842721556, 0.010165549723960427, -0.01717363629698336, 0.0074242165455003, 0.007551990091980193, 0.007495438857474253, 0.14147138396167294, 0.007582258260916388, 0.007261345865281388, 0.006970316815531763, -0.002791481287160793, 0.0003477627220501265, 0.0007316861094579147, 0.0064876387451404, 0.00021827283178999445, 0.0006221429450939297, 0.0003549588429374302, -0.0029806212196330944, 0.0007179264132300346, 0.006628763753072507, 0.00028146808005354934, 0.0006351923471345969, 0.00015200752852260896, -0.002306000689339133, 0.006598409624793801, 0.00019321172133142674, 0.0007685288200283831, 0.00039255290775195927, -0.013552082108952528, 0.006752010602482386, 0.006374766044108613, 0.006098699582490334, -0.0028275760997726203, 0.00033923199536553626, 4.185562369139092e-05, -0.002241067418222088, 0.0006392357917271659, -0.0026320879161927037], [-0.1204413755162257, 0.0863555157312503, 0.006439127343221726, 0.0075395098795393075, 0.013855000618300318, 0.016846871572980312, 0.09711255414302347, 0.013394613819380967, 0.007302768002390964, -0.018111821808212324, 0.007830293263628102, 0.007932682955267242, 0.007907735021338324, 0.007582258260916388, 0.14160650318243168, 0.007767054043991442, 0.007357969744649897, -0.0033443908618468496, -0.00015062007486302465, 0.00021834986430048644, -0.00039495719724365336, 0.0070908319242462894, -7.845393931482097e-05, -0.0001909030518284512, -0.0034628823066960297, 0.00024718818609551944, -0.00023974829752507304, 0.007199196331494329, -1.821718776620085e-05, -0.0003456585415827476, -0.0028135949579177954, -0.0004106196695200357, 0.00718316260015844, 0.0001276028468269083, -0.000114820672334099, -0.002586075893296837, 0.006937595382844153, -0.0007064335468818579, -0.0006138724511776139, -0.013591703641738511, 0.007083047131240646, 0.0066924127060027806, -0.0029852442169261088, -4.604253568145188e-05, -0.00318880108446826], [-0.11827381127498288, 0.08897279520801166, 0.009520314543098075, 0.010808497369621379, 0.01677467009632046, 0.02334243906346226, 0.02327644225543191, 0.09405279854535244, 0.0096452869147599, -0.017456884118165643, 0.007605082978346895, 0.007704633344483887, 0.007850219311685013, 0.007261345865281388, 0.007767054043991442, 0.14124240654615466, 0.007276443598372254, -0.0031171426535078835, -1.5604350746595995e-06, 0.00022372719250299375, 7.793958655822879e-05, 7.205717765195047e-05, 0.006747371986053775, -0.00024921053946254384, -0.0032061426833844492, 0.0002875885085491997, 0.00026664154560480306, 0.0002040452971144387, 0.006886756773086627, -0.0003954584797222307, -0.0027157966422628643, -0.00011122531165398928, -6.218882327773339e-05, 0.007035338660860718, -0.00029528054035503457, -0.001770914585813678, 0.00036720155151640177, 0.006366647430264645, -0.00033023488619361225, -0.0027734175335611855, 0.006979812901236826, -0.00026625197928312416, -0.013840815074106238, 0.00645922514771311, -0.0031715126431484412], [-0.11551057039256697, 0.09117748357170558, 0.014201022755285467, 0.01637743525750781, 0.02242481460654533, 0.028051346658183544, 0.029032494431704088, 0.021666091003133672, 0.09063425104885871, -0.01592457942221238, 0.007074449428937169, 0.007102311096650074, 0.007330721025234828, 0.006970316815531763, 0.007357969744649897, 0.007276443598372254, 0.14063738543708137, -0.0025581848720779613, 0.0005785589406527229, 0.0007461557653396731, 0.0002680951294635166, 0.00047852018300028357, 0.0003122951279566522, 0.006993549695719374, -0.0024297664203676854, 0.0009364844434439743, 0.0005858196346712319, 0.0007256511114801663, 0.0005387210785660614, 0.006988659905799432, -0.0020129922687395847, 0.00011667439362444137, 0.0003617733747427321, 0.0004811858354156288, 0.007193385987723027, -0.0013360026847027053, 0.0005720168274861882, -0.00030900090553350406, 0.006652805238575352, -0.0021890785395939603, 0.00031229451496461724, 0.00716352133493774, -0.002293609763762618, 0.007166305701979703, -0.014301278318147327], [0.34974101661379986, 0.07133237803260288, 0.2370076950798154, 0.051524755007039374, 0.05346152420137763, 0.06675252993302527, 0.06087506669267119, 0.058627220775305355, 0.06215576745240777, 0.03611270009664026, -0.013326684828902877, -0.0030915254923610195, -0.0034620717547147106, -0.002791481287160793, -0.0033443908618468496, -0.0031171426535078835, -0.0025581848720779613, 0.20718115578268845, -0.016655069807183336, -0.017203477666363588, -0.016049600789451692, -0.017201991548872673, -0.01646196733251088, -0.01474567102840842, 0.03435425588880587, -0.004088905544609655, -0.0036100160889469424, -0.004064120866337588, -0.0038471336292169554, -0.0034985916345052874, 0.034073243748829446, -0.004026822909895684, -0.004405950879662833, -0.004160043143263401, -0.003873151013443274, 0.03532990057744628, -0.003555281958635528, -0.003872911441347788, -0.003452779445869463, 0.03454066216841954, -0.0040307570983052965, -0.003792011353158721, 0.03464525021516502, -0.0034524206469636266, 0.035264438547971524], [-0.13604879641281628, 0.02174285799290453, 0.09900747185481894, 0.1014421521776066, 0.025663418983282005, 0.03543920921089055, 0.03561777598912325, 0.027463986547124956, 0.019824183798715617, -0.0024053605614763776, 0.007443630650017316, 0.007302444168714468, -0.00038116369064299625, 0.0003477627220501265, -0.00015062007486302465, -1.5604350746595995e-06, 0.0005785589406527229, -0.016655069807183336, 0.143861544572427, 0.009291220266913962, 0.008341978174535095, 0.00903781070540661, 0.008856651730488574, 0.008190666086208108, -0.016379383072586535, 0.009309988569905453, 0.008491744346810045, 0.009139390708053835, 0.008907226406457771, 0.007984565902059032, -0.0035665827552591495, -0.0006717077999318319, -0.0005718285059392131, -0.0002370769905765274, -0.0003536702248883295, -0.0017924559862005935, 0.0002054846396119092, -0.0008360373838717426, -0.00041411519490484655, -0.0032290189859030894, -0.00019147298873906625, -0.00023398943799373266, -0.0031599080830807783, 0.0001837225477414755, -0.0030619013806716727], [-0.14145288802226527, 0.01916591718234731, 0.09520301514838776, 0.015408066141194455, 0.10410135383744613, 0.03345459364276155, 0.03325426643589695, 0.024453958949462267, 0.016962597917271963, -0.0027206619861456925, 0.007725516048409409, 3.878780244358911e-05, 0.00679792135232029, 0.0007316861094579147, 0.00021834986430048644, 0.00022372719250299375, 0.0007461557653396731, -0.017203477666363588, 0.009291220266913962, 0.14390263767189299, 0.008498763619957394, 0.009199942393348882, 0.009116716813987062, 0.008523450667119495, -0.004232258944604202, 0.008489465333041901, 0.0004929416377838712, 0.0003720152835310678, 0.00015670469854752651, -5.0274837589664e-05, -0.01672792421474272, 0.007684398726781027, 0.008407989542062283, 0.008356190533515466, 0.007511337151324522, -0.0019317445864901973, 0.0007270049391165387, -0.00034699715304815736, 3.939180930076137e-05, -0.003314151087775913, 0.00019689991936802377, 0.00014685328936014336, -0.0034123724827150592, 0.0003785027869677701, -0.003351041010019975], [-0.1295684342144248, 0.011344420498369881, 0.08813218805949384, 0.009363439227267564, 0.01615969775964409, 0.09895581554338621, 0.021844722615733232, 0.018235183933388178, 0.011276676547362098, -0.0030972912686374966, 0.006989666059987914, -0.0004217511717765724, -0.00028680234773459276, 0.0064876387451404, -0.00039495719724365336, 7.793958655822879e-05, 0.0002680951294635166, -0.016049600789451692, 0.008341978174535095, 0.008498763619957394, 0.14277739268910472, 0.008181442928568348, 0.008105665062404146, 0.007636383087530583, -0.003971761153320649, 0.0001787661621483633, 0.007675363654714254, -0.00016813830822401095, 0.0003021429364208604, -0.00011767593847302596, -0.0032236661624711577, 0.007793616669173759, -0.00032028673635510046, 0.00041890449985847113, 9.447457817427987e-05, -0.016299682573660667, 0.007888757645197324, 0.007416371815864421, 0.0068850253012711525, -0.003626517691601792, 3.6460642813891505e-05, -0.0001953018130324531, -0.0028778542661716056, 0.0005612228528772405, -0.003123068875892524], [-0.139854744115817, 0.01304164457144452, 0.08947601431356664, 0.00977959051853345, 0.01679728710652135, 0.023510831464347164, 0.10581584435908707, 0.01767252104754988, 0.01119425835729496, -0.0031589758835526205, 0.007522395794982996, -0.00012078690046006937, -7.855504579631055e-05, 0.00021827283178999445, 0.0070908319242462894, 7.205717765195047e-05, 0.00047852018300028357, -0.017201991548872673, 0.00903781070540661, 0.009199942393348882, 0.008181442928568348, 0.14347539374090562, 0.008762196029870883, 0.008272820146710325, -0.004327882284897642, 0.00019981322240806835, -3.7346331387568744e-05, 0.008614407626533286, 4.790271189482819e-05, -0.00015185949322550602, -0.003673683060069179, -0.00040671820276105006, 0.008733909662694436, 0.00011030842931528877, -1.3072006811313718e-05, -0.0029035469847390333, 0.008137731857780361, -0.0006566187029188042, -0.00036747471864228507, -0.016659973027805784, 0.008468100516994441, 0.007761247261948453, -0.0036341885500926056, 0.00024063246651981218, -0.0036059083407636297], [-0.13571069188817583, 0.016396376716055896, 0.09298955069901556, 0.013637726246366713, 0.020300521908617353, 0.030979071838163542, 0.029367955850534498, 0.102206756082751, 0.013919535632996605, -0.0028340425348111404, 0.007387160472529378, -0.00017147909024011618, -0.0002941821311429785, 0.0006221429450939297, -7.845393931482097e-05, 0.006747371986053775, 0.0003122951279566522, -0.01646196733251088, 0.008856651730488574, 0.009116716813987062, 0.008105665062404146, 0.008762196029870883, 0.14312702016114634, 0.00813513251457671, -0.004038424708010623, 8.037229203020347e-05, 0.000533894447451222, 0.0001435702768444387, 0.008159090717628936, -0.00033819196963931914, -0.0035987146583989545, -7.190734681010787e-05, -0.00030720834868323734, 0.008440707202193153, -0.00036868763343698616, -0.001807447283295447, 0.0006201580601049143, 0.0073911533303279466, -6.695740842686465e-05, -0.003390481035592537, 0.00832616497042686, -0.00022941557439033446, -0.016857561680190886, 0.0074926889872401715, -0.0035481172978181134], [-0.12693940538159407, 0.01845467631397485, 0.09519935507394704, 0.017999795742696462, 0.024527029180370433, 0.033737847395836205, 0.0333294965298195, 0.02488355393118934, 0.09697212340599418, -0.002498542488127157, 0.006882676231410928, -0.00024477677671199023, -0.0004028423325119432, 0.0003549588429374302, -0.0001909030518284512, -0.00024921053946254384, 0.006993549695719374, -0.01474567102840842, 0.008190666086208108, 0.008523450667119495, 0.007636383087530583, 0.008272820146710325, 0.00813513251457671, 0.1423842723408818, -0.0032500697285247457, 0.0004039450624776262, 0.0005317911333779521, 0.00038584893121932506, 0.0001544694218980257, 0.007985753156907164, -0.0028731969355259854, -0.000133866387474971, -0.00013378128254869486, -9.81515353105746e-06, 0.008321782497308767, -0.001313351658377916, 0.0005627765316748034, -0.0004942654444502803, 0.007542410985351225, -0.0027147216552264883, -1.1216892129525038e-05, 0.008274857903692303, -0.002875105683152533, 0.008225258351071671, -0.017165761918299056], [0.34989062209308336, 0.06999141642540903, 0.05013885222088537, 0.23603822266103547, 0.05076318639540272, 0.06310277809762571, 0.05762716157222233, 0.05578567740057819, 0.061128654945370814, 0.036036790836842504, -0.0029476928204890374, -0.013360413134414694, -0.003512735058965594, -0.0029806212196330944, -0.0034628823066960297, -0.0032061426833844492, -0.0024297664203676854, 0.03435425588880587, -0.016379383072586535, -0.004232258944604202, -0.003971761153320649, -0.004327882284897642, -0.004038424708010623, -0.0032500697285247457, 0.20661541595268318, -0.017356240999931265, -0.01626346325941719, -0.017377602281493425, -0.016628924778336333, -0.014747653133345083, 0.03381177276608695, -0.004365540592536589, -0.004691845785644334, -0.004432460701896312, -0.0038769584548991208, 0.03488802526216564, -0.003922241782285086, -0.004209464384415561, -0.00360428612350419, 0.03420522911049294, -0.004335446657943917, -0.0038824416596712754, 0.034340723700454066, -0.003506405043011207, 0.03530804628833038], [-0.14417260539857393, 0.019267661785247647, 0.013659052169385516, 0.09738204813670964, 0.10389997372349118, 0.032444723336933975, 0.0325242090859634, 0.023825246442586153, 0.01730766782569292, -0.0027584557895083787, 0.0003423758881994835, 0.0077285806754828715, 0.006927963578331856, 0.0007179264132300346, 0.00024718818609551944, 0.0002875885085491997, 0.0009364844434439743, -0.004088905544609655, 0.009309988569905453, 0.008489465333041901, 0.0001787661621483633, 0.00019981322240806835, 8.037229203020347e-05, 0.0004039450624776262, -0.017356240999931265, 0.1441496168170439, 0.008785544502138143, 0.009438629610096186, 0.00932662817939196, 0.008481117915436159, -0.0171436807582301, 0.007869439046927754, 0.00857951813816995, 0.008536098260894855, 0.007646332656022144, -0.002192768818199764, 0.0006137887759778529, -0.00045076179895879034, 4.683666029102184e-05, -0.0035192784731156563, 0.00013048485850385193, 0.00020422277005365569, -0.0035875655389797883, 0.00048087837162621126, -0.0032994846352709445], [-0.13426622296121038, 0.012568896757480207, 0.009682822534017164, 0.09065796048500513, 0.017090632610825048, 0.09971273211276827, 0.022685692404329195, 0.019033034741831146, 0.012799611747222564, -0.0030741518866055323, 7.398844972649831e-05, 0.007121205702779806, -6.867583273654248e-05, 0.006628763753072507, -0.00023974829752507304, 0.00026664154560480306, 0.0005858196346712319, -0.0036100160889469424, 0.008491744346810045, 0.0004929416377838712, 0.007675363654714254, -3.7346331387568744e-05, 0.000533894447451222, 0.0005317911333779521, -0.01626346325941719, 0.008785544502138143, 0.14309917618044665, 0.008518900203526966, 0.00839113798846024, 0.007730380176951534, -0.0032740026399823434, 0.008004151430490993, -0.00020459926653796701, 0.0005768159304402851, 0.0003693396111640217, -0.01676993243099419, 0.008143982638536487, 0.007616468815772961, 0.00699310627006307, -0.0037539783209938147, 0.00013486953896141933, 8.072256210591481e-06, -0.0029613569253032048, 0.0008039973924582274, -0.003031207182200032], [-0.14352182635775174, 0.013817058051972137, 0.009216746704316664, 0.09193859582778816, 0.017118182542200603, 0.02334363824477627, 0.10630424165479527, 0.0178345634439462, 0.012245421657556975, -0.003159268906919171, 0.00027140697532297367, 0.007591130958847382, 7.528976348814639e-05, 0.00028146808005354934, 0.007199196331494329, 0.0002040452971144387, 0.0007256511114801663, -0.004064120866337588, 0.009139390708053835, 0.0003720152835310678, -0.00016813830822401095, 0.008614407626533286, 0.0001435702768444387, 0.00038584893121932506, -0.017377602281493425, 0.009438629610096186, 0.008518900203526966, 0.1437566922802591, 0.009020649770436305, 0.00831028284062305, -0.0037525489435682752, -0.0004091895094400329, 0.008940932604132824, 0.00018649260728184383, 0.00019007150350724741, -0.0030838899678451723, 0.008399357562417128, -0.000680237188948943, -0.0002806131786609712, -0.01712359489308154, 0.00868256223678853, 0.00786025044316481, -0.003746084374517715, 0.00041915134681835457, -0.003527552503102871], [-0.13889711902762772, 0.016773488520468536, 0.012457296324580442, 0.09521365406295366, 0.020165863617867177, 0.030376046077547413, 0.029031493503634133, 0.10223188935328463, 0.01453443560337863, -0.0028561874166687855, 0.000173039525314522, 0.007426383613371358, -0.00017239691291658253, 0.0006351923471345969, -1.821718776620085e-05, 0.006886756773086627, 0.000