{
    "name": "Total Decomposition",
    "rational_expression": "259*x1**4/10000 - 871*x1**3*x2/10000 - 167*x1**3/1000 + 163*x1**2*x2**2/1000 - 137*x1**2*x2/1000 + 133*x1**2/200 + 199*x1*x2**3/1000 - 21*x1*x2**2/200 - 107*x1*x2/5000 - 433*x1/1000 + 11*x2**4/20 - 33*x2**3/125 + 59*x2**2/50 - 119*x2/500 + 107/125",
    "Q": "[[0.8563079187811844, -0.11896652332239603, -0.2164603897198664, 0.293088761497628, 0.009902091751160634, 0.002220786658328752], [-0.11896652332239603, 0.5904810701176744, -0.020945300585569347, -0.13184774506007224, -0.010116586680722031, -0.00533274425814177], [-0.2164603897198664, -0.020945300585569347, 0.6607258459720784, -0.04249545187785571, -0.06300742565663832, -0.08384683171256883], [0.293088761497628, -0.13184774506007224, -0.04249545187785571, 0.5495044577819418, 0.09902174095737418, -0.040026867544582755], [0.009902091751160634, -0.010116586680722031, -0.06300742565663832, 0.09902174095737418, 0.24172260092696227, -0.04346448900642915], [0.002220786658328752, -0.00533274425814177, -0.08384683171256883, -0.040026867544582755, -0.04346448900642915, 0.02573082169507234]]",
    "monomial_list": "[1, x2, x1, x2**2, x1*x2, x1**2]"
}