{
    "name": "Total Decomposition",
    "rational_expression": "59*x1**4/2000 - 979*x1**3*x2/10000 - 187*x1**3/1000 + 157*x1**2*x2**2/1000 - 39*x1**2*x2/400 + 349*x1**2/500 + 28*x1*x2**3/125 - 153*x1*x2**2/5000 - x1*x2/40 - 423*x1/1000 + 601*x2**4/1000 - 127*x2**3/500 + 5*x2**2/4 - 247*x2/1000 + 183/200",
    "Q": "[[0.9149970930592592, -0.12365671487395115, -0.21113456505812525, 0.3195956938757772, 0.010689345807079293, 0.00031099345397384384], [-0.12365671487395115, 0.6079189665799436, -0.023631152331640884, -0.12725470546198134, -0.004204919070882605, -0.006548308427228174], [-0.21113456505812525, -0.023631152331640884, 0.6979203807874839, -0.010816977814487714, -0.04213003137898929, -0.09381075687256446], [0.3195956938757772, -0.12725470546198134, -0.010816977814487714, 0.6012136148624002, 0.1116335526186848, -0.04905664786926303], [0.010689345807079293, -0.004204919070882605, -0.04213003137898929, 0.1116335526186848, 0.2556401183052022, -0.049031582889368326], [0.00031099345397384384, -0.006548308427228174, -0.09381075687256446, -0.04905664786926303, -0.049031582889368326, 0.02924704970439343]]",
    "monomial_list": "[1, x2, x1, x2**2, x1*x2, x1**2]"
}