{
    "name": "Total Decomposition",
    "rational_expression": "1873*x1**4/1000 + 6199*x1**3*x2/5000000 - 16341*x1**3*x3/250000 - 7279*x1**3*x4/250000 - 36297*x1**3/100000 + 60819*x1**2*x2**2/10000 + 11341*x1**2*x2*x3/100000 - 4621*x1**2*x2*x4/62500 + 36103*x1**2*x2/5000 + 7217*x1**2*x3**2/2500 - 4051*x1**2*x3*x4/125000 + 39127*x1**2*x3/100000 + 4293*x1**2*x4**2/1250 + 19671*x1**2*x4/100000 - 57289*x1**2/10000 - 20151*x1*x2**3/5000 - 36777*x1*x2**2*x3/50000 - 12637*x1*x2**2*x4/100000 - 65569*x1*x2**2/10000 + 5729*x1*x2*x3**2/5000 + 18423*x1*x2*x3*x4/1000000 + 1821*x1*x2*x3/10000 - 88581*x1*x2*x4**2/100000 + 2941*x1*x2*x4/200000 + 11871*x1*x2/1000 + 85851*x1*x3**3/1000000 + 60533*x1*x3**2*x4/1000000 + 13851*x1*x3**2/10000 - 4599*x1*x3*x4**2/20000 - 4099*x1*x3*x4/25000 + 33553*x1*x3/100000 - 2001*x1*x4**3/62500 - 1397*x1*x4**2/10000 - 54821*x1*x4/1000000 + 1909*x1/1000 + 2237*x2**4/625 + 2857*x2**3*x3/40000 - 25009*x2**3*x4/500000 + 693*x2**3/200 + 4909*x2**2*x3**2/1250 - 63997*x2**2*x3*x4/1000000 - 149*x2**2*x3/1600 + 20057*x2**2*x4**2/5000 - 1603*x2**2*x4/50000 - 1753*x2**2/500 - 3691*x2*x3**3/125000 + 36567*x2*x3**2*x4/500000 + 60353*x2*x3**2/100000 - 35173*x2*x3*x4**2/1000000 - 62909*x2*x3*x4/1000000 - 19237*x2*x3/50000 - 9271*x2*x4**3/100000 + 8751*x2*x4**2/1000 + 987*x2*x4/3125 - 3223*x2/250 + 12067*x3**4/5000 - 12773*x3**3*x4/500000 + 56217*x3**3/100000 + 5327*x3**2*x4**2/2000 + 36871*x3**2*x4/50000 + 10897*x3**2/5000 - 30597*x3*x4**3/1000000 - 14503*x3*x4**2/100000 + 14459*x3*x4/100000 + 10511*x3/25000 + 13497*x4**4/5000 - 4719*x4**3/100000 - 11497*x4**2/1000 + 2909/125",
    "Q": "[[23.272256695751974, -0.002288259165977228, 0.2165118919946159, -6.443406042499766, 0.9517297841222804, -6.663120587793526, 0.046501715203226796, 0.16331808768729986, 0.017292866395106996, -0.1762731801635472, -0.13003138203944958, 0.1301892073119003, -4.428318296659477, 5.9196328756118985, -4.068097853224866], [-0.002288259165977228, 1.8145144242244367, 0.025048122254883502, -0.004170222999371691, -0.0508789915148001, -0.02312576814180631, -0.0016814528868031606, 1.7861659972800694, -0.1069133819137925, 0.13152013255453776, -0.0158823324409491, -0.018093909037608234, 0.041862977231816666, -0.017356064295914513, 0.033325026160508926], [0.2165118919946159, 0.025048122254883502, 2.5568210599859835, -0.054277526999080596, 0.029530918206317636, -0.0718479989336103, 0.23810523313393012, 0.0006777152194653247, -0.03341744227509792, 0.2815216092308857, 0.2929302205338535, 0.3987747765167433, -0.07591668197869707, 0.16380295279007628, 0.04067584729252661], [-6.443406042499766, -0.004170222999371691, -0.054277526999080596, 5.336177537697313, 0.023192909852423227, 2.590847796262571, -0.01411445211879301, -0.05868485833700976, 0.006083622880218706, 0.004752189122409112, 0.027640278341258817, -0.03570058190490194, 1.7347042703714508, -2.075388595861682, 1.5046246176102478], [0.9517297841222804, -0.0508789915148001, 0.029530918206317636, 0.023192909852423227, 2.41508293429644, 0.036852976332324844, -0.029047232959314776, 0.01905746348124808, 0.06496920575636564, 0.2942848660635258, -0.03455045629689997, 0.15139175227548626, -1.2050970337166045, 2.1054307956160616, -0.18176846920047768], [-6.663120587793526, -0.02312576814180631, -0.0718479989336103, 2.590847796262571, 0.036852976332324844, 2.7038524691555685, -0.014517812578035158, -0.04709069812737457, -0.01418286918517522, 0.16207868858285301, 0.019663535862618976, -0.05112104809065309, 0.6101512327685242, -1.1102850066725192, 1.3741558097336746], [0.046501715203226796, -0.0016814528868031606, 0.23810523313393012, -0.01411445211879301, -0.029047232959314776, -0.014517812578035158, 2.333025268656615, -0.038805047430494496, -0.06098060850601521, -0.013097439873498621, -0.07858898351667855, 0.06091166475895097, -0.01683051118457727, 0.009912015246835671, -0.0013208350100911521], [0.16331808768729986, 1.7861659972800694, 0.0006777152194653247, -0.05868485833700976, 0.01905746348124808, -0.04709069812737457, -0.038805047430494496, 2.7981215445401197, 0.663881356796648, 0.11592301291018887, -0.013645585034644123, -0.017917979343880716, -0.02492956779833997, -0.009927038772898585, -0.03261280701300387], [0.017292866395106996, -0.1069133819137925, -0.03341744227509792, 0.006083622880218706, 0.06496920575636564, -0.01418286918517522, -0.06098060850601521, 0.663881356796648, 0.6870409148121043, -0.03048433851667008, 0.017563611453323212, -0.01373977866638831, -0.05259375864707904, -0.0066793366612343886, -0.013646942000740958], [-0.1762731801635472, 0.13152013255453776, 0.2815216092308857, 0.004752189122409112, 0.2942848660635258, 0.16207868858285301, -0.013097439873498621, 0.11592301291018887, -0.03048433851667008, 2.4141166829686402, -0.014415187345570159, 0.04361808981133257, 0.06895407016398437, 0.5201150834875707, 0.2499140677756766], [-0.13003138203944958, -0.0158823324409491, 0.2929302205338535, 0.027640278341258817, -0.03455045629689997, 0.019663535862618976, -0.07858898351667855, -0.013645585034644123, 0.017563611453323212, -0.014415187345570159, 3.785299624028919, 0.05616716346762698, 0.0331735398570363, -0.22575559116964886, -0.04770865579813756], [0.1301892073119003, -0.018093909037608234, 0.3987747765167433, -0.03570058190490194, 0.15139175227548626, -0.05112104809065309, 0.06091166475895097, -0.017917979343880716, -0.01373977866638831, 0.04361808981133257, 0.05616716346762698, 2.383413566848388, -0.1374216550566227, 0.09875939222871055, -0.030267792954196075], [-4.428318296659477, 0.041862977231816666, -0.07591668197869707, 1.7347042703714508, -1.2050970337166045, 0.6101512327685242, -0.01683051118457727, -0.02492956779833997, -0.05259375864707904, 0.06895407016398437, 0.0331735398570363, -0.1374216550566227, 3.5826416539866637, -2.0195821681895265, 0.36908429300666196], [5.9196328756118985, -0.017356064295914513, 0.16380295279007628, -2.075388595861682, 2.1054307956160616, -1.1102850066725192, 0.009912015246835671, -0.009927038772898585, -0.0066793366612343886, 0.5201150834875707, -0.22575559116964886, 0.09875939222871055, -2.0195821681895265, 5.348151378402123, -0.001265745090783371], [-4.068097853224866, 0.033325026160508926, 0.04067584729252661, 1.5046246176102478, -0.18176846920047768, 1.3741558097336746, -0.0013208350100911521, -0.03261280701300387, -0.013646942000740958, 0.2499140677756766, -0.04770865579813756, -0.030267792954196075, 0.36908429300666196, -0.001265745090783371, 1.8713142326500014]]",
    "monomial_list": "[1, x4, x3, x2, x1, x4**2, x3*x4, x2*x4, x1*x4, x3**2, x2*x3, x1*x3, x2**2, x1*x2, x1**2]"
}