{
    "name": "Total Decomposition",
    "rational_expression": "3341*x1**4/1000 - 2717*x1**3*x2/10000 + 53*x1**3/10 + 7083*x1**2*x2**2/1000 + 2033*x1**2*x2/1000 + 473*x1**2/50 - 2659*x1*x2**3/10000 + 5573*x1*x2**2/1000 - 667*x1*x2/100 - 277*x1/100 + 3741*x2**4/1000 + 421*x2**3/125 + 3007*x2**2/500 + 2517*x2/500 + 1979/500",
    "Q": "[[3.9577199580720777, 2.5164991160603147, -1.3834412513695322, -0.43907494636573363, -0.9155922681889042, -0.13040156095707592], [2.5164991160603147, 6.891862252706825, -2.4200802278304887, 1.685319752001614, 1.1904027994046862, -0.059545137983621814], [-1.3834412513695322, -2.4200802278304887, 9.720919585021997, 1.5903135129426729, 1.078117679235438, 2.648760266552401], [-0.43907494636573363, 1.685319752001614, 1.5903135129426729, 3.739863836633249, -0.133697791238711, 0.480863113447297], [-0.9155922681889042, 1.1904027994046862, 1.078117679235438, -0.133697791238711, 6.118649818081805, -0.13369779123871442], [-0.13040156095707592, -0.059545137983621814, 2.648760266552401, 0.480863113447297, -0.13369779123871442, 3.340512208360864]]",
    "monomial_list": "[1, x2, x1, x2**2, x1*x2, x1**2]"
}