{
    "name": "Total Decomposition",
    "rational_expression": "1323*x1**4/100000 - 641*x1**3*x2/50000 - 1343*x1**3/10000 + 2947*x1**2*x2**2/10000 - 3811*x1**2*x2/10000 + 5907*x1**2/10000 - 1679*x1*x2**3/50000 - 42*x1*x2**2/125 - 2913*x1*x2/10000 - 1877*x1/10000 + 2799*x2**4/10000 - 1947*x2**3/5000 + 1103*x2**2/1000 - 443*x2/1250 + 579/500",
    "Q": "[[1.1576647516247816, -0.17732261840409821, -0.09402018512621418, 0.20882930110337938, -0.17229348673990502, 0.006984046401719627], [-0.17732261840409821, 0.6863070185168252, 0.026623328294430766, -0.19489476756258142, -0.07569551621496037, -0.0016477201377115272], [-0.09402018512621418, 0.026623328294430766, 0.5773547257865806, -0.09218583221527157, -0.18902623688790368, -0.06695514775927457], [0.20882930110337938, -0.19489476756258142, -0.09218583221527157, 0.27993961123594385, -0.01677722100212789, 0.009570631588693545], [-0.17229348673990502, -0.07569551621496037, -0.18902623688790368, -0.01677722100212789, 0.2757347453940265, -0.006548587645830873], [0.006984046401719627, -0.0016477201377115272, -0.06695514775927457, 0.009570631588693545, -0.006548587645830873, 0.013409147071726694]]",
    "monomial_list": "[1, x2, x1, x2**2, x1*x2, x1**2]"
}