{
    "name": "Total Decomposition",
    "rational_expression": "69*x1**4/5000 - 1301*x1**3*x2/100000 - 7*x1**3/50 + 3*x1**2*x2**2/10 - 1949*x1**2*x2/5000 + 6083*x1**2/10000 - 3407*x1*x2**3/100000 - 3427*x1*x2**2/10000 - 733*x1*x2/2500 - 229*x1/1250 + 2851*x2**4/10000 - 249*x2**3/625 + 141*x2**2/125 - 723*x2/2000 + 1189/1000",
    "Q": "[[1.1894511350803916, -0.1804179503162579, -0.09154696293152904, 0.21366922891483978, -0.1766061327761412, 0.006098045291458435], [-0.1804179503162579, 0.6992369388635981, 0.029092971235390848, -0.19870608743508053, -0.07731218982501292, -0.0020024888411686423], [-0.09154696293152904, 0.029092971235390848, 0.5962881171345213, -0.09388303310721009, -0.19274758582104753, -0.06992315515698139], [0.21366922891483978, -0.19870608743508053, -0.09388303310721009, 0.2851697961442743, -0.017106041329127724, 0.009703713350464644], [-0.1766061327761412, -0.07731218982501292, -0.19274758582104753, -0.017106041329127724, 0.28106938700302864, -0.006621648071091746], [0.006098045291458435, -0.0020024888411686423, -0.06992315515698139, 0.009703713350464644, -0.006621648071091746, 0.014028700284017405]]",
    "monomial_list": "[1, x2, x1, x2**2, x1*x2, x1**2]"
}