{
    "name": "Total Decomposition",
    "rational_expression": "999*x1**4/250 - 58327*x1**3*x2/10000 - 2991*x1**3/250 + 1429*x1**2*x2**2/125 - 43547*x1**2*x2/10000 + 21153*x1**2/1000 - 20781*x1*x2**3/5000 - 5077*x1*x2**2/500 + 56923*x1*x2/10000 - 123*x1/10 + 8893*x2**4/1250 - 3589*x2**3/250 + 9007*x2**2/500 - 6829*x2/1000 + 5819/1000",
    "Q": "[[5.8170224179575944, -3.4108952545011877, -6.150151922219378, 1.1727760247958123, 0.7804213548858469, 1.87358184224899], [-3.4108952545011877, 15.661108012748686, 2.063077540217915, -7.180572919014813, -2.459631842719949, -0.728541985584661], [-6.150151922219378, 2.063077540217915, 17.400291845280556, -2.603797245025781, -1.450358838267846, -5.980058648290267], [1.1727760247958123, -7.180572919014813, -2.603797245025781, 7.115132435815433, -2.0809426813407588, 1.7365247017488947], [0.7804213548858469, -2.459631842719949, -1.450358838267846, -2.0809426813407588, 7.95083717223256, -2.9132600455715627], [1.87358184224899, -0.728541985584661, -5.980058648290267, 1.7365247017488947, -2.9132600455715627, 3.99227629756712]]",
    "monomial_list": "[1, x2, x1, x2**2, x1*x2, x1**2]"
}