{
    "name": "Total Decomposition",
    "rational_expression": "29047*x1**4/10000 - 31017*x1**3*x2/10000 - 19823*x1**3/2500 + 15611*x1**2*x2**2/2000 - 12193*x1**2*x2/2500 + 7299*x1**2/500 - 1817*x1*x2**3/625 - 30997*x1*x2**2/5000 - 2351*x1*x2/10000 - 726*x1/125 + 39721*x2**4/10000 - 5529*x2**3/1000 + 8773*x2**2/1000 - 4143*x2/1000 + 2051/500",
    "Q": "[[4.102132320577922, -2.0730038061257856, -2.902627816098071, 0.457419657914861, -0.14906846808335705, 0.9832707750643197], [-2.0730038061257856, 7.8552227741250675, 0.0279658236784108, -2.7659691808658917, -1.5081410426930442, -0.19456578425395188], [-2.902627816098071, 0.0279658236784108, 12.628416984433995, -1.5840547833304914, -2.2425043892683814, -3.960415374849352], [0.457419657914861, -2.7659691808658917, -1.5840547833304914, 3.9726901951324347, -1.4540960040945847, 0.7986991920205719], [-0.14906846808335705, -1.5081410426930442, -2.2425043892683814, -1.4540960040945847, 6.201439829912315, -1.5513349256741182], [0.9832707750643197, -0.19456578425395188, -3.960415374849352, 0.7986991920205719, -1.5513349256741182, 2.901776354519017]]",
    "monomial_list": "[1, x2, x1, x2**2, x1*x2, x1**2]"
}