{
    "name": "Total Decomposition",
    "rational_expression": "999*x1**4/250 - 58327*x1**3*x2/10000 - 2991*x1**3/250 + 1429*x1**2*x2**2/125 - 21771*x1**2*x2/5000 + 2644*x1**2/125 - 20781*x1*x2**3/5000 - 5077*x1*x2**2/500 + 5691*x1*x2/1000 - 123*x1/10 + 8893*x2**4/1250 - 3589*x2**3/250 + 18013*x2**2/1000 - 1707*x2/250 + 2909/500",
    "Q": "[[5.81688610545759, -3.4102017804644476, -6.14960962292591, 1.1723746123435101, 0.7802142590585387, 1.8734243793386067], [-3.4102017804644476, 15.65999484229844, 2.0627556511665786, -7.179950678196976, -2.459536445748508, -0.7285075210299605], [-6.14960962292591, 2.0627556511665786, 17.400412423773176, -2.603671393578271, -1.4506694368980064, -5.980020737090849], [1.1723746123435101, -7.179950678196976, -2.603671393578271, 7.1148311186499935, -2.0809430401113325, 1.7364748389585463], [0.7802142590585387, -2.459536445748508, -1.4506694368980064, -2.0809430401113325, 7.951129124245786, -2.913280041431028], [1.8734243793386067, -0.7285075210299605, -5.980020737090849, 1.7364748389585463, -2.913280041431028, 3.9923416474813997]]",
    "monomial_list": "[1, x2, x1, x2**2, x1*x2, x1**2]"
}