{
    "name": "Total Decomposition",
    "rational_expression": "873*x1**4/200 - 9487*x1**3*x2/1000 - 4389*x1**3*x3/1000 + 4629*x1**3/5000 + 2609*x1**2*x2**2/500 + 4419*x1**2*x2*x3/1000 - 8301*x1**2*x2/10000 + 359*x1**2*x3**2/200 - 523*x1**2*x3/1250 - 1547*x1**2/250 - 1871*x1*x2**3/10000 + 1799*x1*x2**2*x3/10000 - 127*x1*x2**2/1250 - 171*x1*x2*x3**2/1250 + 6923*x1*x2*x3/10000 + 813*x1*x2/125 + 81*x1*x3**3/400 + 1551*x1*x3**2/5000 + 329*x1*x3/100 - 939*x1/2000 + 2571*x2**4/10000 - 4353*x2**3*x3/10000 - 2851*x2**3/10000 + 8637*x2**2*x3**2/10000 - 1917*x2**2*x3/5000 + 1379*x2**2/2500 - 1327*x2*x3**3/2500 - 139*x2*x3**2/250 - 1021*x2*x3/10000 - 5651*x2/10000 + 6233*x3**4/10000 + 41*x3**3/200 + 319*x3**2/250 + 2589*x3/10000 + 121/50",
    "Q": "[[2.419913942704922, 0.1290782727772807, -0.2815188880058584, -0.2355567716016938, 0.07610687000983335, 0.06621251658930959, 1.6532212626230276, 0.06024578821997055, 3.4034251915554283, -3.1827963014754763], [0.1290782727772807, 1.1259835548939936, -0.11528437109529834, -0.009505629438891853, 0.10258554907694697, -0.2571782264490786, 0.1647954855975914, -0.1527250121174936, 0.25822862284607795, -0.08126761797475071], [-0.2815188880058584, -0.11528437109529834, 0.4290207912582893, -0.1522004172379065, -0.020836746586901815, -0.039782379638223335, 0.010566936076054682, -0.1426897823582814, -0.08274799221270095, 0.17183791440376403], [-0.2355567716016938, -0.009505629438891853, -0.1522004172379065, 0.17874224309231773, -0.009603262952923736, 0.07703835887687249, -0.12789709114810494, 0.03385520707525129, -0.5896061056728717, 0.464042186713945], [0.07610687000983335, 0.10258554907694697, -0.020836746586901815, -0.009603262952923736, 0.6234758122267825, -0.2654392506103985, 0.10188504929979049, -0.009219569104544054, 0.13790949923670714, -0.09989789736736181], [0.06621251658930959, -0.2571782264490786, -0.039782379638223335, 0.07703835887687249, -0.2654392506103985, 0.8823024318455607, -0.2039662939609879, -0.21739488779802388, 0.0707532768273493, -0.012702126459492914], [1.6532212626230276, 0.1647954855975914, 0.010566936076054682, -0.12789709114810494, 0.10188504929979049, -0.2039662939609879, 1.9902664946240636, 0.020001848791624727, 2.218871743689232, -2.1933713045070857], [0.06024578821997055, -0.1527250121174936, -0.1426897823582814, 0.03385520707525129, -0.009219569104544054, -0.21739488779802388, 0.020001848791624727, 0.2569043216766087, -0.09489787481746746, -0.05307451582975158], [3.4034251915554283, 0.25822862284607795, -0.08274799221270095, -0.5896061056728717, 0.13790949923670714, 0.0707532768273493, 2.218871743689232, -0.09489787481746746, 5.326851925869951, -4.744210592957473], [-3.1827963014754763, -0.08126761797475071, 0.17183791440376403, 0.464042186713945, -0.09989789736736181, -0.012702126459492914, -2.1933713045070857, -0.05307451582975158, -4.744210592957473, 4.366421545074544]]",
    "monomial_list": "[1, x3, x2, x1, x3**2, x2*x3, x1*x3, x2**2, x1*x2, x1**2]"
}