{
    "name": "Total Decomposition",
    "rational_expression": "657*x1**4/1000 + 1313*x1**2*x2**2/1000 + 263*x1**2/500 + 657*x2**4/1000 + 263*x2**2/500 + 217/250",
    "Q": "[[0.8676006530858223, -8.89532400637798e-18, 1.7502628104577824e-18, -0.11410083916571143, -3.759481026525056e-17, -0.11410083916571138], [-8.89532400637798e-18, 0.7551248700091886, 4.023528997440796e-16, 2.1934788972757846e-17, -8.329255804209893e-17, -1.517827443948744e-16], [1.7502628104577824e-18, 4.023528997440796e-16, 0.7551248700091894, 1.7675124434921695e-16, 3.462317982954823e-17, -1.9459196372007226e-16], [-0.11410083916571143, 2.1934788972757846e-17, 1.7675124434921695e-16, 0.6567310247802182, -2.656492410043168e-19, 0.10577727233888114], [-3.759481026525056e-17, -8.329255804209893e-17, 3.462317982954823e-17, -2.656492410043168e-19, 1.1019075048501097, -8.730234304804646e-19], [-0.11410083916571138, -1.517827443948744e-16, -1.9459196372007226e-16, 0.10577727233888114, -8.730234304804646e-19, 0.6567310247802184]]",
    "monomial_list": "[1, x2, x1, x2**2, x1*x2, x1**2]"
}