{
    "name": "Multiplier-5",
    "rational_expression": "313*x1**2/1000 + 203*x1*x2/5000 + 61*x1*x3/1250 + 93*x1*x4/2000 - 491*x1*x5/5000 + 47*x1*x6/1000 - 107*x1/1000 + 309*x2**2/1000 + 419*x2*x3/10000 + 473*x2*x4/10000 - 107*x2*x5/1000 + 91*x2*x6/2000 - 29*x2/250 + 79*x3**2/250 + 461*x3*x4/10000 - 57*x3*x5/500 + 551*x3*x6/10000 - 133*x3/1000 + 157*x4**2/500 - 13*x4*x5/125 + 63*x4*x6/1250 - 29*x4/250 + 129*x5**2/250 - 53*x5*x6/500 + 673*x5/1000 + 317*x6**2/1000 - 123*x6/1000 + 91/250",
    "Q": "[[0.3644158136951983, -0.061659925499323934, 0.3369129583865102, -0.058384911506013104, -0.06665483470782373, -0.05828530828089844, -0.05363271430711983], [-0.061659925499323934, 0.31789976407713993, -0.05341605044061888, 0.02533699347830211, 0.027628250907739366, 0.022888553890981315, 0.023636610492399502], [0.3369129583865102, -0.05341605044061888, 0.5151712625025023, -0.05198517540664933, -0.05722672869557222, -0.05335046607584871, -0.049248089352148895], [-0.058384911506013104, 0.02533699347830211, -0.05198517540664933, 0.31462673222487847, 0.023021063046339846, 0.023809386978801524, 0.023339578981797598], [-0.06665483470782373, 0.027628250907739366, -0.05722672869557222, 0.023021063046339846, 0.31579768066823527, 0.020981589365128183, 0.02432718327595939], [-0.05828530828089844, 0.022888553890981315, -0.05335046607584871, 0.023809386978801524, 0.020981589365128183, 0.3085807105663263, 0.020407653444752066], [-0.05363271430711983, 0.023636610492399502, -0.049248089352148895, 0.023339578981797598, 0.02432718327595939, 0.020407653444752066, 0.31311039739997076]]",
    "monomial_list": "[1, x6, x5, x4, x3, x2, x1]"
}