{
    "name": "Multiplier-6",
    "rational_expression": "14*x1**2/125 + 39*x1*x2/2500 + 17*x1*x3/1000 + 39*x1*x4/2500 + 41*x1*x5/2500 - 363*x1*x6/10000 - 97*x1/2500 + 111*x2**2/1000 + 77*x2*x3/5000 + 157*x2*x4/10000 + 2*x2*x5/125 - 47*x2*x6/1250 - 99*x2/2500 + 14*x3**2/125 + 19*x3*x4/1250 + 177*x3*x5/10000 - 41*x3*x6/1000 - 47*x3/1000 + 111*x4**2/1000 + 39*x4*x5/2500 - 22*x4*x6/625 - 367*x4/10000 + 14*x5**2/125 - 357*x5*x6/10000 - 77*x5/2000 + 183*x6**2/1000 + 6*x6/25 + 33/250",
    "Q": "[[0.13233379736104317, 0.12010966175835022, -0.019375127960961167, -0.01842439367589911, -0.023582623379843144, -0.01982535793775651, -0.019398418954766905], [0.12010966175835022, 0.1828004296786174, -0.017955938627527875, -0.01771113988364832, -0.020597161307329255, -0.018790106468020335, -0.018143119953386293], [-0.019375127960961167, -0.017955938627527875, 0.11144269273500285, 0.007784203351601169, 0.008837178034423266, 0.007986259167525765, 0.008151825787708171], [-0.01842439367589911, -0.01771113988364832, 0.007784203351601169, 0.11123578950662577, 0.007659083758795677, 0.007908283865912056, 0.00788248519882798], [-0.023582623379843144, -0.020597161307329255, 0.008837178034423266, 0.007659083758795677, 0.11167816573265998, 0.007685924456522759, 0.008517102651499556], [-0.01982535793775651, -0.018790106468020335, 0.007986259167525765, 0.007908283865912056, 0.007685924456522759, 0.11062151696341493, 0.007826834322518912], [-0.019398418954766905, -0.018143119953386293, 0.008151825787708171, 0.00788248519882798, 0.008517102651499556, 0.007826834322518912, 0.11135721367769381]]",
    "monomial_list": "[1, x6, x5, x4, x3, x2, x1]"
}