{
    "name": "Multiplier-4",
    "rational_expression": "309*x1**2/1000 + 349*x1*x2/10000 + 439*x1*x3/10000 - 13*x1*x4/125 + 213*x1*x5/5000 + 207*x1*x6/5000 - 21*x1/200 + 61*x2**2/200 + 369*x2*x3/10000 - 111*x2*x4/1000 + 41*x2*x5/1000 + 393*x2*x6/10000 - 57*x2/500 + 313*x3**2/1000 - 3*x3*x4/25 + 231*x3*x5/5000 + 63*x3*x6/1250 - 13*x3/100 + 51*x4**2/100 - 107*x4*x5/1000 - 14*x4*x6/125 + 333*x4/500 + 309*x5**2/1000 + 89*x5*x6/2000 - 113*x5/1000 + 313*x6**2/1000 - 121*x6/1000 + 359/1000",
    "Q": "[[0.3586868829772104, -0.060491800808183394, -0.05632030018065428, 0.332767692584568, -0.06498395997335318, -0.05720075399572776, -0.05244740715200529], [-0.060491800808183394, 0.3136127458289667, 0.022180385770879118, -0.05573610678552303, 0.025136725793403415, 0.019669121225821908, 0.020569124527004837], [-0.05632030018065428, 0.022180385770879118, 0.309350832275793, -0.05355748828989312, 0.022997338002788328, 0.020570790576959996, 0.021187899107292962], [0.332767692584568, -0.05573610678552303, -0.05355748828989312, 0.5095871953090646, -0.0598846114098099, -0.05543753814469559, -0.05183963727315535], [-0.06498395997335318, 0.025136725793403415, 0.022997338002788328, -0.0598846114098099, 0.3133070492108135, 0.01855614229359364, 0.022099503090291087], [-0.05720075399572776, 0.019669121225821908, 0.020570790576959996, -0.05543753814469559, 0.01855614229359364, 0.30462822832339453, 0.017444874656333268], [-0.05244740715200529, 0.020569124527004837, 0.021187899107292962, -0.05183963727315535, 0.022099503090291087, 0.017444874656333268, 0.30940982350713725]]",
    "monomial_list": "[1, x6, x5, x4, x3, x2, x1]"
}