{
    "name": "Multiplier-3",
    "rational_expression": "153*x1**2/500 + 171*x1*x2/5000 - 101*x1*x3/1000 + 391*x1*x4/10000 + 39*x1*x5/1000 + 93*x1*x6/2500 - 997*x1/10000 + 61*x2**2/200 - 11*x2*x3/100 + 211*x2*x4/5000 + 409*x2*x5/10000 + 19*x2*x6/500 - 27*x2/250 + 249*x3**2/500 - 107*x3*x4/1000 - 21*x3*x5/200 - 107*x3*x6/1000 + 16*x3/25 + 31*x4**2/100 + 417*x4*x5/10000 + 417*x4*x6/10000 - 109*x4/1000 + 307*x5**2/1000 + 51*x5*x6/1250 - 107*x5/1000 + 31*x6**2/100 - 29*x6/250 + 43/125",
    "Q": "[[0.34448439056338886, -0.05804279228115816, -0.05374842491498745, -0.05433229338295579, 0.32037841725066785, -0.053974734814016705, -0.05007399167058403], [-0.05804279228115816, 0.3098800139638478, 0.02040331245898136, 0.02094777812390389, -0.05382067729391621, 0.01898547562598403, 0.01849762137096922], [-0.05374842491498745, 0.02040331245898136, 0.30660907349944644, 0.020940899604180205, -0.052219988294295853, 0.02041231135693229, 0.01960886101261583], [-0.05433229338295579, 0.02094777812390389, 0.020940899604180205, 0.3093701853840514, -0.053621532696027374, 0.021192291749366234, 0.019429943602790226], [0.32037841725066785, -0.05382067729391621, -0.052219988294295853, -0.053621532696027374, 0.49790421089186765, -0.054857144054018175, -0.050649451677196304], [-0.053974734814016705, 0.01898547562598403, 0.02041231135693229, 0.021192291749366234, -0.054857144054018175, 0.3044204840901728, 0.017029287399010235], [-0.05007399167058403, 0.01849762137096922, 0.01960886101261583, 0.019429943602790226, -0.050649451677196304, 0.017029287399010235, 0.30616638030730964]]",
    "monomial_list": "[1, x6, x5, x4, x3, x2, x1]"
}