{
    "name": "Multiplier-1",
    "rational_expression": "103*x1**2/200 - 23*x1*x2/200 - 61*x1*x3/500 - 14*x1*x4/125 - 11*x1*x5/100 - 23*x1*x6/200 + 339*x1/500 + 153*x2**2/500 + 91*x2*x3/2500 + 423*x2*x4/10000 + 209*x2*x5/5000 + 203*x2*x6/5000 - 23*x2/200 + 311*x3**2/1000 + 49*x3*x4/1250 + 87*x3*x5/2000 + 97*x3*x6/2000 - 133*x3/1000 + 31*x4**2/100 + 213*x4*x5/5000 + 111*x4*x6/2500 - 29*x4/250 + 309*x5**2/1000 + 221*x5*x6/5000 - 23*x5/200 + 157*x6**2/500 - 123*x6/1000 + 73/200",
    "Q": "[[0.365497538905269, -0.06126681063050152, -0.0572875013556818, -0.058107570560666906, -0.06647172267499916, -0.057592196108225135, 0.3395342912380293], [-0.06126681063050152, 0.3140315802264374, 0.022006522680470337, 0.022091340946828384, 0.024237182340970383, 0.020416377523808486, -0.057489049604120115], [-0.0572875013556818, 0.022006522680470337, 0.30902372760020275, 0.021218458680432116, 0.02175856333565834, 0.02099216299080014, -0.0550400008103084], [-0.058107570560666906, 0.022091340946828384, 0.021218458680432116, 0.31055068417698606, 0.01952350434050565, 0.0212755740454876, -0.056009055803756806], [-0.06647172267499916, 0.024237182340970383, 0.02175856333565834, 0.01952350434050565, 0.3114922114994119, 0.01826724572974586, -0.061173414371801085], [-0.057592196108225135, 0.020416377523808486, 0.02099216299080014, 0.0212755740454876, 0.01826724572974586, 0.30620410169760787, -0.057516037104987], [0.3395342912380293, -0.057489049604120115, -0.0550400008103084, -0.056009055803756806, -0.061173414371801085, -0.057516037104987, 0.5152621252121667]]",
    "monomial_list": "[1, x6, x5, x4, x3, x2, x1]"
}