{
    "name": "Multiplier-6",
    "rational_expression": "63*x1**2/200 + 239*x1*x2/5000 + 27*x1*x3/500 + 53*x1*x4/1000 + 277*x1*x5/5000 - 231*x1*x6/2500 - 21*x1/200 + 31*x2**2/100 + 471*x2*x3/10000 + 537*x2*x4/10000 + 269*x2*x5/5000 - 101*x2*x6/1000 - 57*x2/500 + 79*x3**2/250 + 253*x3*x4/5000 + 139*x3*x5/2500 - 107*x3*x6/1000 - 131*x3/1000 + 317*x4**2/1000 + 279*x4*x5/5000 - 487*x4*x6/5000 - 57*x4/500 + 79*x5**2/250 - 191*x5*x6/2000 - 14*x5/125 + 127*x6**2/250 + 163*x6/250 + 353/1000",
    "Q": "[[0.35312337456839443, 0.32643172260585906, -0.0562959910133075, -0.05721151981926997, -0.0655445758140759, -0.056736872199169334, -0.05234254421909594], [0.32643172260585906, 0.5090455808170686, -0.04794993493166156, -0.04879934522333738, -0.05353455306995429, -0.05050491411284637, -0.046394169503320745], [-0.0562959910133075, -0.04794993493166156, 0.3155613085768773, 0.02779767625278087, 0.027790283747115115, 0.02699715421302642, 0.02760399174739737], [-0.05721151981926997, -0.04879934522333738, 0.02779767625278087, 0.316329536575296, 0.025211698162284663, 0.026923978099988168, 0.02657649157397654], [-0.0655445758140759, -0.05353455306995429, 0.027790283747115115, 0.025211698162284663, 0.31619937389155306, 0.02339491493679867, 0.026870591759701867], [-0.056736872199169334, -0.05050491411284637, 0.02699715421302642, 0.026923978099988168, 0.02339491493679867, 0.3107900552655147, 0.023861895312811424], [-0.05234254421909594, -0.046394169503320745, 0.02760399174739737, 0.02657649157397654, 0.026870591759701867, 0.023861895312811424, 0.31563182749223595]]",
    "monomial_list": "[1, x6, x5, x4, x3, x2, x1]"
}