{
    "name": "Multiplier-6",
    "rational_expression": "261*x1**2/1000 + 39*x1*x2/1000 + 109*x1*x3/2500 + 431*x1*x4/10000 + 89*x1*x5/2000 - 393*x1*x6/5000 - 873*x1/10000 + 257*x2**2/1000 + 191*x2*x3/5000 + 213*x2*x4/5000 + 211*x2*x5/5000 - 107*x2*x6/1250 - 949*x2/10000 + 13*x3**2/50 + 391*x3*x4/10000 + 437*x3*x5/10000 - 869*x3*x6/10000 - 101*x3/1000 + 261*x4**2/1000 + 111*x4*x5/2500 - 407*x4*x6/5000 - 37*x4/400 + 13*x5**2/50 - 399*x5*x6/5000 - 227*x5/2500 + 53*x6**2/125 + 68*x6/125 + 291/1000",
    "Q": "[[0.2910744371579485, 0.272132747975046, -0.04526785412268023, -0.0461827294505536, -0.05052427587173691, -0.047360971385639515, -0.04364687820483427], [0.272132747975046, 0.42397431627156357, -0.03973395774259611, -0.0406740678752598, -0.04325200739422994, -0.04273770032392015, -0.03929750121578213], [-0.04526785412268023, -0.03973395774259611, 0.26056890029982194, 0.022119869325095208, 0.021832297210358075, 0.021084480773844456, 0.02237879654745495], [-0.0461827294505536, -0.0406740678752598, 0.022119869325095208, 0.2610035557011815, 0.019555641983204756, 0.02129036874624186, 0.021626527633173142], [-0.05052427587173691, -0.04325200739422994, 0.021832297210358075, 0.019555641983204756, 0.2603960002415771, 0.019013527391998235, 0.02191902421245212], [-0.047360971385639515, -0.04273770032392015, 0.021084480773844456, 0.02129036874624186, 0.019013527391998235, 0.2567847136443962, 0.019504465177441293], [-0.04364687820483427, -0.03929750121578213, 0.02237879654745495, 0.021626527633173142, 0.02191902421245212, 0.019504465177441293, 0.2612586325121957]]",
    "monomial_list": "[1, x6, x5, x4, x3, x2, x1]"
}