{
    "name": "Multiplier-2",
    "rational_expression": "309*x1**2/1000 - 103*x1*x2/1000 + 113*x1*x3/2500 + 409*x1*x4/10000 + 27*x1*x5/625 + 109*x1*x6/2500 - 51*x1/500 + 51*x2**2/100 - 119*x2*x3/1000 - 107*x2*x4/1000 - 21*x2*x5/200 - 11*x2*x6/100 + 671*x2/1000 + 313*x3**2/1000 + 401*x3*x4/10000 + 23*x3*x5/500 + 257*x3*x6/5000 - 127*x3/1000 + 309*x4**2/1000 + 423*x4*x5/10000 + 447*x4*x6/10000 - 14*x4/125 + 77*x5**2/250 + 91*x5*x6/2000 - 11*x5/100 + 63*x6**2/200 - 59*x6/500 + 9/25",
    "Q": "[[0.3596496260640775, -0.059051685131750346, -0.05517090442562776, -0.05619883133286549, -0.06370129260822767, 0.33527772813851947, -0.0509540984599792], [-0.059051685131750346, 0.31423238155005206, 0.022826127469982513, 0.022263840876060807, 0.02567714370156871, -0.0549272466042688, 0.02162808565437106], [-0.05517090442562776, 0.022826127469982513, 0.3084935570319207, 0.02108905113065355, 0.022901400804473043, -0.052592204878144526, 0.02156980887895732], [-0.05619883133286549, 0.022263840876060807, 0.02108905113065355, 0.3089010276516812, 0.020085778797479366, -0.05356977574578204, 0.020289761396902275], [-0.06370129260822767, 0.02567714370156871, 0.022901400804473043, 0.020085778797479366, 0.3126557348245044, -0.059500766004780374, 0.022451337650822467], [0.33527772813851947, -0.0549272466042688, -0.052592204878144526, -0.05356977574578204, -0.059500766004780374, 0.5100341944670993, -0.05144866561307068], [-0.0509540984599792, 0.02162808565437106, 0.02156980887895732, 0.020289761396902275, 0.022451337650822467, -0.05144866561307068, 0.3096725855976537]]",
    "monomial_list": "[1, x6, x5, x4, x3, x2, x1]"
}