{
    "name": "Multiplier-4",
    "rational_expression": "309*x1**2/1000 + 87*x1*x2/2500 + 439*x1*x3/10000 - 103*x1*x4/1000 + 213*x1*x5/5000 + 413*x1*x6/10000 - 21*x1/200 + 38*x2**2/125 + 23*x2*x3/625 - 111*x2*x4/1000 + 409*x2*x5/10000 + 49*x2*x6/1250 - 57*x2/500 + 313*x3**2/1000 - 3*x3*x4/25 + 231*x3*x5/5000 + 63*x3*x6/1250 - 13*x3/100 + 509*x4**2/1000 - 107*x4*x5/1000 - 14*x4*x6/125 + 83*x4/125 + 309*x5**2/1000 + 111*x5*x6/2500 - 14*x5/125 + 313*x6**2/1000 - 121*x6/1000 + 179/500",
    "Q": "[[0.3584550625827324, -0.060458731470178426, -0.05628743126559724, 0.3325479157223575, -0.06494975298305258, -0.05716781955220643, -0.052414464854538885], [-0.060458731470178426, 0.3133746523551562, 0.022165073258115633, -0.055699900243977925, 0.025121620462202305, 0.0196543412443021, 0.020554329434927594], [-0.05628743126559724, 0.022165073258115633, 0.3091140592820755, -0.05352174411823717, 0.02298247404361692, 0.02055577851419681, 0.02117304085830365], [0.3325479157223575, -0.055699900243977925, -0.05352174411823717, 0.5091994174294171, -0.0598462179825858, -0.05540025205942602, -0.051803615251258595], [-0.06494975298305258, 0.025121620462202305, 0.02298247404361692, -0.0598462179825858, 0.31307036160216, 0.018542523183501546, 0.0220849986076964], [-0.05716781955220643, 0.0196543412443021, 0.02055577851419681, -0.05540025205942602, 0.018542523183501546, 0.30439199285458823, 0.017430647680460057], [-0.052414464854538885, 0.020554329434927594, 0.02117304085830365, -0.051803615251258595, 0.0220849986076964, 0.017430647680460057, 0.30917385964268324]]",
    "monomial_list": "[1, x6, x5, x4, x3, x2, x1]"
}