{
    "name": "Multiplier-3",
    "rational_expression": "109*x1**2/1000 + 13*x1*x2/1000 - 369*x1*x3/10000 + 13*x1*x4/1000 + 129*x1*x5/10000 + 67*x1*x6/5000 - 369*x1/10000 + 109*x2**2/1000 - 24*x2*x3/625 + 27*x2*x4/2000 + 13*x2*x5/1000 + 13*x2*x6/1000 - 187*x2/5000 + 89*x3**2/500 - 183*x3*x4/5000 - 363*x3*x5/10000 - 24*x3*x6/625 + 233*x3/1000 + 11*x4**2/100 + 63*x4*x5/5000 + 13*x4*x6/1000 - 87*x4/2500 + 109*x5**2/1000 + 17*x5*x6/1250 - 369*x5/10000 + 109*x6**2/1000 - 403*x6/10000 + 13/100",
    "Q": "[[0.12973846847324172, -0.02013209453131194, -0.01846939554393369, -0.017352554595330014, 0.11619171921047194, -0.018701533008756186, -0.01846109981083184], [-0.02013209453131194, 0.10954252226322829, 0.006804938740674675, 0.006495865549627644, -0.019165615211760283, 0.006535291158919154, 0.006645433386369729], [-0.01846939554393369, 0.006804938740674675, 0.10887249942955608, 0.006315668961873091, -0.018210399856057508, 0.00656078002837801, 0.00649276314376521], [-0.017352554595330014, 0.006495865549627644, 0.006315668961873091, 0.10931374604480187, -0.018172939670485194, 0.006725547462932111, 0.006453513575591254], [0.11619171921047194, -0.019165615211760283, -0.018210399856057508, -0.018172939670485194, 0.17787972461348384, -0.019150503112094274, -0.018443619462280653], [-0.018701533008756186, 0.006535291158919154, 0.00656078002837801, 0.006725547462932111, -0.019150503112094274, 0.10881538824647786, 0.006443501311510587], [-0.01846109981083184, 0.006645433386369729, 0.00649276314376521, 0.006453513575591254, -0.018443619462280653, 0.006443501311510587, 0.10891604568931874]]",
    "monomial_list": "[1, x6, x5, x4, x3, x2, x1]"
}