{
    "name": "Multiplier-5",
    "rational_expression": "13*x1**2/50 + 353*x1*x2/10000 + 407*x1*x3/10000 + 391*x1*x4/10000 - 407*x1*x5/5000 + 79*x1*x6/2000 - 447*x1/5000 + 32*x2**2/125 + 353*x2*x3/10000 + 49*x2*x4/1250 - 887*x2*x5/10000 + 191*x2*x6/5000 - 971*x2/10000 + 13*x3**2/50 + 23*x3*x4/625 - 181*x3*x5/2000 + 427*x3*x6/10000 - 103*x3/1000 + 13*x4**2/50 - 169*x4*x5/2000 + 413*x4*x6/10000 - 941*x4/10000 + 107*x5**2/250 - 853*x5*x6/10000 + 279*x5/500 + 131*x6**2/500 - 971*x6/10000 + 149/500",
    "Q": "[[0.29760748188807123, -0.048521114047702485, 0.27867258871109374, -0.047130562268139366, -0.05134645197604712, -0.04847815848592393, -0.044756160832446046], [-0.048521114047702485, 0.2622111395804765, -0.04266062036954786, 0.02056063717314964, 0.021423326007691087, 0.01908831831212026, 0.01977418639439156], [0.27867258871109374, -0.04266062036954786, 0.4278623261821738, -0.04228481952154243, -0.04505910702770975, -0.044262801305740604, -0.04075617557260564], [-0.047130562268139366, 0.02056063717314964, -0.04228481952154243, 0.26011026325515785, 0.018283613632090433, 0.019617088814518107, 0.019690018260261094], [-0.05134645197604712, 0.021423326007691087, -0.04505910702770975, 0.018283613632090433, 0.2602335590663454, 0.017696774898962944, 0.02034871200098546], [-0.04847815848592393, 0.01908831831212026, -0.044262801305740604, 0.019617088814518107, 0.017696774898962944, 0.25579083213420056, 0.01755385749294974], [-0.044756160832446046, 0.01977418639439156, -0.04075617557260564, 0.019690018260261094, 0.02034871200098546, 0.01755385749294974, 0.2596825236872043]]",
    "monomial_list": "[1, x6, x5, x4, x3, x2, x1]"
}