{
    "name": "Multiplier-3",
    "rational_expression": "153*x1**2/500 + 341*x1*x2/10000 - 101*x1*x3/1000 + 391*x1*x4/10000 + 39*x1*x5/1000 + 93*x1*x6/2500 - 997*x1/10000 + 38*x2**2/125 - 11*x2*x3/100 + 211*x2*x4/5000 + 409*x2*x5/10000 + 19*x2*x6/500 - 27*x2/250 + 249*x3**2/500 - 107*x3*x4/1000 - 21*x3*x5/200 - 107*x3*x6/1000 + 16*x3/25 + 31*x4**2/100 + 417*x4*x5/10000 + 417*x4*x6/10000 - 109*x4/1000 + 307*x5**2/1000 + 51*x5*x6/1250 - 107*x5/1000 + 31*x6**2/100 - 29*x6/250 + 43/125",
    "Q": "[[0.3442560900475011, -0.05800694161246471, -0.05371225231192114, -0.054294951148928065, 0.3201569184659849, -0.05393716484554979, -0.05003792818476526], [-0.05800694161246471, 0.30963716907108707, 0.020386022849622282, 0.02093066271567368, -0.05378523565677126, 0.01896893163008561, 0.018480905381768227], [-0.05371225231192114, 0.020386022849622282, 0.3063673882887337, 0.02092373834918163, -0.05218515604955031, 0.020395384679718163, 0.01959191863333621], [-0.054294951148928065, 0.02093066271567368, 0.02092373834918163, 0.3091285164939052, -0.05358571439330296, 0.021175519560248098, 0.01941327524582007], [0.3201569184659849, -0.05378523565677126, -0.05218515604955031, -0.05358571439330296, 0.49751391344484047, -0.05482025031789741, -0.05061452533134046], [-0.05393716484554979, 0.01896893163008561, 0.020395384679718163, 0.021175519560248098, -0.05482025031789741, 0.3041799380622176, 0.017013169116833864], [-0.05003792818476526, 0.018480905381768227, 0.01959191863333621, 0.01941327524582007, -0.05061452533134046, 0.017013169116833864, 0.30592526260556896]]",
    "monomial_list": "[1, x6, x5, x4, x3, x2, x1]"
}