{
    "name": "Multiplier-5",
    "rational_expression": "313*x1**2/1000 + 203*x1*x2/5000 + 61*x1*x3/1250 + 233*x1*x4/5000 - 491*x1*x5/5000 + 47*x1*x6/1000 - 107*x1/1000 + 309*x2**2/1000 + 419*x2*x3/10000 + 473*x2*x4/10000 - 107*x2*x5/1000 + 91*x2*x6/2000 - 29*x2/250 + 79*x3**2/250 + 461*x3*x4/10000 - 57*x3*x5/500 + 551*x3*x6/10000 - 133*x3/1000 + 157*x4**2/500 - 13*x4*x5/125 + 63*x4*x6/1250 - 29*x4/250 + 257*x5**2/500 - 53*x5*x6/500 + 673*x5/1000 + 317*x6**2/1000 - 123*x6/1000 + 91/250",
    "Q": "[[0.3641823779052133, -0.06163032758234652, 0.33669207987717364, -0.058355238708249865, -0.06662480705297699, -0.058255373567439164, -0.05360331395924067], [-0.06163032758234652, 0.31766815421555655, -0.053375204508707336, 0.025327658361864028, 0.027618541608390553, 0.02287839257312208, 0.023627354562708185], [0.33669207987717364, -0.053375204508707336, 0.5147875458041237, -0.05194401941784866, -0.05718426471724232, -0.053309447354822036, -0.04920752690339082], [-0.058355238708249865, 0.025327658361864028, -0.05194401941784866, 0.3143964701243774, 0.02301238513762403, 0.02379941893403017, 0.023330586460112837], [-0.06662480705297699, 0.027618541608390553, -0.05718426471724232, 0.02301238513762403, 0.3155667173174019, 0.020972487750342893, 0.024317910543634788], [-0.058255373567439164, 0.02287839257312208, -0.053309447354822036, 0.02379941893403017, 0.020972487750342893, 0.3083491984157904, 0.020397933626086388], [-0.05360331395924067, 0.023627354562708185, -0.04920752690339082, 0.023330586460112837, 0.024317910543634788, 0.020397933626086388, 0.31288058485938125]]",
    "monomial_list": "[1, x6, x5, x4, x3, x2, x1]"
}