{
    "name": "Multiplier-1",
    "rational_expression": "213*x1**2/500 - 189*x1*x2/2000 - 481*x1*x3/5000 - 57*x1*x4/625 - 89*x1*x5/1000 - 459*x1*x6/5000 + 279*x1/500 + 127*x2**2/500 + 151*x2*x3/5000 + 69*x2*x4/2000 + 339*x2*x5/10000 + 21*x2*x6/625 - 239*x2/2500 + 257*x3**2/1000 + 307*x3*x4/10000 + 173*x3*x5/5000 + 367*x3*x6/10000 - 103*x3/1000 + 257*x4**2/1000 + 347*x4*x5/10000 + 353*x4*x6/10000 - 469*x4/5000 + 32*x5**2/125 + 9*x5*x6/250 - 921*x5/10000 + 259*x6**2/1000 - 481*x6/5000 + 297/1000",
    "Q": "[[0.29709137755894605, -0.04812278603961835, -0.0460235460813842, -0.04691479041463052, -0.05129951177425646, -0.04794341019013461, 0.2788661520996333], [-0.04812278603961835, 0.25914021363063705, 0.01805543493261054, 0.01773910583739416, 0.01843471251995681, 0.01686353708196668, -0.046006313545848436], [-0.0460235460813842, 0.01805543493261054, 0.25589607482271004, 0.017339535664388235, 0.017253533933349767, 0.016887237924897824, -0.04459344719482314], [-0.04691479041463052, 0.01773910583739416, 0.017339535664388235, 0.2567927942525676, 0.015198611307108936, 0.017305682594858644, -0.04550009525857127], [-0.05129951177425646, 0.01843471251995681, 0.017253533933349767, 0.015198611307108936, 0.25659609889829066, 0.015218204651672394, -0.048092281752129165], [-0.04794341019013461, 0.01686353708196668, 0.016887237924897824, 0.017305682594858644, 0.015218204651672394, 0.2537631721584411, -0.047437334886836414], [0.2788661520996333, -0.046006313545848436, -0.04459344719482314, -0.04550009525857127, -0.048092281752129165, -0.047437334886836414, 0.42599589885857264]]",
    "monomial_list": "[1, x6, x5, x4, x3, x2, x1]"
}