{
    "name": "Multiplier-1",
    "rational_expression": "129*x1**2/250 - 23*x1*x2/200 - 123*x1*x3/1000 - 14*x1*x4/125 - 11*x1*x5/100 - 23*x1*x6/200 + 17*x1/25 + 307*x2**2/1000 + 73*x2*x3/2000 + 53*x2*x4/1250 + 419*x2*x5/10000 + 407*x2*x6/10000 - 29*x2/250 + 311*x3**2/1000 + 197*x3*x4/5000 + 109*x3*x5/2500 + 243*x3*x6/5000 - 133*x3/1000 + 311*x4**2/1000 + 427*x4*x5/10000 + 89*x4*x6/2000 - 29*x4/250 + 31*x5**2/100 + 443*x5*x6/10000 - 23*x5/200 + 157*x6**2/500 - 123*x6/1000 + 183/500",
    "Q": "[[0.36573034813089833, -0.0612994062021504, -0.057319553050948595, -0.058140008534037016, -0.06650428824341005, -0.05762511787722684, 0.3397519701835504], [-0.0612994062021504, 0.3142687009539674, 0.022022141110153888, 0.02210657821363292, 0.02425243483881307, 0.020431744633780464, -0.05752432985813042], [-0.057319553050948595, 0.022022141110153888, 0.3092593946729969, 0.02123349670896903, 0.021773451944388258, 0.021007604461380548, -0.055074956632361616], [-0.058140008534037016, 0.02210657821363292, 0.02123349670896903, 0.31078604874632615, 0.01953745948191658, 0.02129055139929524, -0.05604486091791882], [-0.06650428824341005, 0.02425243483881307, 0.021773451944388258, 0.01953745948191658, 0.3117277240158032, 0.01828109407343037, -0.06121072318740447], [-0.05762511787722684, 0.020431744633780464, 0.021007604461380548, 0.02129055139929524, 0.01828109407343037, 0.3064392796950918, -0.057552338542703786], [0.3397519701835504, -0.05752432985813042, -0.055074956632361616, -0.05604486091791882, -0.06121072318740447, -0.057552338542703786, 0.5156488401225113]]",
    "monomial_list": "[1, x6, x5, x4, x3, x2, x1]"
}