{
    "name": "Multiplier-2",
    "rational_expression": "11*x1**2/100 - 389*x1*x2/10000 + 3*x1*x3/200 + 127*x1*x4/10000 + 17*x1*x5/1250 + 71*x1*x6/5000 - 193*x1/5000 + 23*x2**2/125 - 443*x2*x3/10000 - 379*x2*x4/10000 - 191*x2*x5/5000 - 101*x2*x6/2500 + 49*x2/200 + 111*x3**2/1000 + 13*x3*x4/1000 + 39*x3*x5/2500 + 33*x3*x6/2000 - 29*x3/625 + 11*x4**2/100 + 63*x4*x5/5000 + 131*x4*x6/10000 - 37*x4/1000 + 11*x5**2/100 + 73*x5*x6/5000 - 383*x5/10000 + 111*x6**2/1000 - 83*x6/2000 + 67/500",
    "Q": "[[0.13414758166522137, -0.020846185602873966, -0.01922003209477253, -0.018457680292099717, -0.02316029057097961, 0.1228353945342995, -0.01927658162225331], [-0.020846185602873966, 0.11103101292520172, 0.007300603672852809, 0.00658085179686532, 0.008254752916471706, -0.020323295946518927, 0.007067490039057696], [-0.01922003209477253, 0.007300603672852809, 0.11013690099338562, 0.006289484611796241, 0.007830234748264796, -0.019203073237858508, 0.00681206341120783], [-0.018457680292099717, 0.00658085179686532, 0.006289484611796241, 0.10948630516052371, 0.006489199116089358, -0.01889229551661909, 0.006355415243468361], [-0.02316029057097961, 0.008254752916471706, 0.007830234748264796, 0.006489199116089358, 0.11116955909894737, -0.022138430536835008, 0.0074812752025624485], [0.1228353945342995, -0.020323295946518927, -0.019203073237858508, -0.01889229551661909, -0.022138430536835008, 0.18381810813934435, -0.01941496429596292], [-0.01927658162225331, 0.007067490039057696, 0.00681206341120783, 0.006355415243468361, 0.0074812752025624485, -0.01941496429596292, 0.10998354849819338]]",
    "monomial_list": "[1, x6, x5, x4, x3, x2, x1]"
}