{
    "name": "Multiplier-1",
    "rational_expression": "93*x1**2/500 - 203*x1*x2/5000 - 223*x1*x3/5000 - 383*x1*x4/10000 - 391*x1*x5/10000 - 411*x1*x6/10000 + 31*x1/125 + 11*x2**2/100 + 67*x2*x3/5000 + 67*x2*x4/5000 + 137*x2*x5/10000 + 137*x2*x6/10000 - 41*x2/1000 + 111*x3**2/1000 + 33*x3*x4/2500 + 157*x3*x5/10000 + 41*x3*x6/2500 - 483*x3/10000 + 11*x4**2/100 + 133*x4*x5/10000 + 17*x4*x6/1250 - 381*x4/10000 + 111*x5**2/1000 + 37*x5*x6/2500 - x5/25 + 111*x6**2/1000 - 27*x6/625 + 27/200",
    "Q": "[[0.1346433030774598, -0.02158448095260991, -0.019871435881326144, -0.019001284151022858, -0.024092424075557076, -0.020423768969703392, 0.12345134309804985], [-0.02158448095260991, 0.11143402879718936, 0.007418520389149661, 0.006845461009369941, 0.008215082403534146, 0.006884934534361046, -0.020529654768281703], [-0.019871435881326144, 0.007418520389149661, 0.11071163416106326, 0.006613497586101127, 0.007838300491457348, 0.006856301857363441, -0.019430075289931736], [-0.019001284151022858, 0.006845461009369941, 0.006613497586101127, 0.11035299227550838, 0.006625988772604028, 0.006732296817163596, -0.01908814553116596], [-0.024092424075557076, 0.008215082403534146, 0.007838300491457348, 0.006625988772604028, 0.11121223921216845, 0.006695902393448692, -0.022221195587423283], [-0.020423768969703392, 0.006884934534361046, 0.006856301857363441, 0.006732296817163596, 0.006695902393448692, 0.10982951512230117, -0.02019212269702217], [0.12345134309804985, -0.020529654768281703, -0.019430075289931736, -0.01908814553116596, -0.022221195587423283, -0.02019212269702217, 0.18490658782561462]]",
    "monomial_list": "[1, x6, x5, x4, x3, x2, x1]"
}