{
    "name": "Multiplier-4",
    "rational_expression": "11*x1**2/100 + 61*x1*x2/5000 + 29*x1*x3/2000 - 403*x1*x4/10000 + 33*x1*x5/2500 + 27*x1*x6/2000 - x1/25 + 109*x2**2/1000 + 127*x2*x3/10000 - 207*x2*x4/5000 + 127*x2*x5/10000 + 8*x2*x6/625 - 41*x2/1000 + 14*x3**2/125 - 23*x3*x4/500 + 19*x3*x5/1250 + 161*x3*x6/10000 - 239*x3/5000 + 93*x4**2/500 - 401*x4*x5/10000 - 53*x4*x6/1250 + 249*x4/1000 + 11*x5**2/100 + 141*x5*x6/10000 - 397*x5/10000 + 111*x6**2/1000 - 27*x6/625 + 27/200",
    "Q": "[[0.1353051280634534, -0.021631377858361174, -0.01989506180485398, 0.12465716316474243, -0.023969485097957068, -0.020626959663472343, -0.02003777025108155], [-0.021631377858361174, 0.11113496107784378, 0.00708728699001993, -0.021203966563022293, 0.008028772560262078, 0.006395380951874154, 0.0068079733149749135], [-0.01989506180485398, 0.00708728699001993, 0.11046879570858191, -0.02009811702046156, 0.007674434748182332, 0.006379377302163697, 0.006626416216183919], [0.12465716316474243, -0.021203966563022293, -0.02009811702046156, 0.1857983063867874, -0.02301976983159294, -0.02077123857247911, -0.0202239889761532], [-0.023969485097957068, 0.008028772560262078, 0.007674434748182332, -0.02301976983159294, 0.11133574604189678, 0.006380570303686338, 0.007275194826841496], [-0.020626959663472343, 0.006395380951874154, 0.006379377302163697, -0.02077123857247911, 0.006380570303686338, 0.10919362938599261, 0.006143191486049508], [-0.02003777025108155, 0.0068079733149749135, 0.006626416216183919, -0.0202239889761532, 0.007275194826841496, 0.006143191486049508, 0.1101393875474402]]",
    "monomial_list": "[1, x6, x5, x4, x3, x2, x1]"
}