{
    "name": "Multiplier-2",
    "rational_expression": "257*x1**2/1000 - 841*x1*x2/10000 + 3*x1*x3/80 + 347*x1*x4/10000 + 37*x1*x5/1000 + 363*x1*x6/10000 - 419*x1/5000 + 211*x2**2/500 - 233*x2*x3/2500 - 173*x2*x4/2000 - 847*x2*x5/10000 - 871*x2*x6/10000 + 69*x2/125 + 257*x3**2/1000 + 317*x3*x4/10000 + 371*x3*x5/10000 + 197*x3*x6/5000 - 973*x3/10000 + 32*x4**2/125 + 177*x4*x5/5000 + 181*x4*x6/5000 - 897*x4/10000 + 32*x5**2/125 + 383*x5*x6/10000 - 873*x5/10000 + 259*x6**2/1000 - 457*x6/5000 + 293/1000",
    "Q": "[[0.29275895872043645, -0.04580556673642458, -0.043664780298314484, -0.04488866166534977, -0.04849790118236852, 0.2754820241570073, -0.04195584477384868], [-0.04580556673642458, 0.2590996875097559, 0.01914536118907245, 0.018140073725034307, 0.019702164876576198, -0.04355462260995922, 0.018235175393941566], [-0.043664780298314484, 0.01914536118907245, 0.2559424285764111, 0.017783104848402693, 0.018567365358949636, -0.042286977800875966, 0.01860686255621397], [-0.04488866166534977, 0.018140073725034307, 0.017783104848402693, 0.2555770263375925, 0.01591187161254567, -0.043257488706234054, 0.017407628420575017], [-0.04849790118236852, 0.019702164876576198, 0.018567365358949636, 0.01591187161254567, 0.25743019503409365, -0.04637433316028121, 0.01880096923635152], [0.2754820241570073, -0.04355462260995922, -0.042286977800875966, -0.043257488706234054, -0.04637433316028121, 0.42198747880383064, -0.042086335266770754], [-0.04195584477384868, 0.018235175393941566, 0.01860686255621397, 0.017407628420575017, 0.01880096923635152, -0.042086335266770754, 0.2569887610271341]]",
    "monomial_list": "[1, x6, x5, x4, x3, x2, x1]"
}