{
    "name": "Multiplier-2",
    "rational_expression": "31*x1**2/100 - 103*x1*x2/1000 + 113*x1*x3/2500 + 409*x1*x4/10000 + 433*x1*x5/10000 + 109*x1*x6/2500 - 51*x1/500 + 511*x2**2/1000 - 119*x2*x3/1000 - 107*x2*x4/1000 - 21*x2*x5/200 - 11*x2*x6/100 + 671*x2/1000 + 313*x3**2/1000 + 401*x3*x4/10000 + 461*x3*x5/10000 + 257*x3*x6/5000 - 127*x3/1000 + 309*x4**2/1000 + 53*x4*x5/1250 + 447*x4*x6/10000 - 14*x4/125 + 309*x5**2/1000 + 91*x5*x6/2000 - 11*x5/100 + 63*x6**2/200 - 59*x6/500 + 9/25",
    "Q": "[[0.35988088261315937, -0.059086128427474044, -0.055204619230612186, -0.05623271305284956, -0.063736896162011, 0.33549613618909263, -0.05098867254494575], [-0.059086128427474044, 0.31446736582425705, 0.022837597246783657, 0.02227523657739631, 0.025689166701846282, -0.05496600410405697, 0.021639643567733517], [-0.055204619230612186, 0.022837597246783657, 0.30872744876748615, 0.021100381948838128, 0.022913144811356895, -0.05263030571185414, 0.021581460168568736], [-0.05623271305284956, 0.02227523657739631, 0.021100381948838128, 0.30913558107280553, 0.020096910470229813, -0.05360840605389302, 0.02030125504466618], [-0.063736896162011, 0.025689166701846282, 0.022913144811356895, 0.020096910470229813, 0.3128910690538082, -0.059541094660964966, 0.02246336786409657], [0.33549613618909263, -0.05496600410405697, -0.05263030571185414, -0.05360840605389302, -0.059541094660964966, 0.5104209810746695, -0.05148669723292002], [-0.05098867254494575, 0.021639643567733517, 0.021581460168568736, 0.02030125504466618, 0.02246336786409657, -0.05148669723292002, 0.3099068019692179]]",
    "monomial_list": "[1, x6, x5, x4, x3, x2, x1]"
}