{
    "name": "Multiplier-4",
    "rational_expression": "51*x1**2/200 + 11*x1*x2/400 + 171*x1*x3/5000 - 221*x1*x4/2500 + 329*x1*x5/10000 + 79*x1*x6/2500 - 873*x1/10000 + 251*x2**2/1000 + 289*x2*x3/10000 - 59*x2*x4/625 + 153*x2*x5/5000 + 19*x2*x6/625 - 191*x2/2000 + 257*x3**2/1000 - 487*x3*x4/5000 + 43*x3*x5/1250 + 9*x3*x6/250 - 249*x3/2500 + 211*x4**2/500 - 223*x4*x5/2500 - 23*x4*x6/250 + 11*x4/20 + 127*x5**2/500 + 17*x5*x6/500 - 903*x5/10000 + 257*x6**2/1000 - 949*x6/10000 + 293/1000",
    "Q": "[[0.29308921729927895, -0.04747518794875253, -0.045191106840462035, 0.27480738457810927, -0.04982400641747758, -0.047665466948032795, -0.04373740815454611], [-0.04747518794875253, 0.2571765126121042, 0.01693456823724664, -0.04602178745912451, 0.018105828935285385, 0.015112752276416693, 0.015805478782608625], [-0.045191106840462035, 0.01693456823724664, 0.2545036521045747, -0.0447749061662068, 0.017171249838559017, 0.015372902852925823, 0.016395274251587065], [0.27480738457810927, -0.04602178745912451, -0.0447749061662068, 0.4216312311437181, -0.048612713126334334, -0.04711587681187417, -0.04420550122449478], [-0.04982400641747758, 0.018105828935285385, 0.017171249838559017, -0.048612713126334334, 0.2569850484233309, 0.014485428936094372, 0.017166046864074545], [-0.047665466948032795, 0.015112752276416693, 0.015372902852925823, -0.04711587681187417, 0.014485428936094372, 0.25106753072976884, 0.013700943278868878], [-0.04373740815454611, 0.015805478782608625, 0.016395274251587065, -0.04420550122449478, 0.017166046864074545, 0.013700943278868878, 0.25493109840512984]]",
    "monomial_list": "[1, x6, x5, x4, x3, x2, x1]"
}