{
    "name": "Total Decomposition",
    "rational_expression": "51677*x1**4/100000 - 1149*x1**3*x2/10000 - 1229*x1**3*x3/10000 - 2783*x1**3*x4/25000 - 2763*x1**3*x5/25000 - 2851*x1**3*x6/25000 - 12357*x1**3/5000 + 61453*x1**2*x2**2/100000 + 9317*x1**2*x2*x3/250000 + 41329*x1**2*x2*x4/1000000 + 10849*x1**2*x2*x5/250000 + 2443*x1**2*x2*x6/62500 - 6469*x1**2*x2/5000 + 61719*x1**2*x3**2/100000 + 18313*x1**2*x3*x4/500000 + 22151*x1**2*x3*x5/500000 + 1473*x1**2*x3*x6/31250 - 2489*x1**2*x3/2000 + 3877*x1**2*x4**2/6250 + 8611*x1**2*x4*x5/200000 + 11073*x1**2*x4*x6/250000 - 3293*x1**2*x4/2500 + 62451*x1**2*x5**2/100000 + 10443*x1**2*x5*x6/250000 - 13599*x1**2*x5/10000 + 15741*x1**2*x6**2/25000 - 271*x1**2*x6/200 + 15219*x1**2/1000 - 5123*x1*x2**3/50000 + 23449*x1*x2**2*x3/500000 + 10363*x1*x2**2*x4/250000 + 1391*x1*x2**2*x5/31250 + 42367*x1*x2**2*x6/1000000 - 13379*x1*x2**2/10000 + 4241*x1*x2*x3**2/125000 - 11601*x1*x2*x3*x4/25000000 + 5323*x1*x2*x3*x5/2500000 - 31887*x1*x2*x3*x6/50000000 - 14621*x1*x2*x3/20000 + 558*x1*x2*x4**2/15625 + 26983*x1*x2*x4*x5/50000000 - 5497*x1*x2*x4*x6/25000000 - 35717*x1*x2*x4/50000 + 40857*x1*x2*x5**2/1000000 + 287*x1*x2*x5*x6/1250000 - 2444*x1*x2*x5/3125 + 23659*x1*x2*x6**2/500000 - 78427*x1*x2*x6/100000 + 3443*x1*x2/2500 - 2027*x1*x3**3/20000 + 7791*x1*x3**2*x4/200000 + 19717*x1*x3**2*x5/500000 + 37973*x1*x3**2*x6/1000000 - 13749*x1*x3**2/10000 + 45461*x1*x3*x4**2/1000000 + 39113*x1*x3*x4*x5/100000000 + 10893*x1*x3*x4*x6/25000000 - 73987*x1*x3*x4/100000 + 3199*x1*x3*x5**2/62500 + 98031*x1*x3*x5*x6/100000000 - 5127*x1*x3*x5/6250 + 27523*x1*x3*x6**2/500000 - 85913*x1*x3*x6/100000 + 97219*x1*x3/100000 - 1023*x1*x4**3/10000 + 5391*x1*x4**2*x5/125000 + 41737*x1*x4**2*x6/1000000 - 13817*x1*x4**2/10000 + 46207*x1*x4*x5**2/1000000 + 2701*x1*x4*x5*x6/10000000 - 80601*x1*x4*x5/100000 + 53771*x1*x4*x6**2/1000000 - 85281*x1*x4*x6/100000 + 88607*x1*x4/100000 - 98807*x1*x5**3/1000000 + 11999*x1*x5**2*x6/250000 - 3493*x1*x5**2/2500 + 54309*x1*x5*x6**2/1000000 - 87841*x1*x5*x6/100000 + 29603*x1*x5/50000 - 46399*x1*x6**3/500000 - 14459*x1*x6**2/10000 + 83583*x1*x6/100000 - 1507*x1/5000 + 25527*x2**4/50000 - 11877*x2**3*x3/100000 - 2637*x2**3*x4/25000 - 10373*x2**3*x5/100000 - 5501*x2**3*x6/50000 - 12263*x2**3/5000 + 61479*x2**2*x3**2/100000 + 2037*x2**2*x3*x4/50000 + 2903*x2**2*x3*x5/62500 + 48661*x2**2*x3*x6/1000000 - 12513*x2**2*x3/10000 + 15389*x2**2*x4**2/25000 + 45249*x2**2*x4*x5/1000000 + 47377*x2**2*x4*x6/1000000 - 2667*x2**2*x4/2000 + 61567*x2**2*x5**2/100000 + 44969*x2**2*x5*x6/1000000 - 13539*x2**2*x5/10000 + 31183*x2**2*x6**2/50000 - 6657*x2**2*x6/5000 + 15699*x2**2/1000 - 10897*x2*x3**3/100000 + 41019*x2*x3**2*x4/1000000 + 39447*x2*x3**2*x5/1000000 + 369*x2*x3**2*x6/10000 - 3339*x2*x3**2/2500 + 4757*x2*x3*x4**2/125000 - 5207*x2*x3*x4*x5/5000000 + 9569*x2*x3*x4*x6/12500000 - 4513*x2*x3*x4/6250 + 42843*x2*x3*x5**2/1000000 + 2879*x2*x3*x5*x6/200000000 - 78339*x2*x3*x5/100000 + 46167*x2*x3*x6**2/1000000 - 80643*x2*x3*x6/100000 + 3699*x2*x3/2000 - 11121*x2*x4**3/100000 + 41811*x2*x4**2*x5/1000000 + 39697*x2*x4**2*x6/1000000 - 13301*x2*x4**2/10000 + 22593*x2*x4*x5**2/500000 + 16041*x2*x4*x5*x6/10000000 - 39857*x2*x4*x5/50000 + 13637*x2*x4*x6**2/250000 - 85199*x2*x4*x6/100000 + 4477*x2*x4/5000 - 269*x2*x5**3/2500 + 45897*x2*x5**2*x6/1000000 - 3337*x2*x5**2/2500 + 857*x2*x5*x6**2/15625 - 88783*x2*x5*x6/100000 + 78093*x2*x5/100000 - 99921*x2*x6**3/1000000 - 7119*x2*x6**2/5000 + 11229*x2*x6/10000 + 529*x2/500 + 49781*x3**4/100000 - 5339*x3**3*x4/50000 - 2573*x3**3*x5/25000 - 10799*x3**3*x6/100000 - 2401*x3**3/1000 + 62277*x3**2*x4**2/100000 + 21477*x3**2*x4*x5/500000 + 21597*x3**2*x4*x6/500000 - 13661*x3**2*x4/10000 + 15529*x3**2*x5**2/25000 + 42653*x3**2*x5*x6/1000000 - 2799*x3**2*x5/2000 + 3907*x3**2*x6**2/6250 - 13913*x3**2*x6/10000 + 307*x3**2/20 - 1191*x3*x4**3/10000 + 9723*x3*x4**2*x5/200000 + 403*x3*x4**2*x6/8000 - 12997*x3*x4**2/10000 + 44829*x3*x4*x5**2/1000000 + 11137*x3*x4*x5*x6/10000000 - 81753*x3*x4*x5/100000 + 10407*x3*x4*x6**2/200000 - 88321*x3*x4*x6/100000 + 911*x3*x4/625 - 1133*x3*x5**3/10000 + 55569*x3*x5**2*x6/1000000 - 1641*x3*x5**2/1250 + 14751*x3*x5*x6**2/250000 - 47359*x3*x5*x6/50000 + 83387*x3*x5/100000 - 2169*x3*x6**3/20000 - 13579*x3*x6**2/10000 + 60919*x3*x6/100000 + 24697*x3/10000 + 25419*x4**4/50000 - 5261*x4**3*x5/50000 - 11161*x4**3*x6/100000 - 24333*x4**3/10000 + 1947*x4**2*x5**2/3125 + 22103*x4**2*x5*x6/500000 - 3491*x4**2*x5/2500 + 1962*x4**2*x6**2/3125 - 3413*x4**2*x6/2500 + 7589*x4**2/500 - 10443*x4*x5**3/100000 + 51079*x4*x5**2*x6/1000000 - 169*x4*x5**2/125 + 3557*x4*x5*x6**2/62500 - 92599*x4*x5*x6/100000 + 66913*x4*x5/100000 - 96067*x4*x6**3/1000000 - 14327*x4*x6**2/10000 + 70063*x4*x6/100000 + 6551*x4/10000 + 25711*x5**4/50000 - 10817*x5**3*x6/100000 - 12311*x5**3/5000 + 12677*x5**2*x6**2/20000 - 6977*x5**2*x6/5000 + 3809*x5**2/250 - 96289*x5*x6**3/1000000 - 3671*x5*x6**2/2500 + 51091*x5*x6/100000 + 20299*x5/100000 + 50787*x6**4/100000 - 6123*x6**3/2500 + 1861*x6**2/125 + 1259*x6/1250 + 5039/200",
    "Q": "[[25.195407704061452, 0.5018909177746071, 0.10522948238357173, 0.317127303708597, 1.2259744659539245, 0.5263194468088533, -0.1479957049500917, 0.963717085795834, -0.6718157155376029, -0.6580004778162506, -0.69604277505484, -0.654331423981548, -0.6326908063690744, 1.0339138363557143, -0.6397462860172273, -0.664178436930902, -0.6523312851648415, -0.6248242043385974, 1.0099667908881664, -0.630405526480059, -0.6461130768320441, -0.6067265223854972, 0.9357332311044328, -0.6360335558772148, -0.6370939399811179, 1.0096852637225675, -0.6029605700642682, 1.0477387927819815], [0.5018909177746071, 12.97281871923249, 0.938273282818131, 1.0026329512093948, 1.0046071269210892, 1.220945495205173, 1.0452558775442544, -1.2261572746121712, -0.6747741257346364, -0.6563576585728218, -0.6510333029050421, -0.6309696077996307, -0.6487024402719078, -0.02566631754643098, -0.14524606232865728, -0.12471055606678559, -0.12937426233144855, -0.14836935767321394, -0.021499382143041743, -0.09774434987420587, -0.11763245886944401, -0.12817051484325045, -0.00549006535314012, -0.08319520752094081, -0.1125886965874608, -0.010095456333362318, -0.1062136076459934, -0.025646530055435494], [0.10522948238357173, 0.938273282818131, 13.170410262884786, 0.9684475574248667, 1.0772440777257617, 1.0520304766607642, 0.9219440823660948, -0.057915121978793296, -0.6728372437354446, -0.1401031813333018, -0.12802158121732843, -0.11221405724182494, -0.13650778010044942, -1.2334099102776637, -0.6456930728273432, -0.6355999635995374, -0.6282309855115642, -0.6424399688614362, -0.0341410155493862, -0.08949149863085536, -0.103454193322808, -0.11566135451878778, -0.025582698135675663, -0.07183273285323791, -0.1020247064384475, -0.014082279807725072, -0.09085659764908434, -0.03276510165601792], [0.317127303708597, 1.0026329512093948, 0.9684475574248667, 13.165120416083287, 1.3565811371239573, 1.1091350934926498, 1.043649541665847, -0.05897053477794238, -0.17392223717937946, -0.6639950346227943, -0.14554032529430336, -0.12357859993644527, -0.1509500605486645, -0.038601518456638846, -0.6545730005850449, -0.13251153034980828, -0.12656631657099618, -0.14984508506763075, -1.2205102831566774, -0.6179676019622036, -0.6232362558319414, -0.6316243181838046, -0.038445630740485195, -0.08539230639161621, -0.11889250880742395, -0.010812907220375293, -0.10188168207691099, -0.03584657776042281], [1.2259744659539245, 1.0046071269210892, 1.0772440777257617, 1.3565811371239573, 13.484729705120833, 1.5603248135528291, 1.1134129152972216, -0.0323438551892354, -0.20961642954014698, -0.191425604209398, -0.6888350191735917, -0.16066226030006733, -0.18274681299002432, -0.01662135380282416, -0.1862004095721065, -0.6722785800225091, -0.1662105620939686, -0.18352061039455095, -0.02476218759937116, -0.6438410556785037, -0.15709558466426088, -0.16419357610217053, -1.1972604938176832, -0.6247343305814989, -0.6517246545108879, -0.007213315142980476, -0.13692569193148632, -0.010377387025042902], [0.5263194468088533, 1.220945495205173, 1.0520304766607642, 1.1091350934926498, 1.5603248135528291, 13.687365045128463, 1.297499827538729, -0.07609604187194544, -0.20189188645596157, -0.1787261119726782, -0.17119256632669164, -0.6618096834904593, -0.1791337426201607, -0.04574209851224266, -0.16918940019558806, -0.1539992656537114, -0.6607412203425189, -0.17544609148060017, -0.038138151048738016, -0.1223154146423312, -0.647005860864136, -0.15128274058674565, -0.048399288860067835, -0.6212821070939012, -0.14186123403903483, -1.2203265406658803, -0.6299112751709073, -0.05199680265154028], [-0.1479957049500917, 1.0452558775442544, 0.9219440823660948, 1.043649541665847, 1.1134129152972216, 1.297499827538729, 13.10275868480042, -0.07843197911755814, -0.16187385608261956, -0.14313460593483993, -0.12915542862914828, -0.11668143024353918, -0.6476141422742434, -0.053519790125058586, -0.13539827873652296, -0.11503187123185969, -0.1177527283890657, -0.6430641689089487, -0.05196767051013317, -0.089146756254342, -0.10671106875795065, -0.6235860149069453, -0.03961590420023597, -0.07337675875739746, -0.6160085501744047, -0.04112846353377981, -0.5992489439099979, -1.232015166089482], [0.963717085795834, -1.2261572746121712, -0.057915121978793296, -0.05897053477794238, -0.0323438551892354, -0.07609604187194544, -0.07843197911755814, 0.5090455808171284, -0.04794993493167956, -0.04879934522346574, -0.05353455306991573, -0.05050491411285963, -0.046394169503297084, 0.04623614845799479, -0.012399132102793645, -0.013190984982475635, -0.009448936986959621, -0.011161817736566661, 0.047617490480175856, -0.01343540701511884, -0.008670786760642805, -0.010753484366757542, 0.0466057377330825, -0.011031675733808107, -0.011290801180567727, 0.04935131159639373, -0.008798521741818636, 0.048898057890317134], [-0.6718157155376029, -0.6747741257346364, -0.6728372437354446, -0.17392223717937946, -0.20961642954014698, -0.20189188645596157, -0.16187385608261956, -0.04794993493167956, 0.5407571658765976, 0.04019680835558853, 0.04098126872966053, 0.036446091200039284, 0.0387658094839535, -0.05337520450863448, 0.040724664185969296, 0.04215832248416406, 0.03691087074869834, 0.03892701189968859, -0.014111176324709354, -0.0029292170065366146, 0.0015206192494509674, -8.076486017637811e-05, -0.013819322186503029, -0.0025998664531020014, -6.047609423403724e-05, -0.014161445132893087, -0.0010309685359281393, -0.013906811188837844], [-0.6580004778162506, -0.6563576585728218, -0.1401031813333018, -0.6639950346227943, -0.191425604209398, -0.1787261119726782, -0.14313460593483993, -0.04879934522346574, 0.04019680835558853, 0.5344692079701326, 0.03864710517746445, 0.03559476486065439, 0.03732997594077468, -0.015397005824002134, 0.036276249582868514, 0.0005040675765316621, 0.0004065278491719557, 0.0007739482975350461, -0.05569990024398364, 0.036637288381290316, 0.03251623531410964, 0.03348378606872313, -0.01187179855969152, -0.0017978749807064148, 0.0012075555933926782, -0.013948424696007175, -0.0010530920478892044, -0.012899170353657946], [-0.69604277505484, -0.6510333029050421, -0.12802158121732843, -0.14554032529430336, -0.6888350191735917, -0.17119256632669164, -0.12915542862914828, -0.05353455306991573, 0.04098126872966053, 0.03864710517746445, 0.5326250674964738, 0.0344265906705935, 0.03816139294025946, -0.014539780875802774, 0.0024251494299981267, 0.03420534503614264, 0.0031693918105446216, 0.0016555840783053718, -0.011515667919084953, 0.03280246127540215, 0.004361748466716102, 0.0020381544286373083, -0.05378523565677903, 0.02955071489697191, 0.03159007726330773, -0.011732363281246511, 0.0012703260668669404, -0.01286066135919994], [-0.654331423981548, -0.6309696077996307, -0.11221405724182494, -0.12357859993644527, -0.16066226030006733, -0.6618096834904593, -0.11668143024353918, -0.05050491411285963, 0.036446091200039284, 0.03559476486065439, 0.0344265906705935, 0.5263198136228596, 0.03266041705462962, -0.014032478175541345, -0.0019271470985836945, -0.0005695253574540635, 0.036987572602884475, -1.3588699496741157e-05, -0.01286189406986107, -0.002563873486007929, 0.03621226557209336, -0.0007763594301209228, -0.010581783266917376, 0.03740950698277902, 0.0008377858725516908, -0.05492724660424127, 0.03364777126682652, -0.010898858321690796], [-0.6326908063690744, -0.6487024402719078, -0.13650778010044942, -0.1509500605486645, -0.18274681299002432, -0.1791337426201607, -0.6476141422742434, -0.046394169503297084, 0.0387658094839535, 0.03732997594077468, 0.03816139294025946, 0.03266041705462962, 0.5318672919381716, -0.015299657336991896, -0.0006931834373227678, -0.0015951079840837656, 0.0010445572354305223, 0.03591333386938204, -0.012929456633808607, -0.0032457100220452846, 0.0018294514780148325, 0.03499051130046852, -0.01310917188154978, -0.00210811193940737, 0.03709784370015077, -0.012019685612459714, 0.03131523584549737, -0.05748904960415723], [1.0339138363557143, -0.02566631754643098, -1.2334099102776637, -0.038601518456638846, -0.01662135380282416, -0.04574209851224266, -0.053519790125058586, 0.04623614845799479, -0.05337520450863448, -0.015397005824002134, -0.014539780875802774, -0.014032478175541345, -0.015299657336991896, 0.5147875458040654, -0.05194401941778493, -0.05718426471727281, -0.05330944735481677, -0.049207526903445306, 0.04760029644226312, -0.014365106157346298, -0.011797736126888224, -0.013529592017627191, 0.0475797676700505, -0.012950550965173566, -0.01305905332176434, 0.04826517200912588, -0.012351883398020345, 0.04809471126322234], [-0.6397462860172273, -0.14524606232865728, -0.6456930728273432, -0.6545730005850449, -0.1862004095721065, -0.16918940019558806, -0.13539827873652296, -0.012399132102793645, 0.040724664185969296, 0.036276249582868514, 0.0024251494299981267, -0.0019271470985836945, -0.0006931834373227678, -0.05194401941778493, 0.5283099365219168, 0.03737749129492181, 0.03559715506084282, 0.03686017847772747, -0.0535217441182268, 0.03435159314626177, 0.032289432595514485, 0.033142389313810305, -0.010523234540966547, -0.0018259962753944706, 0.001329453495712478, -0.01423839027330662, -0.002042805988817564, -0.012907064520319695], [-0.664178436930902, -0.12471055606678559, -0.6355999635995374, -0.13251153034980828, -0.6722785800225091, -0.1539992656537114, -0.11503187123185969, -0.013190984982475635, 0.04215832248416406, 0.0005040675765316621, 0.03420534503614264, -0.0005695253574540635, -0.0015951079840837656, -0.05718426471727281, 0.03737749129492181, 0.5267745702658438, 0.033923038715566595, 0.037376963865374827, -0.01136911910263428, 0.03144697289023206, 0.0026285519338520823, 0.00047802327227116796, -0.05218515604955514, 0.02930671913234993, 0.031010277975347698, -0.012283445611004614, -0.0006221238022220894, -0.013271714955614442], [-0.6523312851648415, -0.12937426233144855, -0.6282309855115642, -0.12656631657099618, -0.1662105620939686, -0.6607412203425189, -0.1177527283890657, -0.009448936986959621, 0.03691087074869834, 0.0004065278491719557, 0.0031693918105446216, 0.036987572602884475, 0.0010445572354305223, -0.05330944735481677, 0.03559715506084282, 0.033923038715566595, 0.5203124114294245, 0.03274981702416085, -0.01173365408130994, -0.0008025556584637177, 0.035327441403958944, 0.0002101366915878414, -0.008911334452597381, 0.03518484641548336, 0.002145901380893325, -0.052592204878134007, 0.03365341350752052, -0.010409783211109616], [-0.6248242043385974, -0.14836935767321394, -0.6424399688614362, -0.14984508506763075, -0.18352061039455095, -0.17544609148060017, -0.6430641689089487, -0.011161817736566661, 0.03892701189968859, 0.0007739482975350461, 0.0016555840783053718, -1.3588699496741157e-05, 0.03591333386938204, -0.049207526903445306, 0.03686017847772747, 0.037376963865374827, 0.03274981702416085, 0.5257148899332369, -0.011969348455532934, -0.001807476767982266, 0.0018326692972535751, 0.03412552320079564, -0.011418359342009257, -0.0015237775786729288, 0.035030278291232474, -0.012083604628584625, 0.03140194620189242, -0.05504000081026707], [1.0099667908881664, -0.021499382143041743, -0.0341410155493862, -1.2205102831566774, -0.02476218759937116, -0.038138151048738016, -0.05196767051013317, 0.047617490480175856, -0.014111176324709354, -0.05569990024398364, -0.011515667919084953, -0.01286189406986107, -0.012929456633808607, 0.04760029644226312, -0.0535217441182268, -0.01136911910263428, -0.01173365408130994, -0.011969348455532934, 0.5091994174294187, -0.059846217982572066, -0.05540025205941222, -0.05180361525124849, 0.04966225838154696, -0.010927598118146488, -0.0101068941704759, 0.048418108373522735, -0.011097796908411436, 0.049408094546335955], [-0.630405526480059, -0.09774434987420587, -0.08949149863085536, -0.6179676019622036, -0.6438410556785037, -0.1223154146423312, -0.089146756254342, -0.01343540701511884, -0.0029292170065366146, 0.036637288381290316, 0.03280246127540215, -0.002563873486007929, -0.0032457100220452846, -0.014365106157346298, 0.03435159314626177, 0.03144697289023206, -0.0008025556584637177, -0.001807476767982266, -0.059846217982572066, 0.522874361332952, 0.029470121301693554, 0.0321918927781569, -0.053585714393311626, 0.028536248191649866, 0.029285722733524883, -0.012616184894455389, -0.0021508452344003526, -0.013031979195577487], [-0.6461130768320441, -0.11763245886944401, -0.103454193322808, -0.6232362558319414, -0.15709558466426088, -0.647005860864136, -0.10671106875795065, -0.008670786760642805, 0.0015206192494509674, 0.03251623531410964, 0.004361748466716102, 0.03621226557209336, 0.0018294514780148325, -0.011797736126888224, 0.032289432595514485, 0.0026285519338520823, 0.035327441403958944, 0.0018326692972535751, -0.05540025205941222, 0.029470121301693554, 0.5164568037592713, 0.028528444588822886, -0.007360728631365394, 0.03270196369197244, 0.0033922698512514515, -0.05356977574582498, 0.03232647735730844, -0.009470370914035858], [-0.6067265223854972, -0.12817051484325045, -0.11566135451878778, -0.6316243181838046, -0.16419357610217053, -0.15128274058674565, -0.6235860149069453, -0.010753484366757542, -8.076486017637811e-05, 0.03348378606872313, 0.0020381544286373083, -0.0007763594301209228, 0.03499051130046852, -0.013529592017627191, 0.033142389313810305, 0.00047802327227116796, 0.0002101366915878414, 0.03412552320079564, -0.05180361525124849, 0.0321918927781569, 0.028528444588822886, 0.5209083547272125, -0.0098724474877306, -0.0012414246168123639, 0.03255548353610345, -0.01203671596036104, 0.030745944959531195, -0.05600905580377198], [0.9357332311044328, -0.00549006535314012, -0.025582698135675663, -0.038445630740485195, -1.1972604938176832, -0.048399288860067835, -0.03961590420023597, 0.0466057377330825, -0.013819322186503029, -0.01187179855969152, -0.05378523565677903, -0.010581783266917376, -0.01310917188154978, 0.0475797676700505, -0.010523234540966547, -0.05218515604955514, -0.008911334452597381, -0.011418359342009257, 0.04966225838154696, -0.053585714393311626, -0.007360728631365394, -0.0098724474877306, 0.49751391344473217, -0.05482025031787659, -0.05061452533137523, 0.05005312889828907, -0.008795178723763468, 0.04859580360058652], [-0.6360335558772148, -0.08319520752094081, -0.07183273285323791, -0.08539230639161621, -0.6247343305814989, -0.6212821070939012, -0.07337675875739746, -0.011031675733808107, -0.0025998664531020014, -0.0017978749807064148, 0.02955071489697191, 0.03740950698277902, -0.00210811193940737, -0.012950550965173566, -0.0018259962753944706, 0.02930671913234993, 0.03518484641548336, -0.0015237775786729288, -0.010927598118146488, 0.028536248191649866, 0.03270196369197244, -0.0012414246168123639, -0.05482025031787659, 0.5167294150902365, 0.025808347840581686, -0.05950076600479778, 0.032703305026497195, -0.010986643426518446], [-0.6370939399811179, -0.1125886965874608, -0.1020247064384475, -0.11889250880742395, -0.6517246545108879, -0.14186123403903483, -0.6160085501744047, -0.011290801180567727, -6.047609423403724e-05, 0.0012075555933926782, 0.03159007726330773, 0.0008377858725516908, 0.03709784370015077, -0.01305905332176434, 0.001329453495712478, 0.031010277975347698, 0.002145901380893325, 0.035030278291232474, -0.0101068941704759, 0.029285722733524883, 0.0033922698512514515, 0.03255548353610345, -0.05061452533137523, 0.025808347840581686, 0.5202258669037965, -0.010251967375678827, 0.029253889156297484, -0.06117341437171206], [1.0096852637225675, -0.010095456333362318, -0.014082279807725072, -0.010812907220375293, -0.007213315142980476, -1.2203265406658803, -0.04112846353377981, 0.04935131159639373, -0.014161445132893087, -0.013948424696007175, -0.011732363281246511, -0.05492724660424127, -0.012019685612459714, 0.04826517200912588, -0.01423839027330662, -0.012283445611004614, -0.052592204878134007, -0.012083604628584625, 0.048418108373522735, -0.012616184894455389, -0.05356977574582498, -0.01203671596036104, 0.05005312889828907, -0.05950076600479778, -0.010251967375678827, 0.5100341944671074, -0.051448665613148106, 0.05078163907953123], [-0.6029605700642682, -0.1062136076459934, -0.09085659764908434, -0.10188168207691099, -0.13692569193148632, -0.6299112751709073, -0.5992489439099979, -0.008798521741818636, -0.0010309685359281393, -0.0010530920478892044, 0.0012703260668669404, 0.03364777126682652, 0.03131523584549737, -0.012351883398020345, -0.002042805988817564, -0.0006221238022220894, 0.03365341350752052, 0.03140194620189242, -0.011097796908411436, -0.0021508452344003526, 0.03232647735730844, 0.030745944959531195, -0.008795178723763468, 0.032703305026497195, 0.029253889156297484, -0.051448665613148106, 0.5143134091364407, -0.05751603710500003], [1.0477387927819815, -0.025646530055435494, -0.03276510165601792, -0.03584657776042281, -0.010377387025042902, -0.05199680265154028, -1.232015166089482, 0.048898057890317134, -0.013906811188837844, -0.012899170353657946, -0.01286066135919994, -0.010898858321690796, -0.05748904960415723, 0.04809471126322234, -0.012907064520319695, -0.013271714955614442, -0.010409783211109616, -0.05504000081026707, 0.049408094546335955, -0.013031979195577487, -0.009470370914035858, -0.05600905580377198, 0.04859580360058652, -0.010986643426518446, -0.06117341437171206, 0.05078163907953123, -0.05751603710500003, 0.5152621252122912]]",
    "monomial_list": "[1, x6, x5, x4, x3, x2, x1, x6**2, x5*x6, x4*x6, x3*x6, x2*x6, x1*x6, x5**2, x4*x5, x3*x5, x2*x5, x1*x5, x4**2, x3*x4, x2*x4, x1*x4, x3**2, x2*x3, x1*x3, x2**2, x1*x2, x1**2]"
}