{
    "name": "Total Decomposition",
    "rational_expression": "42511*x1**4/100000 - 4797*x1**3*x2/50000 - 23939*x1**3*x3/250000 - 729*x1**3*x4/8000 - 2283*x1**3*x5/25000 - 92907*x1**3*x6/1000000 - 5099*x1**3/2500 + 25481*x1**2*x2**2/50000 + 1897*x1**2*x2*x3/62500 + 3431*x1**2*x2*x4/100000 + 32743*x1**2*x2*x5/1000000 + 34743*x1**2*x2*x6/1000000 - 668*x1**2*x2/625 + 25353*x1**2*x3**2/50000 + 15453*x1**2*x3*x4/500000 + 34861*x1**2*x3*x5/1000000 + 18603*x1**2*x3*x6/500000 - 5267*x1**2*x3/5000 + 409*x1**2*x4**2/800 + 34021*x1**2*x4*x5/1000000 + 36577*x1**2*x4*x6/1000000 - 2733*x1**2*x4/2500 + 1606*x1**2*x5**2/3125 + 36711*x1**2*x5*x6/1000000 - 1389*x1**2*x5/1250 + 25937*x1**2*x6**2/50000 - 11163*x1**2*x6/10000 + 2509*x1**2/200 - 83183*x1*x2**3/1000000 + 2239*x1*x2**2*x3/62500 + 34821*x1*x2**2*x4/1000000 + 36639*x1*x2**2*x5/1000000 + 9241*x1*x2**2*x6/250000 - 5619*x1*x2**2/5000 + 28581*x1*x2*x3**2/1000000 + 10909*x1*x2*x3*x4/25000000 + 17627*x1*x2*x3*x5/100000000 + 3839*x1*x2*x3*x6/6250000 - 57513*x1*x2*x3/100000 + 29543*x1*x2*x4**2/1000000 + 22919*x1*x2*x4*x5/10000000 + 2037*x1*x2*x4*x6/2000000 - 59677*x1*x2*x4/100000 + 38319*x1*x2*x5**2/1000000 + 30199*x1*x2*x5*x6/10000000 - 65919*x1*x2*x5/100000 + 1731*x1*x2*x6**2/40000 - 34599*x1*x2*x6/50000 + 2703*x1*x2/2500 - 863*x1*x3**3/10000 + 16259*x1*x3**2*x4/500000 + 15007*x1*x3**2*x5/500000 + 14753*x1*x3**2*x6/500000 - 5621*x1*x3**2/5000 + 35351*x1*x3*x4**2/1000000 - 33461*x1*x3*x4*x5/1000000000 + 541*x1*x3*x4*x6/400000 - 1846*x1*x3*x4/3125 + 40443*x1*x3*x5**2/1000000 - 233*x1*x3*x5*x6/1562500 - 63653*x1*x3*x5/100000 + 22259*x1*x3*x6**2/500000 - 66443*x1*x3*x6/100000 + 67867*x1*x3/100000 - 11003*x1*x4**3/125000 + 6379*x1*x4**2*x5/200000 + 32529*x1*x4**2*x6/1000000 - 2821*x1*x4**2/2500 + 38953*x1*x4*x5**2/1000000 + 627*x1*x4*x5*x6/400000 - 64227*x1*x4*x5/100000 + 10981*x1*x4*x6**2/250000 - 67131*x1*x4*x6/100000 + 68939*x1*x4/100000 - 203*x1*x5**3/2500 + 39681*x1*x5**2*x6/1000000 - 2329*x1*x5**2/2000 + 11481*x1*x5*x6**2/250000 - 36819*x1*x5*x6/50000 + 22101*x1*x5/50000 - 4881*x1*x6**3/62500 - 12007*x1*x6**2/10000 + 63323*x1*x6/100000 - 667*x1/2000 + 21117*x2**4/50000 - 46299*x2**3*x3/500000 - 86977*x2**3*x4/1000000 - 85423*x2**3*x5/1000000 - 17403*x2**3*x6/200000 - 2023*x2**3/1000 + 50793*x2**2*x3**2/100000 + 32739*x2**2*x3*x4/1000000 + 4671*x2**2*x3*x5/125000 + 2421*x2**2*x3*x6/62500 - 2647*x2**2*x3/2500 + 50749*x2**2*x4**2/100000 + 37393*x2**2*x4*x5/1000000 + 36117*x2**2*x4*x6/1000000 - 11083*x2**2*x4/10000 + 12793*x2**2*x5**2/25000 + 9477*x2**2*x5*x6/250000 - 453*x2**2*x5/400 + 259*x2**2*x6**2/500 - 1421*x2**2*x6/1250 + 12957*x2**2/1000 - 23291*x2*x3**3/250000 + 16209*x2*x3**2*x4/500000 + 30763*x2*x3**2*x5/1000000 + 30473*x2*x3**2*x6/1000000 - 10867*x2*x3**2/10000 + 14737*x2*x3*x4**2/500000 + 1563*x2*x3*x4*x5/1250000 - 13823*x2*x3*x4*x6/100000000 - 11471*x2*x3*x4/20000 + 37489*x2*x3*x5**2/1000000 + 1517*x2*x3*x5*x6/1250000 - 64867*x2*x3*x5/100000 + 7959*x2*x3*x6**2/200000 - 32823*x2*x3*x6/50000 + 2637*x2*x3/2000 - 9523*x2*x4**3/100000 + 7827*x2*x4**2*x5/250000 + 3003*x2*x4**2*x6/100000 - 10697*x2*x4**2/10000 + 9839*x2*x4*x5**2/250000 + 20063*x2*x4*x5*x6/10000000 - 32943*x2*x4*x5/50000 + 41223*x2*x4*x6**2/1000000 - 64841*x2*x4*x6/100000 + 73659*x2*x4/100000 - 11059*x2*x5**3/125000 + 9651*x2*x5**2*x6/250000 - 11209*x2*x5**2/10000 + 2139*x2*x5*x6**2/50000 - 14473*x2*x5*x6/20000 + 69623*x2*x5/100000 - 42883*x2*x6**3/500000 - 5801*x2*x6**2/5000 + 8553*x2*x6/10000 + 74531*x2/100000 + 41459*x3**4/100000 - 90687*x3**3*x4/1000000 - 21791*x3**3*x5/250000 - 89267*x3**3*x6/1000000 - 19983*x3**3/10000 + 6393*x3**2*x4**2/12500 + 8197*x3**2*x4*x5/250000 + 32639*x3**2*x4*x6/1000000 - 692*x3**2*x4/625 + 1279*x3**2*x5**2/2500 + 32407*x3**2*x5*x6/1000000 - 1419*x3**2*x5/1250 + 10303*x3**2*x6**2/20000 - 1419*x3**2*x6/1250 + 2527*x3**2/200 - 97801*x3*x4**3/1000000 + 4309*x3*x4**2*x5/125000 + 18133*x3*x4**2*x6/500000 - 10503*x3*x4**2/10000 + 2271*x3*x4*x5**2/62500 - 31461*x3*x4*x5*x6/1000000000 - 62919*x3*x4*x5/100000 + 8021*x3*x4*x6**2/200000 - 32843*x3*x4*x6/50000 + 12051*x3*x4/10000 - 88701*x3*x5**3/1000000 + 21491*x3*x5**2*x6/500000 - 5511*x3*x5**2/5000 + 45399*x3*x5*x6**2/1000000 - 72979*x3*x5*x6/100000 + 67147*x3*x5/100000 - 85343*x3*x6**3/1000000 - 57*x3*x6**2/50 + 29037*x3*x6/50000 + 11597*x3/10000 + 5257*x4**4/12500 - 9071*x4**3*x5/100000 - 90659*x4**3*x6/1000000 - 2021*x4**3/1000 + 51169*x4**2*x5**2/100000 + 17097*x4**2*x5*x6/500000 - 1393*x4**2*x5/1250 + 51701*x4**2*x6**2/100000 - 11383*x4**2*x6/10000 + 2513*x4**2/200 - 10721*x4*x5**3/125000 + 4097*x4*x5**2*x6/100000 - 698*x4*x5**2/625 + 44341*x4*x5*x6**2/1000000 - 2919*x4*x5*x6/4000 + 54609*x4*x5/100000 - 10211*x4*x6**3/125000 - 2901*x4*x6**2/2500 + 61611*x4*x6/100000 + 20717*x4/100000 + 42589*x5**4/100000 - 86141*x5**3*x6/1000000 - 20411*x5**3/10000 + 26063*x5**2*x6**2/50000 - 11589*x5**2*x6/10000 + 6293*x5**2/500 - 999*x5*x6**3/12500 - 2409*x5*x6**2/2000 + 39937*x5*x6/100000 - 667*x5/4000 + 21187*x6**4/50000 - 2043*x6**3/1000 + 6181*x6**2/500 + 5811*x6/20000 + 20697/1000",
    "Q": "[[20.69656112240946, 0.14215151495453296, -0.08954199225036849, 0.10941742634303175, 0.5779332227221549, 0.3773485474824782, -0.15611285474663478, 0.8338794542994894, -0.5343837683777678, -0.5179648306015088, -0.5386728501519863, -0.5345402660553804, -0.5084902718636012, 0.8760789826618116, -0.5104741959427903, -0.5244840388197605, -0.5318485569771194, -0.5074892628497293, 0.8573945396765924, -0.49496924679524934, -0.5277740238506525, -0.49153599309374985, 0.8138195792338074, -0.5221299576452945, -0.5126486113080161, 0.8385243142904539, -0.5041739306118332, 0.8794079492475687], [0.14215151495453296, 10.708206619006253, 0.7364504585112237, 0.822835178975595, 0.8308646112136067, 0.9612174771455613, 0.8378811945414206, -1.0209888964360285, -0.5536450876386937, -0.5311140329845576, -0.5266204780463364, -0.5195487425113103, -0.5338118408247731, -0.030828945879839347, -0.11232082551649747, -0.0996771459909904, -0.10199221429583473, -0.12128365496210697, -0.023484924757943806, -0.07304178551494321, -0.0893167159097127, -0.09956024834372791, -0.01541839218345742, -0.06968789130893131, -0.0914816611901217, -0.01646837292099491, -0.08649037387428557, -0.02981821961643916], [-0.08954199225036849, 0.7364504585112237, 10.84777694754413, 0.7875896727121257, 0.8541911701433605, 0.8811861123050037, 0.7399508072637332, -0.048989591261342544, -0.5521975214726417, -0.1069811427023684, -0.09865968471326085, -0.09327481195185362, -0.11179041901383835, -1.0263074857424257, -0.5263797797727264, -0.5194833842543963, -0.5175880289650663, -0.5316958763215709, -0.030031448195237134, -0.06739963146922925, -0.08118282478922527, -0.09124520786930736, -0.025918168842202764, -0.06310974648772505, -0.08424805404394117, -0.020373497263861975, -0.07740161150967007, -0.032461143268091026], [0.10941742634303175, 0.822835178975595, 0.7875896727121257, 10.867165268776183, 1.1018710818394482, 0.9083741656611645, 0.8403086021368443, -0.051345237510096405, -0.1443499819826298, -0.5393181965231755, -0.11480615442699608, -0.10427837740544132, -0.12562135681861467, -0.0390495142284178, -0.535369025827374, -0.10922094658672875, -0.10474149781135311, -0.1264670850608161, -1.0111678503044634, -0.5012718335149086, -0.5117271707270669, -0.5191452642700519, -0.0369357975508406, -0.07548194600979434, -0.09964322714718343, -0.015948837771389147, -0.08762253661218965, -0.034576734251712885], [0.5779332227221549, 0.8308646112136067, 0.8541911701433605, 1.1018710818394482, 11.022556073326166, 1.1730730417661865, 0.8542232276369072, -0.03810853717239873, -0.1641855754330057, -0.1413564374640836, -0.5500010763998405, -0.12452205115880001, -0.1428516477089903, -0.028619991529361493, -0.13987350092180356, -0.5426758788063216, -0.12614030298033183, -0.14477642237888041, -0.030049298657997877, -0.5142071993775432, -0.11521002140899395, -0.12339158341638481, -0.9983726498623184, -0.5101305746618708, -0.5298078383957592, -0.01589875285617837, -0.10636244230094763, -0.020101690686757743], [0.3773485474824782, 0.9612174771455613, 0.8811861123050037, 0.9083741656611645, 1.1730730417661865, 11.25681229805048, 1.032137778337146, -0.057366295525297414, -0.16657374577438777, -0.139118389444329, -0.13337856992013508, -0.5468473644199063, -0.14779522850684848, -0.04151144073122191, -0.13599156111818045, -0.12657616551338416, -0.5455027482968636, -0.14809461141602054, -0.028041370304221477, -0.09488892845630505, -0.5308251036656695, -0.12213379443942686, -0.035144590330194736, -0.5155152064592595, -0.1179040769851729, -1.0115797660726684, -0.5252635479256251, -0.042301787565089274], [-0.15611285474663478, 0.8378811945414206, 0.7399508072637332, 0.8403086021368443, 0.8542232276369072, 1.032137778337146, 10.804771749535858, -0.060497922928657105, -0.13419726931655232, -0.11136217432416497, -0.10176165157113314, -0.09879377609769811, -0.5345048748877079, -0.044930633413331686, -0.10817915384829771, -0.095424966101097, -0.09809631566104919, -0.5335740640431199, -0.038156600856713546, -0.06909176440046187, -0.08557061552593205, -0.512327317401838, -0.030168028111264688, -0.0660169212881287, -0.5088718166191685, -0.033943318718186274, -0.5000895932177818, -1.020421319105763], [0.8338794542994894, -1.0209888964360285, -0.048989591261342544, -0.051345237510096405, -0.03810853717239873, -0.057366295525297414, -0.060497922928657105, 0.4239743162716622, -0.03973395774258232, -0.04067406787529586, -0.043252007394266274, -0.042737700324014055, -0.039297501215656325, 0.03761939381137179, -0.010755014935823379, -0.010780041776248663, -0.008856967455663467, -0.010517724333172633, 0.0393522136257488, -0.010273445912749226, -0.007515049453557367, -0.009412985121137344, 0.039051268659646525, -0.00838224801805265, -0.009205589053288612, 0.040290266883082154, -0.00800155242096375, 0.039648047734721956], [-0.5343837683777678, -0.5536450876386937, -0.5521975214726417, -0.1443499819826298, -0.1641855754330057, -0.16657374577438777, -0.13419726931655232, -0.03973395774258232, 0.4475412522575311, 0.03287488426092699, 0.03261233898661884, 0.029941448229566025, 0.032896520880527434, -0.042660620369618686, 0.03333365714596184, 0.03341404936366663, 0.030373491807283572, 0.033073090692729276, -0.011815629399352781, -0.0020330607352796117, 0.0013774952157988094, 0.00018565823605949146, -0.011320799406184348, -0.0009394140769488248, 0.000600933720184969, -0.012012104166097413, -0.0005599194562886898, -0.01215961414127208], [-0.5179648306015088, -0.5311140329845576, -0.1069811427023684, -0.5393181965231755, -0.1413564374640836, -0.139118389444329, -0.11136217432416497, -0.04067406787529586, 0.03287488426092699, 0.43947564106190884, 0.029829087895934792, 0.028805418199885247, 0.03103951275426159, -0.012773019972951157, 0.028750197636555397, 0.000538718865456114, -0.00034289710433415524, 0.0003711913176191408, -0.04602178745905517, 0.027344718498364402, 0.025425673831338674, 0.026845566601578982, -0.009388844215680087, -0.0006311035863474754, 0.0013617898253742316, -0.011634055952564245, -0.000969147303552576, -0.010950055033229794], [-0.5386728501519863, -0.5266204780463364, -0.09865968471326085, -0.11480615442699608, -0.5500010763998405, -0.13337856992013508, -0.10176165157113314, -0.043252007394266274, 0.03261233898661884, 0.029829087895934792, 0.4373891981644144, 0.027395775409881664, 0.031124613265683516, -0.0119907233559255, 0.001494341869888239, 0.027495079762413253, 0.0012258727895535506, 0.0006363949907800799, -0.009238889563009372, 0.0256953048634993, 0.002711001595458178, 0.0012443915783406656, -0.04505540146152357, 0.02377715056359455, 0.025809057178377566, -0.010002878173223465, 0.00020831232899988153, -0.010851827642078773], [-0.5345402660553804, -0.5195487425113103, -0.09327481195185362, -0.10427837740544132, -0.12452205115880001, -0.5468473644199063, -0.09879377609769811, -0.042737700324014055, 0.029941448229566025, 0.028805418199885247, 0.027395775409881664, 0.43530386738772686, 0.027506017598399275, -0.01128517349514128, -0.0010345981113857204, -0.0002864587126683438, 0.03115746535510393, 0.000342295884604284, -0.010312921554899704, -0.0020798980090944628, 0.02977412967750933, -0.00030908450622407264, -0.008789807175171483, 0.02970504304974068, 0.0009230258749460814, -0.043554622609935346, 0.028864220142247113, -0.009124827279211462], [-0.5084902718636012, -0.5338118408247731, -0.11179041901383835, -0.12562135681861467, -0.1428516477089903, -0.14779522850684848, -0.5345048748877079, -0.039297501215656325, 0.032896520880527434, 0.03103951275426159, 0.031124613265683516, 0.027506017598399275, 0.4411027506727876, -0.013298904298242873, -0.0005568495536430964, -0.00123732871085819, 0.00021762357167378994, 0.030215049073716332, -0.011040087819102097, -0.002606181403668733, 0.0012782318097502598, 0.028689160870599015, -0.011065258546418476, -0.0011313382039494987, 0.029286540162093266, -0.010629044748232846, 0.025988364361184697, -0.04600631354601076], [0.8760789826618116, -0.030828945879839347, -1.0263074857424257, -0.0390495142284178, -0.028619991529361493, -0.04151144073122191, -0.044930633413331686, 0.03761939381137179, -0.042660620369618686, -0.012773019972951157, -0.0119907233559255, -0.01128517349514128, -0.013298904298242873, 0.4278623261821136, -0.042284819521428034, -0.04505910702776081, -0.044262801305802645, -0.040756175572609306, 0.03928161181992688, -0.01122243221784978, -0.009342421827503616, -0.011426032499832532, 0.039519103934845784, -0.009638471904881839, -0.010705973745627225, 0.03989192729887366, -0.010214430737433838, 0.039015224184217344], [-0.5104741959427903, -0.11232082551649747, -0.5263797797727264, -0.535369025827374, -0.13987350092180356, -0.13599156111818045, -0.10817915384829771, -0.010755014935823379, 0.03333365714596184, 0.028750197636555397, 0.001494341869888239, -0.0010345981113857204, -0.0005568495536430964, -0.042284819521428034, 0.43605069171997457, 0.029506045849941504, 0.028959510641981455, 0.03111605076017033, -0.04477490616627784, 0.026313414523659255, 0.025276935728328436, 0.026968471589843897, -0.008720353884947301, -0.0005390247075473148, 0.001372487326667284, -0.011626726184467648, -0.0014115833379664345, -0.011066374032719015], [-0.5244840388197605, -0.0996771459909904, -0.5194833842543963, -0.10922094658672875, -0.5426758788063216, -0.12657616551338416, -0.095424966101097, -0.010780041776248663, 0.03341404936366663, 0.000538718865456114, 0.027495079762413253, -0.0002864587126683438, -0.00123732871085819, -0.04505910702776081, 0.029506045849941504, 0.4341846903572152, 0.027335246803811, 0.031054685746625992, -0.009142164685065667, 0.025149766467893173, 0.0019623818337632442, 0.0003968161495389062, -0.04405485736533981, 0.02354444162398556, 0.025784503543537143, -0.01013090507863598, -0.0007442886332271833, -0.011152823855289], [-0.5318485569771194, -0.10199221429583473, -0.5175880289650663, -0.10474149781135311, -0.12614030298033183, -0.5455027482968636, -0.09809631566104919, -0.008856967455663467, 0.030373491807283572, -0.00034289710433415524, 0.0012258727895535506, 0.03115746535510393, 0.00021762357167378994, -0.044262801305802645, 0.028959510641981455, 0.027335246803811, 0.4319494061132252, 0.027768288230424664, -0.009904032875385806, -0.0014233571262163161, 0.029409831032872924, -0.00014157970792267398, -0.008033791730849744, 0.028698270437490597, 0.0013207658100015433, -0.042286977800939825, 0.029101597453617154, -0.009102863411285704], [-0.5074892628497293, -0.12128365496210697, -0.5316958763215709, -0.1264670850608161, -0.14477642237888041, -0.14809461141602054, -0.5335740640431199, -0.010517724333172633, 0.033073090692729276, 0.0003711913176191408, 0.0006363949907800799, 0.000342295884604284, 0.030215049073716332, -0.040756175572609306, 0.03111605076017033, 0.031054685746625992, 0.027768288230424664, 0.4375481501415278, -0.01057319733822938, -0.0017693034761892337, 0.0015531630458863258, 0.02840590969706956, -0.010198315446391692, -0.0005764771768163614, 0.02840635778861073, -0.01049473489736437, 0.025990101336115356, -0.04459344719487336], [0.8573945396765924, -0.023484924757943806, -0.030031448195237134, -1.0111678503044634, -0.030049298657997877, -0.028041370304221477, -0.038156600856713546, 0.0393522136257488, -0.011815629399352781, -0.04602178745905517, -0.009238889563009372, -0.010312921554899704, -0.011040087819102097, 0.03928161181992688, -0.04477490616627784, -0.009142164685065667, -0.009904032875385806, -0.01057319733822938, 0.42163123114368944, -0.048612713126322864, -0.047115876811953006, -0.04420550122449188, 0.04152294807333227, -0.008111435487544663, -0.00821061262003942, 0.040054806362528075, -0.009324552555131685, 0.040433274026533315], [-0.49496924679524934, -0.07304178551494321, -0.06739963146922925, -0.5012718335149086, -0.5142071993775432, -0.09488892845630505, -0.06909176440046187, -0.010273445912749226, -0.0020330607352796117, 0.027344718498364402, 0.0256953048634993, -0.0020798980090944628, -0.002606181403668733, -0.01122243221784978, 0.026313414523659255, 0.025149766467893173, -0.0014233571262163161, -0.0017693034761892337, -0.048612713126322864, 0.4290324910799179, 0.022596864423680835, 0.025376659484231213, -0.045374794459704555, 0.02267264895650534, 0.023939759175614115, -0.010143396111552235, -0.0022651781724234545, -0.010508745309838675], [-0.5277740238506525, -0.0893167159097127, -0.08118282478922527, -0.5117271707270669, -0.11521002140899395, -0.5308251036656695, -0.08557061552593205, -0.007515049453557367, 0.0013774952157988094, 0.025425673831338674, 0.002711001595458178, 0.02977412967750933, 0.0012782318097502598, -0.009342421827503616, 0.025276935728328436, 0.0019623818337632442, 0.029409831032872924, 0.0015531630458863258, -0.047115876811953006, 0.022596864423680835, 0.4265349443419643, 0.023025495833978213, -0.006253408466571463, 0.026055267724150715, 0.002673529773715374, -0.04325748870623109, 0.02758718935920314, -0.007878509703943935], [-0.49153599309374985, -0.09956024834372791, -0.09124520786930736, -0.5191452642700519, -0.12339158341638481, -0.12213379443942686, -0.512327317401838, -0.009412985121137344, 0.00018565823605949146, 0.026845566601578982, 0.0012443915783406656, -0.00030908450622407264, 0.028689160870599015, -0.011426032499832532, 0.026968471589843897, 0.0003968161495389062, -0.00014157970792267398, 0.02840590969706956, -0.04420550122449188, 0.025376659484231213, 0.023025495833978213, 0.43085734460481595, -0.008414814145857964, -0.0004083516012530205, 0.02570735661692246, -0.010179560938641292, 0.025184192298853623, -0.045500095258449585], [0.8138195792338074, -0.01541839218345742, -0.025918168842202764, -0.0369357975508406, -0.9983726498623184, -0.035144590330194736, -0.030168028111264688, 0.039051268659646525, -0.011320799406184348, -0.009388844215680087, -0.04505540146152357, -0.008789807175171483, -0.011065258546418476, 0.039519103934845784, -0.008720353884947301, -0.04405485736533981, -0.008033791730849744, -0.010198315446391692, 0.04152294807333227, -0.045374794459704555, -0.006253408466571463, -0.008414814145857964, 0.4152326785754244, -0.04678668910314214, -0.043444871635364465, 0.041341868383680064, -0.007953738293572777, 0.03996406883068069], [-0.5221299576452945, -0.06968789130893131, -0.06310974648772505, -0.07548194600979434, -0.5101305746618708, -0.5155152064592595, -0.0660169212881287, -0.00838224801805265, -0.0009394140769488248, -0.0006311035863474754, 0.02377715056359455, 0.02970504304974068, -0.0011313382039494987, -0.009638471904881839, -0.0005390247075473148, 0.02354444162398556, 0.028698270437490597, -0.0005764771768163614, -0.008111435487544663, 0.02267264895650534, 0.026055267724150715, -0.0004083516012530205, -0.04678668910314214, 0.42582826087604736, 0.021522014424329727, -0.04637433316020842, 0.027483653327317576, -0.008586743657597165], [-0.5126486113080161, -0.0914816611901217, -0.08424805404394117, -0.09964322714718343, -0.5298078383957592, -0.1179040769851729, -0.5088718166191685, -0.009205589053288612, 0.000600933720184969, 0.0013617898253742316, 0.025809057178377566, 0.0009230258749460814, 0.029286540162093266, -0.010705973745627225, 0.001372487326667284, 0.025784503543537143, 0.0013207658100015433, 0.02840635778861073, -0.00821061262003942, 0.023939759175614115, 0.002673529773715374, 0.02570735661692246, -0.043444871635364465, 0.021522014424329727, 0.42946695195281503, -0.008682684090981822, 0.02380494830931179, -0.048092281752104525], [0.8385243142904539, -0.01646837292099491, -0.020373497263861975, -0.015948837771389147, -0.01589875285617837, -1.0115797660726684, -0.033943318718186274, 0.040290266883082154, -0.012012104166097413, -0.011634055952564245, -0.010002878173223465, -0.043554622609935346, -0.010629044748232846, 0.03989192729887366, -0.011626726184467648, -0.01013090507863598, -0.042286977800939825, -0.01049473489736437, 0.040054806362528075, -0.010143396111552235, -0.04325748870623109, -0.010179560938641292, 0.041341868383680064, -0.04637433316020842, -0.008682684090981822, 0.42198747880386, -0.04208633526677183, 0.04154811503174735], [-0.5041739306118332, -0.08649037387428557, -0.07740161150967007, -0.08762253661218965, -0.10636244230094763, -0.5252635479256251, -0.5000895932177818, -0.00800155242096375, -0.0005599194562886898, -0.000969147303552576, 0.00020831232899988153, 0.028864220142247113, 0.025988364361184697, -0.010214430737433838, -0.0014115833379664345, -0.0007442886332271833, 0.029101597453617154, 0.025990101336115356, -0.009324552555131685, -0.0022651781724234545, 0.02758718935920314, 0.025184192298853623, -0.007953738293572777, 0.027483653327317576, 0.02380494830931179, -0.04208633526677183, 0.4276557031221957, -0.04743733488682262], [0.8794079492475687, -0.02981821961643916, -0.032461143268091026, -0.034576734251712885, -0.020101690686757743, -0.042301787565089274, -1.020421319105763, 0.039648047734721956, -0.01215961414127208, -0.010950055033229794, -0.010851827642078773, -0.009124827279211462, -0.04600631354601076, 0.039015224184217344, -0.011066374032719015, -0.011152823855289, -0.009102863411285704, -0.04459344719487336, 0.040433274026533315, -0.010508745309838675, -0.007878509703943935, -0.045500095258449585, 0.03996406883068069, -0.008586743657597165, -0.048092281752104525, 0.04154811503174735, -0.04743733488682262, 0.42599589885847516]]",
    "monomial_list": "[1, x6, x5, x4, x3, x2, x1, x6**2, x5*x6, x4*x6, x3*x6, x2*x6, x1*x6, x5**2, x4*x5, x3*x5, x2*x5, x1*x5, x4**2, x3*x4, x2*x4, x1*x4, x3**2, x2*x3, x1*x3, x2**2, x1*x2, x1**2]"
}