{
    "name": "Total Decomposition",
    "rational_expression": "153*x1**4/100 - 1481*x1**3*x2/5000 - 2959*x1**3/10000 + 4917*x1**2*x2**2/5000 + 1553*x1**2*x2/10000 + 9*x1**2/5 - 1553*x1*x2**3/1000 - 147*x1*x2**2/500 - 11*x1*x2/400 - 197*x1/500 + 8117*x2**4/10000 - 18*x2**3/125 + 159*x2**2/250 + 201*x2/5000 + 347/500",
    "Q": "[[0.6944783034266785, 0.020477922791178736, -0.1974746900101466, -0.13111807405008605, 0.14661462363835992, 0.10665926037609548], [0.020477922791178736, 0.89902399553398, -0.16079600886674264, -0.07255461930118984, -0.0886883183993241, 0.02177145637463683], [-0.1974746900101466, -0.16079600886674264, 1.5864711928024033, -0.057080383659227435, 0.055923696385671934, -0.148253540703999], [-0.13111807405008605, -0.07255461930118984, -0.057080383659227435, 0.811196291810271, -0.7758816672979638, -0.30196342109955393], [0.14661462363835992, -0.0886883183993241, 0.055923696385671934, -0.7758816672979638, 1.5872187319675097, -0.148607649574895], [0.10665926037609548, 0.02177145637463683, -0.148253540703999, -0.30196342109955393, -0.148607649574895, 1.5300816301116675]]",
    "monomial_list": "[1, x2, x1, x2**2, x1*x2, x1**2]"
}