{
    "name": "Total Decomposition",
    "rational_expression": "16563*x1**4/500 - 30041*x1**3*x2/10000 - 12453*x1**3/500 + 59949*x1**2*x2**2/1000 + 4081*x1**2*x2/100 + 2801*x1**2/40 - 76941*x1*x2**3/10000 - 4477*x1*x2**2/200 + 6617*x1*x2/125 - 7081*x1/250 + 39027*x2**4/1000 + 55779*x2**3/1000 + 13339*x2**2/200 + 14819*x2/1000 + 3727/250",
    "Q": "[[14.908307356880126, 7.414102955251772, -14.159735496272791, 0.7053543973053318, 1.660255318140007, 1.9911282664944399], [7.414102955251772, 65.29801589222488, 24.808036164599923, 27.865000930062173, -13.1211413154362, 10.55318891601515], [-14.159735496272791, 24.808036164599923, 66.02369811092767, 1.872656366350177, 9.849445363574915, -12.428712955012108], [0.7053543973053318, 27.865000930062173, 1.872656366350177, 39.01452690176682, -3.849822758739589, 6.307211285572018], [1.660255318140007, -13.1211413154362, 9.849445363574915, -3.849822758739589, 47.377135815451005, -1.5120763639609587], [1.9911282664944399, 10.55318891601515, -12.428712955012108, 6.307211285572018, -1.5120763639609587, 33.112687302015416]]",
    "monomial_list": "[1, x2, x1, x2**2, x1*x2, x1**2]"
}