{
    "name": "Total Decomposition",
    "rational_expression": "8281*x1**4/250 - 29683*x1**3*x2/10000 - 24793*x1**3/1000 + 7479*x1**2*x2**2/125 + 5096*x1**2*x2/125 + 69941*x1**2/1000 - 75393*x1*x2**3/10000 - 5499*x1*x2**2/250 + 53771*x1*x2/1000 - 14041*x1/500 + 9739*x2**4/250 + 27751*x2**3/500 + 66403*x2**2/1000 + 3663*x2/250 + 1489/100",
    "Q": "[[14.889910014161323, 7.32719200395884, -14.0376540807002, 0.643821196603606, 1.621596555024747, 1.9813744632556372], [7.32719200395884, 65.12244297697809, 25.252263019451192, 27.760038359384396, -13.12514830837989, 10.507427940649515], [-14.0376540807002, 25.252263019451192, 65.96130983053435, 2.1184018510330938, 9.876243957449278, -12.386696512015247], [0.643821196603606, 27.760038359384396, 2.1184018510330938, 38.95307805864915, -3.778296111950348, 6.293454790744504], [1.621596555024747, -13.12514830837989, 9.876243957449278, -3.778296111950348, 47.26250980200498, -1.4878352363383733], [1.9813744632556372, 10.507427940649515, -12.386696512015247, 6.293454790744504, -1.4878352363383733, 33.103932613471784]]",
    "monomial_list": "[1, x2, x1, x2**2, x1*x2, x1**2]"
}