{
    "name": "Total Decomposition",
    "rational_expression": "3329*x1**4/250 + 4201*x1**3*x2/625 - 96281*x1**3/10000 + 7049*x1**2*x2**2/250 + 45303*x1**2*x2/5000 + 6523*x1**2/12500 + 11513*x1*x2**3/1000 - 27799*x1*x2**2/10000 - 10859*x1*x2/500 - 3533*x1/200 + 16179*x2**4/1000 + 95301*x2**3/10000 - 23043*x2**2/10000 + 2346*x2/125 + 4313/250",
    "Q": "[[17.251750248884726, 9.388269172061577, -8.827462783158335, -1.2740207545315001e-20, -7.469062578947429, -5.754708880780081, -3.4668144954672297e-18, -5.826837307272931, -3.410454219738378e-18, -2.5632936356023996e-05], [9.388269172061577, 12.638436182057394, -5.098152331150846, -2.1510994387279242e-18, 4.762533329575607, -2.8474658028909983, -6.8167537500897935e-18, -0.15302097320737523, -4.190561084733874e-18, -3.760964749236417e-05], [-8.827462783158335, -5.098152331150846, 12.179196823438804, 2.2881690501306746e-18, 1.4573312159392253, 4.678933260681862, 3.482131008474229e-18, -4.819001053575827, -5.225459763722063e-19, 3.3009749986908496e-05], [-1.2740207545315001e-20, -2.1510994387279242e-18, 2.2881690501306746e-18, 5.126615896243162e-05, -4.801281154127727e-19, 9.176603642334341e-18, 3.760964749236393e-05, 5.34303192800293e-18, -3.300974998690939e-05, 4.562123181033885e-24], [-7.469062578947429, 4.762533329575607, 1.4573312159392253, -4.801281154127727e-19, 16.17966720149771, 5.757199716980297, -4.056045847391489e-18, 9.240121914556624, -3.430402361131169e-18, -2.8746809364502426e-05], [-5.754708880780081, -2.8474658028909983, 4.678933260681862, 9.176603642334341e-18, 5.757199716980297, 9.707912614662881, 5.223148466495176e-18, 3.357444099346834, -7.049640358206462e-18, 2.252976237660623e-06], [-3.4668144954672297e-18, -6.8167537500897935e-18, 3.482131008474229e-18, 3.760964749236393e-05, -4.056045847391489e-18, 5.223148466495176e-18, 5.749390497938884e-05, 3.993721671342353e-18, -2.2529762376615683e-06, 4.185290764036736e-23], [-5.826837307272931, -0.15302097320737523, -4.819001053575827, 5.34303192800293e-18, 9.240121914556624, 3.357444099346834, 3.993721671342353e-18, 13.313193073915249, -2.83200207038347e-18, -3.0380681863969917e-05], [-3.410454219738378e-18, -4.190561084733874e-18, -5.225459763722063e-19, -3.300974998690939e-05, -3.430402361131169e-18, -7.049640358206462e-18, -2.2529762376615683e-06, -2.83200207038347e-18, 6.076164997832291e-05, 5.578621231465128e-23], [-2.5632936356023996e-05, -3.760964749236417e-05, 3.3009749986908496e-05, 4.562123181033885e-24, -2.8746809364502426e-05, 2.252976237660623e-06, 4.185290764036736e-23, -3.0380681863969917e-05, 5.578621231465128e-23, 2.8625038233391704e-10]]",
    "monomial_list": "[1, x2, x1, u, x2**2, x1*x2, u*x2, x1**2, u*x1, u**2]"
}