{
    "name": "Total Decomposition",
    "rational_expression": "5266*x1**4/125 - 71107*x1**3*x2/10000 - 49613*x1**3/1000 + 34663*x1**2*x2**2/500 + 15011*x1**2*x2/1000 + 10261*x1**2/1000 - 11447*x1*x2**3/1000 - 16921*x1*x2**2/1000 + 14983*x1*x2/1000 - 39353*x1/1000 + 10593*x2**4/250 + 11463*x2**3/200 + 12667*x2**2/1000 + 27381*x2/1000 + 10411/200",
    "Q": "[[52.05463265775146, 13.670433079014975, -19.66522814834137, -1.0604901676424379e-18, -15.02867173136317, 11.134747038558311, 1.3708679685753242e-17, -15.987350208654991, 1.349098398881137e-17, -2.7386687751476265e-05], [13.670433079014975, 42.74204621321346, -3.6345782943921865, 1.0733056079776044e-17, 28.65617296575141, -8.552472315389535, 2.9715752925598494e-17, 2.645129647140067, -2.1518524409268234e-18, -3.210066665400113e-05], [-19.66522814834137, -3.6345782943921865, 42.21470233404124, 1.15646486319775e-17, 0.08782502454066225, 4.844136103012555, 3.0768082929597464e-17, -24.814680863694193, -3.543371332018753e-18, 3.383150871905815e-05], [-1.0604901676424379e-18, 1.0733056079776044e-17, 1.15646486319775e-17, 5.4773527497967946e-05, 1.306039505381984e-17, -4.4172633896389176e-18, 3.210066665400147e-05, -1.6714158011247177e-17, -3.383150871905892e-05, 1.1489817439327274e-23], [-15.02867173136317, 28.65617296575141, 0.08782502454066225, 1.306039505381984e-17, 42.3415717506171, -5.711986811427105, 1.474270870985035e-17, 18.660028141369438, -1.147090129225063e-17, -2.974637328815576e-05], [11.134747038558311, -8.552472315389535, 4.844136103012555, -4.4172633896389176e-18, -5.711986811427105, 31.959711631282065, 8.888516863822918e-18, -3.5436963039169758, 1.6868664751258472e-17, -1.481335428906724e-06], [1.3708679685753242e-17, 2.9715752925598494e-17, 3.0768082929597464e-17, 3.210066665400147e-05, 1.474270870985035e-17, 8.888516863822918e-18, 5.949289857132754e-05, -3.257600589755312e-17, 1.4813354289061886e-06, 1.0047461118318466e-23], [-15.987350208654991, 2.645129647140067, -24.814680863694193, -1.6714158011247177e-17, 18.660028141369438, -3.5436963039169758, -3.257600589755312e-17, 42.13994679830777, 4.699569780682059e-18, -2.8161633859736136e-05], [1.349098398881137e-17, -2.1518524409268234e-18, -3.543371332018753e-18, -3.383150871905892e-05, -1.147090129225063e-17, 1.6868664751258472e-17, 1.4813354289061886e-06, 4.699569780682059e-18, 5.6323419714485866e-05, -5.112077536105245e-24], [-2.7386687751476265e-05, -3.210066665400113e-05, 3.383150871905815e-05, 1.1489817439327274e-23, -2.974637328815576e-05, -1.481335428906724e-06, 1.0047461118318466e-23, -2.8161633859736136e-05, -5.112077536105245e-24, 1.5199501564654607e-10]]",
    "monomial_list": "[1, x2, x1, u, x2**2, x1*x2, u*x2, x1**2, u*x1, u**2]"
}