{
    "name": "Total Decomposition",
    "rational_expression": "7843*x1**4/100000 - 2107*x1**3*x2/10000 - 4427*x1**3/10000 + 1567*x1**2*x2**2/5000 - 1251*x1**2*x2/5000 + 1553*x1**2/1000 + 563*x1*x2**3/2000 + 1237*x1*x2**2/10000 - 1471*x1*x2/5000 - 1609*x1/1000 + 6927*x2**4/10000 - 5159*x2**3/10000 + 2231*x2**2/1000 - 357*x2/250 + 583/200",
    "Q": "[[2.9147082949422662, -0.7146785826807178, -0.8056030977239439, 0.47431484350872455, -0.14211974211050568, 0.08468249396468594], [-0.7146785826807178, 1.2811775232686444, -0.0033389374641431004, -0.25814362323184936, 0.06605482294195555, -0.03320291961077467], [-0.8056030977239439, -0.0033389374641431004, 1.3841026268924947, -0.003585773896345984, -0.09192229384561387, -0.22141743688754204], [0.47431484350872455, -0.25814362323184936, -0.003585773896345984, 0.6930222728802801, 0.14124539079838855, -0.08285693908557451], [-0.14211974211050568, 0.06605482294195555, -0.09192229384561387, 0.14124539079838855, 0.47859497493740316, -0.10538377578836713], [0.08468249396468594, -0.03320291961077467, -0.22141743688754204, -0.08285693908557451, -0.10538377578836713, 0.07859543828180507]]",
    "monomial_list": "[1, x2, x1, x2**2, x1*x2, x1**2]"
}