{
    "name": "Total Decomposition",
    "rational_expression": "257*x1**4/3125 - 1031*x1**3*x2/5000 - 4721*x1**3/10000 + 2987*x1**2*x2**2/10000 - 3213*x1**2*x2/10000 + 1671*x1**2/1000 + 236*x1*x2**3/625 - 1663*x1*x2**2/10000 + 341*x1*x2/1000 - 232*x1/125 + 3739*x2**4/5000 - 6883*x2**3/10000 + 304*x2**2/125 - 1523*x2/1000 + 639/250",
    "Q": "[[2.556151527416023, -0.7614841373926529, -0.9280259731426119, 0.5441933656545608, 0.01892492449676344, 0.08119752033249454], [-0.7614841373926529, 1.3429496585694725, 0.15310409612405806, -0.34353766909187583, -0.008626926376012352, -0.04128424579877885], [-0.9280259731426119, 0.15310409612405806, 1.5080440647112552, -0.07492706453399281, -0.1204114796903032, -0.23610613553377904], [0.5441933656545608, -0.34353766909187583, -0.07492706453399281, 0.7474182617881586, 0.18882285038152366, -0.08296309025240853], [0.01892492449676344, -0.008626926376012352, -0.1204114796903032, 0.18882285038152366, 0.465498683243702, -0.10286044443929179], [0.08119752033249454, -0.04128424579877885, -0.23610613553377904, -0.08296309025240853, -0.10286044443929179, 0.08187529095852775]]",
    "monomial_list": "[1, x2, x1, x2**2, x1*x2, x1**2]"
}