{
    "name": "Total Decomposition",
    "rational_expression": "1163*x1**4/50000 - 843*x1**3*x2/50000 - 2327*x1**3/10000 + 773*x1**2*x2**2/2000 - 2653*x1**2*x2/5000 + 9079*x1**2/10000 - 1227*x1*x2**3/25000 - 4561*x1*x2**2/10000 - 3851*x1*x2/10000 - 1123*x1/10000 + 733*x2**4/2000 - 2741*x2**3/5000 + 153*x2**2/100 - 4781*x2/10000 + 1811/1000",
    "Q": "[[1.8110924136483009, -0.23873131689969526, -0.05685181901739905, 0.29556051474029144, -0.26022496616405016, -0.005652658582356249], [-0.23873131689969526, 0.939962057135982, 0.06856128992805426, -0.27405482257581415, -0.10605199537514065, -0.007060842034076719], [-0.05685181901739905, 0.06856128992805426, 0.918760022538861, -0.12281378523843091, -0.25745799971112676, -0.11602246801751587], [0.29556051474029144, -0.27405482257581415, -0.12281378523843091, 0.36680555588629704, -0.024400438479394403, 0.012316180171698258], [-0.26022496616405016, -0.10605199537514065, -0.25745799971112676, -0.024400438479394403, 0.3611306698511185, -0.008582581200923324], [-0.005652658582356249, -0.007060842034076719, -0.11602246801751587, 0.012316180171698258, -0.008582581200923324, 0.023657173835083384]]",
    "monomial_list": "[1, x2, x1, x2**2, x1*x2, x1**2]"
}