{
    "name": "Total Decomposition",
    "rational_expression": "1163*x1**4/50000 - 843*x1**3*x2/50000 - 2327*x1**3/10000 + 773*x1**2*x2**2/2000 - 2653*x1**2*x2/5000 + 9079*x1**2/10000 - 4899*x1*x2**3/100000 - 4563*x1*x2**2/10000 - 77*x1*x2/200 - 1123*x1/10000 + 733*x2**4/2000 - 343*x2**3/625 + 1531*x2**2/1000 - 4781*x2/10000 + 1811/1000",
    "Q": "[[1.8111547016302219, -0.2387372710397796, -0.05684927894068113, 0.2955693995016396, -0.2602330696942801, -0.005653851137712751], [-0.2387372710397796, 0.9399857632094519, 0.06856507990845459, -0.2740618966703125, -0.10605491627558547, -0.007061329023370996], [-0.05684927894068113, 0.06856507990845459, 0.9187908246256253, -0.12281696140966897, -0.2574646621558467, -0.11602692904907984], [0.2955693995016396, -0.2740618966703125, -0.12281696140966897, 0.3668147994207646, -0.024401031595858592, 0.012316442522746055], [-0.2602330696942801, -0.10605491627558547, -0.2574646621558467, -0.024401031595858592, 0.36114004854182047, -0.008582757656947108], [-0.005653851137712751, -0.007061329023370996, -0.11602692904907984, 0.012316442522746055, -0.008582757656947108, 0.02365810000972499]]",
    "monomial_list": "[1, x2, x1, x2**2, x1*x2, x1**2]"
}