{
    "name": "Total Decomposition",
    "rational_expression": "79661*x1**4/10000 + 16043*x1**3*x2/10000 - 16627*x1**3/2000 + 6313*x1**2*x2**2/500 - 3049*x1**2*x2/250 + 16423*x1**2/10000 - 36891*x1*x2**3/100000 - 1117*x1*x2**2/100 - 283*x1*x2/25 + 957*x1/2000 + 32063*x2**4/5000 - 19963*x2**3/2500 + 4959*x2**2/500 + 163*x2/40 + 8859/1000",
    "Q": "[[8.85935910411763, 2.0390712167799996, 0.23837081252410083, -1.296212871906152, -4.7050402703779906, -3.6569966300837797], [2.0390712167799996, 12.505489859930842, -0.9566670429517157, -3.9957122450430433, -4.3866757961397935, -3.320163624358341], [0.23837081252410083, -0.9566670429517157, 8.960218946711752, -1.2024301212873314, -2.7731147129774807, -4.158610244194258], [-1.296212871906152, -3.9957122450430433, -1.2024301212873314, 6.414303405060231, -0.18202005890623696, 0.928148421770115], [-4.7050402703779906, -4.3866757961397935, -2.7731147129774807, -0.18202005890623696, 10.772690568726468, 0.8018876534003534], [-3.6569966300837797, -3.320163624358341, -4.158610244194258, 0.928148421770115, 0.8018876534003534, 7.965171673346773]]",
    "monomial_list": "[1, x2, x1, x2**2, x1*x2, x1**2]"
}