{
    "name": "Total Decomposition",
    "rational_expression": "22733*x1**4/25000 + 15587*x1**3*x2/100000 - 35297*x1**3/5000 + 14473*x1**2*x2**2/10000 - 38527*x1**2*x2/10000 + 2643*x1**2/200 + 3997*x1*x2**3/25000 - 44011*x1*x2**2/10000 + 1567*x1*x2/1000 + 127*x1/20 + 54041*x2**4/100000 - 283*x2**3/200 + 105*x2**2/8 + 381*x2/200 + 9337/1000",
    "Q": "[[9.336889371955113, 0.9514210633317409, 3.1758997553532673, 0.6558302524211115, -1.1111092418428827, -1.0581547816275945], [0.9514210633317409, 11.819082826356821, 1.8999136027326944, -0.7075189970182064, -2.098875167269456, -0.6294426328751043], [3.1758997553532673, 1.8999136027326944, 15.327180277844516, -0.10410293041021645, -1.3108038817118877, -3.5278406239831517], [0.6558302524211115, -0.7075189970182064, -0.10410293041021645, 0.54037695532633, 0.08004427213405492, -0.02657290793430401], [-1.1111092418428827, -2.098875167269456, -1.3108038817118877, 0.08004427213405492, 1.502133883942186, 0.08004426259325853], [-1.0581547816275945, -0.6294426328751043, -3.5278406239831517, -0.02657290793430401, 0.08004426259325853, 0.9086110730737262]]",
    "monomial_list": "[1, x2, x1, x2**2, x1*x2, x1**2]"
}