{
    "name": "Total Decomposition",
    "rational_expression": "5661*x1**4/5000 + 21073*x1**3*x2/100000 - 17573*x1**3/2000 + 9029*x1**2*x2**2/5000 - 49163*x1**2*x2/10000 + 8213*x1**2/500 + 2593*x1*x2**3/12500 - 27613*x1*x2**2/5000 + 5341*x1*x2/2500 + 39431*x1/5000 + 67377*x2**4/100000 - 4389*x2**3/2500 + 16561*x2**2/1000 + 1233*x2/500 + 1454/125",
    "Q": "[[11.631678846832255, 1.2336127972700996, 3.9438277871498437, 0.8050067046127702, -1.39090924449672, -1.3162230513461564], [1.2336127972700996, 14.956658451575333, 2.462139425460046, -0.8806351303190942, -2.638534794574653, -0.8155712255227204], [3.9438277871498437, 2.462139425460046, 19.054776362313792, -0.1274440751482546, -1.6394382431769847, -4.391113147409215], [0.8050067046127702, -0.8806351303190942, -0.1274440751482546, 0.6749542145034265, 0.10469883166285944, -0.03397319224363624], [-1.39090924449672, -2.638534794574653, -1.6394382431769847, 0.10469883166285944, 1.8741443568968956, 0.10469881917838912], [-1.3162230513461564, -0.8155712255227204, -4.391113147409215, -0.03397319224363624, 0.10469881917838912, 1.1312437070932904]]",
    "monomial_list": "[1, x2, x1, x2**2, x1*x2, x1**2]"
}