{
    "name": "Total Decomposition",
    "rational_expression": "6053*x1**4/100000 - 457*x1**3*x2/2500 - 3159*x1**3/10000 + 501*x1**2*x2**2/2500 - 136*x1**2*x2/3125 + 8627*x1**2/10000 + 119*x1*x2**3/400 + 2353*x1*x2**2/10000 - 81*x1*x2/625 - 303*x1/1000 + 3203*x2**4/5000 - 2643*x2**3/10000 + 1511*x2**2/1000 - 3697*x2/10000 + 287/250",
    "Q": "[[1.1482071701336174, -0.1852904684317983, -0.15128317976911, 0.3505190369639185, -0.012792436693166117, -0.015147721599082342], [-0.1852904684317983, 0.811282816575096, -0.052117145275574164, -0.1326825142300946, 0.02989370586415174, -0.01625230457108175], [-0.15128317976911, -0.052117145275574164, 0.8922145235002722, 0.08789429876918423, -0.005332591677000974, -0.15821831843803646], [0.3505190369639185, -0.1326825142300946, 0.08789429876918423, 0.6408821290977454, 0.1488918989132114, -0.08679966380074494], [-0.012792436693166117, 0.02989370586415174, -0.005332591677000974, 0.1488918989132114, 0.37416906293667246, -0.09133046833227465], [-0.015147721599082342, -0.01625230457108175, -0.15821831843803646, -0.08679966380074494, -0.09133046833227465, 0.06078936884226993]]",
    "monomial_list": "[1, x2, x1, x2**2, x1*x2, x1**2]"
}