{
    "name": "Total Decomposition",
    "rational_expression": "2703*x1**4/100000 - 4481*x1**3*x2/1000000 - 533*x1**3/1250 + 2281*x1**2*x2**2/50000 - 4919*x1**2*x2/10000 + 1579*x1**2/500 + 109*x1*x2**3/10000 - 4063*x1*x2**2/10000 + 6047*x1*x2/10000 + 4567*x1/50000 + 1379*x2**4/50000 - 403*x2**3/1000 + 579*x2**2/125 - 1269*x2/1000 + 1171/1000",
    "Q": "[[1.1710924895845884, -0.6344963920888611, 0.04622058498651362, 0.04697857981585316, -0.008714915399365156, 0.006856208913844121], [-0.6344963920888611, 4.537543665210382, 0.3085345533993475, -0.20094525756986872, -0.22050607260712668, -0.060911900535392104], [0.04622058498651362, 0.3085345533993475, 3.1433998608989415, 0.018190702617557432, -0.18322775505170133, -0.21452418546611574], [0.04697857981585316, -0.20094525756986872, 0.018190702617557432, 0.027104934461741288, 0.005430560507160828, -0.004261609607354397], [-0.008714915399365156, -0.22050607260712668, -0.18322775505170133, 0.005430560507160828, 0.05405546480011562, -0.0022343574644382615], [0.006856208913844121, -0.060911900535392104, -0.21452418546611574, -0.004261609607354397, -0.0022343574644382615, 0.02713531757774961]]",
    "monomial_list": "[1, x2, x1, x2**2, x1*x2, x1**2]"
}