{
    "name": "Total Decomposition",
    "rational_expression": "1363*x1**4/50000 - 1087*x1**3*x2/250000 - 4381*x1**3/10000 + 921*x1**2*x2**2/20000 - 1173*x1**2*x2/2500 + 1629*x1**2/500 + 8219*x1*x2**3/1000000 - 3831*x1*x2**2/10000 + 2339*x1*x2/5000 + 1009*x1/10000 + 331*x2**4/12500 - 253*x2**3/625 + 4837*x2**2/1000 - 799*x2/500 + 191/125",
    "Q": "[[1.5280129137246399, -0.798811040400397, 0.05038700610766796, 0.05848554435145615, -0.010457037010611226, 0.00818706289016324], [-0.798811040400397, 4.72090632057212, 0.24310626544858782, -0.20124542230127962, -0.2171823667293401, -0.05566293258666505], [0.05038700610766796, 0.24310626544858782, 3.2424222103013314, 0.02790070073426379, -0.17772329458394603, -0.21979013985706375], [0.05848554435145615, -0.20124542230127962, 0.02790070073426379, 0.02643621724668867, 0.003950754751000872, -0.004816317942723177], [-0.010457037010611226, -0.2171823667293401, -0.17772329458394603, 0.003950754751000872, 0.055485952438180663, -0.002315512825220831], [0.00818706289016324, -0.05566293258666505, -0.21979013985706375, -0.004816317942723177, -0.002315512825220831, 0.027294563844949618]]",
    "monomial_list": "[1, x2, x1, x2**2, x1*x2, x1**2]"
}