{
    "name": "Multiplier-7",
    "rational_expression": "693*x1**2/2 + 14611*x1*x10/1000 - 185383*x1*x11/1000 - 1257*x1*x12/100000 + 208537*x1*x2/5000 + 73989*x1*x3/2500 + 16371*x1*x4/125 + 21549*x1*x5/2500 + 148849*x1*x6/5000 - 49787*x1*x7/6250 - 124983*x1*x8/1000 + 1441*x1*x9/1000 + 3182*x1/625 + 47211*x10**2/1250 - 166273*x10*x11/50000 - 163917*x10*x12/2500000 + 35026*x10*x2/125 + 10573*x10*x3/625 + 63893*x10*x4/25000 + 509691*x10*x5/10000 + 164339*x10*x6/10000 - 102571*x10*x7/2000 - 117647*x10*x8/50000 + 57049*x10*x9/100000 + 86563*x10/100000 + 15549*x11**2/625 + 348701*x11*x12/10000000 - 886501*x11*x2/100000 - 166779*x11*x3/20000 - 70119*x11*x4/2000 - 194629*x11*x5/100000 - 26481*x11*x6/3125 + 172359*x11*x7/100000 + 167311*x11*x8/5000 - 40479*x11*x9/100000 - 3589*x11/2500 + 74177*x12**2/250000 + 178043*x12*x2/250000 + 158351*x12*x3/100000 + 343093*x12*x4/10000000 + 426013*x12*x5/5000000 + 179239*x12*x6/100000 - 22359*x12*x7/100000 + 197581*x12*x8/10000000 - 5459*x12*x9/62500 - 12741*x12/250000 + 523157*x2**2/1000 + 7782*x2*x3/125 + 707939*x2*x4/100000 + 189819*x2*x5/1000 + 118887*x2*x6/2000 - 95899*x2*x7/500 - 635589*x2*x8/100000 + 627*x2*x9/250 + 31309*x2/10000 + 547477*x3**2/10000 + 264723*x3*x4/50000 + 119861*x3*x5/10000 + 27039*x3*x6/250 - 107171*x3*x7/10000 - 15251*x3*x8/3125 + 74043*x3*x9/100000 + 4287*x3/2000 + 125511*x4**2/10000 + 142517*x4*x5/100000 + 534039*x4*x6/100000 - 66489*x4*x7/50000 - 236223*x4*x8/10000 + 6831*x4*x9/50000 + 28*x4/25 + 10918*x5**2/625 + 57837*x5*x6/5000 - 43547*x5*x7/1250 - 141791*x5*x8/100000 + 41189*x5*x9/100000 + 10997*x5/20000 + 538563*x6**2/10000 - 2583*x6*x7/250 - 509703*x6*x8/100000 + 1941*x6*x9/3125 + 17409*x6/10000 + 178769*x7**2/10000 + 13093*x7*x8/10000 - 23781*x7*x9/50000 - 35609*x7/100000 + 113609*x8**2/10000 - 28309*x8*x9/100000 - 74327*x8/100000 + 9701*x9**2/50000 - 7131*x9/50000 + 6141/12500",
    "Q": "[[0.48914383278512796, -0.07118031597726897, -0.37136402726214185, -0.17869592928527925, 0.8679748736941045, 0.27331109424097655, 0.5582355127188104, 1.0697032936024067, 1.5622031878204075, -0.024407390664824422, -0.7152350910097351, 0.4312842237738209, 2.5400055820295737], [-0.07118031597726897, 0.193963435375958, -0.1419868321857139, -0.23826731413513588, 0.3099634644180468, 0.20558485858084305, 0.06776816672513493, 0.37011031754959917, 1.2536636544481434, -0.04373246546687341, -0.20227772886653653, 0.2851693322066426, 0.7205404707027263], [-0.37136402726214185, -0.1419868321857139, 11.38281559493407, 0.6509158397315453, -2.5287793123816917, -0.6782745839254389, -11.797268332187649, -2.4685193802177157, -3.174920317999237, 0.007580398248966089, 16.764515404455846, -1.1700290976914753, -62.55108999732259], [-0.17869592928527925, -0.23826731413513588, 0.6509158397315453, 17.90756470586899, -5.134079427115008, -17.471638173192392, -0.691803504301779, -5.397394547669243, -95.98226490767365, -0.08061466110200499, 0.8726893585158725, -25.69439635890399, -3.927204227261824], [0.8679748736941045, 0.3099634644180468, -2.5287793123816917, -5.134079427115008, 53.82820595282547, 5.762748019632669, 2.648887194852803, 54.065152455628336, 29.526106247693463, 0.9127305751310887, -4.21747157076789, 8.184033525846369, 14.730001255884016], [0.27331109424097655, 0.20558485858084305, -0.6782745839254389, -17.471638173192392, 5.762748019632669, 17.538516779710978, 0.7105024421415551, 6.040973851529554, 95.10394120138724, 0.013784991955181613, -0.9425857800840275, 25.561521508179727, 4.105618084314215], [0.5582355127188104, 0.06776816672513493, -11.797268332187649, -0.691803504301779, 2.648887194852803, 0.7105024421415551, 12.501174900634734, 2.676450299655644, 3.701792943502253, 0.02010763622922903, -17.51016284155481, 1.3143764764912194, 65.35261357698025], [1.0697032936024067, 0.37011031754959917, -2.4685193802177157, -5.397394547669243, 54.065152455628336, 6.040973851529554, 2.676450299655644, 54.750521013308656, 31.305015242095745, 0.8087553508346891, -4.218719931005548, 8.526819141278668, 14.907835772203603], [1.5622031878204075, 1.2536636544481434, -3.174920317999237, -95.98226490767365, 29.526106247693463, 95.10394120138724, 3.701792943502253, 31.305015242095745, 523.1564038225389, 0.1933291177188372, -4.5114991444526265, 140.2544515939716, 20.64354876431225], [-0.024407390664824422, -0.04373246546687341, 0.007580398248966089, -0.08061466110200499, 0.9127305751310887, 0.013784991955181613, 0.02010763622922903, 0.8087553508346891, 0.1933291177188372, 0.2971826577806466, 0.012679715997386922, -0.07563955989588474, 0.006726037946601141], [-0.7152350910097351, -0.20227772886653653, 16.764515404455846, 0.8726893585158725, -4.21747157076789, -0.9425857800840275, -17.51016284155481, -4.218719931005548, -4.5114991444526265, 0.012679715997386922, 24.924931589660382, -1.6753610242957555, -92.78004624124658], [0.4312842237738209, 0.2851693322066426, -1.1700290976914753, -25.69439635890399, 8.184033525846369, 25.561521508179727, 1.3143764764912194, 8.526819141278668, 140.2544515939716, -0.07563955989588474, -1.6753610242957555, 37.85088766135019, 7.2159838953142454], [2.5400055820295737, 0.7205404707027263, -62.55108999732259, -3.927204227261824, 14.730001255884016, 4.105618084314215, 65.35261357698025, 14.907835772203603, 20.64354876431225, 0.006726037946601141, -92.78004624124658, 7.2159838953142454, 346.50169196349935]]",
    "monomial_list": "[1, x9, x8, x7, x6, x5, x4, x3, x2, x12, x11, x10, x1]"
}