{
    "name": "Multiplier-11",
    "rational_expression": "384809*x1**2/1000 + 14031*x1*x10/1250 - 206017*x1*x11/1000 - 31283*x1*x12/50000 + 63043*x1*x2/2000 + 375583*x1*x3/10000 + 71473*x1*x4/500 + 21474*x1*x5/3125 + 46917*x1*x6/1250 - 374689*x1*x7/50000 - 140591*x1*x8/1000 + 4031*x1*x9/1000 + 1197*x1/1000 + 79389*x10**2/2000 - 119651*x10*x11/50000 - 25121*x10*x12/62500 + 290737*x10*x2/1000 + 9011*x10*x3/500 + 42367*x10*x4/20000 + 53613*x10*x5/1000 + 44159*x10*x6/2500 - 531027*x10*x7/10000 - 174773*x10*x8/100000 + 1359*x10*x9/2000 + 1109*x10/1000 + 17837*x11**2/625 + 740963*x11*x12/1000000 - 258191*x11*x2/50000 - 26271*x11*x3/2500 - 192513*x11*x4/5000 - 149543*x11*x5/100000 - 107023*x11*x6/10000 + 146063*x11*x7/100000 + 189441*x11*x8/5000 - 9109*x11*x9/10000 - 8677*x11/10000 + 21141*x12**2/12500 + 136941*x12*x2/100000 + 66167*x12*x3/125000 - 169383*x12*x4/1000000 - 8411*x12*x5/62500 + 170147*x12*x6/100000 - 759321*x12*x7/1000000 + 212877*x12*x8/250000 - 251*x12*x9/200 - 3513*x12/10000 + 10871*x2**2/20 + 682307*x2*x3/10000 + 256107*x2*x4/50000 + 992*x2*x5/5 + 316421*x2*x6/5000 - 20011*x2*x7/100 - 171387*x2*x8/50000 + 1883*x2*x9/500 + 4421*x2/1000 + 490603*x3**2/10000 + 35607*x3*x4/5000 + 63587*x3*x5/5000 + 472613*x3*x6/5000 - 2899*x3*x7/250 - 557729*x3*x8/100000 + 5861*x3*x9/10000 + 2191*x3/500 + 140647*x4**2/10000 + 862057*x4*x5/1000000 + 709647*x4*x6/100000 - 110801*x4*x7/100000 - 261547*x4*x8/10000 + 933*x4*x9/5000 + 287*x4/250 + 95501*x5**2/5000 + 61269*x5*x6/5000 - 183297*x5*x7/5000 - 26357*x5*x8/20000 + 847*x5*x9/2500 + 2417*x5/5000 + 475723*x6**2/10000 - 112741*x6*x7/10000 - 315211*x6*x8/50000 + 4683*x6*x9/10000 + 2477*x6/1000 + 95941*x7**2/5000 + 15361*x7*x8/12500 - 1109*x7*x9/1000 + 771*x7/20000 + 34399*x8**2/2500 - 343*x8*x9/500 + 1889*x8/1000 + 1203*x9**2/1000 - 2801*x9/5000 + 1373/500",
    "Q": "[[2.7464051875393314, -0.280306761303969, 0.9434311358364326, 0.01958239132888241, 1.2394955423283174, 0.2430153628328782, 0.5727079451364325, 2.192645836763696, 2.2110732251417615, -0.17622722731994497, -0.4342126944839295, 0.5537102450897559, 0.5997977865816047], [-0.280306761303969, 1.2035889213595645, -0.34242985479897, -0.5536540459853103, 0.2349723944231668, 0.16835571753872414, 0.09424422115729099, 0.29371268436472364, 1.8831065409809133, -0.6262475316638209, -0.4553007266381671, 0.3408670168200664, 2.016160239513527], [0.9434311358364326, -0.34242985479897, 13.702385353334154, 0.584926387945962, -3.156705499412975, -0.6545410254278802, -13.036792522179894, -2.789160138591697, -1.6984432649344985, 0.40534727231014883, 18.903240898844366, -0.8946000250905672, -70.14663149052167], [0.01958239132888241, -0.5536540459853103, 0.584926387945962, 19.218689783343834, -5.651886096245932, -18.3276090235796, -0.5011850745295666, -5.748344942103632, -100.13397422682449, -0.3371205491682296, 0.7313211116184868, -26.618404553393198, -3.55310466530712], [1.2394955423283174, 0.2349723944231668, -3.156705499412975, -5.651886096245932, 47.589028112104174, 6.1327814820734226, 3.5340673263668547, 47.258624576917555, 31.711486611085753, 0.8613578151065908, -5.36874460078436, 8.876916948485281, 18.8362083322206], [0.2430153628328782, 0.16835571753872414, -0.6545410254278802, -18.3276090235796, 6.1327814820734226, 19.066178261093345, 0.4048343720598802, 6.303362349988503, 99.10689119828666, -0.10988670692470709, -0.7843654565597193, 26.8243917353642, 3.3795124667948837], [0.5727079451364325, 0.09424422115729099, -13.036792522179894, -0.5011850745295666, 3.5340673263668547, 0.4048343720598802, 14.037361532791149, 3.54238352766659, 2.420096625315456, -0.06763532488800578, -19.233632356555976, 1.0452040997434962, 71.40692120556777], [2.192645836763696, 0.29371268436472364, -2.789160138591697, -5.748344942103632, 47.258624576917555, 6.303362349988503, 3.54238352766659, 49.03568505683137, 33.84895115185563, 0.2721832524513464, -5.265229359483283, 8.965968791914069, 18.824087142024712], [2.2110732251417615, 1.8831065409809133, -1.6984432649344985, -100.13397422682449, 31.711486611085753, 99.10689119828666, 2.420096625315456, 33.84895115185563, 543.5463967880211, 0.44774082763191286, -2.783572377461071, 145.60558525849834, 15.476016579660087], [-0.17622722731994497, -0.6262475316638209, 0.40534727231014883, -0.3371205491682296, 0.8613578151065908, -0.10988670692470709, -0.06763532488800578, 0.2721832524513464, 0.44774082763191286, 1.6864832166919936, 0.341238733841992, -0.2632348611306652, -0.21371147341101862], [-0.4342126944839295, -0.4553007266381671, 18.903240898844366, 0.7313211116184868, -5.36874460078436, -0.7843654565597193, -19.233632356555976, -5.265229359483283, -2.783572377461071, 0.341238733841992, 28.53870830979276, -1.2849888967963887, -103.01041261713301], [0.5537102450897559, 0.3408670168200664, -0.8946000250905672, -26.618404553393198, 8.876916948485281, 26.8243917353642, 1.0452040997434962, 8.965968791914069, 145.60558525849834, -0.2632348611306652, -1.2849888967963887, 39.821012195013935, 5.667491866368086], [0.5997977865816047, 2.016160239513527, -70.14663149052167, -3.55310466530712, 18.8362083322206, 3.3795124667948837, 71.40692120556777, 18.824087142024712, 15.476016579660087, -0.21371147341101862, -103.01041261713301, 5.667491866368086, 384.8090710239546]]",
    "monomial_list": "[1, x9, x8, x7, x6, x5, x4, x3, x2, x12, x11, x10, x1]"
}