{
    "name": "Multiplier-1",
    "rational_expression": "9441281*x1**2/10000 + 6862261*x1*x10/100000 - 2521517*x1*x11/5000 - 211351*x1*x12/1250000 + 552119*x1*x2/2500 + 7346537*x1*x3/100000 + 1779907*x1*x4/5000 + 811123*x1*x5/20000 + 364241*x1*x6/5000 - 208099*x1*x7/5000 - 341831*x1*x8/1000 + 100253*x1*x9/25000 + 3073*x1/250 + 1877287*x10**2/20000 - 21793*x10*x11/1250 - 183477*x10*x12/1250000 + 3485521*x10*x2/5000 + 4125583*x10*x3/100000 + 60619*x10*x4/5000 + 1272929*x10*x5/10000 + 787451*x10*x6/20000 - 1285501*x10*x7/10000 - 121119*x10*x8/10000 + 87227*x10*x9/50000 + 165951*x10/100000 + 1685599*x11**2/25000 + 4424293*x11*x12/50000000 - 2779859*x11*x2/50000 - 1970549*x11*x3/100000 - 9509493*x11*x4/100000 - 512179*x11*x5/50000 - 1960131*x11*x6/100000 + 526033*x11*x7/50000 + 2283*x11*x8/25 - 13331*x11*x9/12500 - 336801*x11/100000 + 1413*x12**2/10000 - 366687*x12*x2/1250000 + 3750507*x12*x3/5000000 - 128449*x12*x4/6250000 - 4928933*x12*x5/50000000 + 8557071*x12*x6/10000000 + 553271*x12*x7/50000000 + 124723*x12*x8/2000000 - 23167*x12*x9/312500 - 247571*x12/10000000 + 1295877*x2**2/1000 + 1522927*x2*x3/10000 + 193123*x2*x4/5000 + 189197*x2*x5/400 + 181057*x2*x6/1250 - 4781339*x2*x7/10000 - 96821*x2*x8/2500 + 656873*x2*x9/100000 + 12021*x2/2000 + 3266603*x3**2/100000 + 1349111*x3*x4/100000 + 704657*x3*x5/25000 + 1282987*x3*x6/20000 - 346973*x3*x7/12500 - 129821*x3*x8/10000 + 364247*x3*x9/500000 + 159801*x3/100000 + 3363027*x4**2/100000 + 7071417*x4*x5/1000000 + 268087*x4*x6/20000 - 3648171*x4*x7/500000 - 25789*x4*x8/400 + 716479*x4*x9/1000000 + 2323*x4/1000 + 4331961*x5**2/100000 + 2685129*x5*x6/100000 - 8728811*x5*x7/100000 - 357489*x5*x8/50000 + 115347*x5*x9/100000 + 55873*x5/50000 + 198319*x6**2/6250 - 165181*x6*x7/6250 - 16229*x6*x8/1250 + 128411*x6*x9/200000 + 1389*x6/1000 + 552649*x7**2/12500 + 91989*x7*x8/12500 - 124657*x7*x9/100000 - 102051*x7/100000 + 155039*x8**2/5000 - 71859*x8*x9/100000 - 4253*x8/2000 + 123693*x9**2/1000000 - 247571*x9/10000000 + 276237/1000000",
    "Q": "[[0.28051413736101993, -0.009511764572737174, -1.0711658104514314, -0.5134178150396529, 0.6991910997061094, 0.5634846967492012, 1.1708678912176715, 0.8048525573301204, 3.0303451765720215, -0.015144457636447596, -1.69418564244566, 0.8380978717800285, 6.190850890947109], [-0.009511764572737174, 0.12077743440617277, -0.36776242883432714, -0.620571337130183, 0.32608808628139907, 0.5744086487170917, 0.3658357012432463, 0.36937408917919035, 3.2789936088202367, -0.037854375925250164, -0.5442274235642087, 0.8713814850024355, 2.0464628262827684], [-1.0711658104514314, -0.36776242883432714, 30.903084821961304, 3.730447437260805, -6.500629884081712, -3.6347052092968823, -32.23723611571628, -6.47417900537646, -19.480190437966787, 0.011966866555827396, 45.62873370296455, -6.0825462804971275, -170.62988936591364], [-0.5134178150396529, -0.620571337130183, 3.730447437260805, 44.0844736585428, -13.25890779315867, -43.64827796912053, -3.767545548117713, -13.852631948948549, -238.72953105328082, -0.05776676967967848, 5.255041949365107, -64.11025457113703, -21.08078872233965], [0.6991910997061094, 0.32608808628139907, -6.500629884081712, -13.25890779315867, 31.7644476801176, 13.497608480807639, 6.751078309087538, 32.0977707056735, 72.73198294808479, 0.45135506459589486, -9.790225099637183, 19.76202855018803, 36.48406416196934], [0.5634846967492012, 0.5744086487170917, -3.6347052092968823, -43.64827796912053, 13.497608480807639, 43.45781048237553, 3.663516543806933, 14.09623911243684, 236.87161013077676, 0.013840962398247463, -5.12863242872387, 63.67518153828923, 20.597895523610035], [1.1708678912176715, 0.3658357012432463, -32.23723611571628, -3.767545548117713, 6.751078309087538, 3.663516543806933, 33.749270677564084, 6.765654549391492, 19.78866618465582, 0.010793177212755738, -47.68239761989766, 6.189740281622009, 178.31302187660071], [0.8048525573301204, 0.36937408917919035, -6.47417900537646, -13.852631948948549, 32.0977707056735, 14.09623911243684, 6.765654549391492, 32.68039885413074, 76.08996323334152, 0.39634181212436254, -9.800095846639257, 20.606888202035044, 36.642242989767546], [3.0303451765720215, 3.2789936088202367, -19.480190437966787, -238.72953105328082, 72.73198294808479, 236.87161013077676, 19.78866618465582, 76.08996323334152, 1295.926396110981, 0.19106595157873377, -27.533017554526356, 348.14593654466546, 111.01352665708936], [-0.015144457636447596, -0.037854375925250164, 0.011966866555827396, -0.05776676967967848, 0.45135506459589486, 0.013840962398247463, 0.010793177212755738, 0.39634181212436254, 0.19106595157873377, 0.14446893112978948, 0.017286507038732978, 0.01774303462635277, 0.021766368555452473], [-1.69418564244566, -0.5442274235642087, 45.62873370296455, 5.255041949365107, -9.790225099637183, -5.12863242872387, -47.68239761989766, -9.800095846639257, -27.533017554526356, 0.017286507038732978, 67.55895245166506, -8.645988100426921, -252.41424734055616], [0.8380978717800285, 0.8713814850024355, -6.0825462804971275, -64.11025457113703, 19.76202855018803, 63.67518153828923, 6.189740281622009, 20.606888202035044, 348.14593654466546, 0.01774303462635277, -8.645988100426921, 93.63545124564396, 34.45750143067402], [6.190850890947109, 2.0464628262827684, -170.62988936591364, -21.08078872233965, 36.48406416196934, 20.597895523610035, 178.31302187660071, 36.642242989767546, 111.01352665708936, 0.021766368555452473, -252.41424734055616, 34.45750143067402, 944.1577495429223]]",
    "monomial_list": "[1, x9, x8, x7, x6, x5, x4, x3, x2, x12, x11, x10, x1]"
}