{
    "name": "Multiplier-5",
    "rational_expression": "401201*x1**2/1000 + 75693*x1*x10/5000 - 214669*x1*x11/1000 + 112243*x1*x12/1000000 + 215339*x1*x2/5000 + 451233*x1*x3/10000 + 151371*x1*x4/1000 + 402407*x1*x5/50000 + 17883*x1*x6/400 - 798579*x1*x7/100000 - 144747*x1*x8/1000 + 16793*x1*x9/10000 + 14817*x1/2500 + 606811*x10**2/10000 - 157677*x10*x11/50000 + 38257*x10*x12/125000 + 226493*x10*x2/500 + 142989*x10*x3/5000 + 121781*x10*x4/50000 + 207649*x10*x5/2500 + 68467*x10*x6/2500 - 208491*x10*x7/2500 - 227111*x10*x8/100000 + 93397*x10*x9/100000 + 13513*x10/10000 + 71993*x11**2/2500 - 52487*x11*x12/5000000 - 807931*x11*x2/100000 - 62543*x11*x3/5000 - 202553*x11*x4/5000 - 79571*x11*x5/50000 - 1247*x11*x6/100 + 153339*x11*x7/100000 + 387339*x11*x8/10000 - 10797*x11*x9/25000 - 16831*x11/10000 + 64619*x12**2/500000 + 6931*x12*x2/5000 + 50359*x12*x3/25000 + 59947*x12*x4/1000000 + 51441*x12*x5/250000 + 8321*x12*x6/4000 - 27897*x12*x7/100000 + 13917*x12*x8/2500000 + 18287*x12*x9/25000000 - 59689*x12/10000000 + 846979*x2**2/1000 + 105223*x2*x3/1000 + 329143*x2*x4/50000 + 15509*x2*x5/50 + 50081*x2*x6/500 - 312059*x2*x7/1000 - 594423*x2*x8/100000 + 18531*x2*x9/5000 + 1977*x2/400 + 128163*x3**2/2000 + 202017*x3*x4/25000 + 100979*x3*x5/5000 + 63447*x3*x6/500 - 23341*x3*x7/1250 - 384807*x3*x8/50000 + 22399*x3*x9/25000 + 23647*x3/10000 + 144111*x4**2/10000 + 3069*x4*x5/2500 + 400581*x4*x6/50000 - 60621*x4*x7/50000 - 136497*x4*x8/5000 + 2191*x4*x9/10000 + 12387*x4/10000 + 143511*x5**2/5000 + 48261*x5*x6/2500 - 572017*x5*x7/10000 - 116481*x5*x8/100000 + 30769*x5*x9/50000 + 96001*x5/100000 + 630689*x6**2/10000 - 889*x6*x7/50 - 77683*x6*x8/10000 + 17061*x6*x9/20000 + 10223*x6/5000 + 288707*x7**2/10000 + 58873*x7*x8/50000 - 462*x7*x9/625 - 75861*x7/100000 + 131369*x8**2/10000 - 15393*x8*x9/50000 - 22523*x8/25000 + 2213*x9**2/20000 - 1481*x9/12500 + 48299/100000",
    "Q": "[[0.48148066320701444, -0.057791423413091, -0.45108855131597797, -0.3779918391364367, 1.0214829101014176, 0.4779579717135984, 0.6188948298856157, 1.1799640851427833, 2.467481950402832, -0.003237743499555956, -0.8407947746191525, 0.6751074782663803, 2.958677364036157], [-0.057791423413091, 0.10899278207045514, -0.15464014997207332, -0.3682582549561631, 0.4251563524522329, 0.30589184032769723, 0.10973213255373351, 0.4470152430938926, 1.8455506812652116, -5.3019380216141966e-05, -0.21688334515245775, 0.4644555944026169, 0.8396514318407582], [-0.45108855131597797, -0.15464014997207332, 13.150886196452218, 0.6100584399911962, -3.9210737191958853, -0.5529251649717345, -13.650303971215633, -3.8811547559417483, -2.974825765520074, -0.027117799828398178, 19.397199834916577, -1.1632990417079767, -72.41117544532618], [-0.3779918391364367, -0.3682582549561631, 0.6100584399911962, 28.734380311228822, -8.813341975064661, -28.550473052700312, -0.6845273210233067, -9.343731430891507, -155.66359248071333, -0.09010989414791984, 0.8070710472756669, -41.66420755802249, -4.041377708557215], [1.0214829101014176, 0.4251563524522329, -3.9210737191958853, -8.813341975064661, 63.04837176196947, 9.556165063399115, 4.0621808327898545, 63.458494308105976, 49.711215426758066, 1.0118088756150787, -6.303883589146199, 13.591507516977257, 22.506107791001842], [0.4779579717135984, 0.30589184032769723, -0.5529251649717345, -28.550473052700312, 9.556165063399115, 28.732133165462628, 0.6402798043761552, 10.0868699789849, 155.17227508934425, 0.05339318195050568, -0.760599266431952, 41.618221252712104, 3.7951265378789496], [0.6188948298856157, 0.10973213255373351, -13.650303971215633, -0.6845273210233067, 4.0621808327898545, 0.6402798043761552, 14.3993506879304, 4.091970355587848, 3.6016025484947263, 0.06149652100807568, -20.26509613458044, 1.3295956732786125, 75.65452737016936], [1.1799640851427833, 0.4470152430938926, -3.8811547559417483, -9.343731430891507, 63.458494308105976, 10.0868699789849, 4.091970355587848, 64.12743564813833, 52.703163342167585, 0.9783868377881993, -6.315665521207956, 14.321267644036997, 22.686755369451834], [2.467481950402832, 1.8455506812652116, -2.974825765520074, -155.66359248071333, 49.711215426758066, 155.17227508934425, 3.6016025484947263, 52.703163342167585, 846.9913928717926, 0.42522448631764403, -4.088357064030155, 226.85348340865548, 21.18080918071147], [-0.003237743499555956, -5.3019380216141966e-05, -0.027117799828398178, -0.09010989414791984, 1.0118088756150787, 0.05339318195050568, 0.06149652100807568, 0.9783868377881993, 0.42522448631764403, 0.12814988970281688, -0.049546359024935684, 0.08209605900635542, 0.21897023547469435], [-0.8407947746191525, -0.21688334515245775, 19.397199834916577, 0.8070710472756669, -6.303883589146199, -0.760599266431952, -20.26509613458044, -6.315665521207956, -4.088357064030155, -0.049546359024935684, 28.8512772522693, -1.6293046346064322, -107.4358736604961], [0.6751074782663803, 0.4644555944026169, -1.1632990417079767, -41.66420755802249, 13.591507516977257, 41.618221252712104, 1.3295956732786125, 14.321267644036997, 226.85348340865548, 0.08209605900635542, -1.6293046346064322, 60.87825695990071, 7.622838080182809], [2.958677364036157, 0.8396514318407582, -72.41117544532618, -4.041377708557215, 22.506107791001842, 3.7951265378789496, 75.65452737016936, 22.686755369451834, 21.18080918071147, 0.21897023547469435, -107.4358736604961, 7.622838080182809, 401.1947243100101]]",
    "monomial_list": "[1, x9, x8, x7, x6, x5, x4, x3, x2, x12, x11, x10, x1]"
}