{
    "name": "Multiplier-6",
    "rational_expression": "548051*x1**2/1000 + 84563*x1*x10/10000 - 292793*x1*x11/1000 - 185243*x1*x12/1000000 + 103961*x1*x2/10000 + 258897*x1*x3/10000 + 41227*x1*x4/200 + 45519*x1*x5/20000 + 259773*x1*x6/10000 - 37479*x1*x7/12500 - 198663*x1*x8/1000 + 25717*x1*x9/10000 + 27403*x1/5000 + 133067*x10**2/2500 - 39611*x10*x11/25000 + 65949*x10*x12/250000 + 79429*x10*x2/200 + 110831*x10*x3/5000 + 973*x10*x4/625 + 722273*x10*x5/10000 + 52561*x10*x6/2500 - 728581*x10*x7/10000 - 6097*x10*x8/5000 + 78327*x10*x9/100000 + 5207*x10/5000 + 392171*x11**2/10000 + 31771*x11*x12/250000 - 181499*x11*x2/10000000 - 15211*x11*x3/2000 - 551219*x11*x4/10000 - 42147*x11*x5/250000 - 762051*x11*x6/100000 + 9913*x11*x7/31250 + 132811*x11*x8/2500 - 2159*x11*x9/3125 - 7919*x11/5000 + 372469*x12**2/1000000 + 141453*x12*x2/100000 + 131603*x12*x3/50000 - 83923*x12*x4/5000000 + 189613*x12*x5/1000000 + 307509*x12*x6/100000 - 440547*x12*x7/1000000 + 962961*x12*x8/10000000 - 7633*x12*x9/25000 - 76769*x12/1000000 + 743413*x2**2/1000 + 810699*x2*x3/10000 + 174873*x2*x4/100000 + 134899*x2*x5/500 + 763193*x2*x6/10000 - 136649*x2*x7/500 - 39537*x2*x8/100000 + 8307*x2*x9/2500 + 2408*x2/625 + 91937*x3**2/1250 + 112109*x3*x4/25000 + 160253*x3*x5/10000 + 73219*x3*x6/500 - 2877*x3*x7/200 - 439347*x3*x8/100000 + 31043*x3*x9/50000 + 10331*x3/5000 + 49019*x4**2/2500 + 38669*x4*x5/125000 + 111551*x4*x6/25000 - 492371*x4*x7/1000000 - 46703*x4*x8/1250 + 31421*x4*x9/100000 + 513*x4/400 + 12393*x5**2/500 + 152141*x5*x6/10000 - 124121*x5*x7/2500 - 233207*x5*x8/1000000 + 13287*x5*x9/25000 + 33979*x5/50000 + 147201*x6**2/2000 - 137453*x6*x7/10000 - 456971*x6*x8/100000 + 47223*x6*x9/100000 + 1573*x6/1000 + 126909*x7**2/5000 + 382329*x7*x8/1000000 - 8473*x7*x9/12500 - 10269*x7/25000 + 22709*x8**2/1250 - 9181*x8*x9/20000 - 8153*x8/12500 + 3511*x9**2/10000 - 16441*x9/100000 + 67687/100000",
    "Q": "[[0.6774664375537126, -0.08258604930822062, -0.3273297356378691, -0.20529694537112547, 0.7868624308153763, 0.3402893458485156, 0.6409798522263505, 1.034886690389784, 1.9268154896533363, -0.039186405882869514, -0.7911222034775373, 0.5216939159758683, 2.7414540065472224], [-0.08258604930822062, 0.34964352363608786, -0.22818398937538928, -0.33880636935490166, 0.2348050155112384, 0.2648386658479351, 0.15576327040601357, 0.3086726371450928, 1.6560617507068487, -0.15166054983737787, -0.34369359328724636, 0.39000289411165967, 1.2806612793438634], [-0.3273297356378691, -0.22818398937538928, 18.13668464777381, 0.19468524041133353, -2.2998208289805597, -0.12873245964170416, -18.67756904272539, -2.2121852663235484, -0.18600174770735092, 0.050158641790283245, 26.554284589716048, -0.5758057769044715, -99.2487553137462], [-0.20529694537112547, -0.33880636935490166, 0.19468524041133353, 25.353584322360295, -6.843114665097659, -24.808396502844552, -0.2173341596410662, -7.159591133999621, -136.57578282164312, -0.1771897099906966, 0.1690477618998878, -36.46895044240066, -1.5263744059719346], [0.7868624308153763, 0.2348050155112384, -2.2998208289805597, -6.843114665097659, 73.58987484416974, 7.55653740704426, 2.272621942900847, 73.17617828980167, 38.015558648019024, 1.5565402361336345, -3.828110279402754, 10.453767837341337, 13.056262012226025], [0.3402893458485156, 0.2648386658479351, -0.12873245964170416, -24.808396502844552, 7.55653740704426, 24.77632325209904, 0.13594553314505325, 7.95924681303352, 134.874812562969, 0.05262000342198462, -0.10573031615294426, 36.16650393011735, 1.210373304292762], [0.6409798522263505, 0.15576327040601357, -18.67756904272539, -0.2173341596410662, 2.272621942900847, 0.13594553314505325, 19.634613494290434, 2.2830317040817962, 0.6853595385980465, -0.010659953313221263, -27.594743537420094, 0.698111298921352, 103.14001679452672], [1.034886690389784, 0.3086726371450928, -2.2121852663235484, -7.159591133999621, 73.17617828980167, 7.95924681303352, 2.2830317040817962, 73.47696413582766, 40.373622572513895, 1.3329916338994605, -3.8206686914160484, 11.022371466538765, 13.014354459539966], [1.9268154896533363, 1.6560617507068487, -0.18600174770735092, -136.57578282164312, 38.015558648019024, 134.874812562969, 0.6853595385980465, 40.373622572513895, 743.4132913873686, 0.478370243899583, -0.011391291892665913, 198.89226029196075, 5.165841854460672], [-0.039186405882869514, -0.15166054983737787, 0.050158641790283245, -0.1771897099906966, 1.5565402361336345, 0.05262000342198462, -0.010659953313221263, 1.3329916338994605, 0.478370243899583, 0.37197259916541975, 0.06583419173076867, 0.07066157650387046, -0.10599195077285654], [-0.7911222034775373, -0.34369359328724636, 26.554284589716048, 0.1690477618998878, -3.828110279402754, -0.10573031615294426, -27.594743537420094, -3.8206686914160484, -0.011391291892665913, 0.06583419173076867, 39.26134857907952, -0.748879825642669, -146.4799407173372], [0.5216939159758683, 0.39000289411165967, -0.5758057769044715, -36.46895044240066, 10.453767837341337, 36.16650393011735, 0.698111298921352, 11.022371466538765, 198.89226029196075, 0.07066157650387046, -0.748879825642669, 53.39621007281986, 4.0558918664190395], [2.7414540065472224, 1.2806612793438634, -99.2487553137462, -1.5263744059719346, 13.056262012226025, 1.210373304292762, 103.14001679452672, 13.014354459539966, 5.165841854460672, -0.10599195077285654, -146.4799407173372, 4.0558918664190395, 548.0504756488813]]",
    "monomial_list": "[1, x9, x8, x7, x6, x5, x4, x3, x2, x12, x11, x10, x1]"
}