{
    "name": "Multiplier-3",
    "rational_expression": "110983*x1**2/200 + 259647*x1*x10/100000 - 296751*x1*x11/1000 + 90173*x1*x12/200000 - 872327*x1*x2/100000 + 339837*x1*x3/10000 + 104399*x1*x4/500 - 69371*x1*x5/100000 + 176271*x1*x6/5000 + 117447*x1*x7/125000 - 40149*x1*x8/200 + 25867*x1*x9/10000 + 57801*x1/10000 + 509487*x10**2/10000 + 58197*x10*x11/5000000 + 608823*x10*x12/10000000 + 190139*x10*x2/500 + 33773*x10*x3/2000 + 202523*x10*x4/500000 + 138283*x10*x5/2000 + 9893*x10*x6/625 - 349359*x10*x7/5000 - 78457*x10*x8/500000 + 74963*x10*x9/100000 + 10289*x10/10000 + 198829*x11**2/5000 - 322649*x11*x12/10000000 + 513291*x11*x2/100000 - 247501*x11*x3/25000 - 34914*x11*x4/625 + 16023*x11*x5/25000 - 102299*x11*x6/10000 - 740801*x11*x7/1000000 + 26863*x11*x8/500 - 71233*x11*x9/100000 - 16359*x11/10000 + 73377*x12**2/250000 + 370179*x12*x2/500000 + 45953*x12*x3/25000 + 109959*x12*x4/1000000 + 388733*x12*x5/10000000 + 8133*x12*x6/4000 - 53817*x12*x7/250000 + 310923*x12*x8/10000000 - 28399*x12*x9/100000 + 10443*x12/200000 + 355871*x2**2/500 + 77597*x2*x3/1250 - 201243*x2*x4/100000 + 10333*x2*x5/40 + 115457*x2*x6/2000 - 262059*x2*x7/1000 + 295527*x2*x8/100000 + 1926*x2*x9/625 + 37283*x2/10000 + 71189*x3**2/1000 + 620247*x3*x4/100000 + 122249*x3*x5/10000 + 139621*x3*x6/1000 - 50879*x3*x7/5000 - 260807*x3*x8/50000 + 12439*x3*x9/12500 + 36069*x3/10000 + 99141*x4**2/5000 - 285399*x4*x5/1000000 + 160993*x4*x6/25000 + 129293*x4*x7/500000 - 377817*x4*x8/10000 + 36167*x4*x9/100000 + 12369*x4/10000 + 29653*x5**2/1250 + 28573*x5*x6/2500 - 476061*x5*x7/10000 + 299973*x5*x8/1000000 + 10051*x5*x9/20000 + 33521*x5/50000 + 34483*x6**2/500 - 946203*x6*x7/100000 - 550697*x6*x8/100000 + 19713*x6*x9/25000 + 33583*x6/10000 + 30403*x7**2/1250 - 181399*x7*x8/500000 - 60519*x7*x9/100000 - 6571*x7/12500 + 18263*x8**2/1000 - 46279*x8*x9/100000 - 17573*x8/20000 + 29047*x9**2/100000 - 92423*x9/1000000 + 43059/100000",
    "Q": "[[0.4280413599497501, -0.04622900732176387, -0.4391200837017461, -0.26289796593543574, 1.67310042757451, 0.33379244878469, 0.6177441379376435, 1.7989886007585287, 1.8572137577308367, 0.025577284322844437, -0.8151720747867245, 0.5136760253210325, 2.8814817651778237], [-0.04622900732176387, 0.2898678523655526, -0.2310176675919205, -0.30187095816907344, 0.3938119677967358, 0.2504639111977485, 0.18023400973241308, 0.49541336298331573, 1.5384002054333332, -0.14164633998458118, -0.35537427753625794, 0.37370423081922977, 1.290044156705113], [-0.4391200837017461, -0.2310176675919205, 18.29683147143183, -0.13594021567799452, -2.710894322107489, 0.15885575941764066, -18.91107616309526, -2.604434822022227, 1.522450475264203, 0.04669363568327281, 26.901516250382716, -0.11728121669338383, -100.46416353711382], [-0.26289796593543574, -0.30187095816907344, -0.13594021567799452, 24.245393245783315, -4.768404158293427, -23.72463181107183, 0.06209176667156431, -5.065941452154514, -130.82434533140452, -0.11172154746944338, -0.26942653775634445, -34.91878739759654, 0.18508236253512744], [1.67310042757451, 0.3938119677967358, -2.710894322107489, -4.768404158293427, 68.9225422721025, 5.747583260534944, 3.188552566729808, 69.78819106752886, 29.07278929026249, 1.0200853853128657, -5.0400344049393775, 7.962647229529045, 17.346238369894436], [0.33379244878469, 0.2504639111977485, 0.15885575941764066, -23.72463181107183, 5.747583260534944, 23.638115594618256, -0.13161305823693698, 6.088791579446337, 128.93213520449441, 0.023687804956506752, 0.3005770537902085, 34.54533582268277, -0.3623840515611324], [0.6177441379376435, 0.18023400973241308, -18.91107616309526, 0.06209176667156431, 3.188552566729808, -0.13161305823693698, 19.831036893410744, 3.1113830261389372, -0.9409892842537554, 0.02301709157445832, -27.943403442874693, 0.2717839568407038, 104.40513871850554], [1.7989886007585287, 0.49541336298331573, -2.604434822022227, -5.065941452154514, 69.78819106752886, 6.088791579446337, 3.1113830261389372, 71.1871923317841, 30.935905518537652, 0.9237605094295742, -4.933738632095554, 8.409074369124358, 16.9270226329587], [1.8572137577308367, 1.5384002054333332, 1.522450475264203, -130.82434533140452, 29.07278929026249, 128.93213520449441, -0.9409892842537554, 30.935905518537652, 711.7557172324434, 0.39340083743839, 2.4515439979714206, 190.32994495107872, -4.416509877675154], [0.025577284322844437, -0.14164633998458118, 0.04669363568327281, -0.11172154746944338, 1.0200853853128657, 0.023687804956506752, 0.02301709157445832, 0.9237605094295742, 0.39340083743839, 0.2931108687036893, 0.029110799626375507, 0.03626662778925819, 0.05465556127791346], [-0.8151720747867245, -0.35537427753625794, 26.901516250382716, -0.26942653775634445, -5.0400344049393775, 0.3005770537902085, -27.943403442874693, -4.933738632095554, 2.4515439979714206, 0.029110799626375507, 39.79983841616449, -0.09834434604340866, -148.4394662223288], [0.5136760253210325, 0.37370423081922977, -0.11728121669338383, -34.91878739759654, 7.962647229529045, 34.54533582268277, 0.2717839568407038, 8.409074369124358, 190.32994495107872, 0.03626662778925819, -0.09834434604340866, 51.05307430867214, 1.558176639721135], [2.8814817651778237, 1.290044156705113, -100.46416353711382, 0.18508236253512744, 17.346238369894436, -0.3623840515611324, 104.40513871850554, 16.9270226329587, -4.416509877675154, 0.05465556127791346, -148.4394662223288, 1.558176639721135, 554.9095288690116]]",
    "monomial_list": "[1, x9, x8, x7, x6, x5, x4, x3, x2, x12, x11, x10, x1]"
}