{
    "name": "Multiplier-2",
    "rational_expression": "491521*x1**2/500 + 702827*x1*x10/10000 - 263223*x1*x11/500 + 5709*x1*x12/3125 + 28113*x1*x2/125 + 109737*x1*x3/1000 + 93199*x1*x4/250 + 422759*x1*x5/10000 + 10883*x1*x6/100 - 417869*x1*x7/10000 - 354421*x1*x8/1000 + 390341*x1*x9/100000 + 13897*x1/1000 + 502633*x10**2/5000 - 887333*x10*x11/50000 - 7901877*x10*x12/1000000000 + 7470539*x10*x2/10000 + 2333137*x10*x3/50000 + 32643*x10*x4/2500 + 1372097*x10*x5/10000 + 35633*x10*x6/800 - 1377359*x10*x7/10000 - 122283*x10*x8/10000 + 9851*x10*x9/6250 + 125767*x10/50000 + 7054343*x11**2/100000 - 2294137*x11*x12/5000000 - 5620403*x11*x2/100000 - 36893*x11*x3/1250 - 99823*x11*x4/1000 - 132409*x11*x5/12500 - 2933351*x11*x6/100000 + 1047539*x11*x7/100000 + 949169*x11*x8/10000 - 106187*x11*x9/100000 - 376579*x11/100000 + 838751*x12**2/5000000 + 169437*x12*x2/1250000 + 306517*x12*x3/250000 + 364661*x12*x4/1000000 + 915497*x12*x5/50000000 + 1341687*x12*x6/1000000 - 2611169*x12*x7/50000000 - 30153*x12*x8/100000 - 735801*x12*x9/10000000 - 135713*x12/10000000 + 1389487*x2**2/1000 + 107248*x2*x3/625 + 416211*x2*x4/10000 + 2550911*x2*x5/5000 + 163253*x2*x6/1000 - 5124981*x2*x7/10000 - 388059*x2*x8/10000 + 595317*x2*x9/100000 + 461327*x2/50000 + 772887*x3**2/20000 + 4111*x3*x4/200 + 399459*x3*x5/12500 + 1908011*x3*x6/25000 - 1560899*x3*x7/50000 - 2429*x3*x8/125 + 788899*x3*x9/1000000 + 43639*x3/20000 + 354063*x4**2/10000 + 390373*x4*x5/50000 + 4081*x4*x6/200 - 96731*x4*x7/12500 - 336069*x4*x8/5000 + 698831*x4*x9/1000000 + 264063*x4/100000 + 4692531*x5**2/100000 + 3045539*x5*x6/100000 - 1882103*x5*x7/20000 - 366603*x5*x8/50000 + 107751*x5*x9/100000 + 41689*x5/25000 + 758219*x6**2/20000 - 2971067*x6*x7/100000 - 96907*x6*x8/5000 + 360357*x6*x9/500000 + 12073*x6/6250 + 4735649*x7**2/100000 + 726427*x7*x8/100000 - 114663*x7*x9/100000 - 159829*x7/100000 + 320033*x8**2/10000 - 71023*x8*x9/100000 - 240421*x8/100000 + 31609*x9**2/250000 - 135713*x9/10000000 + 76421/250000",
    "Q": "[[0.30697888963568604, -0.00514418817225712, -1.2076128054379116, -0.8038628879615387, 0.9706120361652474, 0.837446122584966, 1.3234655335316312, 1.0965146419513236, 4.619671470353352, -0.005922183768763857, -1.886551279440586, 1.2606558320452648, 6.962132463277583], [-0.00514418817225712, 0.12926721944629146, -0.3670591723141295, -0.5835019545594303, 0.36962957318872497, 0.5486685942986059, 0.3621505279167243, 0.40453645467358984, 3.036644981966402, -0.03665814656491953, -0.5464500696209259, 0.8027832250334822, 2.01391994837179], [-1.2076128054379116, -0.3670591723141295, 32.12016836342417, 3.720643470300634, -9.733815611446664, -3.635452587313865, -33.60409495895951, -9.715178887806262, -19.51614012072464, -0.09483100058055191, 47.50323052351651, -6.120016421075651, -177.53765425031824], [-0.8038628879615387, -0.5835019545594303, 3.720643470300634, 47.132839145434666, -14.813067111249827, -46.952984172125994, -3.860851502183717, -15.552558198553806, -255.63926324064957, -0.04749543234373728, 5.358209919862497, -68.63409055925777, -21.325065052595598], [0.9706120361652474, 0.36962957318872497, -9.733815611446664, -14.813067111249827, 37.910456618412645, 15.173760660665328, 10.182182411671528, 38.14598750637957, 81.45779410055079, 0.6545765494400422, -14.682681317792323, 22.19334052959587, 54.54468342153019], [0.837446122584966, 0.5486685942986059, -3.635452587313865, -46.952984172125994, 15.173760660665328, 46.94077120254046, 3.770652616761472, 15.915045107613539, 255.12316754262193, 0.029458718337931147, -5.241102039244887, 68.53566354226957, 20.914432788693336], [1.3234655335316312, 0.3621505279167243, -33.60409495895951, -3.860851502183717, 10.182182411671528, 3.770652616761472, 35.27358849007154, 10.212829710601927, 20.37807951441863, 0.12232354261343137, -49.77500556223802, 6.38241737980007, 186.05466018105494], [1.0965146419513236, 0.40453645467358984, -9.715178887806262, -15.552558198553806, 38.14598750637957, 15.915045107613539, 10.212829710601927, 38.62207551868412, 85.5645502093353, 0.5981897662539621, -14.709425288270241, 23.23712951441196, 54.754936644926936], [4.619671470353352, 3.036644981966402, -19.51614012072464, -255.63926324064957, 81.45779410055079, 255.12316754262193, 20.37807951441863, 85.5645502093353, 1389.3687050304306, 0.18534337647515237, -28.205895902252497, 373.096129847243, 112.75897764511288], [-0.005922183768763857, -0.03665814656491953, -0.09483100058055191, -0.04749543234373728, 0.6545765494400422, 0.029458718337931147, 0.12232354261343137, 0.5981897662539621, 0.18534337647515237, 0.1659527487522069, -0.14747085704515558, 0.024942496456277538, 0.6072189180451311], [-1.886551279440586, -0.5464500696209259, 47.50323052351651, 5.358209919862497, -14.682681317792323, -5.241102039244887, -49.77500556223802, -14.709425288270241, -28.205895902252497, -0.14747085704515558, 70.4137910342299, -8.863033436270484, -262.983971131135], [1.2606558320452648, 0.8027832250334822, -6.120016421075651, -68.63409055925777, 22.19334052959587, 68.53566354226957, 6.38241737980007, 23.23712951441196, 373.096129847243, 0.024942496456277538, -8.863033436270484, 100.29460554529464, 35.078168681884584], [6.962132463277583, 2.01391994837179, -177.53765425031824, -21.325065052595598, 54.54468342153019, 20.914432788693336, 186.05466018105494, 54.754936644926936, 112.75897764511288, 0.6072189180451311, -262.983971131135, 35.078168681884584, 983.0672739927538]]",
    "monomial_list": "[1, x9, x8, x7, x6, x5, x4, x3, x2, x12, x11, x10, x1]"
}