{
    "name": "Multiplier-12",
    "rational_expression": "66301*x1**2/200 + 794077*x1*x10/100000 - 177047*x1*x11/1000 + 2837*x1*x12/200000 + 57451*x1*x2/2500 + 67483*x1*x3/2000 + 123381*x1*x4/1000 + 247161*x1*x5/50000 + 179897*x1*x6/5000 - 343811*x1*x7/50000 - 24239*x1*x8/200 + 727*x1*x9/200 - 1713*x1/5000 + 355121*x10**2/10000 - 45287*x10*x11/25000 - 134209*x10*x12/250000 + 130111*x10*x2/500 + 4003*x10*x3/250 + 41687*x10*x4/25000 + 477751*x10*x5/10000 + 40389*x10*x6/2500 - 236033*x10*x7/5000 - 28721*x10*x8/20000 + 291*x10*x9/25000 + 9239*x10/10000 + 24381*x11**2/1000 + 445811*x11*x12/1000000 - 11071*x11*x2/2500 - 29348*x11*x3/3125 - 6629*x11*x4/200 - 118523*x11*x5/100000 - 26879*x11*x6/2500 + 185201*x11*x7/100000 + 81821*x11*x8/2500 - 689*x11*x9/2000 - 7503*x11/10000 + 289393*x12**2/100000 - 131347*x12*x2/1000000 + 172609*x12*x3/100000 + 154573*x12*x4/2000000 - 137821*x12*x5/500000 + 295331*x12*x6/100000 - 300763*x12*x7/1000000 + 388591*x12*x8/1000000 - 5783*x12*x9/10000 - 167*x12/500 + 487547*x2**2/1000 + 154803*x2*x3/2500 + 75793*x2*x4/20000 + 22021*x2*x5/125 + 114651*x2*x6/2000 - 22354*x2*x7/125 - 261751*x2*x8/100000 + 459*x2*x9/125 + 4337*x2/1000 + 296149*x3**2/5000 + 155627*x3*x4/25000 + 14569*x3*x5/1250 + 28587*x3*x6/250 - 101137*x3*x7/10000 - 23607*x3*x8/5000 + 2231*x3*x9/5000 + 3847*x3/1000 + 12111*x4**2/1000 + 697601*x4*x5/1000000 + 333171*x4*x6/50000 - 970173*x4*x7/1000000 - 56313*x4*x8/2500 - 513*x4*x9/5000 + 2201*x4/2500 + 84079*x5**2/5000 + 7194*x5*x6/625 - 162289*x5*x7/5000 - 109189*x5*x8/100000 - 271*x5*x9/4000 + 2147*x5/5000 + 144447*x6**2/2500 - 10041*x6*x7/1000 - 164597*x6*x8/25000 + 1063*x6*x9/2500 + 193*x6/125 + 85613*x7**2/5000 + 29293*x7*x8/20000 - 323*x7*x9/250 + 4123*x7/50000 + 58287*x8**2/5000 - 1347*x8*x9/5000 + 1067*x8/1000 + 249*x9**2/200 - 129*x9/125 + 953/500",
    "Q": "[[1.9061787181466823, -0.5167457193498979, 0.5329674991300876, 0.04162800800503326, 0.772000113211721, 0.2157613397335293, 0.44053899456030876, 1.9227915418959998, 2.1685568121718544, -0.16605656557242315, -0.3743302886463361, 0.4610632345231905, -0.1713924336539669], [-0.5167457193498979, 1.2459061872654544, -0.13414313260596072, -0.647273891891698, 0.21276755689083862, -0.03437575088889721, -0.05225003266243621, 0.22327563835490988, 1.836289469464754, -0.2886617228249844, -0.17213060225519194, 0.005631520968291637, 1.8186436700819038], [0.5329674991300876, -0.13414313260596072, 11.67037535764824, 0.7159129711951946, -3.274077564420864, -0.5282684962862726, -11.246719810385446, -2.347778660702366, -1.29363356739775, 0.17905316834951965, 16.355086506353057, -0.7484423858441157, -60.63270105636238], [0.04162800800503326, -0.647273891891698, 0.7159129711951946, 17.17690468580415, -5.00812238059176, -16.298892944204155, -0.43695726719608025, -5.0501572428156205, -89.56114836705095, -0.14446920171955027, 0.8963196574410474, -23.636592314120893, -3.388678741746578], [0.772000113211721, 0.21276755689083862, -3.274077564420864, -5.00812238059176, 57.759227518766956, 5.745860920305127, 3.2880656479279646, 57.16847663189981, 28.566599476552373, 1.464685401333305, -5.328561947004358, 8.084282626082, 17.890141113049857], [0.2157613397335293, -0.03437575088889721, -0.5282684962862726, -16.298892944204155, 5.745860920305127, 16.90214815298116, 0.30002942735855287, 5.823509251054098, 88.31659460777031, -0.14464103416811977, -0.5621333173752523, 23.943660948398893, 2.4111766557238026], [0.44053899456030876, -0.05225003266243621, -11.246719810385446, -0.43695726719608025, 3.2880656479279646, 0.30002942735855287, 12.068950208711597, 3.0757760603019206, 1.716963687146527, 0.05537390329855307, -16.52338647324887, 0.8188696379527645, 61.575666901979034], [1.9227915418959998, 0.22327563835490988, -2.347778660702366, -5.0501572428156205, 57.16847663189981, 5.823509251054098, 3.0757760603019206, 59.23517866755988, 30.890383246852604, 0.8527078258499373, -4.655728565669352, 8.01564937110671, 16.798637139326903], [2.1685568121718544, 1.836289469464754, -1.29363356739775, -89.56114836705095, 28.566599476552373, 88.31659460777031, 1.716963687146527, 30.890383246852604, 487.5416873263633, -0.10568239013397486, -2.168300808884702, 130.07638901006123, 11.607977905345566], [-0.16605656557242315, -0.2886617228249844, 0.17905316834951965, -0.14446920171955027, 1.464685401333305, -0.14464103416811977, 0.05537390329855307, 0.8527078258499373, -0.10568239013397486, 2.8930587130760155, 0.19973640546267737, -0.2791111018410126, 0.09337942361444655], [-0.3743302886463361, -0.17213060225519194, 16.355086506353057, 0.8963196574410474, -5.328561947004358, -0.5621333173752523, -16.52338647324887, -4.655728565669352, -2.168300808884702, 0.19973640546267737, 24.323260611214355, -0.9416946203719652, -88.42143337807398], [0.4610632345231905, 0.005631520968291637, -0.7484423858441157, -23.636592314120893, 8.084282626082, 23.943660948398893, 0.8188696379527645, 8.01564937110671, 130.07638901006123, -0.2791111018410126, -0.9416946203719652, 35.49719232064761, 4.178679909885046], [-0.1713924336539669, 1.8186436700819038, -60.63270105636238, -3.388678741746578, 17.890141113049857, 2.4111766557238026, 61.575666901979034, 16.798637139326903, 11.607977905345566, 0.09337942361444655, -88.42143337807398, 4.178679909885046, 331.499505439938]]",
    "monomial_list": "[1, x9, x8, x7, x6, x5, x4, x3, x2, x12, x11, x10, x1]"
}