{
    "name": "Multiplier-4",
    "rational_expression": "485583*x1**2/1000 + 962049*x1*x10/100000 - 130089*x1*x11/500 - 118207*x1*x12/1000000 + 6397*x1*x2/400 + 417603*x1*x3/10000 + 46099*x1*x4/250 + 20309*x1*x5/6250 + 83871*x1*x6/2000 - 321499*x1*x7/100000 - 43967*x1*x8/250 + 19199*x1*x9/10000 + 68331*x1/10000 + 202999*x10**2/5000 - 207197*x10*x11/100000 + 968041*x10*x12/10000000 + 37807*x10*x2/125 + 205493*x10*x3/10000 + 35003*x10*x4/25000 + 551913*x10*x5/10000 + 97531*x10*x6/5000 - 277399*x10*x7/5000 - 73579*x10*x8/50000 + 67673*x10*x9/100000 + 19269*x10/20000 + 87337*x11**2/2500 + 51917*x11*x12/1000000 - 236421*x11*x2/100000 - 116777*x11*x3/10000 - 61741*x11*x4/1250 - 132803*x11*x5/250000 - 117927*x11*x6/10000 + 272999*x11*x7/500000 + 235677*x11*x8/5000 - 10923*x11*x9/20000 - 9567*x11/5000 + 154571*x12**2/1000000 + 577031*x12*x2/1000000 + 44219*x12*x3/25000 + 6721*x12*x4/250000 + 352717*x12*x5/5000000 + 186691*x12*x6/100000 - 142387*x12*x7/1000000 + 44857*x12*x8/1000000 - 10597*x12*x9/500000 - 66729*x12/10000000 + 565017*x2**2/1000 + 751997*x2*x3/10000 + 71991*x2*x4/50000 + 25716*x2*x5/125 + 44247*x2*x6/625 - 25942*x2*x7/125 - 36069*x2*x8/20000 + 1719*x2*x9/625 + 3451*x2/1000 + 584043*x3**2/10000 + 763097*x3*x4/100000 + 146047*x3*x5/10000 + 115747*x3*x6/1000 - 131501*x3*x7/10000 - 363567*x3*x8/50000 + 83253*x3*x9/100000 + 509*x3/250 + 3553*x4**2/200 + 331687*x4*x5/1000000 + 768519*x4*x6/100000 - 12899*x4*x7/40000 - 66827*x4*x8/2000 + 24413*x4*x9/100000 + 2651*x4/2000 + 23693*x5**2/1250 + 138513*x5*x6/10000 - 189129*x5*x7/5000 - 87339*x5*x8/200000 + 43883*x5*x9/100000 + 62143*x5/100000 + 288019*x6**2/5000 - 123859*x6*x7/10000 - 743293*x6*x8/100000 + 38849*x6*x9/50000 + 1089*x6/625 + 19197*x7**2/1000 + 229203*x7*x8/500000 - 28339*x7*x9/50000 - 23899*x7/50000 + 6401*x8**2/400 - 35451*x8*x9/100000 - 5569*x8/5000 + 3647*x9**2/25000 - 41*x9/400 + 1484/3125",
    "Q": "[[0.47193326009764214, -0.05003944612557947, -0.5547522465309653, -0.23939585878540123, 0.868175757533353, 0.31110128978825097, 0.6618157240003035, 1.0152082889355307, 1.7205154386106905, -0.0029333847633859814, -0.9533235638007582, 0.48071229586018444, 3.4057906454134854], [-0.05003944612557947, 0.1465886896666671, -0.17909409424737383, -0.2850416898640469, 0.39126668814005366, 0.22089523270233868, 0.12378741788106687, 0.42003727334855556, 1.3834615781342392, -0.010807402030794661, -0.27594337795426543, 0.3398663346611655, 0.9721052660307549], [-0.5547522465309653, -0.17909409424737383, 15.950907519154834, 0.2649068707886589, -3.6790098162600957, -0.2168379226373591, -16.64387237244895, -3.609036749551533, -0.9280575976073485, 0.009513595766106222, 23.54319464594537, -0.7006686103132646, -87.79206471227094], [-0.23939585878540123, -0.2850416898640469, 0.2649068707886589, 19.211343331948605, -6.239176225143175, -18.933199805648353, -0.19556039525144192, -6.564821580235047, -103.80679010571723, -0.04545237802030371, 0.3363843014308845, -27.770412259359613, -1.7687892817895081], [0.868175757533353, 0.39126668814005366, -3.6790098162600957, -6.239176225143175, 57.61046610987484, 6.953274530469126, 3.7776049930370093, 57.894667892313485, 35.58302294946448, 0.9201566322621401, -5.842290245842648, 9.809511567625117, 20.802661066367758], [0.31110128978825097, 0.22089523270233868, -0.2168379226373591, -18.933199805648353, 6.953274530469126, 18.982302048981797, 0.16153939533545986, 7.275082737782017, 102.93963748819144, 0.009724073213866147, -0.2744575543764813, 27.636457115293844, 1.5833118161012736], [0.6618157240003035, 0.12378741788106687, -16.64387237244895, -0.19556039525144192, 3.7776049930370093, 0.16153939533545986, 17.691931431743424, 3.762013482474687, 0.7327230843799014, 0.026386456518334333, -24.658937245896592, 0.6594327262188951, 92.00634533505702], [1.0152082889355307, 0.42003727334855556, -3.609036749551533, -6.564821580235047, 57.894667892313485, 7.275082737782017, 3.762013482474687, 58.44131844185667, 37.47902095700819, 0.8705988729027464, -5.801071648082112, 10.249980156636898, 20.7714279595186], [1.7205154386106905, 1.3834615781342392, -0.9280575976073485, -103.80679010571723, 35.58302294946448, 102.93963748819144, 0.7327230843799014, 37.47902095700819, 565.0102793336059, 0.14795453110709023, -1.277149943905878, 151.34156865651227, 7.944123428678596], [-0.0029333847633859814, -0.010807402030794661, 0.009513595766106222, -0.04545237802030371, 0.9201566322621401, 0.009724073213866147, 0.026386456518334333, 0.8705988729027464, 0.14795453110709023, 0.15377419834398093, 0.006878787499998725, 0.011554288204291148, 0.011266174252360161], [-0.9533235638007582, -0.27594337795426543, 23.54319464594537, 0.3363843014308845, -5.842290245842648, -0.2744575543764813, -24.658937245896592, -5.801071648082112, -1.277149943905878, 0.006878787499998725, 34.970022606784504, -1.0016175770872147, -130.15798269712346], [0.48071229586018444, 0.3398663346611655, -0.7006686103132646, -27.770412259359613, 9.809511567625117, 27.636457115293844, 0.6594327262188951, 10.249980156636898, 151.34156865651227, 0.011554288204291148, -1.0016175770872147, 40.66141812000482, 4.571705260376135], [3.4057906454134854, 0.9721052660307549, -87.79206471227094, -1.7687892817895081, 20.802661066367758, 1.5833118161012736, 92.00634533505702, 20.7714279595186, 7.944123428678596, 0.011266174252360161, -130.15798269712346, 4.571705260376135, 485.5954041109426]]",
    "monomial_list": "[1, x9, x8, x7, x6, x5, x4, x3, x2, x12, x11, x10, x1]"
}