{
    "name": "Multiplier-9",
    "rational_expression": "354103*x1**2/1000 + 95911*x1*x10/5000 - 23756*x1*x11/125 + 167209*x1*x12/500000 + 585797*x1*x2/10000 + 56977*x1*x3/1250 + 16691*x1*x4/125 + 11347*x1*x5/1000 + 461909*x1*x6/10000 - 58369*x1*x7/5000 - 128387*x1*x8/1000 + 279*x1*x9/125 + 4461*x1/1000 + 364803*x10**2/10000 - 14732*x10*x11/3125 + 490941*x10*x12/5000000 + 6746*x10*x2/25 + 211483*x10*x3/10000 + 346379*x10*x4/100000 + 494881*x10*x5/10000 + 104991*x10*x6/5000 - 492979*x10*x7/10000 - 342167*x10*x8/100000 + 7183*x10*x9/10000 + 7851*x10/10000 + 64517*x11**2/2500 + 42011*x11*x12/200000 - 137001*x11*x2/10000 - 64219*x11*x3/5000 - 44919*x11*x4/1250 - 69289*x11*x5/25000 - 13321*x11*x6/1000 + 145137*x11*x7/50000 + 86587*x11*x8/2500 - 6139*x11*x9/10000 - 707*x11/500 + 280859*x12**2/500000 + 115701*x12*x2/100000 + 191721*x12*x3/100000 + 254593*x12*x4/10000000 + 112937*x12*x5/5000000 + 8308*x12*x6/3125 - 395903*x12*x7/1000000 + 683879*x12*x8/10000000 - 2429*x12*x9/10000 - 2007*x12/10000 + 62881*x2**2/125 + 391143*x2*x3/5000 + 100481*x2*x4/10000 + 45813*x2*x5/250 + 757417*x2*x6/10000 - 18453*x2*x7/100 - 194113*x2*x8/20000 + 21*x2*x9/8 + 861*x2/250 + 695387*x3**2/10000 + 827247*x3*x4/100000 + 7521*x3*x5/500 + 34213*x3*x6/250 - 26749*x3*x7/2000 - 753967*x3*x8/100000 + 3943*x3*x9/5000 + 29*x3/10 + 1287*x4**2/100 + 46361*x4*x5/25000 + 837201*x4*x6/100000 - 9551*x4*x7/5000 - 48409*x4*x8/2000 + 1631*x4*x9/10000 + 31*x4/25 + 85571*x5**2/5000 + 74543*x5*x6/5000 - 84217*x5*x7/2500 - 52399*x5*x8/25000 + 729*x5*x9/2000 + 4057*x5/10000 + 685211*x6**2/10000 - 16553*x6*x7/1250 - 408531*x6*x8/50000 + 1427*x6*x9/2500 + 997*x6/500 + 17219*x7**2/1000 + 212259*x7*x8/100000 - 2459*x7*x9/5000 - 859*x7/2500 + 59137*x8**2/5000 - 713*x8*x9/1250 - 919*x8/2000 + 1103*x9**2/1250 - 83*x9/200 + 7071/10000",
    "Q": "[[0.7067220118651362, -0.2065352995671394, -0.23006212457491906, -0.17129308911567395, 0.9964724785097562, 0.20196744796831143, 0.6209399978000975, 1.4503143426029046, 1.7208909433896111, -0.0999117924821867, -0.7057466064097891, 0.3914316255517792, 2.229833323025021], [-0.2065352995671394, 0.8829894396027498, -0.28642561340256567, -0.24604142467680465, 0.2870379441610631, 0.18246645863662825, 0.0818704141801188, 0.3961720586563393, 1.3158550288421038, -0.12265792893758994, -0.3089863200792835, 0.36042656697675607, 1.1199797295376457], [-0.23006212457491906, -0.28642561340256567, 11.851554840358022, 1.0800852995428605, -4.077221343558128, -1.0385316779295706, -12.11208975929945, -3.7851196612330362, -4.869246137703925, 0.015934781190190487, 17.309462306017345, -1.7082755121465845, -64.26034402133016], [-0.17129308911567395, -0.24604142467680465, 1.0800852995428605, 17.310259704914284, -6.624487960899362, -16.91782816648965, -1.0060575407931691, -6.748887852633443, -92.50640219171095, -0.22666305566748896, 1.472991043656602, -24.69468360485887, -5.947639843385614], [0.9964724785097562, 0.2870379441610631, -4.077221343558128, -6.624487960899362, 68.50005156743569, 7.422637881125205, 4.179831909035514, 68.43041877773543, 37.75957607141364, 1.3307877867656057, -6.624586271300784, 10.483279362811643, 23.060311682289765], [0.20196744796831143, 0.18246645863662825, -1.0385316779295706, -16.91782816648965, 7.422637881125205, 17.172561353181813, 0.9485008651462926, 7.547989808535642, 91.7850693900735, 0.03850973958624636, -1.3655515944009184, 24.768159526855978, 5.632102014120007], [0.6209399978000975, 0.0818704141801188, -12.11208975929945, -1.0060575407931691, 4.179831909035514, 0.9485008651462926, 12.863517854482996, 4.154606396887194, 5.215376690407219, 0.03229541827199261, -17.93403937865388, 1.7748056096134794, 66.74558904766405], [1.4503143426029046, 0.3961720586563393, -3.7851196612330362, -6.748887852633443, 68.43041877773543, 7.547989808535642, 4.154606396887194, 69.56431451942099, 39.32454118331104, 0.9601873663954603, -6.421279539195203, 10.643280357803343, 22.884875270444894], [1.7208909433896111, 1.3158550288421038, -4.869246137703925, -92.50640219171095, 37.75957607141364, 91.7850693900735, 5.215376690407219, 39.32454118331104, 503.0497609522673, 0.7251662535406634, -6.846461426809825, 134.80938649763226, 29.43781900449213], [-0.0999117924821867, -0.12265792893758994, 0.015934781190190487, -0.22666305566748896, 1.3307877867656057, 0.03850973958624636, 0.03229541827199261, 0.9601873663954603, 0.7251662535406634, 0.5621967029258573, 0.07876130940153757, 0.08915450696214283, 0.26830056517733647], [-0.7057466064097891, -0.3089863200792835, 17.309462306017345, 1.472991043656602, -6.624586271300784, -1.3655515944009184, -17.93403937865388, -6.421279539195203, -6.846461426809825, 0.07876130940153757, 25.72662643649721, -2.3439703854858247, -94.87818731155345], [0.3914316255517792, 0.36042656697675607, -1.7082755121465845, -24.69468360485887, 10.483279362811643, 24.768159526855978, 1.7748056096134794, 10.643280357803343, 134.80938649763226, 0.08915450696214283, -2.3439703854858247, 36.421821295293256, 9.588997032033621], [2.229833323025021, 1.1199797295376457, -64.26034402133016, -5.947639843385614, 23.060311682289765, 5.632102014120007, 66.74558904766405, 22.884875270444894, 29.43781900449213, 0.26830056517733647, -94.87818731155345, 9.588997032033621, 354.1038642086097]]",
    "monomial_list": "[1, x9, x8, x7, x6, x5, x4, x3, x2, x12, x11, x10, x1]"
}