{
    "name": "Multiplier-8",
    "rational_expression": "387227*x1**2/1000 + 91491*x1*x10/25000 - 206269*x1*x11/1000 - 32971*x1*x12/62500 + 667*x1*x2/625 + 259923*x1*x3/10000 + 36029*x1*x4/250 + 116917*x1*x5/200000 + 131257*x1*x6/5000 - 18187*x1*x7/12500 - 70673*x1*x8/500 + 3069*x1*x9/1000 + 7063*x1/10000 + 76969*x10**2/2000 - 334573*x10*x11/1000000 - 49451*x10*x12/250000 + 282837*x10*x2/1000 + 170009*x10*x3/10000 + 375393*x10*x4/500000 + 103711*x10*x5/2000 + 8347*x10*x6/500 - 518109*x10*x7/10000 - 62277*x10*x8/125000 + 2809*x10*x9/5000 + 9139*x10/10000 + 284107*x11**2/10000 + 442*x11*x12/625 + 123727*x11*x2/50000 - 9099*x11*x3/1250 - 385131*x11*x4/10000 + 37899*x11*x5/250000 - 764629*x11*x6/100000 + 6499*x11*x7/500000 + 75537*x11*x8/2000 - 7289*x11*x9/10000 - 1191*x11/500 + 115673*x12**2/100000 + 139373*x12*x2/100000 + 875507*x12*x3/1000000 - 53587*x12*x4/500000 - 432411*x12*x5/10000000 + 88049*x12*x6/50000 - 152731*x12*x7/250000 + 410813*x12*x8/1000000 - 6193*x12*x9/10000 - 1251*x12/20000 + 65964*x2**2/125 + 8031*x2*x3/125 - 16861*x2*x4/62500 + 7677*x2*x5/40 + 60437*x2*x6/1000 - 194553*x2*x7/1000 + 70167*x2*x8/50000 + 719*x2*x9/250 + 2167*x2/500 + 504527*x3**2/10000 + 240427*x3*x4/50000 + 60651*x3*x5/5000 + 97861*x3*x6/1000 - 5551*x3*x7/500 - 195339*x3*x8/50000 + 5209*x3*x9/10000 + 1551*x3/500 + 139501*x4**2/10000 - 2311*x4*x5/20000 + 481669*x4*x6/100000 - 110703*x4*x7/2500000 - 262441*x4*x8/10000 + 497*x4*x9/2500 + 1731*x4/2000 + 18143*x5**2/1000 + 117379*x5*x6/10000 - 44349*x5*x7/1250 - 78*x5*x8/625 + 659*x5*x9/2000 + 5959*x5/10000 + 9809*x6**2/200 - 108249*x6*x7/10000 - 91067*x6*x8/20000 + 2731*x6*x9/10000 + 27*x6/20 + 92591*x7**2/5000 + 187257*x7*x8/1000000 - 7549*x7*x9/10000 - 1107*x7/5000 + 67603*x8**2/5000 - 639*x8*x9/1000 + 1177*x8/2500 + 7071*x9**2/10000 - 5469*x9/10000 + 1731/500",
    "Q": "[[3.4621578319012407, -0.2748442206357363, 0.23477376568965078, -0.11123048598154861, 0.674340297009134, 0.29897151850338755, 0.43386297054136236, 1.551043274292097, 2.168445283821711, -0.03236777049795089, -1.1901386459969294, 0.457867134616451, 0.3541918781835683], [-0.2748442206357363, 0.7065544578290621, -0.31904571903582846, -0.3777691370132833, 0.1363460545287235, 0.16460270062549046, 0.09892053447598455, 0.2589894609501668, 1.4359475026290776, -0.30914289290178126, -0.3636252586412367, 0.28070342465103254, 1.5335728974547136], [0.23477376568965078, -0.31904571903582846, 13.486508495147628, 0.11303376662284559, -2.3098821013842192, -0.09366079629198813, -13.094779008923576, -1.95016332383464, 0.7058991050887603, 0.17501164571143313, 18.87910146604221, -0.2360011899977213, -70.58322092346242], [-0.11123048598154861, -0.3777691370132833, 0.11303376662284559, 18.451609572988367, -5.403499970825212, -17.69380258219825, -0.040457043907808195, -5.567088406237194, -97.10117200389888, -0.2664112749429936, 0.0769723664691519, -25.833995346934454, -0.8616617108699248], [0.674340297009134, 0.1363460545287235, -2.3098821013842192, -5.403499970825212, 49.054988302880126, 5.867702517750621, 2.461252275029432, 48.960459612965415, 30.201773755547304, 0.8705041115689652, -3.889926679419553, 8.327832537655466, 13.343697525862012], [0.29897151850338755, 0.16460270062549046, -0.09366079629198813, -17.69380258219825, 5.867702517750621, 18.120111991329818, -0.02805508847404556, 6.087381348308931, 95.89357544518346, -0.05959937511414038, -0.009337289118397816, 25.8864132443605, 0.4878868245840651], [0.43386297054136236, 0.09892053447598455, -13.094779008923576, -0.040457043907808195, 2.461252275029432, -0.02805508847404556, 13.931813357446245, 2.4222021230703423, -0.14216457540605046, -0.024052187103559833, -19.26293796794906, 0.36123671211029074, 72.00587071287259], [1.551043274292097, 0.2589894609501668, -1.95016332383464, -5.567088406237194, 48.960459612965415, 6.087381348308931, 2.4222021230703423, 50.50618793870803, 32.24292327928129, 0.42862732128627035, -3.654093645854193, 8.517419175968865, 13.02178505414304], [2.168445283821711, 1.4359475026290776, 0.7058991050887603, -97.10117200389888, 30.201773755547304, 95.89357544518346, -0.14216457540605046, 32.24292327928129, 527.7153194984592, 0.49170841403166304, 1.021762319040197, 141.28382800839242, 0.679616169802072], [-0.03236777049795089, -0.30914289290178126, 0.17501164571143313, -0.2664112749429936, 0.8705041115689652, -0.05959937511414038, -0.024052187103559833, 0.42862732128627035, 0.49170841403166304, 1.1546360270049618, 0.31058414183252114, -0.15383070548006283, -0.10696196559455136], [-1.1901386459969294, -0.3636252586412367, 18.87910146604221, 0.0769723664691519, -3.889926679419553, -0.009337289118397816, -19.26293796794906, -3.654093645854193, 1.021762319040197, 0.31058414183252114, 28.466429838716323, -0.20908823332171672, -103.23836018549606], [0.457867134616451, 0.28070342465103254, -0.2360011899977213, -25.833995346934454, 8.327832537655466, 25.8864132443605, 0.36123671211029074, 8.517419175968865, 141.28382800839242, -0.15383070548006283, -0.20908823332171672, 38.410322808826464, 1.8060065709617263], [0.3541918781835683, 1.5335728974547136, -70.58322092346242, -0.8616617108699248, 13.343697525862012, 0.4878868245840651, 72.00587071287259, 13.02178505414304, 0.679616169802072, -0.10696196559455136, -103.23836018549606, 1.8060065709617263, 387.2300982482884]]",
    "monomial_list": "[1, x9, x8, x7, x6, x5, x4, x3, x2, x12, x11, x10, x1]"
}