{
    "name": "Total Decomposition",
    "rational_expression": "4619*x1**4/10000 + 5193*x1**3*x2/10000 - 569*x1**3/500 + 1679*x1**2*x2**2/1000 - 153*x1**2*x2/100 + 171*x1**2/40 - 1059*x1*x2**3/100000 - 343*x1*x2**2/250 - 983*x1*x2/5000 - 799*x1/5000 + 691*x2**4/500 - 1463*x2**3/1000 + 4997*x2**2/1000 - 49*x2/40 + 2663/500",
    "Q": "[[5.326263850702868, -0.6118092895775078, -0.08190874193492484, 1.0250282725794857, -0.09366452381565257, 0.35397146044620165], [-0.6118092895775078, 2.9512052748051727, -0.0010362974317812137, -0.7323717741392121, -0.3969121137829791, -0.11775571510089088], [-0.08190874193492484, -0.0010362974317812137, 3.5713902484454705, -0.28783279494794645, -0.6475634227336287, -0.568365127428908], [1.0250282725794857, -0.7323717741392121, -0.28783279494794645, 1.3836921012072423, -0.005323674093046825, 0.07773225466257408], [-0.09366452381565257, -0.3969121137829791, -0.6475634227336287, -0.005323674093046825, 1.5227046707916587, 0.2601794760234937], [0.35397146044620165, -0.11775571510089088, -0.568365127428908, 0.07773225466257408, 0.2601794760234937, 0.4618401778153782]]",
    "monomial_list": "[1, x2, x1, x2**2, x1*x2, x1**2]"
}