{
    "name": "Total Decomposition",
    "rational_expression": "4737*x1**4/10000 + 6807*x1**3*x2/10000 - 301*x1**3/250 + 511*x1**2*x2**2/250 - 1579*x1**2*x2/1000 + 49*x1**2/10 + 3599*x1*x2**3/50000 - 369*x1*x2**2/250 - 1913*x1*x2/10000 - 1351*x1/10000 + 13*x2**4/8 - 153*x2**3/100 + 2859*x2**2/500 - 7*x2/5 + 6139/1000",
    "Q": "[[6.138790331945795, -0.700069141787681, -0.06611391019901648, 1.234551881664956, -0.04287966071457502, 0.3655477642190697], [-0.700069141787681, 3.249582613307224, -0.05170979347256856, -0.7658292264042992, -0.42085578119619266, -0.09889773416385565], [-0.06611391019901648, -0.05170979347256856, 4.1623515918654155, -0.31576138614506466, -0.6890087355057357, -0.6016377996607403], [1.234551881664956, -0.7658292264042992, -0.31576138614506466, 1.6249425171250687, 0.035902339741962774, 0.1009044857348333], [-0.04287966071457502, -0.42085578119619266, -0.6890087355057357, 0.035902339741962774, 1.8415431799052528, 0.34041943824142], [0.3655477642190697, -0.09889773416385565, -0.6016377996607403, 0.1009044857348333, 0.34041943824142, 0.47300429099829755]]",
    "monomial_list": "[1, x2, x1, x2**2, x1*x2, x1**2]"
}