{
    "name": "Total Decomposition",
    "rational_expression": "30221*x1**4/10000 + 1681*x1**3*x2/1000 + 79799*x1**3/10000 + 6269*x1**2*x2**2/1000 + 12237*x1**2*x2/2500 - 86983*x1**2/100000 + 23117*x1*x2**3/25000 + 2789*x1*x2**2/250 - 18457*x1*x2/10000 - 20231*x1/10000 + 57583*x2**4/10000 - 7443*x2**3/5000 + 3811*x2**2/250 - 3031*x2/100 + 22487/1000",
    "Q": "[ 2.25e+01 -1.52e+01 -1.01e+00 -7.98e-01 -1.82e+00 -4.62e+00]\n[-1.52e+01  1.68e+01  9.04e-01 -7.34e-01  3.73e+00  3.20e+00]\n[-1.01e+00  9.04e-01  8.40e+00  1.85e+00 -7.56e-01  3.99e+00]\n[-7.98e-01 -7.34e-01  1.85e+00  5.76e+00  4.64e-01  8.26e-01]\n[-1.82e+00  3.73e+00 -7.56e-01  4.64e-01  4.63e+00  8.39e-01]\n[-4.62e+00  3.20e+00  3.99e+00  8.26e-01  8.39e-01  3.02e+00]",
    "monomial_list": "[1, x2, x1, x2**2, x1*x2, x1**2]"
}