{
    "name": "Total Decomposition",
    "rational_expression": "5847*x1**4/2000 + 2089*x1**3*x2/2000 + 35729*x1**3/5000 + 55511*x1**2*x2**2/10000 + 9521*x1**2*x2/2500 - 4647*x1**2/2500 + 38529*x1*x2**3/100000 + 46953*x1*x2**2/5000 - 3909*x1*x2/2000 - 6361*x1/2500 + 6071*x2**4/1250 - 10147*x2**3/10000 + 2789*x2**2/250 - 21741*x2/1000 + 17907/1000",
    "Q": "[[17.906750011880984, -10.876506415929901, -1.2727670942912113, -0.5299627744178296, -1.656218572403744, -4.406308224134817], [-10.876506415929901, 12.237570964415639, 0.671441839082695, -0.508853360933343, 3.241199656271881, 2.561032370061162], [-1.2727670942912113, 0.671441839082695, 6.951780577036624, 1.4567749942200037, -0.6586480940619444, 3.5719616744213014], [-0.5299627744178296, -0.508853360933343, 1.4567749942200037, 4.854165632864643, 0.19203907100324813, 0.659982821840046], [-1.656218572403744, 3.241199656271881, -0.6586480940619444, 0.19203907100324813, 4.228717093448623, 0.5223884681788714], [-4.406308224134817, 2.561032370061162, 3.5719616744213014, 0.659982821840046, 0.5223884681788714, 2.9231151023935777]]",
    "monomial_list": "[1, x2, x1, x2**2, x1*x2, x1**2]"
}