{
    "name": "Total Decomposition",
    "rational_expression": "30013*x1**4/1000 + 27673*x1**3*x2/10000 - 2519*x1**3/100 + 54637*x1**2*x2**2/1000 - 1577*x1**2*x2/125 + 16131*x1**2/5000 + 13979*x1*x2**3/5000 - 97*x1*x2**2/5 - 5243*x1*x2/200 - 6281*x1/200 + 6147*x2**4/250 - 25989*x2**3/10000 + 231*x2**2/8 - 1509*x2/625 + 7549/250",
    "Q": "[ 3.02e+01 -1.21e+00 -1.57e+01 -2.01e+00 -9.33e+00 -1.40e+01]\n[-1.21e+00  3.29e+01 -3.76e+00 -1.30e+00 -5.09e+00 -3.67e+00]\n[-1.57e+01 -3.76e+00  3.12e+01 -4.62e+00 -2.63e+00 -1.26e+01]\n[-2.01e+00 -1.30e+00 -4.62e+00  2.46e+01  1.39e+00  5.24e+00]\n[-9.33e+00 -5.09e+00 -2.63e+00  1.39e+00  4.41e+01  1.39e+00]\n[-1.40e+01 -3.67e+00 -1.26e+01  5.24e+00  1.39e+00  3.00e+01]",
    "monomial_list": "[1, x2, x1, x2**2, x1*x2, x1**2]"
}