{
    "name": "Multiplier-11",
    "rational_expression": "11057*x1**2/1000 + 773*x1*x10/4000 - 6847*x1*x11/500000 + 43251*x1*x12/1000000 + 20267*x1*x13/500000 + 11797*x1*x14/1250000 + 18953*x1*x15/200000 + 38309*x1*x16/1000000 + 41291*x1*x17/1000000 + 10971*x1*x2/250000 + 1967*x1*x3/50000 + 23899*x1*x4/250000 + 2843*x1*x5/200000 + 59557*x1*x6/1000000 + 43031*x1*x7/1000000 + 6703*x1*x8/100000 + 19591*x1*x9/500000 - 23621*x1/25000 + 11177*x10**2/1000 - 31657*x10*x11/1000000 + 78493*x10*x12/1000000 + 25909*x10*x13/500000 - 15481*x10*x14/2500000 + 11261*x10*x15/100000 + 6051*x10*x16/125000 + 10629*x10*x17/200000 + 57603*x10*x2/1000000 + 13941*x10*x3/500000 + 428*x10*x4/3125 + 8173*x10*x5/5000000 + 3*x10*x6/64 + 56113*x10*x7/1000000 + 81343*x10*x8/1000000 + 1109*x10*x9/40000 - 15409*x10/10000 + 7069*x11**2/500 - 9249*x11*x12/50000 - 17081*x11*x13/100000 - 19423*x11*x14/100000 - 889*x11*x15/6250 - 3499*x11*x16/20000 - 8381*x11*x17/50000 - 15797*x11*x2/100000 - 1723*x11*x3/10000 - 3451*x11*x4/25000 - 10097*x11*x5/50000 - 1247*x11*x6/6250 - 8051*x11*x7/50000 - 8871*x11*x8/50000 - 17123*x11*x9/100000 - 27083*x11/10000 + 5509*x12**2/500 + 1057*x12*x13/100000 + 27773*x12*x14/1000000 + 2427*x12*x15/62500 + 15777*x12*x16/500000 + 16609*x12*x17/500000 + 4353*x12*x2/125000 + 24727*x12*x3/2500000 + 39263*x12*x4/1000000 + 3801*x12*x5/125000 + 5493*x12*x6/625000 + 34253*x12*x7/1000000 + 8823*x12*x8/250000 + 16007*x12*x9/500000 - 54673*x12/100000 + 11013*x13**2/1000 + 11879*x13*x14/2500000 + 58859*x13*x15/1000000 + 15127*x13*x16/500000 + 31759*x13*x17/1000000 + 5433*x13*x2/500000 + 3843*x13*x3/125000 + 37031*x13*x4/1000000 + 713*x13*x5/100000 + 2979*x13*x6/100000 + 16309*x13*x7/500000 + 6703*x13*x8/200000 + 1227*x13*x9/40000 - 23621*x13/50000 + 1377*x14**2/125 - 14071*x14*x15/1000000 + 48693*x14*x16/1000000 + 50379*x14*x17/10000000 + 13993*x14*x2/500000 + 4457*x14*x3/1000000 - 2773*x14*x4/200000 + 6013*x14*x5/125000 + 1599*x14*x6/400000 + 13839*x14*x7/500000 + 59657*x14*x8/10000000 + 26647*x14*x9/1000000 - 3109*x14/12500 + 11049*x15**2/1000 + 2549*x15*x16/200000 + 7431*x15*x17/125000 + 9833*x15*x2/250000 + 17847*x15*x3/500000 + 16947*x15*x4/250000 + 1123*x15*x5/100000 + 8543*x15*x6/250000 + 38647*x15*x7/1000000 + 62267*x15*x8/1000000 + 1779*x15*x9/50000 - 74541*x15/100000 + 5507*x16**2/500 + 85149*x16*x17/10000000 + 7989*x16*x2/250000 + 76067*x16*x3/10000000 + 13127*x16*x4/1000000 + 28547*x16*x5/1000000 + 67759*x16*x6/10000000 + 31493*x16*x7/1000000 + 1013*x16*x8/100000 + 1191*x16*x9/40000 - 42237*x16/100000 + 5509*x17**2/500 + 11457*x17*x2/1000000 + 15591*x17*x3/500000 + 37767*x17*x4/1000000 + 29661*x17*x5/1000000 + 30169*x17*x6/1000000 + 33151*x17*x7/1000000 + 8527*x17*x8/250000 + 31113*x17*x9/1000000 - 49669*x17/100000 + 1377*x2**2/125 - 11223*x2*x3/1000000 + 2213*x2*x4/125000 + 30787*x2*x5/1000000 - 1543*x2*x6/125000 + 34787*x2*x7/1000000 + 343*x2*x8/25000 + 2029*x2*x9/62500 - 7147*x2/12500 + 11011*x3**2/1000 + 9051*x3*x4/250000 + 33531*x3*x5/5000000 + 5873*x3*x6/200000 + 24671*x3*x7/2500000 + 32923*x3*x8/1000000 + 80569*x3*x9/10000000 - 2237*x3/5000 + 553*x4**2/50 - 10567*x4*x5/1000000 + 56761*x4*x6/1000000 + 4899*x4*x7/125000 + 3143*x4*x8/50000 + 36031*x4*x9/1000000 - 77043*x4/100000 + 11007*x5**2/1000 + 59821*x5*x6/10000000 + 30403*x5*x7/1000000 + 5591*x5*x8/625000 + 14437*x5*x9/500000 - 3727*x5/10000 + 5509*x6**2/500 + 5493*x6*x7/625000 + 15857*x6*x8/500000 + 7331*x6*x9/250000 - 7947*x6/20000 + 11019*x7**2/1000 + 8823*x7*x8/250000 + 16007*x7*x9/500000 - 54673*x7/100000 + 11023*x8**2/1000 + 2147*x8*x9/200000 - 29801*x8/50000 + 1101*x9**2/100 - 2237*x9/5000 + 1553/125",
    "Q": "[[12.424063969659969, -0.2244284182532631, -0.2928180527809579, -0.2672247817685614, -0.19284112098640724, -0.18474166587336116, -0.3878472760095813, -0.22908985752718222, -0.28256416480792274, -0.24684941414613565, -0.2132078152179573, -0.3698960081862863, -0.12370742972244833, -0.2349860160486909, -0.2745195832361806, -1.3587175505033555, -0.7732272264057518, -0.46848442215727365], [-0.2244284182532631, 11.010295053054362, 0.008260055642018729, 0.016776108084553387, 0.009508923525221208, 0.011363475512056893, 0.012780455700475032, 0.00874335593017804, 0.012845021290315256, 0.014374802355561577, 0.01219695189840193, 0.017171371664547404, 0.014453177062105804, 0.013630932523212794, 0.011090919657900817, -0.08947196734954481, 0.018925580437162498, 0.017324988867154896], [-0.2928180527809579, 0.008260055642018729, 11.022619032112935, 0.01495754296789273, 0.018053520611583673, 0.008132267497277178, 0.02732777899156254, 0.015136826523930131, 0.0070994635808386344, 0.018037169541734708, 0.009665895985589914, 0.0265533157167366, 0.004954377408708024, 0.013505658197727815, 0.014793914939502306, -0.08526623322685287, 0.04014523678113527, 0.030634031463829568], [-0.2672247817685614, 0.016776108084553387, 0.01495754296789273, 11.018881081813078, 0.006019968018091023, 0.014309986287754211, 0.015946933694075117, 0.009863571536436891, 0.01834121319219483, 0.01562650048345447, 0.017020957856187204, 0.022533430353766412, 0.016033006665638578, 0.015030198290154622, 0.01694884100548305, -0.08393703667775414, 0.029286051438918357, 0.022015051067850764], [-0.19284112098640724, 0.009508923525221208, 0.018053520611583673, 0.006019968018091023, 11.018127801300647, 0.0038909926637164883, 0.03133447157750488, 0.016385313164566363, -0.0017347155993511494, 0.018992515845301934, 0.003044491659524342, 0.021848715131684508, -0.0005025191688342387, 0.014025196704498947, 0.007147103767225, -0.10468229178776105, 0.024680222120732852, 0.024229875870221917], [-0.18474166587336116, 0.011363475512056893, 0.008132267497277178, 0.014309986287754211, 0.0038909926637164883, 11.006430604849982, -0.005332023252867761, 0.0062083859296525, 0.011538462563848276, 0.01066380045315114, 0.013029147965805786, 0.008542097295513378, 0.021198750772948704, 0.008813046246650117, 0.01253127760071678, -0.09669162276918428, 0.0033684367647772062, 0.005652927901704916], [-0.3878472760095813, 0.012780455700475032, 0.02732777899156254, 0.015946933694075117, 0.03133447157750488, -0.005332023252867761, 11.059968367124975, 0.018865720591882, 0.008456109451852637, 0.0230751719377825, 0.007742288227213412, 0.03830294420798555, -0.006935973708740931, 0.019524524743424983, 0.01684913311934562, -0.07335421320258155, 0.07187446184851577, 0.05068397661707094], [-0.22908985752718222, 0.00874335593017804, 0.015136826523930131, 0.009863571536436891, 0.016385313164566363, 0.0062083859296525, 0.018865720591882, 11.010996571235989, -0.0021402800384102685, 0.01683204513225758, 0.0037943589634254577, 0.022514871551104106, 0.0019269153690381598, 0.011599172735852798, 0.0064632744719220975, -0.08320157567557879, 0.018928575476736816, 0.0249857092010465], [-0.28256416480792274, 0.012845021290315256, 0.0070994635808386344, 0.01834121319219483, -0.0017347155993511494, 0.011538462563848276, 0.008456109451852637, -0.0021402800384102685, 11.015842189620516, 0.008164820541918747, 0.015678670684517265, 0.014617205481593988, 0.016152244981197203, 0.009043142188986972, 0.01180042719695547, -0.08164152274065159, 0.030130489653133082, 0.020593861132073354], [-0.24684941414613565, 0.014374802355561577, 0.018037169541734708, 0.01562650048345447, 0.018992515845301934, 0.01066380045315114, 0.0230751719377825, 0.01683204513225758, 0.008164820541918747, 11.017833136030461, 0.004787394642653099, 0.027463746148633273, 0.004931545229614725, 0.015560010032611253, 0.012775608875293868, -0.08890342656208561, 0.026549659626201216, 0.02519669814655784], [-0.2132078152179573, 0.01219695189840193, 0.009665895985589914, 0.017020957856187204, 0.003044491659524342, 0.013029147965805786, 0.007742288227213412, 0.0037943589634254577, 0.015678670684517265, 0.004787394642653099, 11.013323255606528, 0.010786030349838951, 0.021518421978592425, 0.01137496848905756, 0.012672215611807333, -0.09216157876968044, 0.02069659126361056, 0.014221966157158147], [-0.3698960081862863, 0.017171371664547404, 0.0265533157167366, 0.022533430353766412, 0.021848715131684508, 0.008542097295513378, 0.03830294420798555, 0.022514871551104106, 0.014617205481593988, 0.027463746148633273, 0.010786030349838951, 11.049023071857835, -0.005332876985426317, 0.024080463147743522, 0.01480182770587294, -0.06714249471068892, 0.056402715540555315, 0.04257536602640697], [-0.12370742972244833, 0.014453177062105804, 0.004954377408708024, 0.016033006665638578, -0.0005025191688342387, 0.021198750772948704, -0.006935973708740931, 0.0019269153690381598, 0.016152244981197203, 0.004931545229614725, 0.021518421978592425, -0.005332876985426317, 11.016056105608213, 0.00567719711430307, 0.017347067111379712, -0.10248348950645475, -0.002341346052293649, 0.0026599836849693216], [-0.2349860160486909, 0.013630932523212794, 0.013505658197727815, 0.015030198290154622, 0.014025196704498947, 0.008813046246650117, 0.019524524743424983, 0.011599172735852798, 0.009043142188986972, 0.015560010032611253, 0.01137496848905756, 0.024080463147743522, 0.00567719711430307, 11.01283740696646, 0.0053469520510757195, -0.08792810366336512, 0.02229709366549188, 0.021757533938903017], [-0.2745195832361806, 0.011090919657900817, 0.014793914939502306, 0.01694884100548305, 0.007147103767225, 0.01253127760071678, 0.01684913311934562, 0.0064632744719220975, 0.01180042719695547, 0.012775608875293868, 0.012672215611807333, 0.01480182770587294, 0.017347067111379712, 0.0053469520510757195, 11.017870770667159, -0.08791277339586157, 0.036774278370521524, 0.024604290694262808], [-1.3587175505033555, -0.08947196734954481, -0.08526623322685287, -0.08393703667775414, -0.10468229178776105, -0.09669162276918428, -0.07335421320258155, -0.08320157567557879, -0.08164152274065159, -0.08890342656208561, -0.09216157876968044, -0.06714249471068892, -0.10248348950645475, -0.08792810366336512, -0.08791277339586157, 14.138866066523782, -0.014327506578082511, -0.0020298998657426034], [-0.7732272264057518, 0.018925580437162498, 0.04014523678113527, 0.029286051438918357, 0.024680222120732852, 0.0033684367647772062, 0.07187446184851577, 0.018928575476736816, 0.030130489653133082, 0.026549659626201216, 0.02069659126361056, 0.056402715540555315, -0.002341346052293649, 0.02229709366549188, 0.036774278370521524, -0.014327506578082511, 11.177029338694096, 0.09244770707843987], [-0.46848442215727365, 0.017324988867154896, 0.030634031463829568, 0.022015051067850764, 0.024229875870221917, 0.005652927901704916, 0.05068397661707094, 0.0249857092010465, 0.020593861132073354, 0.02519669814655784, 0.014221966157158147, 0.04257536602640697, 0.0026599836849693216, 0.021757533938903017, 0.024604290694262808, -0.0020298998657426034, 0.09244770707843987, 11.056852111075765]]",
    "monomial_list": "[1, x9, x8, x7, x6, x5, x4, x3, x2, x17, x16, x15, x14, x13, x12, x11, x10, x1]"
}