{
    "name": "Multiplier-4",
    "rational_expression": "109802199222031*x1**2/10000000000000 + 897987075150013*x1*x10/10000000000000000 + 9513*x1*x11/1250000 + 49833*x1*x12/1000000 + 13991*x1*x13/500000 + 537*x1*x14/50000 + 24197*x1*x15/500000 + 464*x1*x16/15625 + 49219*x1*x17/1000000 + 1451*x1*x2/50000 + 3121*x1*x3/62500 - 3031*x1*x4/31250 + 2761*x1*x5/312500 + 11129*x1*x6/250000 + 441*x1*x7/15625 + 5859*x1*x8/125000 + 27893*x1*x9/1000000 - 4083*x1/25000 + 27503447840827*x10**2/2500000000000 - 22179*x10*x11/500000 + 11199*x10*x12/250000 + 1137*x10*x13/50000 - 23167*x10*x14/1000000 + 1044*x10*x15/15625 + 21823*x10*x16/1000000 + 11377*x10*x17/500000 + 2189*x10*x2/100000 + 31059*x10*x3/100000000 - 5801*x10*x4/25000 - 2431*x10*x5/100000 + 4109*x10*x6/62500 + 10183*x10*x7/500000 + 21691*x10*x8/500000 + 1013*x10*x9/50000 + 10999*x10/200000 + 5521*x11**2/500 + 73167*x11*x12/1000000 + 74209*x11*x13/1000000 + 17241*x11*x14/100000 + 63619*x11*x15/1000000 + 10761*x11*x16/100000 + 34777*x11*x17/500000 + 2067*x11*x2/25000 + 19183*x11*x3/200000 - 94137*x11*x4/1000000 + 6001*x11*x5/50000 + 931*x11*x6/40000 + 10249*x11*x7/100000 + 3833*x11*x8/100000 + 10119*x11*x9/100000 - 10099*x11/10000 + 11003*x12**2/1000 + 2179*x12*x13/50000 + 5493*x12*x14/50000 + 3621*x12*x15/100000 + 37087*x12*x16/500000 + 62481*x12*x17/1000000 + 4483*x12*x2/62500 + 43817*x12*x3/1000000 - 12471*x12*x4/100000 + 82407*x12*x5/1000000 + 22983*x12*x6/1000000 + 17543*x12*x7/250000 + 55637*x12*x8/1000000 + 69209*x12*x9/1000000 - 70993*x12/100000 + 11009*x13**2/1000 + 44927*x13*x14/500000 + 58913*x13*x15/1000000 + 37619*x13*x16/500000 + 63221*x13*x17/1000000 + 36359*x13*x2/500000 + 33383*x13*x3/500000 - 3053*x13*x4/25000 + 16773*x13*x5/200000 + 45121*x13*x6/1000000 + 35581*x13*x7/500000 + 56079*x13*x8/1000000 + 70147*x13*x9/1000000 - 73743*x13/100000 + 11139*x14**2/1000 + 29053*x14*x15/1000000 + 546*x14*x16/3125 + 20691*x14*x17/250000 + 7389*x14*x2/50000 + 9051*x14*x3/100000 - 67923*x14*x4/10000000 + 10827*x14*x5/50000 + 4423*x14*x6/2500000 + 3651*x14*x7/25000 + 47519*x14*x8/1000000 + 2883*x14*x9/20000 - 1979*x14/1250 + 11*x15**2 + 42249*x15*x16/1000000 + 78327*x15*x17/1000000 + 40637*x15*x2/1000000 + 59079*x15*x3/1000000 - 15009*x15*x4/100000 + 47139*x15*x5/1000000 + 22427*x15*x6/500000 + 61319*x15*x7/1000000 + 10341*x15*x8/200000 + 6059*x15*x9/100000 - 11603*x15/25000 + 5523*x16**2/500 + 2431*x16*x17/50000 + 10623*x16*x2/100000 + 53851*x16*x3/1000000 - 44207*x16*x4/500000 + 7293*x16*x5/50000 + 12171*x16*x6/10000000 + 10447*x16*x7/100000 + 7843*x16*x8/200000 + 1289*x16*x9/12500 - 10649*x16/10000 + 11003*x17**2/1000 + 23307*x17*x2/500000 + 1593*x17*x3/25000 - 13337*x17*x4/100000 + 15617*x17*x5/200000 + 9003*x17*x6/200000 + 6723*x17*x7/100000 + 10867*x17*x8/200000 + 13269*x17*x9/200000 - 62827*x17/100000 + 11027*x2**2/1000 + 7341*x2*x3/250000 - 302*x2*x4/3125 + 11857*x2*x5/100000 + 11373*x2*x6/10000000 + 2031*x2*x7/20000 + 37913*x2*x8/1000000 + 401*x2*x9/4000 - 24581*x2/25000 + 11009*x3**2/1000 - 11929*x3*x4/100000 + 85323*x3*x5/1000000 + 11287*x3*x6/250000 + 72151*x3*x7/1000000 + 28261*x3*x8/500000 + 2223*x3*x9/31250 - 76493*x3/100000 + 7057*x4**2/500 - 15169*x4*x5/500000 - 23963*x4*x6/100000 - 19323*x4*x7/250000 - 4377*x4*x8/25000 - 10063*x4*x9/100000 - 14061*x4/5000 + 2217*x5**2/200 + 7949*x5*x6/5000000 + 5911*x5*x7/50000 + 45309*x5*x8/1000000 + 2329*x5*x9/20000 - 2893*x5/2000 + 5489*x6**2/500 + 11653*x6*x7/500000 + 2793*x6*x8/62500 + 5779*x6*x9/250000 - 3333*x6/125000 + 2207*x7**2/200 + 60033*x7*x8/1000000 + 401*x7*x9/4000 - 24581*x7/25000 + 5493*x8**2/500 + 37443*x8*x9/1000000 - 21831*x8/50000 + 11031*x9**2/1000 - 95491*x9/100000 + 3413/250",
    "Q": "[[13.652419282408163, -0.48109663692169735, -0.21333487391362888, -0.4913782753562368, -0.012612174893283527, -0.7186398852752224, -1.4032832338444505, -0.3784540476796342, -0.4961763599764714, -0.31653723750892326, -0.5286237370316159, -0.2340763897156623, -0.7870230063880292, -0.3634074606705289, -0.3490662785174567, -0.5110212014903782, 0.031962608727654905, -0.07678963761795109], [-0.48109663692169735, 11.030537291252738, 0.019943719573630763, 0.05188408495706016, 0.012825825182790775, 0.060962761099107185, -0.044444497723986204, 0.034722882885898594, 0.04514963898584447, 0.03649273289688996, 0.05001160720287575, 0.03014024664134801, 0.0747335056597306, 0.040112029562261, 0.03303301251543612, 0.05151259076608174, 0.007279411657275291, 0.0163269776162815], [-0.21333487391362888, 0.019943719573630763, 10.985060719552044, 0.02675450126522063, 0.025757701250556053, 0.025062538638678262, -0.08637868955483788, 0.02394541390598328, 0.016060002154928886, 0.026976739727957357, 0.023031301068444907, 0.028993266031702967, 0.02565348191849655, 0.023115690812710334, 0.023467036940393676, 0.023441266124328782, 0.026850751143868715, 0.023486572077049486], [-0.4913782753562368, 0.05188408495706016, 0.02675450126522063, 11.035245800840451, 0.008241643416576398, 0.06430535905294071, -0.043248609314440946, 0.03475092629171713, 0.050852804288679526, 0.03687974034199939, 0.05547264944791222, 0.0342939003404382, 0.07671179596197569, 0.0407183368580155, 0.03921977675182686, 0.050939407280807925, 0.013795233247954206, 0.018414105258008732], [-0.012612174893283527, 0.012825825182790775, 0.025757701250556053, 0.008241643416576398, 10.977829109729681, 0.002503783587132036, -0.11481068734782575, 0.020097786232915058, -0.002032881795079148, 0.02565663445056314, 0.004562291040646632, 0.02685408641077641, -0.0027493067677460807, 0.019232002818714483, 0.01191766542047707, 0.016104323177982674, 0.030767168209704213, 0.026244928707854318], [-0.7186398852752224, 0.060962761099107185, 0.025062538638678262, 0.06430535905294071, 0.002503783587132036, 11.083987473108188, -0.018660958903993424, 0.044219058435067, 0.05895165877784896, 0.041021181113075504, 0.06736341871640575, 0.027955778329131063, 0.10944244713515022, 0.045075487895596206, 0.044569169500841964, 0.06573823839414396, -0.007844595914052885, 0.008391873617226065], [-1.4032832338444505, -0.044444497723986204, -0.08637868955483788, -0.043248609314440946, -0.11481068734782575, -0.018660958903993424, 14.113179213283807, -0.055655043594865984, -0.04546463596975959, -0.06975594911570153, -0.03982305401226605, -0.07738317470032055, -0.0033362691239731098, -0.060549684897952455, -0.06839838417588628, -0.04425143515989177, -0.10941165671783736, -0.05099278529924905], [-0.3784540476796342, 0.034722882885898594, 0.02394541390598328, 0.03475092629171713, 0.020097786232915058, 0.044219058435067, -0.055655043594865984, 11.008757225623276, 0.018265101157910635, 0.0337718875576491, 0.03079982497711152, 0.030391678912664335, 0.04623012018285002, 0.03107792508323839, 0.02154020746374884, 0.042651381273890634, 0.0024163184024747386, 0.019796274502102053], [-0.4961763599764714, 0.04514963898584447, 0.016060002154928886, 0.050852804288679526, -0.002032881795079148, 0.05895165877784896, -0.04546463596975959, 0.018265101157910635, 11.026705718630772, 0.026286407385892063, 0.052140252442165975, 0.023588538566099583, 0.07510671760768767, 0.03172029862311883, 0.03146926386192997, 0.04055404470905972, 0.012187652598287864, 0.015496470995444009], [-0.31653723750892326, 0.03649273289688996, 0.026976739727957357, 0.03687974034199939, 0.02565663445056314, 0.041021181113075504, -0.06975594911570153, 0.0337718875576491, 0.026286407385892063, 11.003273476196926, 0.02630397778612973, 0.03529806016132702, 0.039717951631330684, 0.03247304106858511, 0.02683285134442527, 0.03796071538456263, 0.015406065697011978, 0.02139856473315821], [-0.5286237370316159, 0.05001160720287575, 0.023031301068444907, 0.05547264944791222, 0.004562291040646632, 0.06736341871640575, -0.03982305401226605, 0.03079982497711152, 0.052140252442165975, 0.02630397778612973, 11.045820472692137, 0.02446520241115749, 0.0895097796770462, 0.03949933377043179, 0.037260654109367505, 0.05348852918286908, 0.010768662192690816, 0.014651053243293074], [-0.2340763897156623, 0.03014024664134801, 0.028993266031702967, 0.0342939003404382, 0.02685408641077641, 0.027955778329131063, -0.07738317470032055, 0.030391678912664335, 0.023588538566099583, 0.03529806016132702, 0.02446520241115749, 10.999981159798587, 0.016579765539973177, 0.033671250783315135, 0.021003893997708616, 0.02720185821119486, 0.02837447417291352, 0.025982361050848536], [-0.7870230063880292, 0.0747335056597306, 0.02565348191849655, 0.07671179596197569, -0.0027493067677460807, 0.10944244713515022, -0.0033362691239731098, 0.04623012018285002, 0.07510671760768767, 0.039717951631330684, 0.0895097796770462, 0.016579765539973177, 11.138229997801723, 0.04829121833737561, 0.0579744026329976, 0.08222477138040579, -0.008448550477403904, 0.010618443988538308], [-0.3634074606705289, 0.040112029562261, 0.023115690812710334, 0.0407183368580155, 0.019232002818714483, 0.045075487895596206, -0.060549684897952455, 0.03107792508323839, 0.03172029862311883, 0.03247304106858511, 0.03949933377043179, 0.033671250783315135, 0.04829121833737561, 11.008459017806594, 0.020447766328400202, 0.041981494069245985, 0.010507240399599821, 0.018586047059351192], [-0.3490662785174567, 0.03303301251543612, 0.023467036940393676, 0.03921977675182686, 0.01191766542047707, 0.044569169500841964, -0.06839838417588628, 0.02154020746374884, 0.03146926386192997, 0.02683285134442527, 0.037260654109367505, 0.021003893997708616, 0.0579744026329976, 0.020447766328400202, 11.003394347364377, 0.032321835432316426, 0.024869392317261974, 0.020779125576950823], [-0.5110212014903782, 0.05151259076608174, 0.023441266124328782, 0.050939407280807925, 0.016104323177982674, 0.06573823839414396, -0.04425143515989177, 0.042651381273890634, 0.04055404470905972, 0.03796071538456263, 0.05348852918286908, 0.02720185821119486, 0.08222477138040579, 0.041981494069245985, 0.032321835432316426, 11.042711732174084, -0.01999388489556213, 0.006892403110344507], [0.031962608727654905, 0.007279411657275291, 0.026850751143868715, 0.013795233247954206, 0.030767168209704213, -0.007844595914052885, -0.10941165671783736, 0.0024163184024747386, 0.012187652598287864, 0.015406065697011978, 0.010768662192690816, 0.02837447417291352, -0.008448550477403904, 0.010507240399599821, 0.024869392317261974, -0.01999388489556213, 11.000891850579785, 0.04361017824281295], [-0.07678963761795109, 0.0163269776162815, 0.023486572077049486, 0.018414105258008732, 0.026244928707854318, 0.008391873617226065, -0.05099278529924905, 0.019796274502102053, 0.015496470995444009, 0.02139856473315821, 0.014651053243293074, 0.025982361050848536, 0.010618443988538308, 0.018586047059351192, 0.020779125576950823, 0.006892403110344507, 0.04361017824281295, 10.979845840301412]]",
    "monomial_list": "[1, x9, x8, x7, x6, x5, x4, x3, x2, x17, x16, x15, x14, x13, x12, x11, x10, x1]"
}