{
    "name": "Multiplier-6",
    "rational_expression": "1376*x1**2/125 + 12489*x1*x10/100000 + 38537*x1*x11/1000000 + 63163*x1*x12/1000000 + 15391*x1*x13/250000 + 2909*x1*x14/40000 + 81373*x1*x15/1000000 + 33937*x1*x16/500000 + 39749*x1*x17/500000 + 67959*x1*x2/1000000 + 80003*x1*x3/1000000 + 3691*x1*x4/40000 + 1763*x1*x5/40000 - 12493*x1*x6/500000 + 33607*x1*x7/500000 + 9537*x1*x8/125000 + 62641*x1*x9/1000000 - 26087*x1/50000 + 11051*x10**2/1000 - 16361*x10*x11/10000000 + 88893*x10*x12/1000000 + 32673*x10*x13/500000 + 56379*x10*x14/1000000 + 673*x10*x15/6250 + 18283*x10*x16/250000 + 30657*x10*x17/500000 + 1147*x10*x2/15625 + 9967*x10*x3/250000 + 5763*x10*x4/50000 + 3077*x10*x5/62500 - 3131*x10*x6/25000 + 23369*x10*x7/250000 + 15699*x10*x8/200000 + 8311*x10*x9/125000 - 12629*x10/20000 + 11027*x11**2/1000 + 71249*x11*x12/1000000 + 22569*x11*x13/250000 + 3021*x11*x14/20000 + 33051*x11*x15/500000 + 99473*x11*x16/1000000 + 42607*x11*x17/500000 + 39071*x11*x2/500000 + 86137*x11*x3/1000000 + 27609*x11*x4/1000000 + 2403*x11*x5/20000 - 20893*x11*x6/250000 + 9823*x11*x7/100000 + 11849*x11*x8/200000 + 22959*x11*x9/250000 - 14823*x11/20000 + 441*x12**2/40 + 72681*x12*x13/1000000 + 13609*x12*x14/100000 + 8713*x12*x15/125000 + 10519*x12*x16/100000 + 4187*x12*x17/62500 + 42081*x12*x2/500000 + 68199*x12*x3/1000000 + 50683*x12*x4/1000000 + 10287*x12*x5/100000 - 96899*x12*x6/1000000 + 5207*x12*x7/50000 + 30983*x12*x8/500000 + 483*x12*x9/5000 - 43883*x12/50000 + 5511*x13**2/500 + 5451*x13*x14/50000 + 17811*x13*x15/200000 + 2033*x13*x16/20000 + 21617*x13*x17/250000 + 80451*x13*x2/1000000 + 43737*x13*x3/500000 + 50037*x13*x4/1000000 + 1989*x13*x5/20000 - 77317*x13*x6/1000000 + 10059*x13*x7/100000 + 7543*x13*x8/125000 + 93773*x13*x9/1000000 - 79559*x13/100000 + 11117*x14**2/1000 + 30301*x14*x15/500000 + 17079*x14*x16/100000 + 49973*x14*x17/500000 + 14997*x14*x2/100000 + 319*x14*x3/3125 + 10729*x14*x4/1250000 + 18869*x14*x5/100000 + 1943*x14*x6/125000 + 8501*x14*x7/50000 + 1439*x14*x8/20000 + 1979*x14*x9/12500 - 6859*x14/5000 + 11029*x15**2/1000 + 1198*x15*x16/15625 + 5373*x15*x17/50000 + 76923*x15*x2/1000000 + 85429*x15*x3/1000000 + 17793*x15*x4/250000 + 74643*x15*x5/1000000 - 17389*x15*x6/200000 + 97121*x15*x7/1000000 + 40087*x15*x8/500000 + 45447*x15*x9/500000 - 8919*x15/12500 + 11059*x16**2/1000 + 73213*x16*x17/1000000 + 11743*x16*x2/100000 + 37487*x16*x3/500000 + 7429*x16*x4/250000 + 3417*x16*x5/25000 - 7293*x16*x6/200000 + 6941*x16*x7/50000 + 33731*x16*x8/500000 + 10623*x16*x9/100000 - 11523*x16/10000 + 2203*x17**2/200 + 36801*x17*x2/500000 + 669*x17*x3/8000 + 71*x17*x4/1000 + 93097*x17*x5/1000000 - 12541*x17*x6/100000 + 46781*x17*x7/500000 + 39269*x17*x8/500000 + 5501*x17*x9/62500 - 12629*x17/20000 + 11049*x2**2/1000 + 6679*x2*x3/125000 + 29787*x2*x4/1000000 + 11489*x2*x5/100000 - 6599*x2*x6/200000 + 14003*x2*x7/100000 + 717*x2*x8/15625 + 5361*x2*x9/50000 - 738*x2/625 + 2753*x3**2/250 + 3093*x3*x4/62500 + 95053*x3*x5/1000000 - 89931*x3*x6/1000000 + 47937*x3*x7/500000 + 29073*x3*x8/500000 + 44963*x3*x9/500000 - 17147*x3/25000 + 11*x4**2 + 73267*x4*x5/10000000 - 5273*x4*x6/25000 + 12667*x4*x7/250000 + 17153*x4*x8/250000 + 49203*x4*x9/1000000 - 6867*x4/50000 + 5529*x5**2/500 - 43009*x5*x6/1000000 + 1707*x5*x7/12500 + 66409*x5*x8/1000000 + 12717*x5*x9/100000 - 10971*x5/10000 + 14173*x6**2/1000 - 10777*x6*x7/250000 - 2719*x6*x8/20000 - 67239*x6*x9/1000000 - 789*x6/250 + 553*x7**2/50 + 17021*x7*x8/250000 + 1301*x7*x9/10000 - 738*x7/625 + 11003*x8**2/1000 + 63583*x8*x9/1000000 - 27427*x8/50000 + 11039*x9**2/1000 - 95973*x9/100000 + 13721/1000",
    "Q": "[[13.72058212116734, -0.48396437094757655, -0.28055938588260765, -0.5882175182874694, -1.5821659453002026, -0.5432799599951031, -0.07457777454858777, -0.33904819161873123, -0.5946710265005752, -0.3178991313039845, -0.5707634209562593, -0.3549138854736261, -0.6845071468290088, -0.391629572275805, -0.4454295180162175, -0.37047376745647076, -0.32105758650912486, -0.25925953371563987], [-0.48396437094757655, 11.039344016558605, 0.0316687794919841, 0.06242516220169779, -0.028842045558370142, 0.05927325744236723, 0.022147763950344422, 0.040877353813526654, 0.05417829376219203, 0.04489800297905962, 0.05750304675981557, 0.045118726302300134, 0.07446640243267881, 0.0485602443566271, 0.04370999536312761, 0.05038987781829179, 0.03278820011699931, 0.03383430946158075], [-0.28055938588260765, 0.0316687794919841, 11.00300812220061, 0.039427623326874446, -0.06756120159133563, 0.03516203083673079, 0.03539532246454363, 0.03400178943165739, 0.027313493138763845, 0.03753884606677063, 0.034376333144330085, 0.04181833184123506, 0.03701128502439781, 0.03403517729776948, 0.0337638911906163, 0.03135802228332465, 0.04070233603189294, 0.035792022695749263], [-0.5882175182874694, 0.06242516220169779, 0.039427623326874446, 11.059892058106115, -0.016241491198834234, 0.06696857499537502, 0.022775561642054673, 0.04367696521511541, 0.06491730766618638, 0.04737029664678593, 0.06751309661514138, 0.05183738608228248, 0.08259671829762577, 0.052226951883750594, 0.05285057046709245, 0.052408506047402735, 0.04176395254103162, 0.038410757052690536], [-1.5821659453002026, -0.028842045558370142, -0.06756120159133563, -0.016241491198834234, 14.173593709771461, -0.02000209661255268, -0.09860669013135359, -0.04541114804666313, -0.019972544641860622, -0.05621858922883916, -0.01996022907027262, -0.048475691616814184, 0.0037185589978995714, -0.04360593903029658, -0.045437372930027704, -0.04809323909361175, -0.056546332546195184, -0.015907357079751293], [-0.5432799599951031, 0.05927325744236723, 0.03516203083673079, 0.06696857499537502, -0.02000209661255268, 11.057058681956798, 0.005087313822153537, 0.043357956014553695, 0.05978381527453867, 0.04509048677330647, 0.06541329673996218, 0.041288888521905875, 0.09152162061516171, 0.048287743033862005, 0.05053789426017711, 0.0547894228166243, 0.0238976627321822, 0.027064571241498477], [-0.07457777454858777, 0.022147763950344422, 0.03539532246454363, 0.022775561642054673, -0.09860669013135359, 0.005087313822153537, 11.000406287027426, 0.026180626015320202, 0.011449290772036175, 0.033563877710834904, 0.015978044401821583, 0.04101966815993412, 0.0038654746212215783, 0.028595439220342824, 0.02398657036364876, 0.016881047891772274, 0.05411185180948703, 0.042153147094030785], [-0.33904819161873123, 0.040877353813526654, 0.03400178943165739, 0.04367696521511541, -0.04541114804666313, 0.043357956014553695, 0.026180626015320202, 11.012106896382367, 0.026434441614196908, 0.041408632929878834, 0.03748971240858367, 0.04316659333020066, 0.04678407209167129, 0.03870469725605173, 0.03094343962972822, 0.04204723641164646, 0.024464835941055245, 0.0346263585764975], [-0.5946710265005752, 0.05417829376219203, 0.027313493138763845, 0.06491730766618638, -0.019972544641860622, 0.05978381527453867, 0.011449290772036175, 0.026434441614196908, 11.049853705921956, 0.03524670689150032, 0.06260717633022929, 0.03952947830803996, 0.07900201202593884, 0.041815278901652854, 0.04384429040254597, 0.04087954901762273, 0.038354786423628905, 0.033777174599756855], [-0.3178991313039845, 0.04489800297905962, 0.03753884606677063, 0.04737029664678593, -0.05621858922883916, 0.04509048677330647, 0.033563877710834904, 0.041408632929878834, 0.03524670689150032, 11.014214548746995, 0.0356049949457287, 0.048346993160810904, 0.04530311180695824, 0.04180195871582229, 0.036712796249422, 0.041626692342989116, 0.034059484647827376, 0.0355688024159012], [-0.5707634209562593, 0.05750304675981557, 0.034376333144330085, 0.06751309661514138, -0.01996022907027262, 0.06541329673996218, 0.015978044401821583, 0.03748971240858367, 0.06260717633022929, 0.0356049949457287, 11.05934924313885, 0.040538284221316216, 0.08909651696009382, 0.04853401949004183, 0.048572453208072804, 0.05188732649792631, 0.03766351225653409, 0.03316330207698031], [-0.3549138854736261, 0.045118726302300134, 0.04181833184123506, 0.05183738608228248, -0.048475691616814184, 0.041288888521905875, 0.04101966815993412, 0.04316659333020066, 0.03952947830803996, 0.048346993160810904, 0.040538284221316216, 11.028251734018609, 0.033726658523686615, 0.047499748032921216, 0.03570008708116573, 0.036655172307366105, 0.04867225551494275, 0.04328378709798858], [-0.6845071468290088, 0.07446640243267881, 0.03701128502439781, 0.08259671829762577, 0.0037185589978995714, 0.09152162061516171, 0.0038654746212215783, 0.04678407209167129, 0.07900201202593884, 0.04530311180695824, 0.08909651696009382, 0.033726658523686615, 11.116756152927136, 0.053464496664604885, 0.06561036777132925, 0.07007836760166353, 0.0272540970108582, 0.0317141177628263], [-0.391629572275805, 0.0485602443566271, 0.03403517729776948, 0.052226951883750594, -0.04360593903029658, 0.048287743033862005, 0.028595439220342824, 0.03870469725605173, 0.041815278901652854, 0.04180195871582229, 0.04853401949004183, 0.047499748032921216, 0.053464496664604885, 11.021633678826147, 0.03176497445045461, 0.04424389850451487, 0.03164424104148731, 0.034119303576775395], [-0.4454295180162175, 0.04370999536312761, 0.0337638911906163, 0.05285057046709245, -0.045437372930027704, 0.05053789426017711, 0.02398657036364876, 0.03094343962972822, 0.04384429040254597, 0.036712796249422, 0.048572453208072804, 0.03570008708116573, 0.06561036777132925, 0.03176497445045461, 11.024962270952688, 0.03694689130275146, 0.04393312803624179, 0.03565210024138759], [-0.37047376745647076, 0.05038987781829179, 0.03135802228332465, 0.052408506047402735, -0.04809323909361175, 0.0547894228166243, 0.016881047891772274, 0.04204723641164646, 0.04087954901762273, 0.041626692342989116, 0.05188732649792631, 0.036655172307366105, 0.07007836760166353, 0.04424389850451487, 0.03694689130275146, 11.026812844205459, 0.0023515367703715803, 0.019786203980773402], [-0.32105758650912486, 0.03278820011699931, 0.04070233603189294, 0.04176395254103162, -0.056546332546195184, 0.0238976627321822, 0.05411185180948703, 0.024464835941055245, 0.038354786423628905, 0.034059484647827376, 0.03766351225653409, 0.04867225551494275, 0.0272540970108582, 0.03164424104148731, 0.04393312803624179, 0.0023515367703715803, 11.051542959996864, 0.06123887939930762], [-0.25925953371563987, 0.03383430946158075, 0.035792022695749263, 0.038410757052690536, -0.015907357079751293, 0.027064571241498477, 0.042153147094030785, 0.0346263585764975, 0.033777174599756855, 0.0355688024159012, 0.03316330207698031, 0.04328378709798858, 0.0317141177628263, 0.034119303576775395, 0.03565210024138759, 0.019786203980773402, 0.06123887939930762, 11.008126058887708]]",
    "monomial_list": "[1, x9, x8, x7, x6, x5, x4, x3, x2, x17, x16, x15, x14, x13, x12, x11, x10, x1]"
}