{
    "name": "Multiplier-10",
    "rational_expression": "10963*x1**2/1000 - 6291*x1*x10/50000 - 30021*x1*x11/1000000 + 10239*x1*x12/500000 + 18267*x1*x13/1000000 - 5703*x1*x14/200000 + 21233*x1*x15/500000 - 39109*x1*x16/10000000 + 4667*x1*x17/250000 + 1887*x1*x2/100000 + 8643*x1*x3/500000 + 67043*x1*x4/1000000 - 27351*x1*x5/1000000 + 42803*x1*x6/1000000 - 20249*x1*x7/5000000 + 5301*x1*x8/125000 - 23201*x1*x9/5000000 + 6821*x1/50000 + 140410740179941*x10**2/10000000000000 - 498209660872817*x10*x11/5000000000000000 - 172439907444641*x10*x12/1000000000000000 - 629668738693*x10*x13/4000000000000 - 118496161303483*x10*x14/1250000000000000 - 9381*x10*x15/50000 - 34239421656821*x10*x16/250000000000000 - 16289*x10*x17/100000 - 14833*x10*x2/100000 - 14193*x10*x3/100000 - 11907*x10*x4/50000 - 2107*x10*x5/20000 - 5441*x10*x6/25000 - 2661*x10*x7/20000 - 9527*x10*x8/50000 - 1451*x10*x9/10000 - 11047*x10/5000 + 55415648842609*x11**2/5000000000000 + 85834808240179*x11*x12/2000000000000000 + 916892118402757*x11*x13/10000000000000000 + 11747654147257*x11*x14/62500000000000 + 47351*x11*x15/1000000 + 22479161460069*x11*x16/250000000000000 + 2167*x11*x17/25000 + 11631*x11*x2/200000 + 61*x11*x3/500 - 56759*x11*x4/1000000 + 2661*x11*x5/20000 + 9803*x11*x6/250000 + 18211*x11*x7/200000 + 10099*x11*x8/500000 + 11861*x11*x9/100000 - 15539*x11/10000 + 109725281742431*x12**2/10000000000000 + 13903565959481*x12*x13/1250000000000000 + 78076753707137*x12*x14/1250000000000000 + 14051*x12*x15/500000 + 327570207882673*x12*x16/10000000000000000 + 6397*x12*x17/200000 + 7617*x12*x2/250000 + 3241*x12*x3/250000 + 19287*x12*x4/1000000 + 59859*x12*x5/1000000 + 26051*x12*x6/1000000 + 27493*x12*x7/500000 + 26699*x12*x8/1000000 + 34201*x12*x9/1000000 - 35437*x12/100000 + 27508920430737*x13**2/2500000000000 + 53279670264601*x13*x14/625000000000000 + 57701*x13*x15/1000000 + 231317115831189*x13*x16/5000000000000000 + 11151*x13*x17/250000 + 20581*x13*x2/500000 + 51803*x13*x3/1000000 + 7777*x13*x4/500000 + 79841*x13*x5/1000000 + 15573*x13*x6/500000 + 34469*x13*x7/500000 + 32723*x13*x8/1000000 + 36059*x13*x9/500000 - 81771*x13/100000 + 55507922885663*x14**2/5000000000000 - 6103*x14*x15/12500000 + 128106391581241*x14*x16/1000000000000000 + 1833*x14*x17/31250 + 1514*x14*x2/15625 + 70579*x14*x3/1000000 - 5527*x14*x4/100000 + 1051*x14*x5/6250 - 33751*x14*x6/5000000 + 5299*x14*x7/50000 + 3473*x14*x8/200000 + 5561*x14*x9/50000 - 13359*x14/10000 + 2747*x15**2/250 + 12923*x15*x16/1000000 + 14109*x15*x17/250000 + 32199*x15*x2/1000000 + 60187*x15*x3/1000000 + 2557*x15*x4/62500 + 10281*x15*x5/250000 + 491*x15*x6/10000 + 8827*x15*x7/250000 + 997*x15*x8/20000 + 36969*x15*x9/1000000 - 43589*x15/100000 + 55058526740613*x16**2/5000000000000 + 543*x16*x17/25000 + 62721*x16*x2/1000000 + 50837*x16*x3/1000000 - 64571*x16*x4/10000000 + 10017*x16*x5/100000 + 87399*x16*x6/10000000 + 34053*x16*x7/500000 + 32359*x16*x8/1000000 + 71183*x16*x9/1000000 - 39513*x16/50000 + 10997*x17**2/1000 + 39203*x17*x2/1000000 + 35523*x17*x3/500000 + 16299*x17*x4/1000000 + 953*x17*x5/12500 + 52357*x17*x6/1000000 + 44351*x17*x7/1000000 + 15829*x17*x8/500000 + 69337*x17*x9/1000000 - 73619*x17/100000 + 2747*x2**2/250 + 12643*x2*x3/10000000 - 26159*x2*x4/5000000 + 14321*x2*x5/200000 - 1817*x2*x6/125000 + 63197*x2*x7/1000000 + 16299*x2*x8/2000000 + 3281*x2*x9/50000 - 62721*x2/100000 + 11017*x3**2/1000 - 15717*x3*x4/2000000 + 86749*x3*x5/1000000 + 32953*x3*x6/1000000 + 51637*x3*x7/1000000 + 6971*x3*x8/200000 + 5553*x3*x9/100000 - 49079*x3/50000 + 10973*x4**2/1000 - 10761*x4*x5/200000 + 86101*x4*x6/1000000 - 65453*x4*x7/10000000 + 20663*x4*x8/500000 - 37303*x4*x9/5000000 + 21961*x4/100000 + 11047*x5**2/1000 + 12951*x5*x6/1000000 + 10107*x5*x7/100000 + 37351*x5*x8/1000000 + 4209*x5*x9/50000 - 11729*x5/10000 + 5489*x6**2/500 + 22597*x6*x7/2500000 + 24041*x6*x8/500000 + 1019*x6*x9/100000 - 7497*x6/25000 + 5503*x7**2/500 + 32723*x7*x8/1000000 + 36059*x7*x9/500000 - 81771*x7/100000 + 1097*x8**2/100 + 12049*x8*x9/1000000 - 35437*x8/100000 + 5507*x9**2/500 - 23167*x9/25000 + 13629/1000",
    "Q": "[[13.62942028350675, -0.4595048744905048, -0.17565616755811592, -0.4036554996519174, -0.14524290460892492, -0.5849477624146878, 0.10384770370515577, -0.487674106212423, -0.30974232763314097, -0.3621688835538054, -0.39019536249413955, -0.2215698219715156, -0.6612593307675425, -0.4139643584530268, -0.17953106334630756, -0.7742259452338209, -1.1019181382725818, 0.07213671078437377], [-0.4595048744905048, 11.01351920453767, 0.008855720124630205, 0.03779331160875024, 0.010319296971831494, 0.04653909627072651, -0.00406815776148474, 0.030268019031903095, 0.029186255143620114, 0.029485744549856564, 0.03433428793156868, 0.019505933081652403, 0.059228838588055444, 0.03340510304087945, 0.017201502802470316, 0.05473958999049381, -0.06763745485494758, 0.00012666245643908362], [-0.17565616755811592, 0.008855720124630205, 10.970394341433565, 0.015949906731400898, 0.022334140906129965, 0.014461538162575699, 0.023801358788561145, 0.017117990464567544, 0.006732077411275098, 0.01968900483453244, 0.012682880416068463, 0.02225019033092138, 0.0120426369833837, 0.014660976592994987, 0.01653992159202118, 0.014115589834899614, -0.09596306778732479, 0.017950924316730333], [-0.4036554996519174, 0.03779331160875024, 0.015949906731400898, 11.006153391414514, 0.0038202855459686614, 0.04525557901610789, -0.0006998100362860751, 0.025618711015114978, 0.03317720956801631, 0.026674790759065155, 0.03733985601437031, 0.022373485058406133, 0.05536126876865056, 0.030298460402580073, 0.023246169987525347, 0.04715573627440162, -0.0715059110875164, 0.002614842011880446], [-0.14524290460892492, 0.010319296971831494, 0.022334140906129965, 0.0038202855459686614, 10.978041158370324, 0.004490285617699172, 0.03917726091204087, 0.01972231055312064, -0.0038602310404915164, 0.022723653497015484, 0.002148674063386788, 0.02262439099332966, -0.0027885689204299813, 0.016175501473197434, 0.008872878335299636, 0.014061207707513452, -0.1048014738545034, 0.02313572868166277], [-0.5849477624146878, 0.04653909627072651, 0.014461538162575699, 0.04525557901610789, 0.004490285617699172, 11.047258803160103, -0.028948339195716304, 0.03902995932157991, 0.03619795961696393, 0.033208013545296095, 0.046084896656528235, 0.015616687049104848, 0.08667803658972792, 0.03643449861639076, 0.025356655746715275, 0.0696191973616544, -0.05606163996234061, -0.010882142496742067], [0.10384770370515577, -0.00406815776148474, 0.023801358788561145, -0.0006998100362860751, 0.03917726091204087, -0.028948339195716304, 10.972811586161953, -0.00046170468372888683, -0.0042183765305080995, 0.011396970377092239, -0.005897890075166602, 0.024772541607427742, -0.03257186173856159, 0.005337502790677367, 0.013178497515276671, -0.02243407436552732, -0.1186287318879558, 0.03793253334366672], [-0.487674106212423, 0.030268019031903095, 0.017117990464567544, 0.025618711015114978, 0.01972231055312064, 0.03902995932157991, -0.00046170468372888683, 11.016086774995465, 0.004460272764773996, 0.032797752450701975, 0.019994058042792275, 0.024911731818008605, 0.03912692942341762, 0.029890935164465796, 0.00796582152378202, 0.05567382169277585, -0.066984381796659, 0.005838758821199316], [-0.30974232763314097, 0.029186255143620114, 0.006732077411275098, 0.03317720956801631, -0.0038602310404915164, 0.03619795961696393, -0.0042183765305080995, 0.004460272764773996, 10.987953100057869, 0.015034518739498688, 0.03358217937727351, 0.012459099586634341, 0.04991620069285997, 0.019668200051830016, 0.017231240197331795, 0.030041030926291276, -0.07682235697292412, 0.004603847711944883], [-0.3621688835538054, 0.029485744549856564, 0.01968900483453244, 0.026674790759065155, 0.022723653497015484, 0.033208013545296095, 0.011396970377092239, 0.032797752450701975, 0.015034518739498688, 10.997192842602443, 0.01386104389831682, 0.02874565678851823, 0.02878288462743412, 0.027579598555589727, 0.015630784966124946, 0.04048483442382416, -0.08101588919235747, 0.00961701037739932], [-0.39019536249413955, 0.03433428793156868, 0.012682880416068463, 0.03733985601437031, 0.002148674063386788, 0.046084896656528235, -0.005897890075166602, 0.019994058042792275, 0.03358217937727351, 0.01386104389831682, 11.011438437959514, 0.011310974178630657, 0.0672774975242116, 0.028483712338111266, 0.021187431444527262, 0.0484655952681892, -0.07085485005757555, -0.00012546838979698302], [-0.2215698219715156, 0.019505933081652403, 0.02225019033092138, 0.022373485058406133, 0.02262439099332966, 0.015616687049104848, 0.024772541607427742, 0.024911731818008605, 0.012459099586634341, 0.02874565678851823, 0.011310974178630657, 10.987619964900432, -0.00172952795265887, 0.026579886571770368, 0.010043372692664322, 0.019840299085030808, -0.08989277303402833, 0.017371360286667085], [-0.6612593307675425, 0.059228838588055444, 0.0120426369833837, 0.05536126876865056, -0.0027885689204299813, 0.08667803658972792, -0.03257186173856159, 0.03912692942341762, 0.04991620069285997, 0.02878288462743412, 0.0672774975242116, -0.00172952795265887, 11.101405227317711, 0.037394152665430086, 0.03638957763483297, 0.08931352018222366, -0.04567017268269151, -0.012865717097939579], [-0.4139643584530268, 0.03340510304087945, 0.014660976592994987, 0.030298460402580073, 0.016175501473197434, 0.03643449861639076, 0.005337502790677367, 0.029890935164465796, 0.019668200051830016, 0.027579598555589727, 0.028483712338111266, 0.026579886571770368, 0.037394152665430086, 11.003373344576184, 0.006222493001495449, 0.04729810356825171, -0.07419328472152976, 0.004869853234108758], [-0.17953106334630756, 0.017201502802470316, 0.01653992159202118, 0.023246169987525347, 0.008872878335299636, 0.025356655746715275, 0.013178497515276671, 0.00796582152378202, 0.017231240197331795, 0.015630784966124946, 0.021187431444527262, 0.010043372692664322, 0.03638957763483297, 0.006222493001495449, 10.972745107656868, 0.0170213070701322, -0.09119404924654369, 0.014140590357598693], [-0.7742259452338209, 0.05473958999049381, 0.014115589834899614, 0.04715573627440162, 0.014061207707513452, 0.0696191973616544, -0.02243407436552732, 0.05567382169277585, 0.030041030926291276, 0.04048483442382416, 0.0484655952681892, 0.019840299085030808, 0.08931352018222366, 0.04729810356825171, 0.0170213070701322, 11.08276275309099, -0.052214314724870245, -0.017095036445874106], [-1.1019181382725818, -0.06763745485494758, -0.09596306778732479, -0.0715059110875164, -0.1048014738545034, -0.05606163996234061, -0.1186287318879558, -0.066984381796659, -0.07682235697292412, -0.08101588919235747, -0.07085485005757555, -0.08989277303402833, -0.04567017268269151, -0.07419328472152976, -0.09119404924654369, -0.052214314724870245, 14.040199631511301, -0.06778386047869496], [0.07213671078437377, 0.00012666245643908362, 0.017950924316730333, 0.002614842011880446, 0.02313572868166277, -0.010882142496742067, 0.03793253334366672, 0.005838758821199316, 0.004603847711944883, 0.00961701037739932, -0.00012546838979698302, 0.017371360286667085, -0.012865717097939579, 0.004869853234108758, 0.014140590357598693, -0.017095036445874106, -0.06778386047869496, 10.962795629569221]]",
    "monomial_list": "[1, x9, x8, x7, x6, x5, x4, x3, x2, x17, x16, x15, x14, x13, x12, x11, x10, x1]"
}