{
    "name": "Multiplier-13",
    "rational_expression": "5509*x1**2/500 + 13869*x1*x10/250000 - 16599*x1*x11/1000000 + 2773*x1*x12/250000 - 24041*x1*x13/250000 - 6297*x1*x14/500000 + 11917*x1*x15/2500000 - 3711*x1*x16/250000 + 59129*x1*x17/10000000 + 70731*x1*x2/10000000 + 66969*x1*x3/10000000 + 13487*x1*x4/500000 - 7411*x1*x5/500000 + 1233*x1*x6/312500 + 2093*x1*x7/312500 + 62997*x1*x8/10000000 + 59129*x1*x9/10000000 - 39399*x1/100000 + 2213*x10**2/200 - 11499*x10*x11/200000 + 647*x10*x12/40000 - 9501*x10*x13/50000 - 31799*x10*x14/1000000 + 33749*x10*x15/5000000 - 12071*x10*x16/1000000 - 13163*x10*x17/1000000 + 10013*x10*x2/1000000 - 12707*x10*x3/1000000 + 51187*x10*x4/1000000 - 6987*x10*x5/200000 + 27929*x10*x6/5000000 + 2953*x10*x7/312500 + 89069*x10*x8/10000000 - 13161*x10*x9/1000000 - 55597*x10/100000 + 11013*x11**2/1000 - 12813*x11*x12/1000000 - 11173*x11*x13/50000 + 59777*x11*x14/10000000 - 18437*x11*x15/1000000 + 21879*x11*x16/5000000 + 769*x11*x17/200000 - 4219*x11*x2/250000 + 43541*x11*x3/10000000 - 383*x11*x4/20000 + 21767*x11*x5/5000000 + 2553*x11*x6/1000000 + 10831*x11*x7/2500000 - 2179*x11*x8/125000 + 239*x11*x9/62500 - 25499*x11/100000 + 11029*x12**2/1000 - 18777*x12*x13/100000 + 6729*x12*x14/500000 - 7281*x12*x15/500000 + 793*x12*x16/80000 + 8687*x12*x17/1000000 + 263*x12*x2/25000 - 11637*x12*x3/1000000 - 14603*x12*x4/1000000 + 19737*x12*x5/2000000 - 15711*x12*x6/1000000 + 49237*x12*x7/5000000 + 92617*x12*x8/10000000 + 8687*x12*x9/1000000 - 57931*x12/100000 + 14137*x13**2/1000 - 3653*x13*x14/20000 - 23269*x13*x15/100000 - 9887*x13*x16/50000 - 22567*x13*x17/100000 - 19511*x13*x2/100000 - 3959*x13*x3/20000 - 25541*x13*x4/100000 - 3971*x13*x5/20000 - 651*x13*x6/2500 - 3981*x13*x7/20000 - 5579*x13*x8/25000 - 5101*x13*x9/25000 - 3187*x13/1250 + 11049*x14**2/1000 - 594*x14*x15/15625 + 15693*x14*x16/500000 - 6753*x14*x17/500000 + 24339*x14*x2/2500000 - 12421*x14*x3/1000000 - 119*x14*x4/3125 + 31297*x14*x5/1000000 - 1053*x14*x6/62500 + 22657*x14*x7/2500000 - 6489*x14*x8/500000 + 80017*x14*x9/10000000 - 53333*x14/100000 + 11017*x15**2/1000 - 3359*x15*x16/200000 + 10483*x15*x17/2500000 - 3301*x15*x2/200000 + 11917*x15*x3/2500000 + 16983*x15*x4/5000000 - 3359*x15*x5/200000 + 14017*x15*x6/5000000 + 2953*x15*x7/625000 + 279*x15*x8/62500 - 8667*x15*x9/500000 - 13899*x15/50000 + 11021*x16**2/1000 - 16267*x16*x17/1000000 + 36029*x16*x2/5000000 - 15459*x16*x3/1000000 - 547*x16*x4/31250 + 67403*x16*x5/10000000 - 57*x16*x6/3125 + 2093*x16*x7/312500 - 1521*x16*x8/100000 + 59129*x16*x9/10000000 - 39399*x16/100000 + 2203*x17**2/200 - 1907*x17*x2/125000 + 59129*x17*x3/10000000 + 20861*x17*x4/5000000 + 59129*x17*x5/10000000 + 17407*x17*x6/5000000 + 59129*x17*x7/10000000 + 6949*x17*x8/1250000 + 26083*x17*x9/5000000 - 17383*x17/50000 + 5509*x2**2/500 - 37239*x2*x3/1000000 - 8611*x2*x4/500000 + 71381*x2*x5/10000000 - 2251*x2*x6/125000 + 14191*x2*x7/2000000 - 7417*x2*x8/500000 + 12511*x2*x9/2000000 - 41733*x2/100000 + 5507*x3**2/500 - 16723*x3*x4/1000000 - 7411*x3*x5/500000 + 39883*x3*x6/10000000 - 7409*x3*x7/500000 + 63207*x3*x8/10000000 - 15593*x3*x9/1000000 - 39399*x3/100000 + 11027*x4**2/1000 - 39681*x4*x5/1000000 + 25011*x4*x6/1000000 - 16791*x4*x7/1000000 + 279*x4*x8/62500 - 8667*x4*x9/500000 - 13899*x4/50000 + 11021*x5**2/1000 - 549*x5*x6/31250 + 2093*x5*x7/312500 - 1521*x5*x8/100000 + 59129*x5*x9/10000000 - 39399*x5/100000 + 1377*x6**2/125 - 9121*x6*x7/500000 + 3729*x6*x8/1000000 - 2253*x6*x9/125000 - 23201*x6/100000 + 11019*x7**2/1000 + 62997*x7*x8/10000000 + 59129*x7*x9/10000000 - 39399*x7/100000 + 1377*x8**2/125 - 15947*x8*x9/1000000 - 4633*x8/12500 + 5507*x9**2/500 - 17383*x9/50000 + 11589/1000",
    "Q": "[[11.588602909659835, -0.1781149499829512, -0.18722022041256947, -0.20181523606077834, -0.11344118832935483, -0.2020507689914753, -0.14455991628562997, -0.19728674943797286, -0.21223708955507564, -0.17044218793541813, -0.1932303498648527, -0.14008520901503854, -0.2674954884288178, -1.2698477304480422, -0.28419163361630423, -0.12943871650454364, -0.27744473584675156, -0.20035457392265327], [-0.1781149499829512, 11.01411594958217, -0.006804293636671738, 0.002115682527906909, -0.005490349110043762, 0.001130939268745156, -0.006811943252553608, -0.00483085730946873, -6.223822520948166e-05, -0.0011309287887805945, 5.7462857003533006e-05, -0.0034484975121559314, 0.00660545694798055, -0.10621583350757349, -0.0009550738129791823, 9.841022274939796e-05, -0.006044362158872717, -0.0016349582307677313], [-0.18722022041256947, -0.006804293636671738, 11.016382918519732, -0.0019752303590796806, 0.0017265454991981248, -0.004120579828827939, 0.003919454875230877, -0.0015560034151108524, -0.007313130168206948, 0.0002699879931492726, -0.004346566485941063, 0.002149095980856766, -0.005122096500404829, -0.11255658920001456, 0.0002604244655444135, -0.005327295508560514, 0.006839647790165283, 0.006247742099229415], [-0.20181523606077834, 0.002115682527906909, -0.0019752303590796806, 11.019020774037685, -0.009219854958878154, 0.0032938842777062846, -0.005716154719200709, -0.004551669066494993, 0.003831297881946225, -0.00089717533754452, 0.0036335591800761395, -0.0005055618842534427, 0.008028557552512824, -0.10390030394737787, 0.0036473672555125403, -0.0005959006801070513, -0.0006016099237164192, 0.0004029177333770327], [-0.11344118832935483, -0.005490349110043762, 0.0017265454991981248, -0.009219854958878154, 11.016006918326593, -0.008933102909031624, 0.011451378888175068, -0.0003740347185073912, -0.014178867570374643, 0.002024226292324231, -0.010355951753124698, 0.001737062517645725, -0.01362335391042136, -0.1303971736209393, -0.006935131248640227, -0.002329978859379865, 0.0018966918848959916, 0.005003798734235883], [-0.2020507689914753, 0.001130939268745156, -0.004120579828827939, 0.0032938842777062846, -0.008933102909031624, 11.021826297366584, -0.019300330305999376, -0.0037391950459478565, 0.001966624846955509, -0.0015434376885197828, 0.003762912334928492, -0.00717435589214875, 0.016373780908730103, -0.1017210831296117, 0.00353954299638633, 0.0019823281300961025, -0.01295549788126598, -0.0069004457060709325], [-0.14455991628562997, -0.006811943252553608, 0.003919454875230877, -0.005716154719200709, 0.011451378888175068, -0.019300330305999376, 11.026965440225952, -0.0032213534845049194, -0.010384398807546007, 0.0006366159554742903, -0.009662405041738787, 0.006274650755254808, -0.019799989557117974, -0.12208097490088617, -0.0025252344825999556, -0.0113367359695919, 0.021068048933096373, 0.014524392162549724], [-0.19728674943797286, -0.00483085730946873, -0.0015560034151108524, -0.004551669066494993, -0.0003740347185073912, -0.0037391950459478565, -0.0032213534845049194, 11.014757257231244, -0.013630381259023746, 0.00021317044772047215, -0.007812425932268289, -0.0005199664104877022, -0.004702314317501027, -0.09910718388915779, -0.005055077659995353, -0.0017719913036842471, -0.007690042009307261, 0.003722108481140972], [-0.21223708955507564, -6.223822520948166e-05, -0.007313130168206948, 0.003831297881946225, -0.014178867570374643, 0.001966624846955509, -0.010384398807546007, -0.013630381259023746, 11.017802726683755, -0.005868209759700426, 0.0036950910313785583, -0.005682640663839992, 0.009451386890983482, -0.09981012924886126, 0.0004123494460904166, -0.005008877032772254, 0.000667033833725362, 0.00023988801904779107], [-0.17044218793541813, -0.0011309287887805945, 0.0002699879931492726, -0.00089717533754452, 0.002024226292324231, -0.0015434376885197828, 0.0006366159554742903, 0.00021317044772047215, -0.005868209759700426, 11.014922500933364, -0.008326115492025618, 0.0033944975459750007, -0.004815407961529615, -0.11236357593407871, -0.001233573888352227, -0.0014972693122286527, -0.0019560627071897665, 0.002969951784348438], [-0.1932303498648527, 5.7462857003533006e-05, -0.004346566485941063, 0.0036335591800761395, -0.010355951753124698, 0.003762912334928492, -0.009662405041738787, -0.007812425932268289, 0.0036950910313785583, -0.008326115492025618, 11.02137092318003, -0.007273160168196143, 0.014388759126671867, -0.1043008248034753, 0.0017216279015058052, 0.0006424809465515653, -0.002313144646631165, -0.0023598759724463665], [-0.14008520901503854, -0.0034484975121559314, 0.002149095980856766, -0.0005055618842534427, 0.001737062517645725, -0.00717435589214875, 0.006274650755254808, -0.0005199664104877022, -0.005682640663839992, 0.0033944975459750007, -0.007273160168196143, 11.016734213648366, -0.017164059829066193, -0.11380756906080364, -0.0045271606095337305, -0.006924496747716349, 0.007538249211723794, 0.006972989297134214], [-0.2674954884288178, 0.00660545694798055, -0.005122096500404829, 0.008028557552512824, -0.01362335391042136, 0.016373780908730103, -0.019799989557117974, -0.004702314317501027, 0.009451386890983482, -0.004815407961529615, 0.014388759126671867, -0.017164059829066193, 11.049790545225298, -0.08988540062923456, 0.011489306416010944, 0.00831267663046196, -0.011935115878849444, -0.005010634032141153], [-1.2698477304480422, -0.10621583350757349, -0.11255658920001456, -0.10390030394737787, -0.1303971736209393, -0.1017210831296117, -0.12208097490088617, -0.09910718388915779, -0.09981012924886126, -0.11236357593407871, -0.1043008248034753, -0.11380756906080364, -0.08988540062923456, 14.136472865564684, -0.09731676187670937, -0.11723085424209143, -0.09260559007791207, -0.050627551739192804], [-0.28419163361630423, -0.0009550738129791823, 0.0002604244655444135, 0.0036473672555125403, -0.006935131248640227, 0.00353954299638633, -0.0025252344825999556, -0.005055077659995353, 0.0004123494460904166, -0.001233573888352227, 0.0017216279015058052, -0.0045271606095337305, 0.011489306416010944, -0.09731676187670937, 11.029640502612931, -0.0036056417647907413, 0.010196669004212374, 0.006432855050447589], [-0.12943871650454364, 9.841022274939796e-05, -0.005327295508560514, -0.0005959006801070513, -0.002329978859379865, 0.0019823281300961025, -0.0113367359695919, -0.0017719913036842471, -0.005008877032772254, -0.0014972693122286527, 0.0006424809465515653, -0.006924496747716349, 0.00831267663046196, -0.11723085424209143, -0.0036056417647907413, 11.012980538278287, -0.02902794087555592, -0.011079496466450704], [-0.27744473584675156, -0.006044362158872717, 0.006839647790165283, -0.0006016099237164192, 0.0018966918848959916, -0.01295549788126598, 0.021068048933096373, -0.007690042009307261, 0.000667033833725362, -0.0019560627071897665, -0.002313144646631165, 0.007538249211723794, -0.011935115878849444, -0.09260559007791207, 0.010196669004212374, -0.02902794087555592, 11.065279408185651, 0.02938974846260687], [-0.20035457392265327, -0.0016349582307677313, 0.006247742099229415, 0.0004029177333770327, 0.005003798734235883, -0.0069004457060709325, 0.014524392162549724, 0.003722108481140972, 0.00023988801904779107, 0.002969951784348438, -0.0023598759724463665, 0.006972989297134214, -0.005010634032141153, -0.050627551739192804, 0.006432855050447589, -0.011079496466450704, 0.02938974846260687, 11.018441978242537]]",
    "monomial_list": "[1, x9, x8, x7, x6, x5, x4, x3, x2, x17, x16, x15, x14, x13, x12, x11, x10, x1]"
}