{
    "name": "Multiplier-8",
    "rational_expression": "5503*x1**2/500 + 49647*x1*x10/1000000 + 10557*x1*x11/1250000 + 14581*x1*x12/500000 + 84889*x1*x13/10000000 + 11021*x1*x14/1000000 + 901*x1*x15/31250 + 93353*x1*x16/10000000 + 29211*x1*x17/1000000 + 99543*x1*x2/10000000 + 1483*x1*x3/50000 + 1209*x1*x4/25000 + 94003*x1*x5/10000000 + 6609*x1*x6/250000 + 90739*x1*x7/10000000 - 10351*x1*x8/100000 + 11921*x1*x9/1250000 - 15893*x1/50000 + 11033*x10**2/1000 - 7149*x10*x11/200000 + 14851*x10*x12/500000 + 8757*x10*x13/1000000 - 1133*x10*x14/100000 + 731*x10*x15/25000 + 19133*x10*x16/2000000 + 18889*x10*x17/2500000 + 10181*x10*x2/1000000 - 13607*x10*x3/1000000 + 49317*x10*x4/1000000 - 297*x10*x5/25000 + 27349*x10*x6/1000000 + 93617*x10*x7/10000000 - 5477*x10*x8/25000 + 88023*x10*x9/10000000 - 7331*x10/25000 + 2757*x11**2/250 + 12249*x11*x12/1000000 + 7419*x11*x13/200000 + 6437*x11*x14/100000 + 11443*x11*x15/1000000 + 38727*x11*x16/1000000 + 34423*x11*x17/1000000 + 4411*x11*x2/250000 + 35237*x11*x3/1000000 - 7361*x11*x4/500000 + 19343*x11*x5/500000 + 36759*x11*x6/5000000 + 19047*x11*x7/500000 - 16099*x11*x8/100000 + 19543*x11*x9/500000 - 2813*x11/5000 + 2753*x12**2/250 + 12227*x12*x13/1000000 + 1529*x12*x14/40000 + 23839*x12*x15/2500000 + 6761*x12*x16/500000 + 2567*x12*x17/250000 + 1801*x12*x2/125000 + 10831*x12*x3/1000000 + 30287*x12*x4/5000000 + 17853*x12*x5/500000 + 65111*x12*x6/10000000 + 3523*x12*x7/100000 - 20217*x12*x8/100000 + 6599*x12*x9/500000 - 44023*x12/100000 + 551*x13**2/50 + 10509*x13*x14/250000 + 4203*x13*x15/125000 + 19353*x13*x16/500000 + 34401*x13*x17/1000000 + 4411*x13*x2/250000 + 6533*x13*x3/500000 + 13563*x13*x4/2000000 + 19343*x13*x5/500000 + 36759*x13*x6/5000000 + 19047*x13*x7/500000 - 16099*x13*x8/100000 + 19543*x13*x9/500000 - 2813*x13/5000 + 1107*x14**2/100 - 33039*x14*x15/5000000 + 33297*x14*x16/500000 + 15979*x14*x17/1000000 + 68107*x14*x2/1000000 + 17211*x14*x3/1000000 - 36191*x14*x4/1000000 + 17591*x14*x5/200000 - 3113*x14*x6/250000 + 13113*x14*x7/200000 - 5347*x14*x8/50000 + 13573*x14*x9/200000 - 78197*x14/100000 + 5509*x15**2/500 + 789*x15*x16/62500 + 993*x15*x17/31250 + 13441*x15*x2/1000000 + 32299*x15*x3/1000000 + 5567*x15*x4/200000 + 12667*x15*x5/1000000 + 28187*x15*x6/1000000 + 34421*x15*x7/1000000 - 17789*x15*x8/100000 + 34679*x15*x9/1000000 - 41561*x15/100000 + 11033*x16**2/1000 + 13523*x16*x17/1000000 + 41929*x16*x2/1000000 + 14523*x16*x3/1000000 - 14177*x16*x4/1000000 + 20299*x16*x5/500000 - 6741*x16*x6/500000 + 4989*x16*x7/125000 - 7629*x16*x8/50000 + 20639*x16*x9/500000 - 15893*x16/25000 + 5507*x17**2/500 + 7193*x17*x2/500000 + 33003*x17*x3/1000000 + 3051*x17*x4/500000 + 2233*x17*x5/62500 + 1147*x17*x6/40000 + 35253*x17*x7/1000000 - 20239*x17*x8/100000 + 17701*x17*x9/500000 - 44023*x17/100000 + 2757*x2**2/250 - 29989*x2*x3/5000000 - 6891*x2*x4/500000 + 1047*x2*x5/25000 - 1713*x2*x6/125000 + 10287*x2*x7/250000 - 3673*x2*x8/25000 + 42747*x2*x9/1000000 - 68497*x2/100000 + 5507*x3**2/500 + 31017*x3*x4/5000000 + 14523*x3*x5/1000000 + 33407*x3*x6/5000000 + 14033*x3*x7/1000000 - 16927*x3*x8/100000 + 14667*x3*x9/1000000 - 48873*x3/100000 + 2753*x4**2/250 - 14813*x4*x5/1000000 + 24451*x4*x6/500000 + 8993*x4*x7/1250000 - 6437*x4*x8/25000 + 59109*x4*x9/10000000 - 19699*x4/100000 + 5517*x5**2/500 + 16021*x5*x6/2000000 + 4989*x5*x7/125000 - 7629*x5*x8/50000 + 20639*x5*x9/500000 - 15893*x5/25000 + 5503*x6**2/500 + 7789*x6*x7/1000000 - 25473*x6*x8/100000 + 66221*x6*x9/10000000 - 11043*x6/50000 + 11029*x7**2/1000 - 7771*x7*x8/50000 + 10133*x7*x9/250000 - 6111*x7/10000 + 3539*x8**2/250 - 13601*x8*x9/100000 - 28119*x8/10000 + 2207*x9**2/200 - 73347*x9/100000 + 489/40",
    "Q": "[[12.224976499433492, -0.3646798323890963, -1.4060282119761753, -0.30693565334143447, -0.10810292168653667, -0.3140406782083059, -0.10359299479164005, -0.24330017050626357, -0.33746462971239227, -0.22200992562219168, -0.3165648970693357, -0.20381237424002216, -0.39091172576410615, -0.2783679279399972, -0.22273691145966118, -0.279513644980923, -0.14768730674462188, -0.16278601951082416], [-0.3646798323890963, 11.035154597402942, -0.06858964455213412, 0.022395999971382422, 0.0023860479574980124, 0.02194396198388304, 4.812932083875311e-05, 0.011630103259684341, 0.019197336102030473, 0.014291460640909682, 0.020090975745282607, 0.012041172903203933, 0.031412243594051155, 0.01740413666638759, 0.010726284586105592, 0.02000747921326407, 0.0016826453462512956, 0.008651680435084422], [-1.4060282119761753, -0.06858964455213412, 14.156242406527655, -0.07690705240755227, -0.12407123254850089, -0.0733123746224352, -0.12187736680884784, -0.08190401411320046, -0.07255618987944884, -0.09470828900310632, -0.07559007071932035, -0.09457979844138525, -0.05824938132791012, -0.08272070005285724, -0.09652198215415228, -0.08413538353431363, -0.10429921701954054, -0.04954931760242531], [-0.30693565334143447, 0.022395999971382422, -0.07690705240755227, 11.028418518239448, -0.0007226748440295681, 0.02209100335678553, 0.001634075718152884, 0.009975264034703217, 0.020909513829729488, 0.01342503511171639, 0.02188995994346073, 0.014105078297123099, 0.029714752775869113, 0.015966705928012557, 0.014279783172200194, 0.017727447739061455, 0.0063327744325338735, 0.009147696384548622], [-0.10810292168653667, 0.0023860479574980124, -0.12407123254850089, -0.0007226748440295681, 11.005975115655586, -0.00076285968105003, 0.019172538165226252, 0.007652338185545971, -0.007861213508944753, 0.010703895408815431, -0.002751640569165623, 0.010526531936676879, -0.005148678666858781, 0.006176771430116845, 0.00098369942012341, 0.0057741715341026656, 0.009389243363678659, 0.011318455550986666], [-0.3140406782083059, 0.02194396198388304, -0.0733123746224352, 0.02209100335678553, -0.00076285968105003, 11.033578339550441, -0.012644984844174796, 0.011290639498353999, 0.01936834392850389, 0.01293334361937363, 0.022536837159582105, 0.007254460292963365, 0.03954343812268609, 0.014505559799439727, 0.014235504410212155, 0.021041167168043433, -0.00623092774474509, 0.0016170437987379593], [-0.10359299479164005, 4.812932083875311e-05, -0.12187736680884784, 0.001634075718152884, 0.019172538165226252, -0.012644984844174796, 11.011951636441292, 0.003150218168881551, -0.004969945555126715, 0.008197654135807054, -0.0030901522648961693, 0.014078966929140083, -0.01332886867104229, 0.00519335055645797, 0.0035574721878140823, -0.004079639238274115, 0.025620739724089212, 0.0188068617275308], [-0.24330017050626357, 0.011630103259684341, -0.08190401411320046, 0.009975264034703217, 0.007652338185545971, 0.011290639498353999, 0.003150218168881551, 11.01361472267354, -0.001027681370954951, 0.012352718515846791, 0.0063357634392225935, 0.011973763849248862, 0.011748069988319511, 0.010255958084548654, 0.0027091317905641437, 0.01403855158275059, -0.0032953902378952582, 0.010219340573413463], [-0.33746462971239227, 0.019197336102030473, -0.07255618987944884, 0.020909513829729488, -0.007861213508944753, 0.01936834392850389, -0.004969945555126715, -0.001027681370954951, 11.027429797332587, 0.006543292051437527, 0.020870400193471247, 0.007007748168409655, 0.030176366960567115, 0.010640456028623483, 0.009454001977239671, 0.011473292749759296, 0.006108021343158937, 0.007911952306758892], [-0.22200992562219168, 0.014291460640909682, -0.09470828900310632, 0.01342503511171639, 0.010703895408815431, 0.01293334361937363, 0.008197654135807054, 0.012352718515846791, 0.006543292051437527, 11.01424017846695, 0.005128090762057599, 0.01598971684701287, 0.010973713376681541, 0.012245737987874641, 0.007850428336855095, 0.013045228803664167, 0.004665450464441929, 0.010501809547215734], [-0.3165648970693357, 0.020090975745282607, -0.07559007071932035, 0.02188995994346073, -0.002751640569165623, 0.022536837159582105, -0.0030901522648961693, 0.0063357634392225935, 0.020870400193471247, 0.005128090762057599, 11.032945279929994, 0.006411784711842089, 0.03690760001385019, 0.01447556882597185, 0.012260819637514997, 0.01868496922053535, 0.004512969029681744, 0.006217533184930418], [-0.20381237424002216, 0.012041172903203933, -0.09457979844138525, 0.014105078297123099, 0.010526531936676879, 0.007254460292963365, 0.014078966929140083, 0.011973763849248862, 0.007007748168409655, 0.01598971684701287, 0.006411784711842089, 11.017886448856308, -0.0017564967591839555, 0.014994005404060866, 0.0049035930859822035, 0.007378076254353998, 0.014449507043539403, 0.014932475487860091], [-0.39091172576410615, 0.031412243594051155, -0.05824938132791012, 0.029714752775869113, -0.005148678666858781, 0.03954343812268609, -0.01332886867104229, 0.011748069988319511, 0.030176366960567115, 0.010973713376681541, 0.03690760001385019, -0.0017564967591839555, 11.069551324219747, 0.01614181191640502, 0.022533588431755295, 0.0311811520461778, -0.006397455198281515, 0.0034507167232615318], [-0.2783679279399972, 0.01740413666638759, -0.08272070005285724, 0.015966705928012557, 0.006176771430116845, 0.014505559799439727, 0.00519335055645797, 0.010255958084548654, 0.010640456028623483, 0.012245737987874641, 0.01447556882597185, 0.014994005404060866, 0.01614181191640502, 11.020154683743995, 0.0026693326179999415, 0.015341489551260244, 0.002095297736300752, 0.00936847634915309], [-0.22273691145966118, 0.010726284586105592, -0.09652198215415228, 0.014279783172200194, 0.00098369942012341, 0.014235504410212155, 0.0035574721878140823, 0.0027091317905641437, 0.009454001977239671, 0.007850428336855095, 0.012260819637514997, 0.0049035930859822035, 0.022533588431755295, 0.0026693326179999415, 11.011925043240595, 0.008331562102810247, 0.012191010865628835, 0.009607931283275367], [-0.279513644980923, 0.02000747921326407, -0.08413538353431363, 0.017727447739061455, 0.0057741715341026656, 0.021041167168043433, -0.004079639238274115, 0.01403855158275059, 0.011473292749759296, 0.013045228803664167, 0.01868496922053535, 0.007378076254353998, 0.0311811520461778, 0.015341489551260244, 0.008331562102810247, 11.027432698750982, -0.020336272894667908, -0.0011133653781893195], [-0.14768730674462188, 0.0016826453462512956, -0.10429921701954054, 0.0063327744325338735, 0.009389243363678659, -0.00623092774474509, 0.025620739724089212, -0.0032953902378952582, 0.006108021343158937, 0.004665450464441929, 0.004512969029681744, 0.014449507043539403, -0.006397455198281515, 0.002095297736300752, 0.012191010865628835, -0.020336272894667908, 11.033158161596031, 0.028865610839906363], [-0.16278601951082416, 0.008651680435084422, -0.04954931760242531, 0.009147696384548622, 0.011318455550986666, 0.0016170437987379593, 0.0188068617275308, 0.010219340573413463, 0.007911952306758892, 0.010501809547215734, 0.006217533184930418, 0.014932475487860091, 0.0034507167232615318, 0.00936847634915309, 0.009607931283275367, -0.0011133653781893195, 0.028865610839906363, 11.005499417960925]]",
    "monomial_list": "[1, x9, x8, x7, x6, x5, x4, x3, x2, x17, x16, x15, x14, x13, x12, x11, x10, x1]"
}