{
    "name": "Multiplier-2",
    "rational_expression": "11037*x1**2/1000 + 40323*x1*x10/500000 + 3413*x1*x11/250000 + 34133*x1*x12/1000000 + 4717*x1*x13/125000 + 19349*x1*x14/2500000 + 15593*x1*x15/250000 + 22477*x1*x16/2500000 + 19707*x1*x17/500000 - 49547*x1*x2/1000000 + 33499*x1*x3/500000 + 3063*x1*x4/50000 + 97927*x1*x5/10000000 + 62297*x1*x6/1000000 + 31993*x1*x7/1000000 + 7541*x1*x8/200000 + 4209*x1*x9/125000 - 7169*x1/12500 + 1384*x10**2/125 - 15249*x10*x11/500000 + 1733*x10*x12/50000 + 15767*x10*x13/1000000 - 6627*x10*x14/500000 + 977*x10*x15/15625 + 23811*x10*x16/2500000 + 39571*x10*x17/1000000 - 16419*x10*x2/100000 + 337*x10*x3/15625 + 82163*x10*x4/1000000 - 3039*x10*x5/250000 + 39323*x10*x6/1000000 + 31571*x10*x7/1000000 + 37089*x10*x8/1000000 + 5501*x10*x9/500000 - 27509*x10/50000 + 2207*x11**2/200 + 189*x11*x12/15625 + 37279*x11*x13/1000000 + 30447*x11*x14/1000000 + 8603*x11*x15/500000 + 31441*x11*x16/1000000 + 7773*x11*x17/200000 - 8331*x11*x2/50000 + 42781*x11*x3/1000000 + 238*x11*x4/15625 + 31183*x11*x5/1000000 + 1019*x11*x6/62500 + 31161*x11*x7/1000000 + 7103*x11*x8/500000 + 16357*x11*x9/500000 - 5261*x11/10000 + 441*x12**2/40 + 671*x12*x13/50000 + 29761*x12*x14/1000000 + 238*x12*x15/15625 + 42241*x12*x16/5000000 + 14821*x12*x17/1000000 - 20171*x12*x2/100000 + 887*x12*x3/50000 + 13157*x12*x4/1000000 + 468*x12*x5/15625 + 3523*x12*x6/250000 + 2993*x12*x7/100000 + 3067*x12*x8/250000 + 90867*x12*x9/10000000 - 45459*x12/100000 + 5519*x13**2/500 + 17977*x13*x14/2000000 + 41623*x13*x15/1000000 + 1023*x13*x16/100000 + 10229*x13*x17/250000 - 1987*x13*x2/12500 + 4563*x13*x3/100000 + 39659*x13*x4/1000000 + 10203*x13*x5/1000000 + 8161*x13*x6/200000 + 32403*x13*x7/1000000 + 19183*x13*x8/500000 + 683*x13*x9/20000 - 747*x13/1250 + 1379*x14**2/125 - 229*x14*x15/20000 + 28117*x14*x16/1000000 + 49607*x14*x17/5000000 - 1937*x14*x2/10000 + 5581*x14*x3/500000 - 3499*x14*x4/250000 + 49319*x14*x5/1000000 + 88929*x14*x6/10000000 + 3387*x14*x7/125000 + 38707*x14*x8/5000000 + 27937*x14*x9/1000000 - 7169*x14/25000 + 11059*x15**2/1000 + 463*x15*x16/40000 + 1647*x15*x17/25000 - 14851*x15*x2/100000 + 1433*x15*x3/20000 + 64681*x15*x4/1000000 + 11833*x15*x5/1000000 + 43769*x15*x6/1000000 + 17017*x15*x7/500000 + 40943*x15*x8/1000000 + 18033*x15*x9/500000 - 69319*x15/100000 + 11021*x16**2/1000 + 11267*x16*x17/1000000 - 18821*x16*x2/100000 + 6533*x16*x3/500000 + 19383*x16*x4/2000000 + 1397*x16*x5/50000 + 5193*x16*x6/500000 + 27917*x16*x7/1000000 + 90411*x16*x8/10000000 + 5779*x16*x9/200000 - 8373*x16/25000 + 5523*x17**2/500 - 1887*x17*x2/12500 + 48457*x17*x3/1000000 + 8347*x17*x4/200000 + 6727*x17*x5/200000 + 269*x17*x6/6250 + 6727*x17*x7/200000 + 8061*x17*x8/200000 + 35587*x17*x9/1000000 - 8373*x17/12500 + 1417*x2**2/100 - 47041*x2*x3/500000 - 16467*x2*x4/100000 - 3933*x2*x5/20000 - 15873*x2*x6/100000 - 3933*x2*x7/20000 - 8457*x2*x8/50000 - 3317*x2*x9/20000 - 27257*x2/10000 + 11069*x3**2/1000 + 49373*x3*x4/1000000 + 1981*x3*x5/125000 + 2559*x3*x6/50000 + 1587*x3*x7/100000 + 11849*x3*x8/250000 + 1863*x3*x9/100000 - 93253*x3/100000 + 11063*x4**2/1000 - 10411*x4*x5/1000000 + 33007*x4*x6/500000 + 11811*x4*x7/1000000 + 40943*x4*x8/1000000 + 1733*x4*x9/125000 - 69319*x4/100000 + 441*x5**2/40 + 1261*x5*x6/100000 + 7283*x5*x7/250000 + 10979*x5*x8/1000000 + 30331*x5*x9/1000000 - 40643*x5/100000 + 1382*x6**2/125 + 1579*x6*x7/125000 + 42243*x6*x8/1000000 + 7411*x6*x9/500000 - 14827*x6/20000 + 441*x7**2/40 + 16601*x7*x8/500000 + 30331*x7*x9/1000000 - 40643*x7/100000 + 5521*x8**2/500 + 6453*x8*x9/500000 - 2018*x8/3125 + 2757*x9**2/250 - 23897*x9/50000 + 2391/200",
    "Q": "[[11.955124558154296, -0.2388469890178544, -0.32763156843452224, -0.20339121594573464, -0.37320085168251704, -0.20554281989968032, -0.3494210274083805, -0.46344530973604847, -1.3660559039650586, -0.32990686563561017, -0.17156000032523744, -0.3427775669553041, -0.14637927173177387, -0.29866257272605684, -0.23085589208676074, -0.2606411934761018, -0.27303085256913456, -0.28944441847478325], [-0.2388469890178544, 11.028214745543693, 0.007856636492321312, 0.01418136297223178, 0.01079206774011862, 0.011695551061923883, 0.009665475106847383, 0.014393823433091623, -0.0869125008056101, 0.015813755819004092, 0.009673998887060881, 0.016028514420579048, 0.013934146905709273, 0.014514843014152725, 0.008003654506111176, 0.013825249812709325, 0.00731113730831234, 0.012564650077934404], [-0.32763156843452224, 0.007856636492321312, 11.04194582147149, 0.011521093815003365, 0.019924147466279987, 0.008153508818806117, 0.022656296258736597, 0.02185339032263316, -0.08130897490164186, 0.01919586745426696, 0.006593342715476282, 0.023986390807596587, 0.004534572216722658, 0.014260936626260769, 0.010842301819408647, 0.009429187521314508, 0.02254007318257927, 0.023603603561581355], [-0.20339121594573464, 0.01418136297223178, 0.011521093815003365, 11.025031344727783, 0.0056039053868880764, 0.012792626202107357, 0.009625842034469697, 0.01147117256333544, -0.09291544339475061, 0.014449782539412478, 0.012593450933576007, 0.01744290797996775, 0.014271478713228022, 0.013396335669687794, 0.01148718442595353, 0.011932937216624398, 0.011335220313125043, 0.012518899481663586], [-0.37320085168251704, 0.01079206774011862, 0.019924147466279987, 0.0056039053868880764, 11.05563186453117, 0.005097584895415561, 0.03134239987617764, 0.02660339288406001, -0.08282942009112858, 0.022456915554976628, 0.0018505209992781837, 0.02453930531303002, -0.0007278398803274745, 0.016990614791958354, 0.006182568145540337, 0.013060199357483416, 0.02092373960505243, 0.026059848285903034], [-0.20554281989968032, 0.011695551061923883, 0.008153508818806117, 0.012792626202107357, 0.005097584895415561, 11.025601646578956, -0.005810022567606432, 0.0116354442196243, -0.09252634396651824, 0.012602023883345288, 0.011045189733181957, 0.009186581456342066, 0.020355674854369163, 0.01036920029092552, 0.00995980851630305, 0.013518264445569793, -0.0026535634265305525, 0.003877186831937301], [-0.3494210274083805, 0.009665475106847383, 0.022656296258736597, 0.009625842034469697, 0.03134239987617764, -0.005810022567606432, 11.063682143216337, 0.022627050622347235, -0.08053359964635332, 0.02129261550141831, 0.0028887322461513066, 0.030318134473011717, -0.00750718618714423, 0.01731602748968216, 0.010359000386735541, 0.003741953923310339, 0.04081728673062385, 0.03565915732465901], [-0.46344530973604847, 0.014393823433091623, 0.02185339032263316, 0.01147117256333544, 0.02660339288406001, 0.0116354442196243, 0.022627050622347235, 11.068930524748785, -0.048790480384366904, 0.026923534597353537, 0.004486008619384325, 0.02996716433872029, 0.005205216887466388, 0.020556264767458175, 0.007365163042880261, 0.019421484062991386, 0.011312914328659943, 0.027930914257588937], [-1.3660559039650586, -0.0869125008056101, -0.08130897490164186, -0.09291544339475061, -0.08282942009112858, -0.09252634396651824, -0.08053359964635332, -0.048790480384366904, 14.17071694713441, -0.07671809947633901, -0.09902755732006188, -0.06989231284032929, -0.09943961735812872, -0.078423594944332, -0.09578711396128187, -0.08900372232957843, -0.07989400218061951, -0.025942216913928968], [-0.32990686563561017, 0.015813755819004092, 0.01919586745426696, 0.014449782539412478, 0.022456915554976628, 0.012602023883345288, 0.02129261550141831, 0.026923534597353537, -0.07671809947633901, 11.04653621025433, 0.003969857791381323, 0.02818115690323507, 0.006314231188817623, 0.018722279468605496, 0.010854764107741572, 0.015636457369953977, 0.015529596620621039, 0.022466651189348753], [-0.17156000032523744, 0.009673998887060881, 0.006593342715476282, 0.012593450933576007, 0.0018505209992781837, 0.011045189733181957, 0.0028887322461513066, 0.004486008619384325, -0.09902755732006188, 0.003969857791381323, 11.021397744456047, 0.007230480479620266, 0.018394807468852453, 0.009537312405936568, 0.007879903675581983, 0.010786163258756818, 0.007243864835010898, 0.007043723154994394], [-0.3427775669553041, 0.016028514420579048, 0.023986390807596587, 0.01744290797996775, 0.02453930531303002, 0.009186581456342066, 0.030318134473011717, 0.02996716433872029, -0.06989231284032929, 0.02818115690323507, 0.007230480479620266, 11.058725532539713, -0.003677579908725215, 0.024169986147048152, 0.009832000962645852, 0.012076390125170991, 0.02865790047028122, 0.03001915663833256], [-0.14637927173177387, 0.013934146905709273, 0.004534572216722658, 0.014271478713228022, -0.0007278398803274745, 0.020355674854369163, -0.00750718618714423, 0.005205216887466388, -0.09943961735812872, 0.006314231188817623, 0.018394807468852453, -0.003677579908725215, 11.032019356475079, 0.006592503644324793, 0.014022289921785086, 0.01747801376316355, -0.005230712499811494, 0.0014768972903027094], [-0.29866257272605684, 0.014514843014152725, 0.014260936626260769, 0.013396335669687794, 0.016990614791958354, 0.01036920029092552, 0.01731602748968216, 0.020556264767458175, -0.078423594944332, 0.018722279468605496, 0.009537312405936568, 0.024169986147048152, 0.006592503644324793, 11.038244625232016, 0.003628049310131425, 0.014634905173790964, 0.011076145000904241, 0.018356070764785605], [-0.23085589208676074, 0.008003654506111176, 0.010842301819408647, 0.01148718442595353, 0.006182568145540337, 0.00995980851630305, 0.010359000386735541, 0.007365163042880261, -0.09578711396128187, 0.010854764107741572, 0.007879903675581983, 0.009832000962645852, 0.014022289921785086, 0.003628049310131425, 11.025148556795932, 0.006454766780735583, 0.017608977069261376, 0.014697000078201771], [-0.2606411934761018, 0.013825249812709325, 0.009429187521314508, 0.011932937216624398, 0.013060199357483416, 0.013518264445569793, 0.003741953923310339, 0.019421484062991386, -0.08900372232957843, 0.015636457369953977, 0.010786163258756818, 0.012076390125170991, 0.01747801376316355, 0.014634905173790964, 0.006454766780735583, 11.03501966202421, -0.015336127249714927, 0.0040176206304320455], [-0.27303085256913456, 0.00731113730831234, 0.02254007318257927, 0.011335220313125043, 0.02092373960505243, -0.0026535634265305525, 0.04081728673062385, 0.011312914328659943, -0.07989400218061951, 0.015529596620621039, 0.007243864835010898, 0.02865790047028122, -0.005230712499811494, 0.011076145000904241, 0.017608977069261376, -0.015336127249714927, 11.071813851881872, 0.0431124309187649], [-0.28944441847478325, 0.012564650077934404, 0.023603603561581355, 0.012518899481663586, 0.026059848285903034, 0.003877186831937301, 0.03565915732465901, 0.027930914257588937, -0.025942216913928968, 0.022466651189348753, 0.007043723154994394, 0.03001915663833256, 0.0014768972903027094, 0.018356070764785605, 0.014697000078201771, 0.0040176206304320455, 0.0431124309187649, 11.037816750635745]]",
    "monomial_list": "[1, x9, x8, x7, x6, x5, x4, x3, x2, x17, x16, x15, x14, x13, x12, x11, x10, x1]"
}