{
    "name": "Multiplier-16",
    "rational_expression": "11031*x1**2/1000 + 81839*x1*x10/1000000 - 14411*x1*x11/1000000 + 5071*x1*x12/500000 + 2999*x1*x13/250000 - 3989*x1*x14/200000 + 20067*x1*x15/500000 - 39427*x1*x16/500000 + 19753*x1*x17/500000 + 52279*x1*x2/10000000 + 19127*x1*x3/500000 + 12001*x1*x4/200000 - 7197*x1*x5/500000 + 36451*x1*x6/1000000 + 8309*x1*x7/1000000 + 17319*x1*x8/500000 + 5043*x1*x9/500000 - 7417*x1/12500 + 2767*x10**2/250 - 14401*x10*x11/250000 + 32757*x10*x12/1000000 + 3087*x10*x13/250000 - 41377*x10*x14/1000000 + 40113*x10*x15/1000000 - 16597*x10*x16/100000 + 4143*x10*x17/250000 + 50799*x10*x2/10000000 - 30671*x10*x3/5000000 + 80959*x10*x4/1000000 - 15359*x10*x5/1000000 + 17931*x10*x6/500000 + 79807*x10*x7/10000000 + 34161*x10*x8/1000000 - 11819*x10*x9/1000000 - 11389*x10/20000 + 1376*x11**2/125 + 62093*x11*x12/10000000 + 1749*x11*x13/250000 + 28623*x11*x14/10000000 + 9317*x11*x15/1000000 - 5621*x11*x16/25000 + 37757*x11*x17/5000000 + 23813*x11*x2/10000000 + 17631*x11*x3/2500000 - 3693*x11*x4/250000 + 313*x11*x5/100000 + 313*x11*x6/50000 + 9141*x11*x7/2500000 + 27423*x11*x8/5000000 + 71*x11*x9/16000 - 13059*x11/50000 + 1376*x12**2/125 - 3201*x12*x13/250000 + 30309*x12*x14/10000000 + 11977*x12*x15/1000000 - 2149*x12*x16/10000 + 5151*x12*x17/500000 + 32583*x12*x2/10000000 - 11907*x12*x3/1000000 + 46299*x12*x4/5000000 + 42733*x12*x5/10000000 + 85467*x12*x6/10000000 + 9973*x12*x7/2000000 + 74713*x12*x8/10000000 + 60563*x12*x9/10000000 - 35609*x12/100000 + 2203*x13**2/200 - 1149*x13*x14/62500 + 36231*x13*x15/1000000 - 10381*x13*x16/50000 + 387*x13*x17/31250 + 19301*x13*x2/5000000 + 11547*x13*x3/1000000 + 2779*x13*x4/250000 + 641*x13*x5/125000 + 641*x13*x6/62500 + 59883*x13*x7/10000000 + 11221*x13*x8/1250000 + 2907*x13*x9/400000 - 8549*x13/20000 + 2201*x14**2/200 - 10311*x14*x15/250000 - 197*x14*x16/800 - 20239*x14*x17/1000000 + 1751*x14*x2/3125000 - 1013*x14*x3/50000 - 2709*x14*x4/62500 + 22759*x14*x5/1000000 - 21063*x14*x6/1000000 + 67001*x14*x7/100000000 - 20509*x14*x8/1000000 + 40611*x14*x9/50000000 - 5977*x14/125000 + 5523*x15**2/500 - 15637*x15*x16/100000 + 41567*x15*x17/1000000 + 29503*x15*x2/5000000 + 20089*x15*x3/500000 + 19823*x15*x4/500000 - 13533*x15*x5/1000000 + 38171*x15*x6/1000000 + 23291*x15*x7/2500000 + 7231*x15*x8/200000 + 11309*x15*x9/1000000 - 16627*x15/25000 + 14119*x16**2/1000 - 8543*x16*x17/50000 - 873*x16*x2/4000 - 479*x16*x3/3125 - 4461*x16*x4/25000 - 21197*x16*x5/100000 - 20447*x16*x6/100000 - 20723*x16*x7/100000 - 4233*x16*x8/20000 - 9991*x16*x9/50000 - 12463*x16/5000 + 11037*x17**2/1000 - 15353*x17*x2/1000000 + 10203*x17*x3/250000 + 40169*x17*x4/1000000 + 82307*x17*x5/10000000 + 7743*x17*x6/200000 + 96447*x17*x7/10000000 + 3611*x17*x8/250000 + 2341*x17*x9/200000 - 34413*x17/50000 + 5499*x2**2/500 - 9659*x2*x3/250000 - 2007*x2*x4/125000 + 12971*x2*x5/5000000 - 3413*x2*x6/200000 + 6011*x2*x7/2000000 - 1063*x2*x8/62500 + 36451*x2*x9/10000000 - 4289*x2/20000 + 1379*x3**2/125 + 4177*x3*x4/250000 + 76647*x3*x5/10000000 + 37583*x3*x6/1000000 + 11221*x3*x7/1250000 + 13471*x3*x8/1000000 + 10901*x3*x9/1000000 - 64117*x3/100000 + 11049*x4**2/1000 - 4621*x4*x5/125000 + 59227*x4*x6/1000000 + 43243*x4*x7/5000000 + 549*x4*x8/15625 + 5247*x4*x9/500000 - 30863*x4/50000 + 5503*x5**2/500 - 14711*x5*x6/1000000 + 39903*x5*x7/10000000 + 5977*x5*x8/1000000 + 48393*x5*x9/10000000 - 3559*x5/12500 + 5517*x6**2/500 - 13513*x6*x7/1000000 + 5977*x6*x8/500000 + 96787*x6*x9/10000000 - 11389*x6/20000 + 11007*x7**2/1000 + 13969*x7*x8/2000000 + 1767*x7*x9/312500 - 16627*x7/50000 + 551*x8**2/50 - 13031*x8*x9/1000000 - 9969*x8/20000 + 1101*x9**2/100 - 20177*x9/50000 + 1187/100",
    "Q": "[[11.869637990766826, -0.20255754907808607, -0.24373874363415468, -0.17039918536101692, -0.28119510365393596, -0.1405575384183148, -0.30714463556658544, -0.3232260585631095, -0.1125778495600838, -0.3391739861416013, -1.2518891054414998, -0.336724372714302, -0.024504068110353588, -0.21791396799121446, -0.17368493237891597, -0.13289514924341228, -0.28320899143732764, -0.30115294118482966], [-0.20255754907808607, 11.010817665787663, -0.001843285662283375, 0.004212758654022522, 0.0024136120433794358, 0.0015536527059055855, 0.0015705388847211692, 0.0025625566777680887, -0.0001410155899708571, 0.007202408807086874, -0.10203993103210231, 0.006535270123562513, 0.0018834624430458327, 0.004196852506655857, -0.0007144204297869436, 0.003170961482103629, -0.0009970790456199047, 0.004656947272508988], [-0.24373874363415468, -0.001843285662283375, 11.019704637324164, 0.0021947356860038177, 0.011001598945951735, -0.0015086898778054374, 0.01459046755600765, 0.008295766409349663, -0.005674491212928938, 0.010451305528046788, -0.10117160245853211, 0.014521855653208357, -0.0067038646128947926, 0.003639024231111385, 0.002765175533336626, -0.0012951033611251087, 0.0154733447503585, 0.015782368599314905], [-0.17039918536101692, 0.004212758654022522, 0.0021947356860038177, 11.007618402839363, -0.00281539072384777, 0.002557439785384596, 0.0014780605578492158, 0.0001844906257367264, 0.0030516531214789503, 0.005182017332250976, -0.10732938676680175, 0.00761995679653616, 0.002340131869880364, 0.0030356853695263832, 0.002895479144263041, 0.0015055916058346569, 0.002890614789224507, 0.00423196844000284], [-0.28119510365393596, 0.0024136120433794358, 0.011001598945951735, -0.00281539072384777, 11.033249310544885, -0.003556263550294847, 0.02422854917751747, 0.01332761053363177, -0.010303811453336394, 0.014884492704250206, -0.10268502523532304, 0.015912705046577994, -0.01083328753037932, 0.0072959501298036425, -0.0012232392308965923, 0.0033630712339595744, 0.014454250648504063, 0.0188675043708007], [-0.1405575384183148, 0.0015536527059055855, -0.0015086898778054374, 0.002557439785384596, -0.003556263550294847, 11.005228963668618, -0.015324154048488775, -0.000835967150937816, -0.00015379421699979128, 0.0026782681267570733, -0.11108631078640821, -0.0018512870616262296, 0.009416284881918344, -0.00033244761290122986, 0.0015400177005609648, 0.0032899375102109297, -0.012474922412824377, -0.00587999651853002], [-0.30714463556658544, 0.0015705388847211692, 0.01459046755600765, 0.0014780605578492158, 0.02422854917751747, -0.015324154048488775, 11.049165132301518, 0.011262822027700249, -0.006341741349572129, 0.014949265795099797, -0.0941290205224931, 0.023662667268671618, -0.01889862520867783, 0.00831783294558064, 0.0031941117956268148, -0.00641171575180442, 0.03726189580975384, 0.031161791182243184], [-0.3232260585631095, 0.0025625566777680887, 0.008295766409349663, 0.0001844906257367264, 0.01332761053363177, -0.000835967150937816, 0.011262822027700249, 11.032234241226279, -0.01353803761437978, 0.01630037670128765, -0.0793314254526961, 0.01813154306980284, -0.009792064879553026, 0.00618486785776495, -0.0034660790909200115, 0.004087766581035894, 0.0019572482917015583, 0.01804740087498713], [-0.1125778495600838, -0.0001410155899708571, -0.005674491212928938, 0.0030516531214789503, -0.010303811453336394, -0.00015379421699979128, -0.006341741349572129, -0.01353803761437978, 10.997646736377646, -0.003682216317060774, -0.1133801254930424, -0.001779658376332675, 0.003484419481522523, -0.003266282614071349, -0.0017333054341497549, -0.004219435087414266, 0.0011862391866801917, 0.0002695417685344466], [-0.3391739861416013, 0.007202408807086874, 0.010451305528046788, 0.005182017332250976, 0.014884492704250206, 0.0026782681267570733, 0.014949265795099797, 0.01630037670128765, -0.003682216317060774, 11.036369494279707, -0.08672373621532864, 0.02188141181631478, -0.007507822919529576, 0.009065749681942094, 0.0024102051416678345, 0.004300698098443292, 0.009587612161484583, 0.017732950688826826], [-1.2518891054414998, -0.10203993103210231, -0.10117160245853211, -0.10732938676680175, -0.10268502523532304, -0.11108631078640821, -0.0941290205224931, -0.0793314254526961, -0.1133801254930424, -0.08672373621532864, 14.12037405924699, -0.08186114259345882, -0.12568258695298132, -0.09920727908970087, -0.11131824787921511, -0.11526916392367025, -0.08684106235206927, -0.033830888099028456], [-0.336724372714302, 0.006535270123562513, 0.014521855653208357, 0.00761995679653616, 0.015912705046577994, -0.0018512870616262296, 0.023662667268671618, 0.01813154306980284, -0.001779658376332675, 0.02188141181631478, -0.08186114259345882, 11.046771725953468, -0.01900450259043718, 0.013875999464296691, 0.0005140802319223494, -0.0004903743013493323, 0.023349311085025685, 0.025241330910118865], [-0.024504068110353588, 0.0018834624430458327, -0.0067038646128947926, 0.002340131869880364, -0.01083328753037932, 0.009416284881918344, -0.01889862520867783, -0.009792064879553026, 0.003484419481522523, -0.007507822919529576, -0.12568258695298132, -0.01900450259043718, 11.005601727503427, -0.005984919550612172, 0.00476275417508388, 0.006867500534569736, -0.01776738257936895, -0.011770737739216572], [-0.21791396799121446, 0.004196852506655857, 0.003639024231111385, 0.0030356853695263832, 0.0072959501298036425, -0.00033244761290122986, 0.00831783294558064, 0.00618486785776495, -0.003266282614071349, 0.009065749681942094, -0.09920727908970087, 0.013875999464296691, -0.005984919550612172, 11.014995084245632, -0.0058566395837861464, 0.0030021029511227916, 0.0023368592102981497, 0.009520180785468645], [-0.17368493237891597, -0.0007144204297869436, 0.002765175533336626, 0.002895479144263041, -0.0012232392308965923, 0.0015400177005609648, 0.0031941117956268148, -0.0034660790909200115, -0.0017333054341497549, 0.0024102051416678345, -0.11131824787921511, 0.0005140802319223494, 0.00476275417508388, -0.0058566395837861464, 11.007784983117006, -0.002331716323701957, 0.010985505010496548, 0.0072974217214308865], [-0.13289514924341228, 0.003170961482103629, -0.0012951033611251087, 0.0015055916058346569, 0.0033630712339595744, 0.0032899375102109297, -0.00641171575180442, 0.004087766581035894, -0.004219435087414266, 0.004300698098443292, -0.11526916392367025, -0.0004903743013493323, 0.006867500534569736, 0.0030021029511227916, -0.002331716323701957, 11.007457031642979, -0.02687435767353663, -0.00758719596309962], [-0.28320899143732764, -0.0009970790456199047, 0.0154733447503585, 0.002890614789224507, 0.014454250648504063, -0.012474922412824377, 0.03726189580975384, 0.0019572482917015583, 0.0011862391866801917, 0.009587612161484583, -0.08684106235206927, 0.023349311085025685, -0.01776738257936895, 0.0023368592102981497, 0.010985505010496548, -0.02687435767353663, 11.068159468601158, 0.04160484603556967], [-0.30115294118482966, 0.004656947272508988, 0.015782368599314905, 0.00423196844000284, 0.0188675043708007, -0.00587999651853002, 0.031161791182243184, 0.01804740087498713, 0.0002695417685344466, 0.017732950688826826, -0.033830888099028456, 0.025241330910118865, -0.011770737739216572, 0.009520180785468645, 0.0072974217214308865, -0.00758719596309962, 0.04160484603556967, 11.030753219260477]]",
    "monomial_list": "[1, x9, x8, x7, x6, x5, x4, x3, x2, x17, x16, x15, x14, x13, x12, x11, x10, x1]"
}