{
    "name": "Multiplier-17",
    "rational_expression": "11007*x1**2/1000 + 52559*x1*x10/1000000 - 3399*x1*x11/200000 + 1021*x1*x12/156250 + 7781*x1*x13/1250000 - 5981*x1*x14/500000 + 46049*x1*x15/10000000 - 57*x1*x16/5000 - 5201*x1*x17/50000 + 68939*x1*x2/10000000 + 39513*x1*x3/10000000 + 25207*x1*x4/1000000 - 16581*x1*x5/1000000 + 8239*x1*x6/5000000 + 62661*x1*x7/10000000 + 39513*x1*x8/10000000 + 10537*x1*x9/2000000 - 32929*x1/100000 + 11051*x10**2/1000 - 57991*x10*x11/1000000 + 12307*x10*x12/1250000 - 151*x10*x13/12500 - 30401*x10*x14/1000000 + 17701*x10*x15/2500000 - 263*x10*x16/40000 - 1003*x10*x17/5000 + 98643*x10*x2/10000000 - 16471*x10*x3/1000000 + 24373*x10*x4/500000 - 2273*x10*x5/62500 + 11969*x10*x6/5000000 - 3143*x10*x7/250000 + 28297*x10*x8/5000000 - 6993*x10*x9/500000 - 4699*x10/10000 + 11009*x11**2/1000 - 14677*x11*x12/1000000 + 65439*x11*x13/10000000 + 3961*x11*x14/125000 - 3271*x11*x15/200000 + 49733*x11*x16/5000000 - 22093*x11*x17/100000 - 1943*x11*x2/125000 + 34013*x11*x3/10000000 - 19639*x11*x4/1000000 + 4813*x11*x5/1000000 + 1411*x11*x6/1000000 + 53581*x11*x7/10000000 - 18109*x11*x8/1000000 + 22531*x11*x9/5000000 - 14097*x11/50000 + 1101*x12**2/100 - 222*x12*x13/15625 + 2977*x12*x14/250000 - 15437*x12*x15/1000000 + 1249*x12*x16/100000 - 2637*x12*x17/12500 + 3989*x12*x2/500000 - 8487*x12*x3/500000 + 8437*x12*x4/2500000 + 8013*x12*x5/1250000 - 4903*x12*x6/250000 + 17879*x12*x7/2500000 + 22531*x12*x8/5000000 + 60083*x12*x9/10000000 - 4699*x12/12500 + 5503*x13**2/500 - 2071*x13*x14/200000 + 1461*x13*x15/250000 + 5931*x13*x16/500000 - 1333*x13*x17/6250 - 14043*x13*x2/1000000 - 17249*x13*x3/1000000 + 6367*x13*x4/2000000 + 60181*x13*x5/10000000 + 3531*x13*x6/2000000 + 67033*x13*x7/10000000 - 17257*x13*x8/1000000 + 881*x13*x9/156250 - 35261*x13/100000 + 11053*x14**2/1000 - 36243*x14*x15/1000000 + 40863*x14*x16/1000000 - 7881*x14*x17/50000 + 22*x14*x2/625 - 14149*x14*x3/1000000 - 19481*x14*x4/500000 + 6527*x14*x5/200000 - 4129*x14*x6/100000 + 33791*x14*x7/1000000 - 14157*x14*x8/1000000 + 97747*x14*x9/10000000 - 61123*x14/100000 + 2201*x15**2/200 - 6779*x15*x16/500000 - 1413*x15*x17/6250 - 8281*x15*x2/500000 + 179*x15*x3/62500 + 21941*x15*x4/10000000 - 8753*x15*x5/500000 + 599*x15*x6/500000 + 22363*x15*x7/5000000 + 2843*x15*x8/1000000 - 3547*x15*x9/200000 - 23531*x15/100000 + 2207*x16**2/200 - 18217*x16*x17/100000 + 1347*x16*x2/100000 - 1731*x16*x3/125000 - 659*x16*x4/40000 + 10837*x16*x5/1000000 - 9493*x16*x6/500000 + 12061*x16*x7/1000000 - 13877*x16*x8/1000000 + 2539*x16*x9/250000 - 6349*x16/10000 + 113*x17**2/8 - 18687*x17*x2/100000 - 21027*x17*x3/100000 - 13129*x17*x4/50000 - 19821*x17*x5/100000 - 27281*x17*x6/100000 - 4839*x17*x7/25000 - 11647*x17*x8/50000 - 503*x17*x9/2500 - 12811*x17/5000 + 1377*x2**2/125 - 38363*x2*x3/1000000 - 17769*x2*x4/1000000 + 8449*x2*x5/1000000 - 654*x2*x6/15625 + 93823*x2*x7/10000000 - 1557*x2*x8/100000 + 15783*x2*x9/2000000 - 24679*x2/50000 + 11*x3**2 - 18881*x3*x4/1000000 - 4179*x3*x5/250000 + 1817*x3*x6/1250000 - 4037*x3*x7/250000 + 34007*x3*x8/10000000 - 1699*x3*x9/100000 - 14097*x3/50000 + 1377*x4**2/125 - 10193*x4*x5/250000 + 23271*x4*x6/1000000 - 1747*x4*x7/100000 + 25683*x4*x8/10000000 - 181*x4*x9/10000 - 4247*x4/20000 + 2203*x5**2/200 - 19491*x5*x6/1000000 + 19*x5*x7/2500 - 2087*x5*x8/125000 + 31947*x5*x9/5000000 - 999*x5/2500 + 2751*x6**2/250 - 9971*x6*x7/500000 + 179*x6*x8/125000 - 613*x6*x9/31250 - 2353*x6/20000 + 2203*x7**2/200 + 53581*x7*x8/10000000 + 17879*x7*x9/2500000 - 22347*x7/50000 + 2751*x8**2/250 - 1699*x8*x9/100000 - 14097*x8/50000 + 11009*x9**2/1000 - 4699*x9/12500 + 5877/500",
    "Q": "[[11.753782863128112, -0.19138589736997821, -0.13803139976291012, -0.21769508015017566, -0.05445711765378335, -0.19870549997568512, -0.10946717554875243, -0.14132637380254137, -0.24790291599109307, -1.2801431461659762, -0.3207081648854268, -0.11238116766432135, -0.310064415978416, -0.1745652838902683, -0.1911568467920996, -0.1448240717217623, -0.2374622407370827, -0.1678509764597711], [-0.19138589736997821, 11.009490310224699, -0.007510348470032296, 0.003812725609067579, -0.006524063086343646, 0.002746002272453521, -0.007870328797602905, -0.005384835635287801, 0.0022041023434339222, -0.10402632725273851, 0.004345427551624089, -0.003881985185267608, 0.01002801908842446, -7.21921796931203e-05, -0.0017926337622867214, 0.0018970267190829958, -0.007100500455085688, -0.002573554323227647], [-0.13803139976291012, -0.007510348470032296, 11.00325722283883, -0.002780156693913785, 0.0018380810098203506, -0.004859944947421316, 0.0033125041946187993, -0.003338113571698275, -0.007930774483992424, -0.11993737532191909, -0.004161797427090622, 0.0010472483478608356, -0.006147499146034612, -0.0038461753322779698, -0.00161723797937196, -0.005115617792376308, 0.004214083228684602, 0.0036966432740198753], [-0.21769508015017566, 0.003812725609067579, -0.002780156693913785, 11.014778458638702, -0.010628058040363611, 0.004966838054567871, -0.006949829500542262, -0.005293314115547305, 0.006407402310867425, -0.10148971333102386, 0.008609772202139819, -0.0009643743816098499, 0.011652043943965263, 0.0003395037404203833, 0.0025265512067720406, 0.0011948174030629874, -0.0016753964360375574, -0.0005936681021431903], [-0.05445711765378335, -0.006524063086343646, 0.0018380810098203506, -0.010628058040363611, 11.003891166557203, -0.009869437263571553, 0.012002417817107175, -0.001121432033497083, -0.015845443081535397, -0.13896147118871735, -0.013021995964251763, 0.0012833351478086614, -0.01601825310263847, -0.0027782186714674665, -0.007120391692400993, -0.002349744489501641, 3.48513015627169e-05, 0.0030343525815229966], [-0.19870549997568512, 0.002746002272453521, -0.004859944947421316, 0.004966838054567871, -0.009869437263571553, 11.015849078811312, -0.020601428941987066, -0.004489499274949359, 0.00422906415725313, -0.10136856229375348, 0.008395572106676212, -0.007702861925650803, 0.020046185855695797, -0.001449894030206798, 0.002328369328882862, 0.004045565479783732, -0.014595771506981664, -0.008373304741642995], [-0.10946717554875243, -0.007870328797602905, 0.0033125041946187993, -0.006949829500542262, 0.012002417817107175, -0.020601428941987066, 11.01573732454128, -0.00464952740168512, -0.011490685681058554, -0.12832918356333473, -0.010887478830934936, 0.005323622535065887, -0.021817313697006725, -0.0028411046936514354, -0.0036249776028102493, -0.011794048715925817, 0.019255670185540797, 0.012624583997307433], [-0.14132637380254137, -0.005384835635287801, -0.003338113571698275, -0.005293314115547305, -0.001121432033497083, -0.004489499274949359, -0.00464952740168512, 11.00000683189898, -0.014118869739034583, -0.10730628059383895, -0.006657868348648959, -0.002169079330161308, -0.005267962035120872, -0.004426537360908119, -0.00797120796756797, -0.0012367703885050334, -0.011359516250815637, 0.00043055448213463325], [-0.24790291599109307, 0.0022041023434339222, -0.007930774483992424, 0.006407402310867425, -0.015845443081535397, 0.00422906415725313, -0.011490685681058554, -0.014118869739034583, 11.016586955094363, -0.09452550733701812, 0.009849215885108177, -0.005847933761808983, 0.014288407344470034, -0.003012184659966114, -0.0003442596971687908, -0.0030687772857000643, 0.0006143605195260363, 0.00015837355287954164], [-1.2801431461659762, -0.10402632725273851, -0.11993737532191909, -0.10148971333102386, -0.13896147118871735, -0.10136856229375348, -0.12832918356333473, -0.10730628059383895, -0.09452550733701812, 14.125239926748373, -0.08675917445516355, -0.11845482419557589, -0.08306252297766187, -0.1082152145728523, -0.10999317570844375, -0.11422736146645822, -0.10024507334055108, -0.0569970357398378], [-0.3207081648854268, 0.004345427551624089, -0.004161797427090622, 0.008609772202139819, -0.013021995964251763, 0.008395572106676212, -0.010887478830934936, -0.006657868348648959, 0.009849215885108177, -0.08675917445516355, 11.034624738060717, -0.006879258681702967, 0.023837248648792223, 0.0014116747091634915, 0.0028104621382893653, 0.003975977129748365, 9.996681906813882e-05, -0.00032139118097059764], [-0.11238116766432135, -0.003881985185267608, 0.0010472483478608356, -0.0009643743816098499, 0.0012833351478086614, -0.007702861925650803, 0.005323622535065887, -0.002169079330161308, -0.005847933761808983, -0.11845482419557589, -0.006879258681702967, 11.00580912142041, -0.017933878506332518, 0.000622001050214544, -0.006077964886466832, -0.006817506313410673, 0.0052631480679554395, 0.00474565729565953], [-0.310064415978416, 0.01002801908842446, -0.006147499146034612, 0.011652043943965263, -0.01601825310263847, 0.020046185855695797, -0.021817313697006725, -0.005267962035120872, 0.014288407344470034, -0.08306252297766187, 0.023837248648792223, -0.017933878506332518, 11.053481542978055, -0.0009836118506330437, 0.010133616448098135, 0.01187548273651435, -0.012975818956106215, -0.005737933991124584], [-0.1745652838902683, -7.21921796931203e-05, -0.0038461753322779698, 0.0003395037404203833, -0.0027782186714674665, -0.001449894030206798, -0.0028411046936514354, -0.004426537360908119, -0.003012184659966114, -0.1082152145728523, 0.0014116747091634915, 0.000622001050214544, -0.0009836118506330437, 11.006225126596313, -0.008211950288066991, -3.251411881234317e-05, -0.006099166857027684, -0.0004569389001829617], [-0.1911568467920996, -0.0017926337622867214, -0.00161723797937196, 0.0025265512067720406, -0.007120391692400993, 0.002328369328882862, -0.0036249776028102493, -0.00797120796756797, -0.0003442596971687908, -0.10999317570844375, 0.0028104621382893653, -0.006077964886466832, 0.010133616448098135, -0.008211950288066991, 11.010131576928304, -0.003154424279176676, 0.005886070393209144, 0.0025336027405131207], [-0.1448240717217623, 0.0018970267190829958, -0.005115617792376308, 0.0011948174030629874, -0.002349744489501641, 0.004045565479783732, -0.011794048715925817, -0.0012367703885050334, -0.0030687772857000643, -0.11422736146645822, 0.003975977129748365, -0.006817506313410673, 0.01187548273651435, -3.251411881234317e-05, -0.003154424279176676, 11.00918218589922, -0.029851520216971184, -0.011636323217572422], [-0.2374622407370827, -0.007100500455085688, 0.004214083228684602, -0.0016753964360375574, 3.48513015627169e-05, -0.014595771506981664, 0.019255670185540797, -0.011359516250815637, 0.0006143605195260363, -0.10024507334055108, 9.996681906813882e-05, 0.0052631480679554395, -0.012975818956106215, -0.006099166857027684, 0.005886070393209144, -0.029851520216971184, 11.051004350325368, 0.02616787704106605], [-0.1678509764597711, -0.002573554323227647, 0.0036966432740198753, -0.0005936681021431903, 0.0030343525815229966, -0.008373304741642995, 0.012624583997307433, 0.00043055448213463325, 0.00015837355287954164, -0.0569970357398378, -0.00032139118097059764, 0.00474565729565953, -0.005737933991124584, -0.0004569389001829617, 0.0025336027405131207, -0.011636323217572422, 0.02616787704106605, 11.007315314850358]]",
    "monomial_list": "[1, x9, x8, x7, x6, x5, x4, x3, x2, x17, x16, x15, x14, x13, x12, x11, x10, x1]"
}