{
    "name": "Multiplier-1",
    "rational_expression": "3571*x1**2/250 - 943*x1*x10/5000 - 41871*x1*x11/500000 - 3603*x1*x12/25000 - 5903*x1*x13/50000 - 81577*x1*x14/1000000 - 7317*x1*x15/50000 - 11223*x1*x16/100000 - 12023*x1*x17/100000 - 11879*x1*x2/100000 - 1221*x1*x3/10000 - 9069*x1*x4/50000 - 21341*x1*x5/250000 - 17367*x1*x6/100000 - 2303*x1*x7/20000 - 14917*x1*x8/100000 - 4609*x1*x9/50000 - 3163*x1/2000 + 5559*x10**2/500 - 17631*x10*x11/1000000 + 34299*x10*x12/10000000 - 1803*x10*x13/100000 - 17439*x10*x14/1000000 + 32063*x10*x15/10000000 - 17453*x10*x16/1000000 + 35247*x10*x17/10000000 - 18091*x10*x2/1000000 + 33443*x10*x3/10000000 + 3877*x10*x4/2000000 - 8871*x10*x5/500000 + 6747*x10*x6/2500000 - 2213*x10*x7/125000 + 29933*x10*x8/10000000 - 177*x10*x9/10000 - 1953*x10/12500 + 5577*x11**2/500 - 299*x11*x12/40000 - 61473*x11*x13/10000000 + 21507*x11*x14/1000000 - 82007*x11*x15/10000000 - 17601*x11*x16/5000000 - 17221*x11*x17/2500000 - 15571*x11*x2/2500000 - 19011*x11*x3/2500000 - 7151*x11*x4/500000 - 3329*x11*x5/2000000 - 2747*x11*x6/250000 - 43773*x11*x7/10000000 - 45121*x11*x8/5000000 - 21973*x11*x9/5000000 - 66777*x11/100000 + 11137*x12**2/1000 - 2149*x12*x13/200000 - 66843*x12*x14/10000000 - 6107*x12*x15/500000 - 89349*x12*x16/10000000 - 2259*x12*x17/200000 - 10847*x12*x2/1000000 - 11809*x12*x3/1000000 - 16033*x12*x4/1000000 - 76941*x12*x5/10000000 - 13727*x12*x6/1000000 - 23999*x12*x7/2500000 - 2567*x12*x8/200000 - 96169*x12*x9/10000000 - 46737*x12/100000 + 11143*x13**2/1000 - 52407*x13*x14/10000000 - 707*x13*x15/62500 - 1207*x13*x16/156250 - 2577*x13*x17/250000 - 49087*x13*x2/5000000 - 679*x13*x3/62500 - 15491*x13*x4/1000000 - 12671*x13*x5/2000000 - 12963*x13*x6/1000000 - 527*x13*x7/62500 - 5993*x13*x8/500000 - 84493*x13*x9/10000000 - 51221*x13/100000 + 5581*x14**2/500 - 73941*x14*x15/10000000 + 19363*x14*x16/1000000 - 59757*x14*x17/10000000 - 13183*x14*x2/2500000 - 67341*x14*x3/10000000 - 6923*x14*x4/500000 + 107*x14*x5/5000 - 643*x14*x6/62500 + 18533*x14*x7/1000000 - 40981*x14*x8/5000000 + 1157*x14*x9/62500 - 71193*x14/100000 + 11139*x15**2/1000 - 95717*x15*x16/10000000 - 2363*x15*x17/200000 - 5689*x15*x2/500000 - 12297*x15*x3/1000000 - 16319*x15*x4/1000000 - 41761*x15*x5/5000000 - 353*x15*x6/25000 + 11591*x15*x7/1000000 - 13259*x15*x8/1000000 - 1019*x15*x9/100000 - 2781*x15/6250 + 2787*x16**2/250 - 83539*x16*x17/10000000 - 3103*x16*x2/400000 - 89849*x16*x3/10000000 - 1443*x16*x4/100000 - 183*x16*x5/50000 - 3031*x16*x6/250000 - 3059*x16*x7/500000 - 5149*x16*x8/500000 - 30677*x16*x9/5000000 - 1503*x16/2500 + 11141*x17**2/1000 - 10327*x17*x2/1000000 - 11331*x17*x3/1000000 - 15767*x17*x4/1000000 - 17537*x17*x5/2500000 - 2669*x17*x6/200000 - 22513*x17*x7/2500000 - 1241*x17*x8/100000 - 3609*x17*x9/400000 - 48979*x17/100000 + 11141*x2**2/1000 - 679*x2*x3/62500 - 15491*x2*x4/1000000 - 12671*x2*x5/2000000 - 12963*x2*x6/1000000 - 527*x2*x7/62500 - 5993*x2*x8/500000 - 84493*x2*x9/10000000 - 51221*x2/100000 + 5569*x3**2/500 - 16033*x3*x4/1000000 - 76941*x3*x5/10000000 - 13727*x3*x6/1000000 - 23999*x3*x7/2500000 - 2567*x3*x8/200000 - 96169*x3*x9/10000000 - 46737*x3/100000 + 2781*x4**2/250 - 14393*x4*x5/1000000 + 23007*x4*x6/5000000 - 14801*x4*x7/1000000 - 3329*x4*x8/200000 - 7409*x4*x9/500000 - 26697*x4/100000 + 2789*x5**2/250 - 1101*x5*x6/100000 + 8693*x5*x7/500000 - 45121*x5*x8/5000000 - 21973*x5*x9/5000000 - 66777*x5/100000 + 11129*x6**2/1000 - 11903*x6*x7/1000000 - 7261*x6*x8/500000 - 149*x6*x9/12500 - 18919*x6/50000 + 11151*x7**2/1000 - 1343*x7*x8/125000 + 15051*x7*x9/1000000 - 28939*x7/50000 + 2227*x8**2/200 - 10763*x8*x9/1000000 - 21161*x8/50000 + 11149*x9**2/1000 - 28939*x9/50000 + 1113/100",
    "Q": "[[11.12995549676938, -0.28845771278119786, -0.21301487995821408, -0.29327310378975646, -0.18518482278558612, -0.33414836354726657, -0.1336095536714848, -0.22956998066159237, -0.25701994495815933, -0.24854726904507446, -0.2958312801488569, -0.2229150484091427, -0.3512697699991865, -0.2605348457679206, -0.23316052649307842, -0.33502145980822867, -0.08162789473488767, -0.7943775341093486], [-0.28845771278119786, 11.148584832413325, -0.003116337301022352, 0.002317969506994946, -0.006067817032105111, 0.002865148899805977, -0.006720338324768596, -0.0012240675766634027, -0.0015384846283348433, -0.0005564706624241004, 0.0011611524470784597, -0.0005496699073293919, 0.0051105371493960425, -0.0001610583168504603, -0.0026238617428998726, 0.0016950432554117172, -0.006003472209950884, -0.0517534552257816], [-0.21301487995821408, -0.003116337301022352, 11.134987595029903, -0.0024112470269203995, -0.004597525323029777, -0.00394018896436934, -0.0034870353146723475, -0.003990040115978026, -0.0044939470334470705, -0.002994840901066215, -0.0036625256401451936, -0.0022302329986653756, -0.0029935626026510644, -0.0033610636011798325, -0.004051731065058557, -0.004628224493646135, -0.0015848830112865642, -0.07197534741036804], [-0.29327310378975646, 0.002317969506994946, -0.0024112470269203995, 11.150857795645926, -0.005098961599279343, 0.00365828717887809, -0.005845493374622896, -0.00020346348243635657, -0.0009232964997158574, 0.0004882781096324048, 0.0019446766435237287, 0.0004754313698665598, 0.005944485308224766, 0.00081542781751879, -0.0019952881137056313, 0.002496551674133652, -0.0052677488751377765, -0.05219563130849581], [-0.18518482278558612, -0.006067817032105111, -0.004597525323029777, -0.005098961599279343, 11.129103531048544, -0.007500563807616764, -0.002940059632121754, -0.006035571570353756, -0.0061135687970400275, -0.005048691811233541, -0.006264170331912293, -0.003684625591513571, -0.007140791253303665, -0.0057122956485942, -0.00493821930506269, -0.008336971221528293, 0.0005050187398765643, -0.08197555397248382], [-0.33414836354726657, 0.002865148899805977, -0.00394018896436934, 0.00365828717887809, -0.007500563807616764, 11.156395717463944, -0.008990238827677653, -0.0007598410505407676, -0.0005190469449674413, -0.00034636332192910596, 0.002875794638182145, -0.0008813005404764179, 0.008651674665563585, 0.0006534342134914607, -0.002751105492905579, 0.004312934536313901, -0.009355163727789597, -0.04198248358046914], [-0.1336095536714848, -0.006720338324768596, -0.0034870353146723475, -0.005845493374622896, -0.002940059632121754, -0.008990238827677653, 11.123750483854998, -0.005682553604504888, -0.006615317178160345, -0.004470735169579656, -0.007239153625687826, -0.0031477314124799824, -0.009219636145598238, -0.005812104702275793, -0.004442694549981549, -0.00952322809900883, 0.0026016354875102003, -0.09120608816422665], [-0.22956998066159237, -0.0012240675766634027, -0.003990040115978026, -0.00020346348243635657, -0.006035571570353756, -0.0007598410505407676, -0.005682553604504888, 11.137722192866766, -0.0028239122371574695, -0.002448063039342699, -0.001264680234180699, -0.002206228220295117, 0.0009829901296262071, -0.0022745677677909696, -0.0032634568400575384, -0.001899890633033264, -0.0037479076282160256, -0.05945876694078936], [-0.25701994495815933, -0.0015384846283348433, -0.0044939470334470705, -0.0009232964997158574, -0.0061135687970400275, -0.0005190469449674413, -0.006615317178160345, -0.0028239122371574695, 11.140527917388017, -0.002521723968391544, -0.0018366839063521704, -0.0025389531376889185, 0.0012148240151266716, -0.002449706471410235, -0.004453229183602833, -0.001175997405631692, -0.00663788962145283, -0.05654820174339582], [-0.24854726904507446, -0.0005564706624241004, -0.002994840901066215, 0.0004882781096324048, -0.005048691811233541, -0.00034636332192910596, -0.004470735169579656, -0.002448063039342699, -0.002521723968391544, 11.141487202171108, -0.0006799493371257225, -0.0010247948278431574, 0.001265305667379547, -0.00138817662668173, -0.0027253126640199507, -0.0014366985136494187, -0.002502499256103089, -0.06305830756720589], [-0.2958312801488569, 0.0011611524470784597, -0.0036625256401451936, 0.0019446766435237287, -0.006264170331912293, 0.002875794638182145, -0.007239153625687826, -0.001264680234180699, -0.0018366839063521704, -0.0006799493371257225, 11.148370361298502, -0.0009103164290659296, 0.005248623662204934, -0.000395387769424627, -0.003119470390660818, 0.0018545436353797269, -0.007217821920339026, -0.050820547930514964], [-0.2229150484091427, -0.0005496699073293919, -0.0022302329986653756, 0.0004754313698665598, -0.003684625591513571, -0.0008813005404764179, -0.0031477314124799824, -0.002206228220295117, -0.0025389531376889185, -0.0010247948278431574, -0.0009103164290659296, 11.138065295074215, 0.0005373485305737847, -0.0013654791421317148, -0.0019165330922546826, -0.0017660205974295653, -0.0011988144521385506, -0.06733486767872106], [-0.3512697699991865, 0.0051105371493960425, -0.0029935626026510644, 0.005944485308224766, -0.007140791253303665, 0.008651674665563585, -0.009219636145598238, 0.0009829901296262071, 0.0012148240151266716, 0.001265305667379547, 0.005248623662204934, 0.0005373485305737847, 11.162256194997106, 0.002465680401352432, -0.001586700105696117, 0.007055485971800542, -0.009826162829617627, -0.037334264622691814], [-0.2605348457679206, -0.0001610583168504603, -0.0033610636011798325, 0.00081542781751879, -0.0057122956485942, 0.0006534342134914607, -0.005812104702275793, -0.0022745677677909696, -0.002449706471410235, -0.00138817662668173, -0.000395387769424627, -0.0013654791421317148, 0.002465680401352432, 11.143088511142922, -0.002750313800205419, -0.0004560702642815579, -0.0043461662405783275, -0.057959779910606385], [-0.23316052649307842, -0.0026238617428998726, -0.004051731065058557, -0.0019952881137056313, -0.00493821930506269, -0.002751105492905579, -0.004442694549981549, -0.0032634568400575384, -0.004453229183602833, -0.0027253126640199507, -0.003119470390660818, -0.0019165330922546826, -0.001586700105696117, -0.002750313800205419, 11.137196687519415, -0.003310742338193638, -0.003598555901617447, -0.06652299986349795], [-0.33502145980822867, 0.0016950432554117172, -0.004628224493646135, 0.002496551674133652, -0.008336971221528293, 0.004312934536313901, -0.00952322809900883, -0.001899890633033264, -0.001175997405631692, -0.0014366985136494187, 0.0018545436353797269, -0.0017660205974295653, 0.007055485971800542, -0.0004560702642815579, -0.003310742338193638, 11.15424758189797, -0.009030787557737409, -0.044218799241563446], [-0.08162789473488767, -0.006003472209950884, -0.0015848830112865642, -0.0052677488751377765, 0.0005050187398765643, -0.009355163727789597, 0.0026016354875102003, -0.0037479076282160256, -0.00663788962145283, -0.002502499256103089, -0.007217821920339026, -0.0011988144521385506, -0.009826162829617627, -0.0043461662405783275, -0.003598555901617447, -0.009030787557737409, 11.117507048666727, -0.0953783623362635], [-0.7943775341093486, -0.0517534552257816, -0.07197534741036804, -0.05219563130849581, -0.08197555397248382, -0.04198248358046914, -0.09120608816422665, -0.05945876694078936, -0.05654820174339582, -0.06305830756720589, -0.050820547930514964, -0.06733486767872106, -0.037334264622691814, -0.057959779910606385, -0.06652299986349795, -0.044218799241563446, -0.0953783623362635, 14.28401859955525]]",
    "monomial_list": "[1, x9, x8, x7, x6, x5, x4, x3, x2, x17, x16, x15, x14, x13, x12, x11, x10, x1]"
}