{
    "name": "Multiplier-12",
    "rational_expression": "11019*x1**2/1000 + 4611*x1*x10/62500 + 11319*x1*x11/1000000 - 61709*x1*x12/1000000 + 37371*x1*x13/1000000 + 64791*x1*x14/10000000 + 29333*x1*x15/500000 + 9811*x1*x16/1000000 + 33509*x1*x17/1000000 + 93009*x1*x2/10000000 + 36299*x1*x3/1000000 + 53799*x1*x4/1000000 + 22223*x1*x5/2500000 + 6491*x1*x6/200000 + 32001*x1*x7/1000000 + 1939*x1*x8/62500 + 33829*x1*x9/1000000 - 46523*x1/100000 + 2761*x10**2/250 - 17497*x10*x11/500000 - 9381*x10*x12/50000 + 1117*x10*x13/100000 - 4217*x10*x14/250000 + 54989*x10*x15/1000000 + 71999*x10*x16/10000000 + 3817*x10*x17/125000 + 34141*x10*x2/5000000 + 10391*x10*x3/1000000 + 72913*x10*x4/1000000 - 14971*x10*x5/1000000 + 93*x10*x6/3125 + 7353*x10*x7/250000 + 14351*x10*x8/500000 + 17129*x10*x9/2000000 - 34277*x10/100000 + 11027*x11**2/1000 - 16589*x11*x12/100000 + 19841*x11*x13/500000 + 26037*x11*x14/500000 + 7703*x11*x15/200000 + 16783*x11*x16/500000 + 7043*x11*x17/200000 + 5391*x11*x2/500000 + 2403*x11*x3/62500 + 539*x11*x4/50000 + 16233*x11*x5/500000 + 34043*x11*x6/1000000 + 33519*x11*x7/1000000 + 10233*x11*x8/1000000 + 35661*x11*x9/1000000 - 26921*x11/50000 + 7081*x12**2/500 - 1669*x12*x13/12500 - 3649*x12*x14/20000 - 1733*x12*x15/12500 - 4051*x12*x16/25000 - 7721*x12*x17/50000 - 8201*x12*x2/50000 - 5811*x12*x3/50000 - 187*x12*x4/1000 - 8357*x12*x5/50000 - 2027*x12*x6/10000 - 101*x12*x7/625 - 118*x12*x8/625 - 7497*x12*x9/50000 - 14071*x12/5000 + 5521*x13**2/500 + 1039*x13*x14/31250 + 34071*x13*x15/500000 + 1209*x13*x16/31250 + 41117*x13*x17/1000000 + 15659*x13*x2/1000000 + 45821*x13*x3/1000000 + 4737*x13*x4/125000 + 37121*x13*x5/1000000 + 7889*x13*x6/200000 + 4833*x13*x7/125000 + 37069*x13*x8/1000000 + 5219*x13*x9/125000 - 78261*x13/100000 + 11031*x14**2/1000 - 11279*x14*x15/1000000 + 10339*x14*x16/200000 + 8293*x14*x17/1000000 + 3639*x14*x2/125000 + 10347*x14*x3/1000000 - 3853*x14*x4/250000 + 50943*x14*x5/1000000 + 75377*x14*x6/10000000 + 7353*x14*x7/250000 + 2609*x14*x8/400000 + 30761*x14*x9/1000000 - 34277*x14/100000 + 11049*x15**2/1000 + 15447*x15*x16/1000000 + 62171*x15*x17/1000000 + 367*x15*x2/25000 + 22187*x15*x3/500000 + 29589*x15*x4/500000 + 7*x15*x5/500 + 38371*x15*x6/1000000 + 37637*x15*x7/1000000 + 7227*x15*x8/200000 + 20269*x15*x9/500000 - 73407*x15/100000 + 11023*x16**2/1000 + 12389*x16*x17/1000000 + 32509*x16*x2/1000000 + 15469*x16*x3/1000000 + 5123*x16*x4/500000 + 31999*x16*x5/1000000 + 5653*x16*x6/500000 + 16497*x16*x7/500000 + 97663*x16*x8/10000000 + 35031*x16*x9/1000000 - 51377*x16/100000 + 2757*x17**2/250 + 5881*x17*x2/500000 + 39963*x17*x3/1000000 + 33999*x17*x4/1000000 + 33387*x17*x5/1000000 + 35127*x17*x6/1000000 + 8639*x17*x7/250000 + 6667*x17*x8/200000 + 59*x17*x9/1600 - 7337*x17/12500 + 5507*x2**2/500 - 17033*x2*x3/2500000 + 97123*x2*x4/10000000 + 7883*x2*x5/250000 - 10769*x2*x6/1000000 + 203*x2*x7/6250 + 23249*x2*x8/2500000 + 4303*x2*x9/125000 - 48913*x2/100000 + 5519*x3**2/500 + 36939*x3*x4/1000000 + 9047*x3*x5/250000 + 38371*x3*x6/1000000 + 37637*x3*x7/1000000 + 7227*x3*x8/200000 + 20269*x3*x9/500000 - 73407*x3/100000 + 2207*x4**2/200 - 1611*x4*x5/125000 + 55181*x4*x6/1000000 + 1029*x4*x7/100000 + 31479*x4*x8/1000000 + 3057*x4*x9/250000 - 48913*x4/100000 + 551*x5**2/50 + 10233*x5*x6/1000000 + 31979*x5*x7/1000000 + 17689*x5*x8/2000000 + 33829*x5*x9/1000000 - 46523*x5/100000 + 2757*x6**2/250 + 11329*x6*x7/1000000 + 32413*x6*x8/1000000 + 2693*x6*x9/200000 - 26921*x6/50000 + 5511*x7**2/500 + 15973*x7*x8/500000 + 35031*x7*x9/1000000 - 51377*x7/100000 + 1377*x8**2/125 + 11633*x8*x9/1000000 - 46523*x8/100000 + 2757*x9**2/250 - 1529*x9/2500 + 2447/200",
    "Q": "[[12.23482914990665, -0.30236080467268667, -0.2339519335592167, -0.2564727198726536, -0.26657962112844574, -0.22718548285445367, -0.24089017456857725, -0.3665598444876946, -0.2473152295458009, -0.29057646456982744, -0.25140533944986027, -0.36624281551397253, -0.17149808768880276, -0.3939121419667815, -1.4126122787125546, -0.27217382124316974, -0.16813361480167657, -0.23159783225827046], [-0.30236080467268667, 11.027102915876792, 0.007595885198165238, 0.019262156693678582, 0.010064672399590557, 0.016459509080461114, 0.008066003523929853, 0.01599280463735932, 0.01373808925097245, 0.017701358563930576, 0.015438567786784436, 0.019432127914386556, 0.01938328497754325, 0.02091733170923988, -0.07585219166224366, 0.018394707236295885, 0.005390184101119201, 0.012550921577747452], [-0.2339519335592167, 0.007595885198165238, 11.016957834075967, 0.011901251586884487, 0.015287933191924659, 0.008208649434144464, 0.017428168821249795, 0.014360533652115422, 0.003489849201930676, 0.015592799221312893, 0.007936103535731312, 0.020620350185870058, 0.005765326837310462, 0.013311851348357712, -0.0943155410691491, 0.008619061707412118, 0.017639083231007293, 0.01810023280925945], [-0.2564727198726536, 0.019262156693678582, 0.011901251586884487, 11.022382662236302, 0.005557859558506802, 0.01743819168596577, 0.008670193774636367, 0.013477854657016725, 0.016408561531370363, 0.016473252880784005, 0.017893801814709318, 0.020472165908694013, 0.019639911011262907, 0.01877599438581729, -0.0828642362837044, 0.01629152532999855, 0.010113200532689257, 0.012715778889967276], [-0.26657962112844574, 0.010064672399590557, 0.015287933191924659, 0.005557859558506802, 11.028106706856406, 0.0044982614227674815, 0.025691568787019156, 0.017811311160556537, -0.00223566485211055, 0.018311277073191953, 0.0027591351972581072, 0.020850833701337453, -0.0002542025493115446, 0.015680680652995202, -0.09856445209383127, 0.011583988003094792, 0.015954512101421917, 0.02006124321581862], [-0.22718548285445367, 0.016459509080461114, 0.008208649434144464, 0.01743819168596577, 0.0044982614227674815, 11.02024425873338, -0.0070597627620801705, 0.012464093902175169, 0.012935456011953905, 0.014091864134577985, 0.016423603568400506, 0.01120942487153069, 0.026389606989265808, 0.014956738665420036, -0.08591471801108365, 0.017623703793817957, -0.003841050465497438, 0.0033971698818520326], [-0.24089017456857725, 0.008066003523929853, 0.017428168821249795, 0.008670193774636367, 0.025691568787019156, -0.0070597627620801705, 11.034786157309894, 0.013609838518218996, 0.0010201046114084312, 0.01658716632656243, 0.0028842949846090327, 0.025759153443541783, -0.007820637365522208, 0.015105049361722437, -0.09741266138446865, 0.0017938157631268274, 0.03441036684978347, 0.0288591626255414], [-0.3665598444876946, 0.01599280463735932, 0.014360533652115422, 0.013477854657016725, 0.017811311160556537, 0.012464093902175169, 0.013609838518218996, 11.037891548854295, 0.00033996730270053775, 0.02162881685648881, 0.008235348304313897, 0.026832295914890666, 0.007609009458382541, 0.022088316339867062, -0.06173779015853513, 0.01874900570143278, 0.003527121187512997, 0.020444295377635393], [-0.2473152295458009, 0.01373808925097245, 0.003489849201930676, 0.016408561531370363, -0.00223566485211055, 0.012935456011953905, 0.0010201046114084312, 0.00033996730270053775, 11.014373886992615, 0.00794174619687938, 0.0150181226905451, 0.011278400631794116, 0.01773603011772173, 0.011413573293385795, -0.08490391112410647, 0.008603907334609504, 0.008145271609911367, 0.009460303035781832], [-0.29057646456982744, 0.017701358563930576, 0.015592799221312893, 0.016473252880784005, 0.018311277073191953, 0.014091864134577985, 0.01658716632656243, 0.02162881685648881, 0.00794174619687938, 11.028455947259529, 0.006802666117632441, 0.027132735083415196, 0.008670102521168321, 0.02059890289959464, -0.08179002369988064, 0.016414752781406285, 0.011103459836021873, 0.018416428831545498], [-0.25140533944986027, 0.015438567786784436, 0.007936103535731312, 0.017893801814709318, 0.0027591351972581072, 0.016423603568400506, 0.0028842949846090327, 0.008235348304313897, 0.0150181226905451, 0.006802666117632441, 11.022752177954326, 0.011014011171649943, 0.024699639600520174, 0.015826139984731306, -0.08498294725035789, 0.01602425458060043, 0.006917786243872561, 0.008334339448879497], [-0.36624281551397253, 0.019432127914386556, 0.020620350185870058, 0.020472165908694013, 0.020850833701337453, 0.01120942487153069, 0.025759153443541783, 0.026832295914890666, 0.011278400631794116, 0.027132735083415196, 0.011014011171649943, 11.049522997427923, -0.001727692191894225, 0.028892685356672554, -0.06725901230224214, 0.013865108464238546, 0.023821166752479833, 0.02719249183425134], [-0.17149808768880276, 0.01938328497754325, 0.005765326837310462, 0.019639911011262907, -0.0002542025493115446, 0.026389606989265808, -0.007820637365522208, 0.007609009458382541, 0.01773603011772173, 0.008670102521168321, 0.024699639600520174, -0.001727692191894225, 11.030358578616386, 0.011121991802369826, -0.09065978480574786, 0.022702890532665516, -0.0054151881860281074, 0.0018054982350810662], [-0.3939121419667815, 0.02091733170923988, 0.013311851348357712, 0.01877599438581729, 0.015680680652995202, 0.014956738665420036, 0.015105049361722437, 0.022088316339867062, 0.011413573293385795, 0.02059890289959464, 0.015826139984731306, 0.028892685356672554, 0.011121991802369826, 11.041767378843844, -0.06453915455062058, 0.019359170677307636, 0.008193249767898895, 0.018426566416204118], [-1.4126122787125546, -0.07585219166224366, -0.0943155410691491, -0.0828642362837044, -0.09856445209383127, -0.08591471801108365, -0.09741266138446865, -0.06173779015853513, -0.08490391112410647, -0.08179002369988064, -0.08498294725035789, -0.06725901230224214, -0.09065978480574786, -0.06453915455062058, 14.163450181616772, -0.08476304423803738, -0.09566956242196964, -0.03527720001739243], [-0.27217382124316974, 0.018394707236295885, 0.008619061707412118, 0.01629152532999855, 0.011583988003094792, 0.017623703793817957, 0.0017938157631268274, 0.01874900570143278, 0.008603907334609504, 0.016414752781406285, 0.01602425458060043, 0.013865108464238546, 0.022702890532665516, 0.019359170677307636, -0.08476304423803738, 11.027458062120235, -0.017192885805068926, 0.0028100216252051826], [-0.16813361480167657, 0.005390184101119201, 0.017639083231007293, 0.010113200532689257, 0.015954512101421917, -0.003841050465497438, 0.03441036684978347, 0.003527121187512997, 0.008145271609911367, 0.011103459836021873, 0.006917786243872561, 0.023821166752479833, -0.0054151881860281074, 0.008193249767898895, -0.09566956242196964, -0.017192885805068926, 11.043646789545903, 0.03651041482351954], [-0.23159783225827046, 0.012550921577747452, 0.01810023280925945, 0.012715778889967276, 0.02006124321581862, 0.0033971698818520326, 0.0288591626255414, 0.020444295377635393, 0.009460303035781832, 0.018416428831545498, 0.008334339448879497, 0.02719249183425134, 0.0018054982350810662, 0.018426566416204118, -0.03527720001739243, 0.0028100216252051826, 0.03651041482351954, 11.018743515259988]]",
    "monomial_list": "[1, x9, x8, x7, x6, x5, x4, x3, x2, x17, x16, x15, x14, x13, x12, x11, x10, x1]"
}