{
    "name": "Multiplier-9",
    "rational_expression": "2757*x1**2/250 + 58589*x1*x10/1000000 - 8211*x1*x11/500000 + 91173*x1*x12/10000000 + 16197*x1*x13/2000000 - 3333*x1*x14/200000 + 8173*x1*x15/250000 - 169*x1*x16/12500 + 85259*x1*x17/10000000 - 14457*x1*x2/1000000 + 10417*x1*x3/1000000 + 4103*x1*x4/125000 - 473*x1*x5/31250 + 20361*x1*x6/2500000 + 75207*x1*x7/10000000 + 593*x1*x8/50000 - 87649*x1*x9/1000000 - 48131*x1/100000 + 5537*x10**2/500 - 57841*x10*x11/1000000 + 3049*x10*x12/250000 - 10663*x10*x13/1000000 - 18377*x10*x14/500000 + 3427*x10*x15/250000 - 10863*x10*x16/1000000 - 2547*x10*x17/250000 - 1501*x10*x2/125000 - 4273*x10*x3/500000 + 14607*x10*x4/250000 - 17443*x10*x5/500000 + 10899*x10*x6/1000000 - 5729*x10*x7/500000 + 15413*x10*x8/1000000 - 18791*x10*x9/100000 - 11921*x10/20000 + 11011*x11**2/1000 - 15179*x11*x12/1000000 - 15939*x11*x13/1000000 + 23071*x11*x14/5000000 - 3139*x11*x15/200000 - 15963*x11*x16/1000000 - 3957*x11*x17/250000 - 17017*x11*x2/1000000 - 749*x11*x3/50000 - 15491*x11*x4/1000000 + 1271*x11*x5/250000 - 7901*x11*x6/500000 - 3251*x11*x7/200000 - 14429*x11*x8/1000000 - 6441*x11*x9/25000 - 5177*x11/25000 + 1377*x12**2/125 - 7177*x12*x13/500000 + 60441*x12*x14/10000000 - 11963*x12*x15/1000000 - 429*x12*x16/31250 - 6707*x12*x17/500000 - 14413*x12*x2/1000000 - 12593*x12*x3/1000000 - 2347*x12*x4/200000 - 1451*x12*x5/100000 - 6783*x12*x6/500000 - 14181*x12*x7/1000000 - 273*x12*x8/25000 - 12013*x12*x9/50000 - 18329*x12/50000 + 11013*x13**2/1000 - 16931*x13*x14/1000000 + 84707*x13*x15/10000000 - 14651*x13*x16/1000000 - 14337*x13*x17/1000000 - 15261*x13*x2/1000000 - 6523*x13*x3/500000 + 8711*x13*x4/1000000 - 15313*x13*x5/1000000 + 3523*x13*x6/500000 - 15011*x13*x7/1000000 - 6083*x13*x8/500000 - 21787*x13*x9/100000 - 32111*x13/100000 + 11021*x14**2/1000 - 38189*x14*x15/1000000 + 53539*x14*x16/10000000 - 1049*x14*x17/62500 + 49811*x14*x2/10000000 - 3973*x14*x3/250000 - 3803*x14*x4/100000 + 3029*x14*x5/625000 - 4871*x14*x6/125000 + 25047*x14*x7/5000000 - 7671*x14*x8/500000 - 2303*x14*x9/10000 - 5177*x14/25000 + 1379*x15**2/125 - 861*x15*x16/62500 + 2219*x15*x17/250000 - 13953*x15*x2/1000000 + 10603*x15*x3/1000000 + 10867*x15*x4/1000000 - 2931*x15*x5/200000 + 86367*x15*x6/10000000 + 39791*x15*x7/5000000 + 5941*x15*x8/500000 - 20537*x15*x9/100000 - 1362*x15/3125 + 1377*x16**2/125 - 15073*x16*x17/1000000 + 2513*x16*x2/400000 - 13739*x16*x3/1000000 - 3401*x16*x4/250000 + 2477*x16*x5/400000 - 7587*x16*x6/500000 + 32463*x16*x7/5000000 - 6083*x16*x8/500000 - 21787*x16*x9/100000 - 32111*x16/100000 + 5509*x17**2/500 - 3931*x17*x2/250000 + 44377*x17*x3/5000000 + 91373*x17*x4/10000000 - 753*x17*x5/50000 + 7363*x17*x6/1000000 - 14737*x17*x7/1000000 + 49301*x17*x8/5000000 - 1077*x17*x9/5000 - 6877*x17/20000 + 11009*x2**2/1000 - 36791*x2*x3/1000000 - 3617*x2*x4/250000 - 7923*x2*x5/500000 - 38017*x2*x6/1000000 + 58921*x2*x7/10000000 - 2771*x2*x8/200000 - 22291*x2*x9/100000 - 13747*x2/50000 + 11021*x3**2/1000 - 2667*x3*x4/250000 - 697*x3*x5/50000 + 8659*x3*x6/1000000 - 14197*x3*x7/1000000 - 9641*x3*x8/1000000 - 20537*x3*x9/100000 - 1362*x3/3125 + 5521*x4**2/500 - 2287*x4*x5/62500 + 3113*x4*x6/100000 - 2661*x4*x7/200000 + 12123*x4*x8/1000000 - 23271*x4*x9/100000 - 1362*x4/3125 + 11013*x5**2/1000 - 15797*x5*x6/1000000 - 3903*x5*x7/250000 - 13183*x5*x8/1000000 - 22291*x5*x9/100000 - 13747*x5/50000 + 441*x6**2/40 - 7737*x6*x7/500000 + 23969*x6*x8/2500000 - 24479*x6*x9/100000 - 32111*x6/100000 + 11013*x7**2/1000 - 12669*x7*x8/1000000 - 22039*x7*x9/100000 - 14901*x7/50000 + 11027*x8**2/1000 - 1979*x8*x9/10000 - 1261*x8/2500 + 14133*x9**2/1000 - 12493*x9/5000 + 5731/500",
    "Q": "[[11.461902132164802, -1.2491148507215388, -0.24670230777932187, -0.15227821583700915, -0.1660069530500542, -0.1406087461891928, -0.2216132488076191, -0.21836230380790847, -0.13537612997530957, -0.16822959295799156, -0.15925968725604675, -0.21947853605339698, -0.10626203939242468, -0.15966711353908233, -0.17930288794701685, -0.1010683854651193, -0.2981431581976744, -0.24366566019116334], [-1.2491148507215388, 14.133194146077896, -0.10500802920177332, -0.11394556856033382, -0.12281507161054482, -0.11434788165455165, -0.11028238146197275, -0.09695305496068317, -0.11361405622743241, -0.11358285079495287, -0.11268795825333833, -0.10241626857019658, -0.1179483205650414, -0.11163837424213642, -0.11391530799745998, -0.12431446596722297, -0.0888000973537529, -0.043817531723366956], [-0.24670230777932187, -0.10500802920177332, 11.02695084273219, -0.0033534720260588137, 0.002625285013567786, -0.00609601681176134, 0.0064407805267664466, 0.00020224134995012924, -0.00930431116583618, 0.0005877287795427476, -0.005671403522964595, 0.005164100832912696, -0.009331304356016649, -0.003126401982027344, -0.0017195685149690879, -0.00703073104416998, 0.009799680948796349, 0.009640989027917725], [-0.15227821583700915, -0.11394556856033382, -0.0033534720260588137, 11.013007583349056, -0.009325053667253218, -0.0025090515721997407, -0.005493864499683878, -0.007149835156365203, -0.001620972799655662, -0.0033883544376253566, -0.0013626141343715931, -0.0010496240943604898, -0.001218221180854238, -0.003723246327450132, -0.0019387133208407822, -0.004416831917320563, -0.002824984073367459, -0.001309786225042198], [-0.1660069530500542, -0.12281507161054482, 0.002625285013567786, -0.009325053667253218, 11.024984040291546, -0.009304199181519602, 0.012714609792423412, 0.0010464934110453342, -0.014290953132568708, 0.0025101808633249175, -0.010666280005984201, 0.0032650062186437893, -0.014003520943791033, -0.00159062400279564, -0.006779765369235708, -0.0030548416717917698, 0.004278642100031269, 0.007424958494934437], [-0.1406087461891928, -0.11434788165455165, -0.00609601681176134, -0.0025090515721997407, -0.009304199181519602, 11.012767120135226, -0.019609898374067566, -0.0071774108684759625, -0.00411072684878582, -0.004676954630951578, -0.0020082900759908163, -0.008467049121778772, 0.005529239364967065, -0.006077747108005913, -0.00271918249772193, -0.002443161413481521, -0.015978323883409314, -0.009374528254030089], [-0.2216132488076191, -0.11028238146197275, 0.0064407805267664466, -0.005493864499683878, 0.012714609792423412, -0.019609898374067566, 11.041208640103266, -0.0004284430155012263, -0.01064280027345007, 0.0019662767480256352, -0.00960841903863297, 0.010006021956084991, -0.02086870339959998, -0.0007973009062328818, -0.002621233907431673, -0.012054267038092795, 0.02587897930043035, 0.019225850963961892], [-0.21836230380790847, -0.09695305496068317, 0.00020224134995012924, -0.007149835156365203, 0.0010464934110453342, -0.0071774108684759625, -0.0004284430155012263, 11.020969778346034, -0.01692525184492784, 0.00010537384545106686, -0.010342757807011006, 0.0027003185163063546, -0.011505229291634745, -0.004197384983141008, -0.008664688471155051, -0.0041139179692441475, -0.005867858696676025, 0.006406925858724897], [-0.13537612997530957, -0.11361405622743241, -0.00930431116583618, -0.001620972799655662, -0.014290953132568708, -0.00411072684878582, -0.01064280027345007, -0.01692525184492784, 11.008399756416498, -0.008706445587445547, -0.0016662394171397834, -0.007032248135747531, -0.00019342971459746712, -0.007881246172420683, -0.0053958982596199615, -0.008658522458558183, -0.002717738831134173, -0.0026581023156077993], [-0.16822959295799156, -0.11358285079495287, 0.0005877287795427476, -0.0033883544376253566, 0.0025101808633249175, -0.004676954630951578, 0.0019662767480256352, 0.00010537384545106686, -0.008706445587445547, 11.017393984174822, -0.01076662026408345, 0.004850424819291954, -0.010005414264899542, -0.0021642788089365397, -0.00426068774637356, -0.003658663056709477, -0.001500350036463904, 0.003923689018620073], [-0.15925968725604675, -0.11268795825333833, -0.005671403522964595, -0.0013626141343715931, -0.010666280005984201, -0.0020082900759908163, -0.00960841903863297, -0.010342757807011006, -0.0016662394171397834, -0.01076662026408345, 11.016382860364146, -0.00798386710098899, 0.004893753537688754, -0.00489331587001243, -0.0035418718194596918, -0.003333962520049298, -0.004269537070014809, -0.0038419670650194815], [-0.21947853605339698, -0.10241626857019658, 0.005164100832912696, -0.0010496240943604898, 0.0032650062186437893, -0.008467049121778772, 0.010006021956084991, 0.0027003185163063546, -0.007032248135747531, 0.004850424819291954, -0.00798386710098899, 11.031985261439534, -0.020263222793717794, 0.002202736669700769, -0.0055989515003154995, -0.00820979872748551, 0.01228574900783836, 0.012160013240876818], [-0.10626203939242468, -0.1179483205650414, -0.009331304356016649, -0.001218221180854238, -0.014003520943791033, 0.005529239364967065, -0.02086870339959998, -0.011505229291634745, -0.00019342971459746712, -0.010005414264899542, 0.004893753537688754, -0.020263222793717794, 11.02171555970297, -0.009152772041495493, 0.0011523017951737976, 0.0017171596401693472, -0.018762359283671093, -0.01122445699883572], [-0.15966711353908233, -0.11163837424213642, -0.003126401982027344, -0.003723246327450132, -0.00159062400279564, -0.006077747108005913, -0.0007973009062328818, -0.004197384983141008, -0.007881246172420683, -0.0021642788089365397, -0.00489331587001243, 0.002202736669700769, -0.009152772041495493, 11.013436054671262, -0.010487720480660073, -0.0038878016368336225, -0.004820020458476938, 0.0011912890912843285], [-0.17930288794701685, -0.11391530799745998, -0.0017195685149690879, -0.0019387133208407822, -0.006779765369235708, -0.00271918249772193, -0.002621233907431673, -0.008664688471155051, -0.0053958982596199615, -0.00426068774637356, -0.0035418718194596918, -0.0055989515003154995, 0.0011523017951737976, -0.010487720480660073, 11.01660918553755, -0.007064501479043503, 0.005963708524510586, 0.003026623315812115], [-0.1010683854651193, -0.12431446596722297, -0.00703073104416998, -0.004416831917320563, -0.0030548416717917698, -0.002443161413481521, -0.012054267038092795, -0.0041139179692441475, -0.008658522458558183, -0.003658663056709477, -0.003333962520049298, -0.00820979872748551, 0.0017171596401693472, -0.0038878016368336225, -0.007064501479043503, 11.010215828930182, -0.030768662238154, -0.012642035405525193], [-0.2981431581976744, -0.0888000973537529, 0.009799680948796349, -0.002824984073367459, 0.004278642100031269, -0.015978323883409314, 0.02587897930043035, -0.005867858696676025, -0.002717738831134173, -0.001500350036463904, -0.004269537070014809, 0.01228574900783836, -0.018762359283671093, -0.004820020458476938, 0.005963708524510586, -0.030768662238154, 11.073816802261275, 0.033432398639565], [-0.24366566019116334, -0.043817531723366956, 0.009640989027917725, -0.001309786225042198, 0.007424958494934437, -0.009374528254030089, 0.019225850963961892, 0.006406925858724897, -0.0026581023156077993, 0.003923689018620073, -0.0038419670650194815, 0.012160013240876818, -0.01122445699883572, 0.0011912890912843285, 0.003026623315812115, -0.012642035405525193, 0.033432398639565, 11.027750185992526]]",
    "monomial_list": "[1, x9, x8, x7, x6, x5, x4, x3, x2, x17, x16, x15, x14, x13, x12, x11, x10, x1]"
}