{
    "name": "Multiplier-7",
    "rational_expression": "5511*x1**2/500 + 27377*x1*x10/500000 - 38373*x1*x11/1000000 + 15043*x1*x12/2500000 + 77323*x1*x13/10000000 - 3371*x1*x14/200000 + 86349*x1*x15/10000000 - 2021*x1*x16/125000 + 41499*x1*x17/5000000 - 17*x1*x2/1000 + 2079*x1*x3/200000 + 31891*x1*x4/1000000 - 16327*x1*x5/1000000 + 5263*x1*x6/500000 - 11321*x1*x7/125000 + 13713*x1*x8/2000000 - 501*x1*x9/31250 - 45551*x1/100000 + 11057*x10**2/1000 - 589*x10*x11/10000 + 70163*x10*x12/10000000 - 13631*x10*x13/1000000 - 19087*x10*x14/500000 + 93373*x10*x15/10000000 - 1519*x10*x16/100000 - 12391*x10*x17/1000000 - 8029*x10*x2/500000 - 11189*x10*x3/1000000 + 8167*x10*x4/250000 - 37689*x10*x5/1000000 + 11207*x10*x6/1000000 - 10283*x10*x7/50000 + 65203*x10*x8/10000000 - 1061*x10*x9/62500 - 21663*x10/50000 + 2753*x11**2/250 - 16223*x11*x12/1000000 - 15629*x11*x13/1000000 + 2993*x11*x14/625000 - 15977*x11*x15/1000000 - 3257*x11*x16/200000 - 15269*x11*x17/1000000 - 17891*x11*x2/1000000 - 2877*x11*x3/200000 - 15339*x11*x4/1000000 + 24269*x11*x5/5000000 - 7091*x11*x6/500000 - 12759*x11*x7/50000 - 4523*x11*x8/250000 + 427*x11*x9/156250 - 911*x11/4000 + 1376*x12**2/125 - 16259*x12*x13/1000000 + 23947*x12*x14/5000000 - 3187*x12*x15/200000 - 4061*x12*x16/250000 - 15227*x12*x17/1000000 - 2147*x12*x2/125000 - 1877*x12*x3/125000 - 7301*x12*x4/500000 - 16621*x12*x5/1000000 - 7417*x12*x6/500000 - 6373*x12*x7/25000 - 18071*x12*x8/1000000 - 3753*x12*x9/200000 - 911*x12/4000 + 11013*x13**2/1000 - 16859*x13*x14/1000000 + 37441*x13*x15/5000000 - 3899*x13*x16/250000 - 3531*x13*x17/250000 - 8723*x13*x2/500000 - 6379*x13*x3/500000 - 13221*x13*x4/1000000 - 15949*x13*x5/1000000 - 12609*x13*x6/1000000 - 5443*x13*x7/25000 - 8351*x13*x8/500000 - 4417*x13*x9/250000 - 399*x13/1250 + 11019*x14**2/1000 - 7761*x14*x15/200000 + 47549*x14*x16/10000000 - 16561*x14*x17/1000000 + 39299*x14*x2/10000000 - 3929*x14*x3/250000 - 7649*x14*x4/200000 + 11043*x14*x5/2500000 - 1511*x14*x6/40000 - 11511*x14*x7/50000 - 2387*x14*x8/125000 + 24693*x14*x9/10000000 - 4117*x14/20000 + 1378*x15**2/125 - 15923*x15*x16/1000000 + 20163*x15*x17/2500000 - 8629*x15*x2/500000 + 96181*x15*x3/10000000 + 45817*x15*x4/5000000 - 4053*x15*x5/250000 + 98259*x15*x6/10000000 - 2131*x15*x7/10000 + 54873*x15*x8/10000000 - 1713*x15*x9/100000 - 36441*x15/100000 + 11009*x16**2/1000 - 7947*x16*x17/500000 - 4291*x16*x2/250000 - 1501*x16*x3/100000 - 15269*x16*x4/1000000 - 8309*x16*x5/500000 - 14829*x16*x6/1000000 - 1593*x16*x7/6250 - 3613*x16*x8/200000 - 9381*x16*x9/500000 - 2281*x16/10000 + 11017*x17**2/1000 - 8589*x17*x2/500000 + 94121*x17*x3/10000000 + 90159*x17*x4/10000000 - 15523*x17*x5/1000000 + 96539*x17*x6/10000000 - 12143*x17*x7/50000 + 10301*x17*x8/2000000 - 4349*x17*x9/250000 - 34181*x17/100000 + 11001*x2**2/1000 - 38801*x2*x3/1000000 - 8393*x2*x4/500000 - 17517*x2*x5/1000000 - 2417*x2*x6/62500 - 23491*x2*x7/100000 - 9881*x2*x8/500000 - 979*x2*x9/50000 - 3199*x2/20000 + 5511*x3**2/500 - 10743*x3*x4/1000000 - 7639*x3*x5/500000 + 11651*x3*x6/1000000 - 20301*x3*x7/100000 - 14653*x3*x8/1000000 - 501*x3*x9/31250 - 45551*x3/100000 + 11037*x4**2/1000 - 377*x4*x5/10000 + 33229*x4*x6/1000000 - 11773*x4*x7/50000 + 61719*x4*x8/10000000 - 259*x4*x9/15625 - 41031*x4/100000 + 1376*x5**2/125 - 3777*x5*x6/250000 - 569*x5*x7/2500 - 18071*x5*x8/1000000 - 3753*x5*x9/200000 - 911*x5/4000 + 11031*x6**2/1000 - 2877*x6*x7/12500 + 13713*x6*x8/2000000 - 501*x6*x9/31250 - 45551*x6/100000 + 3531*x7**2/250 - 11349*x7*x8/50000 - 469*x7*x9/2000 - 24611*x7/10000 + 1377*x8**2/125 - 4517*x8*x9/250000 - 34181*x8/100000 + 11009*x9**2/1000 - 27331*x9/100000 + 5697/500",
    "Q": "[[11.394111870529578, -0.13334269617992536, -0.17046498676954044, -1.2357238992850328, -0.22703792154846283, -0.11591238524488277, -0.20452432277654073, -0.22753842738842545, -0.07962652127190667, -0.1737076981966969, -0.10854225224914148, -0.1777378860380809, -0.10025476579316704, -0.1630108743090929, -0.11495376688773822, -0.11922098736843202, -0.21991813702706428, -0.22260514661616548], [-0.13334269617992536, 11.008078179635994, -0.0101115815811319, -0.1164498451772483, -0.006111001763561568, -0.0053353860351074344, -0.008291204980822057, -0.007961587136726568, -0.006733460089520315, -0.0042941195656471046, -0.006243208751205265, -0.005808749051614264, -0.002964659769715565, -0.004763681962197252, -0.007734246212544087, -0.0037202748663088324, -0.011103991909431388, -0.0052334030854716], [-0.17046498676954044, -0.0101115815811319, 11.015308560978218, -0.11700333893684012, 0.0016517514372231693, -0.008493541183060463, 0.0031375903111506122, -0.0032198722661813135, -0.011972092287809427, -0.001781824954795629, -0.008707669287360257, 0.0008627362248478821, -0.01134154166142561, -0.005485997078400993, -0.0049676434791122576, -0.007917599028884073, 0.0032666308836479703, 0.004186736537386989], [-1.2357238992850328, -0.1164498451772483, -0.11700333893684012, 14.125388764910925, -0.11602475110692359, -0.1188940696629694, -0.11461525121428144, -0.09671153832666973, -0.12305083058989041, -0.11397529161422124, -0.12122155157712527, -0.10988245474501215, -0.12017038537751593, -0.11231289726320452, -0.12449983550841928, -0.12227960534231158, -0.10281062757579837, -0.04914876247579536], [-0.22703792154846283, -0.006111001763561568, 0.0016517514372231693, -0.11602475110692359, 11.030959684571474, -0.010108855033264214, 0.012472241279948434, 0.002024900761825853, -0.015987346439243228, 0.0024715499764049655, -0.011935567864171607, 0.0027415057883116507, -0.014996304759812085, -0.0017226523274358266, -0.008290975970404922, -0.0034496233304848996, 0.0033363517330088238, 0.007768472911099674], [-0.11591238524488277, -0.0053353860351074344, -0.008493541183060463, -0.1188940696629694, -0.010108855033264214, 11.00860764429201, -0.021524836087976704, -0.008714209721952483, -0.006023132860073707, -0.005940412441996608, -0.004018161803244221, -0.01071943361082525, 0.004135051902212732, -0.007352154217229245, -0.004810992443198795, -0.00284896009059948, -0.019628942080393674, -0.012415577879283159], [-0.20452432277654073, -0.008291204980822057, 0.0031375903111506122, -0.11461525121428144, 0.012472241279948434, -0.021524836087976704, 11.036953857561807, -0.0022037379688607654, -0.013207999392130026, 0.0003360577135541374, -0.012150789945938866, 0.0069282627792074955, -0.022699049786214655, -0.0024622264272030105, -0.005432227806222668, -0.01301268915940718, 0.021026665579913895, 0.01598912417169981], [-0.22753842738842545, -0.007961587136726568, -0.0032198722661813135, -0.09671153832666973, 0.002024900761825853, -0.008714209721952483, -0.0022037379688607654, 11.02141674766743, -0.019893557384242998, -0.0004336247018243626, -0.013001038966558893, 0.0003374088526279374, -0.01262753807611935, -0.004786280839189412, -0.011904727387599774, -0.003956510085438684, -0.010004704354538083, 0.004757837891291498], [-0.07962652127190667, -0.006733460089520315, -0.011972092287809427, -0.12305083058989041, -0.015987346439243228, -0.006023132860073707, -0.013207999392130026, -0.019893557384242998, 11.000767915783667, -0.01078452344697055, -0.003942660192580001, -0.010163020677901662, -0.002132964646379999, -0.009984337923639465, -0.0074924076826873584, -0.009619750992147206, -0.0076148752726975626, -0.007358524352813944], [-0.1737076981966969, -0.0042941195656471046, -0.001781824954795629, -0.11397529161422124, 0.0024715499764049655, -0.005940412441996608, 0.0003360577135541374, -0.0004336247018243626, -0.01078452344697055, 11.016776180327565, -0.01264586230060062, 0.002857025999340697, -0.011135555666391277, -0.0030120434801484603, -0.006485273479335151, -0.003962734095825736, -0.004727404790759434, 0.0021119436391435595], [-0.10854225224914148, -0.006243208751205265, -0.008707669287360257, -0.12122155157712527, -0.011935567864171607, -0.004018161803244221, -0.012150789945938866, -0.013001038966558893, -0.003942660192580001, -0.01264586230060062, 11.008698084620486, -0.011099269497457835, 0.002906902290383477, -0.00685408034743571, -0.00599345235625243, -0.004114978397138409, -0.009297408245006349, -0.008268140314841082], [-0.1777378860380809, -0.005808749051614264, 0.0008627362248478821, -0.10988245474501215, 0.0027415057883116507, -0.01071943361082525, 0.0069282627792074955, 0.0003374088526279374, -0.010163020677901662, 0.002857025999340697, -0.011099269497457835, 11.024220388594467, -0.02203429131261083, 0.00018451131212167862, -0.009027260783883276, -0.008888728738533035, 0.006053010922165116, 0.00781442512334786], [-0.10025476579316704, -0.002964659769715565, -0.01134154166142561, -0.12017038537751593, -0.014996304759812085, 0.004135051902212732, -0.022699049786214655, -0.01262753807611935, -0.002132964646379999, -0.011135555666391277, 0.002906902290383477, -0.02203429131261083, 11.01971195527304, -0.010287393507046612, -0.0008918139806832623, 0.0013748955838758824, -0.022121080449033215, -0.013883330175781177], [-0.1630108743090929, -0.004763681962197252, -0.005485997078400993, -0.11231289726320452, -0.0017226523274358266, -0.007352154217229245, -0.0024622264272030105, -0.004786280839189412, -0.009984337923639465, -0.0030120434801484603, -0.00685408034743571, 0.00018451131212167862, -0.010287393507046612, 11.012537730610417, -0.012685134487005386, -0.004149996386154841, -0.00812921013480971, -0.0007413267838895265], [-0.11495376688773822, -0.007734246212544087, -0.0049676434791122576, -0.12449983550841928, -0.008290975970404922, -0.004810992443198795, -0.005432227806222668, -0.011904727387599774, -0.0074924076826873584, -0.006485273479335151, -0.00599345235625243, -0.009027260783883276, -0.0008918139806832623, -0.012685134487005386, 11.007628149993216, -0.008062108521369966, 0.00047906993261308413, -0.002025878054299844], [-0.11922098736843202, -0.0037202748663088324, -0.007917599028884073, -0.12227960534231158, -0.0034496233304848996, -0.00284896009059948, -0.01301268915940718, -0.003956510085438684, -0.009619750992147206, -0.003962734095825736, -0.004114978397138409, -0.008888728738533035, 0.0013748955838758824, -0.004149996386154841, -0.008062108521369966, 11.01152393086738, -0.03206900453071068, -0.013555701439819452], [-0.21991813702706428, -0.011103991909431388, 0.0032666308836479703, -0.10281062757579837, 0.0033363517330088238, -0.019628942080393674, 0.021026665579913895, -0.010004704354538083, -0.0076148752726975626, -0.004727404790759434, -0.009297408245006349, 0.006053010922165116, -0.022121080449033215, -0.00812921013480971, 0.00047906993261308413, -0.03206900453071068, 11.056554534956634, 0.025993843590262234], [-0.22260514661616548, -0.0052334030854716, 0.004186736537386989, -0.04914876247579536, 0.007768472911099674, -0.012415577879283159, 0.01598912417169981, 0.004757837891291498, -0.007358524352813944, 0.0021119436391435595, -0.008268140314841082, 0.00781442512334786, -0.013883330175781177, -0.0007413267838895265, -0.002025878054299844, -0.013555701439819452, 0.025993843590262234, 11.021959030849827]]",
    "monomial_list": "[1, x9, x8, x7, x6, x5, x4, x3, x2, x17, x16, x15, x14, x13, x12, x11, x10, x1]"
}