{
    "name": "Multiplier-3",
    "rational_expression": "110196927747311*x1**2/10000000000000 + 110730568470899*x1*x10/2000000000000000 - 34809622215107*x1*x11/2000000000000000 + 432898681901861*x1*x12/50000000000000000 + 708913500420749*x1*x13/100000000000000000 - 59166217688471*x1*x14/5000000000000000 + 580087621347047*x1*x15/100000000000000000 + 962210667785257*x1*x16/100000000000000000 + 545642524957657*x1*x17/100000000000000000 + 11418143636547*x1*x2/1000000000000000 - 13173107203329*x1*x3/125000000000000 + 1071*x1*x4/40000 - 3021*x1*x5/200000 + 5653*x1*x6/2500000 + 19323*x1*x7/2500000 + 9023*x1*x8/2000000 + 16911*x1*x9/2500000 - 16103*x1/50000 + 110830103803601*x10**2/10000000000000 - 563172653783113*x10*x11/10000000000000000 + 176445579563733*x10*x12/10000000000000000 - 144224904361181*x10*x13/20000000000000000 - 235165259800851*x10*x14/100000000000000000 + 29147484456189*x10*x15/2500000000000000 + 19595644029323*x10*x16/1000000000000000 - 13197585940361*x10*x17/1250000000000000 + 58244068059139*x10*x2/2500000000000000 - 7239382956177*x10*x3/40000000000000 + 53847*x10*x4/1000000 - 44413*x10*x5/5000000 + 2939*x10*x6/625000 + 3197*x10*x7/200000 + 93619*x10*x8/10000000 - 37729*x10*x9/5000000 - 33329*x10/50000 + 55102989116567*x11**2/5000000000000 - 13376337767113*x11*x12/1000000000000000 + 689382548443973*x11*x13/100000000000000000 + 894702121149749*x11*x14/100000000000000000 - 78352969721891*x11*x15/5000000000000000 + 35671541467309*x11*x16/4000000000000000 + 560653570573777*x11*x17/100000000000000000 - 113967410288751*x11*x2/10000000000000000 - 112542031565681*x11*x3/500000000000000 - 18679*x11*x4/1000000 + 793*x11*x5/156250 + 17761*x11*x6/10000000 + 15157*x11*x7/2500000 - 8989*x11*x8/500000 + 26559*x11*x9/5000000 - 5059*x11/20000 + 110342789449787*x12**2/10000000000000 - 103723704814911*x12*x13/10000000000000000 + 20568984473357*x12*x14/1250000000000000 - 29553882777691*x12*x15/2500000000000000 + 32219282235019*x12*x16/2000000000000000 - 30862782150507*x12*x17/2500000000000000 + 190220024960581*x12*x2/10000000000000000 - 97625009715557*x12*x3/500000000000000 - 14157*x12*x4/1000000 + 10601*x12*x5/1000000 - 1113*x12*x6/62500 + 1587*x12*x7/125000 + 74113*x12*x8/10000000 + 5553*x12*x9/500000 - 10581*x12/20000 + 13781139558123*x13**2/1250000000000 - 838428502902389*x13*x14/100000000000000000 + 811716157477349*x13*x15/100000000000000000 + 130835667951033*x13*x16/10000000000000000 + 77005549101159*x13*x17/10000000000000000 - 125325529370457*x13*x2/20000000000000000 - 51990671781823*x13*x3/250000000000000 + 57997*x13*x4/10000000 + 10373*x13*x5/1250000 + 29053*x13*x6/10000000 + 99329*x13*x7/10000000 - 393*x13*x8/25000 + 4347*x13*x9/500000 - 20699*x13/50000 + 110664792275929*x14**2/10000000000000 - 84364595313673*x14*x15/2500000000000000 + 40507638012059*x14*x16/1000000000000000 - 114388338988647*x14*x17/10000000000000000 + 440262542106211*x14*x2/10000000000000000 - 158176238648593*x14*x3/1000000000000000 - 35857*x14*x4/1000000 + 34667*x14*x5/1000000 - 8939*x14*x6/500000 + 37109*x14*x7/1000000 - 12847*x14*x8/1000000 + 7051*x14*x9/200000 - 62097*x14/100000 + 22052861033997*x15**2/2000000000000 - 54420605301857*x15*x16/5000000000000000 + 650554138701409*x15*x17/100000000000000000 - 46127513051033*x15*x2/5000000000000000 - 217911186395213*x15*x3/1000000000000000 + 11387*x15*x4/2500000 - 3021*x15*x5/200000 + 5653*x15*x6/2500000 + 19323*x15*x7/2500000 + 9023*x15*x8/2000000 + 16911*x15*x9/2500000 - 16103*x15/50000 + 27614919697553*x16**2/2500000000000 - 15148101374507*x16*x17/1250000000000000 + 212376945419237*x16*x2/10000000000000000 - 187552573159337*x16*x3/1000000000000000 - 6933*x16*x4/500000 + 11993*x16*x5/1000000 - 17999*x16*x6/1000000 + 717*x16*x7/50000 - 13143*x16*x8/1000000 + 6271*x16*x9/500000 - 59781*x16/100000 + 55095542454801*x17**2/5000000000000 - 24927519261837*x17*x2/2500000000000000 - 13790488243103*x17*x3/62500000000000 + 1047*x17*x4/250000 + 59751*x17*x5/10000000 + 2621*x17*x6/1250000 + 71701*x17*x7/10000000 + 1047*x17*x8/250000 + 62711*x17*x9/10000000 - 29891*x17/100000 + 110517285201931*x2**2/10000000000000 - 72532403981313*x2*x3/500000000000000 - 11959*x2*x4/1000000 + 2951*x2*x5/200000 - 1961*x2*x6/50000 + 17629*x2*x7/1000000 - 5607*x2*x8/500000 + 15437*x2*x9/1000000 - 36767*x2/50000 + 70715593788773*x3**2/5000000000000 - 22917*x3*x4/100000 - 77*x3*x5/400 - 26857*x3*x6/100000 - 18317*x3*x7/100000 - 22927*x3*x8/100000 - 9523*x3*x9/50000 - 1552*x3/625 + 5517*x4**2/500 - 19007*x4*x5/500000 + 1531*x4*x6/62500 - 6909*x4*x7/500000 + 1813*x4*x8/400000 - 14771*x4*x9/1000000 - 16103*x4/50000 + 5517*x5**2/500 - 2287*x5*x6/125000 + 11029*x5*x7/1000000 - 3771*x5*x8/250000 + 48239*x5*x9/5000000 - 45959*x5/100000 + 11019*x6**2/1000 - 367*x6*x7/20000 + 11411*x6*x8/5000000 - 18147*x6*x9/1000000 - 8069*x6/50000 + 11039*x7**2/1000 + 19323*x7*x8/2500000 + 11577*x7*x9/1000000 - 55151*x7/100000 + 551*x8**2/50 - 14771*x8*x9/1000000 - 16103*x8/50000 + 11031*x9**2/1000 - 24137*x9/50000 + 1437/125",
    "Q": "[[11.495697249304687, -0.24190381329939584, -0.15978010887100716, -0.2718002588193709, -0.07517264996800012, -0.22694098850910313, -0.1585989891467673, -1.243426214031904, -0.37073939871973427, -0.1447980446952995, -0.2969832340310797, -0.1637014568108035, -0.30565077013903086, -0.20277146387186593, -0.2592332382801851, -0.1284094679735825, -0.335400338300355, -0.16129773800874223], [-0.24190381329939584, 11.031584807726142, -0.005829775025875325, 0.007514555508617773, -0.006277245277433565, 0.004842154923364601, -0.005589319549419496, -0.09609317946296554, 0.00786512510202122, -5.556719839342932e-05, 0.00628210828737541, -0.0009080494390042532, 0.012120739005117365, 0.002110493140969769, 0.0015615489938620422, 0.0015880739059685844, -0.001175656045778731, 6.571118437614088e-05], [-0.15978010887100716, -0.005829775025875325, 11.02029465563568, -0.0007737092151824666, 0.0011890710357545047, -0.003493783282200208, 0.0035155550543582085, -0.11584102929459145, -0.0055162857334077955, -0.00018050962091435176, -0.0027659510275650535, 0.0022949930234443523, -0.004318565904885226, -0.0027445166719033388, -0.000319070492251333, -0.004859600087759962, 0.006362056469898022, 0.004963998031167009], [-0.2718002588193709, 0.007514555508617773, -0.0007737092151824666, 11.038749906927526, -0.010005609687613633, 0.007633105859631537, -0.0041934601415119345, -0.09228409815353185, 0.013144410915157176, 0.00042175360325541255, 0.01092009276524453, 0.0025559415375401126, 0.014324062984028645, 0.0030610127447188305, 0.006522135671937074, 0.0012490527792258187, 0.0051253957512615335, 0.00241081606748299], [-0.07517264996800012, -0.006277245277433565, 0.0011890710357545047, -0.010005609687613633, 11.018476636678251, -0.009239871735884527, 0.010186694213340071, -0.13562273300584404, -0.01623864312917352, 0.0016159620650801846, -0.011449909791695826, 0.0009496258317112767, -0.01419399956679177, -0.002736766607711895, -0.007616402183617396, -0.0022044919612580044, -0.0005794303773178444, 0.003876735333046196], [-0.22694098850910313, 0.004842154923364601, -0.003493783282200208, 0.007633105859631537, -0.009239871735884527, 11.03383247560558, -0.018025586285548918, -0.09686399333282672, 0.008573749092303483, -0.0009173551794012498, 0.00896905745097332, -0.005017253172354144, 0.020234156190488985, 8.178018283371114e-05, 0.004890827055347026, 0.0030499190209088787, -0.009357883420129588, -0.006026963783730065], [-0.1585989891467673, -0.005589319549419496, 0.0035155550543582085, -0.0041934601415119345, 0.010186694213340071, -0.018025586285548918, 11.034367000984398, -0.12014440183067358, -0.008470828897718831, 0.00044526177735840206, -0.007957787376929384, 0.006315941412552403, -0.017827999979827484, -0.0013757535037934282, -0.0020866707500117793, -0.010724296634858943, 0.02126859546483927, 0.013932857064177975], [-1.243426214031904, -0.09609317946296554, -0.11584102929459145, -0.09228409815353185, -0.13562273300584404, -0.09686399333282672, -0.12014440183067358, 14.143286735733213, -0.07608713590223208, -0.11576861547740908, -0.08787384011845195, -0.11046356655466087, -0.08235448878873534, -0.10365628589546905, -0.09900763001322777, -0.11670172278780502, -0.08412427387315101, -0.05650845810041149], [-0.37073939871973427, 0.00786512510202122, -0.0055162857334077955, 0.013144410915157176, -0.01623864312917352, 0.008573749092303483, -0.008470828897718831, -0.07608713590223208, 11.051991011592513, -0.00390686163836695, 0.014402447345560457, -0.0014466202659514434, 0.019660548899458407, 0.001006231760935347, 0.005516723910051734, -0.002876403433231701, 0.010572737381622703, 0.0042966596392275645], [-0.1447980446952995, -5.556719839342932e-05, -0.00018050962091435176, 0.00042175360325541255, 0.0016159620650801846, -0.0009173551794012498, 0.00044526177735840206, -0.11576861547740908, -0.00390686163836695, 11.018834018629764, -0.006705371676627905, 0.003643619967755796, -0.004017140992549727, -0.0007141230756329163, -0.001627791629363926, -0.001084587299340412, -0.0022425363921245948, 0.0018204750330227347], [-0.2969832340310797, 0.00628210828737541, -0.0027659510275650535, 0.01092009276524453, -0.011449909791695826, 0.00896905745097332, -0.007957787376929384, -0.08787384011845195, 0.014402447345560457, -0.006705371676627905, 11.046205638524492, -0.003832381700516855, 0.0223436619481709, 0.0026009001471561113, 0.005535941420595533, 0.0026792961512136695, 0.0049672207506628345, 0.0006340188054806497], [-0.1637014568108035, -0.0009080494390042532, 0.0022949930234443523, 0.0025559415375401126, 0.0009496258317112767, -0.005017253172354144, 0.006315941412552403, -0.11046356655466087, -0.0014466202659514434, 0.003643619967755796, -0.003832381700516855, 11.026796501954788, -0.014124059124024032, 0.0027160732660756887, -0.003306317746261118, -0.005883537522956089, 0.00933741955683884, 0.006982413008148501], [-0.30565077013903086, 0.012120739005117365, -0.004318565904885226, 0.014324062984028645, -0.01419399956679177, 0.020234156190488985, -0.017827999979827484, -0.08235448878873534, 0.019660548899458407, -0.004017140992549727, 0.0223436619481709, -0.014124059124024032, 11.065825057211777, 0.0005548672348901337, 0.013295379654144226, 0.009794899174732648, -0.006367476170427141, -0.0038920868913864576], [-0.20277146387186593, 0.002110493140969769, -0.0027445166719033388, 0.0030610127447188305, -0.002736766607711895, 8.178018283371114e-05, -0.0013757535037934282, -0.10365628589546905, 0.001006231760935347, -0.0007141230756329163, 0.0026009001471561113, 0.0027160732660756887, 0.0005548672348901337, 11.024581500187027, -0.005731426797627067, -0.000341940662943789, -0.0019918097346701196, 0.0012447090423177612], [-0.2592332382801851, 0.0015615489938620422, -0.000319070492251333, 0.006522135671937074, -0.007616402183617396, 0.004890827055347026, -0.0020866707500117793, -0.09900763001322777, 0.005516723910051734, -0.001627791629363926, 0.005535941420595533, -0.003306317746261118, 0.013295379654144226, -0.005731426797627067, 11.03440174779763, -0.0029792661945254183, 0.011635654529808352, 0.005296307458933605], [-0.1284094679735825, 0.0015880739059685844, -0.004859600087759962, 0.0012490527792258187, -0.0022044919612580044, 0.0030499190209088787, -0.010724296634858943, -0.11670172278780502, -0.002876403433231701, -0.001084587299340412, 0.0026792961512136695, -0.005883537522956089, 0.009794899174732648, -0.000341940662943789, -0.0029792661945254183, 11.020233244283254, -0.027989202547894138, -0.010417798101309614], [-0.335400338300355, -0.001175656045778731, 0.006362056469898022, 0.0051253957512615335, -0.0005794303773178444, -0.009357883420129588, 0.02126859546483927, -0.08412427387315101, 0.010572737381622703, -0.0022425363921245948, 0.0049672207506628345, 0.00933741955683884, -0.006367476170427141, -0.0019918097346701196, 0.011635654529808352, -0.027989202547894138, 11.082557118767669, 0.02893355400282941], [-0.16129773800874223, 6.571118437614088e-05, 0.004963998031167009, 0.00241081606748299, 0.003876735333046196, -0.006026963783730065, 0.013932857064177975, -0.05650845810041149, 0.0042966596392275645, 0.0018204750330227347, 0.0006340188054806497, 0.006982413008148501, -0.0038920868913864576, 0.0012447090423177612, 0.005296307458933605, -0.010417798101309614, 0.02893355400282941, 11.020094989646344]]",
    "monomial_list": "[1, x9, x8, x7, x6, x5, x4, x3, x2, x17, x16, x15, x14, x13, x12, x11, x10, x1]"
}