{
    "name": "Multiplier-14",
    "rational_expression": "11041*x1**2/1000 + 2963*x1*x10/20000 - 531*x1*x11/31250 + 77511*x1*x12/10000000 + 21771*x1*x13/500000 - 18843*x1*x14/500000 + 10453*x1*x15/100000 - 9113*x1*x16/500000 + 2823*x1*x17/62500 + 66529*x1*x2/10000000 + 23*x1*x3/500 + 1251*x1*x4/12500 - 10209*x1*x5/500000 + 68103*x1*x6/1000000 + 6343*x1*x7/500000 + 43297*x1*x8/1000000 + 2961*x1*x9/250000 - 84529*x1/100000 + 5557*x10**2/500 - 29307*x10*x11/500000 + 32523*x10*x12/1000000 + 27073*x10*x13/1000000 - 1653*x10*x14/12500 + 5677*x10*x15/50000 + 4013*x10*x16/1000000 + 25287*x10*x17/500000 + 20609*x10*x2/2500000 + 92*x10*x3/3125 + 3051*x10*x4/20000 - 8427*x10*x5/200000 + 25751*x10*x6/500000 + 313*x10*x7/20000 + 70423*x10*x8/1000000 + 1463*x10*x9/100000 - 10441*x10/10000 + 2747*x11**2/250 + 33409*x11*x12/10000000 + 9971*x11*x13/2000000 - 24123*x11*x14/100000 + 54883*x11*x15/10000000 + 22673*x11*x16/1000000 + 33617*x11*x17/10000000 + 10511*x11*x2/10000000 + 433*x11*x3/125000 - 16659*x11*x4/1000000 + 11197*x11*x5/500000 + 34857*x11*x6/10000000 + 1181*x11*x7/625000 + 15561*x11*x8/5000000 + 11939*x11*x9/500000 - 3111*x11/25000 + 2747*x12**2/250 - 7331*x12*x13/500000 - 11729*x12*x14/50000 + 89897*x12*x15/10000000 + 359*x12*x16/15625 + 54123*x12*x17/10000000 + 1657*x12*x2/1000000 + 56139*x12*x3/10000000 + 2487*x12*x4/312500 + 4509*x12*x5/200000 + 56139*x12*x6/10000000 + 5029*x12*x7/200000 + 12523*x12*x8/2500000 + 28069*x12*x9/10000000 - 626*x12/3125 + 2753*x13**2/250 - 17151*x13*x14/100000 + 24617*x13*x15/500000 + 23387*x13*x16/10000000 + 38323*x13*x17/1000000 + 23821*x13*x2/5000000 + 8381*x13*x3/500000 + 23081*x13*x4/500000 + 12019*x13*x5/10000000 + 38913*x13*x6/1000000 + 44757*x13*x7/5000000 + 2983*x13*x8/200000 + 16717*x13*x9/2000000 - 59641*x13/100000 + 14069*x14**2/1000 - 6057*x14*x15/50000 - 581*x14*x16/2500 - 18239*x14*x17/100000 - 5581*x14*x2/25000 - 15747*x14*x3/100000 - 7653*x14*x4/50000 - 23757*x14*x5/100000 - 1121*x14*x6/6250 - 20819*x14*x7/100000 - 9283*x14*x8/50000 - 10507*x14*x9/50000 - 5653*x14/2500 + 2769*x15**2/250 - 8561*x15*x16/500000 + 74721*x15*x17/1000000 + 22201*x15*x2/2500000 + 37907*x15*x3/500000 + 5547*x15*x4/50000 - 9587*x15*x5/500000 + 26783*x15*x6/500000 + 4863*x15*x7/125000 + 50103*x15*x8/1000000 + 7837*x15*x9/500000 - 2237*x15/2000 + 2197*x16**2/200 - 3773*x16*x17/200000 + 5759*x16*x2/250000 - 9371*x16*x3/500000 - 8837*x16*x4/500000 + 22343*x16*x5/1000000 - 18717*x16*x6/1000000 + 11821*x16*x7/500000 + 12523*x16*x8/5000000 + 2807*x16*x9/2000000 - 313*x16/3125 + 551*x17**2/50 + 26733*x17*x2/5000000 + 41049*x17*x3/1000000 + 12293*x17*x4/250000 + 13753*x17*x5/10000000 + 20511*x17*x6/500000 + 101*x17*x7/10000 + 19479*x17*x8/500000 + 15769*x17*x9/500000 - 67153*x17/100000 + 1373*x2**2/125 - 16607*x2*x3/1000000 - 13673*x2*x4/1000000 + 4509*x2*x5/200000 - 1591*x2*x6/100000 + 5029*x2*x7/200000 + 12523*x2*x8/2500000 + 28069*x2*x9/10000000 - 626*x2/3125 + 11021*x3**2/1000 + 6271*x3*x4/125000 + 2807*x3*x5/2000000 + 20867*x3*x6/500000 + 2089*x3*x7/200000 + 1583*x3*x8/40000 + 12197*x3*x9/1250000 - 69657*x3/100000 + 11073*x4**2/1000 - 21119*x4*x5/500000 + 72253*x4*x6/1000000 + 2983*x4*x7/200000 + 2351*x4*x8/50000 + 13919*x4*x9/1000000 - 99401*x4/100000 + 5491*x5**2/500 + 2807*x5*x6/2000000 + 22913*x5*x7/1000000 + 12523*x5*x8/10000000 + 22837*x5*x9/1000000 - 313*x5/6250 + 1103*x6**2/100 + 2089*x6*x7/200000 + 1583*x6*x8/40000 + 12197*x6*x9/1250000 - 69657*x6/100000 + 2199*x7**2/200 + 93189*x7*x8/10000000 + 13679*x7*x9/500000 - 18647*x7/50000 + 2203*x8**2/200 + 5439*x8*x9/625000 - 12429*x8/20000 + 1374*x9**2/125 - 8707*x9/25000 + 1554/125",
    "Q": "[[12.432208549807951, -0.1678998964630479, -0.3074196199183585, -0.18071248880820595, -0.3459858665337098, -0.022744919612783507, -0.5029182164046455, -0.345013741872692, -0.10102121669211338, -0.3330218932866188, -0.04481695828869369, -0.5591641835391523, -1.1326038755167511, -0.3037199567991941, -0.10200105271656255, -0.06013187609197908, -0.52654375663048, -0.4288392887814157], [-0.1678998964630479, 10.992602763780493, 0.0016829954975165497, 0.009399400714845048, 0.006810989498317317, 0.005857519076805483, 0.00636294747596374, 0.004690685191437096, 0.005980603188475143, 0.010094177850700147, 0.005238599384060363, 0.011003393331234729, -0.10255721385254717, 0.00939332630806118, 0.003908046430633571, 0.008230907118037466, 0.0038510122626625775, 0.006150992782339002], [-0.3074196199183585, 0.0016829954975165497, 11.01412371069191, 0.007815624837023036, 0.020349062567491055, 0.0003025636448870038, 0.028843292259847254, 0.016089212381165622, -0.0018109650271036011, 0.017409123729063808, 0.0007829046354087446, 0.02907587467944232, -0.09121079135797285, 0.011666412978249384, 0.007099909133262212, 0.0012868173640280566, 0.03223766265693722, 0.02705152691435865], [-0.18071248880820595, 0.009399400714845048, 0.007815624837023036, 10.995038783903903, 0.0011809655985290295, 0.0071641173697649645, 0.007873636652372078, 0.003708315243393808, 0.009893051626929961, 0.009454147440794218, 0.008678653555746528, 0.014604354824545186, -0.10254547490898182, 0.008892810576904988, 0.008571971240067302, 0.006091785947110913, 0.010701383241238217, 0.007821507217098032], [-0.3459858665337098, 0.006810989498317317, 0.020349062567491055, 0.0011809655985290295, 11.029388662854034, -0.0026552866988361675, 0.04141215668694249, 0.022394469779395857, -0.008154926314778353, 0.022748943292810048, -0.004490715939917751, 0.031158499645486813, -0.09222288536007588, 0.016357458731960983, 0.001425998087844456, 0.006816106992713502, 0.030776904983371618, 0.031207144116402352], [-0.022744919612783507, 0.005857519076805483, 0.0003025636448870038, 0.0071641173697649645, -0.0026552866988361675, 10.981666116193187, -0.020864197991040324, -0.0020166316839147205, 0.0071365501921609046, 0.0028464677564221125, 0.009879886779496845, -0.006822939244168894, -0.11762681316693203, 0.0011562760464665426, 0.00876752191845774, 0.01081089716459753, -0.01760307192009395, -0.012413464225152248], [-0.5029182164046455, 0.00636294747596374, 0.028843292259847254, 0.007873636652372078, 0.04141215668694249, -0.020864197991040324, 11.073430156129394, 0.02483929878940283, -0.003831667902025846, 0.02686328839635248, -0.005879727556593563, 0.0518000411988936, -0.07254835574852087, 0.02193351951294759, 0.00573145535979953, -0.007826216909463701, 0.07180615996793467, 0.056117256316938875], [-0.345013741872692, 0.004690685191437096, 0.016089212381165622, 0.003708315243393808, 0.022394469779395857, -0.0020166316839147205, 0.02483929878940283, 11.020379895696953, -0.012385989962082886, 0.020993040232090285, -0.006494736003028408, 0.032805767442837204, -0.07990089885301847, 0.0139054549659956, -0.002569672326843764, 0.005854071907872959, 0.014919707372285136, 0.027455076869032157], [-0.10102121669211338, 0.005980603188475143, -0.0018109650271036011, 0.009893051626929961, -0.008154926314778353, 0.0071365501921609046, -0.003831667902025846, -0.012385989962082886, 10.983780944546131, -0.00023487217421569277, 0.010187045666369205, 0.001059053860967716, -0.10798039791188381, 0.0011452839096765938, 0.0050377524857499485, 0.0016241372543869812, 0.00684390136771318, 0.0025977308624958026], [-0.3330218932866188, 0.010094177850700147, 0.017409123729063808, 0.009454147440794218, 0.022748943292810048, 0.0028464677564221125, 0.02686328839635248, 0.020993040232090285, -0.00023487217421569277, 11.020212070491139, -0.005816622214972104, 0.034861466946957465, -0.08809927226597535, 0.016186852727050085, 0.004636173715873586, 0.006281437935500788, 0.021927788890316432, 0.024891140592834732], [-0.04481695828869369, 0.005238599384060363, 0.0007829046354087446, 0.008678653555746528, -0.004490715939917751, 0.009879886779496845, -0.005879727556593563, -0.006494736003028408, 0.010187045666369205, -0.005816622214972104, 10.985260233532554, -0.005740103213541756, -0.11524189661824012, 0.0028901022247682486, 0.007283904101051139, 0.009223565443067313, -0.0005828190105196287, -0.004275636940148861], [-0.5591641835391523, 0.011003393331234729, 0.02907587467944232, 0.014604354824545186, 0.031158499645486813, -0.006822939244168894, 0.0518000411988936, 0.032805767442837204, 0.001059053860967716, 0.034861466946957465, -0.005740103213541756, 11.075881779288057, -0.06387890278610002, 0.029660190217991978, 0.0004213474111038587, -0.0025133317342940433, 0.05537445008577443, 0.048754035170532437], [-1.1326038755167511, -0.10255721385254717, -0.09121079135797285, -0.10254547490898182, -0.09222288536007588, -0.11762681316693203, -0.07254835574852087, -0.07990089885301847, -0.10798039791188381, -0.08809927226597535, -0.11524189661824012, -0.06387890278610002, 14.06869417401122, -0.08927896203449168, -0.11097819914187179, -0.1170914215399957, -0.060683543949101894, -0.024197967812487172], [-0.3037199567991941, 0.00939332630806118, 0.011666412978249384, 0.008892810576904988, 0.016357458731960983, 0.0011562760464665426, 0.02193351951294759, 0.0139054549659956, 0.0011452839096765938, 0.016186852727050085, 0.0028901022247682486, 0.029660190217991978, -0.08927896203449168, 11.01220163251517, -0.00403809788782713, 0.0063488884058613936, 0.015883933662872707, 0.019649470321239766], [-0.10200105271656255, 0.003908046430633571, 0.007099909133262212, 0.008571971240067302, 0.001425998087844456, 0.00876752191845774, 0.00573145535979953, -0.002569672326843764, 0.0050377524857499485, 0.004636173715873586, 0.007283904101051139, 0.0004213474111038587, -0.11097819914187179, -0.00403809788782713, 10.987856676624546, 0.003611478594836009, 0.01648785372988235, 0.008203558536462027], [-0.06013187609197908, 0.008230907118037466, 0.0012868173640280566, 0.006091785947110913, 0.006816106992713502, 0.01081089716459753, -0.007826216909463701, 0.005854071907872959, 0.0016241372543869812, 0.006281437935500788, 0.009223565443067313, -0.0025133317342940433, -0.1170914215399957, 0.0063488884058613936, 0.003611478594836009, 10.987715421017457, -0.03489134481145114, -0.012388040017852568], [-0.52654375663048, 0.0038510122626625775, 0.03223766265693722, 0.010701383241238217, 0.030776904983371618, -0.01760307192009395, 0.07180615996793467, 0.014919707372285136, 0.00684390136771318, 0.021927788890316432, -0.0005828190105196287, 0.05537445008577443, -0.060683543949101894, 0.015883933662872707, 0.01648785372988235, -0.03489134481145114, 11.11461525357219, 0.07440246650264458], [-0.4288392887814157, 0.006150992782339002, 0.02705152691435865, 0.007821507217098032, 0.031207144116402352, -0.012413464225152248, 0.056117256316938875, 0.027455076869032157, 0.0025977308624958026, 0.024891140592834732, -0.004275636940148861, 0.048754035170532437, -0.024197967812487172, 0.019649470321239766, 0.008203558536462027, -0.012388040017852568, 0.07440246650264458, 11.042121854810382]]",
    "monomial_list": "[1, x9, x8, x7, x6, x5, x4, x3, x2, x17, x16, x15, x14, x13, x12, x11, x10, x1]"
}