{
    "name": "Multiplier-7",
    "rational_expression": "3809*x1**2/1000 - 127*x1*x10/12500 - 1227*x1*x11/1000000 - 139*x1*x12/100000 + 599*x1*x13/250000 - 1829*x1*x14/1000000 - 3327*x1*x15/500000 - 1007*x1*x2/100000 + 1323*x1*x3/500000 - 267*x1*x4/200000 - 6113*x1*x5/1000000 - 1489*x1*x6/1000000 + 4227*x1*x7/1000000 - 1647*x1*x8/100000 + 3291*x1*x9/500000 - 531*x1/5000 + 3773*x10**2/1000 - 1827*x10*x11/20000 - 51*x10*x12/800 - 4887*x10*x13/100000 - 967*x10*x14/12500 - 7133*x10*x15/100000 - 7057*x10*x2/100000 - 6087*x10*x3/100000 - 3911*x10*x4/50000 - 5697*x10*x5/100000 - 5891*x10*x6/100000 - 93*x10*x7/3125 - 6741*x10*x8/100000 - 1733*x10*x9/20000 + 2539*x10/5000 + 1879*x11**2/500 - 3783*x11*x12/50000 - 6631*x11*x13/100000 - 257*x11*x14/3125 - 2053*x11*x15/25000 - 457*x11*x2/5000 - 3551*x11*x3/50000 - 8327*x11*x4/100000 - 8317*x11*x5/100000 - 5703*x11*x6/100000 - 4333*x11*x7/100000 - 2207*x11*x8/25000 - 2309*x11*x9/25000 + 873*x11/2000 + 3777*x12**2/1000 - 4457*x12*x13/50000 - 1491*x12*x14/20000 - 7489*x12*x15/100000 - 9869*x12*x2/100000 - 517*x12*x3/12500 - 941*x12*x4/12500 - 6019*x12*x5/100000 - 257*x12*x6/25000 - 2277*x12*x7/100000 - 1973*x12*x8/25000 - 4147*x12*x9/50000 + 2301*x12/5000 + 939*x13**2/250 - 5013*x13*x14/100000 - 2577*x13*x15/50000 - 2169*x13*x2/50000 - 1839*x13*x3/25000 - 5551*x13*x4/100000 - 6469*x13*x5/100000 - 2541*x13*x6/50000 - 3371*x13*x7/100000 - 129*x13*x8/2500 - 6161*x13*x9/100000 + 649*x13/2500 + 3761*x14**2/1000 - 173*x14*x15/2000 - 4327*x14*x2/50000 - 5367*x14*x3/100000 - 8643*x14*x4/100000 - 1627*x14*x5/25000 - 3373*x14*x6/50000 - 811*x14*x7/20000 - 9141*x14*x8/100000 - 8809*x14*x9/100000 + 4897*x14/10000 + 15*x15**2/4 - 7107*x15*x2/100000 - 1711*x15*x3/25000 - 8459*x15*x4/100000 - 7407*x15*x5/100000 - 657*x15*x6/10000 - 481*x15*x7/12500 - 133*x15*x8/2000 - 2123*x15*x9/25000 + 3421*x15/10000 + 377*x2**2/100 - 8179*x2*x3/100000 - 2459*x2*x4/25000 - 197*x2*x5/3125 - 8733*x2*x6/100000 - 611*x2*x7/12500 - 367*x2*x8/5000 - 341*x2*x9/4000 + 21*x2/40 + 3747*x3**2/1000 - 879*x3*x4/12500 - 7967*x3*x5/100000 - 1813*x3*x6/50000 - 27*x3*x7/800 - 3331*x3*x8/50000 - 3851*x3*x9/50000 + 2539*x3/10000 + 3769*x4**2/1000 - 1179*x4*x5/10000 - 3043*x4*x6/50000 - 1027*x4*x7/25000 - 537*x4*x8/5000 - 8149*x4*x9/100000 + 2391*x4/5000 + 468*x5**2/125 - 4479*x5*x6/100000 - 493*x5*x7/12500 - 1511*x5*x8/25000 - 2159*x5*x9/25000 + 649*x5/2000 + 947*x6**2/250 - 1161*x6*x7/100000 - 238*x6*x8/3125 - 7267*x6*x9/100000 + 991*x6/2000 + 967*x7**2/200 - 3387*x7*x8/100000 - 2177*x7*x9/50000 + 3011*x7/10000 + 3767*x8**2/1000 - 157*x8*x9/1250 + 4897*x8/10000 + 1881*x9**2/500 + 4717*x9/10000 + 59/20",
    "Q": "[[2.950027559471657, 0.23714644774213628, 0.24575455314776706, 0.15072649431542756, 0.24719794447029816, 0.1630203565660146, 0.23774924977783732, 0.1276381719824517, 0.26205507387399596, 0.172377962158515, 0.24370668592578473, 0.12973859199922036, 0.22881407705255843, 0.21902463039616127, 0.2540702278487269, -0.05403656285771276], [0.23714644774213628, 3.762120212532496, -0.06084068158462626, -0.022497599895490952, -0.03491273024026044, -0.04383692124682746, -0.04254084674241045, -0.03704783717126172, -0.043873304045266695, -0.044028628758256666, -0.04345837831289792, -0.0305691968268661, -0.04251666831228336, -0.04442461294842751, -0.04233394287281002, 0.0018450015825275535], [0.24575455314776706, -0.06084068158462626, 3.7677010283764214, -0.01751616902339494, -0.03672013332118115, -0.02915324316379347, -0.05561331863010359, -0.03443589348950477, -0.037765103779279385, -0.033487485815275754, -0.046222774032204095, -0.024276977441629072, -0.04061414747119967, -0.04347178525994395, -0.035423248387243776, -0.008246293322806953], [0.15072649431542756, -0.022497599895490952, -0.01751616902339494, 4.835634417057876, -0.004266796335191041, -0.019657176720797895, -0.021945811170410737, -0.017707228519286584, -0.0225417542664773, -0.020525194239214707, -0.018936334550528292, -0.018199934763644784, -0.010767496736697496, -0.01968936721572556, -0.017258250107638887, 0.003509883177632217], [0.24719794447029816, -0.03491273024026044, -0.03672013332118115, -0.004266796335191041, 3.786999200213468, -0.021620799993863918, -0.03027175316284847, -0.016315321233842776, -0.044021834998704344, -0.031250572247725934, -0.03405142726264351, -0.025912331297334664, -0.006768470463535027, -0.029084176294750644, -0.029517932342343827, -0.0012667828393401377], [0.1630203565660146, -0.04383692124682746, -0.02915324316379347, -0.019657176720797895, -0.021620799993863918, 3.7436354722065173, -0.058038242058767696, -0.04089961855168013, -0.029855520017439838, -0.03836262546067464, -0.03308553861029162, -0.03348723021452218, -0.030095933032537214, -0.042187899013569, -0.030162149203326584, -0.002550693062176645], [0.23774924977783732, -0.04254084674241045, -0.05561331863010359, -0.021945811170410737, -0.03027175316284847, -0.058038242058767696, 3.7694931849816924, -0.033352478658906455, -0.04937172590554118, -0.041276895130818385, -0.0423801271045024, -0.02782144559086645, -0.03676819082971914, -0.042188085411646314, -0.039533723354765835, -0.0023644228068151725], [0.1276381719824517, -0.03704783717126172, -0.03443589348950477, -0.017707228519286584, -0.016315321233842776, -0.04089961855168013, -0.033352478658906455, 3.747137643218351, -0.03971098077083255, -0.034386000761509834, -0.027756767533952995, -0.03552957531773653, -0.020884904321800627, -0.035517343950612776, -0.028828138378660835, 0.0003231202354216483], [0.26205507387399596, -0.043873304045266695, -0.037765103779279385, -0.0225417542664773, -0.044021834998704344, -0.029855520017439838, -0.04937172590554118, -0.03971098077083255, 3.7695391027597256, -0.03415277458570236, -0.0451892525948551, -0.020069863568086908, -0.04830107864256951, -0.04457900470281336, -0.03361584067543161, -0.005263652285305485], [0.172377962158515, -0.044028628758256666, -0.033487485815275754, -0.020525194239214707, -0.031250572247725934, -0.03836262546067464, -0.041276895130818385, -0.034386000761509834, -0.03415277458570236, 3.750358987218227, -0.043715947898096554, -0.026776758391537772, -0.03558479760928462, -0.042832329956755025, -0.03546499108297834, -0.0022002012002017225], [0.24370668592578473, -0.04345837831289792, -0.046222774032204095, -0.018936334550528292, -0.03405142726264351, -0.03308553861029162, -0.0423801271045024, -0.027756767533952995, -0.0451892525948551, -0.043715947898096554, 3.761133615604506, -0.026120351128292967, -0.03923889540162874, -0.0416794664449352, -0.04033589146076381, 0.0004487983000540642], [0.12973859199922036, -0.0305691968268661, -0.024276977441629072, -0.018199934763644784, -0.025912331297334664, -0.03348723021452218, -0.02782144559086645, -0.03552957531773653, -0.020069863568086908, -0.026776758391537772, -0.026120351128292967, 3.7561340559335386, -0.044799362274842804, -0.032492363663776405, -0.022900458204057467, 0.002900377015106621], [0.22881407705255843, -0.04251666831228336, -0.04061414747119967, -0.010767496736697496, -0.006768470463535027, -0.030095933032537214, -0.03676819082971914, -0.020884904321800627, -0.04830107864256951, -0.03558479760928462, -0.03923889540162874, -0.044799362274842804, 3.7773077386275618, -0.03704321799745405, -0.032636719735022975, -0.0020447505555791176], [0.21902463039616127, -0.04442461294842751, -0.04347178525994395, -0.01968936721572556, -0.029084176294750644, -0.042187899013569, -0.042188085411646314, -0.035517343950612776, -0.04457900470281336, -0.042832329956755025, -0.0416794664449352, -0.032492363663776405, -0.03704321799745405, 3.7579084019212585, -0.045795053809244896, -0.000385659547158962], [0.2540702278487269, -0.04233394287281002, -0.035423248387243776, -0.017258250107638887, -0.029517932342343827, -0.030162149203326584, -0.039533723354765835, -0.028828138378660835, -0.03361584067543161, -0.03546499108297834, -0.04033589146076381, -0.022900458204057467, -0.032636719735022975, -0.045795053809244896, 3.772707492090944, -0.003802393499510582], [-0.05403656285771276, 0.0018450015825275535, -0.008246293322806953, 0.003509883177632217, -0.0012667828393401377, -0.002550693062176645, -0.0023644228068151725, 0.0003231202354216483, -0.005263652285305485, -0.0022002012002017225, 0.0004487983000540642, 0.002900377015106621, -0.0020447505555791176, -0.000385659547158962, -0.003802393499510582, 3.8091968878057867]]",
    "monomial_list": "[1, x9, x8, x7, x6, x5, x4, x3, x2, x15, x14, x13, x12, x11, x10, x1]"
}