{
    "name": "Multiplier-13",
    "rational_expression": "3813*x1**2/1000 - 3881*x1*x10/1000000 - 7003*x1*x11/100000000 - 4567*x1*x12/500000 + 1927*x1*x13/500000 - 1393*x1*x14/1000000 - 3517*x1*x15/1000000 - 9317*x1*x2/1000000 - 4829*x1*x3/5000000 - 1119*x1*x4/10000000 - 1913*x1*x5/200000 + 77*x1*x6/250000 + 4407*x1*x7/1000000 - 719*x1*x8/50000 + 1851*x1*x9/1000000 - 1149*x1/10000 + 3757*x10**2/1000 - 1531*x10*x11/10000 - 631*x10*x12/5000 - 1993*x10*x13/50000 - 323*x10*x14/2500 - 1117*x10*x15/10000 - 133*x10*x2/1250 - 9163*x10*x3/100000 - 259*x10*x4/2000 - 279*x10*x5/2500 - 601*x10*x6/5000 - 1187*x10*x7/10000 - 23*x10*x8/200 - 1411*x10*x9/10000 + 649*x10/1000 + 3733*x11**2/1000 - 533*x11*x12/5000 - 4597*x11*x13/100000 - 619*x11*x14/5000 - 307*x11*x15/2500 - 697*x11*x2/5000 - 4657*x11*x3/50000 - 731*x11*x4/5000 - 649*x11*x5/5000 - 343*x11*x6/2500 - 1163*x11*x7/10000 - 659*x11*x8/5000 - 709*x11*x9/5000 + 2571*x11/5000 + 943*x12**2/250 - 1399*x12*x13/100000 - 109*x12*x14/1000 - 4419*x12*x15/50000 - 1457*x12*x2/10000 - 279*x12*x3/6250 - 1229*x12*x4/10000 - 1987*x12*x5/25000 - 4073*x12*x6/50000 - 123*x12*x7/1000 - 151*x12*x8/1250 - 29*x12*x9/250 + 609*x12/1000 + 241*x13**2/50 - 779*x13*x14/25000 - 3769*x13*x15/100000 - 409*x13*x2/10000 - 3873*x13*x3/100000 - 4637*x13*x4/100000 - 1139*x13*x5/25000 - 2871*x13*x6/100000 - 3793*x13*x7/100000 - 1583*x13*x8/50000 - 2127*x13*x9/50000 + 537*x13/2500 + 3747*x14**2/1000 - 1231*x14*x15/10000 - 1353*x14*x2/10000 - 7279*x14*x3/100000 - 16*x14*x4/125 - 251*x14*x5/2500 - 157*x14*x6/1250 - 1001*x14*x7/10000 - 1351*x14*x8/10000 - 131*x14*x9/1000 + 609*x14/1000 + 3731*x15**2/1000 - 203*x15*x2/2000 - 823*x15*x3/10000 - 151*x15*x4/1250 - 521*x15*x5/5000 - 233*x15*x6/2000 - 1661*x15*x7/20000 - 507*x15*x8/5000 - 623*x15*x9/5000 + 2023*x15/5000 + 3753*x2**2/1000 - 133*x2*x3/1250 - 1521*x2*x4/10000 - 523*x2*x5/5000 - 1433*x2*x6/10000 - 4839*x2*x7/50000 - 1231*x2*x8/10000 - 1417*x2*x9/10000 + 161*x2/250 + 3729*x3**2/1000 - 1051*x3*x4/10000 - 53*x3*x5/500 - 3843*x3*x6/50000 - 264*x3*x7/3125 - 567*x3*x8/6250 - 243*x3*x9/2500 + 3193*x3/10000 + 15*x4**2/4 - 869*x4*x5/5000 - 1251*x4*x6/10000 - 153*x4*x7/1250 - 1659*x4*x8/10000 - 349*x4*x9/2500 + 599*x4/1000 + 3721*x5**2/1000 - 1053*x5*x6/10000 - 1009*x5*x7/10000 - 4881*x5*x8/50000 - 1281*x5*x9/10000 + 1871*x5/5000 + 3751*x6**2/1000 - 1457*x6*x7/10000 - 161*x6*x8/1250 - 349*x6*x9/2500 + 599*x6/1000 + 1871*x7**2/500 - 1041*x7*x8/10000 - 1201*x7*x9/10000 + 2221*x7/5000 + 3751*x8**2/1000 - 421*x8*x9/2500 + 151*x8/250 + 1871*x9**2/500 + 5691*x9/10000 + 312/125",
    "Q": "[[2.4962451964549537, 0.28552659582451956, 0.3008515019030348, 0.22140431313181946, 0.299322297674579, 0.1866157149105757, 0.3005456174791204, 0.1588089576881669, 0.3227834731870842, 0.20336787868241016, 0.3035021696132463, 0.10629738222344569, 0.3041927731408675, 0.2577795500565484, 0.3255709021590586, -0.05810129683979286], [0.28552659582451956, 3.7424269954387346, -0.08541625908352708, -0.05816754718022357, -0.0701943580914262, -0.06534320803239402, -0.07050077865556464, -0.04977045082050487, -0.06966319168356515, -0.06160162905232416, -0.06483252033231889, -0.021717256029902925, -0.0593622477370617, -0.07131055278875355, -0.069791563381295, 0.0017238468750789082], [0.3008515019030348, -0.08541625908352708, 3.7512130931466303, -0.05164657417809066, -0.06587008970441494, -0.04785319735361095, -0.08200232514462338, -0.04639316938878895, -0.059814762652205436, -0.04882607964997363, -0.066370332793756, -0.01584721629925407, -0.058860691302874156, -0.06679998608020968, -0.05875079359396514, -0.008365213168862714], [0.22140431313181946, -0.05816754718022357, -0.05164657417809066, 3.7409636038416085, -0.07279266284236129, -0.04983320998859409, -0.06239272211627214, -0.0422668629080636, -0.04913185179227502, -0.04288451395842002, -0.051820942603545826, -0.019490139097923423, -0.061808648280067414, -0.05901280832832416, -0.057852058257831275, 0.001587536375607513], [0.299322297674579, -0.0701943580914262, -0.06587008970441494, -0.07279266284236129, 3.7503126196343586, -0.05401606557599833, -0.06422720653567923, -0.039002491698787015, -0.07150009670453374, -0.0568170446107153, -0.06202949560683462, -0.015967656691576754, -0.04173462748470581, -0.06852814288795882, -0.05969159729954037, -0.0009512967223589329], [0.1866157149105757, -0.06534320803239402, -0.04785319735361095, -0.04983320998859409, -0.05401606557599833, 3.7202037145049647, -0.0862993758682464, -0.051213677106736626, -0.05147020658189914, -0.052378216848139446, -0.049700127318113935, -0.022726685720936817, -0.04073354372013605, -0.06440412779601834, -0.05406932211630312, -0.0033931257286598892], [0.3005456174791204, -0.07050077865556464, -0.08200232514462338, -0.06239272211627214, -0.06422720653567923, -0.0862993758682464, 3.7505771124689713, -0.051187760041254374, -0.07474940911975526, -0.06101242412437182, -0.06581041656662603, -0.02278985996921431, -0.06307049204813152, -0.0715661007136638, -0.06568341886981773, -0.0019480946137452365], [0.1588089576881669, -0.04977045082050487, -0.04639316938878895, -0.0422668629080636, -0.039002491698787015, -0.051213677106736626, -0.051187760041254374, 3.7282054231785393, -0.0551165881118687, -0.04295499223647663, -0.03804299050798874, -0.02014581510087616, -0.023411900543956286, -0.04810643975023903, -0.04616393102579076, -0.0014567020083517245], [0.3227834731870842, -0.06966319168356515, -0.059814762652205436, -0.04913185179227502, -0.07150009670453374, -0.05147020658189914, -0.07474940911975526, -0.0551165881118687, 3.7526133898838867, -0.05189648748730074, -0.06737768827339537, -0.020619918412310864, -0.07150132211663908, -0.07029132667216008, -0.05359011343618092, -0.004312487975320972], [0.20336787868241016, -0.06160162905232416, -0.04882607964997363, -0.04288451395842002, -0.0568170446107153, -0.052378216848139446, -0.06101242412437182, -0.04295499223647663, -0.05189648748730074, 3.7309388923916447, -0.05961967853023738, -0.02015702955494194, -0.0451453944177779, -0.06097710480275482, -0.05546939004099722, -0.002871358174907876], [0.3035021696132463, -0.06483252033231889, -0.066370332793756, -0.051820942603545826, -0.06202949560683462, -0.049700127318113935, -0.06581041656662603, -0.03804299050798874, -0.06737768827339537, -0.05961967853023738, 3.7466342534340575, -0.016115455189349717, -0.05510040205728054, -0.06321845851803315, -0.0639225832101414, 0.0005131626365293738], [0.10629738222344569, -0.021717256029902925, -0.01584721629925407, -0.019490139097923423, -0.015967656691576754, -0.022726685720936817, -0.02278985996921431, -0.02014581510087616, -0.020619918412310864, -0.02015702955494194, -0.016115455189349717, 4.819496275550531, -0.007315320771173678, -0.02143364289921795, -0.018454505266560686, 0.0029255869480335913], [0.3041927731408675, -0.0593622477370617, -0.058860691302874156, -0.061808648280067414, -0.04173462748470581, -0.04073354372013605, -0.06307049204813152, -0.023411900543956286, -0.07150132211663908, -0.0451453944177779, -0.05510040205728054, -0.007315320771173678, 3.7721112459283446, -0.05341359738717279, -0.06162576061794213, -0.005136953010498368], [0.2577795500565484, -0.07131055278875355, -0.06679998608020968, -0.05901280832832416, -0.06852814288795882, -0.06440412779601834, -0.0715661007136638, -0.04810643975023903, -0.07029132667216008, -0.06097710480275482, -0.06321845851803315, -0.02143364289921795, -0.05341359738717279, 3.7333871617654126, -0.07671269107719111, -0.000856272383093064], [0.3255709021590586, -0.069791563381295, -0.05875079359396514, -0.057852058257831275, -0.05969159729954037, -0.05406932211630312, -0.06568341886981773, -0.04616393102579076, -0.05359011343618092, -0.05546939004099722, -0.0639225832101414, -0.018454505266560686, -0.06162576061794213, -0.07671269107719111, 3.75710392449287, -0.0025822592433000693], [-0.05810129683979286, 0.0017238468750789082, -0.008365213168862714, 0.001587536375607513, -0.0009512967223589329, -0.0033931257286598892, -0.0019480946137452365, -0.0014567020083517245, -0.004312487975320972, -0.002871358174907876, 0.0005131626365293738, 0.0029255869480335913, -0.005136953010498368, -0.000856272383093064, -0.0025822592433000693, 3.813742513678353]]",
    "monomial_list": "[1, x9, x8, x7, x6, x5, x4, x3, x2, x15, x14, x13, x12, x11, x10, x1]"
}