{
    "name": "Multiplier-12",
    "rational_expression": "1901*x1**2/500 - 6299*x1*x10/1000000 - 1021*x1*x11/100000 - 219*x1*x12/25000 + 3301*x1*x13/500000 - 251*x1*x14/20000 - 93*x1*x15/5000 - 587*x1*x2/125000 - 99*x1*x3/5000 - 573*x1*x4/50000 - 541*x1*x5/50000 - 257*x1*x6/12500 - 161*x1*x7/100000 - 86*x1*x8/3125 - 1003*x1*x9/100000 - 8851*x1/100000 + 3813*x10**2/1000 + 3799*x10*x11/100000 + 1541*x10*x12/50000 + 1371*x10*x13/10000 + 4933*x10*x14/100000 + 6499*x10*x15/100000 + 1407*x10*x2/25000 + 237*x10*x3/6250 + 261*x10*x4/10000 + 4951*x10*x5/100000 + 559*x10*x6/25000 + 1007*x10*x7/10000 + 1159*x10*x8/25000 + 2969*x10*x9/50000 - 2303*x10/10000 + 3807*x11**2/1000 - 233*x11*x12/50000 + 252*x11*x13/3125 + 6797*x11*x14/100000 + 1993*x11*x15/100000 + 5923*x11*x2/100000 + 599*x11*x3/200000 + 5489*x11*x4/100000 - 1357*x11*x5/500000 + 4617*x11*x6/100000 + 6201*x11*x7/100000 + 2507*x11*x8/50000 + 2759*x11*x9/50000 - 27*x11/50 + 969*x12**2/200 + 7083*x12*x13/1000000 + 57*x12*x14/3125 - 1873*x12*x15/500000 + 449*x12*x2/25000 - 63*x12*x3/5000 + 1099*x12*x4/100000 - 2669*x12*x5/100000 + 1743*x12*x6/100000 + 5197*x12*x7/1000000 + 513*x12*x8/50000 + 2141*x12*x9/500000 - 1427*x12/20000 + 959*x13**2/250 + 47*x13*x14/400 + 5567*x13*x15/100000 + 1687*x13*x2/10000 + 277*x13*x3/25000 + 67*x13*x4/500 + 409*x13*x5/12500 + 8401*x13*x6/100000 + 513*x13*x7/5000 + 1119*x13*x8/10000 + 1081*x13*x9/10000 - 3897*x13/5000 + 191*x14**2/50 + 407*x14*x15/10000 + 183*x14*x2/4000 + 132*x14*x3/3125 + 5437*x14*x4/100000 + 2033*x14*x5/50000 + 973*x14*x6/20000 + 9467*x14*x7/100000 + 867*x14*x8/20000 + 467*x14*x9/6250 - 177*x14/500 + 1897*x15**2/500 + 879*x15*x2/12500 - 467*x15*x3/1000000 + 4997*x15*x4/100000 - 867*x15*x5/5000000 + 253*x15*x6/5000 + 157*x15*x7/4000 + 5381*x15*x8/100000 + 843*x15*x9/25000 - 217*x15/500 + 383*x2**2/100 + 823*x2*x3/250000 + 31*x2*x4/1000 + 219*x2*x5/4000 - 2077*x2*x6/100000 + 1313*x2*x7/10000 + 2509*x2*x8/50000 + 7367*x2*x9/100000 - 3367*x2/10000 + 757*x3**2/200 + 413*x3*x4/20000 - 2263*x3*x5/100000 + 2697*x3*x6/50000 + 337*x3*x7/25000 + 81*x3*x8/3125 + 1009*x3*x9/100000 - 731*x3/2500 + 3823*x4**2/1000 - 2549*x4*x5/100000 + 279*x4*x6/25000 + 1117*x4*x7/12500 - 727*x4*x8/500000 + 123*x4*x9/2000 - 3897*x4/10000 + 1893*x5**2/500 + 3553*x5*x6/100000 + x5*x7/40 + 4709*x5*x8/100000 + 543*x5*x9/125000 - 4519*x5/10000 + 957*x6**2/250 + 409*x6*x7/10000 + 317*x6*x8/10000 + 1883*x6*x9/50000 - 2481*x6/10000 + 191*x7**2/50 + 4217*x7*x8/50000 + 8381*x7*x9/100000 - 3189*x7/5000 + 3823*x8**2/1000 - 1831*x8*x9/500000 - 3189*x8/10000 + 153*x9**2/40 - 5313*x9/10000 + 1107/250",
    "Q": "[[4.428212409562777, -0.26436152139002084, -0.15919570141459424, -0.3203090731373634, -0.12487506849232849, -0.22573657363225977, -0.19429865301621976, -0.14575071126035466, -0.16859648300006483, -0.21592075887106313, -0.17774408196222768, -0.39061127168198573, -0.033704252148462385, -0.27031935721010053, -0.11599071426342744, -0.04574191068638722], [-0.26436152139002084, 3.8246956299052606, -0.00030728228809293696, 0.040501924791288946, 0.017852488106731176, 0.0018668876977895447, 0.03238669404165014, 0.006603273109895527, 0.03532939726572494, 0.01678393484191739, 0.03765778445164825, 0.05470027478752411, 0.003212480866460596, 0.025793233071632348, 0.029356152185215086, -0.0029932165828447537], [-0.15919570141459424, -0.00030728228809293696, 3.8230542114727917, 0.04216452874005987, 0.015612499326795233, 0.024239393841771758, -0.0001915088795971516, 0.011679566547052668, 0.02443550804938426, 0.0285703296938955, 0.021582627250508996, 0.056069975837804785, 0.005053519164372044, 0.02384374501125596, 0.02368303099480011, -0.015179677573771453], [-0.3203090731373634, 0.040501924791288946, 0.04216452874005987, 3.820548940717316, 0.01916097734475354, 0.011897934617589988, 0.04634156383201207, 0.0059183443763462336, 0.06550967737785289, 0.020204612534206766, 0.04543509447699297, 0.053174963717007376, 0.0008564486870343803, 0.02939635018639953, 0.05140592350343508, -0.000965376096535382], [-0.12487506849232849, 0.017852488106731176, 0.015612499326795233, 0.01916097734475354, 3.827694515736679, 0.01623527974232603, 0.00444577977990948, 0.02539417138337228, -0.011003927645864168, 0.026119743395060104, 0.0247516425195024, 0.042179623020070035, 0.00972189893959038, 0.021645073316694203, 0.009760872001576756, -0.010531270847414677], [-0.22573657363225977, 0.0018668876977895447, 0.024239393841771758, 0.011897934617589988, 0.01623527974232603, 3.785351234376029, -0.011762416270951905, -0.01105908161749198, 0.028732666353382813, -2.0412632233320147e-05, 0.019936609309810973, 0.01763563558808839, -0.012025024961436327, -0.00046290097354750127, 0.026450090472424116, -0.004812799981937646], [-0.19429865301621976, 0.03238669404165014, -0.0001915088795971516, 0.04634156383201207, 0.00444577977990948, -0.011762416270951905, 3.822718968546554, 0.008739092982402968, 0.01356946565737447, 0.024064961610391008, 0.026314997111922145, 0.06564311038660539, 0.006364976630951263, 0.027709929522401346, 0.013538484917293125, -0.007319157944941847], [-0.14575071126035466, 0.006603273109895527, 0.011679566547052668, 0.0059183443763462336, 0.02539417138337228, -0.01105908161749198, 0.008739092982402968, 3.784725779400493, 0.003387456040990346, 0.0006018574427595847, 0.02080325602775378, 0.004951985185599463, -0.0063064650665670755, 0.003044676671612647, 0.018224806502928688, -0.00801613065777372], [-0.16859648300006483, 0.03532939726572494, 0.02443550804938426, 0.06550967737785289, -0.011003927645864168, 0.028732666353382813, 0.01356946565737447, 0.003387456040990346, 3.829892411623632, 0.03408871535918255, 0.02178501198247866, 0.08301007171970688, 0.00913898387824682, 0.028132121915471462, 0.02987299829455609, -0.0033513893424247073], [-0.21592075887106313, 0.01678393484191739, 0.0285703296938955, 0.020204612534206766, 0.026119743395060104, -2.0412632233320147e-05, 0.024064961610391008, 0.0006018574427595847, 0.03408871535918255, 3.7939536573168677, 0.019567035794274552, 0.026418407547478855, -0.003142960345657728, 0.011028546552903517, 0.03290396951164529, -0.008169951613393605], [-0.17774408196222768, 0.03765778445164825, 0.021582627250508996, 0.04543509447699297, 0.0247516425195024, 0.019936609309810973, 0.026314997111922145, 0.02080325602775378, 0.02178501198247866, 0.019567035794274552, 3.8203024633540545, 0.057681113658358964, 0.00899696705698909, 0.03348224286496407, 0.02339661307298007, -0.004327775320659571], [-0.39061127168198573, 0.05470027478752411, 0.056069975837804785, 0.053174963717007376, 0.042179623020070035, 0.01763563558808839, 0.06564311038660539, 0.004951985185599463, 0.08301007171970688, 0.026418407547478855, 0.057681113658358964, 3.8359283992837208, 0.00522307928731444, 0.0417364473168742, 0.07053512236892281, 0.0020507491594185826], [-0.033704252148462385, 0.003212480866460596, 0.005053519164372044, 0.0008564486870343803, 0.00972189893959038, -0.012025024961436327, 0.006364976630951263, -0.0063064650665670755, 0.00913898387824682, -0.003142960345657728, 0.00899696705698909, 0.00522307928731444, 4.845464560571984, -0.002282784446765154, 0.013738545208281923, -0.00217839143518602], [-0.27031935721010053, 0.025793233071632348, 0.02384374501125596, 0.02939635018639953, 0.021645073316694203, -0.00046290097354750127, 0.027709929522401346, 0.003044676671612647, 0.028132121915471462, 0.011028546552903517, 0.03348224286496407, 0.0417364473168742, -0.002282784446765154, 3.8074068774740764, 0.01910435310294789, -0.005885896841560369], [-0.11599071426342744, 0.029356152185215086, 0.02368303099480011, 0.05140592350343508, 0.009760872001576756, 0.026450090472424116, 0.013538484917293125, 0.018224806502928688, 0.02987299829455609, 0.03290396951164529, 0.02339661307298007, 0.07053512236892281, 0.013738545208281923, 0.01910435310294789, 3.813705005891626, -0.004388381202751872], [-0.04574191068638722, -0.0029932165828447537, -0.015179677573771453, -0.000965376096535382, -0.010531270847414677, -0.004812799981937646, -0.007319157944941847, -0.00801613065777372, -0.0033513893424247073, -0.008169951613393605, -0.004327775320659571, 0.0020507491594185826, -0.00217839143518602, -0.005885896841560369, -0.004388381202751872, 3.801668098085266]]",
    "monomial_list": "[1, x9, x8, x7, x6, x5, x4, x3, x2, x15, x14, x13, x12, x11, x10, x1]"
}