{
    "name": "Multiplier-3",
    "rational_expression": "1907*x1**2/500 - 5397*x1*x10/1000000 + 1897*x1*x11/500000 - 197*x1*x12/40000 + 281*x1*x13/25000 + 781*x1*x14/250000 - 161*x1*x15/5000000 - 719*x1*x2/200000 + 1489*x1*x3/100000 - 477*x1*x4/125000 + 2223*x1*x5/2500000 - 3803*x1*x6/1000000 + 8257*x1*x7/1000000 - 1013*x1*x8/100000 + 1291*x1*x9/250000 - 59*x1/500 + 151*x10**2/40 - 1163*x10*x11/10000 - 4933*x10*x12/50000 - 227*x10*x13/6250 - 9597*x10*x14/100000 - 2089*x10*x15/25000 - 271*x10*x2/4000 - 2387*x10*x3/100000 - 1939*x10*x4/20000 - 483*x10*x5/6250 - 1867*x10*x6/20000 - 8611*x10*x7/100000 - 8021*x10*x8/100000 - 9767*x10*x9/100000 + 531*x10/1000 + 1879*x11**2/500 - 111*x11*x12/1000 - 164*x11*x13/3125 - 1013*x11*x14/10000 - 8687*x11*x15/100000 - 8849*x11*x2/100000 - 3567*x11*x3/100000 - 513*x11*x4/5000 - 1761*x11*x5/20000 - 107*x11*x6/1000 - 4493*x11*x7/50000 - 253*x11*x8/2500 - 259*x11*x9/2500 + 1151*x11/2500 + 753*x12**2/200 - 8803*x12*x13/100000 - 511*x12*x14/5000 - 282*x12*x15/3125 - 1129*x12*x2/10000 - 4337*x12*x3/100000 - 261*x12*x4/2500 - 577*x12*x5/6250 - 7833*x12*x6/100000 - 1089*x12*x7/10000 - 129*x12*x8/1250 - 227*x12*x9/2000 + 2597*x12/5000 + 941*x13**2/250 - 129*x13*x14/2500 - 2271*x13*x15/50000 - 1023*x13*x2/100000 - 519*x13*x3/25000 - 4759*x13*x4/100000 - 1219*x13*x5/25000 - 1143*x13*x6/20000 - 2679*x13*x7/100000 - 3789*x13*x8/100000 - 5419*x13*x9/100000 + 797*x13/5000 + 3763*x14**2/1000 - 4899*x14*x15/50000 - 9757*x14*x2/100000 - 104*x14*x3/3125 - 9671*x14*x4/100000 - 1541*x14*x5/20000 - 63*x14*x6/625 - 43*x14*x7/500 - 103*x14*x8/1000 - 527*x14*x9/5000 + 1313*x14/2500 + 751*x15**2/200 - 1443*x15*x2/25000 - 3211*x15*x3/100000 - 273*x15*x4/3125 - 7419*x15*x5/100000 - 9097*x15*x6/100000 - 6071*x15*x7/100000 - 1347*x15*x8/20000 - 4593*x15*x9/50000 + 3307*x15/10000 + 1889*x2**2/500 - 5503*x2*x3/1000000 - 501*x2*x4/5000 - 413*x2*x5/10000 - 1113*x2*x6/10000 - 5013*x2*x7/100000 - 67*x2*x8/1000 - 2101*x2*x9/25000 + 5137*x2/10000 + 1211*x3**2/250 - 2873*x3*x4/100000 - 3093*x3*x5/100000 - 1903*x3*x6/50000 - 787*x3*x7/25000 - 2603*x3*x8/100000 - 1733*x3*x9/50000 + 17*x3/80 + 377*x4**2/100 - 143*x4*x5/1250 - 93*x4*x6/1000 - 1869*x4*x7/20000 - 591*x4*x8/5000 - 2453*x4*x9/25000 + 1313*x4/2500 + 3753*x5**2/1000 - 8591*x5*x6/100000 - 3113*x5*x7/50000 - 1239*x5*x8/20000 - 8647*x5*x9/100000 + 3069*x5/10000 + 3767*x6**2/1000 - 1079*x6*x7/10000 - 509*x6*x8/5000 - 14*x6*x9/125 + 5367*x6/10000 + 3761*x7**2/1000 - 749*x7*x8/10000 - 4593*x7*x9/50000 + 3307*x7/10000 + 377*x8**2/100 - 247*x8*x9/2000 + 4899*x8/10000 + 1881*x9**2/500 + 4957*x9/10000 + 2951/1000",
    "Q": "[[2.950748016852065, 0.24744525356662425, 0.24591709096059336, 0.16558865087975214, 0.2683161219158651, 0.15309659952069585, 0.26210560607233363, 0.10650097821326983, 0.257494275612742, 0.16666851043196898, 0.2618390078773821, 0.07944631227591213, 0.2600087039813283, 0.23078053307984056, 0.26494357751355063, -0.05889865212117217], [0.24744525356662425, 3.7617425181271322, -0.06305737372615465, -0.044938244866160666, -0.05423860069554756, -0.04500361615282359, -0.048278900578065866, -0.016986477467981813, -0.042613462835629265, -0.04665094073319954, -0.05197643903174519, -0.026243337734798276, -0.05708394810149427, -0.05283807731991965, -0.05031646934014087, 0.00390849852049497], [0.24591709096059336, -0.06305737372615465, 3.7702123899733913, -0.03660281416436043, -0.051917785292238304, -0.029987138298497487, -0.05879033218159193, -0.011563176203980473, -0.033766050040472305, -0.03507762169409009, -0.05253532022504829, -0.01795425298184955, -0.05311263377226136, -0.04958230696602361, -0.040999169102439295, -0.0039369622718917075], [0.16558865087975214, -0.044938244866160666, -0.03660281416436043, 3.760431328931217, -0.055762631093635315, -0.03272932022049297, -0.045412978876486536, -0.01557789220863728, -0.02621902248764203, -0.03169710436012082, -0.04210598722259724, -0.014973693547480665, -0.055079803504380444, -0.043895571642915875, -0.04169610436667608, 0.004216746763951014], [0.2683161219158651, -0.05423860069554756, -0.051917785292238304, -0.055762631093635315, 3.7667793479987126, -0.042309088247138874, -0.04813843558516811, -0.019214009290561475, -0.05398677809063352, -0.044613571293699174, -0.0493034425437981, -0.02755952737800436, -0.03997389157068479, -0.053809001585164065, -0.04623644169274761, -0.00030139306587380327], [0.15309659952069585, -0.04500361615282359, -0.029987138298497487, -0.03272932022049297, -0.042309088247138874, 3.7525993515190805, -0.05773193310417892, -0.016860644963249967, -0.021618005922519883, -0.03571732226762566, -0.03872731652782616, -0.023460812988322147, -0.04581314202433622, -0.044105707920424286, -0.03754643056869411, 0.0016377484781336484], [0.26210560607233363, -0.048278900578065866, -0.05879033218159193, -0.045412978876486536, -0.04813843558516811, -0.05773193310417892, 3.7694727177938967, -0.01611521180279663, -0.049045139772557846, -0.04386074554261892, -0.0492732353029613, -0.022372124984024536, -0.051493962034942664, -0.04983532000521574, -0.04683333495202863, -0.0008650862633497157], [0.10650097821326983, -0.016986477467981813, -0.011563176203980473, -0.01557789220863728, -0.019214009290561475, -0.016860644963249967, -0.01611521180279663, 4.844067329235566, -0.00045246321378150287, -0.01632223500229362, -0.017465805931573947, -0.012736986059443959, -0.022699440291419758, -0.017546104660009297, -0.013620182503196345, 0.006372145897744351], [0.257494275612742, -0.042613462835629265, -0.033766050040472305, -0.02621902248764203, -0.05398677809063352, -0.021618005922519883, -0.049045139772557846, -0.00045246321378150287, 3.777890821620081, -0.029155801035135473, -0.04865522612730426, -0.0067178452062420626, -0.05705460052830442, -0.04265591833384696, -0.03358762162788461, -0.001424656547159016], [0.16666851043196898, -0.04665094073319954, -0.03507762169409009, -0.03169710436012082, -0.044613571293699174, -0.03571732226762566, -0.04386074554261892, -0.01632223500229362, -0.029155801035135473, 3.7554730992241274, -0.04747469184474305, -0.02076294432335773, -0.04526909198608551, -0.045112783136835276, -0.04110928814509072, 0.00087985566761775], [0.2618390078773821, -0.05197643903174519, -0.05253532022504829, -0.04210598722259724, -0.0493034425437981, -0.03872731652782616, -0.0492732353029613, -0.017465805931573947, -0.04865522612730426, -0.04747469184474305, 3.7624906862213683, -0.024681689382517955, -0.05104307916334675, -0.051177298720989604, -0.04847654476100585, 0.001433333693192537], [0.07944631227591213, -0.026243337734798276, -0.01795425298184955, -0.014973693547480665, -0.02755952737800436, -0.023460812988322147, -0.022372124984024536, -0.012736986059443959, -0.0067178452062420626, -0.02076294432335773, -0.024681689382517955, 3.7642178860604143, -0.04368903248495592, -0.02684106497151058, -0.01889938861065063, 0.006068865694426803], [0.2600087039813283, -0.05708394810149427, -0.05311263377226136, -0.055079803504380444, -0.03997389157068479, -0.04581314202433622, -0.051493962034942664, -0.022699440291419758, -0.05705460052830442, -0.04526909198608551, -0.05104307916334675, -0.04368903248495592, 3.7651601086455027, -0.05600536365608074, -0.048506655016319636, -0.001055226525066234], [0.23078053307984056, -0.05283807731991965, -0.04958230696602361, -0.043895571642915875, -0.053809001585164065, -0.044105707920424286, -0.04983532000521574, -0.017546104660009297, -0.04265591833384696, -0.045112783136835276, -0.051177298720989604, -0.02684106497151058, -0.05600536365608074, 3.757535403895921, -0.05667763285194093, 0.0026265246673396886], [0.26494357751355063, -0.05031646934014087, -0.040999169102439295, -0.04169610436667608, -0.04623644169274761, -0.03754643056869411, -0.04683333495202863, -0.013620182503196345, -0.03358762162788461, -0.04110928814509072, -0.04847654476100585, -0.01889938861065063, -0.048506655016319636, -0.05667763285194093, 3.7743098241332507, -0.0024080300522400654], [-0.05889865212117217, 0.00390849852049497, -0.0039369622718917075, 0.004216746763951014, -0.00030139306587380327, 0.0016377484781336484, -0.0008650862633497157, 0.006372145897744351, -0.001424656547159016, 0.00087985566761775, 0.001433333693192537, 0.006068865694426803, -0.001055226525066234, 0.0026265246673396886, -0.0024080300522400654, 3.814370718715847]]",
    "monomial_list": "[1, x9, x8, x7, x6, x5, x4, x3, x2, x15, x14, x13, x12, x11, x10, x1]"
}