{
    "name": "Multiplier-2",
    "rational_expression": "191*x1**2/50 - 2097*x1*x10/100000 - 2409*x1*x11/1000000 - 593*x1*x12/50000 - 4587*x1*x13/1000000 - 229*x1*x14/20000 - 889*x1*x15/50000 - 2403*x1*x2/250000 + 1263*x1*x3/200000 - 4239*x1*x4/1000000 - 107*x1*x5/50000 - 3763*x1*x6/1000000 - 71*x1*x7/4000 - 3323*x1*x8/100000 - 47*x1*x9/5000 - 1593*x1/20000 + 753*x10**2/200 + 4647*x10*x11/50000 + 439*x10*x12/20000 + 1061*x10*x13/10000 + 5553*x10*x14/100000 + 1487*x10*x15/10000 - 2803*x10*x2/100000 + 1461*x10*x3/10000 - 4821*x10*x4/100000 + 4311*x10*x5/50000 + 2429*x10*x6/100000 + 1457*x10*x7/10000 + 197*x10*x8/10000 + 2323*x10*x9/25000 - 799*x10/2000 + 3901*x11**2/1000 + 817*x11*x12/5000 + 1021*x11*x13/10000 + 357*x11*x14/2000 + 1681*x11*x15/10000 + 1493*x11*x2/2500000 + 2077*x11*x3/10000 + 351*x11*x4/2500 + 1619*x11*x5/10000 + 1681*x11*x6/10000 + 377*x11*x7/2500 + 1551*x11*x8/10000 + 1741*x11*x9/10000 - 1159*x11/1000 + 971*x12**2/250 + 1713*x12*x13/25000 + 1399*x12*x14/10000 + 1623*x12*x15/10000 - 9199*x12*x2/1000000 + 2203*x12*x3/10000 + 859*x12*x4/10000 + 1349*x12*x5/10000 + 817*x12*x6/5000 + 1241*x12*x7/10000 + 467*x12*x8/5000 + 661*x12*x9/5000 - 8119*x12/10000 + 3841*x13**2/1000 + 1123*x13*x14/10000 + 8927*x13*x15/100000 + 367*x13*x2/2000000 + 2283*x13*x3/25000 + 9457*x13*x4/100000 + 1859*x13*x5/20000 + 1021*x13*x6/10000 + 9103*x13*x7/100000 + 1153*x13*x8/10000 + 213*x13*x9/2000 - 1359*x13/2000 + 389*x14**2/100 + 853*x14*x15/5000 + 1559*x14*x2/2500000 + 1033*x14*x3/5000 + 9859*x14*x4/100000 + 1499*x14*x5/10000 + 1387*x14*x6/10000 + 1699*x14*x7/10000 + 327*x14*x8/2500 + 17*x14*x9/100 - 4527*x14/5000 + 97*x15**2/25 + 497*x15*x2/25000 + 403*x15*x3/2500 + 151*x15*x4/1000 + 737*x15*x5/5000 + 1629*x15*x6/10000 + 1443*x15*x7/10000 + 117*x15*x8/625 + 417*x15*x9/2500 - 213*x15/200 + 2431*x2**2/500 + 391*x2*x3/25000 - 1873*x2*x4/50000 - 69*x2*x5/3125 - 1681*x2*x6/250000 + 13*x2*x7/800 - 729*x2*x8/50000 + 1033*x2*x9/1000000 - 1341*x2/100000 + 3913*x3**2/1000 + 1907*x3*x4/10000 + 443*x3*x5/2500 + 1099*x3*x6/5000 + 711*x3*x7/5000 + 369*x3*x8/2000 + 1889*x3*x9/10000 - 313*x3/250 + 479*x4**2/125 + 3639*x4*x5/50000 + 1137*x4*x6/12500 + 329*x4*x7/2500 + 143*x4*x8/12500 + 1103*x4*x9/10000 - 3129*x4/5000 + 3889*x5**2/1000 + 1449*x5*x6/10000 + 703*x5*x7/5000 + 1387*x5*x8/10000 + 1487*x5*x9/10000 - 513*x5/500 + 97*x6**2/25 + 601*x6*x7/5000 + 1797*x6*x8/20000 + 339*x6*x9/2500 - 7591*x6/10000 + 97*x7**2/25 + 1827*x7*x8/10000 + 809*x7*x9/5000 - 9981*x7/10000 + 484*x8**2/125 + 1229*x8*x9/10000 - 2231*x8/2500 + 487*x9**2/125 - 513*x9/500 + 3329/500",
    "Q": "[[6.657530450263464, -0.5093297992545893, -0.4480248495656752, -0.49736647228337916, -0.3810713098492446, -0.5153919634550729, -0.3098725910597498, -0.6258512245111006, -0.007660708813539046, -0.5356652289829659, -0.4513777648830588, -0.3418912572985821, -0.4028416528266194, -0.5774740364204973, -0.19670935933849165, -0.04265203300899069], [-0.5093297992545893, 3.8948519884579254, 0.05951705971846949, 0.08196805026745733, 0.06916826612408626, 0.07515253109204655, 0.05567990003940771, 0.09581963641658843, 0.0014918744391395923, 0.08340895317364451, 0.08525530933456682, 0.05411589491009534, 0.06677196574130667, 0.08661577318520097, 0.045085415378895446, -0.005725467659996029], [-0.4480248495656752, 0.05951705971846949, 3.8726205894075805, 0.08961792086730136, 0.046280365428450994, 0.0688168377135187, 0.005637336362780132, 0.09205568050387855, -0.005504518707359718, 0.09249644032710515, 0.06353551990530427, 0.05750893027654068, 0.04521663213062784, 0.07763752947371683, 0.010383558142949733, -0.017385629944055153], [-0.49736647228337916, 0.08196805026745733, 0.08961792086730136, 3.879223254395342, 0.061586815563018295, 0.06845043767691272, 0.06551926055823636, 0.06919730196829518, 0.008424190422988313, 0.07021845580029117, 0.08560864513366313, 0.04632753569688607, 0.06185827354853058, 0.07601489283019003, 0.07292175908770761, -0.009323807345339474], [-0.3810713098492446, 0.06916826612408626, 0.046280365428450994, 0.061586815563018295, 3.8804313451902335, 0.07082687348615416, 0.04348044732750073, 0.10848420449247413, -0.002266153466172456, 0.08251480765781027, 0.06968108025641052, 0.05000001098277438, 0.08021133035977658, 0.08274694644886227, 0.01105610087579307, -0.00213694671003359], [-0.5153919634550729, 0.07515253109204655, 0.0688168377135187, 0.06845043767691272, 0.07082687348615416, 3.888686762752723, 0.03685198153243614, 0.08733045688611635, -0.010372850389087725, 0.07536686300016307, 0.076328521414746, 0.04646998731200692, 0.06860732141411428, 0.08149020472637845, 0.04378976605954336, 0.0005417481694753748], [-0.3098725910597498, 0.05567990003940771, 0.005637336362780132, 0.06551926055823636, 0.04348044732750073, 0.03685198153243614, 3.8316839251504637, 0.09441411323902697, -0.01765562142076491, 0.07503905266546901, 0.04743295114004047, 0.04748541991437637, 0.04174453313538278, 0.0686222494705663, -0.024857334273281958, -0.003706275837642247], [-0.6258512245111006, 0.09581963641658843, 0.09205568050387855, 0.06919730196829518, 0.10848420449247413, 0.08733045688611635, 0.09441411323902697, 3.912774293667115, 0.009388442161974314, 0.08100034422382223, 0.10452781791502441, 0.045381001227895804, 0.10994465279869495, 0.10280635629973131, 0.07431866412108559, 0.002004065723438749], [-0.007660708813539046, 0.0014918744391395923, -0.005504518707359718, 0.008424190422988313, -0.002266153466172456, -0.010372850389087725, -0.01765562142076491, 0.009388442161974314, 4.862124702371226, 0.009333322169295007, 0.0027058827783722197, 0.00020738295447914556, -0.004686322993986586, 6.060103996139024e-05, -0.015100900569698605, -0.006352000637561351], [-0.5356652289829659, 0.08340895317364451, 0.09249644032710515, 0.07021845580029117, 0.08251480765781027, 0.07536686300016307, 0.07503905266546901, 0.08100034422382223, 0.009333322169295007, 3.880533447463091, 0.08389632499599546, 0.04560180679207371, 0.08184396459509038, 0.08304678311802009, 0.07487446765504004, -0.00768393134276841], [-0.4513777648830588, 0.08525530933456682, 0.06353551990530427, 0.08560864513366313, 0.06968108025641052, 0.076328521414746, 0.04743295114004047, 0.10452781791502441, 0.0027058827783722197, 0.08389632499599546, 3.8894485453358407, 0.05608858186869069, 0.06789027056825576, 0.09036401535975494, 0.026209620997017236, -0.006184774867019805], [-0.3418912572985821, 0.05411589491009534, 0.05750893027654068, 0.04632753569688607, 0.05000001098277438, 0.04646998731200692, 0.04748541991437637, 0.045381001227895804, 0.00020738295447914556, 0.04560180679207371, 0.05608858186869069, 3.841019991620749, 0.03552616089513755, 0.0502725034337621, 0.0511142378686611, -0.0029281440701247894], [-0.4028416528266194, 0.06677196574130667, 0.04521663213062784, 0.06185827354853058, 0.08021133035977658, 0.06860732141411428, 0.04174453313538278, 0.10994465279869495, -0.004686322993986586, 0.08184396459509038, 0.06789027056825576, 0.03552616089513755, 3.88398180815272, 0.0821607423216538, 0.010047992794536128, -0.004027670319615522], [-0.5774740364204973, 0.08661577318520097, 0.07763752947371683, 0.07601489283019003, 0.08274694644886227, 0.08149020472637845, 0.0686222494705663, 0.10280635629973131, 6.060103996139024e-05, 0.08304678311802009, 0.09036401535975494, 0.0502725034337621, 0.0821607423216538, 3.9005722935465306, 0.04591489827246731, -0.0024307428882418495], [-0.19670935933849165, 0.045085415378895446, 0.010383558142949733, 0.07292175908770761, 0.01105610087579307, 0.04378976605954336, -0.024857334273281958, 0.07431866412108559, -0.015100900569698605, 0.07487446765504004, 0.026209620997017236, 0.0511142378686611, 0.010047992794536128, 0.04591489827246731, 3.7649929507131623, -0.010189102939931301], [-0.04265203300899069, -0.005725467659996029, -0.017385629944055153, -0.009323807345339474, -0.00213694671003359, 0.0005417481694753748, -0.003706275837642247, 0.002004065723438749, -0.006352000637561351, -0.00768393134276841, -0.006184774867019805, -0.0029281440701247894, -0.004027670319615522, -0.0024307428882418495, -0.010189102939931301, 3.8192160316145536]]",
    "monomial_list": "[1, x9, x8, x7, x6, x5, x4, x3, x2, x15, x14, x13, x12, x11, x10, x1]"
}