{
    "name": "Multiplier-5",
    "rational_expression": "3811*x1**2/1000 - 1843*x1*x10/500000 + 1911*x1*x11/100000 + 4401*x1*x12/1000000 + 1649*x1*x13/100000 + 4793*x1*x14/1000000 + 69*x1*x15/5000 - 517*x1*x2/200000 + 1551*x1*x3/100000 + 259*x1*x4/20000 + 2157*x1*x5/100000 + 6361*x1*x6/1000000 + 351*x1*x7/25000 - 2067*x1*x8/1000000 + 519*x1*x9/25000 - 4621*x1/50000 + 3787*x10**2/1000 - 6707*x10*x11/100000 - 1137*x10*x12/20000 - 1577*x10*x13/50000 - 5909*x10*x14/100000 - 3033*x10*x15/50000 - 4613*x10*x2/100000 - 967*x10*x3/20000 - 1571*x10*x4/50000 - 2323*x10*x5/100000 - 759*x10*x6/12500 - 3117*x10*x7/50000 - 6411*x10*x8/100000 - 5593*x10*x9/100000 + 5477*x10/10000 + 1911*x11**2/500 - 831*x11*x12/25000 + 2181*x11*x13/100000 - 2727*x11*x14/100000 + 1071*x11*x15/100000 - 277*x11*x2/10000 + 2981*x11*x3/100000 + 1709*x11*x4/25000 + 1431*x11*x5/25000 - 4981*x11*x6/100000 + 19*x11*x7/1000 - 977*x11*x8/50000 + 2889*x11*x9/100000 + 353*x11/500 + 947*x12**2/250 - 881*x12*x13/20000 - 9*x12*x14/160 - 433*x12*x15/12500 - 5801*x12*x2/100000 - 1563*x12*x3/100000 + 671*x12*x4/200000 - 2471*x12*x5/25000000 - 2489*x12*x6/50000 - 5089*x12*x7/100000 - 2997*x12*x8/50000 - 2837*x12*x9/100000 + 371*x12/625 + 1893*x13**2/500 - 279*x13*x14/12500 + 3*x13*x15/250 - 3357*x13*x2/500000 - 1969*x13*x3/1000000 + 3369*x13*x4/100000 + 1077*x13*x5/50000 - 3391*x13*x6/100000 + 977*x13*x7/50000 - 1323*x13*x8/200000 + 2427*x13*x9/250000 + 1913*x13/5000 + 3783*x14**2/1000 - 2487*x14*x15/50000 - 2517*x14*x2/50000 - 459*x14*x3/20000 - 819*x14*x4/200000 - 5413*x14*x5/100000000 - 5737*x14*x6/100000 - 3563*x14*x7/100000 - 2991*x14*x8/50000 - 3599*x14*x9/100000 + 371*x14/625 + 3791*x15**2/1000 - 531*x15*x2/20000 + 739*x15*x3/200000 + 729*x15*x4/25000 + 3529*x15*x5/100000 - 2771*x15*x6/50000 + 641*x15*x7/50000 - 241*x15*x8/12500 - 549*x15*x9/200000 + 5541*x15/10000 + 3791*x2**2/1000 - 2893*x2*x3/100000 - 1723*x2*x4/100000 + 189*x2*x5/125000 - 6371*x2*x6/100000 - 953*x2*x7/50000 - 539*x2*x8/12500 - 1313*x2*x9/50000 + 6137*x2/10000 + 3787*x3**2/1000 + 861*x3*x4/20000 + 2849*x3*x5/100000 - 2597*x3*x6/100000 + 1229*x3*x7/100000 - 2099*x3*x8/100000 + 469*x3*x9/25000 + 293*x3/625 + 3851*x4**2/1000 + 9463*x4*x5/100000 - 1449*x4*x6/100000 + 489*x4*x7/20000 - 747*x4*x8/20000 + 1441*x4*x9/20000 + 3431*x4/5000 + 122*x5**2/25 - 767*x5*x6/50000 + 1963*x5*x7/50000 + 659*x5*x8/100000 + 171*x5*x9/3125 + 5211*x5/10000 + 3783*x6**2/1000 - 429*x6*x7/6250 - 7059*x6*x8/100000 - 4707*x6*x9/100000 + 2803*x6/5000 + 19*x7**2/5 - 19*x7*x8/800 + 4287*x7*x9/500000 + 367*x7/625 + 3791*x8**2/1000 - 2617*x8*x9/50000 + 1633*x8/2500 + 3817*x9**2/1000 + 433*x9/625 + 3299/1000",
    "Q": "[[3.2990828382214916, 0.346749225096202, 0.3260795739249021, 0.29239226795480294, 0.2804977107161359, 0.26133561960887464, 0.34190358512057195, 0.2337094964825525, 0.3063487233046423, 0.2778204237450309, 0.2955626327345386, 0.19169502952896056, 0.2977891408976754, 0.3544710633806232, 0.2732633273599581, -0.04456363646491864], [0.346749225096202, 3.8172240144018743, -0.024431962907687715, 0.003309643072814148, -0.023763372225058838, 0.026637259411397565, 0.03466036653191759, 0.007898492479532618, -0.01150938108403634, -0.00028512449359515947, -0.016368666808847507, 0.0063615342578071, -0.015876946352333728, 0.01568945728045999, -0.026131305644387336, 0.010402887684509265], [0.3260795739249021, -0.024431962907687715, 3.7911375087929153, -0.010528440231867279, -0.03362877876306791, 0.00241461811161382, -0.017976126223153557, -0.009965048128088882, -0.022594708323473333, -0.010638055855644151, -0.029782079348834607, -0.0029147286792315925, -0.0288972470670057, -0.01084968376322383, -0.03246681506071823, -0.0009872156514381112], [0.29239226795480294, 0.003309643072814148, -0.010528440231867279, 3.7995399845651074, -0.03552192658374256, 0.01789369033715719, 0.012196038061888057, 0.00559537340224748, -0.010547042144734614, 0.0054679372603114, -0.01858111792535424, 0.011557072538876738, -0.026342986808985763, 0.009552046592784802, -0.029866475253732202, 0.008761174545745322], [0.2804977107161359, -0.023763372225058838, -0.03362877876306791, -0.03552192658374256, 3.7824473729591994, -0.006459862738440402, -0.006614092471016648, -0.01438722254284276, -0.030556265146450746, -0.026450776835445743, -0.03064727164113233, -0.01655727304533151, -0.02320565649599317, -0.024629850520728615, -0.03037624841694924, 0.00212276755929414], [0.26133561960887464, 0.026637259411397565, 0.00241461811161382, 0.01789369033715719, -0.006459862738440402, 4.879756485574869, 0.04535910329592399, 0.016436959179828587, 0.00027736295176896173, 0.015406471062663593, 0.0005406367958451489, 0.01198842525784116, -0.00016398511500166274, 0.03004807916600883, -0.011663818180085437, 0.012259716649984783], [0.34190358512057195, 0.03466036653191759, -0.017976126223153557, 0.012196038061888057, -0.006614092471016648, 0.04535910329592399, 3.8510650677026783, 0.022786835489587987, -0.008111736485508891, 0.012984314735361066, -0.0027007325453121188, 0.018135492140522184, 0.0004671233561885015, 0.03390757245214105, -0.014428459689029238, 0.005672270435877697], [0.2337094964825525, 0.007898492479532618, -0.009965048128088882, 0.00559537340224748, -0.01438722254284276, 0.016436959179828587, 0.022786835489587987, 3.787556690680279, -0.014711605996803392, 0.0030731033638813645, -0.009877880499524119, -0.0014545337115811525, -0.00711691333629314, 0.013521263500591863, -0.022596912188572783, 0.00834483211019875], [0.3063487233046423, -0.01150938108403634, -0.022594708323473333, -0.010547042144734614, -0.030556265146450746, 0.00027736295176896173, -0.008111736485508891, -0.014711605996803392, 3.7908023941227884, -0.013455668598514138, -0.025261712348187085, -0.002091598616142, -0.02830369460981759, -0.01252623442467656, -0.02394656607126451, -0.001452834965958871], [0.2778204237450309, -0.00028512449359515947, -0.010638055855644151, 0.0054679372603114, -0.026450776835445743, 0.015406471062663593, 0.012984314735361066, 0.0030731033638813645, -0.013455668598514138, 3.7912991254036745, -0.023306492207381308, 0.004887322041195569, -0.01852727353035503, 0.006165693270129132, -0.028886673805036445, 0.006414178760753699], [0.2955626327345386, -0.016368666808847507, -0.029782079348834607, -0.01858111792535424, -0.03064727164113233, 0.0005406367958451489, -0.0027007325453121188, -0.009877880499524119, -0.025261712348187085, -0.023306492207381308, 3.7823466246702355, -0.009675064773232779, -0.027208513190205775, -0.015479740999931317, -0.030774247026683705, 0.0036821385585514006], [0.19169502952896056, 0.0063615342578071, -0.0029147286792315925, 0.011557072538876738, -0.01655727304533151, 0.01198842525784116, 0.018135492140522184, -0.0014545337115811525, -0.002091598616142, 0.004887322041195569, -0.009675064773232779, 3.7860952110121193, -0.02227277613322367, 0.009987822512337697, -0.014683554751282555, 0.009137292791621236], [0.2977891408976754, -0.015876946352333728, -0.0288972470670057, -0.026342986808985763, -0.02320565649599317, -0.00016398511500166274, 0.0004671233561885015, -0.00711691333629314, -0.02830369460981759, -0.01852727353035503, -0.027208513190205775, -0.02227277613322367, 3.787941788346972, -0.014835601222374876, -0.029795493804534785, 0.0030756212745454447], [0.3544710633806232, 0.01568945728045999, -0.01084968376322383, 0.009552046592784802, -0.024629850520728615, 0.03004807916600883, 0.03390757245214105, 0.013521263500591863, -0.01252623442467656, 0.006165693270129132, -0.015479740999931317, 0.009987822512337697, -0.014835601222374876, 3.822162474294552, -0.032718063856258306, 0.010946250365940545], [0.2732633273599581, -0.026131305644387336, -0.03246681506071823, -0.029866475253732202, -0.03037624841694924, -0.011663818180085437, -0.014428459689029238, -0.022596912188572783, -0.02394656607126451, -0.028886673805036445, -0.030774247026683705, -0.014683554751282555, -0.029795493804534785, -0.032718063856258306, 3.7861371422762904, -0.0026809687745590364], [-0.04456363646491864, 0.010402887684509265, -0.0009872156514381112, 0.008761174545745322, 0.00212276755929414, 0.012259716649984783, 0.005672270435877697, 0.00834483211019875, -0.001452834965958871, 0.006414178760753699, 0.0036821385585514006, 0.009137292791621236, 0.0030756212745454447, 0.010946250365940545, -0.0026809687745590364, 3.8114165749452584]]",
    "monomial_list": "[1, x9, x8, x7, x6, x5, x4, x3, x2, x15, x14, x13, x12, x11, x10, x1]"
}