{
    "name": "Multiplier-10",
    "rational_expression": "478*x1**2/125 + 473*x1*x10/1000000 - 193*x1*x11/50000 - 8643*x1*x12/1000000 - 2807*x1*x13/1000000 - 4183*x1*x14/500000 - 1401*x1*x15/100000 - 101*x1*x2/10000 + 2431*x1*x3/10000000 - 1569*x1*x4/2000000 + 1893*x1*x5/1000000 - 111*x1*x6/125000 - 5927*x1*x7/1000000 - 61*x1*x8/4000 - 2829*x1*x9/500000 - 119*x1/1000 + 122*x10**2/25 + 769*x10*x11/25000 + 5479*x10*x12/1000000 + 1801*x10*x13/100000 + 1317*x10*x14/100000 + 3587*x10*x15/100000 - 26*x10*x2/625 + 2749*x10*x3/100000 - 1093*x10*x4/100000 + 1331*x10*x5/100000 + 4399*x10*x6/1000000 + 909*x10*x7/25000 - 139*x10*x8/12500 + 331*x10*x9/25000 - 6593*x10/100000 + 3943*x11**2/1000 + 1887*x11*x12/10000 + 289*x11*x13/3125 + 1043*x11*x14/5000 + 99*x11*x15/500 + 629*x11*x2/5000 + 1599*x11*x3/10000 + 419*x11*x4/2500 + 17*x11*x5/100 + 483*x11*x6/2500 + 97*x11*x7/500 + 87*x11*x8/500 + 1031*x11*x9/5000 - 731*x11/500 + 3887*x12**2/1000 + 6501*x12*x13/100000 + 1369*x12*x14/10000 + 1701*x12*x15/10000 + 3761*x12*x2/100000 + 1489*x12*x3/10000 + 433*x12*x4/5000 + 1373*x12*x5/10000 + 1337*x12*x6/10000 + 761*x12*x7/5000 + 1047*x12*x8/10000 + 677*x12*x9/5000 - 8829*x12/10000 + 3837*x13**2/1000 + 4519*x13*x14/50000 + 863*x13*x15/12500 + 9789*x13*x2/100000 + 257*x13*x3/5000 + 9067*x13*x4/100000 + 7363*x13*x5/100000 + 2497*x13*x6/25000 + 3687*x13*x7/50000 + 4669*x13*x8/50000 + 8027*x13*x9/100000 - 2963*x13/5000 + 3897*x14**2/1000 + 1669*x14*x15/10000 + 3509*x14*x2/50000 + 289*x14*x3/2000 + 261*x14*x4/2500 + 297*x14*x5/2000 + 1369*x14*x6/10000 + 179*x14*x7/1000 + 1233*x14*x8/10000 + 169*x14*x9/1000 - 1843*x14/2000 + 486*x15**2/125 + 807*x15*x2/5000 + 9*x15*x3/80 + 161*x15*x4/1000 + 703*x15*x5/5000 + 1789*x15*x6/10000 + 1489*x15*x7/10000 + 217*x15*x8/1250 + 1691*x15*x9/10000 - 553*x15/500 + 3829*x2**2/1000 + 143*x2*x3/1250 - 133*x2*x4/25000 + 231*x2*x5/2000 + 513*x2*x6/12500 + 169*x2*x7/1000 + 5751*x2*x8/100000 + 9859*x2*x9/100000 - 79*x2/125 + 387*x3**2/100 + 67*x3*x4/500 + 623*x3*x5/5000 + 1511*x3*x6/10000 + 549*x3*x7/5000 + 1307*x3*x8/10000 + 653*x3*x9/5000 - 1843*x3/2000 + 1927*x4**2/500 + 4937*x4*x5/50000 + 8241*x4*x6/100000 + 4*x4*x7/25 + 2291*x4*x8/50000 + 151*x4*x9/1250 - 8033*x4/10000 + 973*x5**2/250 + 293*x5*x6/2000 + 87*x5*x7/625 + 1421*x5*x8/10000 + 1369*x5*x9/10000 - 547*x5/500 + 1943*x6**2/500 + 773*x6*x7/5000 + 271*x6*x8/2500 + 29*x6*x9/200 - 8169*x6/10000 + 486*x7**2/125 + 217*x7*x8/1250 + 1689*x7*x9/10000 - 553*x7/500 + 3881*x8**2/1000 + 1109*x8*x9/10000 - 87*x8/100 + 3901*x9**2/1000 - 547*x9/500 + 6587/1000",
    "Q": "[[6.5871801422313245, -0.5459046047067574, -0.43374839870676973, -0.5502783242355161, -0.40627747538735537, -0.545285731575436, -0.40371224265828387, -0.4614531499181716, -0.3153486767145728, -0.5504500781060063, -0.4617724690329122, -0.29601413520981135, -0.4401878154540138, -0.7336496230815561, -0.03108555464015143, -0.05682577734082063], [-0.5459046047067574, 3.901425196799259, 0.054645019962008226, 0.0852982907163952, 0.07115316515085399, 0.06879298467609288, 0.0588020473217947, 0.06713853539149645, 0.047497944514994624, 0.08294445378191802, 0.08282650126876069, 0.04173948192453692, 0.06813815799929704, 0.1020719133678562, 0.007815374582824455, -0.003980991740549883], [-0.43374839870676973, 0.054645019962008226, 3.8807728966304054, 0.0874277365416398, 0.05246651633422759, 0.07074922282063482, 0.023044139940222516, 0.06671669646323172, 0.030456874814940534, 0.08749040732202712, 0.06270659146517278, 0.046920275648906246, 0.05233103536800328, 0.0879347176137228, -0.006136169513098047, -0.009724678512324069], [-0.5502783242355161, 0.0852982907163952, 0.0874277365416398, 3.888229677085373, 0.07826460075934646, 0.06820902396447301, 0.07934358828210736, 0.054892559228255304, 0.08541609189744016, 0.07302509688551576, 0.09064787132061031, 0.03531002240037013, 0.07604328295552311, 0.09775660549529032, 0.01916222266525547, -0.005081681386425119], [-0.40627747538735537, 0.07115316515085399, 0.05246651633422759, 0.07826460075934646, 3.885773271887371, 0.07469540068361186, 0.04223894915470651, 0.07671781571687392, 0.018565037804139737, 0.08745221008028314, 0.06820680654724687, 0.04793615317980136, 0.06789965339403387, 0.09490523828077059, 0.0003309940285193865, -0.0023213221567262806], [-0.545285731575436, 0.06879298467609288, 0.07074922282063482, 0.06820902396447301, 0.07469540068361186, 3.892484154031323, 0.0498386556689869, 0.060451429826770105, 0.05872983755710783, 0.06956040967491063, 0.07553696798861377, 0.03709588399609817, 0.06975612237350917, 0.08509949138005259, 0.005901247741174095, 0.002175030955016473], [-0.40371224265828387, 0.0588020473217947, 0.023044139940222516, 0.07934358828210736, 0.04223894915470651, 0.0498386556689869, 3.8542128100142925, 0.06789568269607127, -0.004250396039749612, 0.08014441443972271, 0.05251845114357587, 0.04443045185250159, 0.04233247255323294, 0.08495487091279547, -0.007128117580650763, -0.002076483390719152], [-0.4614531499181716, 0.06713853539149645, 0.06671669646323172, 0.054892559228255304, 0.07671781571687392, 0.060451429826770105, 0.06789568269607127, 3.8697791049449815, 0.058297936895843595, 0.057195008907445, 0.07387528758152362, 0.026973657108382804, 0.07453813656450335, 0.08062723317597893, 0.0152684017141466, -7.116979076878109e-05], [-0.3153486767145728, 0.047497944514994624, 0.030456874814940534, 0.08541609189744016, 0.018565037804139737, 0.05872983755710783, -0.004250396039749612, 0.058297936895843595, 3.829182853370931, 0.08097550113754202, 0.03685758056089499, 0.050484750193729895, 0.01880096515123242, 0.06326902484110931, -0.020329777252045426, -0.004292732828191164], [-0.5504500781060063, 0.08294445378191802, 0.08749040732202712, 0.07302509688551576, 0.08745221008028314, 0.06956040967491063, 0.08014441443972271, 0.057195008907445, 0.08097550113754202, 3.8878893970464428, 0.0836235373202101, 0.03470100623900977, 0.08427830112306593, 0.0969113694406326, 0.01932375272861074, -0.006424012852741553], [-0.4617724690329122, 0.08282650126876069, 0.06270659146517278, 0.09064787132061031, 0.06820680654724687, 0.07553696798861377, 0.05251845114357587, 0.07387528758152362, 0.03685758056089499, 0.0836235373202101, 3.8974607295217365, 0.04639052413725833, 0.06656440493066676, 0.1042050510573597, 0.005940304328868666, -0.0037758006876127083], [-0.29601413520981135, 0.04173948192453692, 0.046920275648906246, 0.03531002240037013, 0.04793615317980136, 0.03709588399609817, 0.04443045185250159, 0.026973657108382804, 0.050484750193729895, 0.03470100623900977, 0.04639052413725833, 3.836941067388623, 0.03358573687590317, 0.0452686826620157, 0.007193865198775526, -6.9307246555099e-05], [-0.4401878154540138, 0.06813815799929704, 0.05233103536800328, 0.07604328295552311, 0.06789965339403387, 0.06975612237350917, 0.04233247255323294, 0.07453813656450335, 0.01880096515123242, 0.08427830112306593, 0.06656440493066676, 0.03358573687590317, 3.8868204939568907, 0.09347205959291205, 0.0021630633578839696, -0.00432690998142996], [-0.7336496230815561, 0.1020719133678562, 0.0879347176137228, 0.09775660549529032, 0.09490523828077059, 0.08509949138005259, 0.08495487091279547, 0.08062723317597893, 0.06326902484110931, 0.0969113694406326, 0.1042050510573597, 0.0452686826620157, 0.09347205959291205, 3.9441725630978985, 0.01695186296957003, -0.002102538230110996], [-0.03108555464015143, 0.007815374582824455, -0.006136169513098047, 0.01916222266525547, 0.0003309940285193865, 0.005901247741174095, -0.007128117580650763, 0.0152684017141466, -0.020329777252045426, 0.01932375272861074, 0.005940304328868666, 0.007193865198775526, 0.0021630633578839696, 0.01695186296957003, 4.879306839329704, 5.817984959128746e-05], [-0.05682577734082063, -0.003980991740549883, -0.009724678512324069, -0.005081681386425119, -0.0023213221567262806, 0.002175030955016473, -0.002076483390719152, -7.116979076878109e-05, -0.004292732828191164, -0.006424012852741553, -0.0037758006876127083, -6.9307246555099e-05, -0.00432690998142996, -0.002102538230110996, 5.817984959128746e-05, 3.8235907474716555]]",
    "monomial_list": "[1, x9, x8, x7, x6, x5, x4, x3, x2, x15, x14, x13, x12, x11, x10, x1]"
}