{
    "name": "Multiplier-14",
    "rational_expression": "3811*x1**2/1000 - 61*x1*x10/4000 - 647*x1*x11/50000 - 1073*x1*x12/50000 - 5619*x1*x13/1000000 - 947*x1*x14/100000 - 1991*x1*x15/100000 - 1079*x1*x2/50000 - 5983*x1*x3/1000000 - 2093*x1*x4/100000 - 1287*x1*x5/100000 - 1379*x1*x6/100000 - 2773*x1*x7/500000 - 719*x1*x8/25000 - 317*x1*x9/25000 - 7517*x1/100000 + 1917*x10**2/500 + 387*x10*x11/10000 + 5311*x10*x12/100000 + 5083*x10*x13/100000 + 5039*x10*x14/100000 + 4357*x10*x15/50000 + 5947*x10*x2/100000 + 437*x10*x3/12500 + 913*x10*x4/25000 + 2209*x10*x5/50000 + 2551*x10*x6/50000 + 5137*x10*x7/100000 + 5899*x10*x8/100000 + 2621*x10*x9/50000 - 373*x10/2000 + 763*x11**2/200 + 2099*x11*x12/50000 + 2419*x11*x13/1000000 + 2353*x11*x14/1000000 + 3381*x11*x15/100000 + 989*x11*x2/25000 + 267*x11*x3/312500 + 1029*x11*x4/25000 - 34*x11*x5/3125 + 4743*x11*x6/100000 + 83*x11*x7/25000 + 1643*x11*x8/50000 + 2817*x11*x9/100000 - 887*x11/2500 + 959*x12**2/250 - 193*x12*x13/25000 + 3117*x12*x14/100000 + 6809*x12*x15/100000 + 453*x12*x2/20000 + 2933*x12*x3/100000 + 3897*x12*x4/100000 + 419*x12*x5/25000 + 262*x12*x6/3125 + 8301*x12*x7/1000000 + 287*x12*x8/6250 + 4051*x12*x9/100000 - 541*x12/2000 + 951*x13**2/250 - 8057*x13*x14/1000000 + 733*x13*x15/125000 + 649*x13*x2/12500 - 167*x13*x3/10000 + 1507*x13*x4/50000 - 1429*x13*x5/100000 + 1093*x13*x6/50000 + 1531*x13*x7/200000 + 1499*x13*x8/50000 + 2269*x13*x9/250000 - 63*x13/250 + 4881*x14**2/1000 + 137*x14*x15/12500 + 989*x14*x2/25000 - 697*x14*x3/50000 + 489*x14*x4/20000 - 1361*x14*x5/100000 + 161*x14*x6/5000 - 691*x14*x7/50000 + 2423*x14*x8/100000 + 293*x14*x9/31250 - 467*x14/10000 + 478*x15**2/125 + 4419*x15*x2/50000 + 3269*x15*x3/1000000 + 1677*x15*x4/25000 + 7631*x15*x5/1000000 + 657*x15*x6/10000 + 1083*x15*x7/50000 + 3727*x15*x8/50000 + 1181*x15*x9/25000 - 4573*x15/10000 + 383*x2**2/100 + 159*x2*x3/12500 + 357*x2*x4/25000 + 4539*x2*x5/100000 + 2899*x2*x6/100000 + 164*x2*x7/3125 + 1501*x2*x8/25000 + 463*x2*x9/10000 - 1119*x2/5000 + 1901*x3**2/500 + 2169*x3*x4/100000 - 1169*x3*x5/50000 + 3629*x3*x6/100000 - 8851*x3*x7/1000000 + 687*x3*x8/50000 + 1933*x3*x9/250000 - 2147*x3/10000 + 479*x4**2/125 - 11*x4*x5/500 + 4513*x4*x6/100000 + 2323*x4*x7/100000 + 1501*x4*x8/100000 + 953*x4*x9/20000 - 1307*x4/5000 + 3801*x5**2/1000 + 1157*x5*x6/50000 - 6019*x5*x7/1000000 + 1579*x5*x8/50000 - 147*x5*x9/12500 - 3081*x5/10000 + 959*x6**2/250 + 1797*x6*x7/250000 + 2243*x6*x8/50000 + 583*x6*x9/12500 - 583*x6/2500 + 476*x7**2/125 + 3871*x7*x8/100000 + 1777*x7*x9/100000 - 2799*x7/10000 + 3837*x8**2/1000 + 1953*x8*x9/1000000 - 1307*x8/5000 + 1913*x9**2/500 - 42*x9/125 + 933/200",
    "Q": "[[4.664670639141415, -0.16775271325601956, -0.12950495640605095, -0.1393725687028088, -0.11439548540991827, -0.15500178393498013, -0.13291680738759026, -0.10699872198961537, -0.11285385872225644, -0.23072600083195732, -0.022130862354732578, -0.12566012372035118, -0.13589679471393118, -0.1774915978398613, -0.09336593742691962, -0.03914059340465323], [-0.16775271325601956, 3.8260157781888933, 0.0013815227995936732, 0.007672086137826174, 0.024069788335337763, -0.004694560390370286, 0.02281214675379582, 0.0034488462394064385, 0.022327106525939423, 0.021711889193558452, 0.0032424940068086685, 0.004413303706223333, 0.02153690899801134, 0.012771623038734631, 0.026281919707938965, -0.0064489831601668565], [-0.12950495640605095, 0.0013815227995936732, 3.836339594781775, 0.01820693623559764, 0.02140560958027274, 0.016968929866070372, 0.0055982938778572945, 0.006331666154642936, 0.028321869824284144, 0.03650563202503934, 0.01260510525610595, 0.01560636817189816, 0.02165168218767265, 0.017158166861320205, 0.029954229088358087, -0.015194935078651375], [-0.1393725687028088, 0.007672086137826174, 0.01820693623559764, 3.808371075086434, 0.005347612117006793, -0.0030306928035106952, 0.0132855735642944, -0.0039760666247320815, 0.027581721472885835, 0.010705405270488523, -0.006237845519827762, 0.0023342397776542614, 0.005521546128976501, 0.0025311987051656487, 0.02450747299729172, -0.004460309365485738], [-0.11439548540991827, 0.024069788335337763, 0.02140560958027274, 0.005347612117006793, 3.8356768974791597, 0.011192887242638304, 0.024212856271755564, 0.017544405618234008, 0.014202423409140992, 0.032679991713811134, 0.014146556164368053, 0.012095126753233232, 0.041252345755789274, 0.02176820401244297, 0.027146464889050644, -0.007478477170367048], [-0.15500178393498013, -0.004694560390370286, 0.016968929866070372, -0.0030306928035106952, 0.011192887242638304, 3.8016764293767134, -0.00964884961880205, -0.011102489440071604, 0.02110327316735409, 0.0023979806141660983, -0.007102066570812907, -0.005745356703488706, 0.007471972526261916, -0.005903420579185311, 0.022080149247425473, -0.005190683707008783], [-0.13291680738759026, 0.02281214675379582, 0.0055982938778572945, 0.0132855735642944, 0.024212856271755564, -0.00964884961880205, 3.831840625358495, 0.010892544184494106, 0.008260326359586545, 0.03172503795617441, 0.013792404870625883, 0.013662602846280701, 0.02090547038140772, 0.020031583219590046, 0.017894202049399, -0.009608520361445159], [-0.10699872198961537, 0.0034488462394064385, 0.006331666154642936, -0.0039760666247320815, 0.017544405618234008, -0.011102489440071604, 0.010892544184494106, 3.8019321527750156, 0.005922600027774286, 0.0012639667965889285, -0.006313674738298047, -0.008657762587921706, 0.016153392964995773, -0.00033986511510601414, 0.016979233654905085, -0.004460274818520979], [-0.11285385872225644, 0.022327106525939423, 0.028321869824284144, 0.027581721472885835, 0.014202423409140992, 0.02110327316735409, 0.008260326359586545, 0.005922600027774286, 3.8298441337406044, 0.04334014272215398, 0.02016992584975362, 0.02455514670111838, 0.013010887633780104, 0.01975093419321505, 0.02831953300343322, -0.010286372660968107], [-0.23072600083195732, 0.021711889193558452, 0.03650563202503934, 0.010705405270488523, 0.032679991713811134, 0.0023979806141660983, 0.03172503795617441, 0.0012639667965889285, 0.04334014272215398, 3.824919037347328, 0.0056426768291862476, 0.004225663961550652, 0.03224446733046051, 0.015438796418080032, 0.04220539114206034, -0.00895835578962998], [-0.022130862354732578, 0.0032424940068086685, 0.01260510525610595, -0.006237845519827762, 0.014146556164368053, -0.007102066570812907, 0.013792404870625883, -0.006313674738298047, 0.02016992584975362, 0.0056426768291862476, 4.88090458327864, -0.005366139135640606, 0.013590755278039152, -0.00019341286942871987, 0.0227703199255237, -0.0028630552182257406], [-0.12566012372035118, 0.004413303706223333, 0.01560636817189816, 0.0023342397776542614, 0.012095126753233232, -0.005745356703488706, 0.013662602846280701, -0.008657762587921706, 0.02455514670111838, 0.004225663961550652, -0.005366139135640606, 3.8033685316397854, -0.0019292115828508118, -0.000120921467271471, 0.024709072845453244, -0.0015639660456769231], [-0.13589679471393118, 0.02153690899801134, 0.02165168218767265, 0.005521546128976501, 0.041252345755789274, 0.007471972526261916, 0.02090547038140772, 0.016153392964995773, 0.013010887633780104, 0.03224446733046051, 0.013590755278039152, -0.0019292115828508118, 3.8360137092254574, 0.019693546941707277, 0.025589638394931915, -0.009770331628721204], [-0.1774915978398613, 0.012771623038734631, 0.017158166861320205, 0.0025311987051656487, 0.02176820401244297, -0.005903420579185311, 0.020031583219590046, -0.00033986511510601414, 0.01975093419321505, 0.015438796418080032, -0.00019341286942871987, -0.000120921467271471, 0.019693546941707277, 3.8150502510012343, 0.019685999893625402, -0.0073183926354633225], [-0.09336593742691962, 0.026281919707938965, 0.029954229088358087, 0.02450747299729172, 0.027146464889050644, 0.022080149247425473, 0.017894202049399, 0.016979233654905085, 0.02831953300343322, 0.04220539114206034, 0.0227703199255237, 0.024709072845453244, 0.025589638394931915, 0.019685999893625402, 3.8335368567712687, -0.008034548740874592], [-0.03914059340465323, -0.0064489831601668565, -0.015194935078651375, -0.004460309365485738, -0.007478477170367048, -0.005190683707008783, -0.009608520361445159, -0.004460274818520979, -0.010286372660968107, -0.00895835578962998, -0.0028630552182257406, -0.0015639660456769231, -0.009770331628721204, -0.0073183926354633225, -0.008034548740874592, 3.8107948338186812]]",
    "monomial_list": "[1, x9, x8, x7, x6, x5, x4, x3, x2, x15, x14, x13, x12, x11, x10, x1]"
}