{
    "name": "Multiplier-6",
    "rational_expression": "1903*x1**2/500 - 279*x1*x10/20000 - 1753*x1*x11/100000 - 407*x1*x12/20000 - 1991*x1*x13/500000 - x1*x14/80 - 459*x1*x15/25000 - 49*x1*x2/4000 - 1211*x1*x3/100000 - 939*x1*x4/50000 - 271*x1*x5/25000 + 6431*x1*x6/10000000 - 8413*x1*x7/1000000 - 1731*x1*x8/50000 - 9879*x1*x9/1000000 - 264*x1/3125 + 3821*x10**2/1000 + 5159*x10*x11/100000 + 1377*x10*x12/50000 + 1493*x10*x13/20000 + 5383*x10*x14/100000 + 8653*x10*x15/100000 + 6153*x10*x2/100000 + 1231*x10*x3/25000 + 3097*x10*x4/100000 + 669*x10*x5/12500 + 4213*x10*x6/100000 + 631*x10*x7/5000 + 1171*x10*x8/20000 + 6503*x10*x9/100000 - 2991*x10/10000 + 191*x11**2/50 + 229*x11*x12/5000 + 2069*x11*x13/100000 + 7403*x11*x14/100000 + 913*x11*x15/25000 + 1193*x11*x2/20000 + 417*x11*x3/25000 + 6197*x11*x4/100000 + 1387*x11*x5/500000 + 5787*x11*x6/1000000 + 8629*x11*x7/100000 + 361*x11*x8/6250 + 5603*x11*x9/100000 - 6267*x11/10000 + 1919*x12**2/500 + 113*x12*x13/15625 + 5397*x12*x14/100000 + 6453*x12*x15/100000 - 93*x12*x2/6250 + 2907*x12*x3/50000 + 421*x12*x4/25000 + 127*x12*x5/5000 + 259*x12*x6/20000 + 1519*x12*x7/25000 + 933*x12*x8/25000 + 1117*x12*x9/25000 - 421*x12/1250 + 3797*x13**2/1000 + 827*x13*x14/20000 + 209*x13*x15/12500 + 3621*x13*x2/50000 - 1699*x13*x3/250000 + 2553*x13*x4/50000 - 861*x13*x5/1250000 - 5701*x13*x6/1000000 + 221*x13*x7/5000 + 4853*x13*x8/100000 + 167*x13*x9/6250 - 823*x13/2000 + 383*x14**2/100 + 687*x14*x15/12500 + 5119*x14*x2/100000 + 1341*x14*x3/25000 + 5923*x14*x4/100000 + 737*x14*x5/20000 + 589*x14*x6/25000 + 1133*x14*x7/10000 + 5589*x14*x8/100000 + 4013*x14*x9/50000 - 823*x14/2000 + 3809*x15**2/1000 + 4313*x15*x2/50000 + 1289*x15*x3/100000 + 6469*x15*x4/100000 + 1433*x15*x5/250000 + 2481*x15*x6/500000 + 879*x15*x7/12500 + 6867*x15*x8/100000 + 4997*x15*x9/100000 - 5331*x15/10000 + 959*x2**2/250 + 399*x2*x3/25000 + 147*x2*x4/5000 + 5259*x2*x5/100000 + 829*x2*x6/25000 + 761*x2*x7/5000 + 6377*x2*x8/100000 + 1459*x2*x9/20000 - 4207*x2/10000 + 949*x3**2/250 + 659*x3*x4/20000 - 231*x3*x5/20000 - 1309*x3*x6/200000 + 393*x3*x7/12500 + 3071*x3*x8/100000 + 577*x3*x9/25000 - 889*x3/2500 + 3829*x4**2/1000 - 531*x4*x5/25000 + 149*x4*x6/6250 + 547*x4*x7/5000 + 239*x4*x8/20000 + 6793*x4*x9/100000 - 573*x4/1250 + 759*x5**2/200 - 151*x5*x6/10000 + 3601*x5*x7/100000 + 5221*x5*x8/100000 + 1451*x5*x9/1000000 - 991*x5/2000 + 4859*x6**2/1000 + 769*x6*x7/50000 + 1901*x6*x8/100000 + 417*x6*x9/20000 - 264*x6/3125 + 77*x7**2/20 + 1119*x7*x8/10000 + 107*x7*x9/1000 - 8231*x7/10000 + 1917*x8**2/500 + 1079*x8*x9/100000 - 503*x8/1250 + 1917*x9**2/500 - 6073*x9/10000 + 1169/250",
    "Q": "[[4.676012143426772, -0.30327444130529846, -0.20018761441753116, -0.4111421196670805, -0.04331877579806949, -0.24832331137281957, -0.23019145923750106, -0.1779168716856423, -0.20933653828512963, -0.26762942716833105, -0.20775405122575413, -0.2049105271937267, -0.1675868799941708, -0.3150376720635494, -0.1488368320648642, -0.041450829547258206], [-0.30327444130529846, 3.8339606468417657, 0.007207681141940837, 0.05336580896904846, 0.008618536148732139, 0.002381760975393011, 0.033425928790976514, 0.011539413641998045, 0.03639952014155042, 0.024777810768602682, 0.04059831441523239, 0.014770781895390554, 0.02043872174827765, 0.02962539054919476, 0.03329753964981114, -0.005632053043526474], [-0.20018761441753116, 0.007207681141940837, 3.833609688061523, 0.055799139012208634, 0.008862847278013248, 0.024884447923657564, 0.0059914829560173775, 0.015609194062335862, 0.030535042775425843, 0.03564790003147255, 0.02688829929032192, 0.02373556387661911, 0.02001281963472514, 0.028985191837475152, 0.029899757669788654, -0.015672641438473113], [-0.4111421196670805, 0.05336580896904846, 0.055799139012208634, 3.8493454643354656, 0.008189738193060543, 0.017795106357439697, 0.055977533487462046, 0.014186083048344554, 0.07687040118961586, 0.034356568298676456, 0.05635199740580327, 0.021381318647358556, 0.031653806410433236, 0.042763144995341965, 0.06342582164059539, -0.004731637775240432], [-0.04331877579806949, 0.008618536148732139, 0.008862847278013248, 0.008189738193060543, 4.859325897579312, -0.00872747902190026, 0.01306865236698507, -0.003647948970486071, 0.015978318040700854, 0.0010153340737199903, 0.01259312256896834, -0.001967945716217845, 0.008878914079670704, 0.0026658741489576053, 0.0189884854642883, -0.0017255481253909064], [-0.24832331137281957, 0.002381760975393011, 0.024884447923657564, 0.017795106357439697, -0.00872747902190026, 3.7956916710927238, -0.009072180882962761, -0.006731432107744384, 0.027234302529327868, 0.004431672109042799, 0.019987693223201996, 0.00018804454941893732, 0.014326670236150491, 0.0017194919849722137, 0.028564083058358794, -0.005151642451239452], [-0.23019145923750106, 0.033425928790976514, 0.0059914829560173775, 0.055977533487462046, 0.01306865236698507, -0.009072180882962761, 3.828850698253408, 0.014936341684105304, 0.013505830091501888, 0.031419384078034594, 0.029988747624405003, 0.025702282339689127, 0.00789182202351251, 0.030881670500057943, 0.015492093435868395, -0.009189309267474412], [-0.1779168716856423, 0.011539413641998045, 0.015609194062335862, 0.014186083048344554, -0.003647948970486071, -0.006731432107744384, 0.014936341684105304, 3.7957389915026516, 0.009122936173558489, 0.006069853034463529, 0.02509390965190299, -0.0032721080526372445, 0.027668987676905257, 0.008357275259439524, 0.02412776650100475, -0.00658211895298216], [-0.20933653828512963, 0.03639952014155042, 0.030535042775425843, 0.07687040118961586, 0.015978318040700854, 0.027234302529327868, 0.013505830091501888, 0.009122936173558489, 3.835584574755564, 0.04107598142660142, 0.024775214393991128, 0.0363945164392922, -0.00646805535753926, 0.03145296482360315, 0.030981151034070495, -0.007510141358733135], [-0.26762942716833105, 0.024777810768602682, 0.03564790003147255, 0.034356568298676456, 0.0010153340737199903, 0.004431672109042799, 0.031419384078034594, 0.006069853034463529, 0.04107598142660142, 3.809110385461781, 0.02730988047093807, 0.007202765475111914, 0.03181704546317749, 0.019263472005505166, 0.041502955863123525, -0.00874179002637742], [-0.20775405122575413, 0.04059831441523239, 0.02688829929032192, 0.05635199740580327, 0.01259312256896834, 0.019987693223201996, 0.029988747624405003, 0.02509390965190299, 0.024775214393991128, 0.02730988047093807, 3.8306694842918345, 0.021984761581006672, 0.028831201736651248, 0.03723724812567281, 0.028788358906903753, -0.005779768388828913], [-0.2049105271937267, 0.014770781895390554, 0.02373556387661911, 0.021381318647358556, -0.001967945716217845, 0.00018804454941893732, 0.025702282339689127, -0.0032721080526372445, 0.0363945164392922, 0.007202765475111914, 0.021984761581006672, 3.7972839040743445, 0.004836500402104699, 0.009425640214234686, 0.036714776134318054, -0.00046792557615994517], [-0.1675868799941708, 0.02043872174827765, 0.02001281963472514, 0.031653806410433236, 0.008878914079670704, 0.014326670236150491, 0.00789182202351251, 0.027668987676905257, -0.00646805535753926, 0.03181704546317749, 0.028831201736651248, 0.004836500402104699, 3.8379798786787545, 0.02447311539115392, 0.01440626937569832, -0.011576989014981316], [-0.3150376720635494, 0.02962539054919476, 0.028985191837475152, 0.042763144995341965, 0.0026658741489576053, 0.0017194919849722137, 0.030881670500057943, 0.008357275259439524, 0.03145296482360315, 0.019263472005505166, 0.03723724812567281, 0.009425640214234686, 0.02447311539115392, 3.819393979443201, 0.026091992520721485, -0.007167549406816257], [-0.1488368320648642, 0.03329753964981114, 0.029899757669788654, 0.06342582164059539, 0.0189884854642883, 0.028564083058358794, 0.015492093435868395, 0.02412776650100475, 0.030981151034070495, 0.041502955863123525, 0.028788358906903753, 0.036714776134318054, 0.01440626937569832, 0.026091992520721485, 3.8212425047512864, -0.006295407583625993], [-0.041450829547258206, -0.005632053043526474, -0.015672641438473113, -0.004731637775240432, -0.0017255481253909064, -0.005151642451239452, -0.009189309267474412, -0.00658211895298216, -0.007510141358733135, -0.00874179002637742, -0.005779768388828913, -0.00046792557615994517, -0.011576989014981316, -0.007167549406816257, -0.006295407583625993, 3.805353910636179]]",
    "monomial_list": "[1, x9, x8, x7, x6, x5, x4, x3, x2, x15, x14, x13, x12, x11, x10, x1]"
}