{
    "name": "Multiplier-9",
    "rational_expression": "19*x1**2/5 - 833*x1*x10/50000 - 2133*x1*x11/250000 - 1189*x1*x12/50000 - 3679*x1*x13/50000000 - 4187*x1*x14/500000 - 307*x1*x15/20000 - 807*x1*x2/50000 - 7499*x1*x3/1000000 - 79*x1*x4/5000 - 1873*x1*x5/250000 - 1561*x1*x6/100000 - 1449*x1*x7/200000 - 1927*x1*x8/50000 - 7023*x1*x9/10000000 - 2197*x1/50000 + 3827*x10**2/1000 + 747*x10*x11/12500 + 3369*x10*x12/50000 + 6427*x10*x13/100000 + 4999*x10*x14/100000 + 7293*x10*x15/100000 + 36*x10*x2/625 + 6389*x10*x3/100000 + 127*x10*x4/3125 + 8721*x10*x5/100000 + 397*x10*x6/6250 + 2743*x10*x7/50000 + 1013*x10*x8/10000 + 3861*x10*x9/100000 - 3537*x10/100000 + 1913*x11**2/500 + 189*x11*x12/2500 + 111*x11*x13/4000 + 3681*x11*x14/50000 + 2601*x11*x15/50000 + 227*x11*x2/3125 + 533*x11*x3/12500 + 1733*x11*x4/20000 + 5887*x11*x5/100000 + 7153*x11*x6/100000 + 1017*x11*x7/25000 + 1017*x11*x8/10000 + 339*x11*x9/12500 - 123*x11/1000 + 959*x12**2/250 + 1167*x12*x13/100000 + 3311*x12*x14/50000 + 6667*x12*x15/100000 + 1053*x12*x2/25000 + 3627*x12*x3/50000 + 6419*x12*x4/100000 + 459*x12*x5/6250 + 127*x12*x6/1250 + 2479*x12*x7/100000 + 203*x12*x8/2000 + 3791*x12*x9/100000 - 7931*x12/100000 + 1897*x13**2/500 + 4111*x13*x14/100000 + 2093*x13*x15/100000 + 3547*x13*x2/50000 - 339*x13*x3/100000 + 691*x13*x4/12500 + 2021*x13*x5/100000 + 161*x13*x6/4000 + 79*x13*x7/3125 + 443*x13*x8/6250 - 561*x13*x9/250000 - 351*x13/2500 + 1911*x14**2/500 + 993*x14*x15/20000 + 833*x14*x2/20000 + 3203*x14*x3/50000 + 637*x14*x4/10000 + 7203*x14*x5/100000 + 6321*x14*x6/100000 + 293*x14*x7/6250 + 7053*x14*x8/100000 + 113*x14*x9/4000 - 1313*x14/25000 + 1903*x15**2/500 + 7947*x15*x2/100000 + 1417*x15*x3/50000 + 3573*x15*x4/50000 + 751*x15*x5/20000 + 1611*x15*x6/25000 + 427*x15*x7/12500 + 51*x15*x8/500 + 1341*x15*x9/200000 - 483*x15/2500 + 3823*x2**2/1000 + 693*x2*x3/12500 + 331*x2*x4/10000 + 509*x2*x5/5000 + 1999*x2*x6/50000 + 773*x2*x7/10000 + 4667*x2*x8/50000 + 389*x2*x9/10000 - 221*x2/12500 + 1899*x3**2/500 + 397*x3*x4/6250 + 2089*x3*x5/100000 + 7127*x3*x6/100000 + 113*x3*x7/6250 + 1421*x3*x8/20000 + 3633*x3*x9/500000 - 1581*x3/10000 + 767*x4**2/200 + 1013*x4*x5/25000 + 629*x4*x6/10000 + 1357*x4*x7/25000 + 2741*x4*x8/50000 + 969*x4*x9/25000 - 1313*x4/50000 + 1907*x5**2/500 + 181*x5*x6/2500 + 1729*x5*x7/50000 + 1331*x5*x8/10000 + 409*x5*x9/25000 - 101*x5/500 + 3833*x6**2/1000 + 153*x6*x7/6250 + 117*x6*x8/1250 + 3819*x6*x9/100000 - 6163*x6/100000 + 951*x7**2/250 + 783*x7*x8/10000 - 73*x7*x9/40000 - 1141*x7/10000 + 3877*x8**2/1000 + 2867*x8*x9/50000 - 1313*x8/25000 + 608*x9**2/125 + 351*x9/2500 + 439/100",
    "Q": "[[4.39021603083328, 0.06907460990151497, -0.027579271770182753, -0.057447073745062895, -0.030775626768952295, -0.09900240274049824, -0.01127386470518267, -0.08030258815014583, -0.007309589922108467, -0.09646313979603796, -0.02751105285994212, -0.07190992460810768, -0.0408401684973369, -0.059745188919091134, -0.015919192401465627, -0.02212017411228721], [0.06907460990151497, 4.863841906285907, 0.0310282703227223, 0.0010038087468337289, 0.020132045576430814, 0.008053525486761528, 0.017266411058423824, 0.0034441983759131664, 0.017824923129208338, 0.004247088545176942, 0.013602622308459456, -0.0008885464872184789, 0.019440284455808116, 0.012171231843080143, 0.02024762208541058, -0.0023891349124761144], [-0.027579271770182753, 0.0310282703227223, 3.87728121781902, 0.03875943074893957, 0.04677174035776996, 0.06685136217655256, 0.028522480838816283, 0.03643476744017332, 0.04769123901006341, 0.050385503501761436, 0.034402651149043645, 0.034539499145466224, 0.050368436789353106, 0.052620787518675514, 0.0487379271081748, -0.017644337266370436], [-0.057447073745062895, 0.0010038087468337289, 0.03875943074893957, 3.804615786798681, 0.01179068350388872, 0.01825273214145966, 0.02797801001610274, 0.010390279151153228, 0.038392429328293766, 0.01688738348279109, 0.025069203100978682, 0.013391456575556055, 0.014301479947711334, 0.022014373299600484, 0.02852431950101321, -0.0025263715141740943], [-0.030775626768952295, 0.020132045576430814, 0.04677174035776996, 0.01179068350388872, 3.8328457628441717, 0.037137326711312764, 0.03309012260224035, 0.035396182327025835, 0.021238989608726045, 0.03197073029274845, 0.03223375973260629, 0.01990191286062718, 0.05149956620111089, 0.03727198022682859, 0.032441739646320134, -0.008615079341490618], [-0.09900240274049824, 0.008053525486761528, 0.06685136217655256, 0.01825273214145966, 0.037137326711312764, 3.8141417830107773, 0.019326444160410582, 0.011341138181595524, 0.04968834942136112, 0.020483956317714574, 0.03417228682508232, 0.009203526625145128, 0.03734139900408149, 0.029137364682844058, 0.04328070960504595, -0.005407599922000554], [-0.01127386470518267, 0.017266411058423824, 0.028522480838816283, 0.02797801001610274, 0.03309012260224035, 0.019326444160410582, 3.834734413734042, 0.032757430585955497, 0.01730533031699748, 0.03495568115637736, 0.03203536793669654, 0.02676650417137559, 0.03287591044051125, 0.04377360015414262, 0.021677029629329565, -0.009092935678000529], [-0.08030258815014583, 0.0034441983759131664, 0.03643476744017332, 0.010390279151153228, 0.035396182327025835, 0.011341138181595524, 0.032757430585955497, 3.798615330824215, 0.026395250422370058, 0.01327798452664865, 0.03138860086896863, 1.7194245781993206e-05, 0.03685283964681817, 0.023204162518004032, 0.03272026911502221, -0.005367955420218419], [-0.007309589922108467, 0.017824923129208338, 0.04769123901006341, 0.038392429328293766, 0.021238989608726045, 0.04968834942136112, 0.01730533031699748, 0.026395250422370058, 3.8228972614552577, 0.04119555222182401, 0.021996633458112022, 0.035963500706894885, 0.021745926030508417, 0.0363966773020348, 0.028630681901033975, -0.008629733230095452], [-0.09646313979603796, 0.004247088545176942, 0.050385503501761436, 0.01688738348279109, 0.03197073029274845, 0.020483956317714574, 0.03495568115637736, 0.01327798452664865, 0.04119555222182401, 3.806019484847711, 0.023969020207456445, 0.009960225438407652, 0.03355876058589493, 0.024825275960334174, 0.037441598986368674, -0.007255390173252875], [-0.02751105285994212, 0.013602622308459456, 0.034402651149043645, 0.025069203100978682, 0.03223375973260629, 0.03417228682508232, 0.03203536793669654, 0.03138860086896863, 0.021996633458112022, 0.023969020207456445, 3.8217937146651613, 0.021456976574551256, 0.03235912144552054, 0.03700487355356602, 0.025410576230160575, -0.00481271658381147], [-0.07190992460810768, -0.0008885464872184789, 0.034539499145466224, 0.013391456575556055, 0.01990191286062718, 0.009203526625145128, 0.02676650417137559, 1.7194245781993206e-05, 0.035963500706894885, 0.009960225438407652, 0.021456976574551256, 3.794341953321864, 0.006208017162926297, 0.014948427707189033, 0.03102075662161905, -0.00035257498588271886], [-0.0408401684973369, 0.019440284455808116, 0.050368436789353106, 0.014301479947711334, 0.05149956620111089, 0.03734139900408149, 0.03287591044051125, 0.03685283964681817, 0.021745926030508417, 0.03355876058589493, 0.03235912144552054, 0.006208017162926297, 3.836512695788451, 0.038798556844868416, 0.032527206617803936, -0.010274213659966693], [-0.059745188919091134, 0.012171231843080143, 0.052620787518675514, 0.022014373299600484, 0.03727198022682859, 0.029137364682844058, 0.04377360015414262, 0.023204162518004032, 0.0363966773020348, 0.024825275960334174, 0.03700487355356602, 0.014948427707189033, 0.038798556844868416, 3.8263656731311895, 0.028687089516800032, -0.006149919778000765], [-0.015919192401465627, 0.02024762208541058, 0.0487379271081748, 0.02852431950101321, 0.032441739646320134, 0.04328070960504595, 0.021677029629329565, 0.03272026911502221, 0.028630681901033975, 0.037441598986368674, 0.025410576230160575, 0.03102075662161905, 0.032527206617803936, 0.028687089516800032, 3.8274576131560645, -0.009297047168881264], [-0.02212017411228721, -0.0023891349124761144, -0.017644337266370436, -0.0025263715141740943, -0.008615079341490618, -0.005407599922000554, -0.009092935678000529, -0.005367955420218419, -0.008629733230095452, -0.007255390173252875, -0.00481271658381147, -0.00035257498588271886, -0.010274213659966693, -0.006149919778000765, -0.009297047168881264, 3.800180564963322]]",
    "monomial_list": "[1, x9, x8, x7, x6, x5, x4, x3, x2, x15, x14, x13, x12, x11, x10, x1]"
}