{
    "name": "Multiplier-4",
    "rational_expression": "3803*x1**2/1000 + 2889*x1*x10/1000000 - 8151*x1*x11/1000000 - 4919*x1*x12/500000 + 4347*x1*x13/1000000 - 2393*x1*x14/1000000 - 8243*x1*x15/1000000 - 3569*x1*x2/1000000 - 2087*x1*x3/250000 - 4329*x1*x4/500000 + 5121*x1*x5/1000000 - 9397*x1*x6/1000000 - 5291*x1*x7/10000000 - 413*x1*x8/25000 - 7283*x1*x9/1000000 - 1093*x1/10000 + 3831*x10**2/1000 + 21*x10*x11/200 + 9299*x10*x12/100000 + 979*x10*x13/10000 + 1129*x10*x14/12500 + 1449*x10*x15/10000 + 4171*x10*x2/50000 + 671*x10*x3/5000 + 1539*x10*x4/100000 + 621*x10*x5/2500 + 1829*x10*x6/20000 + 87*x10*x7/625 + 301*x10*x8/2500 + 103*x10*x9/1000 - 4487*x10/10000 + 482*x11**2/125 + 1391*x11*x12/10000 + 2789*x11*x13/50000 + 1497*x11*x14/10000 + 1129*x11*x15/10000 + 1209*x11*x2/10000 + 583*x11*x3/5000 + 177*x11*x4/6250 + 1003*x11*x5/5000 + 69*x11*x6/500 + 531*x11*x7/5000 + 1451*x11*x8/10000 + 371*x11*x9/2500 - 8533*x11/10000 + 773*x12**2/200 + 1029*x12*x13/25000 + 637*x12*x14/5000 + 351*x12*x15/2500 + 1949*x12*x2/25000 + 361*x12*x3/2500 + 273*x12*x4/10000 + 2433*x12*x5/10000 + 19*x12*x6/125 + 557*x12*x7/5000 + 287*x12*x8/2000 + 323*x12*x9/2500 - 3499*x12/5000 + 3799*x13**2/1000 + 3847*x13*x14/50000 + 3787*x13*x15/100000 + 312*x13*x2/3125 + 22*x13*x3/625 + 181*x13*x4/12500 + 7277*x13*x5/100000 + 7583*x13*x6/100000 + 209*x13*x7/5000 + 4187*x13*x8/50000 + 419*x13*x9/6250 - 2407*x13/5000 + 3857*x14**2/1000 + 1221*x14*x15/10000 + 167*x14*x2/2000 + 353*x14*x3/2500 + 2689*x14*x4/100000 + 459*x14*x5/2000 + 633*x14*x6/5000 + 327*x14*x7/2500 + 251*x14*x8/2000 + 149*x14*x9/1000 - 1641*x14/2500 + 3833*x15**2/1000 + 1481*x15*x2/10000 + 8987*x15*x3/100000 + 929*x15*x4/25000 + 1709*x15*x5/10000 + 711*x15*x6/5000 + 1751*x15*x7/20000 + 299*x15*x8/2000 + 323*x15*x9/2500 - 3993*x15/5000 + 481*x2**2/125 + 229*x2*x3/2000 + 1207*x2*x4/200000 + 1309*x2*x5/5000 + 7083*x2*x6/100000 + 1499*x2*x7/10000 + 693*x2*x8/5000 + 1063*x2*x9/10000 - 4921*x2/10000 + 3831*x3**2/1000 + 2731*x3*x4/100000 + 751*x3*x5/5000 + 7*x3*x6/50 + 4251*x3*x7/50000 + 33*x3*x8/250 + 1267*x3*x9/10000 - 1913*x3/2500 + 606*x4**2/125 + 1127*x4*x5/25000 + 2943*x4*x6/100000 + 2987*x4*x7/100000 + 2167*x4*x8/100000 + 143*x4*x9/6250 - 4941*x4/50000 + 3951*x5**2/1000 + 1211*x5*x6/5000 + 1621*x5*x7/10000 + 3031*x5*x8/10000 + 257*x5*x9/1250 - 1411*x5/1000 + 1931*x6**2/500 + 1083*x6*x7/10000 + 251*x6*x8/2000 + 1337*x6*x9/10000 - 1641*x6/2500 + 957*x7**2/250 + 139*x7*x8/1000 + 63*x7*x9/500 - 1509*x7/2000 + 971*x8**2/250 + 2211*x8*x9/25000 - 6671*x8/10000 + 484*x9**2/125 - 41*x9/50 + 547/100",
    "Q": "[[5.469636250535656, -0.4100184347887361, -0.3358257243060513, -0.3794119170662971, -0.3259485028592468, -0.7037515033027725, -0.04979646423603231, -0.38513963824328257, -0.2486359897488094, -0.39736732447894285, -0.3302888845854777, -0.24145967055379652, -0.35092644918303184, -0.4239694498309857, -0.2248041688188553, -0.05592481868182124], [-0.4100184347887361, 3.871250431951786, 0.043733339856532175, 0.06471542681732105, 0.06538148463398138, 0.10316376301485462, 0.012140046306523013, 0.06397321669108699, 0.05447408890298469, 0.0641030922502115, 0.07452321909916741, 0.03346928734163483, 0.06485467453136666, 0.07334466849736312, 0.05150912279994451, -0.0023791649959157015], [-0.3358257243060513, 0.043733339856532175, 3.8851292121531285, 0.07126067269977512, 0.06447909485515706, 0.15055892212876082, 0.0109330883656785, 0.06731143175884771, 0.06887046566980858, 0.07629237256522035, 0.06176468099342283, 0.04224097420352987, 0.07010519905297924, 0.07269967640709275, 0.061694618277112354, -0.00861199379509804], [-0.3794119170662971, 0.06471542681732105, 0.07126067269977512, 3.8285706069457155, 0.05384402058272037, 0.08199673490640377, 0.016403681673110248, 0.04311588269744669, 0.07657427110536057, 0.04449870795648177, 0.06723900262381328, 0.021556893014825478, 0.055962330024544336, 0.054899301374221, 0.07026059327515415, -0.000737728590931381], [-0.3259485028592468, 0.06538148463398138, 0.06447909485515706, 0.05384402058272037, 3.8613187881191466, 0.11896965555620956, 0.013245231992298444, 0.07194904396720828, 0.03510545280863132, 0.0701052002330659, 0.06317160290135729, 0.03916447872807543, 0.07645358015367602, 0.06957165180808174, 0.04408871093696221, -0.0030330504689579842], [-0.7037515033027725, 0.10316376301485462, 0.15055892212876082, 0.08199673490640377, 0.11896965555620956, 3.9511358345014536, 0.022956686647654764, 0.07725184831365402, 0.13222929392781835, 0.0853308592891805, 0.11457495888316478, 0.038293321642307254, 0.121456695550924, 0.10021686350190333, 0.12476179315819523, 0.001925325569357958], [-0.04979646423603231, 0.012140046306523013, 0.0109330883656785, 0.016403681673110248, 0.013245231992298444, 0.022956686647654764, 4.847205211486115, 0.015187537682159198, 0.0033135254493395177, 0.017680146882352712, 0.015088598354116113, 0.006469888750703078, 0.011706374855876788, 0.014262751991551487, 0.005560631593785202, -0.0034086851324526624], [-0.38513963824328257, 0.06397321669108699, 0.06731143175884771, 0.04311588269744669, 0.07194904396720828, 0.07725184831365402, 0.015187537682159198, 3.831589473950168, 0.055784375531911574, 0.044783758616181925, 0.07063634878254219, 0.01607036581362524, 0.07195560636808788, 0.05731710736382057, 0.06635687736100346, -0.004843065547484115], [-0.2486359897488094, 0.05447408890298469, 0.06887046566980858, 0.07657427110536057, 0.03510545280863132, 0.13222929392781835, 0.0033135254493395177, 0.055784375531911574, 3.847726788490856, 0.07364884296240831, 0.04325945361308347, 0.05018260977269175, 0.03775758108051929, 0.05968995798784189, 0.04281303734407395, -0.001145693060847421], [-0.39736732447894285, 0.0641030922502115, 0.07629237256522035, 0.04449870795648177, 0.0701052002330659, 0.0853308592891805, 0.017680146882352712, 0.044783758616181925, 0.07364884296240831, 3.832370654251347, 0.06157791212338243, 0.020163599057122575, 0.0705423446000505, 0.056110939834131374, 0.07288399709618064, -0.005400962975430027], [-0.3302888845854777, 0.07452321909916741, 0.06176468099342283, 0.06723900262381328, 0.06317160290135729, 0.11457495888316478, 0.015088598354116113, 0.07063634878254219, 0.04325945361308347, 0.06157791212338243, 3.8573728750398573, 0.038782562712859694, 0.06330892459480346, 0.07416984185813123, 0.044697418595592515, -0.0011879730653654723], [-0.24145967055379652, 0.03346928734163483, 0.04224097420352987, 0.021556893014825478, 0.03916447872807543, 0.038293321642307254, 0.006469888750703078, 0.01607036581362524, 0.05018260977269175, 0.020163599057122575, 0.038782562712859694, 3.799012368537155, 0.021385520064744, 0.026689978057519916, 0.050352812743575816, 0.0011885118504279522], [-0.35092644918303184, 0.06485467453136666, 0.07010519905297924, 0.055962330024544336, 0.07645358015367602, 0.121456695550924, 0.011706374855876788, 0.07195560636808788, 0.03775758108051929, 0.0705423446000505, 0.06330892459480346, 0.021385520064744, 3.865769563891584, 0.06928187182334979, 0.046745482498688276, -0.006127534988523807], [-0.4239694498309857, 0.07334466849736312, 0.07269967640709275, 0.054899301374221, 0.06957165180808174, 0.10021686350190333, 0.014262751991551487, 0.05731710736382057, 0.05968995798784189, 0.056110939834131374, 0.07416984185813123, 0.026689978057519916, 0.06928187182334979, 3.8553789434609747, 0.05230701480407785, -0.0030903120738796676], [-0.2248041688188553, 0.05150912279994451, 0.061694618277112354, 0.07026059327515415, 0.04408871093696221, 0.12476179315819523, 0.005560631593785202, 0.06635687736100346, 0.04281303734407395, 0.07288399709618064, 0.044697418595592515, 0.050352812743575816, 0.046745482498688276, 0.05230701480407785, 3.8308006700330544, -0.00021804188594495632], [-0.05592481868182124, -0.0023791649959157015, -0.00861199379509804, -0.000737728590931381, -0.0030330504689579842, 0.001925325569357958, -0.0034086851324526624, -0.004843065547484115, -0.001145693060847421, -0.005400962975430027, -0.0011879730653654723, 0.0011885118504279522, -0.006127534988523807, -0.0030903120738796676, -0.00021804188594495632, 3.8031583552288994]]",
    "monomial_list": "[1, x9, x8, x7, x6, x5, x4, x3, x2, x15, x14, x13, x12, x11, x10, x1]"
}