{
    "name": "Multiplier-1",
    "rational_expression": "973*x1**2/200 + 1001*x1*x10/50000 + 22*x1*x11/625 + 597*x1*x12/20000 + 2697*x1*x13/100000 + 2591*x1*x14/100000 + 3689*x1*x15/100000 + 1183*x1*x2/50000 + 1541*x1*x3/50000 + 2261*x1*x4/100000 + 92*x1*x5/3125 + 1237*x1*x6/50000 + 1651*x1*x7/50000 + 1847*x1*x8/50000 + 2991*x1*x9/100000 - 4321*x1/10000 + 482*x10**2/125 + 5913*x10*x11/100000 + 6853*x10*x12/100000 + 951*x10*x13/50000 + 7021*x10*x14/100000 + 73*x10*x15/3125 + 3813*x10*x2/50000 + 2389*x10*x3/100000 + 7483*x10*x4/100000 + 143*x10*x5/6250 + 3401*x10*x6/50000 + 102*x10*x7/3125 + 769*x10*x8/12500 + 6599*x10*x9/100000 - 2527*x10/10000 + 3853*x11**2/1000 + 2909*x11*x12/50000 + 2037*x11*x13/50000 + 1063*x11*x14/25000 + 2389*x11*x15/50000 + 2879*x11*x2/50000 + 593*x11*x3/12500 + 5683*x11*x4/100000 + 6293*x11*x5/100000 + 2409*x11*x6/50000 + 4683*x11*x7/100000 + 6233*x11*x8/100000 + 157*x11*x9/2500 - 659*x11/12500 + 3839*x12**2/1000 + 4863*x12*x13/100000 + 5969*x12*x14/100000 + 1611*x12*x15/50000 + 2043*x12*x2/25000 + 303*x12*x3/12500 + 457*x12*x4/6250 + 3159*x12*x5/100000 + 497*x12*x6/10000 + 551*x12*x7/10000 + 6203*x12*x8/100000 + 6397*x12*x9/100000 - 1263*x12/10000 + 3833*x13**2/1000 + 327*x13*x14/12500 + 3171*x13*x15/100000 + 1287*x13*x2/50000 + 317*x13*x3/10000 + 83*x13*x4/2500 + 1939*x13*x5/50000 + 2509*x13*x6/100000 + 473*x13*x7/20000 + 3847*x13*x8/100000 + 201*x13*x9/6250 - 3697*x13/50000 + 77*x14**2/20 + 3893*x14*x15/100000 + 3777*x14*x2/50000 + 477*x14*x3/20000 + 6677*x14*x4/100000 + 287*x14*x5/12500 + 371*x14*x6/6250 + 3247*x14*x7/100000 + 1539*x14*x8/25000 + 5751*x14*x9/100000 - 553*x14/2500 + 1923*x15**2/500 + 3183*x15*x2/100000 + 3967*x15*x3/100000 + 39*x15*x4/1000 + 2357*x15*x5/50000 + 563*x15*x6/25000 + 623*x15*x7/20000 + 3919*x15*x8/100000 + 4499*x15*x9/100000 + 6301*x15/100000 + 3851*x2**2/1000 + 397*x2*x3/10000 + 813*x2*x4/10000 + 3137*x2*x5/100000 + 8137*x2*x6/100000 + 1617*x2*x7/50000 + 867*x2*x8/12500 + 1293*x2*x9/20000 - 337*x2/2000 + 3843*x3**2/1000 + 3953*x3*x4/100000 + 293*x3*x5/6250 + 233*x3*x6/10000 + 391*x3*x7/12500 + 1947*x3*x8/50000 + 763*x3*x9/20000 + 1061*x3/50000 + 96*x4**2/25 + 6253*x4*x5/100000 + 3303*x4*x6/50000 + 199*x4*x7/5000 + 7683*x4*x8/100000 + 201*x4*x9/3125 - 369*x4/2500 + 3851*x5**2/1000 + 2289*x5*x6/100000 + 4623*x5*x7/100000 + 981*x5*x8/25000 + 5313*x5*x9/100000 + 659*x5/12500 + 3841*x6**2/1000 + 2371*x6*x7/50000 + 5373*x6*x8/100000 + 1633*x6*x9/25000 - 1053*x6/5000 + 96*x7**2/25 + 2309*x7*x8/50000 + 3917*x7*x9/100000 - 4243*x7/100000 + 96*x8**2/25 + 1049*x8*x9/12500 + 4243*x8/100000 + 1923*x9**2/500 - 337*x9/2000 + 5267/1000",
    "Q": "[[5.267277258038499, -0.08302749449897658, 0.019658618438345137, -0.02137193475939589, -0.10540053417152781, 0.026244929976552617, -0.07331025401216325, 0.008519734789349856, -0.08244393885352011, 0.03406455810793212, -0.10908606270864217, -0.03757105710996977, -0.06539217843710955, -0.026813605857681243, -0.12758285174182174, -0.2136348373316541], [-0.08302749449897658, 3.845854168324156, 0.04316704745407396, 0.021239421101580162, 0.0320507210221939, 0.026157303538997357, 0.03240489619086548, 0.019937751661239896, 0.03260170678557998, 0.021202770889598845, 0.027407818837029387, 0.017762429314657987, 0.03365932760662288, 0.030963996474309956, 0.03271051479479948, 0.01506110008846551], [0.019658618438345137, 0.04316704745407396, 3.83998163425612, 0.023990101167733778, 0.027383051121173424, 0.02125023343856019, 0.03906123683371404, 0.01907488331134391, 0.03456563036774504, 0.019496116041317874, 0.030231401271147276, 0.018042762930147848, 0.02999591929623021, 0.031188738849685177, 0.028783928630211546, 0.01727565990871508], [-0.02137193475939589, 0.021239421101580162, 0.023990101167733778, 3.8401207535916972, 0.02544776387040909, 0.02245877233187814, 0.02096875307215153, 0.016775390810408165, 0.017070113487232887, 0.017352160773450823, 0.016200867159081405, 0.012721968700786209, 0.025946734906048142, 0.024280119325892798, 0.017223139600402566, 0.0171990332824329], [-0.10540053417152781, 0.0320507210221939, 0.027383051121173424, 0.02544776387040909, 3.840994043303876, 0.012057418746701612, 0.03392857037624046, 0.01000497262168598, 0.03982447760039009, 0.012934292430879573, 0.030553599185279518, 0.014037822579795666, 0.024358123794956155, 0.025184163511056963, 0.03546487870294393, 0.013017953091298131], [0.026244929976552617, 0.026157303538997357, 0.02125023343856019, 0.02245877233187814, 0.012057418746701612, 3.8506838054552013, 0.032583537835738044, 0.02458849067630327, 0.015787826244823278, 0.024771134736091268, 0.012536004601486706, 0.018672009395524884, 0.017533974989787635, 0.02983346031701639, 0.011465237655732501, 0.01533239768123846], [-0.07331025401216325, 0.03240489619086548, 0.03906123683371404, 0.02096875307215153, 0.03392857037624046, 0.032583537835738044, 3.840606450830437, 0.01821600785833591, 0.04118378945360261, 0.01800375605050024, 0.03206324976442528, 0.015003503545281408, 0.03575569219417936, 0.0288147990524144, 0.037924932064470916, 0.010737759366236317], [0.008519734789349856, 0.019937751661239896, 0.01907488331134391, 0.016775390810408165, 0.01000497262168598, 0.02458849067630327, 0.01821600785833591, 3.8427787962672126, 0.019905054190642604, 0.018273071072185728, 0.010152950627524795, 0.016751354359504474, 0.012448655280387749, 0.022160802032748027, 0.010798957722442019, 0.01437441751813316], [-0.08244393885352011, 0.03260170678557998, 0.03456563036774504, 0.017070113487232887, 0.03982447760039009, 0.015787826244823278, 0.04118378945360261, 0.019905054190642604, 3.8510721698615415, 0.014713626828170146, 0.03739286180896098, 0.013275590685083095, 0.04065885315518951, 0.029841437775600315, 0.039771650083952885, 0.010726907853846125], [0.03406455810793212, 0.021202770889598845, 0.019496116041317874, 0.017352160773450823, 0.012934292430879573, 0.024771134736091268, 0.01800375605050024, 0.018273071072185728, 0.014713626828170146, 3.8455427608252455, 0.018007649641191822, 0.014675341783945963, 0.01589604762321158, 0.025145986056040643, 0.011150679436605948, 0.017207782422958038], [-0.10908606270864217, 0.027407818837029387, 0.030231401271147276, 0.016200867159081405, 0.030553599185279518, 0.012536004601486706, 0.03206324976442528, 0.010152950627524795, 0.03739286180896098, 0.018007649641191822, 3.8494436113659267, 0.013786595792116002, 0.03131513295079387, 0.023009785048490043, 0.035922355246202055, 0.013818538240990462], [-0.03757105710996977, 0.017762429314657987, 0.018042762930147848, 0.012721968700786209, 0.014037822579795666, 0.018672009395524884, 0.015003503545281408, 0.016751354359504474, 0.013275590685083095, 0.014675341783945963, 0.013786595792116002, 3.8323787026504665, 0.026333562754662424, 0.019279441592969515, 0.01135015583473627, 0.01325372287548845], [-0.06539217843710955, 0.03365932760662288, 0.02999591929623021, 0.025946734906048142, 0.024358123794956155, 0.017533974989787635, 0.03575569219417936, 0.012448655280387749, 0.04065885315518951, 0.01589604762321158, 0.03131513295079387, 0.026333562754662424, 3.8386449354271055, 0.02862861944101022, 0.03470318310516888, 0.015525042810178387], [-0.026813605857681243, 0.030963996474309956, 0.031188738849685177, 0.024280119325892798, 0.025184163511056963, 0.02983346031701639, 0.0288147990524144, 0.022160802032748027, 0.029841437775600315, 0.025145986056040643, 0.023009785048490043, 0.019279441592969515, 0.02862861944101022, 3.8534805636683953, 0.03103084214922277, 0.016880247902505325], [-0.12758285174182174, 0.03271051479479948, 0.028783928630211546, 0.017223139600402566, 0.03546487870294393, 0.011465237655732501, 0.037924932064470916, 0.010798957722442019, 0.039771650083952885, 0.011150679436605948, 0.035922355246202055, 0.01135015583473627, 0.03470318310516888, 0.03103084214922277, 3.85649646353509, 0.009316687073257944], [-0.2136348373316541, 0.01506110008846551, 0.01727565990871508, 0.0171990332824329, 0.013017953091298131, 0.01533239768123846, 0.010737759366236317, 0.01437441751813316, 0.010726907853846125, 0.017207782422958038, 0.013818538240990462, 0.01325372287548845, 0.015525042810178387, 0.016880247902505325, 0.009316687073257944, 4.864263038441874]]",
    "monomial_list": "[1, x9, x8, x7, x6, x5, x4, x3, x2, x15, x14, x13, x12, x11, x10, x1]"
}