{
    "name": "Multiplier-15",
    "rational_expression": "1907*x1**2/500 - 819*x1*x10/200000 + 67*x1*x11/12500 + 4593*x1*x12/1000000 + 1059*x1*x13/100000 + 49*x1*x14/4000 + 729*x1*x15/50000 - 3011*x1*x2/1000000 + 2223*x1*x3/1000000 - 1037*x1*x4/500000 + 701*x1*x5/500000 + 1381*x1*x6/250000 + 8333*x1*x7/1000000 - 479*x1*x8/50000 + 1409*x1*x9/100000 - 1251*x1/10000 + 189*x10**2/50 - 257*x10*x11/3125 - 7267*x10*x12/100000 - 3143*x10*x13/100000 - 3379*x10*x14/50000 - 2651*x10*x15/100000 - 5937*x10*x2/100000 - 2547*x10*x3/50000 - 143*x10*x4/2000 - 5663*x10*x5/100000 - 3301*x10*x6/50000 - 7019*x10*x7/100000 - 3417*x10*x8/50000 - 7333*x10*x9/100000 + 4759*x10/10000 + 1883*x11**2/500 - 8523*x11*x12/100000 - 5603*x11*x13/100000 - 5819*x11*x14/100000 - 1931*x11*x15/50000 - 2009*x11*x2/25000 - 6133*x11*x3/100000 - 1539*x11*x4/20000 - 7521*x11*x5/100000 - 7959*x11*x6/100000 - 233*x11*x7/3125 - 1121*x11*x8/12500 - 99*x11*x9/1250 + 3881*x11/10000 + 943*x12**2/250 - 4229*x12*x13/50000 - 87*x12*x14/1250 - 461*x12*x15/12500 - 4603*x12*x2/50000 - 5199*x12*x3/100000 - 8117*x12*x4/100000 - 7311*x12*x5/100000 - 213*x12*x6/4000 - 591*x12*x7/6250 - 4309*x12*x8/50000 - 9119*x12*x9/100000 + 1079*x12/2500 + 1883*x13**2/500 - 1653*x13*x14/50000 - 293*x13*x15/10000 - 3263*x13*x2/100000 - 6437*x13*x3/100000 - 5021*x13*x4/100000 - 5683*x13*x5/100000 - 1041*x13*x6/20000 - 3383*x13*x7/100000 - 459*x13*x8/10000 - 5569*x13*x9/100000 + 907*x13/5000 + 189*x14**2/50 - 1791*x14*x15/100000 - 7623*x14*x2/100000 - 1871*x14*x3/50000 - 6569*x14*x4/100000 - 4283*x14*x5/100000 - 6753*x14*x6/100000 - 6361*x14*x7/100000 - 8497*x14*x8/100000 - 5949*x14*x9/100000 + 571*x14/1250 + 97*x15**2/20 - 39*x15*x2/1250 - 3349*x15*x3/100000 - 833*x15*x4/25000 - 4057*x15*x5/100000 - 533*x15*x6/20000 - 3997*x15*x7/100000 - 3569*x15*x8/100000 - 3807*x15*x9/100000 + 2189*x15/10000 + 151*x2**2/40 - 6573*x2*x3/100000 - 4323*x2*x4/50000 - 611*x2*x5/12500 - 8863*x2*x6/100000 - 1377*x2*x7/25000 - 3409*x2*x8/50000 - 4039*x2*x9/50000 + 4759*x2/10000 + 3759*x3**2/1000 - 6003*x3*x4/100000 - 1521*x3*x5/20000 - 148*x3*x6/3125 - 6101*x3*x7/100000 - 6407*x3*x8/100000 - 6713*x3*x9/100000 + 463*x3/2000 + 472*x4**2/125 - 551*x4*x5/5000 - 3397*x4*x6/50000 - 2167*x4*x7/25000 - 1087*x4*x8/10000 - 7591*x4*x9/100000 + 4377*x4/10000 + 1877*x5**2/500 - 6607*x5*x6/100000 - 3299*x5*x7/50000 - 6057*x5*x8/100000 - 7921*x5*x9/100000 + 1377*x5/5000 + 151*x6**2/40 - 253*x6*x7/2500 - 4247*x6*x8/50000 - 1649*x6*x9/20000 + 4507*x6/10000 + 1883*x7**2/500 - 7193*x7*x8/100000 - 237*x7*x9/3125 + 1627*x7/5000 + 3773*x8**2/1000 - 299*x8*x9/2500 + 571*x8/1250 + 377*x9**2/100 + 2097*x9/5000 + 3129/1000",
    "Q": "[[3.128892310945826, 0.21110606987269118, 0.22883107684372936, 0.16265505665321914, 0.2265533578054672, 0.13882828556080629, 0.21996861445700241, 0.11657261747682053, 0.2364633673665938, 0.11090081682405271, 0.22889083860432202, 0.09052143136012815, 0.21649312352425454, 0.19409145034753586, 0.2368727956827366, -0.06342874058458416], [0.21110606987269118, 3.769858683864864, -0.05847742128708433, -0.039425163787996514, -0.04071779870233493, -0.03957346840567033, -0.03907354077740806, -0.03199774256197089, -0.040205241091906034, -0.017465883523731646, -0.031237524439223282, -0.026988441505171074, -0.04482153095735785, -0.04084608508977256, -0.038302728302616544, 0.00551749056958103], [0.22883107684372936, -0.05847742128708433, 3.773310686175606, -0.03447095988380579, -0.043433461587606116, -0.02908408451914894, -0.0541783911433349, -0.03270737293783083, -0.03545008052786471, -0.017912510921172426, -0.04114376697986316, -0.02095897454329942, -0.044838978332373734, -0.04383787911174363, -0.034389550415909104, -0.005160754827047663], [0.16265505665321914, -0.039425163787996514, -0.03447095988380579, 3.7659679035979194, -0.04891404310605615, -0.032339036687453825, -0.04184504382422467, -0.02948769914814153, -0.029091926428435798, -0.019641137629599185, -0.030227044028346473, -0.017297120340059133, -0.04914533965149538, -0.038697757070245815, -0.035307793473451705, 0.003214070223572078], [0.2265533578054672, -0.04071779870233493, -0.043433461587606116, -0.04891404310605615, 3.7750180105025106, -0.032222445485621025, -0.035072752792904935, -0.022846621223276267, -0.04322111053901967, -0.014545419353359157, -0.03225006579746837, -0.02501695385777313, -0.02735166171933512, -0.03965819807225534, -0.03346205720071043, 0.0019608574334342484], [0.13882828556080629, -0.03957346840567033, -0.02908408451914894, -0.032339036687453825, -0.032222445485621025, 3.7546589140626696, -0.05345024322200806, -0.03683880570090561, -0.025413257140841423, -0.018866406044370718, -0.02191743502716148, -0.028437430339874947, -0.03671357484825408, -0.038769053272587575, -0.02807050606893217, 0.0014959548719826602], [0.21996861445700241, -0.03907354077740806, -0.0541783911433349, -0.04184504382422467, -0.035072752792904935, -0.05345024322200806, 3.7763194268591, -0.030155556245121104, -0.04489587637022605, -0.018175667196045034, -0.03310106560227774, -0.024187706459985553, -0.03908495092597696, -0.03985123767658078, -0.03599562172349762, 0.0007197304650774483], [0.11657261747682053, -0.03199774256197089, -0.03270737293783083, -0.02948769914814153, -0.022846621223276267, -0.03683880570090561, -0.030155556245121104, 3.7587991658083264, -0.03374661008602459, -0.01653596525943272, -0.01818023878124073, -0.03048358604303476, -0.024731205043112783, -0.031111007525847677, -0.02653864721087946, 0.0026970990049643854], [0.2364633673665938, -0.040205241091906034, -0.03545008052786471, -0.029091926428435798, -0.04322111053901967, -0.025413257140841423, -0.04489587637022605, -0.03374661008602459, 3.7752973192470285, -0.015264225235265575, -0.036956563991560956, -0.01550610479805566, -0.04618034995127648, -0.04022505496176193, -0.02895580023010992, -0.002042803803269899], [0.11090081682405271, -0.017465883523731646, -0.017912510921172426, -0.019641137629599185, -0.014545419353359157, -0.018866406044370718, -0.018175667196045034, -0.01653596525943272, -0.015264225235265575, 4.849911621927939, -0.006405741461087461, -0.016548197457982514, -0.018246096780188, -0.017105985226816285, -0.01349350636259368, 0.008584323146547985], [0.22889083860432202, -0.031237524439223282, -0.04114376697986316, -0.030227044028346473, -0.03225006579746837, -0.02191743502716148, -0.03310106560227774, -0.01818023878124073, -0.036956563991560956, -0.006405741461087461, 3.7797898605129117, -0.017783909699401895, -0.03536179116840176, -0.02874481691719806, -0.03346693259174969, 0.004489464189949784], [0.09052143136012815, -0.026988441505171074, -0.02095897454329942, -0.017297120340059133, -0.02501695385777313, -0.028437430339874947, -0.024187706459985553, -0.03048358604303476, -0.01550610479805566, -0.016548197457982514, -0.017783909699401895, 3.765750634777686, -0.041098022279155204, -0.028020482821180286, -0.01759796948170684, 0.004710710508002837], [0.21649312352425454, -0.04482153095735785, -0.044838978332373734, -0.04914533965149538, -0.02735166171933512, -0.03671357484825408, -0.03908495092597696, -0.024731205043112783, -0.04618034995127648, -0.018246096780188, -0.03536179116840176, -0.041098022279155204, 3.772134760995808, -0.04323377482563548, -0.035537548797477406, 0.0009306113324593809], [0.19409145034753586, -0.04084608508977256, -0.04383787911174363, -0.038697757070245815, -0.03965819807225534, -0.038769053272587575, -0.03985123767658078, -0.031111007525847677, -0.04022505496176193, -0.017105985226816285, -0.02874481691719806, -0.028020482821180286, -0.04323377482563548, 3.766809330059936, -0.04245057437071687, 0.003964028703278516], [0.2368727956827366, -0.038302728302616544, -0.034389550415909104, -0.035307793473451705, -0.03346205720071043, -0.02807050606893217, -0.03599562172349762, -0.02653864721087946, -0.02895580023010992, -0.01349350636259368, -0.03346693259174969, -0.01759796948170684, -0.035537548797477406, -0.04245057437071687, 3.7799807725977312, -0.0010912519103939515], [-0.06342874058458416, 0.00551749056958103, -0.005160754827047663, 0.003214070223572078, 0.0019608574334342484, 0.0014959548719826602, 0.0007197304650774483, 0.0026970990049643854, -0.002042803803269899, 0.008584323146547985, 0.004489464189949784, 0.004710710508002837, 0.0009306113324593809, 0.003964028703278516, -0.0010912519103939515, 3.8143727098176]]",
    "monomial_list": "[1, x9, x8, x7, x6, x5, x4, x3, x2, x15, x14, x13, x12, x11, x10, x1]"
}