{
    "name": "Multiplier-8",
    "rational_expression": "476*x1**2/125 + 417*x1*x10/200000 + 47*x1*x11/100000 - 2979*x1*x12/1000000 + 4933*x1*x13/1000000 + 1271*x1*x14/100000 - 1711*x1*x15/100000 - 873*x1*x2/200000 - 6633*x1*x3/10000000 + 2233*x1*x4/100000 - 9319*x1*x5/1000000 + 4061*x1*x6/1000000 - 4597*x1*x7/500000 - 501*x1*x8/50000 + 1699*x1*x9/50000 - 102*x1/625 + 379*x10**2/100 - 281*x10*x11/100000 + 273*x10*x12/25000 + 331*x10*x13/10000 + 1901*x10*x14/100000 + 2579*x10*x15/100000 - 5281*x10*x2/1000000 + 173*x10*x3/5000 + 237*x10*x4/50000 + 553*x10*x5/50000 + 1801*x10*x6/100000 + 3433*x10*x7/100000 - 4723*x10*x8/10000000 + 4551*x10*x9/100000 - 1061*x10/10000 + 473*x11**2/125 + 27*x11*x12/2500 - 1111*x11*x13/100000 + 2661*x11*x14/100000 - 879*x11*x15/50000 + 1843*x11*x2/250000 + 1567*x11*x3/5000000 + 3837*x11*x4/100000 - 3127*x11*x5/100000 + 2439*x11*x6/100000 - 8659*x11*x7/1000000 - 751*x11*x8/25000 + 2553*x11*x9/100000 - 939*x11/2500 + 381*x12**2/100 - 627*x12*x13/20000 + 301*x12*x14/10000 + 1509*x12*x15/100000 - 327*x12*x2/12500 + 1183*x12*x3/25000 + 1729*x12*x4/100000 + 413*x12*x5/50000 + 3349*x12*x6/50000 - 6773*x12*x7/1000000 - 511*x12*x8/50000 + 961*x12*x9/25000 - 2287*x12/10000 + 3779*x13**2/1000 + 91*x13*x14/6250 - 1427*x13*x15/100000 + 2727*x13*x2/100000 - 699*x13*x3/25000 + 1253*x13*x4/50000 - 2891*x13*x5/100000 + 133*x13*x6/10000 - 321*x13*x7/50000 - 503*x13*x8/25000 + 6847*x13*x9/10000000 - 1183*x13/5000 + 951*x14**2/250 + 4873*x14*x15/10000000 + 1261*x14*x2/100000 + 4037*x14*x3/100000 + 61*x14*x4/1250 + 1601*x14*x5/100000 + 3677*x14*x6/100000 + 3161*x14*x7/100000 - 4749*x14*x8/5000000 + 7037*x14*x9/100000 - 2449*x14/10000 + 189*x15**2/50 + 64*x15*x2/3125 - 1143*x15*x3/100000 + 93*x15*x4/5000 - 173*x15*x5/6250 + 543*x15*x6/25000 - 2599*x15*x7/500000 - 2019*x15*x8/100000 - 2273*x15*x9/500000 - 539*x15/2000 + 3789*x2**2/1000 - 109*x2*x3/100000 - 159*x2*x4/10000 - 897*x2*x5/500000 - 939*x2*x6/50000 + 877*x2*x7/20000 - 207*x2*x8/20000 + 131*x2*x9/3125 - 102*x2/625 + 1891*x3**2/500 + 1819*x3*x4/50000 - 2571*x3*x5/100000 + 2299*x3*x6/50000 - 21*x3*x7/2000 - 409*x3*x8/20000 + 111*x3*x9/5000 - 3263*x3/10000 + 3833*x4**2/1000 - 2837*x4*x5/50000 + 3103*x4*x6/100000 + 681*x4*x7/25000 - 1041*x4*x8/50000 + 57*x4*x9/500 - 3263*x4/10000 + 3769*x5**2/1000 + 291*x5*x6/20000 - 973*x5*x7/50000 - 793*x5*x8/20000 - 1289*x5*x9/50000 - 2939*x5/10000 + 3809*x6**2/1000 - 8021*x6*x7/1000000 - 463*x6*x8/625000 + 5161*x6*x9/100000 - 979*x6/5000 + 757*x7**2/200 - 407*x7*x8/20000 + 261*x7*x9/20000 - 3019*x7/10000 + 967*x8**2/200 - 203*x8*x9/6250 + 2441*x8/100000 + 769*x9**2/200 - 111*x9/200 + 4081/1000",
    "Q": "[[4.081464392536635, -0.2777293013313673, 0.014264745157431612, -0.1511356426938106, -0.09849823175905328, -0.14576633091584662, -0.16381233971265782, -0.1619341451766482, -0.08258512381184581, -0.13330716103968746, -0.12427380426367056, -0.11792942401472202, -0.11270104151323038, -0.18910534972321377, -0.05143702548557407, -0.08340800170849594], [-0.2777293013313673, 3.844463224314431, -0.015078822638306628, 0.008059639576617995, 0.025219924106155145, -0.013265732589656291, 0.05631577644996127, 0.011558891522342565, 0.020582202312059705, -0.0021182158643808955, 0.03605305329539999, 0.0005725865624054644, 0.01897461651677916, 0.012708739126226375, 0.022677439223927783, 0.017788975583695004], [0.014264745157431612, -0.015078822638306628, 4.835241342449145, -0.01003978011428073, -0.0023184792483115983, -0.0194368156868114, -0.009872579342411583, -0.011165799726026507, -0.005961919615055803, -0.010705698098015701, -0.002709801577090793, -0.010827250020020406, -0.0048662567869205585, -0.012986149342777057, -0.0013088565267841176, -0.004333353815696208], [-0.1511356426938106, 0.008059639576617995, -0.01003978011428073, 3.7847969381547655, -0.0041290580507069375, -0.011386018608207833, 0.013231796157745876, -0.005674523432302397, 0.020285445748359446, -0.0025487910589690604, 0.015119148722322603, -0.001816267301114668, -0.0030212435480640046, -0.0038565386911113674, 0.01603286640031678, -0.003083057705450951], [-0.09849823175905328, 0.025219924106155145, -0.0023184792483115983, -0.0041290580507069375, 3.8097231009356625, 0.007206666132944639, 0.01648776079267329, 0.023008172513898615, -0.008679799885251954, 0.009738006548815488, 0.019168885443787264, 0.00757501074349344, 0.033569705470030554, 0.010516973276504278, 0.009582882792413264, 0.0028910698795476474], [-0.14576633091584662, -0.013265732589656291, -0.0194368156868114, -0.011386018608207833, 0.007206666132944639, 3.7680928504781077, -0.026482363410862287, -0.014498451331984036, 0.0001296341690533717, -0.01372532517524704, 0.007549126014418205, -0.015394192425198829, 0.002248997071339481, -0.015573389522872239, 0.004469654118379426, -0.005453551028286537], [-0.16381233971265782, 0.05631577644996127, -0.009872579342411583, 0.013231796157745876, 0.01648776079267329, -0.026482363410862287, 3.8334207177738078, 0.019894406057926833, -0.009391020215809313, 0.008427846985230143, 0.023280651981808047, 0.013363675891898321, 0.008416003962642346, 0.01775600508107068, 0.002641831824797152, 0.01045270017076205], [-0.1619341451766482, 0.011558891522342565, -0.011165799726026507, -0.005674523432302397, 0.023008172513898615, -0.014498451331984036, 0.019894406057926833, 3.7815578215660586, 0.0011552847733380975, -0.007089345227588362, 0.019460685706062773, -0.012998489751213212, 0.021711738813925508, -0.0009636137065397398, 0.018565650179866555, 0.0005038577182284513], [-0.08258512381184581, 0.020582202312059705, -0.005961919615055803, 0.020285445748359446, -0.008679799885251954, 0.0001296341690533717, -0.009391020215809313, 0.0011552847733380975, 3.7889366567846285, 0.011023915378914525, 0.004475334981894286, 0.014260486542923494, -0.013169774448578477, 0.0018846987141253057, -0.003883596546391583, -0.002724321750034345], [-0.13330716103968746, -0.0021182158643808955, -0.010705698098015701, -0.0025487910589690604, 0.009738006548815488, -0.01372532517524704, 0.008427846985230143, -0.007089345227588362, 0.011023915378914525, 3.7793965778209313, 0.0016106095406557088, -0.007330122325231932, 0.008745951357253997, -0.008223263237062467, 0.013786509362118959, -0.007808556684520236], [-0.12427380426367056, 0.03605305329539999, -0.002709801577090793, 0.015119148722322603, 0.019168885443787264, 0.007549126014418205, 0.023280651981808047, 0.019460685706062773, 0.004475334981894286, 0.0016106095406557088, 3.8043807705227195, 0.00858600235109669, 0.014580517081341648, 0.014871373496404121, 0.011269167241100084, 0.004624656446497074], [-0.11792942401472202, 0.0005725865624054644, -0.010827250020020406, -0.001816267301114668, 0.00757501074349344, -0.015394192425198829, 0.013363675891898321, -0.012998489751213212, 0.014260486542923494, -0.007330122325231932, 0.00858600235109669, 3.7789170577984628, -0.013875482946961034, -0.007385795621415252, 0.016855305891172026, 0.000846113921523382], [-0.11270104151323038, 0.01897461651677916, -0.0048662567869205585, -0.0030212435480640046, 0.033569705470030554, 0.002248997071339481, 0.008416003962642346, 0.021711738813925508, -0.013169774448578477, 0.008745951357253997, 0.014580517081341648, -0.013875482946961034, 3.8092274291035615, 0.007012366337743116, 0.005275504693279831, -0.001968432826290199], [-0.18910534972321377, 0.012708739126226375, -0.012986149342777057, -0.0038565386911113674, 0.010516973276504278, -0.015573389522872239, 0.01775600508107068, -0.0009636137065397398, 0.0018846987141253057, -0.008223263237062467, 0.014871373496404121, -0.007385795621415252, 0.007012366337743116, 3.7844588805742774, -6.561050430507526e-05, 0.000637359644380911], [-0.05143702548557407, 0.022677439223927783, -0.0013088565267841176, 0.01603286640031678, 0.009582882792413264, 0.004469654118379426, 0.002641831824797152, 0.018565650179866555, -0.003883596546391583, 0.013786509362118959, 0.011269167241100084, 0.016855305891172026, 0.005275504693279831, -6.561050430507526e-05, 3.7899488942165256, 0.0010199004031727318], [-0.08340800170849594, 0.017788975583695004, -0.004333353815696208, -0.003083057705450951, 0.0028910698795476474, -0.005453551028286537, 0.01045270017076205, 0.0005038577182284513, -0.002724321750034345, -0.007808556684520236, 0.004624656446497074, 0.000846113921523382, -0.001968432826290199, 0.000637359644380911, 0.0010199004031727318, 3.8077885132704528]]",
    "monomial_list": "[1, x9, x8, x7, x6, x5, x4, x3, x2, x15, x14, x13, x12, x11, x10, x1]"
}