{
    "name": "Total Decomposition",
    "rational_expression": "271*x1**4/625 + 1883*x1**3*x2/1000000 - 299*x1**3*x3/10000 - 2613*x1**3/5000 + 3869*x1**2*x2**2/10000 - 1257*x1**2*x2*x3/25000 - 107*x1**2*x2/1000 + 691*x1**2*x3**2/2000 - 373*x1**2*x3/2000 + 951*x1**2/500 + 7293*x1*x2**3/100000 - 6207*x1*x2**2*x3/100000 - 241*x1*x2**2/400 - 1417*x1*x2*x3**2/50000 - 991*x1*x2*x3/5000 + 149*x1*x2/62500 + 7503*x1*x3**3/1000000 - 577*x1*x3**2/1000 - 9*x1*x3/125 - 254*x1/625 + 3989*x2**4/50000 - 9319*x2**3*x3/100000 - 267*x2**3/2000 - 2047*x2**2*x3**2/50000 - 122*x2**2*x3/625 + 1903*x2**2/1000 + 5731*x2*x3**3/100000 - 197*x2*x3**2/1000 - 1239*x2*x3/10000 + 91*x2/250 + 1929*x3**4/50000 - 1899*x3**3/10000 + 2399*x3**2/1000 + 3537*x3/100000 + 1767/1000",
    "Q": "[[1.7669565743844804, 0.016971933761667033, 0.18224006720716585, -0.20311649355385894, -0.016497712259716503, -0.05703862853945984, -0.09638661514294794, 0.03785608708092677, -0.024743262117070067, 0.42788920874002706], [0.016971933761667033, 2.4313331147966895, -0.005673833907935468, 0.06051633052326023, -0.09462087098900217, -0.09552042616005203, -0.28771611814085796, -0.013212391216051198, -0.05743789812896121, -0.06098939770880078], [0.18224006720716585, -0.005673833907935468, 1.8291485317287814, 0.025699089440678672, -0.002950355009218357, -0.08254609262463272, -0.04425978904504197, -0.06586486301991355, -0.2945837810590436, -0.005590406552449275], [-0.20311649355385894, 0.06051633052326023, 0.025699089440678672, 1.0465718804625603, -0.0003445684634612556, 0.0026647436640762296, -0.03159234556847969, -0.007044746794797128, -0.04747557342030171, -0.2610690844580648], [-0.016497712259716503, -0.09462087098900217, -0.002950355009218357, -0.0003445684634612556, 0.03840820100238761, 0.028555413294391204, 0.0037522184960002104, -0.044423852672877934, -0.0215056231087905, 0.0028560054343686457], [-0.05703862853945984, -0.09552042616005203, -0.08254609262463272, 0.0026647436640762296, 0.028555413294391204, 0.04807682451936696, 0.007450412112811941, -0.04654058072922447, -0.02412931824701687, -0.011535434011837254], [-0.09638661514294794, -0.28771611814085796, -0.04425978904504197, -0.03159234556847969, 0.0037522184960002104, 0.007450412112811941, 0.33969640439085663, -0.007262246950366025, -0.013956623153372675, -0.014766530665497267], [0.03785608708092677, -0.013212391216051198, -0.06586486301991355, -0.007044746794797128, -0.044423852672877934, -0.04654058072922447, -0.007262246950366025, 0.07942046789929828, 0.03595141370656962, 0.009972203077865198], [-0.024743262117070067, -0.05743789812896121, -0.2945837810590436, -0.04747557342030171, -0.0215056231087905, -0.02412931824701687, -0.013956623153372675, 0.03595141370656962, 0.367258404422604, 0.0009968796376889418], [0.42788920874002706, -0.06098939770880078, -0.005590406552449275, -0.2610690844580648, 0.0028560054343686457, -0.011535434011837254, -0.014766530665497267, 0.009972203077865198, 0.0009968796376889418, 0.4335251999565037]]",
    "monomial_list": "[1, x3, x2, x1, x3**2, x2*x3, x1*x3, x2**2, x1*x2, x1**2]"
}