{
    "name": "Total Decomposition",
    "rational_expression": "4699*x1**4/10000 - 227*x1**3*x2/100000 - 1597*x1**3*x3/50000 - 2837*x1**3/5000 + 1029*x1**2*x2**2/2500 - 5589*x1**2*x2*x3/100000 - 301*x1**2*x2/2500 + 3761*x1**2*x3**2/10000 - 2019*x1**2*x3/10000 + 1041*x1**2/500 + 287*x1*x2**3/4000 - 7339*x1*x2**2*x3/100000 - 6561*x1*x2**2/10000 - 1417*x1*x2*x3**2/50000 - 949*x1*x2*x3/5000 - 309*x1*x2/200000 + 1353*x1*x3**3/100000 - 1561*x1*x3**2/2500 - 5573*x1*x3/100000 - 899*x1/2000 + 939*x2**4/12500 - 9203*x2**3*x3/100000 - 1601*x2**3/10000 - 193*x2**2*x3**2/5000 - 1093*x2**2*x3/5000 + 2143*x2**2/1000 + 789*x2*x3**3/12500 - 1099*x2*x3**2/5000 - 2757*x2*x3/50000 + 4303*x2/10000 + 4309*x3**4/100000 - 1029*x3**3/5000 + 2617*x3**2/1000 + 619*x3/20000 + 1921/1000",
    "Q": "[[1.9213195693781342, 0.015809540955096124, 0.215805431770591, -0.22486816511935465, -0.010370157127222083, -0.05486244451427974, -0.10034225535490886, 0.025535859559693695, -0.0388909215319269, 0.4694007813605881], [0.015809540955096124, 2.6364357452332112, 0.02793697685154963, 0.07070766265837747, -0.10383096976947326, -0.10690793749846116, -0.30937954100741627, -0.013179348186440589, -0.05170570428874169, -0.0666684423214074], [0.215805431770591, 0.02793697685154963, 2.0939880693283826, 0.036835124030414494, -0.003564330572638704, -0.09560602436359412, -0.04640399056451596, -0.07973114358328248, -0.3233398041716814, -0.009925461999769689], [-0.22486816511935465, 0.07070766265837747, 0.036835124030414494, 1.1437361337723548, -0.002869081741402157, 0.0008676344009393366, -0.033546953997373154, -0.005157498715592297, -0.04920381197538457, -0.2840232972594735], [-0.010370157127222083, -0.10383096976947326, -0.003564330572638704, -0.002869081741402157, 0.04338459078176618, 0.03177310337823724, 0.006889554306411431, -0.04570175824320293, -0.02321175559679452, 0.0047370802525689235], [-0.05486244451427974, -0.10690793749846116, -0.09560602436359412, 0.0008676344009393366, 0.03177310337823724, 0.05224512745763891, 0.009019744668589949, -0.04611641868299634, -0.026767943246121792, -0.011181096303613105], [-0.10034225535490886, -0.30937954100741627, -0.04640399056451596, -0.033546953997373154, 0.006889554306411431, 0.009019744668589949, 0.3666767912452092, -0.009793035925755063, -0.01610305558662526, -0.01609900104294706], [0.025535859559693695, -0.013179348186440589, -0.07973114358328248, -0.005157498715592297, -0.04570175824320293, -0.04611641868299634, -0.009793035925755063, 0.07531655959608807, 0.035751099409903786, 0.008566502459072723], [-0.0388909215319269, -0.05170570428874169, -0.3233398041716814, -0.04920381197538457, -0.02321175559679452, -0.026767943246121792, -0.01610305558662526, 0.035751099409903786, 0.39545605183778115, -0.0015485255910759842], [0.4694007813605881, -0.0666684423214074, -0.009925461999769689, -0.2840232972594735, 0.0047370802525689235, -0.011181096303613105, -0.01609900104294706, 0.008566502459072723, -0.0015485255910759842, 0.47051274571556173]]",
    "monomial_list": "[1, x3, x2, x1, x3**2, x2*x3, x1*x3, x2**2, x1*x2, x1**2]"
}