{
    "name": "Total Decomposition",
    "rational_expression": "953*x1**4/10000 - 431*x1**3*x2/1000 - 241*x1**3/1000 + 27*x1**2*x2**2/25 + 317*x1**2*x2/5000 + 363*x1**2/1000 - 891*x1*x2**3/10000 - 79*x1*x2**2/250 + 79*x1*x2/125 - 217*x1/5000 + 569*x2**4/10000 + 221*x2**3/1000 + 317*x2**2/1000 - 159*x2/1000 + 7/20",
    "Q": "[[0.3495523076029936, -0.07934303527704722, -0.021579979052402578, -0.04213863023603353, 0.23261692887611765, -0.053545899122104196], [-0.07934303527704722, 0.40161059213285416, 0.08305945770446264, 0.11054923950979256, -0.17120076391851793, -0.0016453766823998537], [-0.021579979052402578, 0.08305945770446264, 0.4698734263057011, 0.013007354256859385, 0.033651069162471264, -0.12045403170228405], [-0.04213863023603353, 0.11054923950979256, 0.013007354256859385, 0.05722251862059571, -0.04421661347827956, 0.0007616111356533264], [0.23261692887611765, -0.17120076391851793, 0.033651069162471264, -0.04421661347827956, 1.0735981746211198, -0.21583271154967143], [-0.053545899122104196, -0.0016453766823998537, -0.12045403170228405, 0.0007616111356533264, -0.21583271154967143, 0.0953798248900727]]",
    "monomial_list": "[1, x2, x1, x2**2, x1*x2, x1**2]"
}