{
    "name": "Total Decomposition",
    "rational_expression": "11*x1**4/2000 + 527*x1**3*x2/1000000 - 151*x1**3/100000 - 21*x1**2*x2**2/1250 + 133*x1**2*x2/20000 + 703*x1**2/10000 + 207*x1*x2**3/100000 + 683*x1*x2**2/1000000 + 763*x1*x2/100000 - 157*x1/100000 + 117*x2**4/2500 - 69*x2**3/1000 + 641*x2**2/10000 + 19*x2/1250 + 131/1000",
    "Q": "[[0.13114174507230814, 0.007543426849301599, -0.0007905295557239918, -0.017681362304036673, 3.025865542592771e-05, 0.0026672988338645805], [0.007543426849301599, 0.0995579885900383, 0.003783339687759802, -0.034483872857554373, -0.0007595665114874981, 0.007833849211929875], [-0.0007905295557239918, 0.003783339687759802, 0.0651133868086552, 0.001152144227409096, -0.004469015588154993, -0.0007493032079871191], [-0.017681362304036673, -0.034483872857554373, 0.001152144227409096, 0.04721441884805817, 0.0010327218638516826, -0.012721871122475406], [3.025865542592771e-05, -0.0007595665114874981, -0.004469015588154993, 0.0010327218638516826, 0.008375015537149252, 0.000259554457802931], [0.0026672988338645805, 0.007833849211929875, -0.0007493032079871191, -0.012721871122475406, 0.000259554457802931, 0.005989709371527996]]",
    "monomial_list": "[1, x2, x1, x2**2, x1*x2, x1**2]"
}