{
    "name": "Total Decomposition",
    "rational_expression": "73*x1**4/12500 + 37*x1**3*x2/50000 + 139*x1**3/100000 - 181*x1**2*x2**2/10000 + 521*x1**2*x2/100000 + 19*x1**2/250 - 79*x1*x2**3/50000 - 41*x1*x2**2/12500 + 477*x1*x2/50000 + 141*x1/100000 + 403*x2**4/10000 - 169*x2**3/2500 + 713*x2**2/10000 + 43*x2/2500 + 141/1000",
    "Q": "[[0.14053709123702202, 0.008558272989168645, 0.0006429824176371284, -0.016638299182743076, 0.0006054101097648899, 0.0029294646694215084], [0.008558272989168645, 0.1042485992659371, 0.004203568164823858, -0.03373115756527368, 0.00024093362292304372, 0.008417030228696791], [0.0006429824176371284, 0.004203568164823858, 0.07033794824842207, -0.0018614413384286238, -0.005832804475528291, 0.0007027326788060973], [-0.016638299182743076, -0.03373115756527368, -0.0018614413384286238, 0.04050972036104437, -0.0007982319593135575, -0.012334132022575483], [0.0006054101097648899, 0.00024093362292304372, -0.005832804475528291, -0.0007982319593135575, 0.006974786063903869, 0.00038413948084264215], [0.0029294646694215084, 0.008417030228696791, 0.0007027326788060973, -0.012334132022575483, 0.00038413948084264215, 0.0059749968002732416]]",
    "monomial_list": "[1, x2, x1, x2**2, x1*x2, x1**2]"
}