{
    "name": "Total Decomposition",
    "rational_expression": "6187*x1**4/1000 + 2573*x1**3*x2/5000 - 297*x1**3*x3/25000 + 7567*x1**3/10000 + 1063*x1**2*x2**2/100 + 1817*x1**2*x2*x3/2000 + 1689*x1**2*x2/2500 + 101*x1**2*x3**2/10 - 2179*x1**2*x3/100000 + 2091*x1**2/250 + 3057*x1*x2**3/5000 + 1161*x1*x2**2*x3/5000 + 97*x1*x2**2/250 + 9387*x1*x2*x3**2/10000 - 661*x1*x2*x3/5000 + 3319*x1*x2/5000 - 3351*x1*x3**3/50000 + 4857*x1*x3**2/10000 - 697*x1*x3/500 - 517*x1/1000 + 6593*x2**4/1000 + 1497*x2**3*x3/2500 + 4587*x2**3/10000 + 261*x2**2*x3**2/25 - 2217*x2**2*x3/10000 + 3677*x2**2/500 + 4227*x2*x3**3/10000 + 823*x2*x3**2/1000 + 4661*x2*x3/10000 + 729*x2/1000 + 6053*x3**4/1000 + 1019*x3**3/2000 + 163*x3**2/20 - 69*x3/100 + 51/125",
    "Q": "[[0.40791537589557425, -0.34514964346670113, 0.36423922765114164, -0.2587384755075824, 0.16203968605342095, 0.014448372107371366, -0.0643028927517603, 0.15437931130001575, 0.02762745935655948, 0.1682764452196151], [-0.34514964346670113, 7.826328247518725, 0.22297127231790365, -0.6301519635017575, 0.2541346226860007, 0.2616230062307533, 0.14804324734913615, -0.06511566227508002, -0.03128941459603079, -0.028773505530066013], [0.36423922765114164, 0.22297127231790365, 7.045353557968032, 0.30259391120256707, 0.1513333086479835, -0.04641399640061321, -0.012520990826617857, 0.22941667801329962, 0.0889131337789028, 0.12737605476351793], [-0.2587384755075824, -0.6301519635017575, 0.30259391120256707, 8.026319635626441, 0.09609402373346637, -0.027702917308027066, 0.019049736869156942, 0.09948196427456014, 0.21176647287379644, 0.3784773093540722], [0.16203968605342095, 0.2541346226860007, 0.1513333086479835, 0.09609402373346637, 6.052870501141609, 0.21344299614980508, -0.0345863266862101, 0.9636329935340034, 0.21257288448987843, 0.875305412199514], [0.014448372107371366, 0.2616230062307533, -0.04641399640061321, -0.027702917308027066, 0.21344299614980508, 8.513941519616347, 0.2523614785875508, 0.29566136734290666, 0.08002456522907661, 0.2121353223510222], [-0.0643028927517603, 0.14804324734913615, -0.012520990826617857, 0.019049736869156942, -0.0345863266862101, 0.2523614785875508, 8.347266454734854, 0.029185591473891395, 0.24207211922911037, -0.005896794346061227], [0.15437931130001575, -0.06511566227508002, 0.22941667801329962, 0.09948196427456014, 0.9636329935340034, 0.29566136734290666, 0.029185591473891395, 6.592486579313085, 0.30450520919482277, 1.0210283094831345], [0.02762745935655948, -0.03128941459603079, 0.0889131337789028, 0.21176647287379644, 0.21257288448987843, 0.08002456522907661, 0.24207211922911037, 0.30450520919482277, 8.577694793951785, 0.2579803248987214], [0.1682764452196151, -0.028773505530066013, 0.12737605476351793, 0.3784773093540722, 0.875305412199514, 0.2121353223510222, -0.005896794346061227, 1.0210283094831345, 0.2579803248987214, 6.186103171818718]]",
    "monomial_list": "[1, x3, x2, x1, x3**2, x2*x3, x1*x3, x2**2, x1*x2, x1**2]"
}