{
    "name": "Total Decomposition",
    "rational_expression": "897*x1**4/2500 + 137*x1**3*x2/400 - 9727*x1**3/10000 + 581*x1**2*x2**2/500 - 349*x1**2*x2/250 + 3621*x1**2/1000 - 877*x1*x2**3/10000 - 1149*x1*x2**2/1000 - 1187*x1*x2/10000 - 1041*x1/10000 + 559*x2**4/500 - 51*x2**3/40 + 4177*x2**2/1000 - 9461*x2/10000 + 217/50",
    "Q": "[[4.339798059970544, -0.4749893690824926, -0.05084398982733177, 0.8148383135263396, -0.08390734344735955, 0.27526482253968354], [-0.4749893690824926, 2.546233010302019, 0.02311599478015993, -0.6375120600404625, -0.34359908984878895, -0.11078590583736846], [-0.05084398982733177, 0.02311599478015993, 3.0736105037088866, -0.23118571895829804, -0.5898794490335044, -0.48715648345629237], [0.8148383135263396, -0.6375120600404625, -0.23118571895829804, 1.1170861778462278, -0.04396133642578503, 0.024603801723640285], [-0.08390734344735955, -0.34359908984878895, -0.5898794490335044, -0.04396133642578503, 1.1138877186253093, 0.17144222478417984], [0.27526482253968354, -0.11078590583736846, -0.48715648345629237, 0.024603801723640285, 0.17144222478417984, 0.35984967618976105]]",
    "monomial_list": "[1, x2, x1, x2**2, x1*x2, x1**2]"
}