{
    "name": "Total Decomposition",
    "rational_expression": "4661*x1**4/10000 + 3873*x1**3*x2/10000 - 391*x1**3/400 + 119*x1**2*x2**2/100 - 36*x1**2*x2/25 + 943*x1**2/250 - 3719*x1*x2**3/50000 - 287*x1*x2**2/250 - 313*x1*x2/2500 - 1321*x1/10000 + 1121*x2**4/1000 - 321*x2**3/250 + 4197*x2**2/1000 - 9513*x2/10000 + 1101/250",
    "Q": "[[4.404372836034804, -0.4767949430650481, -0.06721547843693157, 0.797355799973246, -0.07585615576754126, 0.40658404731762765], [-0.4767949430650481, 2.602808399303108, 0.013484274058164762, -0.6436910714052743, -0.35395782417446403, -0.14238202964753408], [-0.06721547843693157, 0.013484274058164762, 2.960942652622044, -0.22076972658158378, -0.5775389049873918, -0.4899361125376723], [0.797355799973246, -0.6436910714052743, -0.22076972658158378, 1.1213242691095928, -0.037336524878316686, 0.03203241706803191], [-0.07585615576754126, -0.35395782417446403, -0.5775389049873918, -0.037336524878316686, 1.1259924534204164, 0.19334797613357627], [0.40658404731762765, -0.14238202964753408, -0.4899361125376723, 0.03203241706803191, 0.19334797613357627, 0.46607051061844884]]",
    "monomial_list": "[1, x2, x1, x2**2, x1*x2, x1**2]"
}