{
    "name": "Total Decomposition",
    "rational_expression": "923*x1**4/10000 - 67*x1**3*x2/500000 + 27*x1**3*x3/10000 + 61*x1**3/2500 + 149*x1**2*x2**2/5000 + 57*x1**2*x2*x3/1000 - 93*x1**2*x2/2000 + 119*x1**2*x3**2/1000 - 263*x1**2*x3/50000 + 211*x1**2/10000 + 109*x1*x2**3/5000 - 14*x1*x2**2*x3/15625 + 169*x1*x2**2/10000 + 639*x1*x2*x3**2/10000 - 41*x1*x2*x3/2000 + 369*x1*x2/10000 + 879*x1*x3**3/10000 - 7*x1*x3**2/625 + 13*x1*x3/20000 + 3*x1/250 + 983*x2**4/100000 + 29*x2**3*x3/50000 + 809*x2**3/100000 + 7*x2**2*x3**2/40 + x2**2*x3/250 + 161*x2**2/10000 + 143*x2*x3**3/250 + 513*x2*x3**2/10000 + 331*x2*x3/10000 - 2*x2/125 + 479*x3**4/1000 + 243*x3**3/5000 + 29*x3**2/500 - 11*x3/1000 + 2/25",
    "Q": "[[0.07953473909824373, -0.005221571416333608, -0.007782638903773921, 0.0059629774005187375, -0.016054920448034398, -0.0072605066834723515, 0.0007049264105701886, -0.007338028186502006, 0.0022932883909050996, -0.026895971925038075], [-0.005221571416333608, 0.08999798085124287, 0.023736338601979087, -0.000385358197107932, 0.024189530691740804, 0.016146867676714607, 0.008971725794524018, -0.0011436758088656427, -0.0013865369181899475, 0.0006073283890220175], [-0.007782638903773921, 0.023736338601979087, 0.03036502582226131, 0.015872041812564474, 0.009346799581384046, 0.003151099419196921, 0.0001913461018507175, 0.003986405404155326, 0.009835836869967092, -0.011447515439220875], [0.0059629774005187375, -0.000385358197107932, 0.015872041812564474, 0.07522024423185636, -0.014700512990755865, -0.009041804236087105, -0.0032471789877402965, -0.0015871832261366927, -0.01179906580090641, 0.012501969407726377], [-0.016054920448034398, 0.024189530691740804, 0.009346799581384046, -0.014700512990755865, 0.4791426984933033, 0.28651588500766084, 0.043865563014791324, -0.015284676990971868, -0.011943763568475681, 0.013268584357344642], [-0.0072605066834723515, 0.016146867676714607, 0.003151099419196921, -0.009041804236087105, 0.28651588500766084, 0.20520170879727453, 0.04391719255504628, 0.0002801314794219347, -0.0019618431270231303, 0.009406515470090913], [0.0007049264105701886, 0.008971725794524018, 0.0001913461018507175, -0.0032471789877402965, 0.043865563014791324, 0.04391719255504628, 0.0927729673110625, 0.0015690123741460944, 0.019065373125107327, 0.0013447010000862054], [-0.007338028186502006, -0.0011436758088656427, 0.003986405404155326, -0.0015871832261366927, -0.015284676990971868, 0.0002801314794219347, 0.0015690123741460944, 0.009714202661337885, 0.01070120785498753, -0.00714776296931893], [0.0022932883909050996, -0.0013865369181899475, 0.009835836869967092, -0.01179906580090641, -0.011943763568475681, -0.0019618431270231303, 0.019065373125107327, 0.01070120785498753, 0.04380159156551183, -0.0001174960661287404], [-0.026895971925038075, 0.0006073283890220175, -0.011447515439220875, 0.012501969407726377, 0.013268584357344642, 0.009406515470090913, 0.0013447010000862054, -0.00714776296931893, -0.0001174960661287404, 0.09124504791903565]]",
    "monomial_list": "[1, x3, x2, x1, x3**2, x2*x3, x1*x3, x2**2, x1*x2, x1**2]"
}