{
    "name": "Total Decomposition",
    "rational_expression": "34*x1**4/25 + 1089*x1**3*x2/100000 - 2913*x1**3*x3/500000 - 1797*x1**3/1000000 + 269*x1**2*x2**2/125 + 4391*x1**2*x2*x3/100000 + 1719*x1**2*x2/1000 + 527*x1**2*x3**2/250 + 103*x1**2*x3/2500 + 203*x1**2/200 - 433*x1*x2**3/12500 - 597*x1*x2**2*x3/25000 + 6737*x1*x2**2/100000 + 871*x1*x2*x3**2/5000 - 4477*x1*x2*x3/100000 + 324*x1*x2/625 - 4393*x1*x3**3/50000 - 619*x1*x3**2/2000 - 181*x1*x3/625 - 72*x1/125 + 1059*x2**4/1000 + 1551*x2**3*x3/10000 + 1323*x2**3/1000 + 2031*x2**2*x3**2/1000 - 1279*x2**2*x3/2500 + 251*x2**2/125 + 1801*x2*x3**3/5000 + 923*x2*x3**2/500 + 1827*x2*x3/1000 - 67*x2/1000 + 711*x3**4/500 - 897*x3**3/1250000 + 279*x3**2/125 + 111*x3/1000 + 389/500",
    "Q": "[ 7.78e-01  5.51e-02 -3.36e-02 -2.88e-01  1.09e-01  3.09e-01 -6.65e-02 ... ]\n[ 5.51e-02  2.01e+00  6.04e-01 -7.93e-02  4.37e-04  4.89e-01 -1.11e-01 ... ]\n[-3.36e-02  6.04e-01  2.15e+00  1.85e-01  4.35e-01 -1.88e-01  2.49e-02 ... ]\n[-2.88e-01 -7.93e-02  1.85e-01  1.32e+00 -4.30e-02 -1.16e-01 -2.27e-02 ... ]\n[ 1.09e-01  4.37e-04  4.35e-01 -4.30e-02  1.42e+00  1.80e-01 -4.44e-02 ... ]\n[ 3.09e-01  4.89e-01 -1.88e-01 -1.16e-01  1.80e-01  1.77e+00  2.39e-02 ... ]\n[-6.65e-02 -1.11e-01  2.49e-02 -2.27e-02 -4.44e-02  2.39e-02  1.70e+00 ... ]\n[-7.00e-02 -6.82e-02  6.62e-01  4.98e-02  1.29e-01  7.67e-02 -1.05e-02 ... ]\n[ 7.38e-02  6.66e-02 -1.62e-02  3.86e-01  6.40e-02 -1.73e-03  8.01e-02 ... ]\n[-1.50e-01  4.27e-02  4.74e-01 -1.04e-03  2.04e-01 -5.70e-02 -3.22e-03 ... ]",
    "monomial_list": "[1, x3, x2, x1, x3**2, x2*x3, x1*x3, x2**2, x1*x2, x1**2]"
}