{
    "name": "Multiplier-2",
    "rational_expression": "7197*x1**4/100000 + 4963*x1**3*x2/1000000 + 3983*x1**3/100000 + 4843*x1**2*x2**2/10000 - 5873*x1**2*x2/100000 - 1047*x1**2/5000 + 7237*x1*x2**3/100000 + 3669*x1*x2**2/10000 + 4073*x1*x2/10000 + 2403*x1/10000 + 1967*x2**4/5000 + 1909*x2**3/25000 + 87*x2**2/40 + 2829*x2/1000 + 1201/1000",
    "Q": "[[1.201772653505619, 1.4150400324738024, 0.11957517414430822, -0.02268849218630746, 0.053856613372542446, -0.1740094509001094], [1.4150400324738024, 2.2200338137815754, 0.14889277321722552, 0.03790315757397001, 0.17160808050214232, -0.17507084516141763], [0.11957517414430822, 0.14889277321722552, 0.1383600856723442, 0.012003998269862396, 0.14554885473685705, 0.019988838820617538], [-0.02268849218630746, 0.03790315757397001, 0.012003998269862396, 0.3938270710369329, 0.0360231870619143, 0.0035712609424684845], [0.053856613372542446, 0.17160808050214232, 0.14554885473685705, 0.0360231870619143, 0.4767533519123179, 0.002560084897197616], [-0.1740094509001094, -0.17507084516141763, 0.019988838820617538, 0.0035712609424684845, 0.002560084897197616, 0.07206017524919513]]",
    "monomial_list": "[1, x2, x1, x2**2, x1*x2, x1**2]"
}