{
    "name": "Multiplier-1",
    "rational_expression": "177*x1**4/1000 + 29*x1**3*x2/2000 + 43*x1**3/250 + 267*x1**2*x2**2/1000 + 257*x1**2*x2/500 + 347*x1**2/1000 + 199*x1*x2**3/5000 + 137*x1*x2**2/1000 + 573*x1*x2/1000 + 57*x1/125 + 59*x2**4/250 - 7*x2**3/50 + 943*x2**2/1000 + 7*x2/5 + 771/1000",
    "Q": "[[0.770618272066736, 0.7012950251521625, 0.22797412774987283, -0.06488685265634268, 0.05997596952389811, -0.020547083454356047], [0.7012950251521625, 1.0726896740032716, 0.22612021147790043, -0.07030041352927022, 0.09365825155640659, 0.07472411035890848], [0.22797412774987283, 0.22612021147790043, 0.38800816521052217, -0.02500075896293732, 0.18259307185630388, 0.08609504260644553], [-0.06488685265634268, -0.07030041352927022, -0.02500075896293732, 0.235960667800743, 0.019953515920133717, -0.03420045862834018], [0.05997596952389811, 0.09365825155640659, 0.18259307185630388, 0.019953515920133717, 0.33509643441664094, 0.007179411920136026], [-0.020547083454356047, 0.07472411035890848, 0.08609504260644553, -0.03420045862834018, 0.007179411920136026, 0.17699999627442978]]",
    "monomial_list": "[1, x2, x1, x2**2, x1*x2, x1**2]"
}