{
    "name": "Total Decomposition",
    "rational_expression": "1771*x1**6/10000 + 707*x1**5*x2/50000 + 43*x1**5/250 + 5731*x1**4*x2**2/1000 + 2583*x1**4*x2/5000 - 813*x1**4/1250 + 9561*x1**3*x2**3/10000 + 101*x1**3*x2**2/25 + 2473*x1**3*x2/5000 - 206*x1**3/625 + 7183*x1**2*x2**4/10000 - 199*x1**2*x2**3/1000 - 2271*x1**2*x2**2/1000 + 277*x1**2*x2/125 + 133*x1**2/125 + 723*x1*x2**5/10000 + 917*x1*x2**4/2500 - 131*x1*x2**3/3125 - 9797*x1*x2**2/10000 + 529*x1*x2/1250 + 389*x1/1000 + 3941*x2**6/10000 + 3783*x2**5/50000 - 687*x2**4/2000 - 3931*x2**3/10000 + 391*x2**2/250 + 911*x2/1000 + 997/1000",
    "Q": "[[0.9972820000264478, 0.4557886092322513, 0.19489109336012664, -0.15108622529188961, 0.29049026048046495, -0.17188076221865992, -0.19262899975354225, 0.001499268168407031, 0.781071173506925, -0.057426338743905285], [0.4557886092322513, 1.8648680677524845, -0.07789738241125933, -0.004785699300579078, -0.375504052540037, -0.11269919733240606, -0.41318099137519954, -0.015567785718083002, -1.1946629790970134, 0.024718827399058858], [0.19489109336012664, -0.07789738241125933, 1.4068582788203738, -0.11560981886403135, 0.44068371388540917, -0.10749997830848886, -0.0009511287825670308, -0.6687918714679969, 0.13788701910240714, -0.433622079891041], [-0.15108622529188961, -0.004785699300579078, -0.11560981886403135, 0.48186785844626756, -0.004638510837767097, 0.01443879278002328, 0.0379031575739708, 0.18516167288932578, -0.12207458479455215, 0.035082869700611564], [0.29049026048046495, -0.375504052540037, 0.44068371388540917, -0.004638510837767097, 1.4289237057367183, 0.08453234723100443, -0.0015495941173189157, 0.02362755556461336, 1.836156665241391, -0.08254766705831773], [-0.17188076221865992, -0.11269919733240606, -0.10749997830848886, 0.01443879278002328, 0.08453234723100443, 0.2179174736270533, -0.0013753747238887477, 0.14864935716122774, 0.339864849273531, 0.08609504260643627], [-0.19262899975354225, -0.41318099137519954, -0.0009511287825670308, 0.0379031575739708, -0.0015495941173189157, -0.0013753747238887477, 0.39382707103693504, 0.03602318706191398, -0.16577380373792414, -0.0017834897049926232], [0.001499268168407031, -0.015567785718083002, -0.6687918714679969, 0.18516167288932578, 0.02362755556461336, 0.14864935716122774, 0.03602318706191398, 1.0514041488691468, 0.47930257849148966, 0.24194087952177226], [0.781071173506925, -1.1946629790970134, 0.13788701910240714, -0.12207458479455215, 1.836156665241391, 0.339864849273531, -0.16577380373792414, 0.47930257849148966, 5.245287081232247, 0.007179411920136905], [-0.057426338743905285, 0.024718827399058858, -0.433622079891041, 0.035082869700611564, -0.08254766705831773, 0.08609504260643627, -0.0017834897049926232, 0.24194087952177226, 0.007179411920136905, 0.17699999627445875]]",
    "monomial_list": "[1, x2, x1, x2**2, x1*x2, x1**2, x2**3, x1*x2**2, x1**2*x2, x1**3]"
}