{
    "name": "Multiplier-15",
    "rational_expression": "419*x1**2/200 - 761*x1*x10/20000 - 6001*x1*x11/100000 - 6377*x1*x12/100000 - 313*x1*x13/5000 - 511*x1*x14/25000 - 2093*x1*x15/50000 - 4217*x1*x2/100000 - 383*x1*x3/6250 - 2529*x1*x4/100000 - 3037*x1*x5/50000 - 801*x1*x6/20000 - 5959*x1*x7/100000 - 1161*x1*x8/50000 - 1183*x1*x9/20000 + 387*x1/2000 + 2089*x10**2/1000 + 301*x10*x11/6250 + 1123*x10*x12/20000 + 4689*x10*x13/100000 + 977*x10*x14/50000 + 1957*x10*x15/50000 + 3983*x10*x2/100000 + 2287*x10*x3/50000 + 703*x10*x4/25000 + 2263*x10*x5/50000 + 1907*x10*x6/50000 + 277*x10*x7/6250 + 2249*x10*x8/100000 + 4797*x10*x9/100000 - 131*x10/1000 + 21*x11**2/10 + 7159*x11*x12/100000 + 6613*x11*x13/100000 + 637*x11*x14/25000 + 761*x11*x15/12500 + 657*x11*x2/12500 + 1717*x11*x3/25000 + 109*x11*x4/3125 + 3201*x11*x5/50000 + 339*x11*x6/6250 + 1671*x11*x7/25000 + 2397*x11*x8/100000 + 623*x11*x9/10000 - 2619*x11/10000 + 2107*x12**2/1000 + 7031*x12*x13/100000 + 2967*x12*x14/100000 + 7129*x12*x15/100000 + 6087*x12*x2/100000 + 3633*x12*x3/50000 + 173*x12*x4/4000 + 7201*x12*x5/100000 + 6233*x12*x6/100000 + 7049*x12*x7/100000 + 1827*x12*x8/50000 + 1749*x12*x9/25000 - 2449*x12/10000 + 2103*x13**2/1000 + 133*x13*x14/6250 + 553*x13*x15/10000 + 209*x13*x2/4000 + 853*x13*x3/12500 + 3041*x13*x4/100000 + 1693*x13*x5/25000 + 4977*x13*x6/100000 + 3319*x13*x7/50000 + 2387*x13*x8/100000 + 33*x13*x9/500 - 501*x13/2000 + 2081*x14**2/1000 + 2509*x14*x15/100000 + 1199*x14*x2/50000 + 13*x14*x3/625 + 44*x14*x4/3125 + 2463*x14*x5/100000 + 231*x14*x6/10000 + 2409*x14*x7/100000 + 53*x14*x8/4000 + 477*x14*x9/20000 - 3131*x14/50000 + 2663*x15**2/1000 + 1163*x15*x2/25000 + 167*x15*x3/3125 + 677*x15*x4/20000 + 5711*x15*x5/100000 + 2221*x15*x6/50000 + 1399*x15*x7/25000 + 2741*x15*x8/100000 + 5969*x15*x9/100000 - 41*x15/200 + 523*x2**2/250 + 5183*x2*x3/100000 + 579*x2*x4/20000 + 5551*x2*x5/100000 + 869*x2*x6/20000 + 34*x2*x7/625 + 1351*x2*x8/50000 + 1349*x2*x9/25000 - 427*x2/2500 + 421*x3**2/200 + 1519*x3*x4/50000 + 3379*x3*x5/50000 + 4971*x3*x6/100000 + 3521*x3*x7/50000 + 2383*x3*x8/100000 + 1749*x3*x9/25000 - 2449*x3/10000 + 521*x4**2/250 + 3463*x4*x5/100000 + 563*x4*x6/20000 + 106*x4*x7/3125 + 56*x4*x8/3125 + 21*x4*x9/625 - 4551*x4/50000 + 1051*x5**2/500 + 5413*x5*x6/100000 + 6663*x5*x7/100000 + 2393*x5*x8/100000 + 3313*x5*x9/50000 - 32*x5/125 + 523*x6**2/250 + 247*x6*x7/5000 + 569*x6*x8/25000 + 2659*x6*x9/50000 - 1537*x6/10000 + 263*x7**2/125 + 2387*x7*x8/100000 + 33*x7*x9/500 - 501*x7/2000 + 1041*x8**2/500 + 477*x8*x9/20000 - 3131*x8/50000 + 2101*x9**2/1000 - 2619*x9/10000 + 1423/500",
    "Q": "[[2.846025370905492, -0.1295774631253138, -0.03272103964679769, -0.12579321090761056, -0.07659127835300891, -0.12830103986285746, -0.045041325001096956, -0.12341478798864458, -0.08473016123852506, -0.10154381819020133, -0.03106062210695108, -0.12640857188021662, -0.1227756609884901, -0.1305302180587018, -0.06444178508230818, 0.09750009964863077], [-0.1295774631253138, 2.100415854459803, 0.012940021283667481, 0.03320059860393878, 0.026208203569728, 0.032463694192788946, 0.016780944442984884, 0.0340897684723201, 0.02708103727460013, 0.030195653382924608, 0.011969401344683325, 0.03277632078373382, 0.03574543255346411, 0.03181334141550442, 0.0231674417498701, -0.030482547134631284], [-0.03272103964679769, 0.012940021283667481, 2.082227279645935, 0.012199289269808164, 0.011913051053640406, 0.012731427626026911, 0.008860479456936642, 0.011858005977754535, 0.01263996555309289, 0.014012177908232408, 0.006833810924174309, 0.012160081696496537, 0.017237478658385978, 0.013038199935466434, 0.011492704384668906, -0.0108314664400963], [-0.12579321090761056, 0.03320059860393878, 0.012199289269808164, 2.1040028708927103, 0.025748602255314428, 0.033648528418706525, 0.016106156740274782, 0.035576800067876856, 0.026504140930641757, 0.027659066342826246, 0.011349368633662772, 0.03421239123235243, 0.03611810360951945, 0.032855183962087, 0.022488482844799054, -0.03073024051958809], [-0.07659127835300891, 0.026208203569728, 0.011913051053640406, 0.025748602255314428, 2.0917038439455493, 0.026044599112582834, 0.014269766632356237, 0.02522333762571583, 0.02131395081359303, 0.02140341052885259, 0.010784259779386808, 0.02554852637769485, 0.030150338306683074, 0.026280831231512695, 0.018872345474563824, -0.020836687789274316], [-0.12830103986285746, 0.032463694192788946, 0.012731427626026911, 0.033648528418706525, 0.026044599112582834, 2.1014550350200967, 0.01657915118847329, 0.03449124531760535, 0.02688749964170745, 0.029298167429398708, 0.01179189106967651, 0.03321632171013939, 0.03589217196624474, 0.03215103515435172, 0.022953490448450634, -0.030494449150236184], [-0.045041325001096956, 0.016780944442984884, 0.008860479456936642, 0.016106156740274782, 0.014269766632356237, 0.01657915118847329, 2.0842235703283407, 0.015684314598414878, 0.015064155803508419, 0.01596218206081631, 0.007958731724635966, 0.016019533106008222, 0.020917492746003425, 0.016876417367722846, 0.013563104732622745, -0.013598483226186413], [-0.12341478798864458, 0.0340897684723201, 0.011858005977754535, 0.035576800067876856, 0.02522333762571583, 0.03449124531760535, 0.015684314598414878, 2.105169756517179, 0.025938509665657285, 0.025733186392316098, 0.011054441026219056, 0.03503582226564626, 0.036124500720545856, 0.033792392349211116, 0.0219311277637811, -0.03034746934078825], [-0.08473016123852506, 0.02708103727460013, 0.01263996555309289, 0.026504140930641757, 0.02131395081359303, 0.02688749964170745, 0.015064155803508419, 0.025938509665657285, 2.0921575573442706, 0.022823664322648023, 0.011423061989133945, 0.02632319618483927, 0.031449013038023124, 0.02716915951807976, 0.01985164630918342, -0.02159872012565122], [-0.10154381819020133, 0.030195653382924608, 0.014012177908232408, 0.027659066342826246, 0.02140341052885259, 0.029298167429398708, 0.01596218206081631, 0.025733186392316098, 0.022823664322648023, 2.662998240686238, 0.012529172649696545, 0.027625343645113574, 0.03619002960617639, 0.030795157979277663, 0.020472685897657314, -0.019835587779568065], [-0.03106062210695108, 0.011969401344683325, 0.006833810924174309, 0.011349368633662772, 0.010784259779386808, 0.01179189106967651, 0.007958731724635966, 0.011054441026219056, 0.011423061989133945, 0.012529172649696545, 2.081187060116984, 0.011306714392108189, 0.015613643797254075, 0.012053416158852411, 0.010353570192978974, -0.009963326668217087], [-0.12640857188021662, 0.03277632078373382, 0.012160081696496537, 0.03421239123235243, 0.02554852637769485, 0.03321632171013939, 0.016019533106008222, 0.03503582226564626, 0.02632319618483927, 0.027625343645113574, 0.011306714392108189, 2.1028808555592393, 0.03568334175794617, 0.03242979185424675, 0.022336500612440396, -0.030425655465291693], [-0.1227756609884901, 0.03574543255346411, 0.017237478658385978, 0.03611810360951945, 0.030150338306683074, 0.03589217196624474, 0.020917492746003425, 0.036124500720545856, 0.031449013038023124, 0.03619002960617639, 0.015613643797254075, 0.03568334175794617, 2.1066907164715345, 0.035549492879665495, 0.027828981801071226, -0.031733831631056815], [-0.1305302180587018, 0.03181334141550442, 0.013038199935466434, 0.032855183962087, 0.026280831231512695, 0.03215103515435172, 0.016876417367722846, 0.033792392349211116, 0.02716915951807976, 0.030795157979277663, 0.012053416158852411, 0.03242979185424675, 0.035549492879665495, 2.099664630659256, 0.023265660994552118, -0.030467079109779336], [-0.06444178508230818, 0.0231674417498701, 0.011492704384668906, 0.022488482844799054, 0.018872345474563824, 0.022953490448450634, 0.013563104732622745, 0.0219311277637811, 0.01985164630918342, 0.020472685897657314, 0.010353570192978974, 0.022336500612440396, 0.027828981801071226, 0.023265660994552118, 2.089493500974479, -0.018518382057350916], [0.09750009964863077, -0.030482547134631284, -0.0108314664400963, -0.03073024051958809, -0.020836687789274316, -0.030494449150236184, -0.013598483226186413, -0.03034746934078825, -0.02159872012565122, -0.019835587779568065, -0.009963326668217087, -0.030425655465291693, -0.031733831631056815, -0.030467079109779336, -0.018518382057350916, 2.0952057000536275]]",
    "monomial_list": "[1, x9, x8, x7, x6, x5, x4, x3, x2, x15, x14, x13, x12, x11, x10, x1]"
}