{
    "name": "Multiplier-7",
    "rational_expression": "2093*x1**2/1000 - 3267*x1*x10/100000 - 5871*x1*x11/100000 - 5841*x1*x12/100000 - 1439*x1*x13/25000 - 1011*x1*x14/50000 - 5691*x1*x15/100000 - 819*x1*x2/20000 - 5583*x1*x3/100000 - 617*x1*x4/25000 - 5953*x1*x5/100000 - 487*x1*x6/12500 - 3881*x1*x7/100000 - 19*x1*x8/1000 - 5817*x1*x9/100000 + 451*x1/2500 + 261*x10**2/125 + 2151*x10*x11/50000 + 1379*x10*x12/25000 + 21*x10*x13/500 + 121*x10*x14/6250 + 83*x10*x15/2000 + 973*x10*x2/25000 + 127*x10*x3/3125 + 173*x10*x4/6250 + 4431*x10*x5/100000 + 747*x10*x6/20000 + 1051*x10*x7/25000 + 279*x10*x8/12500 + 269*x10*x9/6250 - 237*x10/2000 + 1049*x11**2/500 + 879*x11*x12/12500 + 6517*x11*x13/100000 + 2527*x11*x14/100000 + 1289*x11*x15/20000 + 641*x11*x2/12500 + 3367*x11*x3/50000 + 3423*x11*x4/100000 + 1569*x11*x5/25000 + 4889*x11*x6/100000 + 5743*x11*x7/100000 + 2381*x11*x8/100000 + 1223*x11*x9/20000 - 2483*x11/10000 + 421*x12**2/200 + 6941*x12*x13/100000 + 737*x12*x14/25000 + 3431*x12*x15/50000 + 373*x12*x2/6250 + 357*x12*x3/5000 + 2133*x12*x4/50000 + 1417*x12*x5/20000 + 5707*x12*x6/100000 + 291*x12*x7/4000 + 3637*x12*x8/100000 + 1721*x12*x9/25000 - 1157*x12/5000 + 2101*x13**2/1000 + 2117*x13*x14/100000 + 214*x13*x15/3125 + 5123*x13*x2/100000 + 1343*x13*x3/20000 + 1493*x13*x4/50000 + 267*x13*x5/4000 + 2441*x13*x6/50000 + 521*x13*x7/10000 + 2377*x13*x8/100000 + 6513*x13*x9/100000 - 607*x13/2500 + 2081*x14**2/1000 + 2107*x14*x15/100000 + 19*x14*x2/800 + 2059*x14*x3/100000 + 457*x14*x4/25000 + 2443*x14*x5/100000 + 143*x14*x6/6250 + 2391*x14*x7/100000 + 1323*x14*x8/100000 + 2369*x14*x9/100000 - 6207*x14/100000 + 1051*x15**2/500 + 2561*x15*x2/50000 + 1343*x15*x3/20000 + 1493*x15*x4/50000 + 267*x15*x5/4000 + 1219*x15*x6/25000 + 521*x15*x7/10000 + 2377*x15*x8/100000 + 6513*x15*x9/100000 - 607*x15/2500 + 209*x2**2/100 + 317*x2*x3/6250 + 2841*x2*x4/100000 + 157*x2*x5/3125 + 1063*x2*x6/25000 + 871*x2*x7/20000 + 1343*x2*x8/50000 + 5303*x2*x9/100000 - 1581*x2/10000 + 2103*x3**2/1000 + 2977*x3*x4/100000 + 6649*x3*x5/100000 + 4867*x3*x6/100000 + 5189*x3*x7/100000 + 2371*x3*x8/100000 + 6487*x3*x9/100000 - 2369*x3/10000 + 2083*x4**2/1000 + 213*x4*x5/6250 + 1383*x4*x6/50000 + 1501*x4*x7/50000 + 223*x4*x8/12500 + 207*x4*x9/6250 - 8463*x4/100000 + 21*x5**2/10 + 4893*x5*x6/100000 + 1437*x5*x7/25000 + 2383*x5*x8/100000 + 6537*x5*x9/100000 - 2483*x5/10000 + 209*x6**2/100 + 4287*x6*x7/100000 + 2259*x6*x8/100000 + 4807*x6*x9/100000 - 141*x6/1000 + 1331*x7**2/500 + 683*x7*x8/25000 + 5891*x7*x9/100000 - 1973*x7/10000 + 2081*x8**2/1000 + 2369*x8*x9/100000 - 6207*x8/100000 + 2099*x9**2/1000 - 2483*x9/10000 + 2821/1000",
    "Q": "[[2.8209245040347186, -0.12411112401518681, -0.031703083478861215, -0.09732966617860757, -0.07167309492429949, -0.12281237087599689, -0.042850039405683396, -0.11726827091017288, -0.0798562350309759, -0.12058160874918557, -0.02997869982029489, -0.12098033347549395, -0.11705025195412753, -0.12507444045224678, -0.06064094876552638, 0.09049963773155738], [-0.12411112401518681, 2.0992889184877574, 0.01287054121863624, 0.029211571018366914, 0.025060066477453735, 0.031620471298086976, 0.01637026574009122, 0.03303678175906904, 0.025962653839367914, 0.03228735791574205, 0.011854532287329486, 0.031891634593394974, 0.03469571672408735, 0.031012740512062445, 0.022330716385405746, -0.02874724412068469], [-0.031703083478861215, 0.01287054121863624, 2.0817023710974385, 0.013827069585378667, 0.01171562206354521, 0.012638922372911737, 0.009009937187081088, 0.01160304533589313, 0.01248563655541892, 0.012181122506792796, 0.007076290243335247, 0.011993340977646764, 0.017132498214739725, 0.012984563906918831, 0.0114805871458628, -0.01023348977086431], [-0.09732966617860757, 0.029211571018366914, 0.013827069585378667, 2.661684859916902, 0.02047372651809303, 0.028362061612631814, 0.01554360559756314, 0.024744845591264622, 0.021911920274474122, 0.027075770117726425, 0.012329723720542958, 0.02671240680585878, 0.035093367475712726, 0.029770857169104655, 0.019744186057296303, -0.0185417708700641], [-0.07167309492429949, 0.025060066477453735, 0.01171562206354521, 0.02047372651809303, 2.09019117097686, 0.02488765836291675, 0.013815318053104014, 0.023941540389550056, 0.020268413869464548, 0.024667693437615424, 0.01056449006582305, 0.02438973472984124, 0.028914461174662558, 0.025138755815395417, 0.01806830030738104, -0.019354132362429076], [-0.12281237087599689, 0.031620471298086976, 0.012638922372911737, 0.028362061612631814, 0.02488765836291675, 2.1002412094733987, 0.016151120543630264, 0.03341807817079144, 0.025757824639665482, 0.03270214802011593, 0.011657900747316229, 0.032306307411701415, 0.034810400980301213, 0.031327890688443036, 0.022102103571966597, -0.028764324337927468], [-0.042850039405683396, 0.01637026574009122, 0.009009937187081088, 0.01554360559756314, 0.013815318053104014, 0.016151120543630264, 2.0834507240515787, 0.01511170526895231, 0.014641512653470544, 0.015756427560324516, 0.008051740360389725, 0.01554355576397691, 0.020460924440874766, 0.01647761303566743, 0.013308705453656922, -0.012745177532346578], [-0.11726827091017288, 0.03303678175906904, 0.01160304533589313, 0.024744845591264622, 0.023941540389550056, 0.03341807817079144, 0.01511170526895231, 2.103354497332415, 0.02466956810607173, 0.03436557212076328, 0.01078168752056474, 0.033975792629162595, 0.03486808724755384, 0.03275544994747072, 0.020931938085928494, -0.02854921677461367], [-0.0798562350309759, 0.025962653839367914, 0.01248563655541892, 0.021911920274474122, 0.020268413869464548, 0.025757824639665482, 0.014641512653470544, 0.02466956810607173, 2.090675872312699, 0.025461655485431584, 0.011238510285524637, 0.025179055651510143, 0.03023846450966901, 0.02605849213830101, 0.01907193464591392, -0.020090690079982036], [-0.12058160874918557, 0.03228735791574205, 0.012181122506792796, 0.027075770117726425, 0.024667693437615424, 0.03270214802011593, 0.015756427560324516, 0.03436557212076328, 0.025461655485431584, 2.102319245588674, 0.01127813620653761, 0.03324875369091915, 0.035105921912329266, 0.031965054488968477, 0.021729858088658776, -0.0290075292086886], [-0.02997869982029489, 0.011854532287329486, 0.007076290243335247, 0.012329723720542958, 0.01056449006582305, 0.011657900747316229, 0.008051740360389725, 0.01078168752056474, 0.011238510285524637, 0.01127813620653761, 2.0805925401762013, 0.01111316280522383, 0.01546429419223319, 0.011951728279127258, 0.010296328675777603, -0.00939806441012717], [-0.12098033347549395, 0.031891634593394974, 0.011993340977646764, 0.02671240680585878, 0.02438973472984124, 0.032306307411701415, 0.01554355576397691, 0.033975792629162595, 0.025179055651510143, 0.03324875369091915, 0.01111316280522383, 2.1016019685257166, 0.034535012601656076, 0.03156664637655097, 0.021454446970622224, -0.028770047407500103], [-0.11705025195412753, 0.03469571672408735, 0.017132498214739725, 0.035093367475712726, 0.028914461174662558, 0.034810400980301213, 0.020460924440874766, 0.03486808724755384, 0.03023846450966901, 0.035105921912329266, 0.01546429419223319, 0.034535012601656076, 2.105063328123089, 0.03452721565643771, 0.02692192870846073, -0.029893569912358975], [-0.12507444045224678, 0.031012740512062445, 0.012984563906918831, 0.029770857169104655, 0.025138755815395417, 0.031327890688443036, 0.01647761303566743, 0.03275544994747072, 0.02605849213830101, 0.031965054488968477, 0.011951728279127258, 0.03156664637655097, 0.03452721565643771, 2.0985962388940558, 0.02243898644991676, -0.028728201450762353], [-0.06064094876552638, 0.022330716385405746, 0.0114805871458628, 0.019744186057296303, 0.01806830030738104, 0.022102103571966597, 0.013308705453656922, 0.020931938085928494, 0.01907193464591392, 0.021729858088658776, 0.010296328675777603, 0.021454446970622224, 0.02692192870846073, 0.02243898644991676, 2.0883262584019064, -0.01725829465193314], [0.09049963773155738, -0.02874724412068469, -0.01023348977086431, -0.0185417708700641, -0.019354132362429076, -0.028764324337927468, -0.012745177532346578, -0.02854921677461367, -0.020090690079982036, -0.0290075292086886, -0.00939806441012717, -0.028770047407500103, -0.029893569912358975, -0.028728201450762353, -0.01725829465193314, 2.0931698101933023]]",
    "monomial_list": "[1, x9, x8, x7, x6, x5, x4, x3, x2, x15, x14, x13, x12, x11, x10, x1]"
}