{
    "name": "Multiplier-10",
    "rational_expression": "2037*x1**2/1000 + 213*x1*x10/20000 + 229*x1*x11/4000 + 1429*x1*x12/25000 + 563*x1*x13/10000 + 1097*x1*x14/50000 + 2907*x1*x15/50000 + 2233*x1*x2/50000 + 5687*x1*x3/100000 + 83*x1*x4/2500 + 587*x1*x5/10000 + 4397*x1*x6/100000 + 711*x1*x7/12500 + 307*x1*x8/12500 + 2937*x1*x9/50000 - 957*x1/5000 + 1333*x10**2/500 + 543*x10*x11/50000 + 3939*x10*x12/1000000 + 8331*x10*x13/1000000 - 51*x10*x14/3125 + 4661*x10*x15/1000000 - 1847*x10*x2/100000 + 2101*x10*x3/1000000 - 1031*x10*x4/50000 + 517*x10*x5/50000 - 537*x10*x6/25000 + 7181*x10*x7/1000000 - 209*x10*x8/10000 + 1241*x10*x9/100000 - 2617*x10/5000 + 2039*x11**2/1000 - 6293*x11*x12/100000 - 2693*x11*x13/50000 - 373*x11*x14/10000 - 5591*x11*x15/100000 - 1273*x11*x2/20000 - 5921*x11*x3/100000 - 4867*x11*x4/100000 - 53*x11*x5/1000 - 3163*x11*x6/50000 - 5563*x11*x7/100000 - 4401*x11*x8/100000 - 5359*x11*x9/100000 + 211*x11/1000 + 509*x12**2/250 - 1291*x12*x13/20000 - 2787*x12*x14/100000 - 1251*x12*x15/20000 - 5377*x12*x2/100000 - 6587*x12*x3/100000 - 437*x12*x4/12500 - 6379*x12*x5/100000 - 1337*x12*x6/25000 - 3123*x12*x7/50000 - 769*x12*x8/25000 - 323*x12*x9/5000 + 293*x12/1250 + 2037*x13**2/1000 - 3713*x13*x14/100000 - 5977*x13*x15/100000 - 6347*x13*x2/100000 - 5911*x13*x3/100000 - 4851*x13*x4/100000 - 5707*x13*x5/100000 - 5903*x13*x6/100000 - 597*x13*x7/10000 - 1993*x13*x8/50000 - 721*x13*x9/12500 + 211*x13/1000 + 2041*x14**2/1000 - 3359*x14*x15/100000 - 1533*x14*x2/1000000 - 871*x14*x3/25000 + 1207*x14*x4/100000 - 71*x14*x5/2000 - 2*x14*x6/625 - 913*x14*x7/25000 + 903*x14*x8/50000 - 3733*x14*x9/100000 + 683*x14/5000 + 509*x15**2/250 - 5931*x15*x2/100000 - 737*x15*x3/12500 - 4431*x15*x4/100000 - 2843*x15*x5/50000 - 5883*x15*x6/100000 - 5949*x15*x7/100000 - 3971*x15*x8/100000 - 5747*x15*x9/100000 + 537*x15/2500 + 51*x2**2/25 - 1521*x2*x3/25000 - 7959*x2*x4/1000000 - 3119*x2*x5/50000 - 669*x2*x6/25000 - 3017*x2*x7/50000 + 7401*x2*x8/10000000 - 31*x2*x9/500 + 2069*x2/10000 + 509*x3**2/250 - 4447*x3*x4/100000 - 5707*x3*x5/100000 - 5903*x3*x6/100000 - 597*x3*x7/10000 - 1993*x3*x8/50000 - 721*x3*x9/12500 + 211*x3/1000 + 2041*x4**2/1000 - 2257*x4*x5/50000 - 9023*x4*x6/1000000 - 4653*x4*x7/100000 + 39*x4*x8/2500 - 1191*x4*x9/25000 + 1719*x4/10000 + 2037*x5**2/1000 - 5883*x5*x6/100000 - 5949*x5*x7/100000 - 3971*x5*x8/100000 - 5747*x5*x9/100000 + 537*x5/2500 + 1019*x6**2/500 - 6007*x6*x7/100000 - 3093*x6*x8/1000000 - 3089*x6*x9/50000 + 211*x6/1000 + 509*x7**2/250 - 3971*x7*x8/100000 - 5747*x7*x9/100000 + 537*x7/2500 + 1021*x8**2/500 - 1013*x8*x9/25000 + 1523*x8/10000 + 1019*x9**2/500 + 211*x9/1000 + 1953/1000",
    "Q": "[[1.9530461979592681, 0.10635896734611804, 0.07572244502190509, 0.10652214550845758, 0.10483283132719465, 0.1064705380191585, 0.0849599344224244, 0.10607172777174448, 0.10283371873981566, 0.10659315636191484, 0.06749530105154482, 0.10616136349241695, 0.1167532436289893, 0.10619877843899254, -0.26193093064722534, -0.09560460577338997], [0.10635896734611804, 2.0381220606709705, -0.020872426611575907, -0.02850890996605817, -0.030394474996636108, -0.027776515249410615, -0.02390580459050358, -0.028869959842598252, -0.0314185626436333, -0.02849805672054618, -0.01869271531110494, -0.027945050794352656, -0.03153745100068066, -0.027063599168875636, 0.005376541430033308, 0.028990244180014915], [0.07572244502190509, -0.020872426611575907, 2.042071666646041, -0.01972082756952252, -0.0013901756537805247, -0.020488060588789093, 0.007631205709660402, -0.01951399582467586, -0.0005957437457364184, -0.019723070179275826, 0.009064322574848006, -0.02036671784216332, -0.014489960324687821, -0.021208862537917362, -0.009558271411411206, 0.012643394247839168], [0.10652214550845758, -0.02850890996605817, -0.01972082756952252, 2.0357562439865817, -0.029405256476121924, -0.028845458219375186, -0.022769753931575484, -0.029994505486694925, -0.03029553781243745, -0.029564978554899004, -0.017726825040959533, -0.029035284513958873, -0.03171776716491075, -0.028207947724188595, 0.0028210414734253088, 0.0288595378593241], [0.10483283132719465, -0.030394474996636108, -0.0013901756537805247, -0.029405256476121924, 2.0380737607660677, -0.030029771984359094, -0.0052130318940415594, -0.029201276040596403, -0.01421705818201474, -0.029411148965147224, -0.00215993102973072, -0.02982145373668781, -0.0260226501262434, -0.030714908050149255, -0.010339545335871808, 0.022520078191965495], [0.1064705380191585, -0.027776515249410615, -0.020488060588789093, -0.028845458219375186, -0.030029771984359094, 2.037198612981023, -0.02351480640298726, -0.029205747957893373, -0.031009019280712098, -0.028830206801803347, -0.01836469956130318, -0.028312497718246052, -0.0315890485484126, -0.02745122342680463, 0.0045641203464112995, 0.028907885084802864], [0.0849599344224244, -0.02390580459050358, 0.007631205709660402, -0.022769753931575484, -0.0052130318940415594, -0.02351480640298726, 2.040769593195845, -0.022561579368470717, -0.004577346329460485, -0.022772053184831678, 0.005674088064625142, -0.02335880211746761, -0.01803338787343494, -0.0242483163866496, -0.010249999932039039, 0.015619956568204231], [0.10607172777174448, -0.028869959842598252, -0.01951399582467586, -0.029994505486694925, -0.029201276040596403, -0.029205747957893373, -0.022561579368470717, 2.0358763647080402, -0.03004872533528054, -0.02994892130282038, -0.01756705346366265, -0.029473041859745593, -0.031949687795407536, -0.028584029626589007, 0.0011025056747471925, 0.028803011391257738], [0.10283371873981566, -0.0314185626436333, -0.0005957437457364184, -0.03029553781243745, -0.01421705818201474, -0.031009019280712098, -0.004577346329460485, -0.03004872533528054, 2.0392038723157837, -0.030305708515500882, -0.0015138820992830332, -0.030769100595589023, -0.026539489386828416, -0.03177622341725027, -0.009927303532832216, 0.022921902279724363], [0.10659315636191484, -0.02849805672054618, -0.019723070179275826, -0.029564978554899004, -0.029411148965147224, -0.028830206801803347, -0.022772053184831678, -0.02994892130282038, -0.030305708515500882, 2.0357738268996926, -0.017726167511024092, -0.02897243069475394, -0.031696351313427726, -0.028199054578118422, 0.0030302669002918504, 0.028857814812230525], [0.06749530105154482, -0.01869271531110494, 0.009064322574848006, -0.017726825040959533, -0.00215993102973072, -0.01836469956130318, 0.005674088064625142, -0.01756705346366265, -0.0015138820992830332, -0.017726167511024092, 2.0402273991112305, -0.01826035292529627, -0.013326353484498947, -0.018980778792121775, -0.008530467986438603, 0.011694714297247277], [0.10616136349241695, -0.027945050794352656, -0.02036671784216332, -0.029035284513958873, -0.02982145373668781, -0.028312497718246052, -0.02335880211746761, -0.029473041859745593, -0.030769100595589023, -0.02897243069475394, -0.01826035292529627, 2.0362094875826866, -0.03163442148678683, -0.02761587918591967, 0.0034712209482589337, 0.02882295072043031], [0.1167532436289893, -0.03153745100068066, -0.014489960324687821, -0.03171776716491075, -0.0260226501262434, -0.0315890485484126, -0.01803338787343494, -0.031949687795407536, -0.026539489386828416, -0.031696351313427726, -0.013326353484498947, -0.03163442148678683, 2.0354135607558512, -0.0314883820740975, 0.002743845180479838, 0.028865500647401593], [0.10619877843899254, -0.027063599168875636, -0.021208862537917362, -0.028207947724188595, -0.030714908050149255, -0.02745122342680463, -0.0242483163866496, -0.028584029626589007, -0.03177622341725027, -0.028199054578118422, -0.018980778792121775, -0.02761587918591967, -0.0314883820740975, 2.0388900192510837, 0.005973223618031049, 0.02906906663285572], [-0.26193093064722534, 0.005376541430033308, -0.009558271411411206, 0.0028210414734253088, -0.010339545335871808, 0.0045641203464112995, -0.010249999932039039, 0.0011025056747471925, -0.009927303532832216, 0.0030302669002918504, -0.008530467986438603, 0.0034712209482589337, 0.002743845180479838, 0.005973223618031049, 2.6652556889766505, 0.005440337885690067], [-0.09560460577338997, 0.028990244180014915, 0.012643394247839168, 0.0288595378593241, 0.022520078191965495, 0.028907885084802864, 0.015619956568204231, 0.028803011391257738, 0.022921902279724363, 0.028857814812230525, 0.011694714297247277, 0.02882295072043031, 0.028865500647401593, 0.02906906663285572, 0.005440337885690067, 2.036476706103649]]",
    "monomial_list": "[1, x9, x8, x7, x6, x5, x4, x3, x2, x15, x14, x13, x12, x11, x10, x1]"
}