{
    "name": "Multiplier-9",
    "rational_expression": "1059*x1**2/500 - 6839*x1*x10/100000 - 1027*x1*x11/10000 - 537*x1*x12/5000 - 501*x1*x13/5000 - 3329*x1*x14/100000 - 1033*x1*x15/10000 - 8103*x1*x2/100000 - 511*x1*x3/5000 - 4909*x1*x4/100000 - 501*x1*x5/5000 - 3847*x1*x6/50000 - 511*x1*x7/5000 - 1979*x1*x8/50000 - 6351*x1*x9/100000 + 719*x1/2000 + 2103*x10**2/1000 + 7131*x10*x11/100000 + 4009*x10*x12/50000 + 3477*x10*x13/50000 + 2649*x10*x14/100000 + 6877*x10*x15/100000 + 6507*x10*x2/100000 + 3393*x10*x3/50000 + 737*x10*x4/20000 + 1413*x10*x5/20000 + 6211*x10*x6/100000 + 6899*x10*x7/100000 + 1441*x10*x8/50000 + 5271*x10*x9/100000 - 2293*x10/10000 + 2111*x11**2/1000 + 2371*x11*x12/25000 + 4193*x11*x13/50000 + 183*x11*x14/6250 + 519*x11*x15/6250 + 2139*x11*x2/25000 + 9037*x11*x3/100000 + 2467*x11*x4/50000 + 8041*x11*x5/100000 + 1023*x11*x6/12500 + 8257*x11*x7/100000 + 3133*x11*x8/100000 + 6457*x11*x9/100000 - 769*x11/2000 + 2123*x12**2/1000 + 1863*x12*x13/20000 + 3803*x12*x14/100000 + 9629*x12*x15/100000 + 473*x12*x2/5000 + 9927*x12*x3/100000 + 5787*x12*x4/100000 + 1863*x12*x5/20000 + 9459*x12*x6/100000 + 1187*x12*x7/12500 + 999*x12*x8/25000 + 1601*x12*x9/20000 - 189*x12/500 + 1057*x13**2/500 + 291*x13*x14/10000 + 433*x13*x15/5000 + 809*x13*x2/10000 + 4693*x13*x3/50000 + 2249*x13*x4/50000 + 839*x13*x5/10000 + 8129*x13*x6/100000 + 8597*x13*x7/100000 + 3111*x13*x8/100000 + 2943*x13*x9/50000 - 93*x13/250 + 417*x14**2/200 + 2899*x14*x15/100000 + 629*x14*x2/20000 + 571*x14*x3/20000 + 787*x14*x4/50000 + 1399*x14*x5/50000 + 3017*x14*x6/100000 + 681*x14*x7/25000 + 1009*x14*x8/100000 + 2569*x14*x9/100000 - 1983*x14/20000 + 529*x15**2/250 + 809*x15*x2/10000 + 4693*x15*x3/50000 + 2249*x15*x4/50000 + 839*x15*x5/10000 + 8129*x15*x6/100000 + 8597*x15*x7/100000 + 3111*x15*x8/100000 + 2943*x15*x9/50000 - 93*x15/250 + 2109*x2**2/1000 + 4243*x2*x3/50000 + 471*x2*x4/10000 + 1663*x2*x5/20000 + 3679*x2*x6/50000 + 8119*x2*x7/100000 + 3417*x2*x8/100000 + 6057*x2*x9/100000 - 1457*x2/5000 + 2123*x3**2/1000 + 4529*x3*x4/100000 + 4637*x3*x5/50000 + 817*x3*x6/10000 + 4737*x3*x7/50000 + 39*x3*x8/1250 + 739*x3*x9/12500 - 189*x3/500 + 523*x4**2/250 + 611*x4*x5/12500 + 287*x4*x6/6250 + 149*x4*x7/3125 + 243*x4*x8/12500 + 481*x4*x9/12500 - 31*x4/200 + 2113*x5**2/1000 + 8157*x5*x6/100000 + 1079*x5*x7/12500 + 39*x5*x8/1250 + 739*x5*x9/12500 - 189*x5/500 + 2109*x6**2/1000 + 8043*x6*x7/100000 + 3397*x6*x8/100000 + 1501*x6*x9/25000 - 2789*x6/10000 + 529*x7**2/250 + 3111*x7*x8/100000 + 2943*x7*x9/50000 - 93*x7/250 + 1043*x8**2/500 + 193*x8*x9/6250 - 1983*x8/20000 + 533*x9**2/200 - 667*x9/2500 + 31/10",
    "Q": "[[3.1003061227497044, -0.13351910049092747, -0.0508861881548437, -0.18628648169575654, -0.13797532725750705, -0.1893369271896265, -0.07655873011269915, -0.18842290124498412, -0.14607477028613963, -0.1864924566704641, -0.048855012204730236, -0.18691332819261683, -0.19033036057405292, -0.19201446061356772, -0.11455480154711087, 0.1782769258695005], [-0.13351910049092747, 2.6644756317968286, 0.014547652055360134, 0.028776369360930157, 0.029048338196035865, 0.030071164655225534, 0.018915587631375488, 0.028698731338925785, 0.030180483718693165, 0.029001593942485606, 0.013323553621498662, 0.028480079090411857, 0.03946124159125587, 0.03108577184396158, 0.02623469433420404, -0.03114201464041639], [-0.0508861881548437, 0.014547652055360134, 2.0862913489830888, 0.015055271879186063, 0.016354209429507136, 0.01548429377767088, 0.00915018174346062, 0.015794340898550068, 0.016760381979975442, 0.015105567290272112, 0.005662060504637643, 0.014882595824827002, 0.02052629830236125, 0.01582268854886328, 0.01396129792333389, -0.01907410942315216], [-0.18628648169575654, 0.028776369360930157, 0.015055271879186063, 2.1167176524725275, 0.04054541190408648, 0.04257808666139765, 0.02284657372801398, 0.04665310399156694, 0.04109657832580003, 0.043550204099159794, 0.014396613801430803, 0.043183939746401834, 0.04766949314237464, 0.04148437403744065, 0.034133264276604756, -0.051157028562802256], [-0.13797532725750705, 0.029048338196035865, 0.016354209429507136, 0.04054541190408648, 2.1085438141263038, 0.04082892994556215, 0.0217491905198217, 0.04090478007072534, 0.035734684636084396, 0.04060070517475218, 0.015181968502601376, 0.04030173788438411, 0.046470751004753404, 0.04102882280946405, 0.03060361095087957, -0.0392960879551946], [-0.1893369271896265, 0.030071164655225534, 0.01548429377767088, 0.04257808666139765, 0.04082892994556215, 2.1125720937861536, 0.023258480286284473, 0.045292320835068615, 0.04147974264158556, 0.04248600122026686, 0.014749956155611687, 0.04195085243658168, 0.04755807608132143, 0.040829016550647995, 0.03457529864171059, -0.050862325461124604], [-0.07655873011269915, 0.018915587631375488, 0.00915018174346062, 0.02284657372801398, 0.0217491905198217, 0.023258480286284473, 2.09156146058123, 0.02338397201739129, 0.022349247282710198, 0.022903166649876034, 0.008631149134322556, 0.022664952205377602, 0.028409644244458007, 0.023576042335034353, 0.018924426640330977, -0.024840505191174842], [-0.18842290124498412, 0.028698731338925785, 0.015794340898550068, 0.04665310399156694, 0.04090478007072534, 0.045292320835068615, 0.02338397201739129, 2.1225220880037523, 0.04150339676684868, 0.04644922637962129, 0.015031985331864188, 0.04598954789977869, 0.04943525904829811, 0.04420606878182542, 0.03456886143618464, -0.05135323574387327], [-0.14607477028613963, 0.030180483718693165, 0.016760381979975442, 0.04109657832580003, 0.035734684636084396, 0.04147974264158556, 0.022349247282710198, 0.04150339676684868, 2.10880640100987, 0.04116330954814996, 0.015564624632745449, 0.04085436674917719, 0.047600811686173854, 0.04175433920439073, 0.031485612882783086, -0.04039590005010571], [-0.1864924566704641, 0.029001593942485606, 0.015105567290272112, 0.043550204099159794, 0.04060070517475218, 0.04248600122026686, 0.022903166649876034, 0.04644922637962129, 0.04116330954814996, 2.1159261252684436, 0.014438215883914172, 0.04316592026025741, 0.047762080899125516, 0.041411092692586714, 0.03420438297672176, -0.05114130182001174], [-0.048855012204730236, 0.013323553621498662, 0.005662060504637643, 0.014396613801430803, 0.015181968502601376, 0.014749956155611687, 0.008631149134322556, 0.015031985331864188, 0.015564624632745449, 0.014438215883914172, 2.0855629676973573, 0.01424032553268083, 0.019116571445140285, 0.015032269487976922, 0.013023306640364038, -0.017634896985881027], [-0.18691332819261683, 0.028480079090411857, 0.014882595824827002, 0.043183939746401834, 0.04030173788438411, 0.04195085243658168, 0.022664952205377602, 0.04598954789977869, 0.04085436674917719, 0.04316592026025741, 0.01424032553268083, 2.114676732370175, 0.04705225722993479, 0.0409044210159316, 0.03390823883101023, -0.05090117875972828], [-0.19033036057405292, 0.03946124159125587, 0.02052629830236125, 0.04766949314237464, 0.046470751004753404, 0.04755807608132143, 0.028409644244458007, 0.04943525904829811, 0.047600811686173854, 0.047762080899125516, 0.019116571445140285, 0.04705225722993479, 2.1235662726432443, 0.04719965923474489, 0.040682652470455445, -0.05400254621674202], [-0.19201446061356772, 0.03108577184396158, 0.01582268854886328, 0.04148437403744065, 0.04102882280946405, 0.040829016550647995, 0.023576042335034353, 0.04420606878182542, 0.04175433920439073, 0.041411092692586714, 0.015032269487976922, 0.0409044210159316, 0.04719965923474489, 2.1104236087700103, 0.034899101639114145, -0.0506117821651319], [-0.11455480154711087, 0.02623469433420404, 0.01396129792333389, 0.034133264276604756, 0.03060361095087957, 0.03457529864171059, 0.018924426640330977, 0.03456886143618464, 0.031485612882783086, 0.03420438297672176, 0.013023306640364038, 0.03390823883101023, 0.040682652470455445, 0.034899101639114145, 2.1024536503137363, -0.0345525054587583], [0.1782769258695005, -0.03114201464041639, -0.01907410942315216, -0.051157028562802256, -0.0392960879551946, -0.050862325461124604, -0.024840505191174842, -0.05135323574387327, -0.04039590005010571, -0.05114130182001174, -0.017634896985881027, -0.05090117875972828, -0.05400254621674202, -0.0506117821651319, -0.0345525054587583, 2.117857685872299]]",
    "monomial_list": "[1, x9, x8, x7, x6, x5, x4, x3, x2, x15, x14, x13, x12, x11, x10, x1]"
}