{
    "name": "Multiplier-14",
    "rational_expression": "2031*x1**2/1000 + 2283*x1*x10/50000 + 3673*x1*x11/50000 + 1779*x1*x12/25000 + 909*x1*x13/12500 + 2909*x1*x14/500000 + 1803*x1*x15/25000 + 647*x1*x2/12500 + 863*x1*x3/12500 + 1607*x1*x4/50000 + 3609*x1*x5/50000 + 2671*x1*x6/50000 + 3621*x1*x7/50000 + 2569*x1*x8/100000 + 7087*x1*x9/100000 - 2351*x1/10000 + 1017*x10**2/500 - 6691*x10*x11/100000 - 1291*x10*x12/25000 - 3243*x10*x13/50000 - 703*x10*x14/50000 - 1597*x10*x15/25000 - 2537*x10*x2/100000 - 6389*x10*x3/100000 - 777*x10*x4/1000000 - 829*x10*x5/12500 - 653*x10*x6/25000 - 6141*x10*x7/100000 + 6657*x10*x8/1000000 - 633*x10*x9/10000 + 57*x10/250 + 507*x11**2/250 - 841*x11*x12/10000 - 7817*x11*x13/100000 + 1387*x11*x14/100000 - 313*x11*x15/4000 - 7177*x11*x2/100000 - 7631*x11*x3/100000 - 311*x11*x4/6250 - 7587*x11*x5/100000 - 1407*x11*x6/20000 - 7667*x11*x7/100000 - 249*x11*x8/6250 - 151*x11*x9/2000 + 699*x11/2500 + 2027*x12**2/1000 - 263*x12*x13/3125 + 5749*x12*x14/1000000 - 8451*x12*x15/100000 - 773*x12*x2/12500 - 8249*x12*x3/100000 - 161*x12*x4/4000 - 8631*x12*x5/100000 - 6059*x12*x6/100000 - 8321*x12*x7/100000 - 3079*x12*x8/100000 - 8629*x12*x9/100000 + 149*x12/500 + 2027*x13**2/1000 + 357*x13*x14/25000 - 7833*x13*x15/100000 - 1437*x13*x2/20000 - 8053*x13*x3/100000 - 4989*x13*x4/100000 - 8023*x13*x5/100000 - 353*x13*x6/5000 - 3849*x13*x7/50000 - 4001*x13*x8/100000 - 7581*x13*x9/100000 + 551*x13/2000 + 2653*x14**2/1000 + 1027*x14*x15/100000 - 1093*x14*x2/100000 + 8731*x14*x3/1000000 - 339*x14*x4/25000 + 1393*x14*x5/100000 - 1257*x14*x6/100000 + 233*x14*x7/20000 - 49*x14*x8/4000 + 833*x14*x9/50000 - 941*x14/2000 + 2027*x15**2/1000 - 3383*x15*x2/50000 - 4021*x15*x3/50000 - 4979*x15*x4/100000 - 8011*x15*x5/100000 - 1327*x15*x6/20000 - 4047*x15*x7/50000 - 999*x15*x8/25000 - 7987*x15*x9/100000 + 551*x15/2000 + 254*x2**2/125 - 7023*x2*x3/100000 - 303*x2*x4/25000 - 3653*x2*x5/50000 - 3337*x2*x6/100000 - 1717*x2*x7/25000 - 141*x2*x8/125000 - 7087*x2*x9/100000 + 2351*x2/10000 + 507*x3**2/250 - 4589*x3*x4/100000 - 8037*x3*x5/100000 - 6657*x3*x6/100000 - 8119*x3*x7/100000 - 4011*x3*x8/100000 - 501*x3*x9/6250 + 2719*x3/10000 + 1017*x4**2/500 - 511*x4*x5/10000 - 1389*x4*x6/100000 - 309*x4*x7/6250 + 83*x4*x8/5000 - 5081*x4*x9/100000 + 901*x4/5000 + 2027*x5**2/1000 - 3521*x5*x6/50000 - 4047*x5*x7/50000 - 999*x5*x8/25000 - 7987*x5*x9/100000 + 551*x5/2000 + 254*x6**2/125 - 1367*x6*x7/20000 - 5191*x6*x8/1000000 - 7061*x6*x9/100000 + 2387*x6/10000 + 2027*x7**2/1000 - 999*x7*x8/25000 - 7987*x7*x9/100000 + 551*x7/2000 + 509*x8**2/250 - 4071*x8*x9/100000 + 193*x8/1250 + 507*x9**2/250 + 699*x9/2500 + 919/500",
    "Q": "[[1.8381040480471116, 0.13915099752706253, 0.07641188080245215, 0.13743618612875524, 0.11978467956374964, 0.1387671265708175, 0.08959465762796442, 0.13557052046680898, 0.11819730717777185, 0.137705520383399, -0.23546689608218715, 0.13759870468573193, 0.14957401991063515, 0.13931490890504067, 0.11444460728690836, -0.11675943267295445], [0.13915099752706253, 2.027948073727395, -0.02068997424435344, -0.039280209607625995, -0.034936588599864725, -0.03895530628653762, -0.025015413508125427, -0.039261181537531616, -0.036004885947367275, -0.03930854320872052, 0.007441629786917817, -0.03893156550078088, -0.04217763569087744, -0.03848988203924281, -0.03256996814913839, 0.03607777151452731], [0.07641188080245215, -0.02068997424435344, 2.0351495734449907, -0.01979906568389705, -0.0020976242992115585, -0.020422278578167526, 0.008037185484896837, -0.01968009610362562, -0.001307758015160527, -0.019794398385001702, -0.006696130643195452, -0.020441067489235607, -0.014669724255115094, -0.02093764869981875, 0.003850204729748062, 0.013430057627609484], [0.13743618612875524, -0.039280209607625995, -0.01979906568389705, 2.0270241005144465, -0.03385351419480538, -0.03945380114577007, -0.02403824017213221, -0.03976024933763077, -0.03482301751624467, -0.03981376773899378, 0.005471648692028109, -0.03941538744671622, -0.041919308810438434, -0.039090199524644785, -0.031372931537874946, 0.035497642492971236], [0.11978467956374964, -0.034936588599864725, -0.0020976242992115585, -0.03385351419480538, 2.03163627412, -0.03458537153959979, -0.0064931965421314245, -0.033454786211411985, -0.017232156930009762, -0.03388707313410496, -0.0066483416037568166, -0.03436327328731626, -0.030635871742149063, -0.03524157151439923, -0.012227464836299134, 0.025907942430389092], [0.1387671265708175, -0.03895530628653762, -0.020422278578167526, -0.03945380114577007, -0.03458537153959979, 2.027359830375029, -0.024710619457742455, -0.03942277158323227, -0.035624046791772265, -0.03947988335990571, 0.006753354523416421, -0.039137166827239896, -0.04212553659934444, -0.038731247808022264, -0.032190304282898825, 0.03588228610697387], [0.08959465762796442, -0.025015413508125427, 0.008037185484896837, -0.02403824017213221, -0.0064931965421314245, -0.024710619457742455, 2.033638502075455, -0.02384417835830879, -0.005910752219924668, -0.024042658982601092, -0.007103630827019413, -0.0246506976613414, -0.019411340617452692, -0.02529094035304684, -0.00083518076021389, 0.017106391608563063], [0.13557052046680898, -0.039261181537531616, -0.01968009610362562, -0.03976024933763077, -0.033454786211411985, -0.03942277158323227, -0.02384417835830879, 2.0281927780759252, -0.03439637842210934, -0.03977339083705653, 0.004206713226233892, -0.03944558322712506, -0.041805401623601385, -0.039096053551595615, -0.031029762023565253, 0.03503481593714379], [0.11819730717777185, -0.036004885947367275, -0.001307758015160527, -0.03482301751624467, -0.017232156930009762, -0.035624046791772265, -0.005910752219924668, -0.03439637842210934, 2.0327023027968516, -0.03485948841335802, -0.00642142353290523, -0.03538673237930228, -0.03125535550149948, -0.036334788277325614, -0.011827100758335488, 0.02646263547643772], [0.137705520383399, -0.03930854320872052, -0.019794398385001702, -0.03981376773899378, -0.03388707313410496, -0.03947988335990571, -0.024042658982601092, -0.03977339083705653, -0.03485948841335802, 2.02686706188308, 0.00560207000182749, -0.03937759822753804, -0.041924272918323145, -0.03911844978590501, -0.03139452671517336, 0.035548071614606394], [-0.23546689608218715, 0.007441629786917817, -0.006696130643195452, 0.005471648692028109, -0.0066483416037568166, 0.006753354523416421, -0.007103630827019413, 0.004206713226233892, -0.00642142353290523, 0.00560207000182749, 2.6530537521113944, 0.005972809646824918, 0.004065289813622555, 0.007990747470380768, -0.00808434449116519, 0.0018668529133654545], [0.13759870468573193, -0.03893156550078088, -0.020441067489235607, -0.03941538744671622, -0.03436327328731626, -0.039137166827239896, -0.0246506976613414, -0.03944558322712506, -0.03538673237930228, -0.03937759822753804, 0.005972809646824918, 2.02686300454151, -0.04206082282382503, -0.03871086734747285, -0.03202499573881044, 0.035618987798192524], [0.14957401991063515, -0.04217763569087744, -0.014669724255115094, -0.041919308810438434, -0.030635871742149063, -0.04212553659934444, -0.019411340617452692, -0.041805401623601385, -0.03125535550149948, -0.041924272918323145, 0.004065289813622555, -0.04206082282382503, 2.027333565103148, -0.042203494668357135, -0.026846506303421384, 0.03564405759965074], [0.13931490890504067, -0.03848988203924281, -0.02093764869981875, -0.039090199524644785, -0.03524157151439923, -0.038731247808022264, -0.02529094035304684, -0.039096053551595615, -0.036334788277325614, -0.03911844978590501, 0.007990747470380768, -0.03871086734747285, -0.042203494668357135, 2.028513618405778, -0.0329049620642685, 0.03623597924994184], [0.11444460728690836, -0.03256996814913839, 0.003850204729748062, -0.031372931537874946, -0.012227464836299134, -0.032190304282898825, -0.00083518076021389, -0.031029762023565253, -0.011827100758335488, -0.03139452671517336, -0.00808434449116519, -0.03202499573881044, -0.026846506303421384, -0.0329049620642685, 2.0338208750938205, 0.023011671282442175], [-0.11675943267295445, 0.03607777151452731, 0.013430057627609484, 0.035497642492971236, 0.025907942430389092, 0.03588228610697387, 0.017106391608563063, 0.03503481593714379, 0.02646263547643772, 0.035548071614606394, 0.0018668529133654545, 0.035618987798192524, 0.03564405759965074, 0.03623597924994184, 0.023011671282442175, 2.030392581617508]]",
    "monomial_list": "[1, x9, x8, x7, x6, x5, x4, x3, x2, x15, x14, x13, x12, x11, x10, x1]"
}