{
    "name": "Multiplier-13",
    "rational_expression": "1049*x1**2/500 - 2227*x1*x10/50000 - 1671*x1*x11/25000 - 7071*x1*x12/100000 - 4443*x1*x13/100000 - 2163*x1*x14/100000 - 6921*x1*x15/100000 - 4839*x1*x2/100000 - 1707*x1*x3/25000 - 763*x1*x4/25000 - 673*x1*x5/10000 - 2299*x1*x6/50000 - 7021*x1*x7/100000 - 603*x1*x8/25000 - 871*x1*x9/12500 + 2243*x1/10000 + 2091*x10**2/1000 + 997*x10*x11/20000 + 6203*x10*x12/100000 + 1157*x10*x13/25000 + 1217*x10*x14/50000 + 603*x10*x15/12500 + 1131*x10*x2/25000 + 4747*x10*x3/100000 + 2887*x10*x4/100000 + 5077*x10*x5/100000 + 2169*x10*x6/50000 + 1243*x10*x7/25000 + 2711*x10*x8/100000 + 123*x10*x9/2500 - 299*x10/2000 + 2101*x11**2/1000 + 3677*x11*x12/50000 + 6281*x11*x13/100000 + 529*x11*x14/20000 + 677*x11*x15/10000 + 2923*x11*x2/50000 + 7089*x11*x3/100000 + 112*x11*x4/3125 + 3289*x11*x5/50000 + 2791*x11*x6/50000 + 343*x11*x7/5000 + 361*x11*x8/12500 + 6407*x11*x9/100000 - 1409*x11/5000 + 527*x12**2/250 + 7333*x12*x13/100000 + 1747*x12*x14/50000 + 3801*x12*x15/50000 + 3339*x12*x2/50000 + 3743*x12*x3/50000 + 221*x12*x4/5000 + 7377*x12*x5/100000 + 6391*x12*x6/100000 + 3817*x12*x7/50000 + 747*x12*x8/20000 + 3583*x12*x9/50000 - 1323*x12/5000 + 2663*x13**2/1000 + 1269*x13*x14/50000 + 2791*x13*x15/50000 + 4779*x13*x2/100000 + 1377*x13*x3/25000 + 108*x13*x4/3125 + 73*x13*x5/1250 + 4559*x13*x6/100000 + 1431*x13*x7/25000 + 1403*x13*x8/50000 + 6097*x13*x9/100000 - 1093*x13/5000 + 1041*x14**2/500 + 2627*x14*x15/100000 + 2473*x14*x2/100000 + 323*x14*x3/12500 + 939*x14*x4/50000 + 2541*x14*x5/100000 + 2373*x14*x6/100000 + 1243*x14*x7/50000 + 339*x14*x8/25000 + 2463*x14*x9/100000 - 299*x14/4000 + 421*x15**2/200 + 233*x15*x2/4000 + 7473*x15*x3/100000 + 357*x15*x4/10000 + 3477*x15*x5/50000 + 2777*x15*x6/50000 + 226*x15*x7/3125 + 2469*x15*x8/100000 + 1693*x15*x9/25000 - 1351*x15/5000 + 419*x2**2/200 + 2897*x2*x3/50000 + 3407*x2*x4/100000 + 5707*x2*x5/100000 + 4881*x2*x6/100000 + 5589*x2*x7/100000 + 2769*x2*x8/100000 + 1191*x2*x9/20000 - 1899*x2/10000 + 2107*x3**2/1000 + 3579*x3*x4/100000 + 7387*x3*x5/100000 + 1391*x3*x6/25000 + 7653*x3*x7/100000 + 309*x3*x8/12500 + 3597*x3*x9/50000 - 1351*x3/5000 + 417*x4**2/200 + 3557*x4*x5/100000 + 3323*x4*x6/100000 + 87*x4*x7/2500 + 183*x4*x8/10000 + 431*x4*x9/12500 - 207*x4/2000 + 2103*x5**2/1000 + 5569*x5*x6/100000 + 6837*x5*x7/100000 + 2883*x5*x8/100000 + 3399*x5*x9/50000 - 1379*x5/5000 + 1047*x6**2/500 + 5507*x6*x7/100000 + 1373*x6*x8/50000 + 5871*x6*x9/100000 - 69*x6/400 + 1053*x7**2/500 + 2469*x7*x8/100000 + 1693*x7*x9/25000 - 1351*x7/5000 + 521*x8**2/250 + 2873*x8*x9/100000 - 299*x8/4000 + 1051*x9**2/500 - 1409*x9/5000 + 23/8",
    "Q": "[[2.875487510182095, -0.13953102699437564, -0.038370873445516755, -0.13578647971549265, -0.08753810082243697, -0.1383373936262656, -0.05233602621911987, -0.13466689515751876, -0.0955971921456714, -0.1359398262047139, -0.03613137210724779, -0.11031500467829244, -0.13367676665771291, -0.14042326529062557, -0.0742878011849247, 0.1114214443554711], [-0.13953102699437564, 2.101456289711302, 0.013691305577969912, 0.0343703094052836, 0.02853316682974324, 0.03341186432457492, 0.018062774154215894, 0.035834552471982126, 0.029312501594057582, 0.03430449313244062, 0.012672043625566818, 0.03079622032057736, 0.0368468747186201, 0.03257455830284112, 0.025097842922509314, -0.034007046342349245], [-0.038370873445516755, 0.013691305577969912, 2.0830916217025015, 0.013032483337417643, 0.013233987357213855, 0.01347695217696907, 0.009569165437390937, 0.012878637566145271, 0.013961817490755249, 0.01316515963946619, 0.007232370867533053, 0.01485564032621626, 0.018317151819795256, 0.013791064640963543, 0.012595671796962374, -0.01257095732419137], [-0.13578647971549265, 0.0343703094052836, 0.013032483337417643, 2.1054163210270223, 0.02802706598313822, 0.03492008612264313, 0.017413855009005073, 0.037513305087670305, 0.028696979600991577, 0.035971609416033175, 0.012115961389833969, 0.02846002893377263, 0.0374595949291479, 0.03394382847071786, 0.024399544499729753, -0.034172356689591434], [-0.08753810082243697, 0.02853316682974324, 0.013233987357213855, 0.02802706598313822, 2.0937908957925866, 0.028357964115533648, 0.01594571917945166, 0.027696832451775698, 0.023817830600522658, 0.028096966058296435, 0.01198494888987639, 0.023015391958297493, 0.03268185744327057, 0.028617015590912613, 0.021107572842844872, -0.023842859843607886], [-0.1383373936262656, 0.03341186432457492, 0.01347695217696907, 0.03492008612264313, 0.028357964115533648, 2.102655213781289, 0.01784939118609739, 0.036333186791556685, 0.029102794160353208, 0.03484901048391414, 0.012489297718388354, 0.029943799358920435, 0.03704937298734019, 0.033018221994866793, 0.02486640112602741, -0.03404125789093669], [-0.05233602621911987, 0.018062774154215894, 0.009569165437390937, 0.017413855009005073, 0.01594571917945166, 0.01784939118609739, 2.0854269391841997, 0.017168672421696916, 0.01674874102188279, 0.01752778170642167, 0.00862710912606348, 0.017067326776815505, 0.02248436868490528, 0.018165976633252305, 0.015021227089982356, -0.015701636156001734], [-0.13466689515751876, 0.035834552471982126, 0.012878637566145271, 0.037513305087670305, 0.027696832451775698, 0.036333186791556685, 0.017168672421696916, 2.1073427355378986, 0.028337707546297636, 0.037336868527295036, 0.011986581843595969, 0.02685957232055227, 0.037952694846748916, 0.035463240664332735, 0.02403718721873984, -0.033971222639628484], [-0.0955971921456714, 0.029312501594057582, 0.013961817490755249, 0.028696979600991577, 0.023817830600522658, 0.029102794160353208, 0.01674874102188279, 0.028337707546297636, 2.094177123484577, 0.02878969723551488, 0.012625333377868557, 0.024405888206040147, 0.03391873625725657, 0.0294147614111798, 0.022101020249811743, -0.024631774565776608], [-0.1359398262047139, 0.03430449313244062, 0.01316515963946619, 0.035971609416033175, 0.028096966058296435, 0.03484901048391414, 0.01752778170642167, 0.037336868527295036, 0.02878969723551488, 2.1050104869249897, 0.012225149423201786, 0.02875702234120538, 0.03756715254299026, 0.03387735696566792, 0.024512459308802893, -0.03410026244674063], [-0.03613137210724779, 0.012672043625566818, 0.007232370867533053, 0.012115961389833969, 0.01198494888987639, 0.012489297718388354, 0.00862710912606348, 0.011986581843595969, 0.012625333377868557, 0.012225149423201786, 2.0818738749915204, 0.013284515120677826, 0.01660071360167642, 0.012757940518715864, 0.011369066588316549, -0.01152675844553209], [-0.11031500467829244, 0.03079622032057736, 0.01485564032621626, 0.02846002893377263, 0.023015391958297493, 0.029943799358920435, 0.017067326776815505, 0.02685957232055227, 0.024405888206040147, 0.02875702234120538, 0.013284515120677826, 2.662653256982935, 0.03677819085208838, 0.031357477715121825, 0.021932661024945774, -0.022040705230988316], [-0.13367676665771291, 0.0368468747186201, 0.018317151819795256, 0.0374595949291479, 0.03268185744327057, 0.03704937298734019, 0.02248436868490528, 0.037952694846748916, 0.03391873625725657, 0.03756715254299026, 0.01660071360167642, 0.03677819085208838, 2.108212956504117, 0.03660657279808627, 0.030031268644389347, -0.035252589889551156], [-0.14042326529062557, 0.03257455830284112, 0.013791064640963543, 0.03394382847071786, 0.028617015590912613, 0.033018221994866793, 0.018165976633252305, 0.035463240664332735, 0.0294147614111798, 0.03387735696566792, 0.012757940518715864, 0.031357477715121825, 0.03660657279808627, 2.100587494452745, 0.02520978399910636, -0.03398094417975467], [-0.0742878011849247, 0.025097842922509314, 0.012595671796962374, 0.024399544499729753, 0.021107572842844872, 0.02486640112602741, 0.015021227089982356, 0.02403718721873984, 0.022101020249811743, 0.024512459308802893, 0.011369066588316549, 0.021932661024945774, 0.030031268644389347, 0.02520978399910636, 2.0914079356571236, -0.02125430794221817], [0.1114214443554711, -0.034007046342349245, -0.01257095732419137, -0.034172356689591434, -0.023842859843607886, -0.03404125789093669, -0.015701636156001734, -0.033971222639628484, -0.024631774565776608, -0.03410026244674063, -0.01152675844553209, -0.022040705230988316, -0.035252589889551156, -0.03398094417975467, -0.02125430794221817, 2.0978901173526583]]",
    "monomial_list": "[1, x9, x8, x7, x6, x5, x4, x3, x2, x15, x14, x13, x12, x11, x10, x1]"
}