{
    "name": "Multiplier-2",
    "rational_expression": "2043*x1**2/1000 + 3451*x1*x10/100000 + 1243*x1*x11/25000 + 1253*x1*x12/25000 + 953*x1*x13/20000 + 2161*x1*x14/100000 + 973*x1*x15/20000 + 407*x1*x2/25000 + 4961*x1*x3/100000 + 2527*x1*x4/100000 + 4693*x1*x5/100000 + 4013*x1*x6/100000 + 4839*x1*x7/100000 + 2323*x1*x8/100000 + 4953*x1*x9/100000 - 331*x1/2000 + 409*x10**2/200 - 117*x10*x11/2500 - 3861*x10*x12/100000 - 97*x10*x13/2000 + 389*x10*x14/125000 - 4519*x10*x15/100000 - 2191*x10*x2/100000 - 144*x10*x3/3125 - 3737*x10*x4/10000000 - 1179*x10*x5/25000 - 1961*x10*x6/100000 - 2209*x10*x7/50000 + 2863*x10*x8/500000 - 1229*x10*x9/25000 + 217*x10/1250 + 511*x11**2/250 - 4873*x11*x12/100000 - 2311*x11*x13/50000 - 1469*x11*x14/50000 - 473*x11*x15/10000 + 4327*x11*x2/1000000 - 4829*x11*x3/100000 - 4069*x11*x4/100000 - 2289*x11*x5/50000 - 1289*x11*x6/25000 - 4741*x11*x7/100000 - 3489*x11*x8/100000 - 89*x11*x9/2000 + 116*x11/625 + 1021*x12**2/500 - 249*x12*x13/5000 - 2059*x12*x14/100000 - 1017*x12*x15/20000 - 757*x12*x2/500000 - 5189*x12*x3/100000 - 2801*x12*x4/100000 - 4933*x12*x5/100000 - 2137*x12*x6/50000 - 509*x12*x7/10000 - 1111*x12*x8/50000 - 521*x12*x9/10000 + 1977*x12/10000 + 1021*x13**2/500 - 2933*x13*x14/100000 - 2369*x13*x15/50000 - 1013*x13*x2/1000000 - 1209*x13*x3/25000 - 183*x13*x4/5000 - 2291*x13*x5/50000 - 2373*x13*x6/50000 - 4739*x13*x7/100000 - 1543*x13*x8/50000 - 4861*x13*x9/100000 + 116*x13/625 + 1023*x14**2/500 - 2961*x14*x15/100000 - 727*x14*x2/50000 - 3019*x14*x3/100000 + 4507*x14*x4/500000 - 3079*x14*x5/100000 - 3303*x14*x6/500000 - 1371*x14*x7/50000 + 59*x14*x8/5000 - 557*x14*x9/20000 + 109*x14/1000 + 1021*x15**2/500 - 511*x15*x2/500000 - 1307*x15*x3/25000 - 3651*x15*x4/100000 - 249*x15*x5/5000 - 4741*x15*x6/100000 - 5143*x15*x7/100000 - 1543*x15*x8/50000 - 4861*x15*x9/100000 + 116*x15/625 + 329*x2**2/125 - 6317*x2*x3/1000000 - 1717*x2*x4/100000 - 2281*x2*x5/1000000 - 1841*x2*x6/100000 - 599*x2*x7/250000 - 827*x2*x8/50000 + 431*x2*x9/250000 - 1411*x2/10000 + 2041*x3**2/1000 - 3651*x3*x4/100000 - 249*x3*x5/5000 - 4741*x3*x6/100000 - 5143*x3*x7/100000 - 1543*x3*x8/50000 - 4861*x3*x9/100000 + 116*x3/625 + 1023*x4**2/500 - 116*x4*x5/3125 - 9287*x4*x6/1000000 - 949*x4*x7/25000 + 319*x4*x8/25000 - 1929*x4*x9/50000 + 1371*x4/10000 + 511*x5**2/250 - 2373*x5*x6/50000 - 4739*x5*x7/100000 - 1543*x5*x8/50000 - 4861*x5*x9/100000 + 116*x5/625 + 511*x6**2/250 - 4821*x6*x7/100000 - 157*x6*x8/62500 - 1229*x6*x9/25000 + 217*x6/1250 + 1021*x7**2/500 - 1543*x7*x8/50000 - 4861*x7*x9/100000 + 116*x7/625 + 2047*x8**2/1000 - 3129*x8*x9/100000 + 121*x8/1000 + 511*x9**2/250 + 116*x9/625 + 2017/1000",
    "Q": "[[2.0171443409582035, 0.09201450049824643, 0.06102842976144903, 0.092397873577352, 0.0871671990703731, 0.09216409091526988, 0.06944291097945084, 0.09261690850041085, -0.06986644055337285, 0.09235880808181543, 0.05454596386257282, 0.09223172621769453, 0.09920634349197614, 0.0918630319784768, 0.08585100537946805, -0.08254979356190886], [0.09201450049824643, 2.0441670954463755, -0.016458929878824368, -0.02397617926867635, -0.024627453152854924, -0.02337060048917185, -0.019126360842918067, -0.024429004810604737, 0.000448653845079875, -0.023951526547130682, -0.014784651782592664, -0.02358988289057974, -0.025478338902868814, -0.02277325268507486, -0.023873335270815307, 0.02451600942136141], [0.06102842976144903, -0.016458929878824368, 2.047046608440643, -0.015695291276586615, -0.0016843677179146364, -0.0161888486601106, 0.005420911512502082, -0.015642730875885608, -0.007550404141623008, -0.015682535083469947, 0.00667029801651982, -0.016130600753574573, -0.011650908479743453, -0.016698187909226506, 0.002524998903133857, 0.01053927459571957], [0.092397873577352, -0.02397617926867635, -0.015695291276586615, 2.041711505633978, -0.024035428059378194, -0.024292499716872112, -0.018384110209364347, -0.025480985459265176, -0.0014977418853310662, -0.024907956238137633, -0.014157937041909345, -0.024560287980724856, -0.025844868474196765, -0.023707090993204578, -0.02306168015502465, 0.02457358932159933], [0.0871671990703731, -0.024627453152854924, -0.0016843677179146364, -0.024035428059378194, 2.0437076968804804, -0.024387579039142918, -0.004934677426031306, -0.02407386071695216, -0.009284686486640556, -0.024013689116353598, -0.00227408250844276, -0.02430556055712286, -0.02114762866006658, -0.024846714910824307, -0.008899513409594504, 0.019104648206020137], [0.09216409091526988, -0.02337060048917185, -0.0161888486601106, -0.024292499716872112, -0.024387579039142918, 2.0433073379140256, -0.018854671495156138, -0.024750660598682188, -0.00017957237742806433, -0.024263046365370664, -0.01455759321392877, -0.023919468761387522, -0.02560289582788887, -0.023098218832013, -0.023569078441984765, 0.0244977070503786], [0.06944291097945084, -0.019126360842918067, 0.005420911512502082, -0.018384110209364347, -0.004934677426031306, -0.018854671495156138, 2.0460204603396046, -0.01835153914963991, -0.008400665226966196, -0.018368890353519796, 0.003917109773804998, -0.018779329685652834, -0.014666703228034974, -0.019368552838899943, -0.0009065361745075319, 0.013195264051181805], [0.09261690850041085, -0.024429004810604737, -0.015642730875885608, -0.025480985459265176, -0.02407386071695216, -0.024750660598682188, -0.01835153914963991, 2.0414360247910093, -0.002887089125663232, -0.025415357669149517, -0.014134736438388421, -0.025086332381408467, -0.02627465484379095, -0.024167049592117244, -0.023031794948322238, 0.0247165799554792], [-0.06986644055337285, 0.000448653845079875, -0.007550404141623008, -0.0014977418853310662, -0.009284686486640556, -0.00017957237742806433, -0.008400665226966196, -0.002887089125663232, 2.631796959173767, -0.0013208884377768385, -0.00682412489361153, -0.0010967786061559701, -1.2947332652938647e-06, 0.0008970594754666483, -0.009762137863870923, 0.007046172461126939], [0.09235880808181543, -0.023951526547130682, -0.015682535083469947, -0.024907956238137633, -0.024013689116353598, -0.024263046365370664, -0.018368890353519796, -0.025415357669149517, -0.0013208884377768385, 2.041821125577762, -0.014143825935654266, -0.024503372214782125, -0.02580459071293771, -0.02368526328894338, -0.023044811186298968, 0.024546205537222386], [0.05454596386257282, -0.014784651782592664, 0.00667029801651982, -0.014157937041909345, -0.00227408250844276, -0.01455759321392877, 0.003917109773804998, -0.014134736438388421, -0.00682412489361153, -0.014143825935654266, 2.0460836650845797, -0.014512790789234722, -0.010747196147965366, -0.01498728207174415, 0.001314160273685889, 0.009790328907684004], [0.09223172621769453, -0.02358988289057974, -0.016130600753574573, -0.024560287980724856, -0.02430556055712286, -0.023919468761387522, -0.018779329685652834, -0.025086332381408467, -0.0010967786061559701, -0.024503372214782125, -0.014512790789234722, 2.0422091393650437, -0.02578738305426086, -0.023307902043132357, -0.023461765387919668, 0.024528002267732753], [0.09920634349197614, -0.025478338902868814, -0.011650908479743453, -0.025844868474196765, -0.02114762866006658, -0.02560289582788887, -0.014666703228034974, -0.02627465484379095, -1.2947332652938647e-06, -0.02580459071293771, -0.010747196147965366, -0.02578738305426086, 2.042444145245345, -0.025380454818451383, -0.01927644942315617, 0.02416587112237514], [0.0918630319784768, -0.02277325268507486, -0.016698187909226506, -0.023707090993204578, -0.024846714910824307, -0.023098218832013, -0.019368552838899943, -0.024167049592117244, 0.0008970594754666483, -0.02368526328894338, -0.01498728207174415, -0.023307902043132357, -0.025380454818451383, 2.0448261867370126, -0.02414505298698676, 0.024548227313923626], [0.08585100537946805, -0.023873335270815307, 0.002524998903133857, -0.02306168015502465, -0.008899513409594504, -0.023569078441984765, -0.0009065361745075319, -0.023031794948322238, -0.009762137863870923, -0.023044811186298968, 0.001314160273685889, -0.023461765387919668, -0.01927644942315617, -0.02414505298698676, 2.045196726217709, 0.01729435202522336], [-0.08254979356190886, 0.02451600942136141, 0.01053927459571957, 0.02457358932159933, 0.019104648206020137, 0.0244977070503786, 0.013195264051181805, 0.0247165799554792, 0.007046172461126939, 0.024546205537222386, 0.009790328907684004, 0.024528002267732753, 0.02416587112237514, 0.024548227313923626, 0.01729435202522336, 2.0426888782232004]]",
    "monomial_list": "[1, x9, x8, x7, x6, x5, x4, x3, x2, x15, x14, x13, x12, x11, x10, x1]"
}