{
    "name": "Multiplier-8",
    "rational_expression": "202771924622357*x1**2/100000000000000 + 242967205122113*x1*x10/5000000000000000 + 736675448715687*x1*x11/10000000000000000 + 711574330925941*x1*x12/10000000000000000 + 6889*x1*x13/100000 + 353*x1*x14/12500 + 7267*x1*x15/100000 + 1377*x1*x2/25000 + 6971*x1*x3/100000 + 3539*x1*x4/100000 + 1453*x1*x5/20000 + 5309*x1*x6/100000 + 689*x1*x7/10000 + 1121*x1*x8/250000 + 7121*x1*x9/100000 - 2337*x1/10000 + 40658203291241*x10**2/20000000000000 - 700697116553783*x10*x11/10000000000000000 - 545155741274357*x10*x12/10000000000000000 - 6839*x10*x13/100000 + 3823*x10*x14/500000 - 6731*x10*x15/100000 - 99*x10*x2/5000 - 843*x10*x3/12500 + 1133*x10*x4/2000000 - 871*x10*x5/12500 - 1043*x10*x6/50000 - 1299*x10*x7/20000 - 46*x10*x8/3125 - 7121*x10*x9/100000 + 2337*x10/10000 + 202691610530019*x11**2/100000000000000 - 105403233319521*x11*x12/1250000000000000 - 7459*x11*x13/100000 - 1049*x11*x14/25000 - 1499*x11*x15/20000 - 7519*x11*x2/100000 - 7709*x11*x3/100000 - 661*x11*x4/12500 - 7641*x11*x5/100000 - 1851*x11*x6/25000 - 7751*x11*x7/100000 + 789*x11*x8/50000 - 381*x11*x9/5000 + 2739*x11/10000 + 50630724709481*x12**2/25000000000000 - 8463*x12*x13/100000 - 709*x12*x14/25000 - 1703*x12*x15/20000 - 6503*x12*x2/100000 - 333*x12*x3/4000 - 1961*x12*x4/50000 - 8269*x12*x5/100000 - 321*x12*x6/5000 - 262*x12*x7/3125 + 1417*x12*x8/200000 - 1653*x12*x9/20000 + 1481*x12/5000 + 1013*x13**2/500 - 4213*x13*x14/100000 - 3769*x13*x15/50000 - 7551*x13*x2/100000 - 1937*x13*x3/25000 - 166*x13*x4/3125 - 7681*x13*x5/100000 - 7037*x13*x6/100000 - 1557*x13*x7/20000 + 1103*x13*x8/100000 - 1529*x13*x9/20000 + 2703*x13/10000 + 2031*x14**2/1000 - 3917*x14*x15/100000 - 137*x14*x2/100000 - 3719*x14*x3/100000 + 181*x14*x4/12500 - 4237*x14*x5/100000 - 261*x14*x6/62500 - 201*x14*x7/5000 - 59*x14*x8/5000 - 1037*x14*x9/25000 + 1461*x14/10000 + 81*x15**2/40 - 1429*x15*x2/20000 - 1937*x15*x3/25000 - 166*x15*x4/3125 - 7681*x15*x5/100000 - 7037*x15*x6/100000 - 1557*x15*x7/20000 + 1103*x15*x8/100000 - 1529*x15*x9/20000 + 2703*x15/10000 + 2031*x2**2/1000 - 437*x2*x3/6250 - 1081*x2*x4/100000 - 1449*x2*x5/20000 - 1611*x2*x6/50000 - 7241*x2*x7/100000 - 159*x2*x8/10000 - 1867*x2*x9/25000 + 2413*x2/10000 + 1013*x3**2/500 - 1231*x3*x4/25000 - 1543*x3*x5/20000 - 7061*x3*x6/100000 - 1563*x3*x7/20000 + 1303*x3*x8/200000 - 7673*x3*x9/100000 + 2667*x3/10000 + 2033*x4**2/1000 - 5429*x4*x5/100000 - 1283*x4*x6/100000 - 661*x4*x7/12500 - 161*x4*x8/12500 - 341*x4*x9/6250 + 233*x4/1250 + 1013*x5**2/500 - 7009*x5*x6/100000 - 7751*x5*x7/100000 + 789*x5*x8/50000 - 381*x5*x9/5000 + 2739*x5/10000 + 203*x6**2/100 - 7241*x6*x7/100000 - 159*x6*x8/10000 - 1867*x6*x9/25000 + 2413*x6/10000 + 81*x7**2/40 + 1103*x7*x8/100000 - 1529*x7*x9/20000 + 2703*x7/10000 + 2661*x8**2/1000 + 797*x8*x9/50000 - 338*x8/625 + 1013*x9**2/500 + 2739*x9/10000 + 1827/1000",
    "Q": "[[1.8268050736695656, 0.13734652985475615, -0.26987383413428556, 0.1357704623724079, 0.12143573972994895, 0.13699608836691132, 0.09295083996714977, 0.1340007764444716, 0.12026320071355465, 0.13602693576072272, 0.07229049116169357, 0.13588577709313718, 0.1476336666623977, 0.13749530403618537, 0.11734724664702183, -0.11614246083633276], [0.13734652985475615, 2.0267481785622725, 0.007916140965330923, -0.038210701142475954, -0.036394526515563144, -0.037689009477096205, -0.02712991095970109, -0.03826362754986667, -0.03767857949630558, -0.03823064438456774, -0.020831090030376063, -0.037684430025563015, -0.04212845070804769, -0.037073521022401926, -0.034638898238475206, 0.03598710232058934], [-0.26987383413428556, 0.007916140965330923, 2.6613688585934754, 0.005733011438985665, -0.007130122781759685, 0.007164591429079862, -0.007509923142204155, 0.004268387804348589, -0.006823988249886793, 0.005889823095480357, -0.006222544028726369, 0.006270456702808345, 0.004701868078344183, 0.008510304788939263, -0.008642894694098726, 0.0021870479147266335], [0.1357704623724079, -0.038210701142475954, 0.005733011438985665, 2.0256708273609334, -0.03508728956683206, -0.03842844899983925, -0.02586426823924225, -0.038916253785904534, -0.036234811600881184, -0.03892794945075036, -0.01979664571757318, -0.038377480061017495, -0.04185428023858964, -0.037976949856366474, -0.033142331862052746, 0.03539749772020414], [0.12143573972994895, -0.036394526515563144, -0.007130122781759685, -0.03508728956683206, 2.029766366916976, -0.03596020277952014, -0.005606320972239615, -0.0346224571228183, -0.016565461587272148, -0.035125699863654124, -0.0020682570457668126, -0.035673752692596435, -0.03138142496652862, -0.0367697153247085, -0.011370671870462265, 0.026267547174913093], [0.13699608836691132, -0.037689009477096205, 0.007164591429079862, -0.03842844899983925, -0.03596020277952014, 2.0260608420467334, -0.026724793609206363, -0.03846667215705064, -0.03720130101911668, -0.03844654407143119, -0.020504824455416747, -0.03795095951425297, -0.04204744013958131, -0.03740141928459272, -0.034152416507323285, 0.035782499083977244], [0.09295083996714977, -0.02712991095970109, -0.007509923142204155, -0.02586426823924225, -0.005606320972239615, -0.026724793609206363, 2.0323622113265216, -0.025598117966568325, -0.004840361856413534, -0.02587360936615901, 0.007594341662830266, -0.02660419892988282, -0.02039755436098287, -0.02749245744361677, 0.0006929143661912305, 0.01774835259702222], [0.1340007764444716, -0.03826362754986667, 0.004268387804348589, -0.038916253785904534, -0.0346224571228183, -0.03846667215705064, -0.025598117966568325, 2.0268788141174707, -0.035735592564096315, -0.03893155465022444, -0.019631370113563668, -0.038478735508948855, -0.041773464808858046, -0.03805744442038284, -0.032719432855473726, 0.03490434138479659], [0.12026320071355465, -0.03767857949630558, -0.006823988249886793, -0.036234811600881184, -0.016565461587272148, -0.03720130101911668, -0.004840361856413534, -0.035735592564096315, 2.03111511162893, -0.03627667307814644, -0.0012515125559240151, -0.03689109006684351, -0.03207484009085124, -0.038090142862346875, -0.010803614921868925, 0.02687206959505506], [0.13602693576072272, -0.03823064438456774, 0.005889823095480357, -0.03892794945075036, -0.035125699863654124, -0.03844654407143119, -0.02587360936615901, -0.03893155465022444, -0.03627667307814644, 2.0254687680675207, -0.01979703675210431, -0.03831755403036238, -0.04185050869498862, -0.03799629481050948, -0.03316955670572404, 0.0354521883051804], [0.07229049116169357, -0.020831090030376063, -0.006222544028726369, -0.01979664571757318, -0.0020682570457668126, -0.020504824455416747, 0.007594341662830266, -0.019631370113563668, -0.0012515125559240151, -0.01979703675210431, 2.031159698564203, -0.020457105989772923, -0.014685954278463363, -0.021127324668740705, 0.003664947642274739, 0.013184842759779129], [0.13588577709313718, -0.037684430025563015, 0.006270456702808345, -0.038377480061017495, -0.035673752692596435, -0.03795095951425297, -0.02660419892988282, -0.038478735508948855, -0.03689109006684351, -0.03831755403036238, -0.020457105989772923, 2.025587562074426, -0.041926488906303835, -0.037405991359015116, -0.03391485598146718, 0.035484972291075056], [0.1476336666623977, -0.04212845070804769, 0.004701868078344183, -0.04185428023858964, -0.03138142496652862, -0.04204744013958131, -0.02039755436098287, -0.041773464808858046, -0.03207484009085124, -0.04185050869498862, -0.014685954278463363, -0.041926488906303835, 2.0251939945136535, -0.04217427531207923, -0.027834652983152422, 0.035830032349743884], [0.13749530403618537, -0.037073521022401926, 0.008510304788939263, -0.037976949856366474, -0.0367697153247085, -0.03740141928459272, -0.02749245744361677, -0.03805744442038284, -0.038090142862346875, -0.03799629481050948, -0.021127324668740705, -0.037405991359015116, -0.04217427531207923, 2.027430987682327, -0.03506544848378132, 0.03614913615086485], [0.11734724664702183, -0.034638898238475206, -0.008642894694098726, -0.033142331862052746, -0.011370671870462265, -0.034152416507323285, 0.0006929143661912305, -0.032719432855473726, -0.010803614921868925, -0.03316955670572404, 0.003664947642274739, -0.03391485598146718, -0.027834652983152422, -0.03506544848378132, 2.0326416930340008, 0.02357811856803033], [-0.11614246083633276, 0.03598710232058934, 0.0021870479147266335, 0.03539749772020414, 0.026267547174913093, 0.035782499083977244, 0.01774835259702222, 0.03490434138479659, 0.02687206959505506, 0.0354521883051804, 0.013184842759779129, 0.035484972291075056, 0.035830032349743884, 0.03614913615086485, 0.02357811856803033, 2.0277899062982065]]",
    "monomial_list": "[1, x9, x8, x7, x6, x5, x4, x3, x2, x15, x14, x13, x12, x11, x10, x1]"
}