{
    "name": "Multiplier-5",
    "rational_expression": "2109*x1**2/1000 - 183*x1*x10/3125 - 1091*x1*x11/12500 - 4597*x1*x12/50000 - 8539*x1*x13/100000 - 629*x1*x14/20000 - 2213*x1*x15/25000 - 6659*x1*x2/100000 - 4359*x1*x3/50000 - 4201*x1*x4/100000 - 2877*x1*x5/50000 - 6357*x1*x6/100000 - 8467*x1*x7/100000 - 853*x1*x8/25000 - 4393*x1*x9/50000 + 59*x1/200 + 1049*x10**2/500 + 629*x10*x11/10000 + 3583*x10*x12/50000 + 3073*x10*x13/50000 + 1269*x10*x14/50000 + 6073*x10*x15/100000 + 53*x10*x2/1000 + 1493*x10*x3/25000 + 3501*x10*x4/100000 + 943*x10*x5/20000 + 203*x10*x6/4000 + 1547*x10*x7/25000 + 2813*x10*x8/100000 + 191*x10*x9/3125 - 77*x10/400 + 2107*x11**2/1000 + 171*x11*x12/2000 + 1497*x11*x13/20000 + 2787*x11*x14/100000 + 7823*x11*x15/100000 + 7239*x11*x2/100000 + 1623*x11*x3/20000 + 1073*x11*x4/25000 + 6447*x11*x5/100000 + 277*x11*x6/4000 + 7871*x11*x7/100000 + 1521*x11*x8/50000 + 7377*x11*x9/100000 - 429*x11/1250 + 1059*x12**2/500 + 8831*x12*x13/100000 + 229*x12*x14/6250 + 8731*x12*x15/100000 + 8547*x12*x2/100000 + 8991*x12*x3/100000 + 5127*x12*x4/100000 + 8039*x12*x5/100000 + 256*x12*x6/3125 + 1087*x12*x7/12500 + 781*x12*x8/20000 + 43*x12*x9/500 - 3373*x12/10000 + 2111*x13**2/1000 + 2777*x13*x14/100000 + 4097*x13*x15/50000 + 3601*x13*x2/50000 + 339*x13*x3/4000 + 4269*x13*x4/100000 + 1177*x13*x5/20000 + 689*x13*x6/10000 + 8227*x13*x7/100000 + 1513*x13*x8/50000 + 7733*x13*x9/100000 - 3311*x13/10000 + 521*x14**2/250 + 691*x14*x15/25000 + 301*x14*x2/10000 + 2711*x14*x3/100000 + 1509*x14*x4/100000 + 2583*x14*x5/100000 + 29*x14*x6/1000 + 653*x14*x7/25000 + 1389*x14*x8/100000 + 1491*x14*x9/50000 - 8433*x14/100000 + 264*x15**2/125 + 3601*x15*x2/50000 + 339*x15*x3/4000 + 4269*x15*x4/100000 + 1177*x15*x5/20000 + 689*x15*x6/10000 + 8227*x15*x7/100000 + 1513*x15*x8/50000 + 7733*x15*x9/100000 - 3311*x15/10000 + 2103*x2**2/1000 + 7157*x2*x3/100000 + 4077*x2*x4/100000 + 5523*x2*x5/100000 + 6143*x2*x6/100000 + 3673*x2*x7/50000 + 29*x2*x8/1000 + 363*x2*x9/5000 - 2469*x2/10000 + 2117*x3**2/1000 + 171*x3*x4/4000 + 2947*x3*x5/50000 + 6901*x3*x6/100000 + 173*x3*x7/2000 + 3029*x3*x8/100000 + 8149*x3*x9/100000 - 3311*x3/10000 + 2089*x4**2/1000 + 193*x4*x5/5000 + 249*x4*x6/6250 + 2087*x4*x7/50000 + 1899*x4*x8/100000 + 2061*x4*x9/50000 - 53*x4/400 + 1333*x5**2/500 + 2649*x5*x6/50000 + 3051*x5*x7/50000 + 2903*x5*x8/100000 + 6449*x5*x9/100000 - 158*x5/625 + 1051*x6**2/500 + 853*x6*x7/12500 + 2873*x6*x8/100000 + 7161*x6*x9/100000 - 2289*x6/10000 + 2113*x7**2/1000 + 1513*x7*x8/50000 + 7733*x7*x9/100000 - 3311*x7/10000 + 1043*x8**2/500 + 377*x8*x9/12500 - 903*x8/10000 + 2107*x9**2/1000 - 3373*x9/10000 + 301/100",
    "Q": "[[3.009887828312944, -0.17000297589290955, -0.045494063443816166, -0.1657020633987977, -0.11540601891573357, -0.1253623987754332, -0.06576263134447695, -0.16581246467728536, -0.12361855997635036, -0.16599101767873253, -0.043325868230130744, -0.16646074617483964, -0.16715458159167212, -0.17103052961929058, -0.09658922155317691, 0.1479469477968183], [-0.17000297589290955, 2.1079947318056598, 0.01507419513605166, 0.03931762230445459, 0.03552318141337644, 0.031854442865615805, 0.021238325847674315, 0.04117912270890805, 0.036317556851846865, 0.03926750108626117, 0.014146271578504099, 0.03876597714769165, 0.0437073810807728, 0.037780238535388325, 0.030641962880354458, -0.0430657287120401], [-0.045494063443816166, 0.01507419513605166, 2.085264445584884, 0.014435526061952371, 0.014852804642344413, 0.015016401289107278, 0.00924987261978831, 0.01468156814503253, 0.015406982387404025, 0.014515647596486903, 0.006313902433006132, 0.014259598587103331, 0.019831906994922224, 0.015172602918164108, 0.013244474615975188, -0.0160413385692834], [-0.1657020633987977, 0.03931762230445459, 0.014435526061952371, 2.1126674646177226, 0.03505720729401, 0.02972574817514952, 0.020615280982059794, 0.04295410276941121, 0.03572558858834932, 0.0408464784792347, 0.01361157250956266, 0.04047398687512949, 0.04402270205779063, 0.03886135128870382, 0.02997111444129563, -0.043348133007211895], [-0.11540601891573357, 0.03552318141337644, 0.014852804642344413, 0.03505720729401, 2.1021180631151313, 0.02679172274500884, 0.01900718312434977, 0.03501901949781445, 0.03023115792442874, 0.03513207552468425, 0.013654179464088033, 0.03484978559163366, 0.04043562659191333, 0.03558650425266755, 0.026182827315567, -0.032136204888338904], [-0.1253623987754332, 0.031854442865615805, 0.015016401289107278, 0.02972574817514952, 0.02679172274500884, 2.665812170383293, 0.018423639752597195, 0.028822693401794545, 0.02807865369011988, 0.029985603628493743, 0.013595801147982135, 0.029482265988829737, 0.039568022257902194, 0.03230494706194703, 0.02474289149215597, -0.02741803552528321], [-0.06576263134447695, 0.021238325847674315, 0.00924987261978831, 0.020615280982059794, 0.01900718312434977, 0.018423639752597195, 2.0891376456651725, 0.020717127226505323, 0.019702196497866645, 0.020696830757217483, 0.008549630204196119, 0.020441586001762938, 0.025962429575104876, 0.021335257318358294, 0.01703371676270516, -0.020583188987072235], [-0.16581246467728536, 0.04117912270890805, 0.01468156814503253, 0.04295410276941121, 0.03501901949781445, 0.028822693401794545, 0.020717127226505323, 2.116379098111, 0.0356914695852943, 0.04279967297098052, 0.013823554780004434, 0.04239055983154912, 0.044902635294389016, 0.040751995887765555, 0.029955243834639756, -0.04331171730595995], [-0.12361855997635036, 0.036317556851846865, 0.015406982387404025, 0.03572558858834932, 0.03023115792442874, 0.02807865369011988, 0.019702196497866645, 0.0356914695852943, 2.1024700440814104, 0.035813906494153704, 0.014155993788550527, 0.03551436398202095, 0.04168125005287333, 0.0364028511252044, 0.027122176421176314, -0.03311321190248073], [-0.16599101767873253, 0.03926750108626117, 0.014515647596486903, 0.0408464784792347, 0.03513207552468425, 0.029985603628493743, 0.020696830757217483, 0.04279967297098052, 0.035813906494153704, 2.1120996219306574, 0.01367861421395995, 0.040466379842706644, 0.04413841814435907, 0.03881543166974041, 0.03006618445856411, -0.043342699660548704], [-0.043325868230130744, 0.014146271578504099, 0.006313902433006132, 0.01361157250956266, 0.013654179464088033, 0.013595801147982135, 0.008549630204196119, 0.013823554780004434, 0.014155993788550527, 0.01367861421395995, 2.0843106278794927, 0.013456331731988742, 0.0182339616504731, 0.014229463933252771, 0.012186608046553499, -0.014786389726162594], [-0.16646074617483964, 0.03876597714769165, 0.014259598587103331, 0.04047398687512949, 0.03484978559163366, 0.029482265988829737, 0.020441586001762938, 0.04239055983154912, 0.03551436398202095, 0.040466379842706644, 0.013456331731988742, 2.11108120033401, 0.043436693448415116, 0.03831936660020147, 0.029765564820838385, -0.043171162164808874], [-0.16715458159167212, 0.0437073810807728, 0.019831906994922224, 0.04402270205779063, 0.04043562659191333, 0.039568022257902194, 0.025962429575104876, 0.044902635294389016, 0.04168125005287333, 0.04413841814435907, 0.0182339616504731, 0.043436693448415116, 2.118083415451376, 0.043480080180577495, 0.03612104030600508, -0.04543874724454256], [-0.17103052961929058, 0.037780238535388325, 0.015172602918164108, 0.03886135128870382, 0.03558650425266755, 0.03230494706194703, 0.021335257318358294, 0.040751995887765555, 0.0364028511252044, 0.03881543166974041, 0.014229463933252771, 0.03831936660020147, 0.043480080180577495, 2.107146900464377, 0.030741690563867344, -0.042993448877370534], [-0.09658922155317691, 0.030641962880354458, 0.013244474615975188, 0.02997111444129563, 0.026182827315567, 0.02474289149215597, 0.01703371676270516, 0.029955243834639756, 0.027122176421176314, 0.03006618445856411, 0.012186608046553499, 0.029765564820838385, 0.03612104030600508, 0.030741690563867344, 2.097751815614353, -0.02839282507505536], [0.1479469477968183, -0.0430657287120401, -0.0160413385692834, -0.043348133007211895, -0.032136204888338904, -0.02741803552528321, -0.020583188987072235, -0.04331171730595995, -0.03311321190248073, -0.043342699660548704, -0.014786389726162594, -0.043171162164808874, -0.04543874724454256, -0.042993448877370534, -0.02839282507505536, 2.108834021791897]]",
    "monomial_list": "[1, x9, x8, x7, x6, x5, x4, x3, x2, x15, x14, x13, x12, x11, x10, x1]"
}