{
    "name": "Multiplier-1",
    "rational_expression": "1319*x1**2/500 + 41*x1*x10/4000 + 1989*x1*x11/200000 + 23*x1*x12/4000 + 1439*x1*x13/100000 + 3337*x1*x14/1000000 + 1453*x1*x15/100000 + 1061*x1*x2/100000 + 369*x1*x3/25000 + 1813*x1*x4/250000 + 43*x1*x5/4000 + 757*x1*x6/50000 + 137*x1*x7/12500 + 871*x1*x8/250000 + 557*x1*x9/50000 - 1953*x1/50000 + 411*x10**2/200 - 2733*x10*x11/100000 - 227*x10*x12/12500 - 347*x10*x13/12500 + 577*x10*x14/250000 - 2797*x10*x15/100000 - 1203*x10*x2/100000 - 1419*x10*x3/50000 - 1991*x10*x4/2000000 - 2463*x10*x5/100000 - 31*x10*x6/2500 - 2489*x10*x7/100000 + 6169*x10*x8/1000000 - 2529*x10*x9/100000 + 1211*x10/10000 + 2053*x11**2/1000 - 3369*x11*x12/100000 - 3487*x11*x13/100000 - 9887*x11*x14/1000000 - 3519*x11*x15/100000 - 201*x11*x2/6250 - 112*x11*x3/3125 - 109*x11*x4/6250 - 3253*x11*x5/100000 - 2877*x11*x6/100000 - 3301*x11*x7/100000 - 513*x11*x8/50000 - 839*x11*x9/25000 + 1211*x11/10000 + 513*x12**2/250 - 1697*x12*x13/50000 - 1077*x12*x14/200000 - 3423*x12*x15/100000 - 109*x12*x2/4000 - 3483*x12*x3/100000 - 637*x12*x4/50000 - 891*x12*x5/25000 - 87*x12*x6/3125 - 903*x12*x7/25000 - 5763*x12*x8/1000000 - 817*x12*x9/25000 + 189*x12/1250 + 513*x13**2/250 - 9819*x13*x14/1000000 - 3503*x13*x15/100000 - 1601*x13*x2/50000 - 3567*x13*x3/100000 - 867*x13*x4/50000 - 3237*x13*x5/100000 - 653*x13*x6/20000 - 411*x13*x7/12500 - 51*x13*x8/5000 - 209*x13*x9/6250 + 627*x13/5000 + 1029*x14**2/500 - 2457*x14*x15/250000 - 1767*x14*x2/1000000 - 1993*x14*x3/200000 + 5711*x14*x4/1000000 - 127*x14*x5/12500 - 929*x14*x6/500000 - 511*x14*x7/50000 + 2341*x14*x8/250000 - 1039*x14*x9/100000 + 3243*x14/50000 + 513*x15**2/250 - 319*x15*x2/10000 - 1777*x15*x3/50000 - 69*x15*x4/4000 - 129*x15*x5/4000 - 813*x15*x6/25000 - 131*x15*x7/4000 - 1013*x15*x8/100000 - 3331*x15*x9/100000 + 1297*x15/10000 + 2053*x2**2/1000 - 1607*x2*x3/50000 - 519*x2*x4/100000 - 359*x2*x5/12500 - 1017*x2*x6/50000 - 2909*x2*x7/100000 + 2037*x2*x8/1000000 - 591*x2*x9/20000 + 1211*x2/10000 + 2051*x3**2/1000 - 861*x3*x4/50000 - 3621*x3*x5/100000 - 203*x3*x6/6250 - 1837*x3*x7/50000 - 9*x3*x8/625 - 3331*x3*x9/100000 + 1297*x3/10000 + 2057*x4**2/1000 - 437*x4*x5/25000 - 5197*x4*x6/1000000 - 1763*x4*x7/100000 + 9803*x4*x8/1000000 - 1791*x4*x9/100000 + 9079*x4/100000 + 2053*x5**2/1000 - 653*x5*x6/20000 - 411*x5*x7/12500 - 51*x5*x8/5000 - 209*x5*x9/6250 + 627*x5/5000 + 2053*x6**2/1000 - 1641*x6*x7/50000 - 1847*x6*x8/1000000 - 293*x6*x9/10000 + 1297*x6/10000 + 2051*x7**2/1000 - 1013*x7*x8/100000 - 3331*x7*x9/100000 + 1297*x7/10000 + 2059*x8**2/1000 - 1027*x8*x9/100000 + 1383*x8/20000 + 1027*x9**2/500 + 627*x9/5000 + 1081/500",
    "Q": "[[2.1623234233349717, 0.06193587066647281, 0.034888261679563215, 0.06424770170039625, 0.06571343222010702, 0.06272840538299597, 0.04518626300464243, 0.06567980946154756, 0.06078448921803422, 0.06409383111431548, 0.03212877195831665, 0.06336491347525852, 0.07475243541554673, 0.06125312806340232, 0.061466959921598396, -0.018752086296412035], [0.06193587066647281, 2.0535097860108023, -0.005010822789640206, -0.01680706382592138, -0.01514052727476763, -0.01684617394183162, -0.008415233366628652, -0.017059116365113487, -0.015061084477879334, -0.016840963084854943, -0.004994112281609874, -0.01683869387953615, -0.017238718235836555, -0.016673336314548735, -0.012869835024458041, 0.0053254785786343364], [0.034888261679563215, -0.005010822789640206, 2.0588336638260105, -0.005530567357730857, -0.00026144107908882144, -0.005176719458849294, 0.004645445057454018, -0.006095648522734457, 0.0003355935065037845, -0.005447842433922371, 0.005583605238219734, -0.005632730532223535, -0.0021588890182972493, -0.004922282696831493, 0.002609354286525035, 0.002510084025518769], [0.06424770170039625, -0.01680706382592138, -0.005530567357730857, 2.0513402716397, -0.0154967482975075, -0.016993926490822566, -0.008861551547944088, -0.01757473446204617, -0.015456568891482543, -0.01715298069929134, -0.0054498801877186235, -0.01711861815161454, -0.0176400869010046, -0.016639731169780268, -0.013283384239010656, 0.006472248749383724], [0.06571343222010702, -0.01514052727476763, -0.00026144107908882144, -0.0154967482975075, 2.0535512143551924, -0.015246189973636325, -0.0032520132743983853, -0.016074408638790876, -0.009437650430689518, -0.015420123243223501, -0.0009664221581963543, -0.015583949935696109, -0.01288179631040869, -0.01509765341645042, -0.00670597538120176, 0.006594846113383412], [0.06272840538299597, -0.01684617394183162, -0.005176719458849294, -0.016993926490822566, -0.015246189973636325, 2.0529270063667244, -0.008552112637901444, -0.01725642007710982, -0.01518163642427871, -0.01702318972878381, -0.00513732058814968, -0.01698792444181061, -0.01747948736094681, -0.01673470821776841, -0.012995100430953104, 0.005673027672834569], [0.04518626300464243, -0.008415233366628652, 0.004645445057454018, -0.008861551547944088, -0.0032520132743983853, -0.008552112637901444, 2.0570403350716355, -0.00943131551509058, -0.002750887260025528, -0.008779211782500585, 0.0033903558584281097, -0.008962960326800811, -0.005705524114444578, -0.008349054204240312, -0.00034319493859095236, 0.003943187977852498], [0.06567980946154756, -0.017059116365113487, -0.006095648522734457, -0.01757473446204617, -0.016074408638790876, -0.01725642007710982, -0.00943131551509058, 2.0508007156532875, -0.01605416450028266, -0.017540944558331852, -0.005952433579146114, -0.017427220819136835, -0.0181323510283214, -0.01689137583990582, -0.01390053958701253, 0.00762345897867276], [0.06078448921803422, -0.015061084477879334, 0.0003355935065037845, -0.015456568891482543, -0.009437650430689518, -0.01518163642427871, -0.002750887260025528, -0.01605416450028266, 2.053794730509487, -0.015375885626256412, -0.0004747522395424873, -0.015554940339522726, -0.012577853267263977, -0.015009166727117326, -0.006241962298325941, 0.006112849308818176], [0.06409383111431548, -0.016840963084854943, -0.005447842433922371, -0.01715298069929134, -0.015420123243223501, -0.01702318972878381, -0.008779211782500585, -0.017540944558331852, -0.015375885626256412, 2.0515568421423134, -0.005377194265191233, -0.017169981152659983, -0.01762638041378707, -0.016677378079272446, -0.013195314939454814, 0.006308724814727838], [0.03212877195831665, -0.004994112281609874, 0.005583605238219734, -0.0054498801877186235, -0.0009664221581963543, -0.00513732058814968, 0.0033903558584281097, -0.005952433579146114, -0.0004747522395424873, -0.005377194265191233, 2.0579413449897093, -0.005526405131969609, -0.002630468961788669, -0.0049172921879490255, 0.0015185831765395087, 0.0025512723993252775], [0.06336491347525852, -0.01683869387953615, -0.005632730532223535, -0.01711861815161454, -0.015583949935696109, -0.01698792444181061, -0.008962960326800811, -0.017427220819136835, -0.015554940339522726, -0.017169981152659983, -0.005526405131969609, 2.0519503322850325, -0.017847497195162147, -0.016698458359977606, -0.01340915219008033, 0.006427532431523943], [0.07475243541554673, -0.017238718235836555, -0.0021588890182972493, -0.0176400869010046, -0.01288179631040869, -0.01747948736094681, -0.005705524114444578, -0.0181323510283214, -0.012577853267263977, -0.01762638041378707, -0.002630468961788669, -0.017847497195162147, 2.052554101955874, -0.01705549811003164, -0.009921225025747837, 0.0030686458301458436], [0.06125312806340232, -0.016673336314548735, -0.004922282696831493, -0.016639731169780268, -0.01509765341645042, -0.01673470821776841, -0.008349054204240312, -0.01689137583990582, -0.015009166727117326, -0.016677378079272446, -0.0049172921879490255, -0.016698458359977606, -0.01705549811003164, 2.0538417761382783, -0.012817107448175845, 0.005134683753443047], [0.061466959921598396, -0.012869835024458041, 0.002609354286525035, -0.013283384239010656, -0.00670597538120176, -0.012995100430953104, -0.00034319493859095236, -0.01390053958701253, -0.006241962298325941, -0.013195314939454814, 0.0015185831765395087, -0.01340915219008033, -0.009921225025747837, -0.012817107448175845, 2.055129548322897, 0.005576039936507537], [-0.018752086296412035, 0.0053254785786343364, 0.002510084025518769, 0.006472248749383724, 0.006594846113383412, 0.005673027672834569, 0.003943187977852498, 0.00762345897867276, 0.006112849308818176, 0.006308724814727838, 0.0025512723993252775, 0.006427532431523943, 0.0030686458301458436, 0.005134683753443047, 0.005576039936507537, 2.637946752277324]]",
    "monomial_list": "[1, x9, x8, x7, x6, x5, x4, x3, x2, x15, x14, x13, x12, x11, x10, x1]"
}