{
    "name": "Multiplier-6",
    "rational_expression": "511*x1**2/250 + 427*x1*x10/12500 + 2493*x1*x11/50000 + 2481*x1*x12/50000 + 5183*x1*x13/100000 + 2151*x1*x14/100000 + 2431*x1*x15/50000 + 3811*x1*x2/100000 + 5033*x1*x3/100000 + 2501*x1*x4/100000 + 649*x1*x5/12500 + 613*x1*x6/50000 + 4851*x1*x7/100000 + 2301*x1*x8/100000 + 4981*x1*x9/100000 - 837*x1/5000 + 1023*x10**2/500 - 2341*x10*x11/50000 - 3801*x10*x12/100000 - 1213*x10*x13/25000 + 3307*x10*x14/1000000 - 4503*x10*x15/100000 - 11*x10*x2/625 - 4637*x10*x3/100000 - 979*x10*x4/250000 - 149*x10*x5/3125 - 1881*x10*x6/100000 - 4411*x10*x7/100000 + 1521*x10*x8/250000 - 154*x10*x9/3125 + 449*x10/2500 + 1023*x11**2/500 - 5279*x11*x12/100000 - 4681*x11*x13/100000 - 2949*x11*x14/100000 - 4771*x11*x15/100000 - 4989*x11*x2/100000 - 31*x11*x3/625 - 3673*x11*x4/100000 - 4721*x11*x5/100000 + 7623*x11*x6/1000000 - 4793*x11*x7/100000 - 773*x11*x8/25000 - 4517*x11*x9/100000 + 449*x11/2500 + 511*x12**2/250 - 2691*x12*x13/50000 - 407*x12*x14/20000 - 5059*x12*x15/100000 - 891*x12*x2/20000 - 164*x12*x3/3125 - 2761*x12*x4/100000 - 313*x12*x5/6250 + 5069*x12*x6/1000000 - 1017*x12*x7/20000 - 273*x12*x8/12500 - 653*x12*x9/12500 + 51*x12/250 + 2043*x13**2/1000 - 589*x13*x14/20000 - 4767*x13*x15/100000 - 623*x13*x2/12500 - 4957*x13*x3/100000 - 917*x13*x4/25000 - 2359*x13*x5/50000 + 489*x13*x6/200000 - 1197*x13*x7/25000 - 193*x13*x8/6250 - 154*x13*x9/3125 + 449*x13/2500 + 2047*x14**2/1000 - 1481*x14*x15/50000 - 5409*x14*x2/1000000 - 527*x14*x3/20000 + 4667*x14*x4/500000 - 27*x14*x5/1000 - 171*x14*x6/10000 - 2731*x14*x7/100000 + 151*x14*x8/12500 - 1393*x14*x9/50000 + 143*x14/1250 + 2043*x15**2/1000 - 4949*x15*x2/100000 - 5331*x15*x3/100000 - 729*x15*x4/20000 - 5099*x15*x5/100000 + 101*x15*x6/50000 - 207*x15*x7/4000 - 769*x15*x8/25000 - 491*x15*x9/10000 + 459*x15/2500 + 1023*x2**2/500 - 1007*x2*x3/20000 - 329*x2*x4/40000 - 647*x2*x5/12500 - 921*x2*x6/50000 - 151*x2*x7/3125 - 2283*x2*x8/1000000 - 989*x2*x9/20000 + 439*x2/2500 + 1021*x3**2/500 - 729*x3*x4/20000 - 5099*x3*x5/100000 + 101*x3*x6/50000 - 207*x3*x7/4000 - 769*x3*x8/25000 - 491*x3*x9/10000 + 459*x3/2500 + 2047*x4**2/1000 - 93*x4*x5/2500 - 1027*x4*x6/50000 - 941*x4*x7/25000 + 9081*x4*x8/1000000 - 961*x4*x9/25000 + 147*x4/1000 + 511*x5**2/250 + 3797*x5*x6/500000 - 1197*x5*x7/25000 - 193*x5*x8/6250 - 154*x5*x9/3125 + 449*x5/2500 + 2657*x6**2/1000 + 1489*x6*x7/1000000 - 213*x6*x8/12500 + 1051*x6*x9/100000 - 4123*x6/10000 + 2043*x7**2/1000 - 769*x7*x8/25000 - 491*x7*x9/10000 + 459*x7/2500 + 256*x8**2/125 - 3131*x8*x9/100000 + 633*x8/5000 + 409*x9**2/200 + 449*x9/2500 + 2041/1000",
    "Q": "[[2.0408173525757385, 0.0902409185041457, 0.06428307162909777, 0.09139009763498902, -0.20630784037353916, 0.09064080295420826, 0.07309603558581096, 0.09171885761014, 0.08841300463744159, 0.09135224126597036, 0.05739910923988959, 0.09080855986677788, 0.10106582509939022, 0.08987175231033556, 0.09047399854768083, -0.08401367580922736], [0.0902409185041457, 2.0453562258533626, -0.015798255745720087, -0.02423115616691764, 0.004202144425685917, -0.02362442583384617, -0.018720117508871603, -0.024689989248155197, -0.025348284191930758, -0.02421054093391791, -0.01425587703230321, -0.023862122888361852, -0.02568283156836613, -0.02302055966105161, -0.0237234434163191, 0.024929723032545953], [0.06428307162909777, -0.015798255745720087, 2.0480570854597393, -0.015214738096655274, -0.008662517705758621, -0.015592990633369245, 0.005251120200680651, -0.015205817571697595, -0.001354415836750457, -0.015195441847993643, 0.006580891507228932, -0.015615673915356393, -0.011142329025707361, -0.01598887027289583, 0.002258568122768857, 0.010504758091394485], [0.09139009763498902, -0.02423115616691764, -0.015214738096655274, 2.0426848777888686, 0.0016503266847326446, -0.02457295505749464, -0.018136956521767816, -0.02582507775504919, -0.02480703632966744, -0.025223078162977267, -0.01378283274825688, -0.024881383179270185, -0.0261419106821084, -0.023944965366668583, -0.023069011202489685, 0.02505915618861308], [-0.20630784037353916, 0.004202144425685917, -0.008662517705758621, 0.0016503266847326446, 2.6570475117559083, 0.0033899978331966164, -0.009403755330285141, -8.04563499939707e-05, -0.009393281425969744, 0.0018678952879057037, -0.007759549645603638, 0.002237960058457746, 0.0023302131902062117, 0.004783924661277188, -0.010744719016203852, 0.005976552609310426], [0.09064080295420826, -0.02362442583384617, -0.015592990633369245, -0.02457295505749464, 0.0033899978331966164, 2.0444579829329257, -0.01850506239426667, -0.025036897017230265, -0.025126972093225085, -0.02454717513758897, -0.014084078709964911, -0.024208908172001612, -0.025849779157989472, -0.02334595977118928, -0.023474904352062904, 0.024931099312111304], [0.07309603558581096, -0.018720117508871603, 0.005251120200680651, -0.018136956521767816, -0.009403755330285141, -0.01850506239426667, 2.04697728098169, -0.018148788108938625, -0.004821890326851167, -0.01811518073209099, 0.00374729289553254, -0.018502121964861767, -0.01438511251527974, -0.01892023371569361, -0.0012628116316549826, 0.013331386530761543], [0.09171885761014, -0.024689989248155197, -0.015205817571697595, -0.02582507775504919, -8.04563499939707e-05, -0.025036897017230265, -0.018148788108938625, 2.0423023461901475, -0.024862232415081512, -0.025752927550050302, -0.013797663856974098, -0.02541671917558835, -0.026571050068023568, -0.024411902807693835, -0.02308538277692232, 0.025263512446966747], [0.08841300463744159, -0.025348284191930758, -0.001354415836750457, -0.02480703632966744, -0.009393281425969744, -0.025126972093225085, -0.004821890326851167, -0.024862232415081512, 2.0454772323195276, -0.024781359454353783, -0.002055508441764522, -0.025091013991262255, -0.021594797930562112, -0.025557606503206896, -0.009024362562534886, 0.019855035080769867], [0.09135224126597036, -0.02421054093391791, -0.015195441847993643, -0.025223078162977267, 0.0018678952879057037, -0.02454717513758897, -0.01811518073209099, -0.025752927550050302, -0.024781359454353783, 2.042832045525032, -0.013763176360589748, -0.02483482711967591, -0.02610577608056791, -0.023927490168507686, -0.023045140918119277, 0.02502423981681554], [0.05739910923988959, -0.01425587703230321, 0.006580891507228932, -0.01378283274825688, -0.007759549645603638, -0.014084078709964911, 0.00374729289553254, -0.013797663856974098, -0.002055508441764522, -0.013763176360589748, 2.0470905323899258, -0.01410784068816205, -0.010356985569634755, -0.014417008940161603, 0.0010529555596609037, 0.009800510123966762], [0.09080855986677788, -0.023862122888361852, -0.015615673915356393, -0.024881383179270185, 0.002237960058457746, -0.024208908172001612, -0.018502121964861767, -0.02541671917558835, -0.025091013991262255, -0.02483482711967591, -0.01410784068816205, 2.043252234821658, -0.02609595547910995, -0.023569493682629745, -0.023441275893398162, 0.02500076255523548], [0.10106582509939022, -0.02568283156836613, -0.011142329025707361, -0.0261419106821084, 0.0023302131902062117, -0.025849779157989472, -0.01438511251527974, -0.026571050068023568, -0.021594797930562112, -0.02610577608056791, -0.010356985569634755, -0.02609595547910995, 2.043463471749994, -0.0255550126509123, -0.019230214099171795, 0.024572508807995563], [0.08987175231033556, -0.02302055966105161, -0.01598887027289583, -0.023944965366668583, 0.004783924661277188, -0.02334595977118928, -0.01892023371569361, -0.024411902807693835, -0.025557606503206896, -0.023927490168507686, -0.014417008940161603, -0.023569493682629745, -0.0255550126509123, 2.0460230379457047, -0.0239543790322883, 0.02495151427975384], [0.09047399854768083, -0.0237234434163191, 0.002258568122768857, -0.023069011202489685, -0.010744719016203852, -0.023474904352062904, -0.0012628116316549826, -0.02308538277692232, -0.009024362562534886, -0.023045140918119277, 0.0010529555596609037, -0.023441275893398162, -0.019230214099171795, -0.0239543790322883, 2.046130228847171, 0.017649551272090253], [-0.08401367580922736, 0.024929723032545953, 0.010504758091394485, 0.02505915618861308, 0.005976552609310426, 0.024931099312111304, 0.013331386530761543, 0.025263512446966747, 0.019855035080769867, 0.02502423981681554, 0.009800510123966762, 0.02500076255523548, 0.024572508807995563, 0.02495151427975384, 0.017649551272090253, 2.043809099576813]]",
    "monomial_list": "[1, x9, x8, x7, x6, x5, x4, x3, x2, x15, x14, x13, x12, x11, x10, x1]"
}