{
    "name": "Multiplier-11",
    "rational_expression": "1063*x1**2/500 - 4103*x1*x10/50000 - 3389*x1*x11/50000 - 307*x1*x12/2500 - 72*x1*x13/625 - 79*x1*x14/2000 - 1177*x1*x15/10000 - 9589*x1*x2/100000 - 117*x1*x3/1000 - 5601*x1*x4/100000 - 57*x1*x5/500 - 1813*x1*x6/20000 - 579*x1*x7/5000 - 4521*x1*x8/100000 - 1149*x1*x9/10000 + 4113*x1/10000 + 1053*x10**2/500 + 1071*x10*x11/20000 + 8821*x10*x12/100000 + 293*x10*x13/4000 + 2753*x10*x14/100000 + 3821*x10*x15/50000 + 3447*x10*x2/50000 + 759*x10*x3/10000 + 857*x10*x4/20000 + 7387*x10*x5/100000 + 3479*x10*x6/50000 + 7631*x10*x7/100000 + 743*x10*x8/25000 + 7567*x10*x9/100000 - 1299*x10/5000 + 1331*x11**2/500 + 3701*x11*x12/50000 + 257*x11*x13/5000 + 339*x11*x14/12500 + 5497*x11*x15/100000 + 639*x11*x2/10000 + 1093*x11*x3/20000 + 3819*x11*x4/100000 + 1431*x11*x5/25000 + 6101*x11*x6/100000 + 207*x11*x7/4000 + 1287*x11*x8/50000 + 5563*x11*x9/100000 - 109*x11/400 + 2127*x12**2/1000 + 9749*x12*x13/100000 + 1961*x12*x14/50000 + 1003*x12*x15/10000 + 207*x12*x2/2000 + 519*x12*x3/5000 + 2993*x12*x4/50000 + 969*x12*x5/10000 + 257*x12*x6/2500 + 9867*x12*x7/100000 + 4103*x12*x8/100000 + 613*x12*x9/6250 - 4113*x12/10000 + 2117*x13**2/1000 + 3027*x13*x14/100000 + 9051*x13*x15/100000 + 1793*x13*x2/20000 + 4913*x13*x3/50000 + 939*x13*x4/20000 + 4381*x13*x5/50000 + 4467*x13*x6/50000 + 4481*x13*x7/50000 + 703*x13*x8/25000 + 8509*x13*x9/100000 - 1013*x13/2500 + 1043*x14**2/500 + 601*x14*x15/20000 + 1637*x14*x2/50000 + 2979*x14*x3/100000 + 407*x14*x4/25000 + 29*x14*x5/1000 + 391*x14*x6/12500 + 113*x14*x7/4000 + 519*x14*x8/50000 + 321*x14*x9/10000 - 1077*x14/10000 + 1059*x15**2/500 + 8937*x15*x2/100000 + 306*x15*x3/3125 + 2543*x15*x4/50000 + 8723*x15*x5/100000 + 8903*x15*x6/100000 + 8923*x15*x7/100000 + 2801*x15*x8/100000 + 8471*x15*x9/100000 - 399*x15/1000 + 423*x2**2/200 + 4689*x2*x3/50000 + 123*x2*x4/2500 + 9133*x2*x5/100000 + 4089*x2*x6/50000 + 4463*x2*x7/50000 + 3531*x2*x8/100000 + 4637*x2*x9/50000 - 1647*x2/5000 + 2127*x3**2/1000 + 643*x3*x4/12500 + 9659*x3*x5/100000 + 4497*x3*x6/50000 + 308*x3*x7/3125 + 647*x3*x8/20000 + 1877*x3*x9/20000 - 4113*x3/10000 + 2093*x4**2/1000 + 633*x4*x5/12500 + 4779*x4*x6/100000 + 309*x4*x7/6250 + 997*x4*x8/50000 + 613*x4*x9/12500 - 1711*x4/10000 + 2113*x5**2/1000 + 893*x5*x6/10000 + 4273*x5*x7/50000 + 3219*x5*x8/100000 + 8509*x5*x9/100000 - 1013*x5/2500 + 1057*x6**2/500 + 1761*x6*x7/20000 + 3499*x6*x8/100000 + 9151*x6*x9/100000 - 194*x6/625 + 2119*x7**2/1000 + 2801*x7*x8/100000 + 8471*x7*x9/100000 - 399*x7/1000 + 2087*x8**2/1000 + 321*x8*x9/10000 - 1077*x8/10000 + 264*x9**2/125 - 4113*x9/10000 + 3167/1000",
    "Q": "[[3.167044675282338, -0.20549406806867443, -0.054131051154254935, -0.20073071203113363, -0.15655490134812874, -0.2038259598550609, -0.0847271974869353, -0.2052994966655385, -0.16437296465436188, -0.20080466323086965, -0.0524411880988082, -0.2012389790195723, -0.20658944601431545, -0.1374366374864421, -0.12890188233240796, 0.20437151721667157], [-0.20549406806867443, 2.112666882163221, 0.015632848975328066, 0.043123875520944634, 0.045315171783904096, 0.04235018884293139, 0.02489102124496409, 0.04685926705116129, 0.04585019445579563, 0.04299096487635886, 0.015096597376847806, 0.042485843112240275, 0.04919356399629143, 0.02870864830083666, 0.037886829420419384, -0.05738754549288196], [-0.054131051154254935, 0.015632848975328066, 2.0866216820473515, 0.014982190303809212, 0.01753151561990835, 0.015396425127223255, 0.008905830096448627, 0.01627748093590938, 0.017783213311468406, 0.014996584430336154, 0.004925016494454403, 0.014813835434886811, 0.020425621083900246, 0.01368071064445181, 0.014425704922006129, -0.021696002780368553], [-0.20073071203113363, 0.043123875520944634, 0.014982190303809212, 2.118877181287732, 0.04492169615573314, 0.04376512813984269, 0.024275862204409877, 0.04903309258914634, 0.04529440643994052, 0.04477227494003126, 0.014562928517116634, 0.04442945961775387, 0.04945990935632175, 0.026833528474340517, 0.037237464971859646, -0.05793490889686694], [-0.15655490134812874, 0.045315171783904096, 0.01753151561990835, 0.04492169615573314, 2.1139148123626397, 0.04517485245140442, 0.02405627341727382, 0.04573757197068523, 0.04048060497113532, 0.044950875678043054, 0.01640552138766095, 0.044648312748600066, 0.05124349226893139, 0.03042679853974176, 0.03439063787199345, -0.04564299693289338], [-0.2038259598550609, 0.04235018884293139, 0.015396425127223255, 0.04376512813984269, 0.04517485245140442, 2.114049855196575, 0.024671492722785265, 0.04751943462353494, 0.04565670903940932, 0.04361778016747299, 0.014900342591782073, 0.043087161606049605, 0.04932530324899907, 0.028094761850142595, 0.03766112869817416, -0.05755931921533784], [-0.0847271974869353, 0.02489102124496409, 0.008905830096448627, 0.024275862204409877, 0.02405627341727382, 0.024671492722785265, 2.0932326461102533, 0.025307381045400423, 0.0245508357126411, 0.02430173725516115, 0.008568857671137665, 0.024089096645748362, 0.02994667149139001, 0.018867717005088554, 0.020460236759011187, -0.02857479989045212], [-0.2052994966655385, 0.04685926705116129, 0.01627748093590938, 0.04903309258914634, 0.04573757197068523, 0.04751943462353494, 0.025307381045400423, 2.1269482845868337, 0.046208196971216114, 0.04876574847195837, 0.01567595747692403, 0.04828067494346324, 0.0523235956906029, 0.027593182939966796, 0.03819012707062857, -0.058389673461515745], [-0.16437296465436188, 0.04585019445579563, 0.017783213311468406, 0.04529440643994052, 0.04048060497113532, 0.04565670903940932, 0.0245508357126411, 0.046208196971216114, 2.1140531666007956, 0.04533230839487176, 0.016662332783025997, 0.04502730550406592, 0.05218354308255555, 0.03138557846271522, 0.03519740214601008, -0.04683339297587698], [-0.20080466323086965, 0.04299096487635886, 0.014996584430336154, 0.04477227494003126, 0.044950875678043054, 0.04361778016747299, 0.02430173725516115, 0.04876574847195837, 0.04533230839487176, 2.1178564373810063, 0.014573830899052573, 0.04437308261992825, 0.049499883387855194, 0.02701779624490427, 0.03727789946853252, -0.057904466396244435], [-0.0524411880988082, 0.015096597376847806, 0.004925016494454403, 0.014562928517116634, 0.01640552138766095, 0.014900342591782073, 0.008568857671137665, 0.01567595747692403, 0.016662332783025997, 0.014573830899052573, 2.086174012444182, 0.014407167585726053, 0.01928824312747058, 0.012683398801453487, 0.013618084487813887, -0.020106583328533573], [-0.2012389790195723, 0.042485843112240275, 0.014813835434886811, 0.04442945961775387, 0.044648312748600066, 0.043087161606049605, 0.024089096645748362, 0.04828067494346324, 0.04502730550406592, 0.04437308261992825, 0.014407167585726053, 2.1164536441614903, 0.048808329463227426, 0.026517573345712413, 0.03699751748983281, -0.05761002572749661], [-0.20658944601431545, 0.04919356399629143, 0.020425621083900246, 0.04945990935632175, 0.05124349226893139, 0.04932530324899907, 0.02994667149139001, 0.0523235956906029, 0.05218354308255555, 0.049499883387855194, 0.01928824312747058, 0.048808329463227426, 2.1265012201512685, 0.0380377010021094, 0.04404721251008223, -0.06140408215098244], [-0.1374366374864421, 0.02870864830083666, 0.01368071064445181, 0.026833528474340517, 0.03042679853974176, 0.028094761850142595, 0.018867717005088554, 0.027593182939966796, 0.03138557846271522, 0.02701779624490427, 0.012683398801453487, 0.026517573345712413, 0.0380377010021094, 2.661617622767645, 0.026946696486374863, -0.03389201005438337], [-0.12890188233240796, 0.037886829420419384, 0.014425704922006129, 0.037237464971859646, 0.03439063787199345, 0.03766112869817416, 0.020460236759011187, 0.03819012707062857, 0.03519740214601008, 0.03727789946853252, 0.013618084487813887, 0.03699751748983281, 0.04404721251008223, 0.026946696486374863, 2.1061726408394845, -0.039981125619146136], [0.20437151721667157, -0.05738754549288196, -0.021696002780368553, -0.05793490889686694, -0.04564299693289338, -0.05755931921533784, -0.02857479989045212, -0.058389673461515745, -0.04683339297587698, -0.057904466396244435, -0.020106583328533573, -0.05761002572749661, -0.06140408215098244, -0.03389201005438337, -0.039981125619146136, 2.1258696663690575]]",
    "monomial_list": "[1, x9, x8, x7, x6, x5, x4, x3, x2, x15, x14, x13, x12, x11, x10, x1]"
}