{
    "name": "Multiplier-12",
    "rational_expression": "421*x1**2/200 - 3823*x1*x10/100000 - 3409*x1*x11/50000 - 4941*x1*x12/100000 - 6591*x1*x13/100000 - 2009*x1*x14/100000 - 1301*x1*x15/20000 - 1181*x1*x2/25000 - 79*x1*x3/1250 - x1*x4/40 - 423*x1*x5/6250 - 4483*x1*x6/100000 - 1313*x1*x7/20000 - 469*x1*x8/25000 - 6543*x1*x9/100000 + 259*x1/1250 + 2097*x10**2/1000 + 5027*x10*x11/100000 + 1039*x10*x12/25000 + 2429*x10*x13/50000 + 741*x10*x14/50000 + 2397*x10*x15/50000 + 4017*x10*x2/100000 + 291*x10*x3/6250 + 2371*x10*x4/100000 + 1267*x10*x5/25000 + 767*x10*x6/20000 + 983*x10*x7/20000 + 113*x10*x8/6250 + 331*x10*x9/6250 - 16*x10/125 + 2119*x11**2/1000 + 9257*x11*x12/100000 + 1799*x11*x13/20000 + 539*x11*x14/25000 + 2221*x11*x15/25000 + 641*x11*x2/10000 + 8623*x11*x3/100000 + 221*x11*x4/6250 + 9519*x11*x5/100000 + 6071*x11*x6/100000 + 1763*x11*x7/20000 + 477*x11*x8/20000 + 9641*x11*x9/100000 - 3169*x11/10000 + 336*x12**2/125 + 8123*x12*x13/100000 + 1831*x12*x14/100000 + 8039*x12*x15/100000 + 4841*x12*x2/100000 + 3471*x12*x3/50000 + 1461*x12*x4/50000 + 4403*x12*x5/50000 + 1129*x12*x6/25000 + 7673*x12*x7/100000 + 107*x12*x8/5000 + 2259*x12*x9/25000 - 663*x12/1250 + 529*x13**2/250 + 531*x13*x14/25000 + 349*x13*x15/4000 + 2947*x13*x2/50000 + 8067*x13*x3/100000 + 153*x13*x4/5000 + 4477*x13*x5/50000 + 5579*x13*x6/100000 + 4133*x13*x7/50000 + 2363*x13*x8/100000 + 9091*x13*x9/100000 - 731*x13/2500 + 2087*x14**2/1000 + 66*x14*x15/3125 + 979*x14*x2/50000 + 41*x14*x3/2000 + 961*x14*x4/100000 + 307*x14*x5/12500 + 3*x14*x6/160 + 149*x14*x7/6250 + 2227*x14*x8/250000 + 2363*x14*x9/100000 - 491*x14/10000 + 529*x15**2/250 + 2947*x15*x2/50000 + 8067*x15*x3/100000 + 153*x15*x4/5000 + 4477*x15*x5/50000 + 5579*x15*x6/100000 + 4133*x15*x7/50000 + 2363*x15*x8/100000 + 9091*x15*x9/100000 - 731*x15/2500 + 1051*x2**2/500 + 289*x2*x3/5000 + 287*x2*x4/10000 + 3107*x2*x5/50000 + 4413*x2*x6/100000 + 241*x2*x7/4000 + 58*x2*x8/3125 + 321*x2*x9/5000 - 457*x2/2500 + 529*x3**2/250 + 303*x3*x4/10000 + 2107*x3*x5/25000 + 221*x3*x6/4000 + 8173*x3*x7/100000 + 1173*x3*x8/50000 + 8573*x3*x9/100000 - 2741*x3/10000 + 209*x4**2/100 + 3493*x4*x5/100000 + 2387*x4*x6/100000 + 3393*x4*x7/100000 + 1327*x4*x8/100000 + 3367*x4*x9/100000 - 3961*x4/50000 + 2117*x5**2/1000 + 6039*x5*x6/100000 + 8757*x5*x7/100000 + 19*x5*x8/800 + 4789*x5*x9/50000 - 1523*x5/5000 + 2101*x6**2/1000 + 5513*x6*x7/100000 + 1839*x6*x8/100000 + 2951*x6*x9/50000 - 823*x6/5000 + 529*x7**2/250 + 1179*x7*x8/50000 + 453*x7*x9/5000 - 179*x7/625 + 2087*x8**2/1000 + 2363*x8*x9/100000 - 491*x8/10000 + 1059*x9**2/500 - 3109*x9/10000 + 3047/1000",
    "Q": "[[3.047467382972375, -0.15491988942072932, -0.024670128135904683, -0.1437808628650569, -0.08107907929344503, -0.15169538277950828, -0.0399380297026373, -0.1366532351476827, -0.09075441318895397, -0.144997004093011, -0.024460879564936606, -0.1465268002612889, -0.2663793392957353, -0.1571349538148438, -0.06479971280364016, 0.10417306172844035], [-0.15491988942072932, 2.118236494711863, 0.012120645880796768, 0.04430719946837678, 0.02982411324461764, 0.04686979512351137, 0.016983916898199357, 0.041963922992043816, 0.03125920087962837, 0.04482004466332053, 0.011455896471164656, 0.04494500323778793, 0.04567220882102661, 0.04834908780041055, 0.02550987743116969, -0.03364538514534899], [-0.024670128135904683, 0.012120645880796768, 2.08723293647443, 0.011471646245187638, 0.009649994053513862, 0.01206445768293282, 0.005884382063577896, 0.010903966738331073, 0.010165528163535411, 0.01164568884392684, 0.004073796035869379, 0.011641722070412416, 0.010558413540681145, 0.012091975677190996, 0.008629847167000796, -0.009862938561295477], [-0.1437808628650569, 0.04430719946837678, 0.011471646245187638, 2.1162273735066197, 0.028536318389443996, 0.043691792136445876, 0.01618061632708376, 0.03988982197718075, 0.029887990946241855, 0.04215339385291228, 0.010842436119919821, 0.04235443193778029, 0.03885912983231346, 0.04466191186747242, 0.024394634015704218, -0.03232940258126959], [-0.08107907929344503, 0.02982411324461764, 0.009649994053513862, 0.028536318389443996, 2.100887093823168, 0.029537235109671895, 0.012701592582792338, 0.027318385798666897, 0.021963763659382376, 0.028761069678129223, 0.008905103922340209, 0.028747813260648618, 0.022639259878486223, 0.02994603241997876, 0.018456198843122707, -0.022198552447630648], [-0.15169538277950828, 0.04686979512351137, 0.01206445768293282, 0.043691792136445876, 0.029537235109671895, 2.1173307380105526, 0.016866134118551174, 0.041395321555161055, 0.03096872589861054, 0.04418576319500634, 0.01138911203446034, 0.04424939343844933, 0.04361281766304676, 0.04736834384007578, 0.025303831296803712, -0.0332419013914256], [-0.0399380297026373, 0.016983916898199357, 0.005884382063577896, 0.01618061632708376, 0.012701592582792338, 0.016866134118551174, 2.0901991704282934, 0.015437105852109485, 0.013376807590510544, 0.016362473119922765, 0.005418552568977152, 0.016355472353797338, 0.01360427951051036, 0.01699669111692531, 0.011317620299026299, -0.013183571620533192], [-0.1366532351476827, 0.041963922992043816, 0.010903966738331073, 0.03988982197718075, 0.027318385798666897, 0.041395321555161055, 0.015437105852109485, 2.1158498229864726, 0.028585370998488346, 0.04017389195467212, 0.010313894551119814, 0.040209926544068915, 0.03433765080238891, 0.04230315466936401, 0.023306516799817777, -0.031168499613205447], [-0.09075441318895397, 0.03125920087962837, 0.010165528163535411, 0.029887990946241855, 0.021963763659382376, 0.03096872589861054, 0.013376807590510544, 0.028585370998488346, 2.101840858353302, 0.030136725549942248, 0.009377950786899352, 0.030129972424088866, 0.024395735866935508, 0.031374382613635156, 0.019427591944179697, -0.023337199136846332], [-0.144997004093011, 0.04482004466332053, 0.01164568884392684, 0.04215339385291228, 0.028761069678129223, 0.04418576319500634, 0.016362473119922765, 0.04017389195467212, 0.030136725549942248, 2.116237153938228, 0.010995799585954421, 0.04292976044252846, 0.0396904713764527, 0.04518558582382486, 0.024620439375697686, -0.03248307204827967], [-0.024460879564936606, 0.011455896471164656, 0.004073796035869379, 0.010842436119919821, 0.008905103922340209, 0.01138911203446034, 0.005418552568977152, 0.010313894551119814, 0.009377950786899352, 0.010995799585954421, 2.0872939689295897, 0.011000405171145387, 0.00965978659427939, 0.011443941315823651, 0.007947093877879776, -0.009160857421988456], [-0.1465268002612889, 0.04494500323778793, 0.011641722070412416, 0.04235443193778029, 0.028747813260648618, 0.04424939343844933, 0.016355472353797338, 0.040209926544068915, 0.030129972424088866, 0.04292976044252846, 0.011000405171145387, 2.115822270913368, 0.03982530003954825, 0.045354079036608375, 0.024597201249314957, -0.032481155697078455], [-0.2663793392957353, 0.04567220882102661, 0.010558413540681145, 0.03885912983231346, 0.022639259878486223, 0.04361281766304676, 0.01360427951051036, 0.03433765080238891, 0.024395735866935508, 0.0396904713764527, 0.00965978659427939, 0.03982530003954825, 2.6889908102188107, 0.04702254074189107, 0.019932427502398275, -0.02344874530255638], [-0.1571349538148438, 0.04834908780041055, 0.012091975677190996, 0.04466191186747242, 0.02994603241997876, 0.04736834384007578, 0.01699669111692531, 0.04230315466936401, 0.031374382613635156, 0.04518558582382486, 0.011443941315823651, 0.045354079036608375, 0.04702254074189107, 2.1188842161036274, 0.025569227833359784, -0.0338903966266257], [-0.06479971280364016, 0.02550987743116969, 0.008629847167000796, 0.024394634015704218, 0.018456198843122707, 0.025303831296803712, 0.011317620299026299, 0.023306516799817777, 0.019427591944179697, 0.024620439375697686, 0.007947093877879776, 0.024597201249314957, 0.019932427502398275, 0.025569227833359784, 2.0966976834917364, -0.019325849631257136], [0.10417306172844035, -0.03364538514534899, -0.009862938561295477, -0.03232940258126959, -0.022198552447630648, -0.0332419013914256, -0.013183571620533192, -0.031168499613205447, -0.023337199136846332, -0.03248307204827967, -0.009160857421988456, -0.032481155697078455, -0.02344874530255638, -0.0338903966266257, -0.019325849631257136, 2.1055358938009814]]",
    "monomial_list": "[1, x9, x8, x7, x6, x5, x4, x3, x2, x15, x14, x13, x12, x11, x10, x1]"
}