{
    "name": "Total Decomposition",
    "rational_expression": "141*x1**4/1000 + 39*x1**3/125 + 37*x1**2*x2**2/200 + 29*x1**2/1000 + 101*x1*x2**2/250 - 201*x1/1000 + 123*x2**4/1250 - 61*x2**2/5000 + 277/500",
    "Q": "[[0.554062249721291, -3.525597062603505e-18, -0.10022556410103058, -0.11412068988691441, -1.7021113320529122e-18, -0.14474469294390474], [-3.525597062603505e-18, 0.21579279346473015, 9.238322553198602e-17, 3.0463208819472085e-17, 0.13242968492601243, 7.377439848791186e-17], [-0.10022556410103058, 9.238322553198602e-17, 0.3178557904005155, 0.06915017112753705, 6.123694089543916e-17, 0.15582744683108946], [-0.11412068988691441, 3.0463208819472085e-17, 0.06915017112753705, 0.09866704282245019, 2.1122446606516635e-17, 0.023552858433961224], [-1.7021113320529122e-18, 0.13242968492601243, 6.123694089543916e-17, 2.1122446606516635e-17, 0.13755667935546884, 4.6363440874371295e-17], [-0.14474469294390474, 7.377439848791186e-17, 0.15582744683108946, 0.023552858433961224, 4.6363440874371295e-17, 0.14059694419553775]]",
    "monomial_list": "[1, x2, x1, x2**2, x1*x2, x1**2]"
}