{
    "name": "Total Decomposition",
    "rational_expression": "2083*x1**4/5000 - 1223*x1**3*x2/10000 - 511*x1**3/500 + 9793*x1**2*x2**2/10000 - 341*x1**2*x2/400 + 1199*x1**2/1000 - 8793*x1*x2**3/100000 - 133*x1*x2**2/125 - 889*x1*x2/2000 - 4817*x1/10000 + 2797*x2**4/5000 - 9279*x2**3/10000 + 133*x2**2/100 - 2951*x2/5000 + 2361/1000",
    "Q": "[[2.3609221862247174, -0.2958527218412896, -0.24198345247572484, 0.0029801269053971614, -0.4956947752165051, -0.1144846939866308], [-0.2958527218412896, 1.3250691031511963, 0.2735629663579804, -0.4635616372209386, -0.2682853088321963, -0.16314096917979698], [-0.24198345247572484, 0.2735629663579804, 1.4256990201779558, -0.26241551410576786, -0.2621067080537374, -0.511141107115001], [0.0029801269053971614, -0.4635616372209386, -0.26241551410576786, 0.5593291952247899, -0.044712939754430955, 0.09692036495610512], [-0.4956947752165051, -0.2682853088321963, -0.2621067080537374, -0.044712939754430955, 0.7849525886080605, -0.06107291092194126], [-0.1144846939866308, -0.16314096917979698, -0.511141107115001, 0.09692036495610512, -0.06107291092194126, 0.41713729374238523]]",
    "monomial_list": "[1, x2, x1, x2**2, x1*x2, x1**2]"
}