{
    "name": "Total Decomposition",
    "rational_expression": "24427*x1**4/2500 - 16821*x1**3*x2/5000 - 13673*x1**3/1000 + 15343*x1**2*x2**2/1000 - 1749*x1**2*x2/125 + 15971*x1**2/1000 + 8309*x1*x2**3/2000 - 2697*x1*x2**2/200 - 5203*x1*x2/2500 - 26651*x1/1000 + 6871*x2**4/500 - 60717*x2**3/10000 + 24057*x2**2/1000 - 6733*x2/2000 + 4293/125",
    "Q": "[[34.34360814292611, -1.6847225776185328, -13.321032868428574, 2.8780236819178557, -2.0920397128420376, -3.16895555801801], [-1.6847225776185328, 18.286684885499213, 1.0477707180015714, -3.0404433089843583, -2.9992882817494406, -3.0904104061773774], [-13.321032868428574, 1.0477707180015714, 22.28979390022107, -3.740564413494544, -3.904338586501364, -6.836412666860501], [2.8780236819178557, -3.0404433089843583, -3.740564413494544, 13.740876743269364, 2.07768257525963, -0.19077475588205786], [-2.0920397128420376, -2.9992882817494406, -3.904338586501364, 2.07768257525963, 15.734941424917482, -1.6742994081155862], [-3.16895555801801, -3.0904104061773774, -6.836412666860501, -0.19077475588205786, -1.6742994081155862, 9.771036059079925]]",
    "monomial_list": "[1, x2, x1, x2**2, x1*x2, x1**2]"
}