{
    "name": "Total Decomposition",
    "rational_expression": "6433*x1**4/1000000 + 3609*x1**3*x2/5000000 - 1057*x1**3*x3/1000000 + 917*x1**3/5000 + 1267*x1**2*x2**2/100000 - 1033*x1**2*x2*x3/1000000 + 2207*x1**2*x2/10000 + 63*x1**2*x3**2/5000 - 122*x1**2*x3/625 + 1683*x1**2/500 + 821*x1*x2**3/500000 - 809*x1*x2**2*x3/500000 + 411*x1*x2**2/2000 + 299*x1*x2*x3**2/200000 - 4973*x1*x2*x3/50000 + 4369*x1*x2/5000 - 1531*x1*x3**3/1000000 + 2061*x1*x3**2/10000 - 869*x1*x3/1250 - 2439*x1/10000 + 1409*x2**4/250000 - 1311*x2**3*x3/1000000 + 869*x2**3/5000 + 73*x2**2*x3**2/6250 - 1831*x2**2*x3/10000 + 697*x2**2/200 - 639*x2*x3**3/500000 + 493*x2*x3**2/2500 - 373*x2*x3/625 - 949*x2/5000 + 5661*x3**4/1000000 - 297*x3**3/2000 + 3383*x3**2/1000 + 2633*x3/10000 + 242/125",
    "Q": "[[1.9355980184582093, 0.1310231759029464, -0.09485448701568482, -0.12278194461284843, 0.00031310198450536827, 0.010752572795511187, 0.011735076238374652, 0.0003412634534402554, -0.011514816713746063, -0.0015982647541006889], [0.1310231759029464, 3.382859420389647, -0.31094574474020564, -0.3575783670434383, -0.07356886366757147, 0.09155336503972024, 0.09402156842305222, -0.005710812178224879, -0.014039053391721967, -0.01266203966467158], [-0.09485448701568482, -0.31094574474020564, 3.4850411752680226, 0.44975293631121727, 0.00703437840371867, -0.08374174007151598, -0.01802977031549833, 0.08568974433791575, 0.0956819662490734, 0.015173928257614608], [-0.12278194461284843, -0.3575783670434383, 0.44975293631121727, 3.3701354204864358, 0.006269870710454965, -0.014720953777015407, -0.08500202622049806, 0.006136284257281746, 0.09388942623981326, 0.09300567671402246], [0.00031310198450536827, -0.07356886366757147, 0.00703437840371867, 0.006269870710454965, 0.005899198769919292, -0.0005341589149739729, -0.000600890125284987, -0.0005816544080641475, 0.0009250605662141332, -0.0004075507290889759], [0.010752572795511187, 0.09155336503972024, -0.08374174007151598, -0.014720953777015407, -0.0005341589149739729, 0.012993152430312025, -0.0003701263550407354, -0.000534158911819768, 0.000288173162825437, -0.001045933653967336], [0.011735076238374652, 0.09402156842305222, -0.01802977031549833, -0.08500202622049806, -0.000600890125284987, -0.0003701263550407354, 0.013147049753835351, -0.0008890632951958173, 0.000511774748615793, -0.0006008901317923295], [0.0003412634534402554, -0.005710812178224879, 0.08568974433791575, 0.006136284257281746, -0.0005816544080641475, -0.000534158911819768, -0.0008890632951958173, 0.005930645194010172, 0.0005549342145338313, -0.0002700594275655996], [-0.011514816713746063, -0.014039053391721967, 0.0956819662490734, 0.09388942623981326, 0.0009250605662141332, 0.000288173162825437, 0.000511774748615793, 0.0005549342145338313, 0.012903513541574587, 0.0005549342020381035], [-0.0015982647541006889, -0.01266203966467158, 0.015173928257614608, 0.09300567671402246, -0.0004075507290889759, -0.001045933653967336, -0.0006008901317923295, -0.0002700594275655996, 0.0005549342020381035, 0.006432749846401779]]",
    "monomial_list": "[1, x3, x2, x1, x3**2, x2*x3, x1*x3, x2**2, x1*x2, x1**2]"
}