{
    "name": "Total Decomposition",
    "rational_expression": "5063*x1**4/1000000 + 651*x1**3*x2/500000 - 6211*x1**3*x3/10000000 + 313*x1**3/2000 + 1021*x1**2*x2**2/100000 - 2597*x1**2*x2*x3/10000000 + 869*x1**2*x2/5000 + 509*x1**2*x3**2/50000 - 1519*x1**2*x3/10000 + 2777*x1**2/1000 + 1953*x1*x2**3/5000000 - 1623*x1*x2**2*x3/2000000 + 1659*x1*x2**2/10000 + 8859*x1*x2*x3**2/10000000 - 5657*x1*x2*x3/100000 + 1537*x1*x2/2500 - 2561*x1*x3**3/5000000 + 1587*x1*x3**2/10000 - 4533*x1*x3/10000 - 121*x1/500 + 5219*x2**4/1000000 - 7247*x2**3*x3/10000000 + 1433*x2**3/10000 + 4861*x2**2*x3**2/500000 - 57*x2**2*x3/400 + 2881*x2**2/1000 - 1007*x2*x3**3/2500000 + 1571*x2*x3**2/10000 - 793*x2*x3/2000 - 79*x2/800 + 27*x3**4/5000 - 311*x3**3/2500 + 567*x3**2/200 + 429*x3/2000 + 1703/1000",
    "Q": "[[1.7026520115377854, 0.10710029796897017, -0.04978978898067976, -0.12142397280393982, 0.000589076817505798, 0.008399421778181254, 0.010378047166213636, 0.0010934206191990082, -0.009577887825806363, -0.0018786902035610722], [0.10710029796897017, 2.835105047323924, -0.2074510162349576, -0.23710963197180365, -0.06077638729225264, 0.07464777110989958, 0.07718353676492704, -0.0038527464963961874, -0.008653626268647283, -0.009829915913238379], [-0.04978978898067976, -0.2074510162349576, 2.877133400443874, 0.3189364342115762, 0.00386399465634266, -0.06731579084513054, -0.011849526956662667, 0.07144733945174501, 0.07738441592012113, 0.0117263684870881], [-0.12142397280393982, -0.23710963197180365, 0.3189364342115762, 2.7804159423331822, 0.00317819035132628, -0.008835402012148844, -0.06855879261323418, 0.003977325988946647, 0.07556674784015777, 0.07764077214072693], [0.000589076817505798, -0.06077638729225264, 0.00386399465634266, 0.00317819035132628, 0.004871326900756765, -0.00032604570841039633, -0.0003948029977718331, -0.0004929893683156066, 0.0007676214841657734, -0.00035901070069229547], [0.008399421778181254, 0.07464777110989958, -0.06731579084513054, -0.008835402012148844, -0.00032604570841039633, 0.010803577880592621, -0.0004302637771151246, -0.0003260457095433667, 0.00038811279346005306, -0.0009005848150660756], [0.010378047166213636, 0.07718353676492704, -0.011849526956662667, -0.06855879261323418, -0.0003948029977718331, -0.0004302637771151246, 0.01095371733804037, -0.0007829157903298823, 0.0005745391055554538, -0.000394802995364499], [0.0010934206191990082, -0.0038527464963961874, 0.07144733945174501, 0.003977325988946647, -0.0004929893683156066, -0.0003260457095433667, -0.0007829157903298823, 0.004946272862781674, 0.00033735770611669153, -0.0001908562800276405], [-0.009577887825806363, -0.008653626268647283, 0.07738441592012113, 0.07556674784015777, 0.0007676214841657734, 0.00038811279346005306, 0.0005745391055554538, 0.00033735770611669153, 0.010692354449551923, 0.000337357709795098], [-0.0018786902035610722, -0.009829915913238379, 0.0117263684870881, 0.07764077214072693, -0.00035901070069229547, -0.0009005848150660756, -0.000394802995364499, -0.0001908562800276405, 0.000337357709795098, 0.0053643696401391334]]",
    "monomial_list": "[1, x3, x2, x1, x3**2, x2*x3, x1*x3, x2**2, x1*x2, x1**2]"
}