{
    "name": "Total Decomposition",
    "rational_expression": "5063*x1**4/1000000 + 651*x1**3*x2/500000 - 6211*x1**3*x3/10000000 + 313*x1**3/2000 + 1021*x1**2*x2**2/100000 - 2597*x1**2*x2*x3/10000000 + 869*x1**2*x2/5000 + 509*x1**2*x3**2/50000 - 1519*x1**2*x3/10000 + 2777*x1**2/1000 + 1953*x1*x2**3/5000000 - 1623*x1*x2**2*x3/2000000 + 1659*x1*x2**2/10000 + 8859*x1*x2*x3**2/10000000 - 5657*x1*x2*x3/100000 + 1537*x1*x2/2500 - 2561*x1*x3**3/5000000 + 1587*x1*x3**2/10000 - 4533*x1*x3/10000 - 121*x1/500 + 5219*x2**4/1000000 - 7247*x2**3*x3/10000000 + 1433*x2**3/10000 + 4861*x2**2*x3**2/500000 - 57*x2**2*x3/400 + 2881*x2**2/1000 - 1007*x2*x3**3/2500000 + 1571*x2*x3**2/10000 - 793*x2*x3/2000 - 79*x2/800 + 27*x3**4/5000 - 311*x3**3/2500 + 567*x3**2/200 + 429*x3/2000 + 1703/1000",
    "Q": "[[1.702652268787968, 0.10710036453931603, -0.04978988064157352, -0.12142407101836382, 0.0005890757384408769, 0.008399426268105163, 0.01037805187340726, 0.0010934186708886563, -0.009577893386296922, -0.0018786925288730419], [0.10710036453931603, 2.8351058769931035, -0.20745143273660288, -0.23711008765167838, -0.06077640565885525, 0.07464780231338587, 0.07718356901622639, -0.003852756679728164, -0.00865364770780144, -0.009829927928977328], [-0.04978988064157352, -0.20745143273660288, 2.877134329630654, 0.31893697227442164, 0.0038640039122899935, -0.06731582310041873, -0.01184954981114586, 0.07144736326865994, 0.07738445290601766, 0.011726382387637695], [-0.12142407101836382, -0.23711008765167838, 0.31893697227442164, 2.780416938340495, 0.0031782001739565327, -0.008835425366780673, -0.06855882740656367, 0.00397733835361256, 0.07556678656578625, 0.07764079916130179], [0.0005890757384408769, -0.06077640565885525, 0.0038640039122899935, 0.0031782001739565327, 0.0048713283749449495, -0.00032604646942101766, -0.0003948038301370357, -0.0004929894375681544, 0.000767621603952707, -0.00035901078624363454], [0.008399426268105163, 0.07464780231338587, -0.06731582310041873, -0.008835425366780673, -0.00032604646942101766, 0.010803581153735888, -0.0004302630085316624, -0.0003260464725277072, 0.0003881121036811471, -0.0009005850435511334], [0.01037805187340726, 0.07718356901622639, -0.01184954981114586, -0.06855882740656367, -0.0003948038301370357, -0.0004302630085316624, 0.010953720858084305, -0.0007829159325171703, 0.0005745385757349585, -0.00039480382303372315], [0.0010934186708886563, -0.003852756679728164, 0.07144736326865994, 0.00397733835361256, -0.0004929894375681544, -0.0003260464725277072, -0.0007829159325171703, 0.0049462744990739944, 0.0003373585907214239, -0.00019085630902065904], [-0.009577893386296922, -0.00865364770780144, 0.07738445290601766, 0.07556678656578625, 0.000767621603952707, 0.0003881121036811471, 0.0005745385757349585, 0.0003373585907214239, 0.010692358026921117, 0.0003373585925486512], [-0.0018786925288730419, -0.009829927928977328, 0.011726382387637695, 0.07764079916130179, -0.00035901078624363454, -0.0009005850435511334, -0.00039480382303372315, -0.00019085630902065904, 0.0003373585925486512, 0.005364371510205171]]",
    "monomial_list": "[1, x3, x2, x1, x3**2, x2*x3, x1*x3, x2**2, x1*x2, x1**2]"
}