{
    "name": "Multiplier-2",
    "rational_expression": "2561*x1**2/1000 + 3197*x1*x10/100000 - 4497*x1*x11/500000 + 3329*x1*x12/500000 + 749*x1*x13/500000 - 1003*x1*x14/100000 + 1083*x1*x15/2500000 - 2229*x1*x16/500000 + 819*x1*x17/500000 + 1309*x1*x2/200000 + 4191*x1*x3/500000 + 1691*x1*x4/100000 - 2381*x1*x5/250000 + 581*x1*x6/50000 - 2649*x1*x7/500000 + 1317*x1*x8/200000 - 2083*x1*x9/500000 - 6993*x1/100000 + 1293*x10**2/500 - 2849*x10*x11/100000 + 3837*x10*x12/100000 + 7223*x10*x13/1000000 - 2229*x10*x14/500000 + 5773*x10*x15/1000000 + 2663*x10*x16/100000 + 1251*x10*x17/100000 + 1683*x10*x2/250000 + 1823*x10*x3/200000 + 4343*x10*x4/100000 + 121*x10*x5/125000 + 2231*x10*x6/100000 - 1357*x10*x7/10000000 + 2721*x10*x8/100000 + 2999*x10*x9/500000 - 6993*x10/100000 + 2573*x11**2/1000 + 3467*x11*x12/100000 + 2903*x11*x13/100000 + 217*x11*x14/10000 + 619*x11*x15/100000 + 1361*x11*x16/50000 + 1717*x11*x17/50000 + 27*x11*x2/2000 + 164*x11*x3/3125 + 2881*x11*x4/100000 + 423*x11*x5/25000 + 613*x11*x6/12500 + 1239*x11*x7/250000 + 3837*x11*x8/100000 + 1097*x11*x9/50000 - 27*x11/250 + 1289*x12**2/500 + 139*x12*x13/10000 + 2683*x12*x14/100000 + 273*x12*x15/250000 + 2239*x12*x16/100000 + 173*x12*x17/5000 + 1989*x12*x2/100000 + 4801*x12*x3/100000 + 3933*x12*x4/100000 + 2737*x12*x5/100000 + 971*x12*x6/25000 + 1231*x12*x7/250000 + 4397*x12*x8/100000 + 1677*x12*x9/100000 - 151*x12/1250 + 2569*x13**2/1000 + 2289*x13*x14/2500000 + 1131*x13*x15/100000 + 1691*x13*x16/100000 + 607*x13*x17/25000 + 847*x13*x2/125000 + 803*x13*x3/25000 + 106*x13*x4/3125 + 1699*x13*x5/100000 + 881*x13*x6/20000 + 1231*x13*x7/250000 + 353*x13*x8/12500 + 1677*x13*x9/100000 - 151*x13/1250 + 2569*x14**2/1000 - 3043*x14*x15/100000 + 3131*x14*x16/100000 + 603*x14*x17/625000 + 1323*x14*x2/100000 + 69*x14*x3/10000 - 2237*x14*x4/500000 + 2617*x14*x5/100000 + 7111*x14*x6/10000000 + 5091*x14*x7/1000000 + 373*x14*x8/62500 + 789*x14*x9/50000 - 1901*x14/50000 + 2561*x15**2/1000 + 4171*x15*x16/10000000 + 411*x15*x17/25000 + 4297*x15*x2/50000000 + 61*x15*x3/5000 + 1133*x15*x4/100000 + 2399*x15*x5/5000000 + 1617*x15*x6/100000 + 159*x15*x7/31250 + 803*x15*x8/50000 + 763*x15*x9/2000000 - 3181*x15/100000 + 257*x16**2/100 - 827*x16*x17/250000 + 663*x16*x2/50000 + 269*x16*x3/20000 + 147*x16*x4/12500 + 43*x16*x5/2000 + 321*x16*x6/50000 + 1019*x16*x7/100000 + 167*x16*x8/10000 + 277*x16*x9/25000 - 3181*x16/50000 + 1287*x17**2/500 + 6887*x17*x2/1000000 + 969*x17*x3/20000 + 1981*x17*x4/50000 + 1123*x17*x5/50000 + 679*x17*x6/12500 - 2403*x17*x7/10000000 + 1937*x17*x8/50000 + 337*x17*x9/20000 - 1271*x17/10000 + 3283*x2**2/1000 + 1053*x2*x3/100000 + 1061*x2*x4/100000 + 259*x2*x5/25000 + 261*x2*x6/12500 + 619*x2*x7/20000000 + 1517*x2*x8/100000 + 5007*x2*x9/1000000 + 8*x2/625 + 129*x3**2/50 + 5809*x3*x4/100000 + 729*x3*x5/25000 + 93*x3*x6/1000 - 5511*x3*x7/1000000 + 1239*x3*x8/20000 + 269*x3*x9/20000 - 2607*x3/10000 + 1293*x4**2/500 - 427*x4*x5/125000 + 469*x4*x6/6250 - 163*x4*x7/31250 + 4887*x4*x8/100000 + 1169*x4*x9/100000 - 143*x4/1250 + 2567*x5**2/1000 + 1113*x5*x6/50000 + 2511*x5*x7/500000 + 1109*x5*x8/50000 + 279*x5*x9/25000 - 6993*x5/100000 + 1297*x6**2/500 - 387*x6*x7/25000 + 2939*x6*x8/50000 + 1093*x6*x9/50000 - 127*x6/1250 + 1279*x7**2/500 - 501*x7*x8/2000000 + 5007*x7*x9/1000000 + 8*x7/625 + 2579*x8**2/1000 + 1337*x8*x9/200000 - 1271*x8/10000 + 1281*x9**2/500 - 7623*x9/100000 + 1589/500",
    "Q": "[[3.178344218882989, -0.037509069763108936, -0.06274816605299234, 0.005113587621976862, -0.05087078514020999, -0.036332462205922, -0.05613314764985685, -0.1290955919294247, 0.0062530270344019895, -0.06231975574075756, -0.030341599960427745, -0.015386187818351939, -0.020389610040849892, -0.05985603206645195, -0.060969359550750675, -0.054854469654934915, -0.03552105097344769, -0.036427150887664905], [-0.037509069763108936, 2.562006725648614, 0.0024116583125484508, 0.002965489518448272, 0.010808137844316187, 0.006397167026972439, 0.006925408955740609, 0.006192032998722954, 0.0018380812267300463, 0.008464278072665966, 0.006049521160006287, 0.001148609398643001, 0.007269803210164928, 0.008407447385915716, 0.007244723133822425, 0.009995533304408026, 0.0028480978495372703, -0.0020689209465033862], [-0.06274816605299234, 0.0024116583125484508, 2.5788030794145316, 0.00018199263290469815, 0.030138957790951673, 0.010577671188509928, 0.024524257191371836, 0.03045774796157611, 0.007782173663783159, 0.02014125599297215, 0.007278458839818685, 0.007323231845477204, 0.004008018123433558, 0.013897672516866426, 0.0211316030650689, 0.018138508365357246, 0.014863957637817393, 0.004243298619989947], [0.005113587621976862, 0.002965489518448272, 0.00018199263290469815, 2.5581934546233005, -0.006982154668511144, 0.0034187858162958097, -0.0016918456285869774, -0.0022609529084814655, 0.0008819294643634422, 8.04855360979143e-05, 0.005097000362139716, 0.0018812049906982774, 0.0033348715935878014, 0.0012505099057791304, 0.0030874574896805978, 0.0014927470224708136, 0.000533648652955718, -0.0031809395007415782], [-0.05087078514020999, 0.010808137844316187, 0.030138957790951673, -0.006982154668511144, 2.5945392920234864, 0.011004106187341342, 0.03623135525853584, 0.04575757063579918, 0.010708565125065917, 0.027827886567058313, 0.0023994241330361392, 0.0071907819394203725, -8.860819707825545e-05, 0.021596022938611997, 0.02028567428071321, 0.02503050392047104, 0.009909715909878053, 0.005984273640738326], [-0.036332462205922, 0.006397167026972439, 0.010577671188509928, 0.0034187858162958097, 0.011004106187341342, 2.5673122400789024, -0.0023427555805229467, 0.01339161718965515, 0.005647332277214921, 0.011440712599282383, 0.010486110558360816, 0.0014574517911421889, 0.013468034167710398, 0.009124062295159711, 0.01437325485124302, 0.009434563368309922, 0.0009451153583171503, -0.004939266769108917], [-0.05613314764985685, 0.006925408955740609, 0.024524257191371836, -0.0016918456285869774, 0.03623135525853584, -0.0023427555805229467, 2.5860904396499187, 0.02939899372586689, 0.005804336532474273, 0.020340966140013853, 0.005112923833359225, 0.006613815102925754, -0.002903192859327256, 0.01691180656281948, 0.020227464128556662, 0.015284247076107798, 0.02253061036148206, 0.008718214655226751], [-0.1290955919294247, 0.006192032998722954, 0.03045774796157611, -0.0022609529084814655, 0.04575757063579918, 0.01339161718965515, 0.02939899372586689, 2.5798550326059035, 0.0049955396125226734, 0.0243906525586635, 0.007524265301252143, 0.0059573920265797355, 0.004457848502411586, 0.014975402883126888, 0.024479784168068897, 0.026151639989974797, 0.0035897008225472316, 0.005000009014883028], [0.0062530270344019895, 0.0018380812267300463, 0.007782173663783159, 0.0008819294643634422, 0.010708565125065917, 0.005647332277214921, 0.005804336532474273, 0.0049955396125226734, 3.2835545724306, 0.004614276566199305, 0.0056175617323474735, -0.001576349822672621, 0.005421881862143144, 0.002493525643960003, 0.01037943869091344, 0.007617128332073092, 0.0025977527874056472, 0.0016463958720522886], [-0.06231975574075756, 0.008464278072665966, 0.02014125599297215, 8.04855360979143e-05, 0.027827886567058313, 0.011440712599282383, 0.020340966140013853, 0.0243906525586635, 0.004614276566199305, 2.573954819508439, -0.0005477182490197002, 0.007017138674491558, 0.001700205795604521, 0.012514018326868877, 0.01694329720217338, 0.016404951162530143, 0.005225948466007741, 0.002017378963350689], [-0.030341599960427745, 0.006049521160006287, 0.007278458839818685, 0.005097000362139716, 0.0023994241330361392, 0.010486110558360816, 0.005112923833359225, 0.007524265301252143, 0.0056175617323474735, -0.0005477182490197002, 2.570878431008797, 1.3007789958768103e-05, 0.01491651564112524, 0.009613571196492084, 0.010212854977687374, 0.012858569164189346, 0.013128518092470934, -0.0023167382156105217], [-0.015386187818351939, 0.001148609398643001, 0.007323231845477204, 0.0018812049906982774, 0.0071907819394203725, 0.0014574517911421889, 0.006613815102925754, 0.0059573920265797355, -0.001576349822672621, 0.007017138674491558, 1.3007789958768103e-05, 2.560764353503968, -0.01494781167321374, 0.006590729056263748, 0.0014272469178458827, 0.0020684351539200516, 0.003997152937817687, 0.0007419341427032744], [-0.020389610040849892, 0.007269803210164928, 0.004008018123433558, 0.0033348715935878014, -8.860819707825545e-05, 0.013468034167710398, -0.002903192859327256, 0.004457848502411586, 0.005421881862143144, 0.001700205795604521, 0.01491651564112524, -0.01494781167321374, 2.5698316893228745, 0.0017673444018508923, 0.012836516879409416, 0.010279432100188616, -0.002011857616549338, -0.004265109887207101], [-0.05985603206645195, 0.008407447385915716, 0.013897672516866426, 0.0012505099057791304, 0.021596022938611997, 0.009124062295159711, 0.01691180656281948, 0.014975402883126888, 0.002493525643960003, 0.012514018326868877, 0.009613571196492084, 0.006590729056263748, 0.0017673444018508923, 2.568736142859958, 0.00649194335739881, 0.014791136186741338, 0.0031628831284638103, 4.2480959485539204e-05], [-0.060969359550750675, 0.007244723133822425, 0.0211316030650689, 0.0030874574896805978, 0.02028567428071321, 0.01437325485124302, 0.020227464128556662, 0.024479784168068897, 0.01037943869091344, 0.01694329720217338, 0.010212854977687374, 0.0014272469178458827, 0.012836516879409416, 0.00649194335739881, 2.577639201471109, 0.017536418750342838, 0.02028546594784639, 0.003732496620882495], [-0.054854469654934915, 0.009995533304408026, 0.018138508365357246, 0.0014927470224708136, 0.02503050392047104, 0.009434563368309922, 0.015284247076107798, 0.026151639989974797, 0.007617128332073092, 0.016404951162530143, 0.012858569164189346, 0.0020684351539200516, 0.010279432100188616, 0.014791136186741338, 0.017536418750342838, 2.5730197287799452, -0.014070969451111835, -0.003606217681644434], [-0.03552105097344769, 0.0028480978495372703, 0.014863957637817393, 0.000533648652955718, 0.009909715909878053, 0.0009451153583171503, 0.02253061036148206, 0.0035897008225472316, 0.0025977527874056472, 0.005225948466007741, 0.013128518092470934, 0.003997152937817687, -0.002011857616549338, 0.0031628831284638103, 0.02028546594784639, -0.014070969451111835, 2.5863666224180326, 0.014877086261447852], [-0.036427150887664905, -0.0020689209465033862, 0.004243298619989947, -0.0031809395007415782, 0.005984273640738326, -0.004939266769108917, 0.008718214655226751, 0.005000009014883028, 0.0016463958720522886, 0.002017378963350689, -0.0023167382156105217, 0.0007419341427032744, -0.004265109887207101, 4.2480959485539204e-05, 0.003732496620882495, -0.003606217681644434, 0.014877086261447852, 2.5604220546226664]]",
    "monomial_list": "[1, x9, x8, x7, x6, x5, x4, x3, x2, x17, x16, x15, x14, x13, x12, x11, x10, x1]"
}