{
    "name": "Multiplier-9",
    "rational_expression": "2557*x1**2/1000 + 2993*x1*x10/100000 - 837*x1*x11/50000 - 313*x1*x12/200000 - 3061*x1*x13/500000 - 36*x1*x14/3125 - 2931*x1*x15/5000000 - 23*x1*x16/2000 - 3223*x1*x17/500000 - 347*x1*x2/50000 + 187*x1*x3/40000 + 8407*x1*x4/1000000 - 103*x1*x5/6250 - 249*x1*x6/100000 - 281*x1*x7/25000 + 3481*x1*x8/1000000 - 583*x1*x9/1000000 - 114*x1/3125 + 641*x10**2/250 - 8889*x10*x11/100000 - 837*x10*x12/250000 - 4251*x10*x13/100000 - 2169*x10*x14/50000 - 219*x10*x15/20000 - 893*x10*x16/125000 - 1047*x10*x17/25000 - 2559*x10*x2/100000 - 3799*x10*x3/100000 - 4243*x10*x4/1000000 - 979*x10*x5/25000 - 3857*x10*x6/100000 - 1039*x10*x7/50000 - 7667*x10*x8/1000000 - 131*x10*x9/12500 + 67*x10/400 + 507*x11**2/200 - 3477*x11*x12/100000 - 1493*x11*x13/50000 - 99*x11*x14/5000 - 1959*x11*x15/100000 - 1939*x11*x16/100000 - 3333*x11*x17/100000 - 1047*x11*x2/25000 - 41*x11*x3/2500 - 1023*x11*x4/25000 - 1577*x11*x5/50000 - 3857*x11*x6/100000 - 19*x11*x7/800 - 1519*x11*x8/50000 - 523*x11*x9/200000 + 471*x11/2000 + 2541*x12**2/1000 - 2511*x12*x13/50000 - 503*x12*x14/50000 - 2471*x12*x15/100000 - 499*x12*x16/20000 - 3377*x12*x17/100000 - 1057*x12*x2/25000 - 539*x12*x3/25000 - 3643*x12*x4/100000 - 133*x12*x5/6250 - 341*x12*x6/6250 - 191*x12*x7/10000 - 253*x12*x8/12500 - 1381*x12*x9/500000 + 2263*x12/10000 + 2539*x13**2/1000 - 3377*x13*x14/100000 - 309*x13*x15/50000 - 1781*x13*x16/100000 - 1619*x13*x17/50000 - 227*x13*x2/6250 - 2763*x13*x3/100000 - 2567*x13*x4/100000 - 603*x13*x5/25000 - 2947*x13*x6/100000 - 1051*x13*x7/50000 - 719*x13*x8/25000 - 107*x13*x9/10000 + 1539*x13/10000 + 51*x14**2/20 - 6231*x14*x15/100000 + 171*x14*x16/62500 - 3763*x14*x17/100000 - 1583*x14*x2/100000 - 111*x14*x3/4000 - 5151*x14*x4/100000 + 523*x14*x5/500000 - 28*x14*x6/625 - 1093*x14*x7/100000 - 2897*x14*x8/100000 + 299*x14*x9/125000 + 299*x14/2000 + 318*x15**2/125 - 2137*x15*x16/100000 - 263*x15*x17/25000 - 1011*x15*x2/50000 - 171*x15*x3/12500 - 747*x15*x4/50000 - 341*x15*x5/20000 - 709*x15*x6/50000 - 7833*x15*x7/1000000 - 1591*x15*x8/250000 - 5203*x15*x9/1000000 + 8609*x15/100000 + 1273*x16**2/500 - 2607*x16*x17/50000 - 2029*x16*x2/100000 - 1379*x16*x3/50000 - 813*x16*x4/20000 - 87*x16*x5/6250 - 4919*x16*x6/100000 - 1069*x16*x7/100000 - 2857*x16*x8/100000 - 77*x16*x9/20000 + 99*x16/625 + 127*x17**2/50 - 4433*x17*x2/100000 - 1711*x17*x3/100000 - 2857*x17*x4/100000 - 1131*x17*x5/50000 - 1577*x17*x6/50000 - 2491*x17*x7/100000 - 433*x17*x8/20000 - 1731*x17*x9/500000 + 487*x17/2500 + 2537*x2**2/1000 - 147*x2*x3/3125 - 4697*x2*x4/100000 - 1073*x2*x5/50000 - 6011*x2*x6/100000 - 1427*x2*x7/100000 - 821*x2*x8/20000 - 777*x2*x9/250000 + 543*x2/2500 + 1269*x3**2/500 - 81*x3*x4/5000 - 1791*x3*x5/100000 - 5399*x3*x6/1000000 - 2861*x3*x7/100000 - 21*x3*x8/10000 - 243*x3*x9/20000 + 6343*x3/100000 + 637*x4**2/250 - 3053*x4*x5/50000 - 169*x4*x6/6250 - 1423*x4*x7/50000 - 47*x4*x8/2500 - 1129*x4*x9/125000 + 2581*x4/10000 + 2541*x5**2/1000 - 3387*x5*x6/100000 - 793*x5*x7/50000 - 577*x5*x8/25000 - 3773*x5*x9/1000000 + 1631*x5/10000 + 1271*x6**2/500 - 4201*x6*x7/100000 - 167*x6*x8/6250 - 33*x6*x9/25000 + 3167*x6/10000 + 127*x7**2/50 - 2491*x7*x8/100000 - 177*x7*x9/40000 + 1223*x7/10000 + 637*x8**2/250 - x8*x9/320 + 2037*x8/10000 + 817*x9**2/250 + 7241*x9/100000 + 283/125",
    "Q": "[[2.263628067736495, 0.035908153614248955, 0.10150988391074259, 0.06038170968478053, 0.15907974355087204, 0.08137678287794498, 0.12904959752310563, 0.030915987995717743, 0.10817354553337247, 0.09727406099513945, 0.07879942987970252, 0.042557018308025704, 0.07462505865755302, 0.0780357993508737, 0.11257410247722938, 0.11800602266091434, 0.08281488312475199, -0.017238361019040974], [0.035908153614248955, 3.2672718831816354, -0.0009425550688095755, -0.0018557922253294296, -0.000540665195323645, -0.0008280578388412624, -0.0032736924829307977, -0.0052728927840679585, -0.0019187196103771017, -0.0030008561129733777, -0.0012522564243838442, -0.003978668727491153, -0.00021791927388149462, -0.003817185364613541, -0.0007617087613822095, 0.0001442353621857201, -0.006029597092394162, 0.00017234117377526656], [0.10150988391074259, -0.0009425550688095755, 2.5477494708514055, -0.011385728230194073, -0.014321584483253819, -0.011329505299880277, -0.009947585370399107, -0.0011341073156313553, -0.020752108783688637, -0.011838820892836294, -0.01315500521192733, -0.0033580625146728965, -0.01570533408770115, -0.015138497526538834, -0.011122373404647425, -0.015024470346400224, -0.0049731817634444415, 0.0020868408833645572], [0.06038170968478053, -0.0018557922253294296, -0.011385728230194073, 2.5401229638898704, -0.020423438252779234, -0.006883632679311187, -0.014109297618044959, -0.014087138939124137, -0.006556161451621376, -0.011692560651528449, -0.004539999201343115, -0.002820872985445732, -0.0052612377618083475, -0.009891936319282734, -0.008808789032852423, -0.01099120443653058, -0.011450174238547725, -0.0049992346397991745], [0.15907974355087204, -0.000540665195323645, -0.014321584483253819, -0.020423438252779234, 2.5427212173634675, -0.017732959851617165, -0.012139788552522549, -0.002284129850358145, -0.031205573991835746, -0.014771147733461042, -0.02427573060587678, -0.008024244347509727, -0.02193031878903541, -0.013722269663544269, -0.027622876614938844, -0.018464375603249223, -0.018364856998256286, -0.0005322618887701806], [0.08137678287794498, -0.0008280578388412624, -0.011329505299880277, -0.006883632679311187, -0.017732959851617165, 2.540779107420379, -0.03078613254749409, -0.009334152215369727, -0.0120474648055975, -0.011488481683459126, -0.0069488632997211815, -0.008508450074555904, -0.0005966361607381924, -0.012327384268427687, -0.009518705290283369, -0.016849105991513503, -0.01935940321988669, -0.008084042039123338], [0.12904959752310563, -0.0032736924829307977, -0.009947585370399107, -0.014109297618044959, -0.012139788552522549, -0.03078613254749409, 2.54799544717905, -0.007747776042654484, -0.024594144380264537, -0.014796186904532313, -0.019201808296676108, -0.006203331684854643, -0.024751572344552497, -0.013076063468323356, -0.018537876094033925, -0.02156383214671036, -0.0019502377400344142, 0.004441770178494609], [0.030915987995717743, -0.0052728927840679585, -0.0011341073156313553, -0.014087138939124137, -0.002284129850358145, -0.009334152215369727, -0.007747776042654484, 2.5372828823081073, -0.023317434023798187, -0.009163932898427223, -0.013107560847183427, -0.006739138501491727, -0.013758459728822595, -0.014440930307482561, -0.010883084612503126, -0.007758478483912415, -0.01985521141709853, 0.0011605673962532715], [0.10817354553337247, -0.0019187196103771017, -0.020752108783688637, -0.006556161451621376, -0.031205573991835746, -0.0120474648055975, -0.024594144380264537, -0.023317434023798187, 2.5370680135529384, -0.021748901014034382, -0.00915801647728776, -0.00970929055269016, -0.008010709528460115, -0.01813333673411572, -0.020060495844709595, -0.020434087496428843, -0.011908198493144805, -0.0037842753422468595], [0.09727406099513945, -0.0030008561129733777, -0.011838820892836294, -0.011692560651528449, -0.014771147733461042, -0.011488481683459126, -0.014796186904532313, -0.009163932898427223, -0.021748901014034382, 2.539757744295212, -0.025113614654199902, -0.0046717593131098585, -0.017890482249310845, -0.01489266924306552, -0.017811435855159468, -0.016521444765431176, -0.01977013345023519, -0.0022675879722393257], [0.07879942987970252, -0.0012522564243838442, -0.01315500521192733, -0.004539999201343115, -0.02427573060587678, -0.0069488632997211815, -0.019201808296676108, -0.013107560847183427, -0.00915801647728776, -0.025113614654199902, 2.5464731967577734, -0.009933198286957512, 0.0018282254913330228, -0.010050606785350684, -0.012948675552871094, -0.009568421926250023, -0.0038637419403606396, -0.0044805597647151], [0.042557018308025704, -0.003978668727491153, -0.0033580625146728965, -0.002820872985445732, -0.008024244347509727, -0.008508450074555904, -0.006203331684854643, -0.006739138501491727, -0.00970929055269016, -0.0046717593131098585, -0.009933198286957512, 2.5441052725191633, -0.03005205075043499, -0.00408185997750479, -0.01247728311293044, -0.010998619297445833, -0.0065847821243914745, -0.0007679860242680802], [0.07462505865755302, -0.00021791927388149462, -0.01570533408770115, -0.0052612377618083475, -0.02193031878903541, -0.0005966361607381924, -0.024751572344552497, -0.013758459728822595, -0.008010709528460115, -0.017890482249310845, 0.0018282254913330228, -0.03005205075043499, 2.550494604448305, -0.016164616054401237, -0.0055535373486450814, -0.009524374249851567, -0.02047771834658962, -0.006686078504251405], [0.0780357993508737, -0.003817185364613541, -0.015138497526538834, -0.009891936319282734, -0.013722269663544269, -0.012327384268427687, -0.013076063468323356, -0.014440930307482561, -0.01813333673411572, -0.01489266924306552, -0.010050606785350684, -0.00408185997750479, -0.016164616054401237, 2.539276176551943, -0.025989177544274034, -0.013722785328135747, -0.0205551290873594, -0.0037024331230836476], [0.11257410247722938, -0.0007617087613822095, -0.011122373404647425, -0.008808789032852423, -0.027622876614938844, -0.009518705290283369, -0.018537876094033925, -0.010883084612503126, -0.020060495844709595, -0.017811435855159468, -0.012948675552871094, -0.01247728311293044, -0.0055535373486450814, -0.025989177544274034, 2.540738552482707, -0.01845971169228716, -0.002255107465232763, 0.0001794266609799515], [0.11800602266091434, 0.0001442353621857201, -0.015024470346400224, -0.01099120443653058, -0.018464375603249223, -0.016849105991513503, -0.02156383214671036, -0.007758478483912415, -0.020434087496428843, -0.016521444765431176, -0.009568421926250023, -0.010998619297445833, -0.009524374249851567, -0.013722785328135747, -0.01845971169228716, 2.535556004348649, -0.044467066345699094, -0.008262444622071772], [0.08281488312475199, -0.006029597092394162, -0.0049731817634444415, -0.011450174238547725, -0.018364856998256286, -0.01935940321988669, -0.0019502377400344142, -0.01985521141709853, -0.011908198493144805, -0.01977013345023519, -0.0038637419403606396, -0.0065847821243914745, -0.02047771834658962, -0.0205551290873594, -0.002255107465232763, -0.044467066345699094, 2.5636160685596043, 0.015731572443694337], [-0.017238361019040974, 0.00017234117377526656, 0.0020868408833645572, -0.0049992346397991745, -0.0005322618887701806, -0.008084042039123338, 0.004441770178494609, 0.0011605673962532715, -0.0037842753422468595, -0.0022675879722393257, -0.0044805597647151, -0.0007679860242680802, -0.006686078504251405, -0.0037024331230836476, 0.0001794266609799515, -0.008262444622071772, 0.015731572443694337, 2.5571932370362447]]",
    "monomial_list": "[1, x9, x8, x7, x6, x5, x4, x3, x2, x17, x16, x15, x14, x13, x12, x11, x10, x1]"
}