{
    "name": "Multiplier-3",
    "rational_expression": "639*x1**2/250 + 2549*x1*x10/100000 - 63*x1*x11/4000 - 1119*x1*x12/200000 - 5623*x1*x13/1000000 - 537*x1*x14/50000 - 5337*x1*x15/1000000 - 541*x1*x16/50000 - 1171*x1*x17/200000 - 281*x1*x2/25000 - 5351*x1*x3/10000000 + 853*x1*x4/200000 - 1589*x1*x5/100000 - 777*x1*x6/125000 - 1067*x1*x7/100000 - 2983*x1*x8/500000 - 1079*x1*x9/100000 - 1177*x1/50000 + 643*x10**2/250 - 901*x10*x11/12500 + 887*x10*x12/250000 - 37*x10*x13/2500 - 263*x10*x14/12500 - 6461*x10*x15/1000000 + 2799*x10*x16/500000 - 467*x10*x17/20000 + 361*x10*x2/20000 - 2807*x10*x3/1000000 + 377*x10*x4/100000 - 93*x10*x5/3125 - 1807*x10*x6/50000 - 2189*x10*x7/1000000 - 42*x10*x8/3125 - 6789*x10*x9/1000000 + 94*x10/625 + 1269*x11**2/500 - 403*x11*x12/12500 - 33*x11*x13/2000 - 1333*x11*x14/100000 - 973*x11*x15/50000 - 21*x11*x16/1250 - 591*x11*x17/20000 - 2901*x11*x2/100000 - 5749*x11*x3/10000000 - 1869*x11*x4/50000 - 1599*x11*x5/50000 - 223*x11*x6/6250 - 109*x11*x7/10000 - 439*x11*x8/12500 - 31*x11*x9/3125 + 461*x11/2000 + 2543*x12**2/1000 - 937*x12*x13/25000 - 811*x12*x14/250000 - 987*x12*x15/50000 - 853*x12*x16/50000 - 3019*x12*x17/100000 - 941*x12*x2/50000 - 443*x12*x3/500000 - 104*x12*x4/3125 - 419*x12*x5/25000 - 2847*x12*x6/50000 - 133*x12*x7/125000 - 3573*x12*x8/100000 - 97*x12*x9/6250 + 433*x12/2000 + 2547*x13**2/1000 - 21*x13*x14/1000 - 113*x13*x15/100000 - 929*x13*x16/200000 - 909*x13*x17/50000 - 1481*x13*x2/200000 + 1893*x13*x3/500000 - 839*x13*x4/50000 - 731*x13*x5/50000 - 2587*x13*x6/100000 - 67*x13*x7/31250 - 2339*x13*x8/100000 - 1507*x13*x9/1000000 + 94*x13/625 + 2553*x14**2/1000 - 5301*x14*x15/100000 + 4939*x14*x16/500000 - 2473*x14*x17/100000 + 403*x14*x2/62500 - 3483*x14*x3/1000000 - 789*x14*x4/20000 + 231*x14*x5/50000 - 481*x14*x6/12500 + 1077*x14*x7/500000 - 503*x14*x8/20000 + 2597*x14*x9/1000000 + 141*x14/1250 + 1273*x15**2/500 - 1147*x15*x16/100000 - 5277*x15*x17/1000000 - 2463*x15*x2/500000 - 1897*x15*x3/500000 - 1849*x15*x4/200000 - 559*x15*x5/50000 - 937*x15*x6/50000 + 383*x15*x7/200000 - 517*x15*x8/50000 - 787*x15*x9/100000 + 207*x15/2000 + 2551*x16**2/1000 - 3887*x16*x17/100000 + 7923*x16*x2/1000000 + 3627*x16*x3/1000000 - 653*x16*x4/20000 - 377*x16*x5/40000 - 4663*x16*x6/100000 + 7799*x16*x7/1000000 - 581*x16*x8/20000 - 1751*x16*x9/250000 + 1411*x16/10000 + 318*x17**2/125 - 641*x17*x2/25000 - 717*x17*x3/500000 - 1217*x17*x4/50000 - 89*x17*x5/5000 - 7*x17*x6/250 - 577*x17*x7/50000 - 1321*x17*x8/50000 - 267*x17*x9/25000 + 79*x17/400 + 2557*x2**2/1000 + 1197*x2*x3/100000 - 3379*x2*x4/100000 - 6721*x2*x5/1000000 - 1563*x2*x6/25000 + 89*x2*x7/6250 - 3609*x2*x8/100000 + 609*x2*x9/125000 + 529*x2/2500 + 3271*x3**2/1000 + 9767*x3*x4/10000000 - 1677*x3*x5/2000000 - 3107*x3*x6/1000000 + 2073*x3*x7/1000000 - 201*x3*x8/40000 + 2597*x3*x9/1000000 + 141*x3/1250 + 2549*x4**2/1000 - 5669*x4*x5/100000 - 1247*x4*x6/50000 - 399*x4*x7/25000 - 589*x4*x8/20000 - 397*x4*x9/20000 + 1223*x4/5000 + 2543*x5**2/1000 - 4003*x5*x6/100000 - 2037*x5*x7/1000000 - 1397*x5*x8/50000 - 143*x5*x9/12500 + 329*x5/2000 + 318*x6**2/125 - 1779*x6*x7/50000 - 743*x6*x8/20000 - 2373*x6*x9/100000 + 2917*x6/10000 + 1273*x7**2/500 - 829*x7*x8/50000 + 283*x7*x9/40000 + 847*x7/10000 + 1271*x8**2/500 - 123*x8*x9/4000 + 433*x8/2000 + 1273*x9**2/500 + 541*x9/5000 + 294/125",
    "Q": "[[2.352293147084968, 0.054338277091179873, 0.10827479271531631, 0.04298187779747641, 0.14573075056368673, 0.08300732526763403, 0.12182377690873127, 0.05711660448078321, 0.10488307968453611, 0.09767315319296133, 0.07130349033086372, 0.051783076316421775, 0.05648183771657836, 0.07436626523719363, 0.10874471947051885, 0.11469775059148798, 0.075628339502355, -0.011121980069612854], [0.054338277091179873, 2.546297907071699, -0.015904881610567117, 0.002776433281570566, -0.01211356703478713, -0.005009216145999869, -0.009589626538951375, 0.0006819365460529201, 0.003084745161074865, -0.005038424825709116, -0.002695942504419533, -0.0038397702196164567, 0.000765462307760488, -8.923003023783786e-06, -0.007783738792706048, -0.0062102792056357384, -0.003103270485169678, -0.005167752679582403], [0.10827479271531631, -0.015904881610567117, 2.5425017078713923, -0.007123481193646902, -0.01808134869349555, -0.01376332345921876, -0.014127675609347076, -0.0015225730785121423, -0.01900925061861134, -0.012303607872530717, -0.014487812414247464, -0.004519641985929921, -0.012328007435643976, -0.011883162255950645, -0.01656585965065638, -0.016279483138251324, -0.007779515328135775, -0.0022503547892340453], [0.04298187779747641, 0.002776433281570566, -0.007123481193646902, 2.546197116698867, -0.01686029949951228, -0.001331882624560549, -0.00786121167294891, 0.00047804308265930815, 0.007376534374307292, -0.005111052391572688, 0.0028785001627057633, 0.0009233842195630524, 0.0005543721983408518, -0.001115192258370433, -0.0016693149389332682, -0.0056000831396556625, 0.00012558308875541873, -0.005006922324420685], [0.14573075056368673, -0.01211356703478713, -0.01808134869349555, -0.01686029949951228, 2.5437835299820057, -0.018850169438016675, -0.013348081126849489, -0.001460684621730618, -0.031285205428365916, -0.014934617483074737, -0.023751631159442652, -0.008990975865704085, -0.01900671193953706, -0.0129576491040596, -0.02798038535938515, -0.018711038455195915, -0.018574755708224682, -0.0022383812436253046], [0.08300732526763403, -0.005009216145999869, -0.01376332345921876, -0.001331882624560549, -0.018850169438016675, 2.5434664067773443, -0.027708853172158522, 1.586868007777762e-05, -0.004299796543770532, -0.009162175357877268, -0.004750244633388675, -0.006397620199018443, 0.002319411907338795, -0.006983720739242516, -0.008605316261215369, -0.014774951022145062, -0.013862987926815404, -0.00886849536060652], [0.12182377690873127, -0.009589626538951375, -0.014127675609347076, -0.00786121167294891, -0.013348081126849489, -0.027708853172158522, 2.548770490284178, -0.0005594822925048086, -0.01710301043493327, -0.012380287016143755, -0.01593918710652491, -0.005288573016477185, -0.019144032489806923, -0.008077215824770197, -0.01752804551836853, -0.01961835806536318, 0.0015538378228164883, 0.0017084204039936799], [0.05711660448078321, 0.0006819365460529201, -0.0015225730785121423, 0.00047804308265930815, -0.001460684621730618, 1.586868007777762e-05, -0.0005594822925048086, 3.270978358805423, 0.00514508500884069, 0.00024649852991902717, 0.0002255514073329775, -0.0006835475312230967, -0.0009370038971005277, 0.0010928847808139646, -0.0003628343136453454, 0.0009567764842034436, -0.0019260725863051336, 5.705337906126884e-06], [0.10488307968453611, 0.003084745161074865, -0.01900925061861134, 0.007376534374307292, -0.031285205428365916, -0.004299796543770532, -0.01710301043493327, 0.00514508500884069, 2.5563516654316927, -0.012838033412319805, 0.0030855609284131964, -0.00350833613639578, 0.0023745439699365176, -0.0030950354350871684, -0.009385291827113439, -0.014085498686247238, 0.007788973657392903, -0.005323236092462139], [0.09767315319296133, -0.005038424825709116, -0.012303607872530717, -0.005111052391572688, -0.014934617483074737, -0.009162175357877268, -0.012380287016143755, 0.00024649852991902717, -0.012838033412319805, 2.5437379104091553, -0.0198822011736297, -0.002434540634863609, -0.012797108481167562, -0.008233809446248522, -0.014712636947730371, -0.013643821301418673, -0.012806336628809858, -0.003288544943928903], [0.07130349033086372, -0.002695942504419533, -0.014487812414247464, 0.0028785001627057633, -0.023751631159442652, -0.004750244633388675, -0.01593918710652491, 0.0002255514073329775, 0.0030855609284131964, -0.0198822011736297, 2.550661317409784, -0.006880535897165036, 0.006096151513565159, -0.0028224190867975046, -0.009323284354394702, -0.007427621196657683, 0.0036476499415951796, -0.005721467011103987], [0.051783076316421775, -0.0038397702196164567, -0.004519641985929921, 0.0009233842195630524, -0.008990975865704085, -0.006397620199018443, -0.005288573016477185, -0.0006835475312230967, -0.00350833613639578, -0.002434540634863609, -0.006880535897165036, 2.5467424400395107, -0.025247995360588586, -0.00024705450717428886, -0.010164650898527122, -0.009034735007645244, -0.002605579932535234, -0.0016849132943215763], [0.05648183771657836, 0.000765462307760488, -0.012328007435643976, 0.0005543721983408518, -0.01900671193953706, 0.002319411907338795, -0.019144032489806923, -0.0009370038971005277, 0.0023745439699365176, -0.012797108481167562, 0.006096151513565159, -0.025247995360588586, 2.5530579472792327, -0.009387914041930453, -0.0011373293927685053, -0.005990331412843966, -0.01150341747883593, -0.006468253319861114], [0.07436626523719363, -8.923003023783786e-06, -0.011883162255950645, -0.001115192258370433, -0.0129576491040596, -0.006983720739242516, -0.008077215824770197, 0.0010928847808139646, -0.0030950354350871684, -0.008233809446248522, -0.0028224190867975046, -0.00024705450717428886, -0.009387914041930453, 2.5466127028578813, -0.01782574693620189, -0.00897791681593926, -0.008269332681504446, -0.00401141881099158], [0.10874471947051885, -0.007783738792706048, -0.01656585965065638, -0.0016693149389332682, -0.02798038535938515, -0.008605316261215369, -0.01752804551836853, -0.0003628343136453454, -0.009385291827113439, -0.014712636947730371, -0.009323284354394702, -0.010164650898527122, -0.0011373293927685053, -0.01782574693620189, 2.5428713781925225, -0.016625929815487193, 0.0022571322517074776, -0.0027779730787188886], [0.11469775059148798, -0.0062102792056357384, -0.016279483138251324, -0.0056000831396556625, -0.018711038455195915, -0.014774951022145062, -0.01961835806536318, 0.0009567764842034436, -0.014085498686247238, -0.013643821301418673, -0.007427621196657683, -0.009034735007645244, -0.005990331412843966, -0.00897791681593926, -0.016625929815487193, 2.5386222266137946, -0.036380548098572434, -0.00874108754167787], [0.075628339502355, -0.003103270485169678, -0.007779515328135775, 0.00012558308875541873, -0.018574755708224682, -0.013862987926815404, 0.0015538378228164883, -0.0019260725863051336, 0.007788973657392903, -0.012806336628809858, 0.0036476499415951796, -0.002605579932535234, -0.01150341747883593, -0.008269332681504446, 0.0022571322517074776, -0.036380548098572434, 2.571773123221168, 0.011710720913643937], [-0.011121980069612854, -0.005167752679582403, -0.0022503547892340453, -0.005006922324420685, -0.0022383812436253046, -0.00886849536060652, 0.0017084204039936799, 5.705337906126884e-06, -0.005323236092462139, -0.003288544943928903, -0.005721467011103987, -0.0016849132943215763, -0.006468253319861114, -0.00401141881099158, -0.0027779730787188886, -0.00874108754167787, 0.011710720913643937, 2.555737015911914]]",
    "monomial_list": "[1, x9, x8, x7, x6, x5, x4, x3, x2, x17, x16, x15, x14, x13, x12, x11, x10, x1]"
}