{
    "name": "Multiplier-11",
    "rational_expression": "1283*x1**2/500 + 1403*x1*x10/25000 + 4427*x1*x11/500000 + 1951*x1*x12/200000 + 3713*x1*x13/1000000 - 281*x1*x14/125000 + 239*x1*x15/31250 - 2817*x1*x16/1000000 + 4909*x1*x17/500000 + 2321*x1*x2/500000 + 297*x1*x3/100000 + 1027*x1*x4/50000 + 1589*x1*x5/10000000 + 1573*x1*x6/100000 - 647*x1*x7/250000 + 9581*x1*x8/1000000 - 2349*x1*x9/1000000 - 1217*x1/10000 + 2653*x10**2/1000 + 3071*x10*x11/100000 + 1183*x10*x12/12500 + 1931*x10*x13/50000 + 1247*x10*x14/50000 + 469*x10*x15/12500 + 3*x10*x16/80 + 6313*x10*x17/100000 + 8327*x10*x2/100000 + 67*x10*x3/5000 + 277*x10*x4/2500 + 3719*x10*x5/50000 + 503*x10*x6/5000 + 181*x10*x7/5000 + 803*x10*x8/10000 + 159*x10*x9/5000 - 5027*x10/10000 + 3297*x11**2/1000 + 2721*x11*x12/100000 + 773*x11*x13/50000 + 489*x11*x14/25000 + 8517*x11*x15/1000000 + 137*x11*x16/10000 + 67*x11*x17/2500 + 667*x11*x2/25000 + 3699*x11*x3/1000000 + 1611*x11*x4/50000 + 3197*x11*x5/100000 + 1061*x11*x6/25000 + 131*x11*x7/10000 + 2557*x11*x8/100000 + 1321*x11*x9/100000 - 647*x11/5000 + 1297*x12**2/500 + 3137*x12*x13/100000 + 1257*x12*x14/25000 + 2233*x12*x15/100000 + 1891*x12*x16/50000 + 2703*x12*x17/50000 + 2693*x12*x2/50000 + 333*x12*x3/10000 + 5971*x12*x4/100000 + 6447*x12*x5/100000 + 2981*x12*x6/50000 + 183*x12*x7/5000 + 5677*x12*x8/100000 + 159*x12*x9/5000 - 2741*x12/10000 + 2583*x13**2/1000 + 2771*x13*x14/100000 + 2631*x13*x15/100000 + 627*x13*x16/20000 + 409*x13*x17/10000 + 2037*x13*x2/50000 + 269*x13*x3/12500 + 5221*x13*x4/100000 + 1031*x13*x5/25000 + 1429*x13*x6/25000 + 2543*x13*x7/100000 + 111*x13*x8/2500 + 1531*x13*x9/50000 - 2207*x13/10000 + 517*x14**2/200 - 2873*x14*x15/500000 + 4091*x14*x16/100000 + 727*x14*x17/25000 + 2221*x14*x2/50000 + 509*x14*x3/25000 + 589*x14*x4/20000 + 5011*x14*x5/100000 + 69*x14*x6/2000 + 77*x14*x7/3125 + 3767*x14*x8/100000 + 1489*x14*x9/50000 - 913*x14/5000 + 1287*x15**2/500 + 1411*x15*x16/100000 + 3257*x15*x17/100000 + 2737*x15*x2/100000 + 1947*x15*x3/100000 + 759*x15*x4/20000 + 1383*x15*x5/50000 + 3787*x15*x6/100000 + 37*x15*x7/2000 + 1813*x15*x8/50000 + 929*x15*x9/50000 - 1447*x15/10000 + 2583*x16**2/1000 + 2221*x16*x17/100000 + 4289*x16*x2/100000 + 97*x16*x3/5000 + 2777*x16*x4/100000 + 4307*x16*x5/100000 + 693*x16*x6/25000 + 1443*x16*x7/50000 + 1561*x16*x8/50000 + 299*x16*x9/12500 - 1447*x16/10000 + 2591*x17**2/1000 + 4849*x17*x2/100000 + 3337*x17*x3/100000 + 6477*x17*x4/100000 + 1089*x17*x5/20000 + 873*x17*x6/12500 + 1579*x17*x7/50000 + 5677*x17*x8/100000 + 159*x17*x9/5000 - 2741*x17/10000 + 2593*x2**2/1000 + 9*x2*x3/500 + 2741*x2*x4/50000 + 647*x2*x5/10000 + 5483*x2*x6/100000 + 1837*x2*x7/50000 + 5199*x2*x8/100000 + 1849*x2*x9/50000 - 563*x2/2000 + 2573*x3**2/1000 + 491*x3*x4/12500 + 29*x3*x5/1000 + 156*x3*x6/3125 + 703*x3*x7/50000 + 3733*x3*x8/100000 + 711*x3*x9/50000 - 219*x3/1250 + 521*x4**2/200 + 283*x4*x5/6250 + 4603*x4*x6/50000 + 3223*x4*x7/100000 + 1361*x4*x8/20000 + 1623*x4*x9/50000 - 3043*x4/10000 + 324*x5**2/125 + 3333*x5*x6/50000 + 3751*x5*x7/100000 + 5841*x5*x8/100000 + 41*x5*x9/1250 - 799*x5/2500 + 2609*x6**2/1000 + 2771*x6*x7/100000 + 1851*x6*x8/25000 + 19*x6*x9/500 - 131*x6/400 + 103*x7**2/40 + 3149*x7*x8/100000 + 301*x7*x9/12500 - 761*x7/5000 + 519*x8**2/200 + 2677*x8*x9/100000 - 2741*x8/10000 + 322*x9**2/125 - 67*x9/400 + 1903/500",
    "Q": "[[3.805689462294961, -0.08334622064428054, -0.13647909924694476, -0.07661271592355948, -0.16281260894815114, -0.15861163965193878, -0.15138851198074743, -0.08582037801563049, -0.1427072320170419, -0.13695492535140877, -0.0710881789906541, -0.07211675844073398, -0.09316099454600356, -0.10938411854578972, -0.13580643599083236, -0.06292114058237477, -0.251648686804018, -0.061262116383514385], [-0.08334622064428054, 2.5755749324220556, 0.012972914555594956, 0.011347804295085183, 0.01988586569503374, 0.016904713285465636, 0.01692244996039174, 0.0076397497789510846, 0.017827939104746185, 0.01680008485697986, 0.012356513294169308, 0.008244707626265531, 0.014340652360213039, 0.014968352542943607, 0.016109465357792077, 0.005786750738963053, 0.01557390059844644, -0.0004836165377117063], [-0.13647909924694476, 0.012972914555594956, 2.5947732840026823, 0.01579409022851489, 0.036570754693596746, 0.02865298906266147, 0.03412830842853941, 0.01888204360028019, 0.025413080908543637, 0.029191791176120627, 0.015833575880049675, 0.016906321714316382, 0.01770789226015322, 0.022075452404755044, 0.02866508219350821, 0.013860629564939445, 0.041368483251819174, 0.004676755156154074], [-0.07661271592355948, 0.011347804295085183, 0.01579409022851489, 2.5742144778264526, 0.014193899994718288, 0.01766756920548252, 0.015391422330680778, 0.0068029846189227835, 0.019192490598924028, 0.014888009347719822, 0.01360730504040507, 0.009523230285639433, 0.01329180546587416, 0.012878869530787448, 0.01779761867747957, 0.00564415575422282, 0.01708259702661143, -0.0004858735662603817], [-0.16281260894815114, 0.01988586569503374, 0.036570754693596746, 0.014193899994718288, 2.608788463128985, 0.032828148394459036, 0.04665158788371819, 0.02379793967350596, 0.028362302326910244, 0.03593878632867345, 0.014585532882614303, 0.01871294726429045, 0.017499225114169046, 0.02829917963438209, 0.030200973649047464, 0.021547388372489335, 0.04923043356783404, 0.007291521831867814], [-0.15861163965193878, 0.016904713285465636, 0.02865298906266147, 0.01766756920548252, 0.032828148394459036, 2.5919205341005376, 0.022631393153151734, 0.014437426437553868, 0.03133484990157395, 0.027968440185439633, 0.020522434041273047, 0.013407418210535309, 0.025138855005822924, 0.02161582147019674, 0.03210452994959316, 0.015530286206343205, 0.03802330009049412, 0.0012696980308585838], [-0.15138851198074743, 0.01692244996039174, 0.03412830842853941, 0.015391422330680778, 0.04665158788371819, 0.022631393153151734, 2.6046688912633438, 0.01911741619254859, 0.027607343980171856, 0.032584095425211235, 0.01388739359353622, 0.018136536485160736, 0.013505437100884228, 0.026045493940821444, 0.030063015905824424, 0.014843620940609807, 0.05465425431313524, 0.009255646370354519], [-0.08582037801563049, 0.0076397497789510846, 0.01888204360028019, 0.0068029846189227835, 0.02379793967350596, 0.014437426437553868, 0.01911741619254859, 2.5735620786043536, 0.009567128724570865, 0.016749927997076513, 0.009521661531855283, 0.008666880321178745, 0.008976862324712197, 0.011788160919470759, 0.015520794055237251, 0.002531979724737424, 0.007732855791251552, 0.0018534540466498203], [-0.1427072320170419, 0.017827939104746185, 0.025413080908543637, 0.019192490598924028, 0.028362302326910244, 0.03133484990157395, 0.027607343980171856, 0.009567128724570865, 2.593026322183393, 0.024737093506389432, 0.020783209789978194, 0.01410681583528753, 0.02302858297283499, 0.02072956566097007, 0.02800217964756069, 0.013627227743823401, 0.04210420551276784, 0.00282958489430087], [-0.13695492535140877, 0.01680008485697986, 0.029191791176120627, 0.014888009347719822, 0.03593878632867345, 0.027968440185439633, 0.032584095425211235, 0.016749927997076513, 0.024737093506389432, 2.591597146388036, 0.010806561701580113, 0.01673757016097738, 0.01496668082339945, 0.021367068114924167, 0.02682007374999007, 0.012531455135076702, 0.03262727994379856, 0.003820187339130133], [-0.0710881789906541, 0.012356513294169308, 0.015833575880049675, 0.01360730504040507, 0.014585532882614303, 0.020522434041273047, 0.01388739359353622, 0.009521661531855283, 0.020783209789978194, 0.010806561701580113, 2.582520608619582, 0.007473398904473148, 0.021037837592218896, 0.016126504070839497, 0.017620525173147557, 0.006617485758056938, 0.019130071416859264, -0.0024292334782208126], [-0.07211675844073398, 0.008244707626265531, 0.016906321714316382, 0.009523230285639433, 0.01871294726429045, 0.013407418210535309, 0.018136536485160736, 0.008666880321178745, 0.01410681583528753, 0.01673757016097738, 0.007473398904473148, 2.573917187552192, -0.002163173103442437, 0.01427267912345507, 0.012341632297897956, 0.00317869051361416, 0.019639378856548616, 0.0026015156966951343], [-0.09316099454600356, 0.014340652360213039, 0.01770789226015322, 0.01329180546587416, 0.017499225114169046, 0.025138855005822924, 0.013505437100884228, 0.008976862324712197, 0.02302858297283499, 0.01496668082339945, 0.021037837592218896, -0.002163173103442437, 2.585005207188616, 0.012557884543891777, 0.024482279833706464, 0.009214008537508103, 0.013449382003527816, -0.002267914811804693], [-0.10938411854578972, 0.014968352542943607, 0.022075452404755044, 0.012878869530787448, 0.02829917963438209, 0.02161582147019674, 0.026045493940821444, 0.011788160919470759, 0.02072956566097007, 0.021367068114924167, 0.016126504070839497, 0.01427267912345507, 0.012557884543891777, 2.5834439117509973, 0.016701834416251237, 0.007821193330312929, 0.020409021008453064, 0.001020769600089787], [-0.13580643599083236, 0.016109465357792077, 0.02866508219350821, 0.01779761867747957, 0.030200973649047464, 0.03210452994959316, 0.030063015905824424, 0.015520794055237251, 0.02800217964756069, 0.02682007374999007, 0.017620525173147557, 0.012341632297897956, 0.024482279833706464, 0.016701834416251237, 2.5939364247469854, 0.014270958123745712, 0.046218419104403205, 0.004231661381436052], [-0.06292114058237477, 0.005786750738963053, 0.013860629564939445, 0.00564415575422282, 0.021547388372489335, 0.015530286206343205, 0.014843620940609807, 0.002531979724737424, 0.013627227743823401, 0.012531455135076702, 0.006617485758056938, 0.00317869051361416, 0.009214008537508103, 0.007821193330312929, 0.014270958123745712, 3.296113709641077, 0.016096282764157848, 0.003003535962990018], [-0.251648686804018, 0.01557390059844644, 0.041368483251819174, 0.01708259702661143, 0.04923043356783404, 0.03802330009049412, 0.05465425431313524, 0.007732855791251552, 0.04210420551276784, 0.03262727994379856, 0.019130071416859264, 0.019639378856548616, 0.013449382003527816, 0.020409021008453064, 0.046218419104403205, 0.016096282764157848, 2.6529690567543036, 0.02706035872734883], [-0.061262116383514385, -0.0004836165377117063, 0.004676755156154074, -0.0004858735662603817, 0.007291521831867814, 0.0012696980308585838, 0.009255646370354519, 0.0018534540466498203, 0.00282958489430087, 0.003820187339130133, -0.0024292334782208126, 0.0026015156966951343, -0.002267914811804693, 0.001020769600089787, 0.004231661381436052, 0.003003535962990018, 0.02706035872734883, 2.566363840947808]]",
    "monomial_list": "[1, x9, x8, x7, x6, x5, x4, x3, x2, x17, x16, x15, x14, x13, x12, x11, x10, x1]"
}