{
    "name": "Multiplier-10",
    "rational_expression": "2547*x1**2/1000 + 6747*x1*x10/100000 - 759*x1*x11/10000 + 3057*x1*x12/5000000 - 2463*x1*x13/100000 - 309*x1*x14/12500 - 9617*x1*x15/1000000 - 571*x1*x16/50000 - 2359*x1*x17/100000 - 1701*x1*x2/100000 - 417*x1*x3/25000 + 1343*x1*x4/250000 - 247*x1*x5/6250 - 159*x1*x6/6250 - 1983*x1*x7/100000 - 603*x1*x8/50000 - 501*x1*x9/20000 + 6531*x1/100000 + 3283*x10**2/1000 - 809*x10*x11/5000 + 63*x10*x12/3125 - 617*x10*x13/12500 - 4859*x10*x14/100000 - 1403*x10*x15/100000 + 1021*x10*x16/100000 - 5101*x10*x17/100000 - 199*x10*x2/12500 - 1421*x10*x3/20000 + 379*x10*x4/25000 - 2619*x10*x5/50000 - 457*x10*x6/10000 - 149*x10*x7/6250 - 2821*x10*x8/500000 - 3489*x10*x9/100000 + 2153*x10/10000 + 2557*x11**2/1000 - 57*x11*x12/1000 + 2053*x11*x13/100000 + 2633*x11*x14/100000 - 37*x11*x15/2500 - 1173*x11*x16/50000 + 589*x11*x17/50000 - 419*x11*x2/12500 + 4427*x11*x3/100000 - 4753*x11*x4/100000 - 4759*x11*x5/500000 + 4209*x11*x6/500000 + 1757*x11*x7/5000000 - 467*x11*x8/20000 + 129*x11*x9/25000 + 144*x11/3125 + 631*x12**2/250 - 3727*x12*x13/50000 + 4329*x12*x14/500000 - 3399*x12*x15/100000 - 3473*x12*x16/100000 - 4037*x12*x17/100000 - 1381*x12*x2/25000 - 3091*x12*x3/100000 - 4659*x12*x4/100000 - 213*x12*x5/12500 - 1841*x12*x6/20000 - 8801*x12*x7/1000000 - 919*x12*x8/25000 - 873*x12*x9/25000 + 999*x12/5000 + 2523*x13**2/1000 - 2537*x13*x14/100000 + 261*x13*x15/25000 - 709*x13*x16/50000 - 291*x13*x17/20000 - 689*x13*x2/20000 - 101*x13*x3/5000 - 2437*x13*x4/250000 - 501*x13*x5/50000 + 883*x13*x6/2500000 - 503*x13*x7/50000 - 1261*x13*x8/50000 + 1273*x14**2/500 - 1919*x14*x15/20000 + 1401*x14*x16/50000 - 2923*x14*x17/100000 - 97*x14*x2/40000 - 319*x14*x3/20000 - 5437*x14*x4/100000 + 96*x14*x5/3125 - 421*x14*x6/12500 + 2131*x14*x7/10000000 - 2431*x14*x8/100000 + 2557*x14*x9/500000 + 1149*x14/50000 + 101*x15**2/40 - 1223*x15*x16/50000 + 5493*x15*x17/1000000 - 281*x15*x2/20000 - 191*x15*x3/12500 - 9251*x15*x4/1000000 - 1487*x15*x5/100000 - 1461*x15*x6/100000 + 639*x15*x7/125000 + 4907*x15*x8/10000000 - 1503*x15*x9/100000 + 3869*x15/500000 + 633*x16**2/250 - 8249*x16*x17/100000 - 1271*x16*x2/100000 - 887*x16*x3/20000 - 579*x16*x4/12500 - 1807*x16*x5/100000 - 961*x16*x6/12500 + 4471*x16*x7/5000000 - 1999*x16*x8/50000 - 2001*x16*x9/100000 + 1269*x16/10000 + 631*x17**2/250 - 59*x17*x2/1250 + 827*x17*x3/250000 - 1277*x17*x4/50000 - 3871*x17*x5/1000000 - 101*x17*x6/10000 - 1457*x17*x7/100000 - 1729*x17*x8/100000 - 2499*x17*x9/250000 + 3459*x17/50000 + 1257*x2**2/500 - 1483*x2*x3/20000 - 2837*x2*x4/50000 - 361*x2*x5/20000 - 8229*x2*x6/100000 + 1817*x2*x7/2000000 - 1207*x2*x8/20000 - 1481*x2*x9/100000 + 1191*x2/10000 + 629*x3**2/250 - 7*x3*x4/625 - 6387*x3*x5/1000000 + 429*x3*x6/12500 - 307*x3*x7/10000 + 243*x3*x8/200000 - 303*x3*x9/10000 - 999*x3/10000 + 127*x4**2/50 - 2313*x4*x5/25000 - 1461*x4*x6/50000 - 473*x4*x7/20000 - 3049*x4*x8/100000 - 2471*x4*x9/100000 + 2343*x4/10000 + 2521*x5**2/1000 - 1093*x5*x6/50000 - 4561*x5*x7/1000000 - 289*x5*x8/12500 - 187*x5*x9/12500 + 144*x5/3125 + 507*x6**2/200 - 2429*x6*x7/50000 - 493*x6*x8/12500 - 9617*x6*x9/1000000 + 103*x6/400 + 503*x7**2/200 - 1411*x7*x8/100000 + 2313*x7*x9/50000000 + 1149*x7/50000 + 631*x8**2/250 - 5503*x8*x9/100000 + 1613*x8/10000 + 629*x9**2/250 + 3869*x9/500000 + 1921/1000",
    "Q": "[[1.9209385897766624, 0.004022097503395971, 0.08125437809938132, 0.010790582168254808, 0.12939273200538917, 0.0235903006679547, 0.11624670129914091, -0.049965608760378706, 0.059238210096896955, 0.03491003942525238, 0.06424797670556512, 0.003340857988134083, 0.011894251021994293, 0.0009343407039713055, 0.09927639313313504, 0.023418044241128456, 0.1082526173493882, 0.032210403925854], [0.004022097503395971, 2.5160840780712013, -0.02721831470667439, -5.323881231188495e-05, -0.005165615627471949, -0.007169621145074025, -0.011782378987741888, -0.015346171301859389, -0.008147192691169638, -0.004118746613786988, -0.01047741502412579, -0.006606234173977344, 0.003370252505347191, -0.0002802116340122005, -0.017010560440682502, 0.002673504828250958, -0.016448483818619186, -0.011267186046394815], [0.08125437809938132, -0.02721831470667439, 2.5233056359510706, -0.008152332404353872, -0.020589053488868754, -0.010883913480119299, -0.016149138329325467, 0.0006325917801076382, -0.029179192192349084, -0.009441008516418969, -0.01943226064867409, 9.541475509473677e-05, -0.01147055338756847, -0.012742584656473491, -0.017952438443744792, -0.011868392579688743, -0.003948320537039598, -0.005192991110800301], [0.010790582168254808, -5.323881231188495e-05, -0.008152332404353872, 2.515467805255884, -0.025401165246157216, -0.0012110831953252655, -0.011332415434846784, -0.014859400934724275, 0.0006010474356172089, -0.006891137604687301, -0.0003943151669431743, 0.002628684867550984, -0.00010523823728355248, -0.004413885659537273, -0.004917286525155194, -0.0007028306611290833, -0.010848002242294432, -0.010981555471566349], [0.12939273200538917, -0.005165615627471949, -0.020589053488868754, -0.025401165246157216, 2.5353264062912744, -0.010809098315935906, -0.013971053637875161, 0.017272109052178946, -0.04230445046905039, -0.00497580944380568, -0.03885804698525085, -0.006281640985707926, -0.01735866434288129, -0.0003771303548173519, -0.04566736356910525, 0.005128721901588794, -0.02274141581088595, -0.011694572862535765], [0.0235903006679547, -0.007169621145074025, -0.010883913480119299, -0.0012110831953252655, -0.010809098315935906, 2.521638916122153, -0.04619539664765072, -0.004029130239089538, -0.009263778969512705, -0.0014690653345233598, -0.007947808317176978, -0.00637585191995795, 0.015165322747834028, -0.0047738291908398945, -0.007280749638545892, -0.0052745647385273875, -0.025238855279247734, -0.02037007679908222], [0.11624670129914091, -0.011782378987741888, -0.016149138329325467, -0.011332415434846784, -0.013971053637875161, -0.04619539664765072, 2.539836673489745, -0.006020163234323476, -0.028448632013165474, -0.013669428666729716, -0.022573921216326537, -0.0046386253701152895, -0.026004365692320255, -0.005276071600330959, -0.023606181961989863, -0.023605401515572288, 0.008374097888870422, 0.0016497712808400567], [-0.049965608760378706, -0.015346171301859389, 0.0006325917801076382, -0.014859400934724275, 0.017272109052178946, -0.004029130239089538, -0.006020163234323476, 2.5155185961369937, -0.0362846561368515, 0.0004931181297005222, -0.02159680266990694, -0.00659833732557672, -0.0068403657187664935, -0.009346589896409201, -0.016478923344818132, 0.021578117228592947, -0.036481327287404, -0.007744540291675539], [0.059238210096896955, -0.008147192691169638, -0.029179192192349084, 0.0006010474356172089, -0.04230445046905039, -0.009263778969512705, -0.028448632013165474, -0.0362846561368515, 2.5144834594800325, -0.023496649254024855, -0.007050932943529541, -0.00819983334362128, -5.399390525082473e-05, -0.01590365863212516, -0.026502072182422547, -0.01726633414920905, -0.007930691184607803, -0.00929286101546393], [0.03491003942525238, -0.004118746613786988, -0.009441008516418969, -0.006891137604687301, -0.00497580944380568, -0.0014690653345233598, -0.013669428666729716, 0.0004931181297005222, -0.023496649254024855, 2.5242160681464076, -0.04136130581032638, 0.002582067455075718, -0.014025679939243777, -0.0066257757422638576, -0.020465480042579903, 0.0052846577327856905, -0.025188838571388105, -0.011691378817098546], [0.06424797670556512, -0.01047741502412579, -0.01943226064867409, -0.0003943151669431743, -0.03885804698525085, -0.007947808317176978, -0.022573921216326537, -0.02159680266990694, -0.007050932943529541, -0.04136130581032638, 2.5322437930826176, -0.011700663670122536, 0.012731816178327682, -0.006915554064789963, -0.016225549658065413, -0.012681607536859818, 0.00593342438977068, -0.006106751697281449], [0.003340857988134083, -0.006606234173977344, 9.541475509473677e-05, 0.002628684867550984, -0.006281640985707926, -0.00637585191995795, -0.0046386253701152895, -0.00659833732557672, -0.00819983334362128, 0.002582067455075718, -0.011700663670122536, 2.524677051213573, -0.048772143490207594, 0.0044894131115681656, -0.017286092308006512, -0.006955348955256595, -0.006473348717082255, -0.005066597156622255], [0.011894251021994293, 0.003370252505347191, -0.01147055338756847, -0.00010523823728355248, -0.01735866434288129, 0.015165322747834028, -0.026004365692320255, -0.0068403657187664935, -5.399390525082473e-05, -0.014025679939243777, 0.012731816178327682, -0.048772143490207594, 2.546145315574798, -0.013265964459886497, 0.005572544607454832, 0.013161878529735, -0.02442906464701292, -0.013384732887312572], [0.0009343407039713055, -0.0002802116340122005, -0.012742584656473491, -0.004413885659537273, -0.0003771303548173519, -0.0047738291908398945, -0.005276071600330959, -0.009346589896409201, -0.01590365863212516, -0.0066257757422638576, -0.006915554064789963, 0.0044894131115681656, -0.013265964459886497, 2.523082453998307, -0.038386943615006726, 0.00998026491142827, -0.02532868175450319, -0.012641096481921377], [0.09927639313313504, -0.017010560440682502, -0.017952438443744792, -0.004917286525155194, -0.04566736356910525, -0.007280749638545892, -0.023606181961989863, -0.016478923344818132, -0.026502072182422547, -0.020465480042579903, -0.016225549658065413, -0.017286092308006512, 0.005572544607454832, -0.038386943615006726, 2.523262141606644, -0.02731934496361013, 0.009267094123489231, -0.0007030932903065689], [0.023418044241128456, 0.002673504828250958, -0.011868392579688743, -0.0007028306611290833, 0.005128721901588794, -0.0052745647385273875, -0.023605401515572288, 0.021578117228592947, -0.01726633414920905, 0.0052846577327856905, -0.012681607536859818, -0.006955348955256595, 0.013161878529735, 0.00998026491142827, -0.02731934496361013, 2.5574853429064994, -0.08038454239815984, -0.037642554957964446], [0.1082526173493882, -0.016448483818619186, -0.003948320537039598, -0.010848002242294432, -0.02274141581088595, -0.025238855279247734, 0.008374097888870422, -0.036481327287404, -0.007930691184607803, -0.025188838571388105, 0.00593342438977068, -0.006473348717082255, -0.02442906464701292, -0.02532868175450319, 0.009267094123489231, -0.08038454239815984, 3.283184306651855, 0.032079502727346144], [0.032210403925854, -0.011267186046394815, -0.005192991110800301, -0.010981555471566349, -0.011694572862535765, -0.02037007679908222, 0.0016497712808400567, -0.007744540291675539, -0.00929286101546393, -0.011691378817098546, -0.006106751697281449, -0.005066597156622255, -0.013384732887312572, -0.012641096481921377, -0.0007030932903065689, -0.037642554957964446, 0.032079502727346144, 2.5473524650059223]]",
    "monomial_list": "[1, x9, x8, x7, x6, x5, x4, x3, x2, x17, x16, x15, x14, x13, x12, x11, x10, x1]"
}