{
    "name": "Multiplier-7",
    "rational_expression": "2557*x1**2/1000 + 373*x1*x10/12500 - 167*x1*x11/10000 - 83*x1*x12/50000 - 3037*x1*x13/500000 - 229*x1*x14/20000 - 23*x1*x15/4000 - 1177*x1*x16/100000 - 6481*x1*x17/1000000 - 307*x1*x2/25000 - 2681*x1*x3/5000000 + 129*x1*x4/15625 - 67*x1*x5/4000 + 323*x1*x6/125000 - 2449*x1*x7/5000000 - 59*x1*x8/31250 - 1139*x1*x9/100000 - 3569*x1/100000 + 2561*x10**2/1000 - 9447*x10*x11/100000 - 1289*x10*x12/100000 - 399*x10*x13/10000 - 2043*x10*x14/50000 - 283*x10*x15/12500 - 1763*x10*x16/100000 - 7*x10*x17/160 - 3113*x10*x2/100000 - 2313*x10*x3/50000 - 551*x10*x4/50000 - 573*x10*x5/12500 - 1787*x10*x6/50000 - 1887*x10*x7/500000 - 1209*x10*x8/50000 - 1721*x10*x9/50000 + 1949*x10/10000 + 1267*x11**2/500 - 7*x11*x12/160 - 129*x11*x13/4000 - 71*x11*x14/3125 - 97*x11*x15/3125 - 2963*x11*x16/100000 - 3499*x11*x17/100000 - 4701*x11*x2/100000 - 979*x11*x3/50000 - 2379*x11*x4/50000 - 1887*x11*x5/50000 - 1807*x11*x6/50000 + 923*x11*x7/250000 - 1023*x11*x8/25000 - 339*x11*x9/12500 + 2569*x11/10000 + 1269*x12**2/500 - 1417*x12*x13/25000 - 577*x12*x14/50000 - 707*x12*x15/20000 - 1927*x12*x16/50000 - 4431*x12*x17/100000 - 1019*x12*x2/20000 - 697*x12*x3/20000 - 4683*x12*x4/100000 - 17*x12*x5/625 - 6073*x12*x6/100000 + 239*x12*x7/62500 - 126*x12*x8/3125 - 741*x12*x9/20000 + 1329*x12/5000 + 2539*x13**2/1000 - 3239*x13*x14/100000 - 1379*x13*x15/100000 - 2473*x13*x16/100000 - 761*x13*x17/25000 - 3807*x13*x2/100000 - 3179*x13*x3/100000 - 2891*x13*x4/100000 - 2717*x13*x5/100000 - 2819*x13*x6/100000 - 843*x13*x7/200000 - 3629*x13*x8/100000 - 999*x13*x9/50000 + 1639*x13/10000 + 51*x14**2/20 - 6493*x14*x15/100000 + 5153*x14*x16/10000000 - 112*x14*x17/3125 - 1789*x14*x2/100000 - 2671*x14*x3/100000 - 619*x14*x4/12500 - 1927*x14*x5/1000000 - 2177*x14*x6/50000 + 2297*x14*x7/1000000 - 3163*x14*x8/100000 - 1517*x14*x9/100000 + 319*x14/2000 + 318*x15**2/125 - 1373*x15*x16/50000 - 219*x15*x17/12500 - 521*x15*x2/20000 - 2247*x15*x3/100000 - 2123*x15*x4/100000 - 1197*x15*x5/50000 - 1303*x15*x6/50000 - 479*x15*x7/100000 - 1811*x15*x8/100000 - 2129*x15*x9/100000 + 1241*x15/10000 + 318*x16**2/125 - 29*x16*x17/500 - 2471*x16*x2/100000 - 451*x16*x3/12500 - 4573*x16*x4/100000 - 1239*x16*x5/50000 - 1101*x16*x6/20000 + 2997*x16*x7/1000000 - 1931*x16*x8/50000 - 1173*x16*x9/50000 + 1041*x16/5000 + 2539*x17**2/1000 - 251*x17*x2/5000 - 411*x17*x3/20000 - 3553*x17*x4/100000 - 753*x17*x5/25000 - 2951*x17*x6/100000 - 11*x17*x7/3125 - 209*x17*x8/6250 - 1429*x17*x9/50000 + 17*x17/80 + 317*x2**2/125 - 5487*x2*x3/100000 - 5731*x2*x4/100000 - 1617*x2*x5/50000 - 143*x2*x6/2000 - 1337*x2*x7/500000 - 2807*x2*x8/50000 - 339*x2*x9/12500 + 2569*x2/10000 + 507*x3**2/200 - 1929*x3*x4/100000 - 1313*x3*x5/50000 + 613*x3*x6/500000 - 1199*x3*x7/100000 - 777*x3*x8/50000 - 3297*x3*x9/100000 + 997*x3/12500 + 1273*x4**2/500 - 3361*x4*x5/50000 - 2451*x4*x6/100000 - 103*x4*x7/40000 - 431*x4*x8/12500 - 3661*x4*x9/100000 + 279*x4/1000 + 1269*x5**2/500 - 81*x5*x6/2000 + 2869*x5*x7/1000000 - 107*x5*x8/3125 - 297*x5*x9/12500 + 1993*x5/10000 + 637*x6**2/250 + 2313*x6*x7/500000 - 743*x6*x8/20000 - 1509*x6*x9/50000 + 1617*x6/5000 + 3267*x7**2/1000 - 1567*x7*x8/1000000 - 3059*x7*x9/1000000 + 1241*x7/20000 + 2539*x8**2/1000 - 119*x8*x9/2500 + 1241*x8/5000 + 1269*x9**2/500 + 1463*x9/10000 + 443/200",
    "Q": "[[2.2152389088689097, 0.07303335010810177, 0.12417635150763034, 0.030854017986751265, 0.16119548059218763, 0.09977351817282898, 0.13932537282880011, 0.03985132354852285, 0.12889676020785426, 0.10648064641415637, 0.10309238962238237, 0.06296219960393196, 0.08050739882483349, 0.0818743775669977, 0.1339221788471482, 0.12776359999862777, 0.09856417419850458, -0.016649039130340163], [0.07303335010810177, 2.537997602577079, -0.022830280555546718, -0.001937750991000543, -0.015299660356154453, -0.012717480078328998, -0.017397129218941453, -0.016969631492083498, -0.013964818247798742, -0.013379416164478979, -0.01243641478630155, -0.009541718321193528, -0.0063059603918017085, -0.010556518232625347, -0.01729051030442923, -0.013162998242713905, -0.016938809804870024, -0.0054051077006301105], [0.12417635150763034, -0.022830280555546718, 2.5390641903951754, -0.001032924596967548, -0.017970585560234783, -0.017814839208417792, -0.017600955686137468, -0.008914202783626191, -0.027012849291354536, -0.016600754034059268, -0.020160591541623397, -0.009319119802274506, -0.016216361175883157, -0.017236689669269945, -0.020882820344269984, -0.020268794346935088, -0.012142532912502993, -0.0007205696063819744], [0.030854017986751265, -0.001937750991000543, -0.001032924596967548, 3.2671608225893096, 0.0018759890335017372, 0.0003353670532695618, -0.0021222084784102233, -0.00498074254918725, -0.00013675472557660238, -0.0023575452558781494, 0.0005493257181479262, -0.003667183691100506, 0.0015403639253027746, -0.002972217345486317, 0.0006654162711330427, 0.00038250088750492174, -0.0032816887751972133, 0.0006532901613715259], [0.16119548059218763, -0.015299660356154453, -0.017970585560234783, 0.0018759890335017372, 2.548469690888728, -0.020365297479209166, -0.011398871751796325, 0.0001838208822855309, -0.03530325255091327, -0.01409517898862536, -0.02881925537047233, -0.013518153274353033, -0.02138805667701198, -0.012725153636611253, -0.030654249843730243, -0.018564541157866866, -0.017956457893777977, 0.001772579050829156], [0.09977351817282898, -0.012717480078328998, -0.017814839208417792, 0.0003353670532695618, -0.020365297479209166, 2.5385082132930545, -0.03440306901136137, -0.013116054739700227, -0.01581038469686903, -0.014685357480001163, -0.011407047638238065, -0.011568457023509292, -0.002023762105174286, -0.01421575997518647, -0.014375927874361802, -0.020113764691383283, -0.022834466414658857, -0.008920225710537334], [0.13932537282880011, -0.017397129218941453, -0.017600955686137468, -0.0021222084784102233, -0.011398871751796325, -0.03440306901136137, 2.545738835676955, -0.010537366666384024, -0.02867842200869469, -0.017147447015544413, -0.023838536543191385, -0.01102638826483957, -0.024845251381651563, -0.014077064482400863, -0.023621593670008708, -0.02434787739452299, -0.0048963148845698945, 0.004089042504846609], [0.03985132354852285, -0.016969631492083498, -0.008914202783626191, -0.00498074254918725, 0.0001838208822855309, -0.013116054739700227, -0.010537366666384024, 2.5352433033831914, -0.027258177905187257, -0.011048481424211465, -0.017603920109134384, -0.011039286583801907, -0.014070227543619022, -0.015172120206653874, -0.01596350132494071, -0.009958162090376714, -0.02274750678098467, 0.0007785143024189855], [0.12889676020785426, -0.013964818247798742, -0.027012849291354536, -0.00013675472557660238, -0.03530325255091327, -0.01581038469686903, -0.02867842200869469, -0.027258177905187257, 2.5357992662600313, -0.024812135661158835, -0.01316178047779381, -0.012506151029941789, -0.009501860708945991, -0.019916820117881304, -0.02448746185622987, -0.02387064120575396, -0.015586993346531828, -0.005163706954277253], [0.10648064641415637, -0.013379416164478979, -0.016600754034059268, -0.0023575452558781494, -0.01409517898862536, -0.014685357480001163, -0.017147447015544413, -0.011048481424211465, -0.024812135661158835, 2.538239356547847, -0.028547788132012503, -0.008427917623707364, -0.018540537450512488, -0.016022333967050523, -0.021183628624964597, -0.018742324573952095, -0.02162949245368974, -0.002183458979851446], [0.10309238962238237, -0.01243641478630155, -0.020160591541623397, 0.0005493257181479262, -0.02881925537047233, -0.011407047638238065, -0.023838536543191385, -0.017603920109134384, -0.01316178047779381, -0.028547788132012503, 2.5440868395420533, -0.012451092952533558, -7.8372647479513e-05, -0.01245923288165107, -0.018108446135749266, -0.013663861019760548, -0.008453723080864456, -0.005832295726184899], [0.06296219960393196, -0.009541718321193528, -0.009319119802274506, -0.003667183691100506, -0.013518153274353033, -0.011568457023509292, -0.01102638826483957, -0.011039286583801907, -0.012506151029941789, -0.008427917623707364, -0.012451092952533558, 2.5433218467414425, -0.031180296996182917, -0.006766597485895049, -0.016429847041894048, -0.014794808439825594, -0.010364164621995433, -0.0022520213388086473], [0.08050739882483349, -0.0063059603918017085, -0.016216361175883157, 0.0015403639253027746, -0.02138805667701198, -0.002023762105174286, -0.024845251381651563, -0.014070227543619022, -0.009501860708945991, -0.018540537450512488, -7.8372647479513e-05, -0.031180296996182917, 2.549323068514627, -0.016769190435801287, -0.0067304014586498165, -0.01034449176766011, -0.020871152638038917, -0.00645506452068835], [0.0818743775669977, -0.010556518232625347, -0.017236689669269945, -0.002972217345486317, -0.012725153636611253, -0.01421575997518647, -0.014077064482400863, -0.015172120206653874, -0.019916820117881304, -0.016022333967050523, -0.01245923288165107, -0.006766597485895049, -0.016769190435801287, 2.5382038884503846, -0.027355593494311194, -0.014954870683615475, -0.021177091666714037, -0.003430164986548172], [0.1339221788471482, -0.01729051030442923, -0.020882820344269984, 0.0006654162711330427, -0.030654249843730243, -0.014375927874361802, -0.023621593670008708, -0.01596350132494071, -0.02448746185622987, -0.021183628624964597, -0.018108446135749266, -0.016429847041894048, -0.0067304014586498165, -0.027355593494311194, 2.537396588963644, -0.02233918912659807, -0.007282640463596862, -0.0016087951216213648], [0.12776359999862777, -0.013162998242713905, -0.020268794346935088, 0.00038250088750492174, -0.018564541157866866, -0.020113764691383283, -0.02434787739452299, -0.009958162090376714, -0.02387064120575396, -0.018742324573952095, -0.013663861019760548, -0.014794808439825594, -0.01034449176766011, -0.014954870683615475, -0.02233918912659807, 2.5339313740597613, -0.04639628967925488, -0.008305109068406497], [0.09856417419850458, -0.016938809804870024, -0.012142532912502993, -0.0032816887751972133, -0.017956457893777977, -0.022834466414658857, -0.0048963148845698945, -0.02274750678098467, -0.015586993346531828, -0.02162949245368974, -0.008453723080864456, -0.010364164621995433, -0.020871152638038917, -0.021177091666714037, -0.007282640463596862, -0.04639628967925488, 2.5611022397036036, 0.014651426803637943], [-0.016649039130340163, -0.0054051077006301105, -0.0007205696063819744, 0.0006532901613715259, 0.001772579050829156, -0.008920225710537334, 0.004089042504846609, 0.0007785143024189855, -0.005163706954277253, -0.002183458979851446, -0.005832295726184899, -0.0022520213388086473, -0.00645506452068835, -0.003430164986548172, -0.0016087951216213648, -0.008305109068406497, 0.014651426803637943, 2.5576867360008517]]",
    "monomial_list": "[1, x9, x8, x7, x6, x5, x4, x3, x2, x17, x16, x15, x14, x13, x12, x11, x10, x1]"
}