{
    "name": "Multiplier-15",
    "rational_expression": "319*x1**2/125 + 3163*x1*x10/100000 - 989*x1*x11/50000 - 4471*x1*x12/1000000 - 391*x1*x13/40000 - 209*x1*x14/20000 + 6553*x1*x15/1000000 - 9981*x1*x16/1000000 - 1009*x1*x17/100000 - 1021*x1*x2/100000 + 2*x1*x3/15625 + 5137*x1*x4/1000000 - 2047*x1*x5/100000 - 539*x1*x6/100000 - 519*x1*x7/50000 - 5361*x1*x8/1000000 - 261*x1*x9/25000 - 8109*x1/1000000 + 2559*x10**2/1000 - 1087*x10*x11/10000 - 269*x10*x12/20000 - 2487*x10*x13/50000 - 853*x10*x14/25000 - 7273*x10*x15/1000000 - 383*x10*x16/25000 - 1331*x10*x17/25000 - 1597*x10*x2/50000 - 229*x10*x3/4000 - 9297*x10*x4/1000000 - 5319*x10*x5/100000 - 4851*x10*x6/100000 - 651*x10*x7/20000 - 2999*x10*x8/100000 - 1923*x10*x9/50000 + 87*x10/400 + 1263*x11**2/500 - 4411*x11*x12/100000 - 3661*x11*x13/100000 - 1377*x11*x14/1000000 - 3*x11*x15/500 - 227*x11*x16/10000 - 11*x11*x17/250 - 5309*x11*x2/100000 - 503*x11*x3/20000 - 5027*x11*x4/100000 - 2263*x11*x5/50000 - 4297*x11*x6/100000 - 1523*x11*x7/50000 - 4623*x11*x8/100000 - 2641*x11*x9/100000 + 2737*x11/10000 + 633*x12**2/250 - 9*x12*x13/125 + 1939*x12*x14/100000 - 3037*x12*x15/500000 - 3739*x12*x16/100000 - 2461*x12*x17/50000 - 331*x12*x2/6250 - 2019*x12*x3/50000 - 5083*x12*x4/100000 - 379*x12*x5/12500 - 689*x12*x6/10000 - 1273*x12*x7/50000 - 2333*x12*x8/50000 - 737*x12*x9/20000 + 2659*x12/10000 + 2529*x13**2/1000 - 1991*x13*x14/50000 - 1341*x13*x15/1000000 - 2731*x13*x16/100000 - 1983*x13*x17/50000 - 979*x13*x2/20000 - 1077*x13*x3/25000 - 3219*x13*x4/100000 - 173*x13*x5/5000 - 447*x13*x6/12500 - 2289*x13*x7/100000 - 4179*x13*x8/100000 - 149*x13*x9/6250 + 1931*x13/10000 + 2571*x14**2/1000 - 1513*x14*x15/50000 + 2733*x14*x16/100000 - 19*x14*x17/500 - 443*x14*x2/250000 - 2163*x14*x3/100000 - 4211*x14*x4/100000 + 1053*x14*x5/100000 - 2579*x14*x6/100000 - 21*x14*x7/1250 - 1447*x14*x8/50000 - 937*x14*x9/500000 + 579*x14/6250 + 651*x15**2/200 - 129*x15*x16/12500 - 4063*x15*x17/1000000 - 881*x15*x2/100000 - 153*x15*x3/12500 + 2701*x15*x4/1000000 - 531*x15*x5/50000 + 227*x15*x6/62500 - 1907*x15*x7/1000000 + 1157*x15*x8/1000000 - 29*x15*x9/4000 + 4429*x15/50000 + 2537*x16**2/1000 - 7063*x16*x17/100000 - 2923*x16*x2/100000 - 3841*x16*x3/100000 - 483*x16*x4/10000 - 2473*x16*x5/100000 - 3107*x16*x6/50000 - 269*x16*x7/20000 - 2131*x16*x8/50000 - 303*x16*x9/12500 + 1811*x16/10000 + 253*x17**2/100 - 5569*x17*x2/100000 - 1581*x17*x3/50000 - 763*x17*x4/20000 - 3203*x17*x5/100000 - 411*x17*x6/10000 - 1583*x17*x7/50000 - 24*x17*x8/625 - 2749*x17*x9/100000 + 151*x17/625 + 1263*x2**2/500 - 6587*x2*x3/100000 - 31*x2*x4/500 - 3591*x2*x5/100000 - 7527*x2*x6/100000 - 2069*x2*x7/100000 - 6297*x2*x8/100000 - 2721*x2*x9/100000 + 2497*x2/10000 + 1261*x3**2/500 - 587*x3*x4/20000 - 849*x3*x5/25000 - 1317*x3*x6/100000 - 3629*x3*x7/100000 - 1353*x3*x8/50000 - 4191*x3*x9/100000 + 141*x3/1250 + 2541*x4**2/1000 - 979*x4*x5/12500 - 133*x4*x6/4000 - 3367*x4*x7/100000 - 4279*x4*x8/100000 - 3501*x4*x9/100000 + 3219*x4/10000 + 2529*x5**2/1000 - 2289*x5*x6/50000 - 2287*x5*x7/100000 - 4173*x5*x8/100000 - 727*x5*x9/25000 + 1931*x5/10000 + 317*x6**2/125 - 5167*x6*x7/100000 - 4903*x6*x8/100000 - 141*x6*x9/5000 + 473*x6/1250 + 2529*x7**2/1000 - 3067*x7*x8/100000 - 1571*x7*x9/100000 + 88*x7/625 + 2531*x8**2/1000 - 2571*x8*x9/50000 + 2777*x8/10000 + 316*x9**2/125 + 1329*x9/10000 + 2013/1000",
    "Q": "[[2.0132518815016835, 0.06632254965410966, 0.138865939239327, 0.07066266609252789, 0.1900908681473151, 0.09724121722710133, 0.1603557410357914, 0.0568959452129834, 0.1243479837210884, 0.12060080014451317, 0.09135107867570624, 0.04404187935277193, 0.04551750643941252, 0.09572439174635466, 0.1334664476154067, 0.13606663853431802, 0.10806620014175498, -0.004433130755458682], [0.06632254965410966, 2.5279674262408287, -0.026465211449757067, -0.007265582905972092, -0.014615080711670767, -0.014045218094349837, -0.017646837204350674, -0.019597165487514664, -0.014837786996472058, -0.01425991354654786, -0.013245486903994828, -0.004501666213219043, 3.2868143132188215e-05, -0.011493281441915061, -0.018112526396313645, -0.01302286849181643, -0.018170589645625717, -0.006021357724981221], [0.138865939239327, -0.026465211449757067, 2.530907161521549, -0.015185605204122297, -0.024046970783658847, -0.02037678332299342, -0.020250145329987687, -0.012738889041815544, -0.031112908542665903, -0.019215560437142728, -0.0223825521898525, -0.00020519654067763417, -0.014360113237977593, -0.020953668651592403, -0.023468043151403887, -0.02325247627570322, -0.014244349305845585, -0.002047196364225663], [0.07066266609252789, -0.007265582905972092, -0.015185605204122297, 2.5290983339948165, -0.026366983731610567, -0.010299998462695584, -0.01778591889088948, -0.01858760336626467, -0.00951118295601441, -0.015048215085465095, -0.007529775058324001, -0.0015491193050781874, -0.009196671757686832, -0.012507132458724545, -0.01288015514630717, -0.015067007115181207, -0.014993354648705262, -0.0063973695494309885], [0.1900908681473151, -0.014615080711670767, -0.024046970783658847, -0.026366983731610567, 2.5362794751996702, -0.022383102122784083, -0.01612806654400126, -0.006954062069996723, -0.038340742803328116, -0.01957396228695604, -0.029836339593980955, 0.0020865439314667607, -0.01328606853472953, -0.01778879185051718, -0.033975860800317725, -0.021880109142425924, -0.023577795200843434, -0.0017630411022995919], [0.09724121722710133, -0.014045218094349837, -0.02037678332299342, -0.010299998462695584, -0.022383102122784083, 2.5286302447848077, -0.04032683957594226, -0.0159570046113668, -0.01782489848414089, -0.01680310419959991, -0.012388034243271851, -0.004119960166173614, 0.0062960117142477475, -0.017538411228717535, -0.014350095423675812, -0.023342158847771872, -0.02616540374214458, -0.010410257557486863], [0.1603557410357914, -0.017646837204350674, -0.020250145329987687, -0.01778591889088948, -0.01612806654400126, -0.04032683957594226, 2.540910373329811, -0.0151772898675222, -0.030868809231674097, -0.01989151772438923, -0.024679027519666955, 0.0013333674545095986, -0.020140998413564513, -0.016733162448456344, -0.02479645861589274, -0.02632708274384232, -0.005423338001101557, 0.0033094312147087654], [0.0568959452129834, -0.019597165487514664, -0.012738889041815544, -0.01858760336626467, -0.006954062069996723, -0.0159570046113668, -0.0151772898675222, 2.5226081338988333, -0.03321017530612613, -0.01563578891957823, -0.020084231260416016, -0.005919159054200788, -0.011209681253111324, -0.020575006392607047, -0.019058479219266677, -0.012982974567383591, -0.029541727956571284, -0.0009077823123385976], [0.1243479837210884, -0.014837786996472058, -0.031112908542665903, -0.00951118295601441, -0.038340742803328116, -0.01782489848414089, -0.030868809231674097, -0.03321017530612613, 2.525677956614622, -0.02858167936319971, -0.013656337661333558, -0.003989123693005703, -0.002129338196947957, -0.02387694019696066, -0.02673312801839539, -0.025839734394078426, -0.016496109375395588, -0.0051406615910517825], [0.12060080014451317, -0.01425991354654786, -0.019215560437142728, -0.015048215085465095, -0.01957396228695604, -0.01680310419959991, -0.01989151772438923, -0.01563578891957823, -0.02858167936319971, 2.529668759704777, -0.0341988566537419, -0.0012479417626663997, -0.019490012649728803, -0.019204446483945422, -0.024740545159618984, -0.022208174387887237, -0.02603520745596301, -0.0038156964561104245], [0.09135107867570624, -0.013245486903994828, -0.0223825521898525, -0.007529775058324001, -0.029836339593980955, -0.012388034243271851, -0.024679027519666955, -0.020084231260416016, -0.013656337661333558, -0.0341988566537419, 2.5367193628220086, -0.0045603067401024915, 0.012649481075406305, -0.014439743320614259, -0.01784624358490528, -0.012308033162458957, -0.006924905406533491, -0.00570017933117953], [0.04404187935277193, -0.004501666213219043, -0.00020519654067763417, -0.0015491193050781874, 0.0020865439314667607, -0.004119960166173614, 0.0013333674545095986, -0.005919159054200788, -0.003989123693005703, -0.0012479417626663997, -0.0045603067401024915, 3.25504620843397, -0.01658934920588083, -0.0021860169893844266, -0.0038938727957201808, -0.0034408518576353763, -0.0020762670973448784, 0.0021287310688966757], [0.04551750643941252, 3.2868143132188215e-05, -0.014360113237977593, -0.009196671757686832, -0.01328606853472953, 0.0062960117142477475, -0.020140998413564513, -0.011209681253111324, -0.002129338196947957, -0.019490012649728803, 0.012649481075406305, -0.01658934920588083, 2.570798920599045, -0.021128144851280204, 0.010414760569600837, -2.7569573068970583e-05, -0.01715034962451324, -0.004492631331418031], [0.09572439174635466, -0.011493281441915061, -0.020953668651592403, -0.012507132458724545, -0.01778879185051718, -0.017538411228717535, -0.016733162448456344, -0.020575006392607047, -0.02387694019696066, -0.019204446483945422, -0.014439743320614259, -0.0021860169893844266, -0.021128144851280204, 2.5291890640503136, -0.035244693400344244, -0.018632938576481198, -0.026065904997358082, -0.005133327396018618], [0.1334664476154067, -0.018112526396313645, -0.023468043151403887, -0.01288015514630717, -0.033975860800317725, -0.014350095423675812, -0.02479645861589274, -0.019058479219266677, -0.02673312801839539, -0.024740545159618984, -0.01784624358490528, -0.0038938727957201808, 0.010414760569600837, -0.035244693400344244, 2.531614276648715, -0.02225449314911789, -0.00584517434732097, -0.0011294860394882409], [0.13606663853431802, -0.01302286849181643, -0.02325247627570322, -0.015067007115181207, -0.021880109142425924, -0.023342158847771872, -0.02632708274384232, -0.012982974567383591, -0.025839734394078426, -0.022208174387887237, -0.012308033162458957, -0.0034408518576353763, -2.7569573068970583e-05, -0.018632938576481198, -0.02225449314911789, 2.525092677329611, -0.055548521664462856, -0.010175829316871658], [0.10806620014175498, -0.018170589645625717, -0.014244349305845585, -0.014993354648705262, -0.023577795200843434, -0.02616540374214458, -0.005423338001101557, -0.029541727956571284, -0.016496109375395588, -0.02603520745596301, -0.006924905406533491, -0.0020762670973448784, -0.01715034962451324, -0.026065904997358082, -0.00584517434732097, -0.055548521664462856, 2.558991095044385, 0.01702027430397763], [-0.004433130755458682, -0.006021357724981221, -0.002047196364225663, -0.0063973695494309885, -0.0017630411022995919, -0.010410257557486863, 0.0033094312147087654, -0.0009077823123385976, -0.0051406615910517825, -0.0038156964561104245, -0.00570017933117953, 0.0021287310688966757, -0.004492631331418031, -0.005133327396018618, -0.0011294860394882409, -0.010175829316871658, 0.01702027430397763, 2.5521505837507266]]",
    "monomial_list": "[1, x9, x8, x7, x6, x5, x4, x3, x2, x17, x16, x15, x14, x13, x12, x11, x10, x1]"
}