{
    "name": "Multiplier-4",
    "rational_expression": "64*x1**2/25 + 4017*x1*x10/100000 - 1211*x1*x11/200000 + 9813*x1*x12/1000000 + 363*x1*x13/100000 - 21*x1*x14/15625 + 779*x1*x15/250000 - 7747*x1*x16/10000000 + 2351*x1*x17/500000 + 5263*x1*x2/1000000 + 9309*x1*x3/1000000 + 1003*x1*x4/50000 - 2071*x1*x5/250000 + 4141*x1*x6/1000000 - 1879*x1*x7/1000000 + 9951*x1*x8/1000000 - 1289*x1*x9/1000000 - 173*x1/2000 + 523*x10**2/200 + 4639*x10*x11/1000000 + 8713*x10*x12/100000 + 128*x10*x13/3125 + 3177*x10*x14/100000 + 1073*x10*x15/25000 + 137*x10*x16/2000 + 1369*x10*x17/25000 + 3579*x10*x2/50000 + 509*x10*x3/20000 + 1033*x10*x4/25000 + 823*x10*x5/20000 + 311*x10*x6/5000 + 4157*x10*x7/100000 + 228*x10*x8/3125 + 119*x10*x9/3125 - 2883*x10/10000 + 519*x11**2/200 + 8381*x11*x12/100000 + 3337*x11*x13/50000 + 7361*x11*x14/100000 + 523*x11*x15/12500 + 3967*x11*x16/50000 + 8161*x11*x17/100000 + 8331*x11*x2/100000 + 49*x11*x3/800 + 399*x11*x4/25000 + 9061*x11*x5/100000 + 103*x11*x6/1000 + 5019*x11*x7/100000 + 8821*x11*x8/100000 + 6249*x11*x9/100000 - 3*x11/8 + 2599*x12**2/1000 + 3639*x12*x13/100000 + 531*x12*x14/6250 + 751*x12*x15/20000 + 7041*x12*x16/100000 + 1939*x12*x17/25000 + 399*x12*x2/5000 + 2583*x12*x3/50000 + 1107*x12*x4/50000 + 1081*x12*x5/10000 + 731*x12*x6/10000 + 5651*x12*x7/100000 + 359*x12*x8/4000 + 267*x12*x9/5000 - 4041*x12/10000 + 2581*x13**2/1000 + 3279*x13*x14/100000 + 873*x13*x15/20000 + 1357*x13*x16/25000 + 6141*x13*x17/100000 + 2619*x13*x2/50000 + 1847*x13*x3/50000 + 1539*x13*x4/100000 + 2927*x13*x5/50000 + 3927*x13*x6/50000 + 373*x13*x7/10000 + 8*x13*x8/125 + 1101*x13*x9/25000 - 3103*x13/10000 + 259*x14**2/100 - 229*x14*x15/20000 + 963*x14*x16/12500 + 239*x14*x17/5000 + 3781*x14*x2/50000 + 2819*x14*x3/100000 - 1149*x14*x4/250000 + 1027*x14*x5/10000 + 259*x14*x6/4000 + 3857*x14*x7/100000 + 6093*x14*x8/100000 + 4557*x14*x9/100000 - 173*x14/500 + 2569*x15**2/1000 + 757*x15*x16/25000 + 21*x15*x17/400 + 2177*x15*x2/50000 + 2881*x15*x3/100000 + 187*x15*x4/12500 + 24*x15*x5/625 + 2767*x15*x6/50000 + 3037*x15*x7/100000 + 5609*x15*x8/100000 + 2651*x15*x9/100000 - 2597*x15/10000 + 259*x16**2/100 + 3869*x16*x17/100000 + 4109*x16*x2/50000 + 3429*x16*x3/100000 + 2201*x16*x4/250000 + 557*x16*x5/6250 + 1649*x16*x6/25000 + 4971*x16*x7/100000 + 6719*x16*x8/100000 + 4653*x16*x9/100000 - 46*x16/125 + 649*x17**2/250 + 867*x17*x2/12500 + 5691*x17*x3/100000 + 1461*x17*x4/50000 + 4611*x17*x5/50000 + 247*x17*x6/2500 + 2281*x17*x7/50000 + 8937*x17*x8/100000 + 5839*x17*x9/100000 - 1983*x17/5000 + 2597*x2**2/1000 + 1163*x2*x3/50000 + 99*x2*x4/6250 + 267*x2*x5/2500 + 3763*x2*x6/50000 + 5821*x2*x7/100000 + 7701*x2*x8/100000 + 5557*x2*x9/100000 - 4543*x2/10000 + 2569*x3**2/1000 + 1791*x3*x4/200000 + 2293*x3*x5/50000 + 4257*x3*x6/50000 + 9*x3*x7/500 + 1647*x3*x8/25000 + 1261*x3*x9/50000 - 173*x3/500 + 3287*x4**2/1000 - 3391*x4*x5/500000 + 27*x4*x6/500 + 6451*x4*x7/1000000 + 3261*x4*x8/100000 + 401*x4*x9/62500 - 581*x4/20000 + 2611*x5**2/1000 + 1083*x5*x6/10000 + 2907*x5*x7/50000 + 4759*x5*x8/50000 + 1411*x5*x9/25000 - 2993*x5/5000 + 2613*x6**2/1000 + 879*x6*x7/20000 + 4851*x6*x8/50000 + 1783*x6*x9/25000 - 173*x6/500 + 321*x7**2/125 + 5077*x7*x8/100000 + 921*x7*x9/25000 - 2597*x7/10000 + 2601*x8**2/1000 + 4273*x8*x9/100000 - 1983*x8/5000 + 643*x9**2/250 - 3103*x9/10000 + 1803/500",
    "Q": "[[3.606210405185233, -0.15669039912846483, -0.19931751856705238, -0.13016398318221314, -0.17394883147139995, -0.30066995436347, -0.014823657542465523, -0.1722572774591425, -0.2264127430485686, -0.19908337865606757, -0.18375038804518617, -0.13051820468783779, -0.1746598540198316, -0.15397262469601106, -0.20298957790466102, -0.1877001888998493, -0.14517755282052527, -0.04264215065985477], [-0.15669039912846483, 2.5720378530020565, 0.020982259381985155, 0.01820438248879105, 0.03544808642008609, 0.028880324082914112, 0.00372249559747811, 0.01201052834080683, 0.028635454423030945, 0.0283077725977902, 0.022621333937354354, 0.013698722537237125, 0.023892561687514406, 0.023003303808522658, 0.025941481867970916, 0.030595716531169635, 0.020124003383304206, -0.00017651390500976163], [-0.19931751856705238, 0.020982259381985155, 2.6008910414712325, 0.02554432700095006, 0.04772347511334618, 0.04758339201915535, 0.017581948031405836, 0.03188726689319158, 0.03757606573404026, 0.04348153806433583, 0.033629878710399325, 0.026795478660798382, 0.030829738045634592, 0.030827766954134896, 0.04389930229002906, 0.04394348475945048, 0.03757761770282993, 0.00446178264736691], [-0.13016398318221314, 0.01820438248879105, 0.02554432700095006, 2.5678996665941027, 0.021296840077298138, 0.028012156854555288, 0.0031131117039836648, 0.010171107901397625, 0.02930662721921503, 0.023353053981516433, 0.024078393347103218, 0.01599773413585303, 0.019588029700738217, 0.018326770106667115, 0.027792769281125045, 0.025371624547792956, 0.020264936596811285, -0.0003458575063776191], [-0.17394883147139995, 0.03544808642008609, 0.04772347511334618, 0.021296840077298138, 2.613437602579668, 0.05341992406772759, 0.027363118380124812, 0.04207251798581285, 0.038477742583627635, 0.04951930313968371, 0.032001842850411445, 0.027256725428520503, 0.03206713412447158, 0.039990396526235844, 0.03788676786767545, 0.052066776618957436, 0.030829021332678817, 0.0030801553332264033], [-0.30066995436347, 0.028880324082914112, 0.04758339201915535, 0.028012156854555288, 0.05341992406772759, 2.610954387556975, -0.0021716398866626413, 0.023884096374406583, 0.05254058509966262, 0.04495467158199537, 0.04413018745733206, 0.01938114885234439, 0.051888383547145256, 0.028791643992606284, 0.05477340239166787, 0.046002684963448885, 0.020448673568472266, -0.004003080908359898], [-0.014823657542465523, 0.00372249559747811, 0.017581948031405836, 0.0031131117039836648, 0.027363118380124812, -0.0021716398866626413, 3.2879162727788693, 0.004493436842778475, 0.006288832990124753, 0.01412803528444747, 0.0037704184612443385, 0.00793064570391637, -0.0033246728861463432, 0.00910444992190817, 0.012001219371595534, 0.00947059846110063, 0.021679072769616496, 0.011016602559593067], [-0.1722572774591425, 0.01201052834080683, 0.03188726689319158, 0.010171107901397625, 0.04207251798581285, 0.023884096374406583, 0.004493436842778475, 2.568493300464708, 0.011949608867184736, 0.027711026705890998, 0.015961872817764435, 0.013134338767683452, 0.015104880082084231, 0.017145389967115607, 0.024605522201402157, 0.03132262125761114, 0.01210401567359723, 0.003780453480700961], [-0.2264127430485686, 0.028635454423030945, 0.03757606573404026, 0.02930662721921503, 0.038477742583627635, 0.05254058509966262, 0.006288832990124753, 0.011949608867184736, 2.59597801133806, 0.03534032117157846, 0.04075165342042792, 0.021019237262973868, 0.03849368612220977, 0.026912147079451918, 0.04109647377245763, 0.04114448294802182, 0.0354498669034416, 0.0022285282215031435], [-0.19908337865606757, 0.0283077725977902, 0.04348153806433583, 0.023353053981516433, 0.04951930313968371, 0.04495467158199537, 0.01412803528444747, 0.027711026705890998, 0.03534032117157846, 2.5959835617783398, 0.020482272196733972, 0.026122102269004906, 0.02454721917346909, 0.030190800977586123, 0.03911276835312593, 0.041776084235645675, 0.02653602870561905, 0.0027889998457790335], [-0.18375038804518617, 0.022621333937354354, 0.033629878710399325, 0.024078393347103218, 0.032001842850411445, 0.04413018745733206, 0.0037704184612443385, 0.015961872817764435, 0.04075165342042792, 0.020482272196733972, 2.5896335252773044, 0.015108519741418882, 0.039189603437742575, 0.026708570616500858, 0.03593894402847697, 0.03980192330801657, 0.03481280206778985, 0.0005653812683914847], [-0.13051820468783779, 0.013698722537237125, 0.026795478660798382, 0.01599773413585303, 0.027256725428520503, 0.01938114885234439, 0.00793064570391637, 0.013134338767683452, 0.021019237262973868, 0.026122102269004906, 0.015108519741418882, 2.569182530050675, -0.006079993677891511, 0.0219900572026956, 0.017737973802046128, 0.021289987283133315, 0.0205454618949349, 0.002194237977316307], [-0.1746598540198316, 0.023892561687514406, 0.030829738045634592, 0.019588029700738217, 0.03206713412447158, 0.051888383547145256, -0.0033246728861463432, 0.015104880082084231, 0.03849368612220977, 0.02454721917346909, 0.039189603437742575, -0.006079993677891511, 2.5902000237569127, 0.01561655851535861, 0.043046813309460925, 0.03677601342262853, 0.01536968692077396, -0.0011023837351086321], [-0.15397262469601106, 0.023003303808522658, 0.030827766954134896, 0.018326770106667115, 0.039990396526235844, 0.028791643992606284, 0.00910444992190817, 0.017145389967115607, 0.026912147079451918, 0.030190800977586123, 0.026708570616500858, 0.0219900572026956, 0.01561655851535861, 2.5813477319546707, 0.018507322634542484, 0.03311169846187206, 0.021128237100309585, 0.0011771009951414423], [-0.20298957790466102, 0.025941481867970916, 0.04389930229002906, 0.027792769281125045, 0.03788676786767545, 0.05477340239166787, 0.012001219371595534, 0.024605522201402157, 0.04109647377245763, 0.03911276835312593, 0.03593894402847697, 0.017737973802046128, 0.043046813309460925, 0.018507322634542484, 2.599461196124627, 0.04213926068642364, 0.04346209051994589, 0.004926781743825728], [-0.1877001888998493, 0.030595716531169635, 0.04394348475945048, 0.025371624547792956, 0.052066776618957436, 0.046002684963448885, 0.00947059846110063, 0.03132262125761114, 0.04114448294802182, 0.041776084235645675, 0.03980192330801657, 0.021289987283133315, 0.03677601342262853, 0.03311169846187206, 0.04213926068642364, 2.595740170527427, 0.0018532584737076475, -0.0036332673412675606], [-0.14517755282052527, 0.020124003383304206, 0.03757761770282993, 0.020264936596811285, 0.030829021332678817, 0.020448673568472266, 0.021679072769616496, 0.01210401567359723, 0.0354498669034416, 0.02653602870561905, 0.03481280206778985, 0.0205454618949349, 0.01536968692077396, 0.021128237100309585, 0.04346209051994589, 0.0018532584737076475, 2.6149029647940347, 0.019528199421000772], [-0.04264215065985477, -0.00017651390500976163, 0.00446178264736691, -0.0003458575063776191, 0.0030801553332264033, -0.004003080908359898, 0.011016602559593067, 0.003780453480700961, 0.0022285282215031435, 0.0027889998457790335, 0.0005653812683914847, 0.002194237977316307, -0.0011023837351086321, 0.0011771009951414423, 0.004926781743825728, -0.0036332673412675606, 0.019528199421000772, 2.560207309383491]]",
    "monomial_list": "[1, x9, x8, x7, x6, x5, x4, x3, x2, x17, x16, x15, x14, x13, x12, x11, x10, x1]"
}