{
    "name": "Multiplier-8",
    "rational_expression": "2561*x1**2/1000 + 3251*x1*x10/100000 - 273*x1*x11/31250 + 863*x1*x12/125000 + 2103*x1*x13/1000000 - 9207*x1*x14/1000000 + 849*x1*x15/1250000 - 1559*x1*x16/500000 + 1857*x1*x17/1000000 + 99*x1*x2/40000 + 1493*x1*x3/1000000 + 429*x1*x4/25000 - 1091*x1*x5/125000 + 3339*x1*x6/500000 - 953*x1*x7/250000 + 6673*x1*x8/1000000 - 349*x1*x9/200000 - 3557*x1/50000 + 2593*x10**2/1000 - 131*x10*x11/5000 + 1273*x10*x12/25000 + 1501*x10*x13/100000 + 577*x10*x14/200000 + 1677*x10*x15/100000 + 2009*x10*x16/50000 + 1941*x10*x17/100000 + 3571*x10*x2/100000 - 1207*x10*x3/500000 + 241*x10*x4/4000 + 821*x10*x5/100000 + 287*x10*x6/10000 + 869*x10*x7/50000 + 267*x10*x8/20000 + 1303*x10*x9/50000 - 291*x10/2500 + 2577*x11**2/1000 + 843*x11*x12/20000 + 3683*x11*x13/100000 + 139*x11*x14/4000 + 3543*x11*x15/500000 + 2071*x11*x16/50000 + 4151*x11*x17/100000 + 4257*x11*x2/100000 + 1207*x11*x3/50000 + 4093*x11*x4/100000 + 2983*x11*x5/100000 + 5559*x11*x6/100000 + 1167*x11*x7/50000 + 1341*x11*x8/100000 + 333*x11*x9/6250 - 93*x11/625 + 2581*x12**2/1000 + 1659*x12*x13/100000 + 2013*x12*x14/50000 + 1973*x12*x15/1000000 + 3639*x12*x16/100000 + 3629*x12*x17/100000 + 859*x12*x2/20000 + 699*x12*x3/50000 + 2313*x12*x4/50000 + 4031*x12*x5/100000 + 3489*x12*x6/100000 + 713*x12*x7/25000 + 1341*x12*x8/100000 + 4351*x12*x9/100000 - 101*x12/625 + 2571*x13**2/1000 + 591*x13*x14/62500 + 437*x13*x15/25000 + 1591*x13*x16/50000 + 3177*x13*x17/100000 + 1667*x13*x2/50000 + 941*x13*x3/100000 + 4159*x13*x4/100000 + 511*x13*x5/20000 + 5113*x13*x6/100000 + 931*x13*x7/50000 + 3411*x13*x8/500000 + 1969*x13*x9/50000 - 3*x13/16 + 1287*x14**2/500 - 367*x14*x15/12500 + 4549*x14*x16/100000 + 707*x14*x17/50000 + 128*x14*x2/3125 + 253*x14*x3/100000 + 8389*x14*x4/1000000 + 391*x14*x5/10000 + 1831*x14*x6/100000 + 871*x14*x7/50000 + 723*x14*x8/5000000 + 361*x14*x9/10000 - 291*x14/2500 + 1281*x15**2/500 + 947*x15*x16/500000 + 2263*x15*x17/100000 + 3771*x15*x2/500000 + 6501*x15*x3/1000000 + 171*x15*x4/10000 + 3343*x15*x5/500000 + 21*x15*x6/1250 + 1133*x15*x7/100000 + 249*x15*x8/4000000 + 1573*x15*x9/200000 - 5841*x15/100000 + 2577*x16**2/1000 + 1067*x16*x17/100000 + 1213*x16*x2/25000 + 1899*x16*x3/500000 + 191*x16*x4/6250 + 1759*x16*x5/50000 + 78*x16*x6/3125 + 359*x16*x7/12500 + 681*x16*x8/100000 + 3879*x16*x9/100000 - 873*x16/5000 + 1289*x17**2/500 + 3259*x17*x2/100000 + 1221*x17*x3/50000 + 93*x17*x4/2000 + 3507*x17*x5/100000 + 2787*x17*x6/50000 + 1821*x17*x7/100000 + 1341*x17*x8/100000 + 4351*x17*x9/100000 - 101*x17/625 + 2581*x2**2/1000 - 84*x2*x3/15625 + 1853*x2*x4/50000 + 2093*x2*x5/50000 + 3633*x2*x6/100000 + 593*x2*x7/20000 + 1719*x2*x8/250000 + 1421*x2*x9/25000 - 2261*x2/10000 + 2559*x3**2/1000 + 607*x3*x4/25000 + 677*x3*x5/50000 + 122*x3*x6/3125 + 1099*x3*x7/500000 - 3141*x3*x8/500000 + 5951*x3*x9/1000000 - 323*x3/2500 + 2591*x4**2/1000 + 4161*x4*x5/1000000 + 7109*x4*x6/100000 + 1801*x4*x7/100000 + 1331*x4*x8/50000 + 2413*x4*x9/50000 - 93*x4/625 + 643*x5**2/250 + 863*x5*x6/25000 + 291*x5*x7/12500 + 1357*x5*x8/200000 + 3759*x5*x9/100000 - 93*x5/625 + 324*x6**2/125 + 257*x6*x7/20000 + 3303*x6*x8/100000 + 6279*x6*x9/100000 - 679*x6/5000 + 2561*x7**2/1000 + 641*x7*x8/5000000 + 161*x7*x9/6250 - 1099*x7/10000 + 3281*x8**2/1000 + 5467*x8*x9/1000000 - 3157*x8/500000 + 2577*x9**2/1000 - 186*x9/625 + 3233/1000",
    "Q": "[[3.233439440763141, -0.14805079497452364, -0.001794549222511878, -0.05500873795761924, -0.06714411984062375, -0.07292037213725776, -0.07417661584605235, -0.06529386654643665, -0.11400388220440395, -0.08128222809232566, -0.08709157893007283, -0.02887626205974047, -0.05872994927504752, -0.09348222743107103, -0.08055657276154739, -0.07472727580879789, -0.05895136753934619, -0.036052679602700255], [-0.14805079497452364, 2.57675925055204, 0.0034671303916542695, 0.013838003547126021, 0.030957575082516252, 0.018419499435121556, 0.0242378359547588, 0.0036734382614948963, 0.027950936072699252, 0.02124076067482953, 0.020623087442090862, 0.004291498472000982, 0.018649002211479013, 0.020416861020241858, 0.022112595849636804, 0.02597530258459263, 0.012198471368530429, -0.0001161926394816882], [-0.001794549222511878, 0.0034671303916542695, 3.281178465206814, 0.0008441799473301455, 0.016207029859088753, 0.0022280657717636374, 0.013806522276187918, -0.0016869196505805352, 0.004780221175015462, 0.006300363864367958, 0.0031645022374893737, 0.0002958228252750481, 0.000464170344091823, 0.003169547847626679, 0.007381527810624827, 0.007190964697905851, 0.006298960526759597, 0.004845782702681429], [-0.05500873795761924, 0.013838003547126021, 0.0008441799473301455, 2.5613965299874546, 0.0056420616257815605, 0.011361631479424468, 0.009708101098527456, 0.0006887449449916253, 0.0159825472346871, 0.009534292460651779, 0.013517204219340325, 0.005610530948628291, 0.009300544437847447, 0.008912655648037998, 0.013584701828687692, 0.011561744204143281, 0.007523747560882869, -0.001839515174932142], [-0.06714411984062375, 0.030957575082516252, 0.016207029859088753, 0.0056420616257815605, 2.59209577598565, 0.01732202594565465, 0.03558213386791662, 0.01869926480026413, 0.017947602725496812, 0.027072045207452367, 0.013008208163332405, 0.008104256741882141, 0.008169475931271554, 0.02416390876989102, 0.01782179995561479, 0.02731755560715372, 0.014233566961571097, 0.004046073256945391], [-0.07292037213725776, 0.018419499435121556, 0.0022280657717636374, 0.011361631479424468, 0.01732202594565465, 2.572133000365068, 0.0030957454637953563, 0.007284922398485842, 0.01958908140306095, 0.01725483870030386, 0.017878126882075504, 0.003986355061925863, 0.019755936506524685, 0.01391150877936097, 0.020279166210592513, 0.01530158694697108, 0.005244393993980438, -0.004996370333951839], [-0.07417661584605235, 0.0242378359547588, 0.013806522276187918, 0.009708101098527456, 0.03558213386791662, 0.0030957454637953563, 2.591624576767193, 0.012199321011787171, 0.018966279365278716, 0.023695281172625635, 0.014381783547849539, 0.00973848793689531, 0.003056964495190724, 0.02148776770510552, 0.021916520498821073, 0.019450802716371337, 0.02907553456289022, 0.008513225613398272], [-0.06529386654643665, 0.0036734382614948963, -0.0016869196505805352, 0.0006887449449916253, 0.01869926480026413, 0.007284922398485842, 0.012199321011787171, 2.559748751561299, -0.003123246808444348, 0.011094016288152453, 0.0029706293133751264, 0.0036969872627596358, 0.0019554305918732784, 0.0050170530960772786, 0.007070395261840236, 0.012960600521653882, -0.0020871045427226656, 0.001001635277757959], [-0.11400388220440395, 0.027950936072699252, 0.004780221175015462, 0.0159825472346871, 0.017947602725496812, 0.01958908140306095, 0.018966279365278716, -0.003123246808444348, 2.5802175406204113, 0.015244531518306098, 0.024735499056302398, 0.0040632119952161904, 0.0194793872273733, 0.015781571622723627, 0.02109301383236643, 0.020512892885284753, 0.018067686886420603, 0.0008096489964258384], [-0.08128222809232566, 0.02124076067482953, 0.006300363864367958, 0.009534292460651779, 0.027072045207452367, 0.01725483870030386, 0.023695281172625635, 0.011094016288152453, 0.015244531518306098, 2.5781569407924745, 0.005749777958406629, 0.010208960234248995, 0.006612056763650674, 0.015928150854056206, 0.018240063531412307, 0.020317576844635386, 0.009896749921352263, 0.0012041430272816353], [-0.08709157893007283, 0.020623087442090862, 0.0031645022374893737, 0.013517204219340325, 0.013008208163332405, 0.017878126882075504, 0.014381783547849539, 0.0029706293133751264, 0.024735499056302398, 0.005749777958406629, 2.577186281445328, 0.0020258976594464, 0.022614232052338312, 0.01627530226701053, 0.018832376961152548, 0.021534378239672306, 0.01928971297142249, -0.0010065635642774538], [-0.02887626205974047, 0.004291498472000982, 0.0002958228252750481, 0.005610530948628291, 0.008104256741882141, 0.003986355061925863, 0.00973848793689531, 0.0036969872627596358, 0.0040632119952161904, 0.010208960234248995, 0.0020258976594464, 2.561941032770051, -0.015224355453275345, 0.009009841750476724, 0.0022662623856076875, 0.004417017826240021, 0.007305017967397691, 0.000633281320140805], [-0.05872994927504752, 0.018649002211479013, 0.000464170344091823, 0.009300544437847447, 0.008169475931271554, 0.019755936506524685, 0.003056964495190724, 0.0019554305918732784, 0.0194793872273733, 0.006612056763650674, 0.022614232052338312, -0.015224355453275345, 2.573365363833828, 0.005978570618852695, 0.020439489763017033, 0.01679625366581251, 0.0008955505648840093, -0.003479949336474647], [-0.09348222743107103, 0.020416861020241858, 0.003169547847626679, 0.008912655648037998, 0.02416390876989102, 0.01391150877936097, 0.02148776770510552, 0.0050170530960772786, 0.015781571622723627, 0.015928150854056206, 0.01627530226701053, 0.009009841750476724, 0.005978570618852695, 2.571197044859654, 0.007930834119420771, 0.019323908929846565, 0.006432599519800675, -0.00015593671558967662], [-0.08055657276154739, 0.022112595849636804, 0.007381527810624827, 0.013584701828687692, 0.01782179995561479, 0.020279166210592513, 0.021916520498821073, 0.007070395261840236, 0.02109301383236643, 0.018240063531412307, 0.018832376961152548, 0.0022662623856076875, 0.020439489763017033, 0.007930834119420771, 2.5808505830650206, 0.019970012406230482, 0.025864096920469235, 0.0033357601146392518], [-0.07472727580879789, 0.02597530258459263, 0.007190964697905851, 0.011561744204143281, 0.02731755560715372, 0.01530158694697108, 0.019450802716371337, 0.012960600521653882, 0.020512892885284753, 0.020317576844635386, 0.021534378239672306, 0.004417017826240021, 0.01679625366581251, 0.019323908929846565, 0.019970012406230482, 2.577575796566242, -0.012607972658195953, -0.00483091166848951], [-0.05895136753934619, 0.012198471368530429, 0.006298960526759597, 0.007523747560882869, 0.014233566961571097, 0.005244393993980438, 0.02907553456289022, -0.0020871045427226656, 0.018067686886420603, 0.009896749921352263, 0.01928971297142249, 0.007305017967397691, 0.0008955505648840093, 0.006432599519800675, 0.025864096920469235, -0.012607972658195953, 2.593161976779115, 0.01742606289920028], [-0.036052679602700255, -0.0001161926394816882, 0.004845782702681429, -0.001839515174932142, 0.004046073256945391, -0.004996370333951839, 0.008513225613398272, 0.001001635277757959, 0.0008096489964258384, 0.0012041430272816353, -0.0010065635642774538, 0.000633281320140805, -0.003479949336474647, -0.00015593671558967662, 0.0033357601146392518, -0.00483091166848951, 0.01742606289920028, 2.560102176326255]]",
    "monomial_list": "[1, x9, x8, x7, x6, x5, x4, x3, x2, x17, x16, x15, x14, x13, x12, x11, x10, x1]"
}