{
    "name": "Multiplier-14",
    "rational_expression": "2551*x1**2/1000 + 527*x1*x10/12500 - 1277*x1*x11/50000 - 2871*x1*x12/500000 - 2473*x1*x13/500000 - 1379*x1*x14/100000 + 5951*x1*x15/1000000 - 1597*x1*x16/100000 - 5293*x1*x17/1000000 - 549*x1*x2/50000 + 627*x1*x3/5000000 + 4863*x1*x4/500000 - 327*x1*x5/12500 - 1371*x1*x6/1000000 - 133*x1*x7/12500 - 1149*x1*x8/1250000 - 1571*x1*x9/100000 - 1991*x1/100000 + 321*x10**2/125 - 1227*x10*x11/10000 - 129*x10*x12/12500 - 4397*x10*x13/100000 - 4127*x10*x14/100000 + 881*x10*x15/50000 - 1853*x10*x16/100000 - 1057*x10*x17/25000 - 593*x10*x2/20000 - 1153*x10*x3/20000 + 197*x10*x4/31250 - 1421*x10*x5/25000 - 1909*x10*x6/50000 - 263*x10*x7/10000 - 1693*x10*x8/100000 - 727*x10*x9/20000 + 1391*x10/10000 + 2521*x11**2/1000 - 2361*x11*x12/50000 - 2609*x11*x13/100000 + 9*x11*x14/6250 - 159*x11*x15/10000 - 169*x11*x16/6250 - 747*x11*x17/20000 - 963*x11*x2/20000 - 131*x11*x3/6250 - 2397*x11*x4/50000 - 5113*x11*x5/100000 - 399*x11*x6/10000 - 471*x11*x7/20000 - 4169*x11*x8/100000 - 2803*x11*x9/100000 + 2387*x11/10000 + 253*x12**2/100 - 7523*x12*x13/100000 + 3523*x12*x14/1000000 - 3733*x12*x15/100000 - 1679*x12*x16/50000 - 5071*x12*x17/100000 - 1103*x12*x2/20000 - 511*x12*x3/12500 - 6119*x12*x4/100000 - 297*x12*x5/12500 - 2067*x12*x6/25000 - 1773*x12*x7/100000 - 4477*x12*x8/100000 - 3721*x12*x9/100000 + 541*x12/2000 + 2529*x13**2/1000 - 147*x13*x14/5000 + 1173*x13*x15/50000 - 4*x13*x16/125 - 73*x13*x17/2500 - 529*x13*x2/12500 - 1663*x13*x3/50000 - 123*x13*x4/10000 - 3431*x13*x5/100000 - 1621*x13*x6/100000 - 559*x13*x7/25000 - 869*x13*x8/25000 - 1109*x13*x9/50000 + 9943*x13/100000 + 163*x14**2/50 - 87*x14*x15/1250 + 1867*x14*x16/100000 - 3027*x14*x17/100000 - 603*x14*x2/250000 - 2863*x14*x3/100000 - 2201*x14*x4/50000 + 1633*x14*x5/100000 - 3221*x14*x6/100000 - 2333*x14*x7/1000000 - 981*x14*x8/50000 - 1999*x14*x9/1000000 + 9943*x14/100000 + 2557*x15**2/1000 - 2359*x15*x16/50000 + 2153*x15*x17/100000 - 1593*x15*x2/100000 - 583*x15*x3/625000 + 759*x15*x4/25000 - 3041*x15*x5/100000 + 287*x15*x6/12500 + 2747*x15*x7/1000000 + 1569*x15*x8/100000 - 461*x15*x9/20000 - 8753*x15/100000 + 2541*x16**2/1000 - 983*x16*x17/12500 - 281*x16*x2/10000 - 4663*x16*x3/100000 - 6471*x16*x4/100000 - 1609*x16*x5/100000 - 7677*x16*x6/100000 - 553*x16*x7/62500 - 1191*x16*x8/25000 - 291*x16*x9/12500 + 2229*x16/10000 + 253*x17**2/100 - 2679*x17*x2/50000 - 277*x17*x3/12500 - 1157*x17*x4/50000 - 1781*x17*x5/50000 - 1053*x17*x6/50000 - 16*x17*x7/625 - 1553*x17*x8/50000 - 3037*x17*x9/100000 + 102*x17/625 + 2523*x2**2/1000 - 1791*x2*x3/25000 - 5963*x2*x4/100000 - 99*x2*x5/3125 - 8211*x2*x6/100000 - 711*x2*x7/50000 - 5819*x2*x8/100000 - 2877*x2*x9/100000 + 2149*x2/10000 + 63*x3**2/25 - 523*x3*x4/25000 - 3233*x3*x5/100000 - 2847*x3*x6/10000000 - 3927*x3*x7/100000 - 54*x3*x8/3125 - 553*x3*x9/12500 + 547*x3/12500 + 1273*x4**2/500 - 4811*x4*x5/50000 - 1903*x4*x6/100000 - 2851*x4*x7/100000 - 619*x4*x8/20000 - 3783*x4*x9/100000 + 1253*x4/5000 + 253*x5**2/100 - 5243*x5*x6/100000 - 721*x5*x7/50000 - 173*x5*x8/4000 - 289*x5*x9/10000 + 2107*x5/10000 + 1269*x6**2/500 - 323*x6*x7/6250 - 4193*x6*x8/100000 - 3067*x6*x9/100000 + 403*x6/1250 + 101*x7**2/40 - 2419*x7*x8/100000 - 1189*x7*x9/100000 + 517*x7/5000 + 253*x8**2/100 - 5871*x8*x9/100000 + 2229*x8/10000 + 1263*x9**2/500 + 1233*x9/10000 + 1989/1000",
    "Q": "[[1.988862871722209, 0.06122140329673613, 0.11117567641282994, 0.051088375192127194, 0.16162571529196518, 0.10504602055301884, 0.12472073510299218, 0.021346580482403534, 0.10713483396280248, 0.08136994387494183, 0.11141694426921052, -0.044492118967097226, 0.05050570258401795, 0.04914161862482289, 0.13527740103367664, 0.11957457950871436, 0.06957353030537118, -0.010612115237093865], [0.06122140329673613, 2.5254906581121728, -0.02858675683878561, -0.005721298293027944, -0.01536137156237698, -0.013243526813352845, -0.018710213647996618, -0.021063748004325186, -0.014333913615557074, -0.013946100629638728, -0.01250753581768046, -0.01027036072849513, -0.0014703459700941184, -0.010346745410235024, -0.01870353803326119, -0.012965048735085269, -0.01919540349716008, -0.0071537400992701125], [0.11117567641282994, -0.02858675683878561, 2.52973699857898, -0.012443451858241918, -0.020399413015475466, -0.020489136068118082, -0.015776155611363873, -0.008366382432657013, -0.03036979624140592, -0.014304669113675663, -0.02470145316523203, 0.007223988868669778, -0.010498991516469734, -0.016349777392579916, -0.023221476583005746, -0.02072378864024576, -0.009280438923705867, -0.0013201508858431067], [0.051088375192127194, -0.005721298293027944, -0.012443451858241918, 2.5253593617919905, -0.025020087795968354, -0.008296450818867004, -0.014039641051127549, -0.018558533645313263, -0.006293832687972795, -0.012789335576915535, -0.0051391147671174245, 0.0011443355205774909, -0.0015778475462107089, -0.010786680814526085, -0.009146396199063643, -0.012119358218527313, -0.012131533976435394, -0.006440345070801491], [0.16162571529196518, -0.01536137156237698, -0.020399413015475466, -0.025020087795968354, 2.5383190795020263, -0.02599000834980246, -0.008917426349310231, 0.0001829373538796804, -0.040135280062798255, -0.011456500493064473, -0.03938516295322729, 0.012330348709961286, -0.01622398475863909, -0.007678103065946978, -0.042200642836331646, -0.02053037705667065, -0.019126066067993424, -0.0009429526562922678], [0.10504602055301884, -0.013243526813352845, -0.020489136068118082, -0.008296450818867004, -0.02599000834980246, 2.5298216531786832, -0.04840247365907021, -0.017011296959049904, -0.016807465370257693, -0.017296861989083548, -0.008717912516465694, -0.01649956430363643, 0.007171318696374344, -0.018220844042407296, -0.011662232068405685, -0.024484385805512886, -0.028552622939359847, -0.013425921161987426], [0.12472073510299218, -0.018710213647996618, -0.015776155611363873, -0.014039641051127549, -0.008917426349310231, -0.04840247365907021, 2.545983028828221, -0.010078976527852926, -0.029980196322437293, -0.012224688741069916, -0.031899498774137176, 0.015466429309308392, -0.021986035441446963, -0.006836072376653033, -0.02959458620297576, -0.024611707073336944, 0.0028677750240689976, 0.005464084774763054], [0.021346580482403534, -0.021063748004325186, -0.008366382432657013, -0.018558533645313263, 0.0001829373538796804, -0.017011296959049904, -0.010078976527852926, 2.519449246338484, -0.03558564871416407, -0.011554072611764984, -0.023000493747861735, -0.0015044561476844865, -0.014200255382462482, -0.017804487116602, -0.019879570132476466, -0.01096614794237413, -0.029020998356819858, 0.0006229845843230225], [0.10713483396280248, -0.014333913615557074, -0.03036979624140592, -0.006293832687972795, -0.040135280062798255, -0.016807465370257693, -0.029980196322437293, -0.03558564871416407, 2.523041027089611, -0.02732026227769847, -0.012754082425435973, -0.00772412146572363, -0.0006970478925355474, -0.02152645800756225, -0.02717035919921099, -0.025131505297091454, -0.013453646196763572, -0.005704288695619431], [0.08136994387494183, -0.013946100629638728, -0.014304669113675663, -0.012789335576915535, -0.011456500493064473, -0.017296861989083548, -0.012224688741069916, -0.011554072611764984, -0.02732026227769847, 2.52932085570048, -0.04004336866618456, 0.01164140126521844, -0.014350046671600447, -0.01376163759781918, -0.024650415060025032, -0.019353293364216508, -0.02196096056543105, -0.0022580777306868216], [0.11141694426921052, -0.01250753581768046, -0.02470145316523203, -0.0051391147671174245, -0.03938516295322729, -0.008717912516465694, -0.031899498774137176, -0.023000493747861735, -0.012754082425435973, -0.04004336866618456, 2.5406089266517133, -0.022335724635324142, 0.00935877075200372, -0.01538056527360477, -0.01751919536169907, -0.012754126581156345, -0.008597026517276951, -0.009027799864708553], [-0.044492118967097226, -0.01027036072849513, 0.007223988868669778, 0.0011443355205774909, 0.012330348709961286, -0.01649956430363643, 0.015466429309308392, -0.0015044561476844865, -0.00772412146572363, 0.01164140126521844, -0.022335724635324142, 2.5569425179234306, -0.03434070264428969, 0.012450226510245707, -0.01925157577929837, -0.007048563354424791, 0.007520291173431128, 0.0034092277190112155], [0.05050570258401795, -0.0014703459700941184, -0.010498991516469734, -0.0015778475462107089, -0.01622398475863909, 0.007171318696374344, -0.021986035441446963, -0.014200255382462482, -0.0006970478925355474, -0.014350046671600447, 0.00935877075200372, -0.03434070264428969, 3.26062145376625, -0.013725680384391249, 0.0029806191153599866, -0.0006967385926475555, -0.02037704099421494, -0.006089061740117395], [0.04914161862482289, -0.010346745410235024, -0.016349777392579916, -0.010786680814526085, -0.007678103065946978, -0.018220844042407296, -0.006836072376653033, -0.017804487116602, -0.02152645800756225, -0.01376163759781918, -0.01538056527360477, 0.012450226510245707, -0.013725680384391249, 2.5282557617964674, -0.03649316458411813, -0.014266477484973958, -0.021363771529228942, -0.003493858407283367], [0.13527740103367664, -0.01870353803326119, -0.023221476583005746, -0.009146396199063643, -0.042200642836331646, -0.011662232068405685, -0.02959458620297576, -0.019879570132476466, -0.02717035919921099, -0.024650415060025032, -0.01751919536169907, -0.01925157577929837, 0.0029806191153599866, -0.03649316458411813, 2.5299712475037373, -0.0232647951429889, -0.0050119489905099774, -0.003428358198965904], [0.11957457950871436, -0.012965048735085269, -0.02072378864024576, -0.012119358218527313, -0.02053037705667065, -0.024484385805512886, -0.024611707073336944, -0.01096614794237413, -0.025131505297091454, -0.019353293364216508, -0.012754126581156345, -0.007048563354424791, -0.0006967385926475555, -0.014266477484973958, -0.0232647951429889, 2.5217486532828626, -0.06007502730329495, -0.011904377108514821], [0.06957353030537118, -0.01919540349716008, -0.009280438923705867, -0.012131533976435394, -0.019126066067993424, -0.028552622939359847, 0.0028677750240689976, -0.029020998356819858, -0.013453646196763572, -0.02196096056543105, -0.008597026517276951, 0.007520291173431128, -0.02037704099421494, -0.021363771529228942, -0.0050119489905099774, -0.06007502730329495, 2.5675664681648778, 0.021728972807522638], [-0.010612115237093865, -0.0071537400992701125, -0.0013201508858431067, -0.006440345070801491, -0.0009429526562922678, -0.013425921161987426, 0.005464084774763054, 0.0006229845843230225, -0.005704288695619431, -0.0022580777306868216, -0.009027799864708553, 0.0034092277190112155, -0.006089061740117395, -0.003493858407283367, -0.003428358198965904, -0.011904377108514821, 0.021728972807522638, 2.5514170372372775]]",
    "monomial_list": "[1, x9, x8, x7, x6, x5, x4, x3, x2, x17, x16, x15, x14, x13, x12, x11, x10, x1]"
}