{
    "name": "Multiplier-12",
    "rational_expression": "2559*x1**2/1000 + 3177*x1*x10/100000 - 8671*x1*x11/1000000 + 3463*x1*x12/500000 + 3349*x1*x13/1000000 - 253*x1*x14/25000 + 49*x1*x15/31250 - 3087*x1*x16/1000000 + 1987*x1*x17/1000000 + 2449*x1*x2/1000000 + 2117*x1*x3/1000000 + 869*x1*x4/50000 - 1857*x1*x5/200000 + 3649*x1*x6/500000 - 1141*x1*x7/250000 + 3483*x1*x8/500000 - 619*x1*x9/200000 - 3303*x1/50000 + 2593*x10**2/1000 - 2807*x10*x11/100000 + 699*x10*x12/50000 + 269*x10*x13/62500 + 5899*x10*x14/1000000 + 617*x10*x15/50000 + 3331*x10*x16/100000 + 129*x10*x17/10000 + 2859*x10*x2/100000 - 2859*x10*x3/1000000 + 4379*x10*x4/100000 + 319*x10*x5/50000 + 3753*x10*x6/500000 + 219*x10*x7/20000 + 3251*x10*x8/100000 + 1207*x10*x9/100000 - 5971*x10/100000 + 1289*x11**2/500 + 1491*x11*x12/100000 + 5741*x11*x13/100000 + 279*x11*x14/12500 + 509*x11*x15/25000 + 191*x11*x16/4000 + 2129*x11*x17/50000 + 4341*x11*x2/100000 + 1831*x11*x3/50000 + 4219*x11*x4/100000 + 2393*x11*x5/100000 + 6293*x11*x6/100000 + 1697*x11*x7/100000 + 4077*x11*x8/100000 + 3549*x11*x9/100000 - 413*x11/2500 + 3283*x12**2/1000 + 8*x12*x13/625 + 2783*x12*x14/500000 + 569*x12*x15/500000 + 67*x12*x16/4000 + 37*x12*x17/3125 + 1693*x12*x2/100000 - 3713*x12*x3/1000000 + 443*x12*x4/20000 + 11*x12*x5/1000 + 169*x12*x6/6250 + 2721*x12*x7/500000 + 1617*x12*x8/100000 + 5941*x12*x9/1000000 - 2663*x12/100000 + 1293*x13**2/500 + 2281*x13*x14/1000000 + 3933*x13*x15/100000 + 2353*x13*x16/50000 + 4729*x13*x17/100000 + 273*x13*x2/5000 + 1313*x13*x3/50000 + 1347*x13*x4/20000 + 2647*x13*x5/100000 + 9363*x13*x6/100000 + 267*x13*x7/20000 + 2511*x13*x8/50000 + 3989*x13*x9/100000 - 3171*x13/10000 + 322*x14**2/125 - 1479*x14*x15/50000 + 1889*x14*x16/50000 + 3299*x14*x17/500000 + 561*x14*x2/25000 + 6387*x14*x3/1000000 - 4131*x14*x4/1000000 + 787*x14*x5/25000 - 9001*x14*x6/1000000 + 537*x14*x7/50000 + 1151*x14*x8/100000 + 1649*x14*x9/100000 - 1977*x14/50000 + 1283*x15**2/500 + 309*x15*x16/20000 + 619*x15*x17/20000 + 2679*x15*x2/100000 + 1537*x15*x3/100000 + 3577*x15*x4/100000 + 7851*x15*x5/1000000 + 827*x15*x6/20000 + 1171*x15*x7/100000 + 1489*x15*x8/50000 + 291*x15*x9/20000 - 727*x15/5000 + 2579*x16**2/1000 + 853*x16*x17/50000 + 247*x16*x2/5000 + 67*x16*x3/4000 + 3193*x16*x4/100000 + 3423*x16*x5/100000 + 13*x16*x6/400 + 2249*x16*x7/100000 + 903*x16*x8/25000 + 781*x16*x9/25000 - 479*x16/2500 + 1289*x17**2/500 + 3381*x17*x2/100000 + 273*x17*x3/10000 + 1203*x17*x4/25000 + 1463*x17*x5/50000 + 6357*x17*x6/100000 + 243*x17*x7/20000 + 933*x17*x8/20000 + 1553*x17*x9/50000 - 463*x17/2500 + 2581*x2**2/1000 + 8037*x2*x3/1000000 + 1097*x2*x4/25000 + 1753*x2*x5/50000 + 2491*x2*x6/50000 + 2293*x2*x7/100000 + 3739*x2*x8/100000 + 3759*x2*x9/100000 - 119*x2/500 + 2563*x3**2/1000 + 747*x3*x4/20000 + 1891*x3*x5/100000 + 2673*x3*x6/50000 + 467*x3*x7/250000 + 453*x3*x8/12500 + 273*x3*x9/25000 - 1983*x3/10000 + 324*x4**2/125 - 1457*x4*x5/1000000 + 337*x4*x6/4000 + 1211*x4*x7/100000 + 1131*x4*x8/20000 + 1543*x4*x9/50000 - 357*x4/2000 + 2571*x5**2/1000 + 1233*x5*x6/50000 + 819*x5*x7/50000 + 1437*x5*x8/50000 + 1187*x5*x9/50000 - 1057*x5/10000 + 1301*x6**2/500 + 261*x6*x7/125000 + 6243*x6*x8/100000 + 4729*x6*x9/100000 - 2049*x6/10000 + 64*x7**2/25 + 241*x7*x8/20000 + 427*x7*x9/25000 - 5971*x7/100000 + 1291*x8**2/500 + 513*x8*x9/25000 - 357*x8/2000 + 2569*x9**2/1000 - 479*x9/2500 + 661/200",
    "Q": "[[3.304588787003305, -0.09446851400164322, -0.08794949797059291, -0.029679104301372224, -0.1022762057045032, -0.054037332602799366, -0.0884123407515358, -0.09794603244193549, -0.11744425976195204, -0.09190538966069543, -0.09647455977652517, -0.07182727954266925, -0.0182328053486288, -0.15699305804282915, -0.012586287654722958, -0.08128215333126838, -0.028596449384362867, -0.033366275390207666], [-0.09446851400164322, 2.5683184840102906, 0.009922917148808027, 0.007377992866900216, 0.023503256733534688, 0.01108516992369913, 0.016549638236759086, 0.0059184250563228315, 0.01866783675436764, 0.015898474322838647, 0.014790643694574073, 0.007852728784435554, 0.009365744488680267, 0.020737688198061537, 0.0034708617794797585, 0.018367756710524968, 0.005229265235978567, -0.0014937005211894364], [-0.08794949797059291, 0.009922917148808027, 2.582137132585139, 0.0066228092539680535, 0.030340066910488482, 0.01350366153897081, 0.027312529833697644, 0.01691814303444274, 0.018819931634121777, 0.022205416766942047, 0.01744403113481916, 0.014614091073156461, 0.00617945938112173, 0.02447758624778329, 0.008792209808994813, 0.02110065205676644, 0.01641343580328318, 0.003143501997056648], [-0.029679104301372224, 0.007377992866900216, 0.0066228092539680535, 2.560528243728518, 5.863001322518422e-05, 0.007565495714996083, 0.004902765507342751, 0.0004057427393109792, 0.011376823415609267, 0.00577326376418959, 0.010278520190144755, 0.005376340424593056, 0.006259153474787632, 0.007077227999591597, 0.0021139577072296347, 0.007450935201377013, 0.0041655020692757455, -0.0024295880376117734], [-0.1022762057045032, 0.023503256733534688, 0.030340066910488482, 5.863001322518422e-05, 2.601876654969428, 0.011990802855051677, 0.04271410429276273, 0.02777646274968042, 0.023450418601078736, 0.03122214495273608, 0.017095296478483908, 0.020392685904505648, -0.003709693560057354, 0.045747066076314354, 0.013211358348644694, 0.030145479236462835, 0.004265376795390107, 0.004131875602338471], [-0.054037332602799366, 0.01108516992369913, 0.01350366153897081, 0.007565495714996083, 0.011990802855051677, 2.57137001374419, -0.0004745132209311334, 0.008246647657082965, 0.01657643439412955, 0.014280512883336092, 0.01640036696634091, 0.005136173940016197, 0.016965949638299036, 0.013793863345736164, 0.004675839049374493, 0.012390867674353934, 0.0037672588784356253, -0.00531622653563716], [-0.0884123407515358, 0.016549638236759086, 0.027312529833697644, 0.004902765507342751, 0.04271410429276273, -0.0004745132209311334, 2.5925730614789537, 0.017421901386162522, 0.021207784024240152, 0.02453910920178311, 0.016421392435870572, 0.01673338722107468, -0.0032515124695488323, 0.032914719690888126, 0.011001897123822157, 0.019879491919741737, 0.02275538205787107, 0.008274605408971061], [-0.09794603244193549, 0.0059184250563228315, 0.01691814303444274, 0.0004057427393109792, 0.02777646274968042, 0.008246647657082965, 0.017421901386162522, 2.563751088108904, 0.00456111941123882, 0.014109955702096692, 0.007872943340116761, 0.007185064541330968, 0.0020498040438869853, 0.01302666477676577, -0.0014264365827008462, 0.01711044702223456, -0.0015822367783717877, 0.0018517984049140198], [-0.11744425976195204, 0.01866783675436764, 0.018819931634121777, 0.011376823415609267, 0.023450418601078736, 0.01657643439412955, 0.021207784024240152, 0.00456111941123882, 2.5811714469416276, 0.017782005510669278, 0.025502832904335672, 0.012323972097704673, 0.01223972658112715, 0.026639163827769277, 0.00972068756265246, 0.02190464470871252, 0.013067446979004594, 7.470641885915473e-05], [-0.09190538966069543, 0.015898474322838647, 0.022205416766942047, 0.00577326376418959, 0.03122214495273608, 0.014280512883336092, 0.02453910920178311, 0.014109955702096692, 0.017782005510669278, 2.5781667143148903, 0.008071383652050058, 0.014419105779915778, 0.003149044805677837, 0.02340461040581287, 0.0052609733759399445, 0.02027464620479294, 0.006446605757567384, 0.0012620920085596704], [-0.09647455977652517, 0.014790643694574073, 0.01744403113481916, 0.010278520190144755, 0.017095296478483908, 0.01640036696634091, 0.016421392435870572, 0.007872943340116761, 0.025502832904335672, 0.008071383652050058, 2.5794134275312013, 0.007330441998554139, 0.018305548793561062, 0.023753021847378895, 0.008307222502801113, 0.022943636886713546, 0.016133201631997426, -0.0014306755897642539], [-0.07182727954266925, 0.007852728784435554, 0.014614091073156461, 0.005376340424593056, 0.020392685904505648, 0.005136173940016197, 0.01673338722107468, 0.007185064541330968, 0.012323972097704673, 0.014419105779915778, 0.007330441998554139, 2.5663169163439723, -0.01432106762895427, 0.019130796782511488, 0.000848998132819999, 0.010043592352029427, 0.006171055582780406, 0.001645873229224072], [-0.0182328053486288, 0.009365744488680267, 0.00617945938112173, 0.006259153474787632, -0.003709693560057354, 0.016965949638299036, -0.0032515124695488323, 0.0020498040438869853, 0.01223972658112715, 0.003149044805677837, 0.018305548793561062, -0.01432106762895427, 2.5756387254997897, 0.0004570165112092089, 0.00393477143725925, 0.011884406012450062, 0.002466591589634913, -0.004595690191244203], [-0.15699305804282915, 0.020737688198061537, 0.02447758624778329, 0.007077227999591597, 0.045747066076314354, 0.013793863345736164, 0.032914719690888126, 0.01302666477676577, 0.026639163827769277, 0.02340461040581287, 0.023753021847378895, 0.019130796782511488, 0.0004570165112092089, 2.58657208488095, 0.005737450958199332, 0.027564647434752773, 0.0020116567113308793, 0.0007517950284920656], [-0.012586287654722958, 0.0034708617794797585, 0.008792209808994813, 0.0021139577072296347, 0.013211358348644694, 0.004675839049374493, 0.011001897123822157, -0.0014264365827008462, 0.00972068756265246, 0.0052609733759399445, 0.008307222502801113, 0.000848998132819999, 0.00393477143725925, 0.005737450958199332, 3.282781387876429, 0.007771812026068949, 0.006875016517730744, 0.003552453513511761], [-0.08128215333126838, 0.018367756710524968, 0.02110065205676644, 0.007450935201377013, 0.030145479236462835, 0.012390867674353934, 0.019879491919741737, 0.01711044702223456, 0.02190464470871252, 0.02027464620479294, 0.022943636886713546, 0.010043592352029427, 0.011884406012450062, 0.027564647434752773, 0.007771812026068949, 2.5779315853006843, -0.014589557246727058, -0.00481796863317616], [-0.028596449384362867, 0.005229265235978567, 0.01641343580328318, 0.0041655020692757455, 0.004265376795390107, 0.0037672588784356253, 0.02275538205787107, -0.0015822367783717877, 0.013067446979004594, 0.006446605757567384, 0.016133201631997426, 0.006171055582780406, 0.002466591589634913, 0.0020116567113308793, 0.006875016517730744, -0.014589557246727058, 2.592926651571205, 0.015271513923620706], [-0.033366275390207666, -0.0014937005211894364, 0.003143501997056648, -0.0024295880376117734, 0.004131875602338471, -0.00531622653563716, 0.008274605408971061, 0.0018517984049140198, 7.470641885915473e-05, 0.0012620920085596704, -0.0014306755897642539, 0.001645873229224072, -0.004595690191244203, 0.0007517950284920656, 0.003552453513511761, -0.00481796863317616, 0.015271513923620706, 2.55995844494472]]",
    "monomial_list": "[1, x9, x8, x7, x6, x5, x4, x3, x2, x17, x16, x15, x14, x13, x12, x11, x10, x1]"
}