{
    "name": "Multiplier-16",
    "rational_expression": "511*x1**2/200 + 7*x1*x10/200 - 2223*x1*x11/100000 + 73*x1*x12/20000 - 223*x1*x13/20000 - 1727*x1*x14/100000 - 1629*x1*x15/5000000 - 1081*x1*x16/1000000 + 2309*x1*x17/500000 - 108*x1*x2/15625 + 5291*x1*x3/1000000 + 171*x1*x4/12500 - 541*x1*x5/25000 + 1007*x1*x6/125000 - 223*x1*x7/20000 + 183*x1*x8/50000 - 537*x1*x9/50000 - 4031*x1/100000 + 2569*x10**2/1000 - 9929*x10*x11/100000 - 1267*x10*x12/250000 - 31*x10*x13/800 - 1799*x10*x14/50000 - 1263*x10*x15/100000 - 7613*x10*x16/1000000 - 1183*x10*x17/25000 - 2081*x10*x2/100000 - 2513*x10*x3/50000 - 5343*x10*x4/1000000 - 1987*x10*x5/50000 - 5009*x10*x6/100000 - 131*x10*x7/6250 - 1157*x10*x8/50000 - 699*x10*x9/25000 + 183*x10/1000 + 2533*x11**2/1000 - 3461*x11*x12/100000 - 283*x11*x13/12500 - 7*x11*x14/500 - 1127*x11*x15/50000 - 3513*x11*x16/500000 - 2611*x11*x17/100000 - 401*x11*x2/10000 - 1471*x11*x3/100000 - 4479*x11*x4/100000 - 849*x11*x5/25000 - 1661*x11*x6/50000 - 2021*x11*x7/100000 - 1629*x11*x8/50000 - 353*x11*x9/20000 + 2141*x11/10000 + 2539*x12**2/1000 - 1361*x12*x13/25000 - 219*x12*x14/20000 - 72*x12*x15/3125 - 101*x12*x16/12500 - 1697*x12*x17/100000 - 4189*x12*x2/100000 - 1007*x12*x3/50000 - 2671*x12*x4/100000 - 1467*x12*x5/100000 - 4561*x12*x6/100000 - 811*x12*x7/50000 - 147*x12*x8/6250 - 289*x12*x9/12500 + 87*x12/500 + 2537*x13**2/1000 - 3449*x13*x14/100000 - 3381*x13*x15/1000000 - 1911*x13*x16/200000 - 2297*x13*x17/100000 - 3459*x13*x2/100000 - 3*x13*x3/100 - 1921*x13*x4/100000 - 2149*x13*x5/100000 - 2337*x13*x6/100000 - 351*x13*x7/20000 - 777*x13*x8/25000 - 683*x13*x9/50000 + 29*x13/250 + 639*x14**2/250 - 6891*x14*x15/100000 + 153*x14*x16/12500 - 2637*x14*x17/50000 - 391*x14*x2/25000 - 709*x14*x3/20000 - 779*x14*x4/12500 + 33*x14*x5/31250 - 6073*x14*x6/100000 - 5859*x14*x7/1000000 - 3897*x14*x8/100000 - 7897*x14*x9/1000000 + 223*x14/1250 + 2543*x15**2/1000 - 91*x15*x16/5000 + 13*x15*x17/12500 - 361*x15*x2/20000 - 501*x15*x3/50000 - 7711*x15*x4/1000000 - 1897*x15*x5/100000 - 1517*x15*x6/200000 - 161*x15*x7/40000 - 823*x15*x8/250000 - 1459*x15*x9/100000 + 223*x15/5000 + 408*x16**2/125 - 143*x16*x17/5000 - 1229*x16*x2/250000 - 2527*x16*x3/100000 - 2031*x16*x4/100000 - 437*x16*x5/250000 - 2439*x16*x6/100000 - 617*x16*x7/250000 - 823*x16*x8/50000 - 4441*x16*x9/500000 + 1027*x16/10000 + 51*x17**2/20 - 47*x17*x2/1250 + 3161*x17*x3/10000000 - 9*x17*x4/8000 - 1287*x17*x5/100000 + 373*x17*x6/25000 - 2357*x17*x7/100000 - 1813*x17*x8/250000 - 923*x17*x9/100000 + 1517*x17/20000 + 507*x2**2/200 - 5549*x2*x3/100000 - 4683*x2*x4/100000 - 1943*x2*x5/100000 - 3043*x2*x6/50000 - 1087*x2*x7/100000 - 4393*x2*x8/100000 - 1817*x2*x9/100000 + 87*x2/500 + 2533*x3**2/1000 - 9681*x3*x4/1000000 - 1017*x3*x5/50000 + 1563*x3*x6/100000 - 1513*x3*x7/50000 - 613*x3*x8/125000 - 1269*x3*x9/50000 + 319*x4**2/125 - 3227*x4*x5/50000 - 1371*x4*x6/500000 - 2533*x4*x7/100000 - 1721*x4*x8/100000 - 1133*x4*x9/50000 + 2097*x4/10000 + 1269*x5**2/500 - 2797*x5*x6/100000 - 1201*x5*x7/100000 - 2531*x5*x8/100000 - 1349*x5*x9/100000 + 647*x5/5000 + 2553*x6**2/1000 - 893*x6*x7/20000 - 257*x6*x8/12500 - 593*x6*x9/50000 + 159*x6/625 + 2537*x7**2/1000 - 2141*x7*x8/100000 - 4441*x7*x9/500000 + 1027*x7/10000 + 127*x8**2/50 - 1933*x8*x9/50000 + 1697*x8/10000 + 317*x9**2/125 + 5801*x9/100000 + 2231/1000",
    "Q": "[[2.2310521410133064, 0.02901686523751719, 0.08484177448522405, 0.052067894234594014, 0.12782703887515945, 0.06415038580696972, 0.10410938827352122, 0.0006147183076340162, 0.08697380525207193, 0.03820283499321034, 0.050287460460574016, 0.022369007425175613, 0.08822116794792244, 0.05769846245895021, 0.08699687418650698, 0.10692173144850138, 0.09071758502425732, -0.019199019043916785], [0.02901686523751719, 2.53679175741221, -0.018628317448121164, -0.004023052569837379, -0.00605178741542169, -0.007698785057156646, -0.010196403708470228, -0.013487575335697105, -0.008808924340036921, -0.0045480805460081115, -0.005200374778980459, -0.0065459000673519785, -0.004500867550121591, -0.005939037827681333, -0.01166604983658935, -0.007600239937596603, -0.013841252559147916, -0.004995290501826041], [0.08484177448522405, -0.018628317448121164, 2.5408009193989565, -0.011024057346949149, -0.009288760918991189, -0.012308707250500596, -0.008969452750215538, -0.0029739400218765054, -0.02262647129129313, -0.0027941543531463274, -0.007801238065413247, -0.0022860411988296155, -0.018589392438121927, -0.014752648644035285, -0.01212722208079214, -0.016640340397578363, -0.010512712727872598, 0.0007470791676633659], [0.052067894234594014, -0.004023052569837379, -0.011024057346949149, 2.5373087951127697, -0.022646795350603342, -0.005655853421572341, -0.013534597241988976, -0.015009958444181168, -0.004691081223390172, -0.011871738593409837, -0.0010703964886016183, -0.002104045676077648, -0.00392357894756885, -0.008720687319680493, -0.00787827386720495, -0.009606448271091689, -0.010042037015121482, -0.005850809322485193], [0.12782703887515945, -0.00605178741542169, -0.009288760918991189, -0.022646795350603342, 2.5522170529022477, -0.014893408238641307, -0.0005399940635486791, 0.006914886990898668, -0.030747214563941718, 0.007781063236058499, -0.011857139315447166, -0.0035882297137733825, -0.03061432775657887, -0.010717027800186336, -0.021972179561720526, -0.01744966958577838, -0.024070707397711083, 0.0027948791519818673], [0.06415038580696972, -0.007698785057156646, -0.012308707250500596, -0.005655853421572341, -0.014893408238641307, 2.538444886018719, -0.03323205313895509, -0.009859341461973991, -0.010766831305423276, -0.007439303048740032, -0.0013428560217355581, -0.008351847651406417, 0.0013617293744978643, -0.010577361930214111, -0.007906278593179036, -0.016537274073511615, -0.020650808189723525, -0.010141880303994577], [0.10410938827352122, -0.010196403708470228, -0.008969452750215538, -0.013534597241988976, -0.0005399940635486791, -0.03323205313895509, 2.5513112425427535, -0.00491624783969145, -0.022940091989068198, -0.0010904166291432022, -0.010976455420049937, -0.0035447354444867124, -0.0301010843077625, -0.01062604235394888, -0.014158374975524383, -0.021758424399315086, -0.002885569468321711, 0.006752881708533287], [0.0006147183076340162, -0.013487575335697105, -0.0029739400218765054, -0.015009958444181168, 0.006914886990898668, -0.009859341461973991, -0.00491624783969145, 2.533626315304265, -0.026708968194332806, -0.0010234284421909347, -0.01227437625797004, -0.005751578269284318, -0.01664085967668267, -0.01461104268867816, -0.010530149188865206, -0.007405785902966898, -0.025618204755568502, 0.0014559922159208072], [0.08697380525207193, -0.008808924340036921, -0.02262647129129313, -0.004691081223390172, -0.030747214563941718, -0.010766831305423276, -0.022940091989068198, -0.026708968194332806, 2.5344322670175616, -0.01920357391699654, -0.002207983570093679, -0.008984592492399716, -0.0069051291808222654, -0.016647919846033504, -0.019877306019141474, -0.01910785447532174, -0.010904525237146115, -0.004542688013255761], [0.03820283499321034, -0.0045480805460081115, -0.0027941543531463274, -0.011871738593409837, 0.007781063236058499, -0.007439303048740032, -0.0010904166291432022, -0.0010234284421909347, -0.01920357391699654, 2.5499851005981027, -0.014336616342173022, 0.0015089362762109538, -0.026542510693492602, -0.0125939764710901, -0.008018679122672233, -0.013937296173559923, -0.024061542390759437, 0.0017331533304139161], [0.050287460460574016, -0.005200374778980459, -0.007801238065413247, -0.0010703964886016183, -0.011857139315447166, -0.0013428560217355581, -0.010976455420049937, -0.01227437625797004, -0.002207983570093679, -0.014336616342173022, 3.263666191565618, -0.008432569306274723, 0.005450671854485625, -0.006305589067622218, -0.004455580025549273, -0.002139355386029061, -0.0029005002205224183, -0.0016795709202126247], [0.022369007425175613, -0.0065459000673519785, -0.0022860411988296155, -0.002104045676077648, -0.0035882297137733825, -0.008351847651406417, -0.0035447354444867124, -0.005751578269284318, -0.008984592492399716, 0.0015089362762109538, -0.008432569306274723, 2.543176237682374, -0.03484933672262035, -0.0022337411133163333, -0.01199676654994651, -0.011061340218039804, -0.007273037291649076, -0.0002109162748197581], [0.08822116794792244, -0.004500867550121591, -0.018589392438121927, -0.00392357894756885, -0.03061432775657887, 0.0013617293744978643, -0.0301010843077625, -0.01664085967668267, -0.0069051291808222654, -0.026542510693492602, 0.005450671854485625, -0.03484933672262035, 2.555623172464705, -0.01605019528101296, -0.006342654465940226, -0.007769101822461555, -0.018290960943149713, -0.009438989829724864], [0.05769846245895021, -0.005939037827681333, -0.014752648644035285, -0.008720687319680493, -0.010717027800186336, -0.010577361930214111, -0.01062604235394888, -0.01461104268867816, -0.016647919846033504, -0.0125939764710901, -0.006305589067622218, -0.0022337411133163333, -0.01605019528101296, 2.5371912845206355, -0.02693777255414343, -0.011996156374735546, -0.02034412891037623, -0.004303991938508945], [0.08699687418650698, -0.01166604983658935, -0.01212722208079214, -0.00787827386720495, -0.021972179561720526, -0.007906278593179036, -0.014158374975524383, -0.010530149188865206, -0.019877306019141474, -0.008018679122672233, -0.004455580025549273, -0.01199676654994651, -0.006342654465940226, -0.02693777255414343, 2.538808547044854, -0.017649728756726005, -0.0029061860220196767, 0.0006469978328690968], [0.10692173144850138, -0.007600239937596603, -0.016640340397578363, -0.009606448271091689, -0.01744966958577838, -0.016537274073511615, -0.021758424399315086, -0.007405785902966898, -0.01910785447532174, -0.013937296173559923, -0.002139355386029061, -0.011061340218039804, -0.007769101822461555, -0.011996156374735546, -0.017649728756726005, 2.5329056606878786, -0.050905158935223876, -0.010501964876179971], [0.09071758502425732, -0.013841252559147916, -0.010512712727872598, -0.010042037015121482, -0.024070707397711083, -0.020650808189723525, -0.002885569468321711, -0.025618204755568502, -0.010904525237146115, -0.024061542390759437, -0.0029005002205224183, -0.007273037291649076, -0.018290960943149713, -0.02034412891037623, -0.0029061860220196767, -0.050905158935223876, 2.5688797664765524, 0.016477659397592506], [-0.019199019043916785, -0.004995290501826041, 0.0007470791676633659, -0.005850809322485193, 0.0027948791519818673, -0.010141880303994577, 0.006752881708533287, 0.0014559922159208072, -0.004542688013255761, 0.0017331533304139161, -0.0016795709202126247, -0.0002109162748197581, -0.009438989829724864, -0.004303991938508945, 0.0006469978328690968, -0.010501964876179971, 0.016477659397592506, 2.5556451604841772]]",
    "monomial_list": "[1, x9, x8, x7, x6, x5, x4, x3, x2, x17, x16, x15, x14, x13, x12, x11, x10, x1]"
}