{
    "name": "Multiplier-13",
    "rational_expression": "639*x1**2/250 + 361*x1*x10/10000 - 401*x1*x11/25000 + 2221*x1*x12/500000 - 3621*x1*x13/10000000 - 267*x1*x14/25000 - 5329*x1*x15/1000000 - 273*x1*x16/25000 - 1411*x1*x17/250000 - 5963*x1*x2/1000000 + 4549*x1*x3/100000000 + 9253*x1*x4/1000000 - 791*x1*x5/50000 - 1469*x1*x6/1000000 - 53*x1*x7/5000 - 8943*x1*x8/10000000 - 43*x1*x9/4000 - 1421*x1/50000 + 2573*x10**2/1000 - 7709*x10*x11/100000 + 2869*x10*x12/100000 - 229*x10*x13/20000 - 477*x10*x14/25000 - 1321*x10*x15/100000 - 963*x10*x16/500000 - 113*x10*x17/5000 - 427*x10*x2/62500 - 1501*x10*x3/50000 + 9879*x10*x4/1000000 - 1403*x10*x5/50000 - 2013*x10*x6/100000 - 903*x10*x7/100000 - 343*x10*x8/200000 - 2381*x10*x9/100000 + 1807*x10/20000 + 127*x11**2/50 - 1937*x11*x12/100000 + 3163*x11*x13/1000000 - 83*x11*x14/40000 - 2173*x11*x15/100000 - 1453*x11*x16/100000 - 1979*x11*x17/100000 - 2919*x11*x2/100000 - 4519*x11*x3/1000000 - 3229*x11*x4/100000 - 519*x11*x5/20000 - 509*x11*x6/20000 - 641*x11*x7/50000 - 1217*x11*x8/50000 - 301*x11*x9/25000 + 879*x11/5000 + 639*x12**2/250 - 199*x12*x13/50000 + 1159*x12*x14/50000 - 551*x12*x15/20000 - 1041*x12*x16/50000 - 1621*x12*x17/100000 - 771*x12*x2/50000 - 2261*x12*x3/500000 - 479*x12*x4/20000 - 399*x12*x5/250000 - 1909*x12*x6/50000 - 791*x12*x7/250000 - 21*x12*x8/2000 - 72*x12*x9/3125 + 1331*x12/10000 + 817*x13**2/250 - 2019*x13*x14/500000 - 1753*x13*x15/200000 - 1003*x13*x16/125000 - 577*x13*x17/200000 - 3867*x13*x2/500000 - 999*x13*x3/100000 - 1553*x13*x4/1000000 - 3317*x13*x5/1000000 + 4377*x13*x6/1000000 - 4109*x13*x7/1000000 - 289*x13*x8/125000 - 8867*x13*x9/1000000 + 7599*x13/100000 + 2557*x14**2/1000 - 5981*x14*x15/100000 + 127*x14*x16/10000 - 371*x14*x17/20000 + 1291*x14*x2/500000 - 503*x14*x3/50000 - 3833*x14*x4/100000 + 237*x14*x5/20000 - 677*x14*x6/25000 + 3957*x14*x7/5000000 - 331*x14*x8/25000 - 123*x14*x9/31250 + 5699*x14/100000 + 2547*x15**2/1000 - 1769*x15*x16/100000 - 7587*x15*x17/1000000 - 869*x15*x2/50000 - 149*x15*x3/10000 - 279*x15*x4/25000 - 41*x15*x5/3125 - 197*x15*x6/12500 - 3871*x15*x7/1000000 - 7391*x15*x8/1000000 - 687*x15*x9/50000 + 4039*x15/50000 + 637*x16**2/250 - 4677*x16*x17/100000 - 503*x16*x2/50000 - 501*x16*x3/25000 - 869*x16*x4/25000 - 591*x16*x5/50000 - 4353*x16*x6/100000 - 3249*x16*x7/1000000 - 163*x16*x8/6250 - 73*x16*x9/4000 + 309*x16/2500 + 509*x17**2/200 - 1551*x17*x2/50000 - 933*x17*x3/200000 - 1919*x17*x4/100000 - 239*x17*x5/20000 - 449*x17*x6/25000 - 337*x17*x7/25000 - 537*x17*x8/50000 - 1289*x17*x9/100000 + 1283*x17/10000 + 1271*x2**2/500 - 3519*x2*x3/100000 - 1941*x2*x4/50000 - 1133*x2*x5/100000 - 951*x2*x6/20000 - 1493*x2*x7/500000 - 3071*x2*x8/100000 - 1791*x2*x9/100000 + 713*x2/5000 + 2541*x3**2/1000 - 9519*x3*x4/1000000 - 9963*x3*x5/1000000 + 1481*x3*x6/250000 - 1017*x3*x7/50000 + 1009*x3*x8/2000000 - 1263*x3*x9/50000 + 9571*x3/1000000 + 2551*x4**2/1000 - 557*x4*x5/10000 - 651*x4*x6/50000 - 1761*x4*x7/100000 - 1801*x4*x8/100000 - 2159*x4*x9/100000 + 1069*x4/5000 + 318*x5**2/125 - 2929*x5*x6/100000 - 29*x5*x7/8000 - 1667*x5*x8/100000 - 1323*x5*x9/100000 + 1093*x5/10000 + 637*x6**2/250 - 803*x6*x7/25000 - 2119*x6*x8/100000 - 129*x6*x9/6250 + 2663*x6/10000 + 2543*x7**2/1000 - 1307*x7*x8/100000 - 801*x7*x9/200000 + 3089*x7/50000 + 1273*x8**2/500 - 819*x8*x9/25000 + 101*x8/625 + 1271*x9**2/500 + 2139*x9/25000 + 297/125",
    "Q": "[[2.3759902713901426, 0.042140825718642666, 0.08024174542143005, 0.030139213685526165, 0.132331464566547, 0.05364243178820447, 0.10661803832652594, 0.005820117427196824, 0.07041697839284018, 0.06386523750771407, 0.06181428339301245, 0.04062575902858868, 0.028806020368285282, 0.03845810358687842, 0.06742519986915234, 0.0874904443755675, 0.04429648960317377, -0.014261137320921151], [0.042140825718642666, 2.5418175471453215, -0.01731697034749849, -0.0024830232194634687, -0.009706418520860348, -0.007274379979871912, -0.011788954108190648, -0.011414457423257042, -0.008280670887845917, -0.0072157688350770995, -0.007875948237962161, -0.006439833250999021, -0.0015987225951729735, -0.003478174585179571, -0.011132542412817543, -0.007172767168555618, -0.011606079224708922, -0.005223958003524471], [0.08024174542143005, -0.01731697034749849, 2.545905858396697, -0.00598495854087451, -0.01175106386268021, -0.009144804606694125, -0.00935019822272004, -0.00041146284594461874, -0.016154452261972783, -0.006651484366702114, -0.013438453130365815, -0.004637048621248663, -0.006546279333720905, -0.0010215634964347365, -0.004881420692131069, -0.011314188986810272, -0.0005314774830624052, -0.00034162301993504774], [0.030139213685526165, -0.0024830232194634687, -0.00598495854087451, 2.5430661756438204, -0.015449691206740366, -0.002147786074626493, -0.009194337507116651, -0.008863761311524916, -0.0008433827860118686, -0.006036655164745663, -0.0011350790881375496, -0.001511223729555603, -0.00029757457879740404, -0.0026138566458049884, -0.0011792392289075213, -0.005700012031737384, -0.005412816047743736, -0.004705377207847147], [0.132331464566547, -0.009706418520860348, -0.01175106386268021, -0.015449691206740366, 2.5471485388879365, -0.013648698989646171, -0.006979259161320954, 0.002103226335188159, -0.024994681465038304, -0.007883581844918067, -0.022365147680268562, -0.007513915600166873, -0.014211559832119693, 0.001919224521415976, -0.01978662158616174, -0.012593891623054397, -0.011169319060102392, -0.0008262493161981892], [0.05364243178820447, -0.007274379979871912, -0.009144804606694125, -0.002147786074626493, -0.013648698989646171, 2.544206667664496, -0.02784990512693991, -0.005278349677263107, -0.006782056560606535, -0.005945896006428889, -0.004928609519986481, -0.007822516306896718, 0.00663275375036949, -0.0017662749756851798, -0.002053598805936541, -0.01221017374397975, -0.014199553922319143, -0.00899208999571636], [0.10661803832652594, -0.011788954108190648, -0.00935019822272004, -0.009194337507116651, -0.006979259161320954, -0.02784990512693991, 2.5516103293040295, -0.004655226450142257, -0.0195905980257403, -0.008857938930600948, -0.01779389728555126, -0.005394904465337192, -0.01814050836324771, -0.0008638106733305232, -0.012771041626947236, -0.016770507392308814, 0.004105527928735468, 0.0035344920570691976], [0.005820117427196824, -0.011414457423257042, -0.00041146284594461874, -0.008863761311524916, 0.002103226335188159, -0.005278349677263107, -0.004655226450142257, 2.5407611167875963, -0.01755623591339326, -0.0027723220538186646, -0.011172451819359209, -0.006736424949730794, -0.0054781475573397916, -0.004669643878774009, -0.0018637726655967202, -0.0025870716020453995, -0.013815143477220298, 0.00035435952943096576], [0.07041697839284018, -0.008280670887845917, -0.016154452261972783, -0.0008433827860118686, -0.024994681465038304, -0.006782056560606535, -0.0195905980257403, -0.01755623591339326, 2.5419808820858507, -0.014409728574924275, -0.006210961651830836, -0.009364082289770375, 0.0012907010188523377, -0.0035448537031201608, -0.007838475375839165, -0.013924110415702181, -0.0030391235201597403, -0.0035065415483862454], [0.06386523750771407, -0.0072157688350770995, -0.006651484366702114, -0.006036655164745663, -0.007883581844918067, -0.005945896006428889, -0.008857938930600948, -0.0027723220538186646, -0.014409728574924275, 2.54504987997236, -0.022246008616953354, -0.003257364227540268, -0.009666840173964639, -0.001657084459261475, -0.006841113099042176, -0.009898143847029769, -0.011260702493686171, -0.002163556391518409], [0.06181428339301245, -0.007875948237962161, -0.013438453130365815, -0.0011350790881375496, -0.022365147680268562, -0.004928609519986481, -0.01779389728555126, -0.011172451819359209, -0.006210961651830836, -0.022246008616953354, 2.5480126255060673, -0.009283127032312724, 0.00660962927513079, -0.002978156077240028, -0.009974542429215956, -0.006680767802521247, -0.0012248765750998481, -0.005623212171379455], [0.04062575902858868, -0.006439833250999021, -0.004637048621248663, -0.001511223729555603, -0.007513915600166873, -0.007822516306896718, -0.005394904465337192, -0.006736424949730794, -0.009364082289770375, -0.003257364227540268, -0.009283127032312724, 2.546972915760076, -0.029543779980939624, -0.003441243295067182, -0.014617091911757326, -0.009986608540033713, -0.006802812630973743, -0.0020871151311945254], [0.028806020368285282, -0.0015987225951729735, -0.006546279333720905, -0.00029757457879740404, -0.014211559832119693, 0.00663275375036949, -0.01814050836324771, -0.0054781475573397916, 0.0012907010188523377, -0.009666840173964639, 0.00660962927513079, -0.029543779980939624, 2.557176526004247, -0.0023993411017897747, 0.0104728490574645, -0.0016200735328878264, -0.010276694208508021, -0.005119554803288299], [0.03845810358687842, -0.003478174585179571, -0.0010215634964347365, -0.0026138566458049884, 0.001919224521415976, -0.0017662749756851798, -0.0008638106733305232, -0.004669643878774009, -0.0035448537031201608, -0.001657084459261475, -0.002978156077240028, -0.003441243295067182, -0.0023993411017897747, 3.2674161054558075, -0.0015137723635072953, 0.00018004036205215555, -0.0062644935726637735, 0.000574237452829594], [0.06742519986915234, -0.011132542412817543, -0.004881420692131069, -0.0011792392289075213, -0.01978662158616174, -0.002053598805936541, -0.012771041626947236, -0.0018637726655967202, -0.007838475375839165, -0.006841113099042176, -0.009974542429215956, -0.014617091911757326, 0.0104728490574645, -0.0015137723635072953, 2.555631045770258, -0.009757881993039424, 0.013243044084462476, 0.001722861615099178], [0.0874904443755675, -0.007172767168555618, -0.011314188986810272, -0.005700012031737384, -0.012593891623054397, -0.01221017374397975, -0.016770507392308814, -0.0025870716020453995, -0.013924110415702181, -0.009898143847029769, -0.006680767802521247, -0.009986608540033713, -0.0016200735328878264, 0.00018004036205215555, -0.009757881993039424, 2.539669899476202, -0.03860150908006432, -0.00882726494597002], [0.04429648960317377, -0.011606079224708922, -0.0005314774830624052, -0.005412816047743736, -0.011169319060102392, -0.014199553922319143, 0.004105527928735468, -0.013815143477220298, -0.0030391235201597403, -0.011260702493686171, -0.0012248765750998481, -0.006802812630973743, -0.010276694208508021, -0.0062644935726637735, 0.013243044084462476, -0.03860150908006432, 2.572705493608184, 0.01694812105049043], [-0.014261137320921151, -0.005223958003524471, -0.00034162301993504774, -0.004705377207847147, -0.0008262493161981892, -0.00899208999571636, 0.0035344920570691976, 0.00035435952943096576, -0.0035065415483862454, -0.002163556391518409, -0.005623212171379455, -0.0020871151311945254, -0.005119554803288299, 0.000574237452829594, 0.001722861615099178, -0.00882726494597002, 0.01694812105049043, 2.5560897641692195]]",
    "monomial_list": "[1, x9, x8, x7, x6, x5, x4, x3, x2, x17, x16, x15, x14, x13, x12, x11, x10, x1]"
}