{
    "name": "Multiplier-6",
    "rational_expression": "1283*x1**2/500 + 4071*x1*x10/100000 - 3333*x1*x11/10000000 + 1793*x1*x12/100000 + 243*x1*x13/31250 + 731*x1*x14/250000 + 113*x1*x15/10000 + 1043*x1*x16/100000 + 9709*x1*x17/1000000 + 1797*x1*x2/100000 + 1357*x1*x3/250000 + 2059*x1*x4/100000 + 1261*x1*x5/500000 + 203*x1*x6/12500 + 371*x1*x7/40000 + 783*x1*x8/50000 + 6061*x1*x9/1000000 - 1317*x1/10000 + 1319*x10**2/500 + 2123*x10*x11/25000 + 383*x10*x12/2500 + 341*x10*x13/4000 + 2013*x10*x14/25000 + 6923*x10*x15/100000 + 1177*x10*x16/10000 + 547*x10*x17/5000 + 1391*x10*x2/10000 + 549*x10*x3/10000 + 759*x10*x4/5000 + 1731*x10*x5/20000 + 4181*x10*x6/100000 + 9317*x10*x7/100000 + 1351*x10*x8/10000 + 7153*x10*x9/100000 - 1297*x10/2000 + 659*x11**2/250 + 1547*x11*x12/10000 + 72*x11*x13/625 + 289*x11*x14/2500 + 7221*x11*x15/100000 + 1329*x11*x16/10000 + 1401*x11*x17/10000 + 187*x11*x2/1250 + 1767*x11*x3/20000 + 1511*x11*x4/10000 + 289*x11*x5/2500 + 5593*x11*x6/100000 + 14*x11*x7/125 + 299*x11*x8/2000 + 1881*x11*x9/20000 - 1391*x11/2000 + 663*x12**2/250 + 1179*x12*x13/12500 + 329*x12*x14/2500 + 1399*x12*x15/20000 + 92*x12*x16/625 + 687*x12*x17/5000 + 111*x12*x2/625 + 6463*x12*x3/100000 + 1597*x12*x4/10000 + 79*x12*x5/625 + 5359*x12*x6/100000 + 1303*x12*x7/10000 + 821*x12*x8/5000 + 8741*x12*x9/100000 - 8837*x12/10000 + 2611*x13**2/1000 + 457*x13*x14/6250 + 6377*x13*x15/100000 + 9301*x13*x16/100000 + 1059*x13*x17/10000 + 51*x13*x2/500 + 6587*x13*x3/100000 + 1221*x13*x4/10000 + 4501*x13*x5/50000 + 49*x13*x6/1250 + 187*x13*x7/2500 + 553*x13*x8/5000 + 7141*x13*x9/100000 - 67*x13/125 + 2613*x14**2/1000 + 667*x14*x15/20000 + 137*x14*x16/1250 + 2287*x14*x17/25000 + 1241*x14*x2/10000 + 5053*x14*x3/100000 + 64*x14*x4/625 + 9613*x14*x5/100000 + 2627*x14*x6/100000 + 1017*x14*x7/12500 + 267*x14*x8/2500 + 3361*x14*x9/50000 - 5549*x14/10000 + 2591*x15**2/1000 + 177*x15*x16/3125 + 7553*x15*x17/100000 + 7399*x15*x2/100000 + 2231*x15*x3/50000 + 8621*x15*x4/100000 + 777*x15*x5/12500 + 1157*x15*x6/50000 + 1403*x15*x7/25000 + 4039*x15*x8/50000 + 4537*x15*x9/100000 - 4229*x15/10000 + 21*x16**2/8 + 309*x16*x17/3125 + 1509*x16*x2/10000 + 2623*x16*x3/50000 + 1311*x16*x4/10000 + 101*x16*x5/1000 + 913*x16*x6/25000 + 1033*x16*x7/10000 + 627*x16*x8/5000 + 3*x16*x9/40 - 3621*x16/5000 + 2631*x17**2/1000 + 131*x17*x2/1000 + 4357*x17*x3/50000 + 1487*x17*x4/10000 + 569*x17*x5/5000 + 5523*x17*x6/100000 + 2367*x17*x7/25000 + 71*x17*x8/500 + 4383*x17*x9/50000 - 167*x17/250 + 2647*x2**2/1000 + 5423*x2*x3/100000 + 1547*x2*x4/10000 + 243*x2*x5/2000 + 4721*x2*x6/100000 + 157*x2*x7/1250 + 373*x2*x8/2500 + 549*x2*x9/6250 - 8929*x2/10000 + 2601*x3**2/1000 + 9347*x3*x4/100000 + 7003*x3*x5/100000 + 2219*x3*x6/100000 + 4259*x3*x7/100000 + 1749*x3*x8/20000 + 2681*x3*x9/50000 - 3759*x3/10000 + 663*x4**2/250 + 1059*x4*x5/10000 + 3817*x4*x6/50000 + 1127*x4*x7/10000 + 311*x4*x8/2000 + 1181*x4*x9/12500 - 7047*x4/10000 + 1307*x5**2/500 + 1631*x5*x6/50000 + 8591*x5*x7/100000 + 583*x5*x8/5000 + 449*x5*x9/6250 - 1363*x5/2500 + 661*x6**2/200 + 381*x6*x7/12500 + 5853*x6*x8/100000 + x6*x9/40 - 2069*x6/10000 + 1303*x7**2/500 + 137*x7*x8/1250 + 3061*x7*x9/50000 - 411*x7/625 + 66*x8**2/25 + 2023*x8*x9/25000 - 3713*x8/5000 + 2597*x9**2/1000 - 4327*x9/10000 + 4701/1000",
    "Q": "[[4.700548073573257, -0.21783769298025374, -0.37186671080775846, -0.3279978725665969, -0.10436461084072883, -0.27376137235616, -0.35227288369546556, -0.18916366743561902, -0.4461795214507487, -0.3345005911761421, -0.3602472070952015, -0.21190931661903056, -0.2755620237659195, -0.2684085679836235, -0.4435227964780731, -0.34745245107549816, -0.3249742277975649, -0.06770192458208021], [-0.21783769298025374, 2.5969900108026636, 0.04052643500003888, 0.03169112280604568, 0.012497616781511204, 0.036110597991764574, 0.04805933150358706, 0.026120480904939194, 0.04408069246242686, 0.04343728066408202, 0.036101728663102337, 0.023256421626415332, 0.03309733751718943, 0.0361678684007897, 0.04308144582024051, 0.04703484735262916, 0.034701615573133206, 0.002446612803910908], [-0.37186671080775846, 0.04052643500003888, 2.6392526904028832, 0.055299193509476326, 0.03030366528857439, 0.058448814468158326, 0.0789446183900908, 0.043170127511074956, 0.07509125586085592, 0.07009561889666521, 0.06360709184466724, 0.04064942602961524, 0.052937056179801725, 0.05409522873284211, 0.08184740017880127, 0.07375407504721417, 0.06649840807950061, 0.008333641061562995], [-0.3279978725665969, 0.03169112280604568, 0.055299193509476326, 2.6067513209034385, 0.01576575961055961, 0.04287918859084712, 0.05597857973091554, 0.02171286536168134, 0.06385881126706594, 0.04819161322563428, 0.05209522283090041, 0.02772620293009324, 0.041586121143248896, 0.037815199218567935, 0.06487606260497032, 0.05470852061290672, 0.046556259667452034, 0.004816637087575443], [-0.10436461084072883, 0.012497616781511204, 0.03030366528857439, 0.01576575961055961, 3.3045019184908364, 0.017010278973089408, 0.0365438335963372, 0.011256903308791377, 0.0240841795455952, 0.02630314426972844, 0.018604108748010374, 0.01249750685423978, 0.01367424775398767, 0.018149134087796195, 0.02804104912796294, 0.028660217909602565, 0.02095249194127349, 0.006783084660968291], [-0.27376137235616, 0.036110597991764574, 0.058448814468158326, 0.04287918859084712, 0.017010278973089408, 2.6143531458124234, 0.052569042610286096, 0.03460620715788386, 0.05997896895549527, 0.05622668694438936, 0.05016696528759943, 0.02986288121447179, 0.04705912640943065, 0.044135500405545064, 0.06312825714560709, 0.05836939657229354, 0.0430068238830087, 0.0010299806484083249], [-0.35227288369546556, 0.04805933150358706, 0.0789446183900908, 0.05597857973091554, 0.0365438335963372, 0.052569042610286096, 2.6512893597100526, 0.0477280724237574, 0.07720013001165253, 0.07374939391964005, 0.06411624952007695, 0.043453916203495674, 0.050418610449421974, 0.06092325980273467, 0.08056347195315273, 0.0751201666571144, 0.07465344268897837, 0.011001717337776601], [-0.18916366743561902, 0.026120480904939194, 0.043170127511074956, 0.02171286536168134, 0.011256903308791377, 0.03460620715788386, 0.0477280724237574, 2.6005171583310807, 0.026073947916726892, 0.04307703914294109, 0.025869392178231736, 0.022998254007651743, 0.025462788214069467, 0.033959135868457356, 0.033605421855837, 0.04550297264149359, 0.027288755163985528, 0.003931898499650927], [-0.4461795214507487, 0.04408069246242686, 0.07509125586085592, 0.06385881126706594, 0.0240841795455952, 0.05997896895549527, 0.07720013001165253, 0.026073947916726892, 2.646598941404537, 0.06564471049591139, 0.07515595972167988, 0.03731470521861317, 0.06113083616164567, 0.05170581160914797, 0.08967147301421693, 0.07555636880818024, 0.0693124877833752, 0.00817058220660511], [-0.3345005911761421, 0.04343728066408202, 0.07009561889666521, 0.04819161322563428, 0.02630314426972844, 0.05622668694438936, 0.07374939391964005, 0.04307703914294109, 0.06564471049591139, 2.6314823509605567, 0.04969026402309876, 0.03882921867588199, 0.045952509068883415, 0.0525403171236691, 0.06977135475051859, 0.06950578220872486, 0.05401675956964359, 0.00586429713864979], [-0.3602472070952015, 0.036101728663102337, 0.06360709184466724, 0.05209522283090041, 0.018604108748010374, 0.05016696528759943, 0.06411624952007695, 0.025869392178231736, 0.07515595972167988, 0.04969026402309876, 2.625502254614388, 0.029361900758577593, 0.054642373950112635, 0.04538723970235051, 0.07453745161761881, 0.06598973270055011, 0.05889415051281602, 0.005616686977499801], [-0.21190931661903056, 0.023256421626415332, 0.04064942602961524, 0.02772620293009324, 0.01249750685423978, 0.02986288121447179, 0.043453916203495674, 0.022998254007651743, 0.03731470521861317, 0.03882921867588199, 0.029361900758577593, 2.5909328580400635, 0.01584690435645814, 0.03216050725777725, 0.03587775170546186, 0.037279594492435286, 0.03458200841888154, 0.004821000788776143], [-0.2755620237659195, 0.03309733751718943, 0.052937056179801725, 0.041586121143248896, 0.01367424775398767, 0.04705912640943065, 0.050418610449421974, 0.025462788214069467, 0.06113083616164567, 0.045952509068883415, 0.054642373950112635, 0.01584690435645814, 2.612278208660207, 0.035518906756515985, 0.06637166602784325, 0.05762235181983093, 0.039191138116809535, 0.0022183611770518487], [-0.2684085679836235, 0.0361678684007897, 0.05409522873284211, 0.037815199218567935, 0.018149134087796195, 0.044135500405545064, 0.06092325980273467, 0.033959135868457356, 0.05170581160914797, 0.0525403171236691, 0.04538723970235051, 0.03216050725777725, 0.035518906756515985, 2.6116220570682653, 0.047166224897469466, 0.05721214981848071, 0.04182156388216728, 0.0037022525146670746], [-0.4435227964780731, 0.04308144582024051, 0.08184740017880127, 0.06487606260497032, 0.02804104912796294, 0.06312825714560709, 0.08056347195315273, 0.033605421855837, 0.08967147301421693, 0.06977135475051859, 0.07453745161761881, 0.03587775170546186, 0.06637166602784325, 0.047166224897469466, 2.652589251138128, 0.0774880477047257, 0.07697563930295834, 0.01029230713002767], [-0.34745245107549816, 0.04703484735262916, 0.07375407504721417, 0.05470852061290672, 0.028660217909602565, 0.05836939657229354, 0.0751201666571144, 0.04550297264149359, 0.07555636880818024, 0.06950578220872486, 0.06598973270055011, 0.037279594492435286, 0.05762235181983093, 0.05721214981848071, 0.0774880477047257, 2.6367664520560026, 0.041378057354187064, 0.0007226056486314344], [-0.3249742277975649, 0.034701615573133206, 0.06649840807950061, 0.046556259667452034, 0.02095249194127349, 0.0430068238830087, 0.07465344268897837, 0.027288755163985528, 0.0693124877833752, 0.05401675956964359, 0.05889415051281602, 0.03458200841888154, 0.039191138116809535, 0.04182156388216728, 0.07697563930295834, 0.041378057354187064, 2.6376963074686732, 0.020072817271988556], [-0.06770192458208021, 0.002446612803910908, 0.008333641061562995, 0.004816637087575443, 0.006783084660968291, 0.0010299806484083249, 0.011001717337776601, 0.003931898499650927, 0.00817058220660511, 0.00586429713864979, 0.005616686977499801, 0.004821000788776143, 0.0022183611770518487, 0.0037022525146670746, 0.01029230713002767, 0.0007226056486314344, 0.020072817271988556, 2.566476895674976]]",
    "monomial_list": "[1, x9, x8, x7, x6, x5, x4, x3, x2, x17, x16, x15, x14, x13, x12, x11, x10, x1]"
}