{
    "name": "Multiplier-5",
    "rational_expression": "2561*x1**2/1000 + 3531*x1*x10/100000 - 6681*x1*x11/1000000 - 1293*x1*x12/500000 - 759*x1*x13/125000 - 1781*x1*x14/100000 - 11*x1*x15/12500 - 6951*x1*x16/1000000 - 2031*x1*x17/1000000 - 297*x1*x2/125000 + 2353*x1*x3/500000 + 729*x1*x4/25000 - x1*x5/1000 + 1457*x1*x6/200000 - 6251*x1*x7/1000000 + 307*x1*x8/100000 - 5669*x1*x9/1000000 - 6953*x1/100000 + 2573*x10**2/1000 - 3169*x10*x11/50000 + 961*x10*x12/250000 - 569*x10*x13/20000 - 3831*x10*x14/100000 - 451*x10*x15/50000 + 2419*x10*x16/1000000 - 349*x10*x17/12500 - 1237*x10*x2/100000 - 3507*x10*x3/100000 + 1643*x10*x4/50000 - 1837*x10*x5/100000 - 437*x10*x6/20000 - 1391*x10*x7/100000 - 389*x10*x8/50000 - 361*x10*x9/25000 + 3969*x10/50000 + 1273*x11**2/500 - 501*x11*x12/20000 - 63*x11*x13/5000 - 527*x11*x14/25000 - 673*x11*x15/50000 - 6859*x11*x16/1000000 - 541*x11*x17/25000 - 2631*x11*x2/100000 - 1063*x11*x3/250000 - 1939*x11*x4/1000000 + 73*x11*x5/40000 - 1493*x11*x6/100000 - 659*x11*x7/50000 - 67*x11*x8/4000 - 389*x11*x9/100000 + 1241*x11/10000 + 1273*x12**2/500 - 4241*x12*x13/100000 - 1747*x12*x14/500000 - 2289*x12*x15/100000 - 409*x12*x16/20000 - 2499*x12*x17/100000 - 589*x12*x2/20000 - 1211*x12*x3/50000 - 133*x12*x4/5000 - 479*x12*x5/125000 - 1211*x12*x6/25000 - 7447*x12*x7/1000000 - 1263*x12*x8/50000 - 1883*x12*x9/100000 + 211*x12/1250 + 637*x13**2/250 - 86*x13*x14/3125 - 931*x13*x15/250000 - 197*x13*x16/25000 - 179*x13*x17/10000 - 1129*x13*x2/50000 - 1989*x13*x3/100000 - 151*x13*x4/50000 - 5401*x13*x5/1000000 - 29*x13*x6/2500 - 8921*x13*x7/1000000 - 1809*x13*x8/100000 - 4337*x13*x9/1000000 + 3969*x13/50000 + 1279*x14**2/500 - 2697*x14*x15/50000 + 2307*x14*x16/500000 - 97*x14*x17/3125 - 1921*x14*x2/200000 - 2439*x14*x3/100000 - 5819*x14*x4/100000 + 2191*x14*x5/1000000 - 4449*x14*x6/100000 - 3927*x14*x7/500000 - 2607*x14*x8/100000 - 8821*x14*x9/1000000 + 1439*x14/10000 + 51*x15**2/20 - 943*x15*x16/50000 - 2*x15*x17/625 - 1307*x15*x2/100000 - 4887*x15*x3/500000 - 1757*x15*x4/500000 - 307*x15*x5/25000 - 627*x15*x6/50000 - 199*x15*x7/50000 - 2101*x15*x8/250000 - 1933*x15*x9/200000 + 2977*x15/50000 + 2553*x16**2/1000 - 53*x16*x17/1250 - 273*x16*x2/25000 - 1233*x16*x3/50000 - 2307*x16*x4/100000 + 1683*x16*x5/1000000 - 1027*x16*x6/25000 - 3139*x16*x7/1000000 - 1107*x16*x8/50000 - 9169*x16*x9/1000000 + 273*x16/2500 + 2547*x17**2/1000 - 777*x17*x2/25000 - 89*x17*x3/6250 - 241*x17*x4/20000 - 461*x17*x5/100000 - 973*x17*x6/50000 - 1301*x17*x7/100000 - 821*x17*x8/50000 - 223*x17*x9/25000 + 1341*x17/10000 + 318*x2**2/125 - 499*x2*x3/12500 - 1361*x2*x4/50000 + 2227*x2*x5/1000000 - 99*x2*x6/2000 - 269*x2*x7/100000 - 183*x2*x8/5000 - 69*x2*x9/5000 + 1439*x2/10000 + 2543*x3**2/1000 - 2073*x3*x4/500000 - 159*x3*x5/12500 + 309*x3*x6/200000 - 1999*x3*x7/100000 - 4619*x3*x8/500000 - 1011*x3*x9/50000 + 2969*x3/100000 + 322*x4**2/125 - 287*x4*x5/25000 + 5359*x4*x6/1000000 - 1857*x4*x7/100000 - 6617*x4*x8/1000000 - 9069*x4*x9/1000000 + 1191*x4/10000 + 3273*x5**2/1000 - 1797*x5*x6/250000 + 287*x5*x7/250000 - 8137*x5*x8/1000000 - 107*x5*x9/25000 + 6953*x5/100000 + 2551*x6**2/1000 - 1611*x6*x7/50000 - 1197*x6*x8/50000 - 131*x6*x9/10000 + 267*x6/1250 + 2547*x7**2/1000 - 1281*x7*x8/100000 - 2091*x7*x9/500000 + 3969*x7/50000 + 2547*x8**2/1000 - 1449*x8*x9/50000 + 1489*x8/10000 + 2547*x9**2/1000 + 4961*x9/100000 + 1241/500",
    "Q": "[[2.4822287329347588, 0.02587352867200355, 0.07331459408724648, 0.039270282163003295, 0.10784694831881114, 0.03448269665683664, 0.05887557991376252, 0.01525741922792527, 0.07177160133558329, 0.06625946088982272, 0.05450916588730159, 0.028788891526561295, 0.07311952396251448, 0.039489527324462315, 0.08552473645951578, 0.061473128786787165, 0.039242116829150166, -0.03437462937853272], [0.02587352867200355, 2.5468157544458014, -0.01385504002729274, -0.0020939569518126713, -0.005842356802998667, -0.0013675704743255207, -0.003984021981543058, -0.010141858952527956, -0.005747153491993192, -0.005422792451424507, -0.004828553238746621, -0.005159677743962632, -0.0034838257873380514, -0.002829313393952543, -0.009370440912021393, -0.0030993214588484006, -0.007738403848784504, -0.0028410685407789502], [0.07331459408724648, -0.01385504002729274, 2.547733467866805, -0.007333868142675395, -0.01145032928701237, -0.002831443829085466, -0.0027734703882170623, -0.004069969645454364, -0.017086192594635466, -0.009363797823721617, -0.01139440149510017, -0.0031012532888390824, -0.013469615451336596, -0.009430714304459421, -0.012707252686367682, -0.00866258068270384, -0.003255678369111953, 0.0013563896716076386], [0.039270282163003295, -0.0020939569518126713, -0.007333868142675395, 2.5465943260856316, -0.01580771767173148, -0.0005984722895546791, -0.008385547319285369, -0.010441405012778168, -0.002598050905866913, -0.007533526669375419, -0.0012754787121514084, -0.0014522963185116002, -0.0033458749591437427, -0.0056922958379611475, -0.004880488716475359, -0.00643526392021754, -0.006777231433030684, -0.003873795556594085], [0.10784694831881114, -0.005842356802998667, -0.01145032928701237, -0.01580771767173148, 2.5504657418244565, -0.002361812194154895, 0.003882656530153956, 0.00015219937800784258, -0.02384706843705255, -0.009575199854756432, -0.019440056392216798, -0.00584400677296527, -0.02088140587457216, -0.006421424263612454, -0.023430618087966877, -0.006676250685554186, -0.010713817728880212, 0.0026777272623418414], [0.03448269665683664, -0.0013675704743255207, -0.002831443829085466, -0.0005984722895546791, -0.002361812194154895, 3.272515442513064, -0.0046103881610482286, -0.005481531740022137, -6.348773005136255e-05, -0.0032650971730017976, 0.0013604920717912542, -0.0052119887979957015, 0.0026153348001575166, -0.0027182377551161867, -0.0007907396394014771, 0.0023403129333368455, -0.008705840524375215, -0.0016493673857923322], [0.05887557991376252, -0.003984021981543058, -0.0027734703882170623, -0.008385547319285369, 0.003882656530153956, -0.0046103881610482286, 2.576193147624282, -0.0013563904935923134, -0.01347675476306757, -0.007125403998697456, -0.012561303030271611, -0.0010053501957306191, -0.028855622939570235, -0.001520469634630356, -0.01317543774218971, -0.00025367119724566817, 0.01567001673847751, 0.014300062790452425], [0.01525741922792527, -0.010141858952527956, -0.004069969645454364, -0.010441405012778168, 0.00015219937800784258, -0.005481531740022137, -0.0013563904935923134, 2.542775614210401, -0.019914367470598167, -0.006542394703804715, -0.011189351471992227, -0.005288410890890802, -0.011814547263546995, -0.009592329697681843, -0.01087874725979333, -0.0031592635587404266, -0.01701259473038192, 0.0012647364225352078], [0.07177160133558329, -0.005747153491993192, -0.017086192594635466, -0.002598050905866913, -0.02384706843705255, -6.348773005136255e-05, -0.01347675476306757, -0.019914367470598167, 2.544222699208578, -0.016108519856612262, -0.004805773146885219, -0.007101856419329049, -0.006074305498089024, -0.011513195157768503, -0.015433236129623612, -0.012316184585494981, -0.004975909649401282, -0.001994145091021], [0.06625946088982272, -0.005422792451424507, -0.009363797823721617, -0.007533526669375419, -0.009575199854756432, -0.0032650971730017976, -0.007125403998697456, -0.006542394703804715, -0.016108519856612262, 2.5467440950578966, -0.020124046691797164, -0.0026413358334299404, -0.014523657193824592, -0.008845321506802487, -0.013779922723783531, -0.009591900393549195, -0.014711657888166254, -0.0016388877233032347], [0.05450916588730159, -0.004828553238746621, -0.01139440149510017, -0.0012754787121514084, -0.019440056392216798, 0.0013604920717912542, -0.012561303030271611, -0.011189351471992227, -0.004805773146885219, -0.020124046691797164, 2.552911174485961, -0.008276454366430368, 0.0033166270337560604, -0.004742166284621697, -0.009764891571488786, -0.004384491826839144, 0.0005713688181851804, -0.0038868778176529522], [0.028788891526561295, -0.005159677743962632, -0.0031012532888390824, -0.0014522963185116002, -0.00584400677296527, -0.0052119887979957015, -0.0010053501957306191, -0.005288410890890802, -0.007101856419329049, -0.0026413358334299404, -0.008276454366430368, 2.550533914292914, -0.025975622971621082, -0.0011199260569713808, -0.011059711172650442, -0.007171707628436084, -0.004153166805866293, 0.00015082054741751203], [0.07311952396251448, -0.0034838257873380514, -0.013469615451336596, -0.0033458749591437427, -0.02088140587457216, 0.0026153348001575166, -0.028855622939570235, -0.011814547263546995, -0.006074305498089024, -0.014523657193824592, 0.0033166270337560604, -0.025975622971621082, 2.558562210533226, -0.01342378210542474, -0.0028419904239469743, -0.009825818601199915, -0.01884581787704342, -0.008402705382991319], [0.039489527324462315, -0.002829313393952543, -0.009430714304459421, -0.0056922958379611475, -0.006421424263612454, -0.0027182377551161867, -0.001520469634630356, -0.009592329697681843, -0.011513195157768503, -0.008845321506802487, -0.004742166284621697, -0.0011199260569713808, -0.01342378210542474, 2.547623792724591, -0.019873854229534763, -0.005273845096973689, -0.013017045077736903, -0.0018878481800531], [0.08552473645951578, -0.009370440912021393, -0.012707252686367682, -0.004880488716475359, -0.023430618087966877, -0.0007907396394014771, -0.01317543774218971, -0.01087874725979333, -0.015433236129623612, -0.013779922723783531, -0.009764891571488786, -0.011059711172650442, -0.0028419904239469743, -0.019873854229534763, 2.545851572638511, -0.012685582719044375, 0.0006451771914033591, -0.00034205277926533154], [0.061473128786787165, -0.0030993214588484006, -0.00866258068270384, -0.00643526392021754, -0.006676250685554186, 0.0023403129333368455, -0.00025367119724566817, -0.0031592635587404266, -0.012316184585494981, -0.009591900393549195, -0.004384491826839144, -0.007171707628436084, -0.009825818601199915, -0.005273845096973689, -0.012685582719044375, 2.545771741232878, -0.032445227035979074, -0.0032048599196816594], [0.039242116829150166, -0.007738403848784504, -0.003255678369111953, -0.006777231433030684, -0.010713817728880212, -0.008705840524375215, 0.01567001673847751, -0.01701259473038192, -0.004975909649401282, -0.014711657888166254, 0.0005713688181851804, -0.004153166805866293, -0.01884581787704342, -0.013017045077736903, 0.0006451771914033591, -0.032445227035979074, 2.572660909181616, 0.018513210339750123], [-0.03437462937853272, -0.0028410685407789502, 0.0013563896716076386, -0.003873795556594085, 0.0026777272623418414, -0.0016493673857923322, 0.014300062790452425, 0.0012647364225352078, -0.001994145091021, -0.0016388877233032347, -0.0038868778176529522, 0.00015082054741751203, -0.008402705382991319, -0.0018878481800531, -0.00034205277926533154, -0.0032048599196816594, 0.018513210339750123, 2.561010403890494]]",
    "monomial_list": "[1, x9, x8, x7, x6, x5, x4, x3, x2, x17, x16, x15, x14, x13, x12, x11, x10, x1]"
}