{
    "name": "Total Decomposition",
    "rational_expression": "447*x1**4/250 - 8707*x1**3*x2/100000 - 23*x1**3*x3/200 + 257*x1**3/200 + 3023*x1**2*x2**2/1000 + 1009*x1**2*x2*x3/1000000 + 629*x1**2*x2/500 + 3*x1**2*x3**2 + 651*x1**2*x3/500 + 443*x1**2/200 - 503*x1*x2**3/5000 - 527*x1*x2**2*x3/500000 + 1273*x1*x2**2/1000 - 2467*x1*x2*x3**2/1000000 + 2153*x1*x2*x3/10000000 + 2033*x1*x2/10000 - 1287*x1*x3**3/10000 + 53*x1*x3**2/40 - 1033*x1*x3/10000 - 379*x1/5000 + 911*x2**4/500 - 4657*x2**3*x3/50000 + 589*x2**3/500 + 378*x2**2*x3**2/125 + 127*x2**2*x3/100 + 2513*x2**2/1000 - 4563*x2*x3**3/50000 + 631*x2*x3**2/500 + 291*x2*x3/2000 - 123*x2/1000 + 1803*x3**4/1000 + 1163*x3**3/1000 + 287*x3**2/125 - 147*x3/1000 + 27/250",
    "Q": "[[0.10774500264999294, -0.07313069808267791, -0.06146605094703624, -0.03786534958745048, 0.013233303616180572, -0.04228828971038672, -0.05716457431499948, 0.02777995198816768, -0.03785024688927655, 0.004437987842998044], [-0.07313069808267791, 2.2693018575986255, 0.11554556779050099, 0.005009343062186672, 0.580525032419057, 0.32924836155426385, 0.3710367476622035, 0.27146073878459653, -0.010555626118397464, 0.29272714196885374], [-0.06146605094703624, 0.11554556779050099, 2.4577236279065637, 0.1399410610509798, 0.3018169742767221, 0.36257111068824827, 0.011606711192775449, 0.5893653276558182, 0.36329878471974836, 0.310813949609706], [-0.03786534958745048, 0.005009343062186672, 0.1399410610509798, 2.206412980432843, 0.29157848338846254, -0.003121790371215429, 0.358219485265544, 0.27361839385739284, 0.31949099059390873, 0.642833857387033], [0.013233303616180572, 0.580525032419057, 0.3018169742767221, 0.29157848338846254, 1.803065775470798, -0.04614311993609083, -0.06500964353382523, 0.2841124612921356, 0.01292791707243497, 0.28430143672226893], [-0.04228828971038672, 0.32924836155426385, 0.36257111068824827, -0.003121790371215429, -0.04614311993609083, 2.454958883431201, -0.014512411127471826, -0.04784451281012547, -0.019844446852056642, 0.018392652869366866], [-0.05716457431499948, 0.3710367476622035, 0.011606711192775449, 0.358219485265544, -0.06500964353382523, -0.014512411127471826, 2.429712786679282, 0.018510223391510466, -0.01754464065062291, -0.0581544651310951], [0.02777995198816768, 0.27146073878459653, 0.5893653276558182, 0.27361839385739284, 0.2841124612921356, -0.04784451281012547, 0.018510223391510466, 1.8224420732948612, -0.050091315428072346, 0.29039664867108317], [-0.03785024688927655, -0.010555626118397464, 0.36329878471974836, 0.31949099059390873, 0.01292791707243497, -0.019844446852056642, -0.01754464065062291, -0.050091315428072346, 2.443474576436713, -0.04338522797066309], [0.004437987842998044, 0.29272714196885374, 0.310813949609706, 0.642833857387033, 0.28430143672226893, 0.018392652869366866, -0.0581544651310951, 0.29039664867108317, -0.04338522797066309, 1.7884682304613644]]",
    "monomial_list": "[1, x3, x2, x1, x3**2, x2*x3, x1*x3, x2**2, x1*x2, x1**2]"
}