{
    "name": "Total Decomposition",
    "rational_expression": "611*x1**4/200 - 2193*x1**3*x2/10000 - 383*x1**3*x3/1250 + 3347*x1**3/1000 + 1373*x1**2*x2**2/250 - 4729*x1**2*x2*x3/50000 + 571*x1**2*x2/250 + 5433*x1**2*x3**2/1000 + 2301*x1**2*x3/1000 + 2889*x1**2/1000 - 259*x1*x2**3/500 - 1187*x1*x2**2*x3/10000 + 3263*x1*x2**2/1000 - 8633*x1*x2*x3**2/100000 - 293*x1*x2*x3/1000 + 2623*x1*x2/10000 - 5163*x1*x3**3/10000 + 31*x1*x3**2/10 + 4639*x1*x3/100000 + 459*x1/1000 + 3417*x2**4/1000 - 6261*x2**3*x3/10000 + 1669*x2**3/1000 + 5553*x2**2*x3**2/1000 + 447*x2**2*x3/125 + 4861*x2**2/1000 - 2199*x2*x3**3/5000 + 3037*x2*x3**2/1000 - 183*x2*x3/100 - 83*x2/125 + 1647*x3**4/500 + 1219*x3**3/500 + 1001*x3**2/250 - 307*x3/1000 + 28/125",
    "Q": "[[0.22410866152405748, -0.1536079141877206, -0.3317374932326278, 0.2293476678800977, -0.06988760238292926, -0.26578257160472996, -0.0982332058758048, 0.0275309325656164, -0.10024552598329199, -0.08664056446492108], [-0.1536079141877206, 4.144528857362811, -0.6503749267672579, 0.12088822353182006, 1.2176971967269095, 0.8626275292983391, 0.9312671717141247, 0.6794025749186731, -0.09049851106746643, 0.5932410742873904], [-0.3317374932326278, -0.6503749267672579, 4.806751809737388, 0.2296228908948521, 0.657536739383557, 1.1062150259231154, -0.11622154435947256, 0.8332779060231869, 1.0074785331300031, 0.6355133412325371], [0.2293476678800977, 0.12088822353182006, 0.2296228908948521, 3.0621920598943313, 0.6177440732958258, 0.05920787370085148, 0.5570304863849648, 0.6232393309217409, 0.5058562232780921, 1.6734700508033022], [-0.06988760238292926, 1.2176971967269095, 0.657536739383557, 0.6177440732958258, 3.2924533915380194, -0.22010077362604888, -0.25945212661691536, 0.4180638750801523, -0.006286000482157551, 0.568262113208793], [-0.26578257160472996, 0.8626275292983391, 1.1062150259231154, 0.05920787370085148, -0.22010077362604888, 4.714451021845048, -0.036084764433917275, -0.3114798789361373, -0.031955950929363104, 0.160865176548488], [-0.0982332058758048, 0.9312671717141247, -0.11622154435947256, 0.5570304863849648, -0.25945212661691536, -0.036084764433917275, 4.295314763696029, -0.02653580012354265, -0.2075148423055803, -0.151725728714806], [0.0275309325656164, 0.6794025749186731, 0.8332779060231869, 0.6232393309217409, 0.4180638750801523, -0.3114798789361373, -0.02653580012354265, 3.415133458740311, -0.26064773859310086, 0.531617299468678], [-0.10024552598329199, -0.09049851106746643, 1.0074785331300031, 0.5058562232780921, -0.006286000482157551, -0.031955950929363104, -0.2075148423055803, -0.26064773859310086, 4.425277735072477, -0.10899428075839253], [-0.08664056446492108, 0.5932410742873904, 0.6355133412325371, 1.6734700508033022, 0.568262113208793, 0.160865176548488, -0.151725728714806, 0.531617299468678, -0.10899428075839253, 3.0544550530819228]]",
    "monomial_list": "[1, x3, x2, x1, x3**2, x2*x3, x1*x3, x2**2, x1*x2, x1**2]"
}