{
    "name": "Total Decomposition",
    "rational_expression": "4747*x1**4/100000 - 1421*x1**3*x2/10000 - 3433*x1**3/10000 + 1393*x1**2*x2**2/5000 - 1513*x1**2*x2/5000 + 361*x1**2/250 + 2671*x1*x2**3/5000 - 9*x1*x2**2/25 + 897*x1*x2/1250 - 1323*x1/1000 + 377*x2**4/400 - 1697*x2**3/2500 + 607*x2**2/250 - 1027*x2/1000 + 1901/1000",
    "Q": "[[1.9014437718794064, -0.5138869097069794, -0.6614438356653535, 0.6552509167857892, 0.16614424767346692, 0.020306769317923398], [-0.5138869097069794, 1.1169313258600206, 0.19372094432904446, -0.33896041565067603, -0.06432210858786555, -0.02385012123260061], [-0.6614438356653535, 0.19372094432904446, 1.4028037798739368, -0.11561023513444901, -0.12680478539194215, -0.1711580646665811], [0.6552509167857892, -0.33896041565067603, -0.11561023513444901, 0.9421381807484726, 0.267614124582245, -0.07234943256772039], [0.16614424767346692, -0.06432210858786555, -0.12680478539194215, 0.267614124582245, 0.42355318706932177, -0.07129229473759031], [0.020306769317923398, -0.02385012123260061, -0.1711580646665811, -0.07234943256772039, -0.07129229473759031, 0.04743671434487744]]",
    "monomial_list": "[1, x2, x1, x2**2, x1*x2, x1**2]"
}