{
    "name": "Total Decomposition",
    "rational_expression": "0",
    "Q": "[[7.49909262491295e-09, -2.0399523955087853e-08, -2.0493104463517582e-08, -2.0289457137070806e-08, 1.7020640672067583e-08, 6.612080599797937e-09, 6.631017814843219e-09, 1.715516632708543e-08, 6.605703770079327e-09, 1.6800687791957484e-08, 2.2274960563375795e-09, -6.714532705269553e-10, -6.856388760926828e-10, -6.850167155589467e-10, -1.631994942182176e-09, -6.755421301118137e-10, 2.212014133339309e-09, -6.889739788914099e-10, -6.751642592660758e-10, 2.245455083458857e-09], [-2.0399523955087853e-08, 2.469466850035686e-07, -6.9331362544983665e-09, -7.0245872892421315e-09, -2.705687128230217e-07, -2.3394628441332712e-08, -2.3554350646403105e-08, 2.4662611058092175e-08, 5.308611476548232e-10, 2.456727726391053e-08, -7.3894994936148005e-09, 1.0217849175413973e-08, 1.0224130847727646e-08, -4.714516657007499e-09, 3.836928021560406e-09, -4.852512921426222e-09, -8.65151720085905e-09, -1.6854745744486316e-09, -1.6483045282002118e-09, -8.751418856655873e-09], [-2.0493104463517582e-08, -6.9331362544983665e-09, 2.5029033062763975e-07, -6.340535678131864e-09, 2.477533710856646e-08, -2.366119135667907e-08, 2.567560572549111e-10, -2.7457617782819066e-07, -2.3668804702075397e-08, 2.424899923703933e-08, -8.792873818414049e-09, -4.896434649353431e-09, -1.719481003548024e-09, 1.026091033891141e-08, 3.881935630434877e-09, -1.6766624274987582e-09, -7.3823764595162055e-09, 1.0247430399783187e-08, -4.912196893328736e-09, -8.846350985508311e-09], [-2.0289457137070806e-08, -7.0245872892421315e-09, -6.340535678131864e-09, 2.4498717003268544e-07, 2.4575208155838945e-08, 4.24186723128582e-10, -2.316844184499539e-08, 2.4085600461379723e-08, -2.313306925309075e-08, -2.675134827317745e-07, -8.627173441398786e-09, -1.7081760756659366e-09, -4.7264106496165635e-09, -1.6656167405577381e-09, 3.969949576066711e-09, 1.0187949822662698e-08, -8.582891037230064e-09, -4.661343359188303e-09, 1.020433465163033e-08, -7.441762905376942e-09], [1.7020640672067583e-08, -2.705687128230217e-07, 2.477533710856646e-08, 2.4575208155838945e-08, 3.2609772454217006e-07, -3.607404272394934e-09, -3.585959420179967e-09, -3.6654475703040596e-08, -7.020324049632148e-09, -3.619385516746955e-08, -1.3146356888424332e-20, -8.370122604139039e-09, -8.358312198236863e-09, 1.2837885498879035e-08, 2.636442690216952e-10, 1.299637305029691e-08, 8.345255796003588e-09, 7.900077053476069e-10, 7.386625397031158e-10, 8.445165824731763e-09], [6.612080599797937e-09, -2.3394628441332712e-08, -2.366119135667907e-08, 4.24186723128582e-10, -3.607404272394934e-09, 1.0730154376788346e-07, 6.800009780970756e-09, -3.62091115747788e-09, 6.404011997252284e-09, -6.9688397006558215e-09, 8.386275454588891e-09, -2.1340381923211524e-08, 3.859838883111446e-11, -2.135148128878678e-08, -9.180912567018484e-09, 3.785588025432384e-09, 8.401587478174033e-09, 1.035730541496857e-10, 3.811629244493996e-09, -2.99767990836834e-10], [6.631017814843219e-09, -2.3554350646403105e-08, 2.567560572549111e-10, -2.316844184499539e-08, -3.585959420179967e-09, 6.800009780970756e-09, 1.055006018328986e-07, -6.8702364970692955e-09, 6.492236299428686e-09, -3.678275630385283e-09, 8.358312198226715e-09, 9.655712472573851e-12, -2.127482093371251e-08, 3.757938738166096e-09, -9.159645926258268e-09, -2.1279834753065672e-08, -2.6988521482215335e-10, 3.786613085072996e-09, 7.829667879305363e-11, 8.345683036894585e-09], [1.715516632708543e-08, 2.4662611058092175e-08, -2.7457617782819066e-07, 2.4085600461379723e-08, -3.6654475703040596e-08, -3.62091115747788e-09, -6.8702364970692955e-09, 3.312955250834871e-07, -3.4404190243062396e-09, -3.619665564237051e-08, 8.502496424351043e-09, 1.3063827695818432e-08, 8.464065258172008e-10, -8.379924058889238e-09, 2.4322035316382814e-10, 7.670685558239568e-10, 2.6133499893970696e-21, -8.376037624077152e-09, 1.305900551549854e-08, 8.547455367253458e-09], [6.605703770079327e-09, 5.308611476548232e-10, -2.3668804702075397e-08, -2.313306925309075e-08, -7.020324049632148e-09, 6.404011997252284e-09, 6.492236299428686e-09, -3.4404190243062396e-09, 1.0609935580819442e-07, -3.3587972407819625e-09, -3.1189837027961316e-10, 3.786559597693453e-09, 3.7765242612152376e-09, 8.316025658360907e-11, -9.166373403797567e-09, 1.086121638503587e-10, 8.37603762406336e-09, -2.128918014084157e-08, -2.1278114516035067e-08, 8.376460438585834e-09], [1.6800687791957484e-08, 2.456727726391053e-08, 2.424899923703933e-08, -2.675134827317745e-07, -3.619385516746955e-08, -6.9688397006558215e-09, -3.678275630385283e-09, -3.619665564237051e-08, -3.3587972407819625e-09, 3.2101463423600526e-07, 8.278447883426006e-09, 8.58871099970296e-10, 1.2834668928316415e-08, 8.010625183981061e-10, 1.1285914823252909e-10, -8.34568303690302e-09, 8.230174625338121e-09, 1.2730659148782845e-08, -8.376460438608352e-09, 5.0510130191562605e-21], [2.2274960563375795e-09, -7.3894994936148005e-09, -8.792873818414049e-09, -8.627173441398786e-09, -1.3146356888424332e-20, 8.386275454588891e-09, 8.358312198226715e-09, 8.502496424351043e-09, -3.1189837027961316e-10, 8.278447883426006e-09, 7.498976162826042e-09, 2.166341929363793e-11, 5.212353007747026e-21, -4.555216751370893e-09, -2.87841903074845e-10, -4.543804853866713e-09, 3.077027038046746e-10, 3.755775346922207e-10, 3.776760186757622e-10, 3.205660864280124e-10], [-6.714532705269553e-10, 1.0217849175413973e-08, -4.896434649353431e-09, -1.7081760756659366e-09, -8.370122604139039e-09, -2.1340381923211524e-08, 9.655712472573851e-12, 1.3063827695818432e-08, 3.786559597693453e-09, 8.58871099970296e-10, 2.166341929363793e-11, 1.660691263925641e-08, 4.263743778529901e-10, -3.0770270380823435e-10, 2.464163720014044e-10, -6.363608961876997e-10, -4.552087808728171e-09, -6.102897963469698e-10, -2.350215641429225e-09, 3.5842434115663294e-10], [-6.856388760926828e-10, 1.0224130847727646e-08, -1.719481003548024e-09, -4.7264106496165635e-09, -8.358312198236863e-09, 3.859838883111446e-11, -2.127482093371251e-08, 8.464065258172008e-10, 3.7765242612152376e-09, 1.2834668928316415e-08, 5.212353007747026e-21, 4.263743778529901e-10, 1.658658587055289e-08, -6.219939066915714e-10, 2.586848775104134e-10, -3.205660864314503e-10, 3.518068078493854e-10, -2.358322914900128e-09, -6.072488446026092e-10, -4.5415622607191784e-09], [-6.850167155589467e-10, -4.714516657007499e-09, 1.026091033891141e-08, -1.6656167405577381e-09, 1.2837885498879035e-08, -2.135148128878678e-08, 3.757938738166096e-09, -8.379924058889238e-09, 8.316025658360907e-11, 8.010625183981061e-10, -4.555216751370893e-09, -3.0770270380823435e-10, -6.219939066915714e-10, 1.6603151780290766e-08, 2.5848298849790396e-10, -2.348262984174237e-09, -1.9197659816258997e-22, 3.2878733868993306e-10, -6.277177111713396e-10, 3.7893561243337937e-10], [-1.631994942182176e-09, 3.836928021560406e-09, 3.881935630434877e-09, 3.969949576066711e-09, 2.636442690216952e-10, -9.180912567018484e-09, -9.159645926258268e-09, 2.4322035316382814e-10, -9.166373403797567e-09, 1.1285914823252909e-10, -2.87841903074845e-10, 2.464163720014044e-10, 2.586848775104134e-10, 2.5848298849790396e-10, 2.161257924381111e-08, 2.4882450344608346e-10, -3.287873386946692e-10, 2.4729183400696827e-10, 2.406451695371152e-10, -3.3576477306530877e-10], [-6.755421301118137e-10, -4.852512921426222e-09, -1.6766624274987582e-09, 1.0187949822662698e-08, 1.299637305029691e-08, 3.785588025432384e-09, -2.1279834753065672e-08, 7.670685558239568e-10, 1.086121638503587e-10, -8.34568303690302e-09, -4.543804853866713e-09, -6.363608961876997e-10, -3.205660864314503e-10, -2.348262984174237e-09, 2.4882450344608346e-10, 1.6582100684264566e-08, 3.8042587718080154e-10, -6.195807819647389e-10, 3.3576477305698553e-10, 3.038673962420444e-21], [2.212014133339309e-09, -8.65151720085905e-09, -7.3823764595162055e-09, -8.582891037230064e-09, 8.345255796003588e-09, 8.401587478174033e-09, -2.6988521482215335e-10, 2.6133499893970696e-21, 8.37603762406336e-09, 8.230174625338121e-09, 3.077027038046746e-10, -4.552087808728171e-09, 3.518068078493854e-10, -1.9197659816258997e-22, -3.287873386946692e-10, 3.8042587718080154e-10, 7.49897616282111e-09, -1.1591195409800048e-21, -4.549784060039122e-09, 3.2065068022576613e-10], [-6.889739788914099e-10, -1.6854745744486316e-09, 1.0247430399783187e-08, -4.661343359188303e-09, 7.900077053476069e-10, 1.035730541496857e-10, 3.786613085072996e-09, -8.376037624077152e-09, -2.128918014084157e-08, 1.2730659148782845e-08, 3.755775346922207e-10, -6.102897963469698e-10, -2.358322914900128e-09, 3.2878733868993306e-10, 2.4729183400696827e-10, -6.195807819647389e-10, -1.1591195409800048e-21, 1.6598544282907217e-08, -3.2065068021886377e-10, -4.548241335204176e-09], [-6.751642592660758e-10, -1.6483045282002118e-09, -4.912196893328736e-09, 1.020433465163033e-08, 7.386625397031158e-10, 3.811629244493996e-09, 7.829667879305363e-11, 1.305900551549854e-08, -2.1278114516035067e-08, -8.376460438608352e-09, 3.776760186757622e-10, -2.350215641429225e-09, -6.072488446026092e-10, -6.277177111713396e-10, 2.406451695371152e-10, 3.3576477305698553e-10, -4.549784060039122e-09, -3.2065068021886377e-10, 1.6595458833225405e-08, -4.904879817833975e-22], [2.245455083458857e-09, -8.751418856655873e-09, -8.846350985508311e-09, -7.441762905376942e-09, 8.445165824731763e-09, -2.99767990836834e-10, 8.345683036894585e-09, 8.547455367253458e-09, 8.376460438585834e-09, 5.0510130191562605e-21, 3.205660864280124e-10, 3.5842434115663294e-10, -4.5415622607191784e-09, 3.7893561243337937e-10, -3.3576477306530877e-10, 3.038673962420444e-21, 3.2065068022576613e-10, -4.548241335204176e-09, -4.904879817833975e-22, 7.498976162821033e-09]]",
    "monomial_list": "[1, x3, x2, x1, x3**2, x2*x3, x1*x3, x2**2, x1*x2, x1**2, x3**3, x2*x3**2, x1*x3**2, x2**2*x3, x1*x2*x3, x1**2*x3, x2**3, x1*x2**2, x1**2*x2, x1**3]"
}