{
    "name": "Total Decomposition",
    "rational_expression": "2943*x1**4/1000 + 1143*x1**3*x2/10000 - 603*x1**3/1250 + 471*x1**2*x2**2/100 - 4321*x1**2*x2/10000 + 3169*x1**2/1000 - 4187*x1*x2**3/100000 - 597*x1*x2**2/2000 - 457*x1*x2/250 + 1577*x1/1000 + 107*x2**4/40 + 8207*x2**3/100000 + 63*x2**2/40 - 57*x2/20 + 2629/500",
    "Q": "[[5.2581207558738035, -1.4272893967329598, 0.7883209414032136, -0.8006539715137404, -0.45988568089524845, -0.15025137862546362], [-1.4272893967329598, 3.1742428565439176, -0.45509208562494674, 0.04312086122033261, 0.05002293837130016, -0.016933727513142732], [0.7883209414032136, -0.45509208562494674, 3.4726831071663, -0.19896919961123022, -0.2007872524589969, -0.24157029941653546], [-0.8006539715137404, 0.04312086122033261, -0.19896919961123022, 2.6756879709149395, -0.02103332166265707, 0.3162776038722883], [-0.45988568089524845, 0.05002293837130016, -0.2007872524589969, -0.02103332166265707, 4.075065934213657, 0.057749844049254984], [-0.15025137862546362, -0.016933727513142732, -0.24157029941653546, 0.3162776038722883, 0.057749844049254984, 2.9429056140143697]]",
    "monomial_list": "[1, x2, x1, x2**2, x1*x2, x1**2]"
}