{
    "name": "Multiplier-2",
    "rational_expression": "5327*x1**2/500 + 21327*x1*x10/500000 + 4261*x1*x11/100000 + 1727*x1*x12/40000 + 4217*x1*x13/200000 + 5411*x1*x2/50000 + 42487*x1*x3/1000000 + 42349*x1*x4/1000000 + 4271*x1*x5/100000 + 42263*x1*x6/1000000 + 20801*x1*x7/1000000 + 42563*x1*x8/1000000 + 1037*x1*x9/50000 - 17089*x1/50000 + 10641*x10**2/1000 + 21753*x10*x11/1000000 + 10893*x10*x12/500000 + 10841*x10*x13/500000 + 6973*x10*x2/250000 + 5427*x10*x3/250000 + 21639*x10*x4/1000000 + 10799*x10*x5/500000 + 5399*x10*x6/250000 + 21567*x10*x7/1000000 + 10757*x10*x8/500000 + 2691*x10*x9/125000 + 24573*x10/500000 + 10641*x11**2/1000 + 10893*x11*x12/500000 + 10841*x11*x13/500000 + 6973*x11*x2/250000 + 5427*x11*x3/250000 + 21639*x11*x4/1000000 + 10799*x11*x5/500000 + 5399*x11*x6/250000 + 21567*x11*x7/1000000 + 10757*x11*x8/500000 + 2691*x11*x9/125000 + 24573*x11/500000 + 10647*x12**2/1000 + 869*x12*x13/40000 + 13821*x12*x2/250000 + 21591*x12*x3/500000 + 21633*x12*x4/1000000 + 43057*x12*x5/1000000 + 337*x12*x6/15625 + 21539*x12*x7/1000000 + 10733*x12*x8/250000 + 10739*x12*x9/500000 + 24573*x12/1000000 + 5319*x13**2/500 + 27871*x13*x2/1000000 + 21687*x13*x3/1000000 + 10809*x13*x4/500000 + 2697*x13*x5/125000 + 863*x13*x6/40000 + 14203*x13*x7/100000000 + 10757*x13*x8/500000 + 2691*x13*x9/125000 + 24573*x13/500000 + 13577*x2**2/1000 + 21753*x2*x3/500000 + 43327*x2*x4/1000000 + 64011*x2*x5/1000000 + 2161*x2*x6/50000 + 21757*x2*x7/1000000 + 3989*x2*x8/62500 + 5419*x2*x9/250000 + 3053*x2/25000 + 10643*x3**2/1000 + 21683*x3*x4/1000000 + 21541*x3*x5/500000 + 10809*x3*x6/500000 + 5397*x3*x7/250000 + 42957*x3*x8/1000000 + 2691*x3*x9/125000 + 24573*x3/500000 + 10641*x4**2/1000 + 10799*x4*x5/500000 + 5399*x4*x6/250000 + 21567*x4*x7/1000000 + 10757*x4*x8/500000 + 2691*x4*x9/125000 + 24573*x4/500000 + 2129*x5**2/200 + 337*x5*x6/15625 + 21539*x5*x7/1000000 + 10733*x5*x8/250000 + 10739*x5*x9/500000 + 24573*x5/1000000 + 10641*x6**2/1000 + 21567*x6*x7/1000000 + 10757*x6*x8/500000 + 2691*x6*x9/125000 + 24573*x6/500000 + 10637*x7**2/1000 + 10757*x7*x8/500000 + 2691*x7*x9/125000 + 24573*x7/500000 + 5323*x8**2/500 + 10739*x8*x9/500000 + 24573*x8/1000000 + 10639*x9**2/1000 + 24573*x9/500000 + 61/5",
    "Q": "[[12.199767308647079, 0.02599123284897382, 0.015409609802401044, 0.029606469403329817, 0.02298039605355665, 0.015918153957799393, 0.0230518567783887, 0.018841492094131714, 0.05559571762891543, 0.027453349516446998, 0.014140508963857677, 0.02206603430461922, 0.022866708041606874, -0.1660498356041159], [0.02599123284897382, 10.638917070390995, 0.012154920852811309, 0.005726331180577674, 0.008727879345569184, 0.011923261351324103, 0.008695563072705987, 0.010597850530744577, 0.015331881105278548, 0.006700262787047404, 0.01273510141696724, 0.009141175510862378, 0.008779286631811916, 0.015301965271237498], [0.015409609802401044, 0.012154920852811309, 10.645897573852956, 0.009474772266216682, 0.014368668754990778, 0.019494287746761256, 0.014316431678835827, 0.01737688264844368, 0.02879805331358832, 0.011070376966075149, 0.020786435319362386, 0.015035935096428163, 0.014451746180328203, 0.024895577575056168], [0.029606469403329817, 0.005726331180577674, 0.009474772266216682, 10.637017527111158, 0.00679092637450334, 0.00929302938021346, 0.00676568091191691, 0.008253937017244129, 0.01080483088997613, 0.005208126685244301, 0.00993005259939135, 0.007113912988712315, 0.006831088545875525, 0.012009454550871723], [0.02298039605355665, 0.008727879345569184, 0.014368668754990778, 0.00679092637450334, 10.640699216203677, 0.014096677990030459, 0.010299867573040848, 0.01253937092085099, 0.019130326034980206, 0.007942928355126368, 0.015049644428182808, 0.01082501924118034, 0.010398563419503995, 0.01803379250574762], [0.015918153957799393, 0.011923261351324103, 0.019494287746761256, 0.00929302938021346, 0.014096677990030459, 10.645517530736095, 0.014045383513834366, 0.01705127347230009, 0.028135217579294484, 0.010858803227817005, 0.02040143191653265, 0.014751939949241472, 0.014178257169552221, 0.024430504283727866], [0.0230518567783887, 0.008695563072705987, 0.014316431678835827, 0.00676568091191691, 0.010299867573040848, 0.014045383513834366, 10.640654954128252, 0.012493501928397486, 0.019040164858904543, 0.007913470352658939, 0.01499505287945558, 0.010785190806297484, 0.010360250619531695, 0.01796914393559245], [0.018841492094131714, 0.010597850530744577, 0.01737688264844368, 0.008253937017244129, 0.01253937092085099, 0.01705127347230009, 0.012493501928397486, 10.643418291797785, 0.02437341024507855, 0.009648688782563853, 0.018191691602336985, 0.013125513367033225, 0.01261232582933011, 0.02177445158526256], [0.05559571762891543, 0.015331881105278548, 0.02879805331358832, 0.01080483088997613, 0.019130326034980206, 0.028135217579294484, 0.019040164858904543, 0.02437341024507855, 13.576061300654011, 0.013486592776863588, 0.030466371431104373, 0.020284481102244463, 0.019273774031958357, 0.05088561113417907], [0.027453349516446998, 0.006700262787047404, 0.011070376966075149, 0.005208126685244301, 0.007942928355126368, 0.010858803227817005, 0.007913470352658939, 0.009648688782563853, 0.013486592776863588, 10.638115711402062, 0.011600316892941071, 0.00831973801457647, 0.007989790475860133, 0.013968203927985551], [0.014140508963857677, 0.01273510141696724, 0.020786435319362386, 0.00993005259939135, 0.015049644428182808, 0.02040143191653265, 0.01499505287945558, 0.018191691602336985, 0.030466371431104373, 0.011600316892941071, 10.646865230447967, 0.015746890699850958, 0.015136464122873214, 0.02606179302875231], [0.02206603430461922, 0.009141175510862378, 0.015035935096428163, 0.007113912988712315, 0.01082501924118034, 0.014751939949241472, 0.010785190806297484, 0.013125513367033225, 0.020284481102244463, 0.00831973801457647, 0.015746890699850958, 10.641273755281883, 0.010888370997028572, 0.018860474531965328], [0.022866708041606874, 0.008779286631811916, 0.014451746180328203, 0.006831088545875525, 0.010398563419503995, 0.014178257169552221, 0.010360250619531695, 0.01261232582933011, 0.019273774031958357, 0.007989790475860133, 0.015136464122873214, 0.010888370997028572, 10.640769825778241, 0.018136629208623623], [-0.1660498356041159, 0.015301965271237498, 0.024895577575056168, 0.012009454550871723, 0.01803379250574762, 0.024430504283727866, 0.01796914393559245, 0.02177445158526256, 0.05088561113417907, 0.013968203927985551, 0.02606179302875231, 0.018860474531965328, 0.018136629208623623, 10.654151414642705]]",
    "monomial_list": "[1, x9, x8, x7, x6, x5, x4, x3, x2, x13, x12, x11, x10, x1]"
}