{
    "name": "Multiplier-13",
    "rational_expression": "2123*x1**2/200 - 76833*x1*x10/100000000 - 76833*x1*x11/100000000 - 86199*x1*x12/100000000 + 40177*x1*x13/500000 - 21249*x1*x2/25000000 - 21249*x1*x3/25000000 - 21249*x1*x4/25000000 - 47531*x1*x5/50000000 - 21249*x1*x6/25000000 - 76049*x1*x7/100000000 - 47531*x1*x8/50000000 - 76049*x1*x9/100000000 - 1181*x1/12500 + 5311*x10**2/500 + 19511*x10*x11/10000000 + 67*x10*x12/31250 + 14507*x10*x13/500000 + 4809*x10*x2/2500000 + 4809*x10*x3/2500000 + 4809*x10*x4/2500000 + 21249*x10*x5/10000000 + 4809*x10*x6/2500000 + 16999*x10*x7/10000000 + 21249*x10*x8/10000000 + 16999*x10*x9/10000000 + 10593*x10/50000 + 5311*x11**2/500 + 67*x11*x12/31250 + 14507*x11*x13/500000 + 4809*x11*x2/2500000 + 4809*x11*x3/2500000 + 4809*x11*x4/2500000 + 21249*x11*x5/10000000 + 4809*x11*x6/2500000 + 16999*x11*x7/10000000 + 21249*x11*x8/10000000 + 16999*x11*x9/10000000 + 10593*x11/50000 + 1328*x12**2/125 + 29201*x12*x13/1000000 + 4233*x12*x2/2000000 + 4233*x12*x3/2000000 + 4233*x12*x4/2000000 + 11729*x12*x5/5000000 + 4233*x12*x6/2000000 + 18873*x12*x7/10000000 + 11729*x12*x8/5000000 + 18873*x12*x9/10000000 + 23441*x12/100000 + 6781*x13**2/500 + 5773*x13*x2/250000 + 11547*x13*x3/500000 + 5773*x13*x4/250000 + 22347*x13*x5/500000 + 5773*x13*x6/250000 + 1521*x13*x7/1000000 + 22347*x13*x8/500000 + 22913*x13*x9/1000000 + 1181*x13/6250 + 5311*x2**2/500 + 4809*x2*x3/2500000 + 4809*x2*x4/2500000 + 21249*x2*x5/10000000 + 4809*x2*x6/2500000 + 16999*x2*x7/10000000 + 21249*x2*x8/10000000 + 16999*x2*x9/10000000 + 10593*x2/50000 + 10623*x3**2/1000 + 4809*x3*x4/2500000 + 21249*x3*x5/10000000 + 4809*x3*x6/2500000 + 16999*x3*x7/10000000 + 21249*x3*x8/10000000 + 16999*x3*x9/10000000 + 10593*x3/50000 + 5311*x4**2/500 + 21249*x4*x5/10000000 + 4809*x4*x6/2500000 + 16999*x4*x7/10000000 + 21249*x4*x8/10000000 + 16999*x4*x9/10000000 + 10593*x4/50000 + 1328*x5**2/125 + 21249*x5*x6/10000000 + 4753*x5*x7/2500000 + 11743*x5*x8/5000000 + 4753*x5*x9/2500000 + 23477*x5/100000 + 5311*x6**2/500 + 16999*x6*x7/10000000 + 21249*x6*x8/10000000 + 16999*x6*x9/10000000 + 10593*x6/50000 + 5311*x7**2/500 + 4753*x7*x8/2500000 + 1521*x7*x9/1000000 + 1181*x7/6250 + 1328*x8**2/125 + 4753*x8*x9/2500000 + 23477*x8/100000 + 5311*x9**2/500 + 1181*x9/6250 + 11727/1000",
    "Q": "[[11.726623223308994, 0.09908126473394993, 0.1158414863324527, 0.09102676885988767, 0.10481317188184322, 0.11521999253918482, 0.10468751820702886, 0.11134870735024825, 0.10538833139862519, 0.09163210176697595, 0.11733316181699836, 0.10637975125484227, 0.10501209772823254, -0.04119215770100213], [0.09908126473394993, 10.622143955317373, -0.003801721518961971, -0.00418658904837392, -0.00438989739352353, -0.003864701543429145, -0.004391570641010749, -0.004163954537599372, -0.00438111678538756, 0.008347200328318045, -0.0036308641008097543, -0.004361499906409821, -0.004387070198452929, -0.004508371279227442], [0.1158414863324527, -0.003801721518961971, 10.623807846527422, -0.004017366642879204, -0.003407220833022394, -0.0018014976793227146, -0.003418789096830167, -0.002572171100126344, -0.003352378749059109, 0.017815991170366967, -0.0012640867639955838, -0.0032502982424791878, -0.0033886063788121494, -0.002055575249486408], [0.09102676885988767, -0.00418658904837392, -0.004017366642879204, 10.622034325446235, -0.004282135099977677, -0.004054965638157168, -0.004281341736333105, -0.004218343280616819, -0.004284920848589665, 0.0052678932553930375, -0.003912122987707574, -0.004286340463522552, -0.00428325672658313, -0.004662299524965999], [0.10481317188184322, -0.00438989739352353, -0.003407220833022394, -0.004282135099977677, 10.622364632083215, -0.003492991863388897, -0.0043009437177681685, -0.003916216846606018, -0.004276631236292897, 0.010974276989675534, -0.0031778733979385574, -0.004236448126679983, -0.004290092672117586, -0.0041018619198423594], [0.11521999253918482, -0.003864701543429145, -0.0018014976793227146, -0.004054965638157168, -0.003492991863388897, 10.623666933455334, -0.0035040045712112977, -0.0026912775452872717, -0.003440728944684939, 0.017340354238720553, -0.0014238684001998164, -0.0033432385623645092, -0.003475262679718951, -0.0022350390772696922], [0.10468751820702886, -0.004391570641010749, -0.003418789096830167, -0.004281341736333105, -0.0043009437177681685, -0.0035040045712112977, 10.622357328159016, -0.003924189117745233, -0.0042810368796285855, 0.010911499354763269, -0.003190863369729421, -0.004241370541725709, -0.004294309170024177, -0.004114427495142614], [0.11134870735024825, -0.004163954537599372, -0.002572171100126344, -0.004218343280616819, -0.003916216846606018, -0.0026912775452872717, -0.003924189117745233, 10.622983057005149, -0.003878079868194979, 0.014658561890422122, -0.002257804980047742, -0.0038057715725499934, -0.003903334261168681, -0.0031522148947316217], [0.10538833139862519, -0.00438111678538756, -0.003352378749059109, -0.004284920848589665, -0.004276631236292897, -0.003440728944684939, -0.0042810368796285855, -0.003878079868194979, 10.622399837643849, 0.011265009799334268, -0.003116433387423032, -0.004212504587150396, -0.0042694389361969155, -0.004041963572075408], [0.09163210176697595, 0.008347200328318045, 0.017815991170366967, 0.0052678932553930375, 0.010974276989675534, 0.017340354238720553, 0.010911499354763269, 0.014658561890422122, 0.011265009799334268, 13.56178332662978, 0.01901706957024013, 0.01177966254071459, 0.011074198759652251, 0.036551022039229046], [0.11733316181699836, -0.0036308641008097543, -0.0012640867639955838, -0.003912122987707574, -0.0031778733979385574, -0.0014238684001998164, -0.003190863369729421, -0.002257804980047742, -0.003116433387423032, 0.01901706957024013, 10.624188640178348, -0.003002619812599799, -0.0031569938449750733, -0.0015821670112588391], [0.10637975125484227, -0.004361499906409821, -0.0032502982424791878, -0.004286340463522552, -0.004236448126679983, -0.0033432385623645092, -0.004241370541725709, -0.0038057715725499934, -0.004212504587150396, 0.01177966254071459, -0.003002619812599799, 10.622467781146899, -0.004228430926340085, -0.003929188391927291], [0.10501209772823254, -0.004387070198452929, -0.0033886063788121494, -0.00428325672658313, -0.004290092672117586, -0.003475262679718951, -0.004294309170024177, -0.003903334261168681, -0.0042694389361969155, 0.011074198759652251, -0.0031569938449750733, -0.004228430926340085, 10.622376475302296, -0.0040815906780976964], [-0.04119215770100213, -0.004508371279227442, -0.002055575249486408, -0.004662299524965999, -0.0041018619198423594, -0.0022350390772696922, -0.004114427495142614, -0.0031522148947316217, -0.004041963572075408, 0.036551022039229046, -0.0015821670112588391, -0.003929188391927291, -0.0040815906780976964, 10.615531904866678]]",
    "monomial_list": "[1, x9, x8, x7, x6, x5, x4, x3, x2, x13, x12, x11, x10, x1]"
}