{
    "name": "Multiplier-7",
    "rational_expression": "53*x1**2/5 - 2083*x1*x10/100000 - 20851*x1*x11/1000000 - 2603*x1*x12/125000 - 20977*x1*x13/1000000 - 4183*x1*x2/200000 - 1307*x1*x3/62500 - 10479*x1*x4/500000 - 4191*x1*x5/200000 - 10501*x1*x6/500000 + 27387*x1*x7/500000 - 21029*x1*x8/1000000 - 21123*x1*x9/1000000 + 23233*x1/1000000 + 1327*x10**2/125 - 17841*x10*x11/1000000 - 173*x10*x12/10000 - 17543*x10*x13/1000000 - 3581*x10*x2/200000 - 4411*x10*x3/250000 - 4487*x10*x4/250000 - 17687*x10*x5/1000000 - 17991*x10*x6/1000000 + 29761*x10*x7/1000000 - 17477*x10*x8/1000000 - 18337*x10*x9/1000000 + 27669*x10/100000 + 1327*x11**2/125 - 17299*x11*x12/1000000 - 18191*x11*x13/1000000 - 3581*x11*x2/200000 - 4411*x11*x3/250000 - 4487*x11*x4/250000 - 17687*x11*x5/1000000 - 17991*x11*x6/1000000 + 29761*x11*x7/1000000 - 17477*x11*x8/1000000 - 18337*x11*x9/1000000 + 27669*x11/100000 + 2123*x12**2/200 - 17679*x12*x13/1000000 - 271*x12*x2/15625 - 17039*x12*x3/1000000 - 17387*x12*x4/1000000 - 8541*x12*x5/500000 - 1743*x12*x6/100000 + 15091*x12*x7/500000 - 4207*x12*x8/250000 - 713*x12*x9/40000 + 6463*x12/20000 + 1327*x13**2/125 - 8781*x13*x2/500000 - 1797*x13*x3/100000 - 4401*x13*x4/250000 - 18013*x13*x5/1000000 - 8823*x13*x6/500000 + 1407*x13*x7/625000 - 8901*x13*x8/500000 - 17939*x13*x9/1000000 + 25381*x13/100000 + 1327*x2**2/125 - 4411*x2*x3/250000 - 4487*x2*x4/250000 - 17687*x2*x5/1000000 - 17991*x2*x6/1000000 + 29761*x2*x7/1000000 - 17477*x2*x8/1000000 - 18337*x2*x9/1000000 + 27669*x2/100000 + 2123*x3**2/200 - 4417*x3*x4/250000 - 3477*x3*x5/200000 - 17711*x3*x6/1000000 + 2997*x3*x7/100000 - 17153*x3*x8/1000000 - 9039*x3*x9/500000 + 3749*x3/12500 + 1327*x4**2/125 - 17687*x4*x5/1000000 - 17991*x4*x6/1000000 + 29761*x4*x7/1000000 - 17477*x4*x8/1000000 - 18337*x4*x9/1000000 + 27669*x4/100000 + 2123*x5**2/200 - 17711*x5*x6/1000000 + 2997*x5*x7/100000 - 17153*x5*x8/1000000 - 9039*x5*x9/500000 + 3749*x5/12500 + 1327*x6**2/125 + 29761*x6*x7/1000000 - 17477*x6*x8/1000000 - 18337*x6*x9/1000000 + 27669*x6/100000 + 13557*x7**2/1000 + 971*x7*x8/40000 + 2959*x7*x9/125000 + 521*x7/2500 + 2123*x8**2/200 - 713*x8*x9/40000 + 6463*x8/20000 + 2123*x9**2/200 + 25381*x9/100000 + 2307/200",
    "Q": "[[11.534976354789068, 0.1276354767765259, 0.1561362918434887, 0.10085191349849144, 0.1370617858886254, 0.15501968541031627, 0.13685212820085352, 0.14818765833720196, 0.13802332582107635, 0.12260194970543252, 0.1588406604711456, 0.13968813118572276, 0.13739399803630772, 0.008381777315524065], [0.1276354767765259, 10.615890272295221, -0.010014072350363766, 0.006557173818517766, -0.009304928333611018, -0.009997633611002976, -0.009293063426502698, -0.009820072798504864, -0.009358439184921347, -0.008349377096819799, -0.010037169319982973, -0.009447458745157377, -0.009323585295797101, -0.012114034029869684], [0.1561362918434887, -0.010014072350363766, 10.615121430690667, 0.014520592144492033, -0.010411299454300053, -0.010398271315017563, -0.010404919665938525, -0.010550324693759806, -0.010438964644675494, -0.009724230740956904, -0.010212839011012019, -0.010480487351612812, -0.010421155395343265, -0.012826815127888672], [0.10085191349849144, 0.006557173818517766, 0.014520592144492033, 13.556820281776101, 0.008763343109970033, 0.014119218572322392, 0.008710624965002968, 0.011859789850381868, 0.009007497903233786, 0.005496228781039229, 0.01553509392129981, 0.00943974631549703, 0.008847254739237384, 0.03215396354153206], [0.1370617858886254, -0.009304928333611018, -0.010411299454300053, 0.008763343109970033, 10.615431183520595, -0.010409821373167347, -0.009859254182549572, -0.010308334334028182, -0.009918932981894992, -0.008950669977898937, -0.010394856580842174, -0.009998994890479817, -0.009887201056652872, -0.012710681417055588], [0.15501968541031627, -0.009997633611002976, -0.010398271315017563, 0.014119218572322392, -0.010409821373167347, 10.615096039279667, -0.010403058087398987, -0.01057319390924414, -0.010439277839233185, -0.009701481787911989, -0.010268100569575153, -0.010484031267781945, -0.010420290143514444, -0.012874942746416115], [0.13685212820085352, -0.009293063426502698, -0.010404919665938525, 0.008710624965002968, -0.009859254182549572, -0.010403058087398987, 10.615440388392022, -0.010299585948805258, -0.009908190867421212, -0.00893852215193263, -0.01038948268741496, -0.009988511838941411, -0.009876367225202102, -0.012700461560829532], [0.14818765833720196, -0.009820072798504864, -0.010550324693759806, 0.011859789850381868, -0.010308334334028182, -0.01057319390924414, -0.010299585948805258, 10.615085724119385, -0.010347082438027235, -0.009492990243089531, -0.010470542736752363, -0.01040867023397704, -0.0103219783868533, -0.013000977148761025], [0.13802332582107635, -0.009358439184921347, -0.010438964644675494, 0.009007497903233786, -0.009918932981894992, -0.010439277839233185, -0.009908190867421212, -0.010347082438027235, 10.615389879303663, -0.009005576501531113, -0.010417827585034891, -0.010045908070673596, -0.00993577557279378, -0.012755555431784686], [0.12260194970543252, -0.008349377096819799, -0.009724230740956904, 0.005496228781039229, -0.008950669977898937, -0.009701481787911989, -0.00893852215193263, -0.009492990243089531, -0.009005576501531113, 10.616146084290255, -0.009764257984386454, -0.00909740408105033, -0.008969790830839363, -0.011700365260289898], [0.1588406604711456, -0.010037169319982973, -0.010212839011012019, 0.01553509392129981, -0.010394856580842174, -0.010268100569575153, -0.01038948268741496, -0.010470542736752363, -0.010417827585034891, -0.009764257984386454, 10.615216634191759, -0.010450900507704967, -0.01040310577489149, -0.012673666215479228], [0.13968813118572276, -0.009447458745157377, -0.010480487351612812, 0.00943974631549703, -0.009998994890479817, -0.010484031267781945, -0.009988511838941411, -0.01040867023397704, -0.010045908070673596, -0.00909740408105033, -0.010450900507704967, 10.615322273005706, -0.010015420895950745, -0.012825244901704202], [0.13739399803630772, -0.009323585295797101, -0.010421155395343265, 0.008847254739237384, -0.009887201056652872, -0.010420290143514444, -0.009876367225202102, -0.0103219783868533, -0.00993577557279378, -0.008969790830839363, -0.01040310577489149, -0.010015420895950745, 10.615416740375556, -0.012726558340982684], [0.008381777315524065, -0.012114034029869684, -0.012826815127888672, 0.03215396354153206, -0.012710681417055588, -0.012874942746416115, -0.012700461560829532, -0.013000977148761025, -0.012755555431784686, -0.011700365260289898, -0.012673666215479228, -0.012825244901704202, -0.012726558340982684, 10.600407176320056]]",
    "monomial_list": "[1, x9, x8, x7, x6, x5, x4, x3, x2, x13, x12, x11, x10, x1]"
}