{
    "name": "Multiplier-4",
    "rational_expression": "10651*x1**2/1000 + 42697*x1*x10/1000000 + 21327*x1*x11/500000 + 21437*x1*x12/500000 + 20827*x1*x13/1000000 + 21273*x1*x2/500000 + 42621*x1*x3/1000000 + 338*x1*x4/3125 + 42409*x1*x5/1000000 + 42307*x1*x6/1000000 + 20521*x1*x7/1000000 + 21131*x1*x8/500000 + 64*x1*x9/3125 - 7903*x1/25000 + 10639*x10**2/1000 + 21749*x10*x11/1000000 + 2729*x10*x12/125000 + 679*x10*x13/31250 + 5421*x10*x2/250000 + 10847*x10*x3/500000 + 27801*x10*x4/1000000 + 21643*x10*x5/1000000 + 2699*x10*x6/125000 + 21591*x10*x7/1000000 + 21559*x10*x8/1000000 + 21571*x10*x9/1000000 + 3061*x10/62500 + 10639*x11**2/1000 + 2729*x11*x12/125000 + 679*x11*x13/31250 + 5421*x11*x2/250000 + 10847*x11*x3/500000 + 27801*x11*x4/1000000 + 21643*x11*x5/1000000 + 2699*x11*x6/125000 + 21591*x11*x7/1000000 + 21559*x11*x8/1000000 + 21571*x11*x9/1000000 + 3061*x11/62500 + 2129*x12**2/200 + 1091*x12*x13/50000 + 1361*x12*x2/62500 + 1729*x12*x3/40000 + 55269*x12*x4/1000000 + 43123*x12*x5/1000000 + 21613*x12*x6/1000000 + 5403*x12*x7/250000 + 21499*x12*x8/500000 + 21571*x12*x9/1000000 + 3061*x12/62500 + 10637*x13**2/1000 + 2171*x13*x2/100000 + 543*x13*x3/25000 + 13949*x13*x4/500000 + 21669*x13*x5/1000000 + 10809*x13*x6/500000 + 23897*x13*x7/100000000 + 21607*x13*x8/1000000 + 10821*x13*x9/500000 + 36361*x13/500000 + 10639*x2**2/1000 + 10847*x2*x3/500000 + 27801*x2*x4/1000000 + 21643*x2*x5/1000000 + 2699*x2*x6/125000 + 21591*x2*x7/1000000 + 21559*x2*x8/1000000 + 21571*x2*x9/1000000 + 3061*x2/62500 + 10641*x3**2/1000 + 55141*x3*x4/1000000 + 21643*x3*x5/1000000 + 2699*x3*x6/125000 + 21591*x3*x7/1000000 + 21559*x3*x8/1000000 + 21571*x3*x9/1000000 + 3061*x3/62500 + 543*x4**2/40 + 64121*x4*x5/1000000 + 43211*x4*x6/1000000 + 5463*x4*x7/250000 + 31967*x4*x8/500000 + 2179*x4*x9/100000 + 1217*x4/10000 + 10643*x5**2/1000 + 21613*x5*x6/1000000 + 5403*x5*x7/250000 + 21499*x5*x8/500000 + 21571*x5*x9/1000000 + 3061*x5/62500 + 10639*x6**2/1000 + 21591*x6*x7/1000000 + 21559*x6*x8/1000000 + 21571*x6*x9/1000000 + 3061*x6/62500 + 2659*x7**2/250 + 4317*x7*x8/200000 + 1087*x7*x9/5000000 + 36361*x7/500000 + 2661*x8**2/250 + 21571*x8*x9/1000000 + 3061*x8/62500 + 10637*x9**2/1000 + 36361*x9/500000 + 6079/500",
    "Q": "[[12.158058074014177, 0.03245504515534081, 0.024279272383597582, 0.03503947835380217, 0.030214272052176576, 0.024688551903827516, 0.05930964587218261, 0.02701468070096478, 0.029963422358369844, 0.033512447937037705, 0.02325260664878621, 0.029518329632132505, 0.030128109365482453, -0.1549908382565299], [0.03245504515534081, 10.637417702750717, 0.010748531623058714, 0.0048381536392847185, 0.007562197057795981, 0.010531036658137276, 0.014621918577020622, 0.009292190131056083, 0.007699632877885515, 0.005714544641611844, 0.011294421126104756, 0.007942588259577218, 0.007609446945044987, 0.013549159011737942], [0.024279272383597582, 0.010748531623058714, 10.643930173062587, 0.008283715037889437, 0.012804584219719079, 0.01762721996634725, 0.027722593722768543, 0.01562534355774845, 0.013029933477436313, 0.009748040458243774, 0.018854877864288994, 0.013427727925343674, 0.01288208526641175, 0.02252617260951569], [0.03503947835380217, 0.0048381536392847185, 0.008283715037889437, 10.635677834911316, 0.005803531019670453, 0.00811397267566373, 0.010231782087618671, 0.007148168631102545, 0.005910143088004477, 0.0043727387477443935, 0.00870993115252288, 0.006098703783047074, 0.005840179408743818, 0.010531300243333087], [0.030214272052176576, 0.007562197057795981, 0.012804584219719079, 0.005803531019670453, 10.639062041534965, 0.0125483279258605, 0.018311434123729913, 0.0110872306039537, 0.009204329837300325, 0.006846873666108413, 0.01344747977070816, 0.009491978311628157, 0.009097513062043186, 0.016079160091786893], [0.024688551903827516, 0.010531036658137276, 0.01762721996634725, 0.00811397267566373, 0.0125483279258605, 10.64357117105843, 0.027076515353602948, 0.015317308678117708, 0.012769484676227022, 0.009549789614963704, 0.01848917283524181, 0.013159903368577013, 0.012624385933586875, 0.022085555337808826], [0.05930964587218261, 0.014621918577020622, 0.027722593722768543, 0.010231782087618671, 0.018311434123729913, 0.027076515353602948, 13.574712635265106, 0.023412009386543267, 0.018716949540369142, 0.012831447700659235, 0.029349216585174136, 0.019433473649471122, 0.018450866487677787, 0.049492947303922716], [0.02701468070096478, 0.009292190131056083, 0.01562534355774845, 0.007148168631102545, 0.0110872306039537, 0.015317308678117708, 0.023412009386543267, 10.641596381296171, 0.011284315239544287, 0.008421072953975083, 0.016397637852263797, 0.01163236917581532, 0.011155003834297446, 0.019578818635218976], [0.029963422358369844, 0.007699632877885515, 0.013029933477436313, 0.005910143088004477, 0.009204329837300325, 0.012769484676227022, 0.018716949540369142, 0.011284315239544287, 10.63925298789174, 0.006971825588782453, 0.013683314187239224, 0.00966238748400923, 0.009261251121749586, 0.016357455323409858], [0.033512447937037705, 0.005714544641611844, 0.009748040458243774, 0.0043727387477443935, 0.006846873666108413, 0.009549789614963704, 0.012831447700659235, 0.008421072953975083, 0.006971825588782453, 10.636682802983131, 0.010245721529033738, 0.007192762564149384, 0.006889829251519103, 0.012322703151887895], [0.02325260664878621, 0.011294421126104756, 0.018854877864288994, 0.00870993115252288, 0.01344747977070816, 0.01848917283524181, 0.029349216585174136, 0.016397637852263797, 0.013683314187239224, 0.010245721529033738, 10.64484616378561, 0.014099551509121473, 0.013528589910612994, 0.023633151989813337], [0.029518329632132505, 0.007942588259577218, 0.013427727925343674, 0.006098703783047074, 0.009491978311628157, 0.013159903368577013, 0.019433473649471122, 0.01163236917581532, 0.00966238748400923, 0.007192762564149384, 0.014099551509121473, 10.639595089387754, 0.009550572284593328, 0.016849235003596617], [0.030128109365482453, 0.007609446945044987, 0.01288208526641175, 0.005840179408743818, 0.009097513062043186, 0.012624385933586875, 0.018450866487677787, 0.011155003834297446, 0.009261251121749586, 0.006889829251519103, 0.013528589910612994, 0.009550572284593328, 10.639127476541997, 0.016174846198116495], [-0.1549908382565299, 0.013549159011737942, 0.02252617260951569, 0.010531300243333087, 0.016079160091786893, 0.022085555337808826, 0.049492947303922716, 0.019578818635218976, 0.016357455323409858, 0.012322703151887895, 0.023633151989813337, 0.016849235003596617, 0.016174846198116495, 10.65072629986773]]",
    "monomial_list": "[1, x9, x8, x7, x6, x5, x4, x3, x2, x13, x12, x11, x10, x1]"
}