{
    "name": "Multiplier-9",
    "rational_expression": "10627*x1**2/1000 - 5419*x1*x10/5000000 - 5419*x1*x11/5000000 + 2551*x1*x12/125000 - 91409*x1*x13/100000000 - 5419*x1*x2/5000000 - 5419*x1*x3/5000000 - 5419*x1*x4/5000000 + 813*x1*x5/40000 - 5419*x1*x6/5000000 - 3983*x1*x7/4000000 + 20327*x1*x8/1000000 + 79973*x1*x9/1000000 - 1041*x1/6250 + 2657*x10**2/250 + 1193*x10*x11/1000000 + 2441*x10*x12/2000000 + 1279*x10*x13/1250000 + 1193*x10*x2/1000000 + 1193*x10*x3/1000000 + 1193*x10*x4/1000000 + 1193*x10*x5/1000000 + 1193*x10*x6/1000000 + 3983*x10*x7/4000000 + 1193*x10*x8/1000000 + 3561*x10*x9/125000 + 1041*x10/6250 + 2657*x11**2/250 + 2441*x11*x12/2000000 + 1279*x11*x13/1250000 + 1193*x11*x2/1000000 + 1193*x11*x3/1000000 + 1193*x11*x4/1000000 + 1193*x11*x5/1000000 + 1193*x11*x6/1000000 + 3983*x11*x7/4000000 + 1193*x11*x8/1000000 + 3561*x11*x9/125000 + 1041*x11/6250 + 10631*x12**2/1000 + 10507*x12*x13/10000000 + 2441*x12*x2/2000000 + 2441*x12*x3/2000000 + 2441*x12*x4/2000000 + 2441*x12*x5/2000000 + 2441*x12*x6/2000000 + 3983*x12*x7/4000000 + 2441*x12*x8/2000000 + 5581*x12*x9/100000 + 1041*x12/6250 + 5313*x13**2/500 + 1279*x13*x2/1250000 + 1279*x13*x3/1250000 + 1279*x13*x4/1250000 + 1279*x13*x5/1250000 + 1279*x13*x6/1250000 + 16973*x13*x7/20000000 + 1279*x13*x8/1250000 + 14159*x13*x9/500000 + 7097*x13/50000 + 2657*x2**2/250 + 1193*x2*x3/1000000 + 1193*x2*x4/1000000 + 1193*x2*x5/1000000 + 1193*x2*x6/1000000 + 3983*x2*x7/4000000 + 1193*x2*x8/1000000 + 3561*x2*x9/125000 + 1041*x2/6250 + 10629*x3**2/1000 + 1193*x3*x4/1000000 + 1193*x3*x5/1000000 + 1193*x3*x6/1000000 + 3983*x3*x7/4000000 + 1193*x3*x8/1000000 + 3561*x3*x9/125000 + 1041*x3/6250 + 2657*x4**2/250 + 1193*x4*x5/1000000 + 1193*x4*x6/1000000 + 3983*x4*x7/4000000 + 1193*x4*x8/1000000 + 3561*x4*x9/125000 + 1041*x4/6250 + 1063*x5**2/100 + 1193*x5*x6/1000000 + 3983*x5*x7/4000000 + 1193*x5*x8/1000000 + 3561*x5*x9/125000 + 1041*x5/6250 + 2657*x6**2/250 + 3983*x6*x7/4000000 + 1193*x6*x8/1000000 + 3561*x6*x9/125000 + 1041*x6/6250 + 5313*x7**2/500 + 3983*x7*x8/4000000 + 3983*x7*x9/4000000 + 7097*x7/50000 + 10631*x8**2/1000 + 3561*x8*x9/125000 + 1041*x8/6250 + 6783*x9**2/500 + 1041*x9/6250 + 2373/200",
    "Q": "[[11.864826977267356, 0.08265825963667002, 0.08656731663139045, 0.07319076640459812, 0.0810081523093302, 0.08627873131550298, 0.08094035391442383, 0.08440739288159033, 0.0813174359515577, 0.07605532872998542, 0.08724530697483447, 0.08184637322160972, 0.08111531839923308, -0.07748856257197183], [0.08265825963667002, 13.565698261970626, 0.02070492446474573, 0.006625237005144327, 0.013055416093396065, 0.02017506999283023, 0.012984937076866878, 0.017182302734101953, 0.013381744679262144, 0.008678152279500256, 0.022041703859059843, 0.01395912474027474, 0.013167584829169472, 0.04035181380822275], [0.08656731663139045, 0.02070492446474573, 10.63019929989167, -9.793402007130021e-05, 0.0017779274278676817, 0.0044382885142710896, 0.0017542389715053455, 0.00326267881862079, 0.0018884122086341504, 0.00043832439101887063, 0.005203540725768378, 0.002087055497226353, 0.001815755892443462, 0.005821308448811811], [0.07319076640459812, 0.006625237005144327, -9.793402007130021e-05, 10.626326022967309, -0.0011034990581306446, -0.00018015249929238502, -0.0011105907313512838, -0.0006132686913277387, -0.0010700532802970905, -0.0014459884246242746, 0.0001159313077987233, -0.0010084704242691144, -0.0010921155149509379, 0.00015901342612419979], [0.0810081523093302, 0.013055416093396065, 0.0017779274278676817, -0.0011034990581306446, 10.627639300386953, 0.001635317354847821, -7.668489299993165e-05, 0.0008673082835828312, 4.664295401835654e-06, -0.0008291834232294097, 0.0021454030424591327, 0.00012621143329129292, -3.9465675676572224e-05, 0.002332210143744404], [0.08627873131550298, 0.02017506999283023, 0.0044382885142710896, -0.00018015249929238502, 0.001635317354847821, 10.629987256304512, 0.0016122950417495972, 0.003080985903829599, 0.001742716781962346, 0.0003369024121321021, 0.004975957870353359, 0.0019358974628110974, 0.0016720854760299815, 0.005555746460097663], [0.08094035391442383, 0.012984937076866878, 0.0017542389715053455, -0.0011105907313512838, -7.668489299993165e-05, 0.0016122950417495972, 10.627621031734368, 0.000848009473446379, -1.003754715039207e-05, -0.0008384977065209072, 0.0021200266564413875, 0.00011082316094156683, -5.3914155217013016e-05, 0.002304132642408192], [0.08440739288159033, 0.017182302734101953, 0.00326267881862079, -0.0006132686913277387, 0.0008673082835828312, 0.003080985903829599, 0.000848009473446379, 10.628882202190892, 0.0009574541735942136, -0.0002020942840644197, 0.003728982710318103, 0.0011200578609886548, 0.0008981482701855609, 0.004115891126063275], [0.0813174359515577, 0.013381744679262144, 0.0018884122086341504, -0.0010700532802970905, 4.664295401835654e-06, 0.001742716781962346, -1.003754715039207e-05, 0.0009574541735942136, 10.627725186346288, -0.0007853899109681366, 0.0022637041106333506, 0.0001982208732712104, 2.8182153688053117e-05, 0.002463343047228289], [0.07605532872998542, 0.008678152279500256, 0.00043832439101887063, -0.0014459884246242746, -0.0008291834232294097, 0.0003369024121321021, -0.0008384977065209072, -0.0002020942840644197, -0.0007853899109681366, 10.626684446317721, 0.0007011671731598691, -0.0007052778054703222, -0.0008142535098930858, 0.0007688003163945634], [0.08724530697483447, 0.022041703859059843, 0.005203540725768378, 0.0001159313077987233, 0.0021454030424591327, 0.004975957870353359, 0.0021200266564413875, 0.003728982710318103, 0.0022637041106333506, 0.0007011671731598691, 10.630754591697606, 0.002476179634667168, 0.002185918033296893, 0.006503877489475539], [0.08184637322160972, 0.01395912474027474, 0.002087055497226353, -0.0010084704242691144, 0.00012621143329129292, 0.0019358974628110974, 0.00011082316094156683, 0.0011200578609886548, 0.0001982208732712104, -0.0007052778054703222, 0.002476179634667168, 10.627882393989092, 0.00015082292762219995, 0.002699821351162626], [0.08111531839923308, 0.013167584829169472, 0.001815755892443462, -0.0010921155149509379, -3.9465675676572224e-05, 0.0016720854760299815, -5.3914155217013016e-05, 0.0008981482701855609, 2.8182153688053117e-05, -0.0008142535098930858, 0.002185918033296893, 0.00015082292762219995, 10.627668580727367, 0.0023770755709516243], [-0.07748856257197183, 0.04035181380822275, 0.005821308448811811, 0.00015901342612419979, 0.002332210143744404, 0.005555746460097663, 0.002304132642408192, 0.004115891126063275, 0.002463343047228289, 0.0007688003163945634, 0.006503877489475539, 0.002699821351162626, 0.0023770755709516243, 10.62673381145232]]",
    "monomial_list": "[1, x9, x8, x7, x6, x5, x4, x3, x2, x13, x12, x11, x10, x1]"
}