{
    "name": "Multiplier-10",
    "rational_expression": "10653*x1**2/1000 + 5433*x1*x10/50000 + 4259*x1*x11/100000 + 42701*x1*x12/1000000 + 20759*x1*x13/1000000 + 21241*x1*x2/500000 + 42533*x1*x3/1000000 + 10599*x1*x4/250000 + 10603*x1*x5/250000 + 4231*x1*x6/100000 + 20519*x1*x7/1000000 + 8453*x1*x8/200000 + 20789*x1*x9/1000000 - 31661*x1/100000 + 1697*x10**2/125 + 21769*x10*x11/500000 + 32231*x10*x12/500000 + 22113*x10*x13/1000000 + 43409*x10*x2/1000000 + 21751*x10*x3/500000 + 43323*x10*x4/1000000 + 1002*x10*x5/15625 + 8643*x10*x6/200000 + 5463*x10*x7/250000 + 63941*x10*x8/1000000 + 21673*x10*x9/1000000 + 12189*x10/100000 + 266*x11**2/25 + 109*x11*x12/5000 + 10861*x11*x13/500000 + 271*x11*x2/12500 + 10853*x11*x3/500000 + 21637*x11*x4/1000000 + 4329*x11*x5/200000 + 10797*x11*x6/500000 + 21591*x11*x7/1000000 + 21561*x11*x8/1000000 + 861*x11*x9/40000 + 49053*x11/1000000 + 5323*x12**2/500 + 21787*x12*x13/1000000 + 4349*x12*x2/200000 + 43227*x12*x3/1000000 + 271*x12*x4/12500 + 43127*x12*x5/1000000 + 1351*x12*x6/62500 + 5403*x12*x7/250000 + 21501*x12*x8/500000 + 861*x12*x9/40000 + 49053*x12/1000000 + 10637*x13**2/1000 + 21707*x13*x2/1000000 + 5433*x13*x3/250000 + 677*x13*x4/31250 + 2709*x13*x5/125000 + 1081*x13*x6/50000 + 23931*x13*x7/100000000 + 21609*x13*x8/1000000 + 21573*x13*x9/1000000 + 18209*x13/250000 + 266*x2**2/25 + 10853*x2*x3/500000 + 21637*x2*x4/1000000 + 4329*x2*x5/200000 + 10797*x2*x6/500000 + 21591*x2*x7/1000000 + 21561*x2*x8/1000000 + 861*x2*x9/40000 + 49053*x2/1000000 + 5321*x3**2/500 + 271*x3*x4/12500 + 43127*x3*x5/1000000 + 1351*x3*x6/62500 + 5403*x3*x7/250000 + 21501*x3*x8/500000 + 861*x3*x9/40000 + 49053*x3/1000000 + 266*x4**2/25 + 4329*x4*x5/200000 + 10797*x4*x6/500000 + 21591*x4*x7/1000000 + 21561*x4*x8/1000000 + 861*x4*x9/40000 + 49053*x4/1000000 + 2661*x5**2/250 + 1351*x5*x6/62500 + 5403*x5*x7/250000 + 21501*x5*x8/500000 + 861*x5*x9/40000 + 49053*x5/1000000 + 266*x6**2/25 + 21591*x6*x7/1000000 + 21561*x6*x8/1000000 + 861*x6*x9/40000 + 49053*x6/1000000 + 2659*x7**2/250 + 21587*x7*x8/1000000 + 14661*x7*x9/100000000 + 18209*x7/250000 + 2129*x8**2/200 + 861*x8*x9/40000 + 49053*x8/1000000 + 5319*x9**2/500 + 49053*x9/1000000 + 12177/1000",
    "Q": "[[12.17721615923197, 0.029486061209265935, 0.02020539318583077, 0.03254389785362586, 0.026891633250140604, 0.020660260653176152, 0.02695370866696575, 0.02326066053499704, 0.026604158842679356, 0.030729333952566832, 0.01906738717444796, 0.02609538130612137, 0.05761460492263059, -0.16006963325537138], [0.029486061209265935, 10.63810621404024, 0.01139468149528874, 0.005246051793881018, 0.008097646181007076, 0.01117067022298984, 0.008066746957968536, 0.009892006377061236, 0.008240616139318566, 0.006167267180871179, 0.011956347648324813, 0.00849316638929051, 0.01494625596175888, 0.014354353024866017], [0.02020539318583077, 0.01139468149528874, 10.6448334563025, 0.008830916038436484, 0.01352320819397285, 0.01848512088374143, 0.01347287248445464, 0.016430131770631344, 0.013755977397036516, 0.010355563733624163, 0.019742430888090703, 0.014166631578370382, 0.028214507560604053, 0.023614763708062224], [0.03254389785362586, 0.005246051793881018, 0.008830916038436484, 10.636293089215936, 0.0062570471177781336, 0.008655651378699593, 0.006232999123670345, 0.007656128067772325, 0.0063683375243587005, 0.004756369753822891, 0.009270507901348108, 0.00656501039323319, 0.010493425310083366, 0.011210297906578409], [0.026891633250140604, 0.008097646181007076, 0.01352320819397285, 0.0062570471177781336, 10.639813786832125, 0.013259714753503451, 0.009600567369407476, 0.01175437121611354, 0.009806034095147248, 0.007350321451523979, 0.014183620120478968, 0.010104358293099809, 0.018685681988907136, 0.016977101725998686], [0.020660260653176152, 0.01117067022298984, 0.01848512088374143, 0.008655651378699593, 0.013259714753503451, 10.644464799043755, 0.013210302794662003, 0.01611401531123841, 0.013488218110344468, 0.01015118312601566, 0.01936785333494658, 0.013891369674619026, 0.027560739523053532, 0.023162903199385354], [0.02695370866696575, 0.008066746957968536, 0.01347287248445464, 0.006232999123670345, 0.009600567369407476, 0.013210302794662003, 10.639771285881338, 0.01171026884036332, 0.009768903542383956, 0.007322194907257227, 0.01413097541140117, 0.010066151787984706, 0.018596889901185264, 0.016914891181463665], [0.02326066053499704, 0.009892006377061236, 0.016430131770631344, 0.007656128067772325, 0.01175437121611354, 0.01611401531123841, 0.01171026884036332, 10.642432900969807, 0.011958351401503543, 0.008985022004011581, 0.017221977687662596, 0.01231835772048367, 0.02385159572632622, 0.02058752716685316], [0.026604158842679356, 0.008240616139318566, 0.013755977397036516, 0.0063683375243587005, 0.009806034095147248, 0.013488218110344468, 0.009768903542383956, 0.011958351401503543, 10.64001163286982, 0.0074804739697991954, 0.014427051386218111, 0.01028109969069087, 0.019096541203833448, 0.017264912014749122], [0.030729333952566832, 0.006167267180871179, 0.010355563733624163, 0.004756369753822891, 0.007350321451523979, 0.01015118312601566, 0.007322194907257227, 0.008985022004011581, 0.0074804739697991954, 10.637340822261054, 0.01086808812115109, 0.007710428003644709, 0.013130678985303245, 0.013078589133425664], [0.01906738717444796, 0.011956347648324813, 0.019742430888090703, 0.009270507901348108, 0.014183620120478968, 0.01936785333494658, 0.01413097541140117, 0.017221977687662596, 0.014427051386218111, 0.01086808812115109, 10.645773154761711, 0.01485645439494587, 0.029860266248426498, 0.024748977144245947], [0.02609538130612137, 0.00849316638929051, 0.014166631578370382, 0.00656501039323319, 0.010104358293099809, 0.013891369674619026, 0.010066151787984706, 0.01231835772048367, 0.01028109969069087, 0.007710428003644709, 0.01485645439494587, 10.64036587453778, 0.019822441946059696, 0.017773192131026894], [0.05761460492263059, 0.01494625596175888, 0.028214507560604053, 0.010493425310083366, 0.018685681988907136, 0.027560739523053532, 0.018596889901185264, 0.02385159572632622, 0.019096541203833448, 0.013130678985303245, 0.029860266248426498, 0.019822441946059696, 13.575330226581423, 0.05013016830483996], [-0.16006963325537138, 0.014354353024866017, 0.023614763708062224, 0.011210297906578409, 0.016977101725998686, 0.023162903199385354, 0.016914891181463665, 0.02058752716685316, 0.017264912014749122, 0.013078589133425664, 0.024748977144245947, 0.017773192131026894, 0.05013016830483996, 10.6522992828321]]",
    "monomial_list": "[1, x9, x8, x7, x6, x5, x4, x3, x2, x13, x12, x11, x10, x1]"
}