{
    "name": "Multiplier-1",
    "rational_expression": "13573*x1**2/1000 + 67443*x1*x10/1000000 + 67529*x1*x11/1000000 + 93307*x1*x12/1000000 + 688*x1*x13/15625 + 16839*x1*x2/250000 + 90673*x1*x3/1000000 + 16839*x1*x4/250000 + 92999*x1*x5/1000000 + 6727*x1*x6/100000 + 42821*x1*x7/1000000 + 92849*x1*x8/1000000 + 16501*x1*x9/250000 - 12023*x1/10000 + 10631*x10**2/1000 + 2753*x10*x11/10000000 + 21881*x10*x12/1000000 + 35461*x10*x13/500000000 + 203*x10*x2/800000 + 16339*x10*x3/50000000 + 203*x10*x4/800000 + 21857*x10*x5/1000000 + 23221*x10*x6/100000000 + 5459*x10*x8/250000 + 1773*x10*x9/12500000 - 70467*x10/1000000 + 10631*x11**2/1000 + 21903*x11*x12/1000000 + 35461*x11*x13/500000000 + 203*x11*x2/800000 + 21741*x11*x3/1000000 + 203*x11*x4/800000 + 21857*x11*x5/1000000 + 23221*x11*x6/100000000 + 5459*x11*x8/250000 + 1773*x11*x9/12500000 - 70467*x11/1000000 + 5317*x12**2/500 + 1773*x12*x13/12500000 + 21877*x12*x2/1000000 + 881*x12*x3/40000 + 21877*x12*x4/1000000 + 223*x12*x5/10000 + 4371*x12*x6/200000 + 22257*x12*x8/1000000 + 28369*x12*x9/100000000 - 14093*x12/100000 + 1063*x13**2/100 + 35461*x13*x2/500000000 + 191*x13*x3/2000000 + 35461*x13*x4/500000000 + 1773*x13*x5/12500000 + 35461*x13*x6/500000000 + 1773*x13*x8/12500000 + 191*x13*x9/4000000 - 23729*x13/1000000 + 10631*x2**2/1000 + 16339*x2*x3/50000000 + 203*x2*x4/800000 + 21857*x2*x5/1000000 + 23221*x2*x6/100000000 + 5459*x2*x8/250000 + 1773*x2*x9/12500000 - 70467*x2/1000000 + 1329*x3**2/125 + 16339*x3*x4/50000000 + 22003*x3*x5/1000000 + 7631*x3*x6/25000000 + 10991*x3*x8/500000 + 191*x3*x9/1000000 - 18983*x3/200000 + 10631*x4**2/1000 + 21857*x4*x5/1000000 + 23221*x4*x6/100000000 + 5459*x4*x8/250000 + 1773*x4*x9/12500000 - 70467*x4/1000000 + 1329*x5**2/125 + 4371*x5*x6/200000 + 22257*x5*x8/1000000 + 28369*x5*x9/100000000 - 14093*x5/100000 + 10631*x6**2/1000 + 5459*x6*x8/250000 + 1773*x6*x9/12500000 - 70467*x6/1000000 + 1063*x7**2/100 + 1329*x8**2/125 + 28369*x8*x9/100000000 - 14093*x8/100000 + 1063*x9**2/100 - 23729*x9/500000 + 11781/1000",
    "Q": "[[11.780961112889816, -0.02070194714855926, -0.06739425182371786, -0.004778588769548388, -0.033961802911788845, -0.06511678990578691, -0.03364789579001027, -0.05214943709497078, -0.035413737630177015, -0.014229398562749556, -0.07311615237743588, -0.03797668587750433, -0.034461153849030896, -0.6047708209146647], [-0.02070194714855926, 10.630443852615345, 0.004873822631063116, 0.0015784804735953604, 0.003241988595520156, 0.004773810602695301, 0.0032251915334674803, 0.00417123993313065, 0.003319368805700986, 0.0021415662431288, 0.005116896926115645, 0.0034546846386197274, 0.0032686594082425423, 0.029463095536184394], [-0.06739425182371786, 0.004873822631063116, 10.632702189342579, 0.0031859405320317623, 0.006208750987137358, 0.009065452189492293, 0.006177882401800835, 0.007929432092779874, 0.006351043876083296, 0.004199807316636363, 0.009724034387321633, 0.006600238535067647, 0.006257778861179096, 0.047754589437645184], [-0.004778588769548388, 0.0015784804735953604, 0.0031859405320317623, 10.63011054467154, 0.0020806110475549955, 0.003119421361433513, 0.0020690873737904307, 0.0027144032332408357, 0.002133672843437547, 0.0013213217471114873, 0.0033465024923052507, 0.0022263589089994876, 0.002098904677239061, 0.02309127728331489], [-0.033961802911788845, 0.003241988595520156, 0.006208750987137358, 0.0020806110475549955, 10.63091555524433, 0.006081669675805728, 0.004132462751995565, 0.0053198682950191785, 0.004250348601796852, 0.002779708224694206, 0.006518623824200209, 0.004419831841667961, 0.0041868664290205726, 0.03471866246309851], [-0.06511678990578691, 0.004773810602695301, 0.009065452189492293, 0.003119421361433513, 0.006081669675805728, 10.632560150124817, 0.006051431673448966, 0.007766772971564018, 0.006221052778578803, 0.004113290530634139, 0.009522919019206379, 0.006465139212348907, 0.006129695530723684, 0.04687639447103629], [-0.03364789579001027, 0.0032251915334674803, 0.006177882401800835, 0.0020690873737904307, 0.004132462751995565, 0.006051431673448966, 10.630902552151534, 0.00529333616046432, 0.004228874600504381, 0.0027650290201360083, 0.006486198268383073, 0.004397564259807883, 0.004165689050052545, 0.034594794688151825], [-0.05214943709497078, 0.00417123993313065, 0.007929432092779874, 0.0027144032332408357, 0.0053198682950191785, 0.007766772971564018, 0.00529333616046432, 10.631800025816665, 0.00544215293954572, 0.0035902328403913577, 0.008327216165667305, 0.005656230554487859, 0.005362005716485666, 0.0418488900125311], [-0.035413737630177015, 0.003319368805700986, 0.006351043876083296, 0.002133672843437547, 0.004250348601796852, 0.006221052778578803, 0.004228874600504381, 0.00544215293954572, 10.630976787708114, 0.002847321612901573, 0.00666810178325467, 0.0045224437331458185, 0.004284449606214066, 0.035291243442322796], [-0.014229398562749556, 0.0021415662431288, 0.004199807316636363, 0.0013213217471114873, 0.002779708224694206, 0.004113290530634139, 0.0027650290201360083, 0.0035902328403913577, 0.002847321612901573, 10.630275792599623, 0.004409612908446884, 0.0029655150010525866, 0.0028030146221345474, 0.026881618074116775], [-0.07311615237743588, 0.005116896926115645, 0.009724034387321633, 0.0033465024923052507, 0.006518623824200209, 0.009522919019206379, 0.006486198268383073, 0.008327216165667305, 0.00666810178325467, 0.004409612908446884, 10.633068212573896, 0.006929912154084288, 0.006570125864122339, 0.04995476473000925], [-0.03797668587750433, 0.0034546846386197274, 0.006600238535067647, 0.0022263589089994876, 0.004419831841667961, 0.006465139212348907, 0.004397564259807883, 0.005656230554487859, 0.0045224437331458185, 0.0029655150010525866, 0.006929912154084288, 10.631089153510667, 0.004455193650573023, 0.03630054183823711], [-0.034461153849030896, 0.0032686594082425423, 0.006257778861179096, 0.002098904677239061, 0.0041868664290205726, 0.006129695530723684, 0.004165689050052545, 0.005362005716485666, 0.004284449606214066, 0.0028030146221345474, 0.006570125864122339, 0.004455193650573023, 10.63093641321485, 0.034915650572950804], [-0.6047708209146647, 0.029463095536184394, 0.047754589437645184, 0.02309127728331489, 0.03471866246309851, 0.04687639447103629, 0.034594794688151825, 0.0418488900125311, 0.035291243442322796, 0.026881618074116775, 0.04995476473000925, 0.03630054183823711, 0.034915650572950804, 13.573507537227865]]",
    "monomial_list": "[1, x9, x8, x7, x6, x5, x4, x3, x2, x13, x12, x11, x10, x1]"
}