{
    "name": "Multiplier-12",
    "rational_expression": "1342*x1**2/125 + 12147*x1*x10/100000 + 3571*x1*x11/25000 + 4263*x1*x12/25000 + 9689*x1*x13/100000 + 11979*x1*x2/100000 + 711*x1*x3/5000 + 11883*x1*x4/100000 + 16513*x1*x5/100000 + 589*x1*x6/5000 + 46363*x1*x7/500000 + 4089*x1*x8/25000 + 2311*x1*x9/20000 - 87107*x1/100000 + 267*x10**2/25 + 23169*x10*x11/250000 + 10691*x10*x12/125000 + 68573*x10*x13/1000000 + 91523*x10*x2/1000000 + 2299*x10*x3/25000 + 45411*x10*x4/500000 + 45953*x10*x5/500000 + 45069*x10*x6/500000 + 33149*x10*x7/500000 + 11161*x10*x8/100000 + 33373*x10*x9/500000 - 14511*x10/50000 + 5341*x11**2/500 + 17147*x11*x12/200000 + 13779*x11*x13/200000 + 11487*x11*x2/125000 + 92401*x11*x3/1000000 + 18239*x11*x4/200000 + 5659*x11*x5/50000 + 11303*x11*x6/125000 + 831*x11*x7/12500 + 11201*x11*x8/100000 + 67007*x11*x9/1000000 - 31639*x11/100000 + 3403*x12**2/250 + 33507*x12*x13/500000 + 22403*x12*x2/250000 + 11047*x12*x3/100000 + 11103*x12*x4/125000 + 2749*x12*x5/25000 + 88053*x12*x6/1000000 + 11043*x12*x7/250000 + 5443*x12*x8/50000 + 64909*x12*x9/1000000 - 10627*x12/100000 + 1334*x13**2/125 + 68363*x13*x2/1000000 + 6877*x13*x3/100000 + 67843*x13*x4/1000000 + 90847*x13*x5/1000000 + 13449*x13*x6/200000 + 2251*x13*x7/50000 + 17991*x13*x8/200000 + 6623*x13*x9/100000 - 2383*x13/10000 + 10681*x2**2/1000 + 2299*x2*x3/25000 + 45411*x2*x4/500000 + 45953*x2*x5/500000 + 45069*x2*x6/500000 + 33149*x2*x7/500000 + 11161*x2*x8/100000 + 33373*x2*x9/500000 - 14511*x2/50000 + 10687*x3**2/1000 + 91557*x3*x4/1000000 + 5683*x3*x5/50000 + 45393*x3*x6/500000 + 6671*x3*x7/100000 + 9*x3*x8/80 + 89423*x3*x9/1000000 - 6859*x3/20000 + 10679*x4**2/1000 + 45953*x4*x5/500000 + 45069*x4*x6/500000 + 33149*x4*x7/500000 + 11161*x4*x8/100000 + 33373*x4*x9/500000 - 14511*x4/50000 + 10693*x5**2/1000 + 91471*x5*x6/1000000 + 33571*x5*x7/500000 + 13417*x5*x8/100000 + 89951*x5*x9/1000000 - 2473*x5/6250 + 267*x6**2/25 + 33149*x6*x7/500000 + 11161*x6*x8/100000 + 33373*x6*x9/500000 - 14511*x6/50000 + 10669*x7**2/1000 + 16723*x7*x8/250000 + 5607*x7*x9/125000 - 4629*x7/25000 + 10693*x8**2/1000 + 89951*x8*x9/1000000 - 2473*x8/6250 + 5337*x9**2/500 - 13203*x9/50000 + 1319/100",
    "Q": "[[13.19026947684819, -0.1270505750441363, -0.19524229589484132, -0.09879428880947774, -0.14849106703661263, -0.19235531172091724, -0.14800408726242714, -0.17512458797756028, -0.15073097210705477, -0.11591065485138868, -0.052251366668625086, -0.15463498637922238, -0.14926374205455095, -0.4301895887263666], [-0.1270505750441363, 10.674577065383398, 0.045029153637542056, 0.026652458490675008, 0.03609839185121479, 0.04447664085245022, 0.03600558159957462, 0.04118147239535944, 0.03652534390802305, 0.02990106158465308, 0.0350848357454644, 0.03726974094770723, 0.03624566098991319, 0.056489651772016716], [-0.19524229589484132, 0.045029153637542056, 10.693354052477474, 0.03731925507588128, 0.05091330472538415, 0.06304208054903808, 0.050779325618940586, 0.05826364251990445, 0.05152974941911173, 0.041983992632483355, 0.057783122386482484, 0.052604942120697405, 0.0511259163423917, 0.08044279819085307], [-0.09879428880947774, 0.026652458490675008, 0.03731925507588128, 10.66862485968214, 0.030004279628843437, 0.03686753867306805, 0.0299281190774705, 0.03417113136369803, 0.03035460260317187, 0.024911716592992166, 0.026966607050866766, 0.030965253748768434, 0.030125123681841906, 0.04675263251624019], [-0.14849106703661263, 0.03609839185121479, 0.05091330472538415, 0.030004279628843437, 10.679842116942002, 0.05028322271631927, 0.04063450577402404, 0.04652745385728995, 0.041225936733755526, 0.03369327722388573, 0.04169057965629975, 0.04207310583978443, 0.040907679909741645, 0.06394260706486293], [-0.19235531172091724, 0.04447664085245022, 0.06304208054903808, 0.03686753867306805, 0.05028322271631927, 10.69244480937099, 0.050151015687753014, 0.0575359423995959, 0.05089151054571011, 0.04147141710411342, 0.056708563659619404, 0.051952462747672505, 0.05049302167109893, 0.079412440647706], [-0.14800408726242714, 0.03600558159957462, 0.050779325618940586, 0.0299281190774705, 0.04063450577402404, 0.050151015687753014, 10.679715748936175, 0.04640576827378337, 0.04111899019980463, 0.033607061865874636, 0.0415358177399513, 0.041963812593584546, 0.04080161413741154, 0.06377260982085275], [-0.17512458797756028, 0.04118147239535944, 0.05826364251990445, 0.03417113136369803, 0.04652745385728995, 0.0575359423995959, 0.04640576827378337, 10.687214887394399, 0.04708731193056293, 0.038413451580583256, 0.05053455337189153, 0.04806371533696071, 0.046720553119398066, 0.07329617559549537], [-0.15073097210705477, 0.03652534390802305, 0.05152974941911173, 0.03035460260317187, 0.041225936733755526, 0.05089151054571011, 0.04111899019980463, 0.04708731193056293, 10.680427343204425, 0.034089877235634496, 0.04240542300379473, 0.04257592362836515, 0.041395642344694325, 0.06472497531753424], [-0.11591065485138868, 0.02990106158465308, 0.041983992632483355, 0.024911716592992166, 0.03369327722388573, 0.04147141710411342, 0.033607061865874636, 0.038413451580583256, 0.034089877235634496, 10.672089653029094, 0.031809206722610034, 0.034781300090680034, 0.03383007955480586, 0.05264101091775586], [-0.052251366668625086, 0.0350848357454644, 0.057783122386482484, 0.026966607050866766, 0.04169057965629975, 0.056708563659619404, 0.0415358177399513, 0.05053455337189153, 0.04240542300379473, 0.031809206722610034, 13.611691711182353, 0.04366335037123213, 0.04193661200829428, 0.08805172280640938], [-0.15463498637922238, 0.03726974094770723, 0.052604942120697405, 0.030965253748768434, 0.04207310583978443, 0.051952462747672505, 0.041963812593584546, 0.04806371533696071, 0.04257592362836515, 0.034781300090680034, 0.04366335037123213, 10.68146292644596, 0.04224653609980504, 0.06609039132748927], [-0.14926374205455095, 0.03624566098991319, 0.0511259163423917, 0.030125123681841906, 0.040907679909741645, 0.05049302167109893, 0.04080161413741154, 0.046720553119398066, 0.041395642344694325, 0.03383007955480586, 0.04193661200829428, 0.04224653609980504, 10.680043256825504, 0.06421240789374102], [-0.4301895887263666, 0.056489651772016716, 0.08044279819085307, 0.04675263251624019, 0.06394260706486293, 0.079412440647706, 0.06377260982085275, 0.07329617559549537, 0.06472497531753424, 0.05264101091775586, 0.08805172280640938, 0.06609039132748927, 0.06421240789374102, 10.735811669775023]]",
    "monomial_list": "[1, x9, x8, x7, x6, x5, x4, x3, x2, x13, x12, x11, x10, x1]"
}