{
    "name": "Multiplier-11",
    "rational_expression": "533*x1**2/50 + 21639*x1*x10/500000 + 10897*x1*x11/100000 + 16103*x1*x12/250000 + 21243*x1*x13/500000 + 21477*x1*x2/500000 + 21461*x1*x3/500000 + 42867*x1*x4/1000000 + 6397*x1*x5/100000 + 5337*x1*x6/125000 + 4159*x1*x7/200000 + 3187*x1*x8/50000 + 8499*x1*x9/200000 - 18391*x1/50000 + 10643*x10**2/1000 + 28089*x10*x11/1000000 + 43311*x10*x12/1000000 + 339*x10*x13/15625 + 10871*x10*x2/500000 + 21727*x10*x3/1000000 + 21699*x10*x4/1000000 + 21533*x10*x5/500000 + 21591*x10*x6/1000000 + 21543*x10*x7/1000000 + 42919*x10*x8/1000000 + 10729*x10*x9/500000 + 3087*x10/125000 + 6789*x11**2/500 + 6439*x11*x12/100000 + 4399*x11*x13/200000 + 43423*x11*x2/1000000 + 678*x11*x3/15625 + 43337*x11*x4/1000000 + 6397*x11*x5/100000 + 21583*x11*x6/500000 + 4347*x11*x7/200000 + 3187*x11*x8/50000 + 8593*x11*x9/200000 + 98783*x11/1000000 + 213*x12**2/20 + 21733*x12*x13/1000000 + 43219*x12*x2/1000000 + 10797*x12*x3/250000 + 10783*x12*x4/250000 + 43109*x12*x5/1000000 + 43003*x12*x6/1000000 + 21493*x12*x7/1000000 + 42919*x12*x8/1000000 + 21433*x12*x9/1000000 + 266*x13**2/25 + 21681*x13*x2/1000000 + 4333*x13*x3/200000 + 21637*x13*x4/1000000 + 2697*x13*x5/125000 + 21573*x13*x6/1000000 + 21571*x13*x7/1000000 + 2147*x13*x8/100000 + 10741*x13*x9/500000 + 49391*x13/1000000 + 10643*x2**2/1000 + 21727*x2*x3/1000000 + 21699*x2*x4/1000000 + 21533*x2*x5/500000 + 21591*x2*x6/1000000 + 21543*x2*x7/1000000 + 42919*x2*x8/1000000 + 10729*x2*x9/500000 + 3087*x2/125000 + 5323*x3**2/500 + 21699*x3*x4/1000000 + 21533*x3*x5/500000 + 21591*x3*x6/1000000 + 21543*x3*x7/1000000 + 42919*x3*x8/1000000 + 10729*x3*x9/500000 + 3087*x3/125000 + 10643*x4**2/1000 + 21533*x4*x5/500000 + 21591*x4*x6/1000000 + 21543*x4*x7/1000000 + 42919*x4*x8/1000000 + 10729*x4*x9/500000 + 3087*x4/125000 + 1331*x5**2/125 + 43003*x5*x6/1000000 + 21493*x5*x7/1000000 + 42919*x5*x8/1000000 + 21433*x5*x9/1000000 + 10643*x6**2/1000 + 21543*x6*x7/1000000 + 42919*x6*x8/1000000 + 10729*x6*x9/500000 + 3087*x6/125000 + 10639*x7**2/1000 + 2147*x7*x8/100000 + 10741*x7*x9/500000 + 49391*x7/1000000 + 10649*x8**2/1000 + 21433*x8*x9/1000000 + 10641*x9**2/1000 + 3087*x9/125000 + 12261/1000",
    "Q": "[[12.261036314906793, 0.01649662479196645, 0.0023782281044932205, 0.02162711188695677, 0.012353759581315293, 0.003032697097137369, 0.01245073523746889, 0.006833980133069191, 0.011905924374109445, 0.018553636671661378, 0.0007527368220524718, 0.04998566561411935, 0.012199607139907469, -0.18230729738199747], [0.01649662479196645, 10.641121897645943, 0.01421833684646756, 0.0070316205278963045, 0.010439609750259513, 0.013966010494184423, 0.010403456187693012, 0.012514214303978234, 0.010606690240573122, 0.008148527591930545, 0.014848532641814786, 0.016399647969728474, 0.010497098855723318, 0.017875229657736687], [0.0023782281044932205, 0.01421833684646756, 10.648793194533996, 0.011222467221435429, 0.016663160641654032, 0.02223232269864923, 0.016605769122896494, 0.01994587412170722, 0.016928302725973274, 0.01301059145851371, 0.02361877894236829, 0.030407102717638454, 0.01675440703444145, 0.028372141992502292], [0.02162711188695677, 0.0070316205278963045, 0.011222467221435429, 10.638986476069892, 0.00824134560603701, 0.011023235563025013, 0.008212859356510439, 0.009877256347494099, 0.00837300267241302, 0.006436141023302976, 0.011720086962368452, 0.011668720773869184, 0.008286644279947387, 0.014179858237003245], [0.012353759581315293, 0.010439609750259513, 0.016663160641654032, 0.00824134560603701, 10.643107485101453, 0.01636819354589197, 0.01219876407296436, 0.014670314069598322, 0.012436923459309206, 0.009552652204357151, 0.017399725910157218, 0.020359869702867506, 0.012308504464852852, 0.02090292378952093], [0.003032697097137369, 0.013966010494184423, 0.02223232269864923, 0.011023235563025013, 0.01636819354589197, 10.648382094738661, 0.016311795924903415, 0.019594577731256238, 0.016628748162596185, 0.01277958762350117, 0.023205543083796153, 0.029719543538279335, 0.016457860418651587, 0.027871281381949258], [0.01245073523746889, 0.010403456187693012, 0.016605769122896494, 0.008212859356510439, 0.01219876407296436, 0.016311795924903415, 10.643058419421306, 0.014619657293812639, 0.012393882115889283, 0.009519589461019955, 0.017339856153600623, 0.020265959332614856, 0.012265903586409187, 0.020831663645473997], [0.006833980133069191, 0.012514214303978234, 0.01994587412170722, 0.009877256347494099, 0.014670314069598322, 0.019594577731256238, 0.014619657293812639, 10.646099189001847, 0.014904367951460905, 0.011450679556934268, 0.020822807969993244, 0.02581400809472084, 0.014750856997242684, 0.02499664509064599], [0.011905924374109445, 0.010606690240573122, 0.016928302725973274, 0.00837300267241302, 0.012436923459309206, 0.016628748162596185, 0.012393882115889283, 0.014904367951460905, 10.643335658492935, 0.00970545579883537, 0.01767630595397123, 0.020794336465314124, 0.012505361833446412, 0.021232265199744055], [0.018553636671661378, 0.008148527591930545, 0.01301059145851371, 0.006436141023302976, 0.009552652204357151, 0.01277958762350117, 0.009519589461019955, 0.011450679556934268, 0.00970545579883537, 10.640222378744946, 0.013587560354883075, 0.0144727965602026, 0.009605227614072872, 0.016384117970310075], [0.0007527368220524718, 0.014848532641814786, 0.02361877894236829, 0.011720086962368452, 0.017399725910157218, 0.023205543083796153, 0.017339856153600623, 0.020822807969993244, 0.01767630595397123, 0.013587560354883075, 10.649837116064047, 0.03213690032911885, 0.01749491065507384, 0.02962502197763041], [0.04998566561411935, 0.016399647969728474, 0.030407102717638454, 0.011668720773869184, 0.020359869702867506, 0.029719543538279335, 0.020265959332614856, 0.02581400809472084, 0.020794336465314124, 0.0144727965602026, 0.03213690032911885, 13.5780693983065, 0.02050927395505318, 0.05296613751722444], [0.012199607139907469, 0.010497098855723318, 0.01675440703444145, 0.008286644279947387, 0.012308504464852852, 0.016457860418651587, 0.012265903586409187, 0.014750856997242684, 0.012505361833446412, 0.009605227614072872, 0.01749491065507384, 0.02050927395505318, 10.643185731935297, 0.0210162399983194], [-0.18230729738199747, 0.017875229657736687, 0.028372141992502292, 0.014179858237003245, 0.02090292378952093, 0.027871281381949258, 0.020831663645473997, 0.02499664509064599, 0.021232265199744055, 0.016384117970310075, 0.02962502197763041, 0.05296613751722444, 0.0210162399983194, 10.659186218398908]]",
    "monomial_list": "[1, x9, x8, x7, x6, x5, x4, x3, x2, x13, x12, x11, x10, x1]"
}