{
    "name": "Multiplier-6",
    "rational_expression": "2663*x1**2/250 + 42697*x1*x10/1000000 + 21329*x1*x11/500000 + 21437*x1*x12/500000 + 10413*x1*x13/500000 + 21273*x1*x2/500000 + 341*x1*x3/8000 + 42459*x1*x4/1000000 + 4259*x1*x5/100000 + 2699*x1*x6/25000 + 513*x1*x7/25000 + 21131*x1*x8/500000 + 20481*x1*x9/1000000 - 3163*x1/10000 + 10639*x10**2/1000 + 21751*x10*x11/1000000 + 2729*x10*x12/125000 + 679*x10*x13/31250 + 5421*x10*x2/250000 + 339*x10*x3/15625 + 21641*x10*x4/1000000 + 21679*x10*x5/1000000 + 1731*x10*x6/62500 + 21591*x10*x7/1000000 + 21559*x10*x8/1000000 + 21573*x10*x9/1000000 + 12251*x10/250000 + 266*x11**2/25 + 2729*x11*x12/125000 + 679*x11*x13/31250 + 5421*x11*x2/250000 + 339*x11*x3/15625 + 21641*x11*x4/1000000 + 21679*x11*x5/1000000 + 1731*x11*x6/62500 + 21591*x11*x7/1000000 + 21559*x11*x8/1000000 + 21573*x11*x9/1000000 + 12251*x11/250000 + 2129*x12**2/200 + 1091*x12*x13/50000 + 1361*x12*x2/62500 + 43229*x12*x3/1000000 + 1357*x12*x4/62500 + 8643*x12*x5/200000 + 27551*x12*x6/500000 + 5403*x12*x7/250000 + 21499*x12*x8/500000 + 21573*x12*x9/1000000 + 12251*x12/250000 + 10637*x13**2/1000 + 2171*x13*x2/100000 + 10861*x13*x3/500000 + 21667*x13*x4/1000000 + 4341*x13*x5/200000 + 27793*x13*x6/1000000 + 2391*x13*x7/10000000 + 21607*x13*x8/1000000 + 5411*x13*x9/250000 + 18191*x13/250000 + 10639*x2**2/1000 + 339*x2*x3/15625 + 21641*x2*x4/1000000 + 21679*x2*x5/1000000 + 1731*x2*x6/62500 + 21591*x2*x7/1000000 + 21559*x2*x8/1000000 + 21573*x2*x9/1000000 + 12251*x2/250000 + 5321*x3**2/500 + 21669*x3*x4/1000000 + 10867*x3*x5/500000 + 27519*x3*x6/500000 + 21591*x3*x7/1000000 + 21559*x3*x8/1000000 + 21573*x3*x9/1000000 + 12251*x3/250000 + 10639*x4**2/1000 + 21679*x4*x5/1000000 + 1731*x4*x6/62500 + 21591*x4*x7/1000000 + 21559*x4*x8/1000000 + 21573*x4*x9/1000000 + 12251*x4/250000 + 2661*x5**2/250 + 27551*x5*x6/500000 + 5403*x5*x7/250000 + 21499*x5*x8/500000 + 21573*x5*x9/1000000 + 12251*x5/250000 + 543*x6**2/40 + 5463*x6*x7/250000 + 12787*x6*x8/200000 + 681*x6*x9/31250 + 12177*x6/100000 + 2659*x7**2/250 + 4317*x7*x8/200000 + 21753*x7*x9/100000000 + 18191*x7/250000 + 2661*x8**2/250 + 21573*x8*x9/1000000 + 12251*x8/250000 + 5319*x9**2/500 + 18191*x9/250000 + 2433/200",
    "Q": "[[12.165442511516575, 0.031310661859983026, 0.022709043123357836, 0.03407755332986433, 0.058658505738127385, 0.02313589312033363, 0.0289907606730047, 0.02556773099371012, 0.028668618541007697, 0.03243970285171565, 0.021639464614963442, 0.028198980625610354, 0.028842549246946354, -0.15694826790796731], [0.031310661859983026, 10.637683048032606, 0.010997619766160514, 0.004995362038533293, 0.014746572750527778, 0.010777611003615696, 0.007738429025948054, 0.009523405385873833, 0.007908157403572402, 0.005889034875528045, 0.011549595691229247, 0.00815481308528769, 0.007816574379987413, 0.013859534848076113], [0.022709043123357836, 0.010997619766160514, 10.644278261539856, 0.008494655126401438, 0.02791177796688048, 0.017957957804815683, 0.013032273583315653, 0.015935599475988226, 0.013309825895501745, 0.00998223616140587, 0.019197051280512276, 0.013712578814238886, 0.013160104945712946, 0.02294581989885303], [0.03407755332986433, 0.004995362038533293, 0.008494655126401438, 10.635914960328487, 0.010332310343614265, 0.008322782107976951, 0.005954910227528491, 0.007343969452334586, 0.00608674840081258, 0.0045205893983835035, 0.008926032230231104, 0.006278437895113038, 0.006015603546266208, 0.010793025439356578], [0.058658505738127385, 0.014746572750527778, 0.02791177796688048, 0.010332310343614265, 13.574950301979134, 0.027262737124635367, 0.018367221419909225, 0.023581036736578923, 0.018862873931506683, 0.012946439611711439, 0.029545773503285903, 0.01958300829089588, 0.0185954420557656, 0.04973805953973268], [0.02313589312033363, 0.010777611003615696, 0.017957957804815683, 0.008322782107976951, 0.027262737124635367, 10.643915539776492, 0.012774139622213986, 0.015624447663255787, 0.013046557249837042, 0.009781620502436889, 0.018827924654432126, 0.013441885531263275, 0.012899604262162821, 0.022500866887924794], [0.0289907606730047, 0.007738429025948054, 0.013032273583315653, 0.005954910227528491, 0.018367221419909225, 0.012774139622213986, 10.639310164910118, 0.011301225543037714, 0.00939997069275626, 0.00701349474852626, 0.013679640702806167, 0.009690674866765942, 0.009291994461218546, 0.016364357661226632], [0.02556773099371012, 0.009523405385873833, 0.015935599475988226, 0.007343969452334586, 0.023581036736578923, 0.015624447663255787, 0.011301225543037714, 10.641918748264965, 0.011544148128814102, 0.008638459305720016, 0.016715434750461958, 0.011896810908026231, 0.01141309622890558, 0.019967662009978203], [0.028668618541007697, 0.007908157403572402, 0.013309825895501745, 0.00608674840081258, 0.018862873931506683, 0.013046557249837042, 0.00939997069275626, 0.011544148128814102, 10.639545352301784, 0.007167882674099035, 0.013970031617585789, 0.009900884530192664, 0.009494018196712448, 0.016707258168327774], [0.03243970285171565, 0.005889034875528045, 0.00998223616140587, 0.0045205893983835035, 0.012946439611711439, 0.009781620502436889, 0.00701349474852626, 0.008638459305720016, 0.007167882674099035, 10.636936401900346, 0.010485643928420756, 0.007392297240935599, 0.007084573394399497, 0.012614069214546587], [0.021639464614963442, 0.011549595691229247, 0.019197051280512276, 0.008926032230231104, 0.029545773503285903, 0.018827924654432126, 0.013679640702806167, 0.016715434750461958, 0.013970031617585789, 0.010485643928420756, 10.645203385745305, 0.014391345296911053, 0.013813389994425915, 0.02406330183692067], [0.028198980625610354, 0.00815481308528769, 0.013712578814238886, 0.006278437895113038, 0.01958300829089588, 0.013441885531263275, 0.009690674866765942, 0.011896810908026231, 0.009900884530192664, 0.007392297240935599, 0.014391345296911053, 10.639892130975955, 0.009787470916979582, 0.0172053998164388], [0.028842549246946354, 0.007816574379987413, 0.013160104945712946, 0.006015603546266208, 0.0185954420557656, 0.012899604262162821, 0.009291994461218546, 0.01141309622890558, 0.009494018196712448, 0.007084573394399497, 0.013813389994425915, 0.009787470916979582, 10.639418097579282, 0.01652224745011245], [-0.15694826790796731, 0.013859534848076113, 0.02294581989885303, 0.010793025439356578, 0.04973805953973268, 0.022500866887924794, 0.016364357661226632, 0.019967662009978203, 0.016707258168327774, 0.012614069214546587, 0.02406330183692067, 0.0172053998164388, 0.01652224745011245, 10.651332548759479]]",
    "monomial_list": "[1, x9, x8, x7, x6, x5, x4, x3, x2, x13, x12, x11, x10, x1]"
}