{
    "name": "Multiplier-8",
    "rational_expression": "5361*x1**2/500 + 11787*x1*x10/100000 + 11833*x1*x11/100000 + 14207*x1*x12/100000 + 5863*x1*x13/62500 + 11647*x1*x2/100000 + 3471*x1*x3/25000 + 11563*x1*x4/100000 + 6943*x1*x5/50000 + 287*x1*x6/2500 + 45543*x1*x7/500000 + 16459*x1*x8/100000 + 92247*x1*x9/1000000 - 78159*x1/100000 + 10673*x10**2/1000 + 68517*x10*x11/1000000 + 91677*x10*x12/1000000 + 33449*x10*x13/500000 + 33783*x10*x2/500000 + 90129*x10*x3/1000000 + 67029*x10*x4/1000000 + 44927*x10*x5/500000 + 66491*x10*x6/1000000 + 893*x10*x7/20000 + 2051*x10*x8/25000 + 65699*x10*x9/1000000 - 4707*x10/20000 + 5337*x11**2/500 + 92009*x11*x12/1000000 + 8387*x11*x13/125000 + 67789*x11*x2/1000000 + 11301*x11*x3/125000 + 16813*x11*x4/250000 + 90159*x11*x5/1000000 + 13343*x11*x6/200000 + 11203*x11*x7/250000 + 5131*x11*x8/62500 + 32961*x11*x9/500000 - 26079*x11/100000 + 1336*x12**2/125 + 68103*x12*x13/1000000 + 22783*x12*x2/250000 + 11261*x12*x3/100000 + 90443*x12*x4/1000000 + 11231*x12*x5/100000 + 89753*x12*x6/1000000 + 66199*x12*x7/1000000 + 2211*x12*x8/20000 + 44339*x12*x9/500000 - 33871*x12/100000 + 5333*x13**2/500 + 66749*x13*x2/1000000 + 33569*x13*x3/500000 + 66301*x13*x4/1000000 + 13373*x13*x5/200000 + 16463*x13*x6/250000 + 11061*x13*x7/250000 + 55303*x13*x8/1000000 + 11113*x13*x9/250000 - 18287*x13/100000 + 5337*x2**2/500 + 90129*x2*x3/1000000 + 67029*x2*x4/1000000 + 44927*x2*x5/500000 + 66491*x2*x6/1000000 + 893*x2*x7/20000 + 2051*x2*x8/25000 + 65699*x2*x9/1000000 - 4707*x2/20000 + 267*x3**2/25 + 89823*x3*x4/1000000 + 2787*x3*x5/25000 + 89133*x3*x6/1000000 + 65787*x3*x7/1000000 + 41073*x3*x8/500000 + 66121*x3*x9/1000000 - 3583*x3/12500 + 5337*x4**2/500 + 44927*x4*x5/500000 + 66491*x4*x6/1000000 + 893*x4*x7/20000 + 2051*x4*x8/25000 + 65699*x4*x9/1000000 - 4707*x4/20000 + 2137*x5**2/200 + 89517*x5*x6/1000000 + 66043*x5*x7/1000000 + 221*x5*x8/2000 + 88467*x5*x9/1000000 - 1953*x5/6250 + 10673*x6**2/1000 + 893*x6*x7/20000 + 2051*x6*x8/25000 + 65699*x6*x9/1000000 - 4707*x6/20000 + 1333*x7**2/125 + 55247*x7*x8/1000000 + 44229*x7*x9/1000000 - 487*x7/3125 + 2721*x8**2/200 + 8029*x8*x9/125000 - 52477*x8/1000000 + 10669*x9**2/1000 - 20991*x9/100000 + 13027/1000",
    "Q": "[[13.02732269510997, -0.10195766759429933, -0.03245018207259715, -0.07777358496360802, -0.12034929382485123, -0.1581212509838593, -0.11993107192663008, -0.14325957117123025, -0.12227324804410258, -0.09241786857506606, -0.16673053745699062, -0.12562779538280316, -0.12101292175065809, -0.38657264902888605], [-0.10195766759429933, 10.668726119203775, 0.03156153091563829, 0.023248455828992372, 0.03165011929123678, 0.03919561669363963, 0.03156707562216803, 0.03621590045282298, 0.03203228470658057, 0.026127759144359806, 0.040928396207473315, 0.032699161180077194, 0.03178191365075697, 0.04978202330351892], [-0.03245018207259715, 0.03156153091563829, 13.60543720933825, 0.024067500570376252, 0.03768372226813286, 0.05168167687200859, 0.037540037962179626, 0.04591417118038273, 0.03834755335169297, 0.02853387253353448, 0.055204859515131106, 0.039516329928989485, 0.03791216863731303, 0.08154690256024723], [-0.07777358496360802, 0.023248455828992372, 0.024067500570376252, 10.663476752024552, 0.02623099371998467, 0.03239541178055436, 0.026163036566108546, 0.02996358953414312, 0.026543700531330056, 0.021705593067864105, 0.033807913480885396, 0.0270892509508329, 0.026338840147968313, 0.041096154395556764], [-0.12034929382485123, 0.03165011929123678, 0.03768372226813286, 0.02623099371998467, 10.67338873463538, 0.044413083037716884, 0.03570629586111462, 0.041010120389229375, 0.036236772675117025, 0.02950785640534699, 0.046393359081269715, 0.0369973162902619, 0.03595126764549673, 0.05646598831946318], [-0.1581212509838593, 0.03919561669363963, 0.05168167687200859, 0.03239541178055436, 0.044413083037716884, 10.68464942241253, 0.04429398007901749, 0.050971047524345246, 0.04496127294150949, 0.036505539187393146, 0.057760473080572826, 0.045918177527155886, 0.04460211803810351, 0.07046339857635897], [-0.11993107192663008, 0.03156707562216803, 0.037540037962179626, 0.026163036566108546, 0.03570629586111462, 0.04429398007901749, 10.673276550990433, 0.04090070563297156, 0.03614085549173697, 0.029430797669370554, 0.04626859063178379, 0.036899255477452084, 0.035856154498990815, 0.05631313364937147], [-0.14325957117123025, 0.03621590045282298, 0.04591417118038273, 0.02996358953414312, 0.041010120389229375, 0.050971047524345246, 0.04090070563297156, 10.679958607325009, 0.04151370316229596, 0.03374315332024052, 0.05326432011741691, 0.042392681585015815, 0.04118377619945116, 0.06490765350068035], [-0.12227324804410258, 0.03203228470658057, 0.03834755335169297, 0.026543700531330056, 0.036236772675117025, 0.04496127294150949, 0.03614085549173697, 0.04151370316229596, 10.673908453125682, 0.029862467938489057, 0.04696763442776865, 0.037448622629556394, 0.03638900230728606, 0.05716971313009906], [-0.09241786857506606, 0.026127759144359806, 0.02853387253353448, 0.021705593067864105, 0.02950785640534699, 0.036505539187393146, 0.029430797669370554, 0.03374315332024052, 0.029862467938489057, 10.666531050650558, 0.038111257438448155, 0.03048121762330333, 0.029630150587085468, 0.04634345665401172], [-0.16673053745699062, 0.040928396207473315, 0.055204859515131106, 0.033807913480885396, 0.046393359081269715, 0.057760473080572826, 0.04626859063178379, 0.05326432011741691, 0.04696763442776865, 0.038111257438448155, 10.687511218301548, 0.0479701085488772, 0.0465913875598945, 0.0737149070779988], [-0.12562779538280316, 0.032699161180077194, 0.039516329928989485, 0.0270892509508329, 0.0369973162902619, 0.045918177527155886, 0.036899255477452084, 0.042392681585015815, 0.037448622629556394, 0.03048121762330333, 0.0479701085488772, 10.674828855021898, 0.03715294872901422, 0.05839887713547967], [-0.12101292175065809, 0.03178191365075697, 0.03791216863731303, 0.026338840147968313, 0.03595126764549673, 0.04460211803810351, 0.035856154498990815, 0.04118377619945116, 0.03638900230728606, 0.029630150587085468, 0.0465913875598945, 0.03715294872901422, 10.673567325995126, 0.05670862218344704], [-0.38657264902888605, 0.04978202330351892, 0.08154690256024723, 0.041096154395556764, 0.05646598831946318, 0.07046339857635897, 0.05631313364937147, 0.06490765350068035, 0.05716971313009906, 0.04634345665401172, 0.0737149070779988, 0.05839887713547967, 0.05670862218344704, 10.72235109037723]]",
    "monomial_list": "[1, x9, x8, x7, x6, x5, x4, x3, x2, x13, x12, x11, x10, x1]"
}