{
    "name": "Multiplier-3",
    "rational_expression": "10689*x1**2/1000 + 33939*x1*x10/500000 + 16939*x1*x11/250000 + 91329*x1*x12/1000000 + 33207*x1*x13/500000 + 33621*x1*x2/500000 + 3419*x1*x3/25000 + 66839*x1*x4/1000000 + 22497*x1*x5/250000 + 33227*x1*x6/500000 + 22129*x1*x7/500000 + 89373*x1*x8/1000000 + 65387*x1*x9/1000000 - 27759*x1/50000 + 10657*x10**2/1000 + 44539*x10*x11/1000000 + 65769*x10*x12/1000000 + 21957*x10*x13/500000 + 2761*x10*x2/62500 + 27793*x10*x3/500000 + 43979*x10*x4/1000000 + 64951*x10*x5/1000000 + 21851*x10*x6/500000 + 21639*x10*x7/500000 + 32243*x10*x8/500000 + 21611*x10*x9/500000 - 2541*x10/25000 + 5329*x11**2/500 + 65769*x11*x12/1000000 + 21957*x11*x13/500000 + 2761*x11*x2/62500 + 27793*x11*x3/500000 + 43979*x11*x4/1000000 + 64951*x11*x5/1000000 + 21851*x11*x6/500000 + 21639*x11*x7/500000 + 32243*x11*x8/500000 + 21611*x11*x9/500000 - 2541*x11/25000 + 10667*x12**2/1000 + 8869*x12*x13/200000 + 131*x12*x2/2000 + 82423*x12*x3/1000000 + 8151*x12*x4/125000 + 87569*x12*x5/1000000 + 64823*x12*x6/1000000 + 21721*x12*x7/500000 + 17391*x12*x8/200000 + 32089*x12*x9/500000 - 3773*x12/25000 + 2663*x13**2/250 + 5481*x13*x2/125000 + 7007*x13*x3/250000 + 21853*x13*x4/500000 + 137*x13*x5/3125 + 10873*x13*x6/250000 + 5433*x13*x7/250000 + 87*x13*x8/2000 + 43143*x13*x9/1000000 - 37731*x13/500000 + 5329*x2**2/500 + 27793*x2*x3/500000 + 43979*x2*x4/1000000 + 64951*x2*x5/1000000 + 21851*x2*x6/500000 + 21639*x2*x7/500000 + 32243*x2*x8/500000 + 21611*x2*x9/500000 - 2541*x2/25000 + 13591*x3**2/1000 + 64457*x3*x4/1000000 + 86473*x3*x5/1000000 + 8009*x3*x6/125000 + 43067*x3*x7/1000000 + 42929*x3*x8/500000 + 21421*x3*x9/500000 + 25411*x3/1000000 + 5329*x4**2/500 + 64951*x4*x5/1000000 + 21851*x4*x6/500000 + 21639*x4*x7/500000 + 32243*x4*x8/500000 + 21611*x4*x9/500000 - 2541*x4/25000 + 2133*x5**2/200 + 64781*x5*x6/1000000 + 43421*x5*x7/1000000 + 86913*x5*x8/1000000 + 43369*x5*x9/1000000 - 3773*x5/25000 + 10657*x6**2/1000 + 21639*x6*x7/500000 + 32243*x6*x8/500000 + 21611*x6*x9/500000 - 2541*x6/25000 + 213*x7**2/20 + 43309*x7*x8/1000000 + 21611*x7*x9/1000000 - 50821*x7/1000000 + 2133*x8**2/200 + 43369*x8*x9/1000000 - 3773*x8/25000 + 5327*x9**2/500 - 37731*x9/500000 + 1577/125",
    "Q": "[[12.615586379965809, -0.0383944684967869, -0.0730516707005688, -0.024470498666219406, -0.0491098252242656, -0.07154960137465113, -0.048864690228943915, 0.014359999970323261, -0.05023843832956036, -0.03288479789139314, -0.07674727832528917, -0.05220987075369606, -0.04949894692788524, -0.2766262245916449], [-0.0383944684967869, 10.653902199695086, 0.026087320054237154, 0.014571271226865558, 0.02030816192096898, 0.025717946919196245, 0.02025009362922926, 0.02306232065303884, 0.020575779846538782, 0.016509146252880406, 0.02700046303610463, 0.0210443161892035, 0.02040038091190985, 0.032709439863041014], [-0.0730516707005688, 0.026087320054237154, 10.665666026401697, 0.02127702895645011, 0.02985786806775981, 0.03796373646590093, 0.029770929456655413, 0.04029340624944634, 0.03025855804000426, 0.024172052493331875, 0.039887710614617496, 0.03096014432723377, 0.029995939254873188, 0.04838796785874309], [-0.024470498666219406, 0.014571271226865558, 0.02127702895645011, 10.65036542651961, 0.01660958018204976, 0.020979085161987227, 0.016562624142116598, 0.017095606689962572, 0.016825970753537017, 0.01353363537390412, 0.022013322237202575, 0.01720476278621965, 0.01668414933898345, 0.026694784006452265], [-0.0491098252242656, 0.02030816192096898, 0.02985786806775981, 0.01660958018204976, 10.657094233437657, 0.029432470939544354, 0.02313906149457606, 0.02799501703648691, 0.02351375039058971, 0.018836159988576347, 0.030909688069861163, 0.024052817049688778, 0.023311958563430688, 0.03743783204651879], [-0.07154960137465113, 0.025717946919196245, 0.03796373646590093, 0.020979085161987227, 0.029432470939544354, 10.665071021372794, 0.02934682404376114, 0.03946046383892021, 0.02982720761107597, 0.02383114796781691, 0.03931337753353838, 0.03051837033102979, 0.02956849070415159, 0.047682537861463765], [-0.048864690228943915, 0.02025009362922926, 0.029770929456655413, 0.016562624142116598, 0.02313906149457606, 0.02934682404376114, 10.657016703471218, 0.027878656193558282, 0.02344601728716117, 0.018782526114363724, 0.030819552479221343, 0.02398345631966817, 0.023244834551460248, 0.037328597428049254], [0.014359999970323261, 0.02306232065303884, 0.04029340624944634, 0.017095606689962572, 0.02799501703648691, 0.03946046383892021, 0.027878656193558282, 13.59025900452913, 0.028532977090104238, 0.020642311590288318, 0.0423839803425003, 0.029481590209143108, 0.028180079297646043, 0.06568806145502665], [-0.05023843832956036, 0.020575779846538782, 0.03025855804000426, 0.016825970753537017, 0.02351375039058971, 0.02982720761107597, 0.02344601728716117, 0.028532977090104238, 10.657453894417248, 0.019083337120378917, 0.03132511209773868, 0.02437248812549367, 0.023621319568596023, 0.03794142749147701], [-0.03288479789139314, 0.016509146252880406, 0.024172052493331875, 0.01353363537390412, 0.018836159988576347, 0.02383114796781691, 0.018782526114363724, 0.020642311590288318, 0.019083337120378917, 10.652419621811054, 0.02501471444115822, 0.019516069820281427, 0.018921335995945695, 0.030313041092822193], [-0.07674727832528917, 0.02700046303610463, 0.039887710614617496, 0.022013322237202575, 0.030909688069861163, 0.03931337753353838, 0.030819552479221343, 0.0423839803425003, 0.03132511209773868, 0.02501471444115822, 10.667161614319213, 0.03205249489197706, 0.031052836456624072, 0.050135931922879524], [-0.05220987075369606, 0.0210443161892035, 0.03096014432723377, 0.01720476278621965, 0.024052817049688778, 0.03051837033102979, 0.02398345631966817, 0.029481590209143108, 0.02437248812549367, 0.019516069820281427, 0.03205249489197706, 10.658092806556681, 0.02416297128358049, 0.03882379092646636], [-0.04949894692788524, 0.02040038091190985, 0.029995939254873188, 0.01668414933898345, 0.023311958563430688, 0.02956849070415159, 0.023244834551460248, 0.028180079297646043, 0.023621319568596023, 0.018921335995945695, 0.031052836456624072, 0.02416297128358049, 10.657217734146963, 0.03761133555664297], [-0.2766262245916449, 0.032709439863041014, 0.04838796785874309, 0.026694784006452265, 0.03743783204651879, 0.047682537861463765, 0.037328597428049254, 0.06568806145502665, 0.03794142749147701, 0.030313041092822193, 0.050135931922879524, 0.03882379092646636, 0.03761133555664297, 10.688377615425164]]",
    "monomial_list": "[1, x9, x8, x7, x6, x5, x4, x3, x2, x13, x12, x11, x10, x1]"
}