{
    "name": "Total Decomposition",
    "rational_expression": "8437*x1**4/10000 + 281*x1**3*x2/5000 - 5943*x1**3/10000 + 611*x1**2*x2**2/500 + 1253*x1**2*x2/1000 + 1603*x1**2/1000 + 3793*x1*x2**3/50000 - 4261*x1*x2**2/10000 - 7779*x1*x2/10000 + 2593*x2**4/5000 + 1377*x2**3/1000 + 2167*x2**2/5000 - 1323*x2/5000 + 2321/1000",
    "Q": "[[2.3213283991908487, -0.13324323597374993, -2.027194754846118e-05, -0.5177309404808447, -0.11254901200672368, 0.12103899157759794], [-0.13324323597374993, 1.4686490688050498, -0.2774397662724766, 0.6884100717352383, -0.08133379359760125, 0.28273512981847543], [-2.027194754846118e-05, -0.2774397662724766, 1.3620749446640945, -0.1314521397739981, 0.34408505950367096, -0.2975432622735223], [-0.5177309404808447, 0.6884100717352383, -0.1314521397739981, 0.5188239527291654, 0.03841744434333359, 0.10214172855547123], [-0.11254901200672368, -0.08133379359760125, 0.34408505950367096, 0.03841744434333359, 1.0189913605905527, 0.027942821719929345], [0.12103899157759794, 0.28273512981847543, -0.2975432622735223, 0.10214172855547123, 0.027942821719929345, 0.8440071939794018]]",
    "monomial_list": "[1, x2, x1, x2**2, x1*x2, x1**2]"
}