{
    "name": "Total Decomposition",
    "rational_expression": "49*x1**4/25 + 509*x1**3*x2/12500 - 5341*x1**3/10000 + 3857*x1**2*x2**2/1000 - 1633*x1**2*x2/5000 + 2117*x1**2/1000 + 3097*x1*x2**3/50000 + 103*x1*x2**2/125 + 1581*x1*x2/5000 - 227*x1/625 + 207*x2**4/100 + 201*x2**3/200 + 3959*x2**2/1000 + 1169*x2/1000 + 3077/1000",
    "Q": "[[3.0767906150162387, 0.5834380668724043, -0.18302225848718076, 0.29612039860468964, 0.16094660265913174, -0.16042904058706675], [0.5834380668724043, 3.3680102770057125, -0.0030535028546297377, 0.5012013452154515, 0.3697930968533862, -0.024010207332751374], [-0.18302225848718076, -0.0030535028546297377, 2.436793120027532, 0.0418634600700921, -0.14073388875137455, -0.26809970336706457], [0.29612039860468964, 0.5012013452154515, 0.0418634600700921, 2.069982882255826, 0.03015799542986956, 0.24886230722745997], [0.16094660265913174, 0.3697930968533862, -0.14073388875137455, 0.03015799542986956, 3.360781106480735, 0.020856159133598704], [-0.16042904058706675, -0.024010207332751374, -0.26809970336706457, 0.24886230722745997, 0.020856159133598704, 1.9602603441434001]]",
    "monomial_list": "[1, x2, x1, x2**2, x1*x2, x1**2]"
}