B1=0.569716417053974*x1**2 + 0.0205636189833706*x1*x2 - 0.1456041094921*x1 - 0.313883766249777*x2**2 + 0.247317966079405*x2 + 5.71647057501454
B2=0.658356854942035*x1**2 - 0.00997668604398185*x1*x2 - 0.115468118819868*x1 - 2.97235582985346*x2**2 + 5.13426740935931*x2 + 3.93724397809397