B1=0.603570676625175*x1**2 + 0.0707272801903379*x1*x2 - 0.293212284304949*x1 - 0.29822191551472*x2**2 + 0.23149880226525*x2 + 5.95805903301314
B2=0.650876747774176*x1**2 + 0.0659216960021901*x1*x2 - 0.0704883915290857*x1 - 2.96214882157158*x2**2 + 4.98660052967173*x2 + 4.03452244471573