B1=-3.03974503867186*x1**2 - 6.43029550369488*x1*x2 - 6.20152222907229*x1*x3 - 8.73234602836036*x1 - 1.30351739632385*x2**2 - 2.34420000228882*x2*x3 - 16.5638403997627*x2 - 1.88942747547983*x3**2 - 15.4389105047313*x3 + 1.43371509951702
B2=-4.65835424045922*x1**2 + 3.81190114228139*x1*x2 + 5.55392047846878*x1*x3 + 8.14377697553715*x1 - 5.4225996746441*x2**2 - 11.8813332661383*x2*x3 - 5.83010659171432*x2 - 7.59229280458939*x3**2 - 5.65460729332578*x3 + 2.76814989771161