B1=0.125035491934841*x1**2 + 0.14812219317733*x1*x2 - 0.0196837849082721*x1 - 0.0501950964862478*x2**2 + 0.229845831245944*x2 - 0.00364066891991519
B2=0.10467301356598*x1**2 - 2.12577619776395*x1*x2 + 2.09391818964383*x1 - 2.24547506986622*x2**2 + 0.481309746721847*x2 + 2.87111288123795