B1=0.156403071975736*x1**2 + 0.170864910517283*x1*x2 - 0.00864187216500502*x1 - 0.0404069526809021*x2**2 + 0.24076689858661*x2 - 0.00520842988073001
B2=0.122468693789575*x1**2 - 2.70627115297544*x1*x2 + 2.73252669405842*x1 - 2.89709604128926*x2**2 + 0.453293930570301*x2 + 3.64915969231847