B1=3.10176604875986*x1**2 - 7.09500273992867*x1*x2 + 14.2383885236143*x1 + 3.72265287152508*x2**2 - 10.1846277027941*x2 + 16.1390848124014
B2=10.2838469370861*x1**2 + 11.6897279326449*x1*x2 - 15.3494501483727*x1 + 2.47163881671441*x2**2 - 14.8856923949846*x2 + 4.5849924810081