B1=0.112785805039066*x1**2 + 0.231629743587772*x1*x2 + 0.0897335537540442*x1 + 0.104988845097028*x2**2 + 0.298496939410874*x2 + 0.0242411118116715
B2=0.130542415033876*x1**2 - 2.67117872806617*x1*x2 + 2.29336996316917*x1 - 2.11494708984146*x2**2 + 1.67940107884018*x2 + 2.29669328201718