B1=15.0351592873737*x1**2 + 12.3069359303273*x1*x2 + 44.2495551542016*x1 + 3.7689199327994*x2**2 + 14.4435207466012*x2 + 29.3848939899898
B2=-11.0657771719423*x1**2 - 39.8063626618796*x1*x2 - 100.360459062151*x1 - 28.126833109268*x2**2 - 143.867696707355*x2 + 30.6130803735312