B1=-1.57873544581837*x1**2 + 4.78183054896617*x1*x2 - 16.2656967054335*x1 - 0.272800315077181*x2**2 - 3.69625540788541*x2 - 9.97208067412077
B2=-3.09863895274334*x1**2 - 0.823799239022852*x1*x2 - 4.58311167101213*x1 - 0.541091093388132*x2**2 - 3.61819472306401*x2 - 8.17874203405782