B1=2.66460779086113*x1**2 - 3.94639638138918*x1*x2 + 3.25608511011832*x1 + 2.13302524633815*x2**2 - 3.3716523557757*x2 + 1.51080414559736
B2=-1.82708916216976*x1**2 + 3.26040940999121*x1*x2 - 3.8702956709115*x1 - 3.33193180166753*x2**2 - 3.32302918274636*x2 + 5.78092555911464