B1=1.65792979952807*x1**2 + 2.69505081516411*x1*x2 - 4.11006409110019*x1 - 0.350813762137233*x2**2 - 4.62803591441397*x2 + 4.39374838363496
B2=-0.125995654153823*x1**2 + 1.32571575619739*x1*x2 - 0.592640307138517*x1 + 0.600074573959403*x2**2 + 1.5108902216447*x2 - 1.25218888584688