B1=0.00859781629883217*x1**2 - 0.140198421476202*x1*x2 + 0.0403995692354558*x1*x3 + 0.0737114094793684*x1 - 0.108331390787879*x2**2 + 0.085741025553504*x2*x3 - 0.146027257409111*x2 + 0.0809078998708576*x3**2 + 0.0192309062470404*x3 + 0.55093042712097
B2=-0.16266598077059*x1**2 - 0.0696535101104723*x1*x2 - 0.086899942302376*x1*x3 - 0.0752428093237503*x1 - 0.00567070680033357*x2**2 + 0.016619281615747*x2*x3 + 0.515150832389767*x2 - 0.0151230171448801*x3**2 + 0.00500720758289995*x3 - 0.231974720632261