{
    "name": "Total Decomposition",
    "rational_expression": "433*x1**4/250 - 261*x1**3*x2/1000 - 337*x1**3*x3/1250 - 1281*x1**3*x4/5000 - 2389*x1**3/1000 + 3*x1**2*x2**2 + 243*x1**2*x2*x3/3125 + 2193*x1**2*x2*x4/25000 - 1217*x1**2*x2/500 + 599*x1**2*x3**2/200 + 1331*x1**2*x3*x4/10000 - 2513*x1**2*x3/1000 + 1499*x1**2*x4**2/500 - 2429*x1**2*x4/1000 + 4723*x1**2/1000 - 2567*x1*x2**3/10000 + 1073*x1*x2**2*x3/10000 + 8983*x1*x2**2*x4/100000 - 2401*x1*x2**2/1000 + 359*x1*x2*x3**2/12500 - 103*x1*x2*x3*x4/62500 - 2203*x1*x2*x3/5000 + 329*x1*x2*x4**2/12500 - 4063*x1*x2*x4/10000 - 2213*x1*x2/5000 - 2627*x1*x3**3/10000 + 3383*x1*x3**2*x4/50000 - 627*x1*x3**2/250 + 473*x1*x3*x4**2/5000 - 5909*x1*x3*x4/10000 + 139*x1*x3/1000 - 349*x1*x4**3/1250 - 239*x1*x4**2/100 + 6651*x1*x4/10000 + 2843*x1/10000 + 1771*x2**4/1000 - 2673*x2**3*x3/10000 - 2689*x2**3*x4/10000 - 481*x2**3/200 + 149*x2**2*x3**2/50 + 709*x2**2*x3*x4/5000 - 487*x2**2*x3/200 + 2969*x2**2*x4**2/1000 - 239*x2**2*x4/100 + 4403*x2**2/1000 - 471*x2*x3**3/2000 + 2191*x2*x3**2*x4/50000 - 513*x2*x3**2/200 + 3053*x2*x3*x4**2/50000 - 51*x2*x3*x4/100 - 8591*x2*x3/10000 - 1517*x2*x4**3/5000 - 2521*x2*x4**2/1000 - 723*x2*x4/500 - 581*x2/200 + 1781*x3**4/1000 - 711*x3**3*x4/2500 - 219*x3**3/100 + 2991*x3**2*x4**2/1000 - 2587*x3**2*x4/1000 + 1707*x3**2/250 - 3311*x3*x4**3/10000 - 2461*x3*x4**2/1000 - 5403*x3*x4/10000 + 543*x3/200 + 441*x4**4/250 - 1149*x4**3/500 + 589*x4**2/100 + 3079*x4/5000 + 3947/500",
    "Q": "[[7.894059620610603, 0.3067862544742445, 1.3565434894819977, -1.4564235816459925, 0.14104007411340536, 0.7005440928645159, -1.2020361310723795, -1.1746306207701847, -0.6690704792336692, 0.8472964490563849, -0.9029350549881835, -0.932230438934796, 0.18638010334903368, -0.8524088666124026, 0.31083373003746073], [0.3067862544742445, 4.484438361241257, 0.9272782420841079, 0.45445873819744204, 1.0041359475703608, -1.1507824900870016, -0.7128036262096524, -0.7109992713779927, -0.6390886435616542, -0.45111104674267405, -0.08808749184849685, -0.07293612076930185, -0.7274588450050286, -0.1347012230259423, -0.6231957085158911], [1.3565434894819977, 0.9272782420841079, 5.1375209192307985, 0.46873408500155145, 1.0010881552166222, -0.5147334615146734, -0.8418248987998644, -0.34195793658609225, -0.12308780971532848, -1.0955556781235094, -0.7535264905690341, -0.7789378443482773, -0.7630258985096037, -0.25791631800746134, -0.6457483520315123], [-1.4564235816459925, 0.45445873819744204, 0.46873408500155145, 4.026263239576043, 0.6326316478135662, -0.5497596105469497, 0.17662320906353235, -0.4701250459505536, 0.10815967916839916, -0.5317374141196137, -0.4520213765796322, 0.13264768883187267, -1.2010767380890193, -0.490381617142808, -0.5565751614596546], [0.14104007411340536, 1.0041359475703608, 1.0010881552166222, 0.6326316478135662, 4.108095460221211, -0.5558877381057363, -0.10061692474891852, -0.1737434805536667, -0.5917690968061832, -0.4761812169364166, -0.0953374433874904, -0.611045204464014, -0.7136492675071547, -0.6613375733681959, -1.196662455351856], [0.7005440928645159, -1.1507824900870016, -0.5147334615146734, -0.5497596105469497, -0.5558877381057363, 1.763679731719562, -0.16577829173534925, -0.15133341162204914, -0.1395116715822092, 0.3230033758722894, -0.05964209810507554, -0.02375830434901998, 0.34045137537307296, -0.012297751851658016, 0.3683572499388234], [-1.2020361310723795, -0.7128036262096524, -0.8418248987998644, 0.17662320906353235, -0.10061692474891852, -0.16577829173534925, 2.3453076310139473, 0.09144298712767823, 0.07115418250218293, -0.14306502198603893, 0.08216958459966582, 0.08681171382292854, 0.0222551884253357, 0.021625439447149286, 0.03756413044333966], [-1.1746306207701847, -0.7109992713779927, -0.34195793658609225, -0.4701250459505536, -0.1737434805536667, -0.15133341162204914, 0.09144298712767823, 2.287974089811529, 0.024289145661490607, -0.05966645259622115, 0.05015190023413918, 0.028422354574367772, -0.13422531674795568, 0.048202690255100225, 0.05669859119985107], [-0.6690704792336692, -0.6390886435616542, -0.12308780971532848, 0.10815967916839916, -0.5917690968061832, -0.1395116715822092, 0.07115418250218293, 0.024289145661490607, 2.262533063367179, -0.05205848809575799, -0.05004779402151739, 0.028607193293099832, -0.00229210734086626, -0.014458055718316395, -0.12798206954302174], [0.8472964490563849, -0.45111104674267405, -1.0955556781235094, -0.5317374141196137, -0.4761812169364166, 0.3230033758722894, -0.14306502198603893, -0.05966645259622115, -0.05205848809575799, 1.7827774082626873, -0.1174417261798951, -0.13168959787776266, 0.34372314986034674, -0.03697556329524452, 0.3355272562740701], [-0.9029350549881835, -0.08808749184849685, -0.7535264905690341, -0.4520213765796322, -0.0953374433874904, -0.05964209810507554, 0.08216958459966582, 0.05015190023413918, -0.05004779402151739, -0.1174417261798951, 2.292281591811928, 0.05174933282964016, -0.13371074494358093, 0.03271388153255123, 0.019424492178612005], [-0.932230438934796, -0.07293612076930185, -0.7789378443482773, 0.13264768883187267, -0.611045204464014, -0.02375830434901998, 0.08681171382292854, 0.028422354574367772, 0.028607193293099832, -0.13168959787776266, 0.05174933282964016, 2.3249535648363215, 0.023262293152574668, 0.02012859988340933, -0.13383039308181344], [0.18638010334903368, -0.7274588450050286, -0.7630258985096037, -1.2010767380890193, -0.7136492675071547, 0.34045137537307296, 0.0222551884253357, -0.13422531674795568, -0.00229210734086626, 0.34372314986034674, -0.13371074494358093, 0.023262293152574668, 1.770184387274122, -0.1278810577596844, 0.3890286242418216], [-0.8524088666124026, -0.1347012230259423, -0.25791631800746134, -0.490381617142808, -0.6613375733681959, -0.012297751851658016, 0.021625439447149286, 0.048202690255100225, -0.014458055718316395, -0.03697556329524452, 0.03271388153255123, 0.02012859988340933, -0.1278810577596844, 2.2234167887676404, -0.13125746314237335], [0.31083373003746073, -0.6231957085158911, -0.6457483520315123, -0.5565751614596546, -1.196662455351856, 0.3683572499388234, 0.03756413044333966, 0.05669859119985107, -0.12798206954302174, 0.3355272562740701, 0.019424492178612005, -0.13383039308181344, 0.3890286242418216, -0.13125746314237335, 1.7326416280078352]]",
    "monomial_list": "[1, x4, x3, x2, x1, x4**2, x3*x4, x2*x4, x1*x4, x3**2, x2*x3, x1*x3, x2**2, x1*x2, x1**2]"
}