{
    "name": "Multiplier-2",
    "rational_expression": "12931*x1**2/1000 + 91177*x1*x10/1000000 - 5927*x1*x11/500000 + 18391*x1*x12/500000 + 3961*x1*x13/250000 - 19703*x1*x14/1000000 + 21963*x1*x15/500000 + 13813*x1*x16/2000000 + 43849*x1*x17/1000000 - 10351*x1*x2/100000 + 47129*x1*x3/1000000 + 70789*x1*x4/1000000 - 16951*x1*x5/1000000 + 4649*x1*x6/100000 + 16561*x1*x7/2000000 + 839*x1*x8/20000 + 10829*x1*x9/1000000 - 63729*x1/100000 + 519*x10**2/40 - 3273*x10*x11/50000 + 35751*x10*x12/1000000 + 13749*x10*x13/1000000 - 5157*x10*x14/250000 + 20711*x10*x15/500000 + 32533*x10*x16/1000000 + 15347*x10*x17/1000000 - 4497*x10*x2/25000 - 3941*x10*x3/500000 + 92809*x10*x4/1000000 - 4591*x10*x5/250000 + 8439*x10*x6/500000 + 6841*x10*x7/1000000 + 3919*x10*x8/100000 + 4477*x10*x9/500000 - 52657*x10/100000 + 6459*x11**2/500 - 15179*x11*x12/1000000 + 13973*x11*x13/1000000 + 2351*x11*x14/400000 + 15519*x11*x15/1000000 + 34543*x11*x16/5000000 + 15519*x11*x17/1000000 - 21313*x11*x2/100000 + 869*x11*x3/50000 - 2507*x11*x4/250000 + 6841*x11*x5/1000000 + 16851*x11*x6/1000000 + 6841*x11*x7/1000000 + 13167*x11*x8/1000000 + 4477*x11*x9/500000 - 52657*x11/100000 + 12909*x12**2/1000 - 3451*x12*x13/250000 + 31153*x12*x14/1000000 + 3147*x12*x15/250000 + 2991*x12*x16/500000 - 6311*x12*x17/500000 - 22367*x12*x2/100000 - 579*x12*x3/50000 + 1499*x12*x4/125000 + 54277*x12*x5/10000000 - 3197*x12*x6/250000 + 10803*x12*x7/2000000 + 519*x12*x8/50000 + 14131*x12*x9/2000000 - 20771*x12/50000 + 517*x13**2/40 + 15767*x13*x14/2500000 + 22111*x13*x15/500000 + 76207*x13*x16/10000000 + 18173*x13*x17/1000000 - 843*x13*x2/5000 + 21051*x13*x3/1000000 + 18489*x13*x4/1000000 + 16561*x13*x5/2000000 + 20391*x13*x6/1000000 + 16561*x13*x7/2000000 + 15927*x13*x8/1000000 + 10829*x13*x9/1000000 - 63729*x13/100000 + 6457*x14**2/500 - 4829*x14*x15/250000 + 30127*x14*x16/1000000 - 18453*x14*x17/1000000 - 12243*x14*x2/50000 - 1181*x14*x3/62500 - 2337*x14*x4/50000 + 28597*x14*x5/1000000 - 22989*x14*x6/500000 + 14259*x14*x7/500000 - 10187*x14*x8/500000 + 3663*x14*x9/125000 - 243*x14/1250 + 12943*x15**2/1000 + 16473*x15*x16/2000000 + 46443*x15*x17/1000000 - 16159*x15*x2/100000 + 49849*x15*x3/1000000 + 4703*x15*x4/100000 + 23343*x15*x5/2500000 + 12283*x15*x6/250000 + 46817*x15*x7/5000000 + 4401*x15*x8/100000 + 6121*x15*x9/500000 - 18003*x15/25000 + 3227*x16**2/250 - 8881*x16*x17/500000 - 2397*x16*x2/10000 - 17047*x16*x3/1000000 - 9509*x16*x4/500000 + 29323*x16*x5/1000000 - 4417*x16*x6/100000 + 5849*x16*x7/200000 + 62533*x16*x8/10000000 + 1701*x16*x9/400000 - 12509*x16/50000 + 12931*x17**2/1000 - 16133*x17*x2/100000 + 49849*x17*x3/1000000 + 11751*x17*x4/250000 + 23343*x17*x5/2500000 + 9821*x17*x6/200000 + 46817*x17*x7/5000000 + 17987*x17*x8/1000000 + 6121*x17*x9/500000 - 18003*x17/25000 + 2069*x2**2/125 - 14519*x2*x3/100000 - 18131*x2*x4/100000 - 22343*x2*x5/100000 - 3463*x2*x6/20000 - 22343*x2*x7/100000 - 9573*x2*x8/50000 - 2659*x2*x9/12500 - 13439*x2/5000 + 12949*x3**2/1000 + 26571*x3*x4/1000000 + 593*x3*x5/50000 + 55339*x3*x6/1000000 + 5943*x3*x7/500000 + 22847*x3*x8/1000000 + 15557*x3*x9/1000000 - 22863*x3/25000 + 12963*x4**2/1000 - 4163*x4*x5/100000 + 4867*x4*x6/62500 - 3693*x4*x7/250000 + 46097*x4*x8/1000000 + 1707*x4*x9/125000 - 16059*x4/20000 + 12907*x5**2/1000 - 14583*x5*x6/1000000 + 15337*x5*x7/500000 + 5621*x5*x8/625000 + 15303*x5*x9/2500000 - 18003*x5/50000 + 12959*x6**2/1000 - 14477*x6*x7/1000000 + 48157*x6*x8/1000000 + 3011*x6*x9/200000 - 88579*x6/100000 + 12907*x7**2/1000 + 5621*x7*x8/625000 + 15303*x7*x9/2500000 - 18003*x7/50000 + 12929*x8**2/1000 + 11767*x8*x9/1000000 - 69223*x8/100000 + 1614*x9**2/125 - 47079*x9/100000 + 1731/125",
    "Q": "[[13.847538342742729, -0.23942655365454535, -0.344745616769194, -0.1851579106371607, -0.4424227321028382, -0.1792806238910229, -0.4061523587506267, -0.451084097364995, -1.3397945969416556, -0.36237025944947815, -0.12267545668140054, -0.3620172953461595, -0.096639243508352, -0.3205956251560895, -0.20771172752877443, -0.2588644993512607, -0.2633915108957187, -0.31217562117189335], [-0.23942655365454535, 12.912393107154852, 0.0007903218186885311, 0.009076717235873383, 0.0027945261915036765, 0.0070355229971504835, 0.0017963385578067949, 0.006617920432017801, -0.10073094779536819, 0.006519636287274293, 0.006521719694209246, 0.009111167561522448, 0.009126711750261361, 0.009138040390654691, 0.002484816087954204, 0.0068439914981973885, 0.0026027253042713782, 0.006635228176621458], [-0.344745616769194, 0.0007903218186885311, 12.928115604293168, 0.0031381500045329063, 0.018628138309564193, -0.0008507205913399179, 0.02258573030442349, 0.015657792433426285, -0.09363728248196233, 0.013276475548482089, -0.002422791992441044, 0.017835207555750913, -0.005951753331808362, 0.008610210908919159, 0.00460490087032486, 0.0024665851220190666, 0.020240612469420036, 0.020448948378351043], [-0.1851579106371607, 0.009076717235873383, 0.0031381500045329063, 12.907832170295473, -0.007866211167017148, 0.00917271395317422, -0.0013386820960573816, 0.0014428476969270108, -0.10847610675890709, 0.0023814636688002226, 0.01215583608883296, 0.00875126271659863, 0.011904461309962883, 0.005564157931566199, 0.007683464134726443, 0.003130631443231368, 0.008649569204733781, 0.0063528173322486975], [-0.4424227321028382, 0.0027945261915036765, 0.018628138309564193, -0.007866211167017148, 12.95903502140997, -0.007389428027450611, 0.03849141066434095, 0.025808211207007388, -0.08547706693626418, 0.02218709188495724, -0.016619639932202116, 0.020121741687551768, -0.01904631818766006, 0.014987678846213347, -0.006326367872276847, 0.010367936155126028, 0.008192645694787424, 0.021746894251261514], [-0.1792806238910229, 0.0070355229971504835, -0.0008507205913399179, 0.00917271395317422, -0.007389428027450611, 12.907519964753801, -0.01780071189366927, 0.0019570360133614093, -0.10846576286368236, 0.0012755343565070197, 0.010379078874103007, 0.0007062967269120112, 0.018518809352820142, 0.003053667139027693, 0.005299638061762884, 0.006081218160621367, -0.009050697358307531, -0.004077158794940265], [-0.4061523587506267, 0.0017963385578067949, 0.02258573030442349, -0.0013386820960573816, 0.03849141066434095, -0.01780071189366927, 12.963084584046747, 0.018950179682713026, -0.087111938308141, 0.01941656842143849, -0.010240566714832871, 0.026486458618886422, -0.02342190046660631, 0.013860823666274063, 0.0034003678971612204, -0.003877853580782528, 0.04301325939201299, 0.03718215723885987], [-0.451084097364995, 0.006617920432017801, 0.015657792433426285, 0.0014428476969270108, 0.025808211207007388, 0.0019570360133614093, 0.018950179682713026, 12.948762463263106, -0.07137899768080515, 0.019552417677936584, -0.006926925562416827, 0.021541770211234598, -0.006355255432065915, 0.014990905132983177, -0.001815861831029487, 0.012608717436869053, -4.0844121151409614e-05, 0.018874535854838635], [-1.3397945969416556, -0.10073094779536819, -0.09363728248196233, -0.10847610675890709, -0.08547706693626418, -0.10846576286368236, -0.087111938308141, -0.07137899768080515, 16.551047014364723, -0.0879116540490304, -0.11715302156630597, -0.08319423530167436, -0.11884819804632371, -0.09045902012930032, -0.10925075680411066, -0.10033417792002497, -0.0942170893803921, -0.045025378181523135], [-0.36237025944947815, 0.006519636287274293, 0.013276475548482089, 0.0023814636688002226, 0.02218709188495724, 0.0012755343565070197, 0.01941656842143849, 0.019552417677936584, -0.0879116540490304, 12.931572574554385, -0.009726989443845929, 0.01982400481570394, -0.008111420526839108, 0.011982153328564532, -0.0003339326282595029, 0.007692800575122593, 0.005038506448634855, 0.016076837961969327], [-0.12267545668140054, 0.006521719694209246, -0.002422791992441044, 0.01215583608883296, -0.016619639932202116, 0.010379078874103007, -0.010240566714832871, -0.006926925562416827, -0.11715302156630597, -0.009726989443845929, 12.907716030859921, -0.0013551426871590167, 0.021035871277743635, 0.001372165098207493, 0.00802526553141658, 0.0016360313774972863, 0.010334304017076268, 0.001723593293905608], [-0.3620172953461595, 0.009111167561522448, 0.017835207555750913, 0.00875126271659863, 0.020121741687551768, 0.0007062967269120112, 0.026486458618886422, 0.021541770211234598, -0.08319423530167436, 0.01982400481570394, -0.0013551426871590167, 12.942914094338681, -0.0147678384570245, 0.018521416715352877, 0.0017540681036213686, 0.003311213544996465, 0.02369427912905697, 0.025374127281853984], [-0.096639243508352, 0.009126711750261361, -0.005951753331808362, 0.011904461309962883, -0.01904631818766006, 0.018518809352820142, -0.02342190046660631, -0.006355255432065915, -0.11884819804632371, -0.008111420526839108, 0.021035871277743635, -0.0147678384570245, 12.914361434893653, -0.0030949341089299047, 0.011156757212663352, 0.008636798814946401, -0.010801212281281324, -0.007923442953019942], [-0.3205956251560895, 0.009138040390654691, 0.008610210908919159, 0.005564157931566199, 0.014987678846213347, 0.003053667139027693, 0.013860823666274063, 0.014990905132983177, -0.09045902012930032, 0.011982153328564532, 0.001372165098207493, 0.018521416715352877, -0.0030949341089299047, 12.92562488259172, -0.004697601105151873, 0.008768738300646043, 0.002624896497430069, 0.012289829740841156], [-0.20771172752877443, 0.002484816087954204, 0.00460490087032486, 0.007683464134726443, -0.006326367872276847, 0.005299638061762884, 0.0034003678971612204, -0.001815861831029487, -0.10925075680411066, -0.0003339326282595029, 0.00802526553141658, 0.0017540681036213686, 0.011156757212663352, -0.004697601105151873, 12.909249041409039, -0.003630627293029874, 0.02204250147892718, 0.011870431962141556], [-0.2588644993512607, 0.0068439914981973885, 0.0024665851220190666, 0.003130631443231368, 0.010367936155126028, 0.006081218160621367, -0.003877853580782528, 0.012608717436869053, -0.10033417792002497, 0.007692800575122593, 0.0016360313774972863, 0.003311213544996465, 0.008636798814946401, 0.008768738300646043, -0.003630627293029874, 12.918094938421394, -0.03253378034550031, -0.006348661328482335], [-0.2633915108957187, 0.0026027253042713782, 0.020240612469420036, 0.008649569204733781, 0.008192645694787424, -0.009050697358307531, 0.04301325939201299, -4.0844121151409614e-05, -0.0942170893803921, 0.005038506448634855, 0.010334304017076268, 0.02369427912905697, -0.010801212281281324, 0.002624896497430069, 0.02204250147892718, -0.03253378034550031, 12.97500026193756, 0.05110682065865707], [-0.31217562117189335, 0.006635228176621458, 0.020448948378351043, 0.0063528173322486975, 0.021746894251261514, -0.004077158794940265, 0.03718215723885987, 0.018874535854838635, -0.045025378181523135, 0.016076837961969327, 0.001723593293905608, 0.025374127281853984, -0.007923442953019942, 0.012289829740841156, 0.011870431962141556, -0.006348661328482335, 0.05110682065865707, 12.930482921284769]]",
    "monomial_list": "[1, x9, x8, x7, x6, x5, x4, x3, x2, x17, x16, x15, x14, x13, x12, x11, x10, x1]"
}