{
    "name": "Multiplier-13",
    "rational_expression": "12911*x1**2/1000 + 92507*x1*x10/1000000 - 47281*x1*x11/1000000 + 6329*x1*x12/500000 - 953*x1*x13/6250 - 3207*x1*x14/200000 + 21431*x1*x15/5000000 - 4347*x1*x16/250000 - 20469*x1*x17/1000000 - 16931*x1*x2/1000000 - 4909*x1*x3/250000 + 1193*x1*x4/40000 - 19093*x1*x5/1000000 + 19183*x1*x6/10000000 - 357*x1*x7/20000 + 29891*x1*x8/5000000 - 19691*x1*x9/1000000 - 45783*x1/100000 + 12991*x10**2/1000 - 96853*x10*x11/1000000 + 46421*x10*x12/1000000 - 19281*x10*x13/100000 - 17741*x10*x14/500000 + 69727*x10*x15/10000000 + 81*x10*x16/6250 - 18261*x10*x17/1000000 + 6859*x10*x2/500000 - 10699*x10*x3/250000 + 32273*x10*x4/1000000 - 8117*x10*x5/200000 - 11439*x10*x6/500000 - 13097*x10*x7/1000000 + 98383*x10*x8/10000000 - 8457*x10*x9/500000 - 2358*x10/3125 + 6447*x11**2/500 - 4891*x11*x12/250000 - 27857*x11*x13/100000 + 37507*x11*x14/10000000 - 24371*x11*x15/1000000 - 11151*x11*x16/500000 - 23411*x11*x17/1000000 - 11467*x11*x2/500000 - 23119*x11*x3/1000000 - 6147*x11*x4/250000 - 11367*x11*x5/500000 + 9049*x11*x6/12500000 - 2257*x11*x7/100000 - 23069*x11*x8/1000000 - 23249*x11*x9/1000000 - 1611*x11/10000 + 12921*x12**2/1000 - 5059*x12*x13/25000 + 14543*x12*x14/1000000 - 4007*x12*x15/200000 + 5633*x12*x16/500000 - 31*x12*x17/1600 - 1663*x12*x2/125000 - 18119*x12*x3/1000000 - 4151*x12*x4/200000 - 307*x12*x5/20000 - 49361*x12*x6/1000000 + 1297*x12*x7/125000 - 16763*x12*x8/1000000 - 17437*x12*x9/1000000 - 32303*x12/50000 + 16513*x13**2/1000 - 20169*x13*x14/100000 - 5199*x13*x15/20000 - 5997*x13*x16/25000 - 25747*x13*x17/100000 - 21149*x13*x2/100000 - 5057*x13*x3/20000 - 26331*x13*x4/100000 - 24599*x13*x5/100000 - 14943*x13*x6/50000 - 24413*x13*x7/100000 - 12581*x13*x8/50000 - 2543*x13*x9/10000 - 12247*x13/5000 + 12941*x14**2/1000 - 46617*x14*x15/1000000 + 36519*x14*x16/1000000 - 919*x14*x17/20000 + 11037*x14*x2/1000000 - 9381*x14*x3/500000 - 72597*x14*x4/1000000 + 35033*x14*x5/1000000 - 49601*x14*x6/1000000 + 19061*x14*x7/2000000 - 44243*x14*x8/1000000 + 71023*x14*x9/10000000 - 59263*x14/100000 + 1612*x15**2/125 - 21821*x15*x16/1000000 + 2567*x15*x17/1000000 - 5383*x15*x2/250000 - 11091*x15*x3/500000 + 10403*x15*x4/5000000 - 22317*x15*x5/1000000 + 5257*x15*x6/5000000 - 21279*x15*x7/1000000 + 797*x15*x8/250000 - 22263*x15*x9/1000000 - 2433*x15/10000 + 3229*x16**2/250 - 47273*x16*x17/1000000 + 10697*x16*x2/1250000 - 20373*x16*x3/1000000 - 48363*x16*x4/1000000 + 8783*x16*x5/1250000 - 25061*x16*x6/500000 + 73713*x16*x7/10000000 - 4999*x16*x8/250000 - 19691*x16*x9/1000000 - 45783*x16/100000 + 12893*x17**2/1000 - 21031*x17*x2/1000000 - 10921*x17*x3/500000 + 37*x17*x4/16000 - 21893*x17*x5/1000000 + 2337*x17*x6/2000000 - 2703*x17*x7/125000 - 2707*x17*x8/125000 - 5487*x17*x9/250000 - 337*x17/1250 + 12907*x2**2/1000 - 4601*x2*x3/100000 - 3009*x2*x4/62500 + 37123*x2*x5/5000000 - 50013*x2*x6/1000000 + 122*x2*x7/15625 - 19643*x2*x8/1000000 - 4841*x2*x9/250000 - 3031*x2/6250 + 12893*x3**2/1000 - 22489*x3*x4/1000000 - 2109*x3*x5/100000 + 3449*x3*x6/2500000 - 20769*x3*x7/1000000 - 10481*x3*x8/500000 - 1381*x3*x9/62500 - 32303*x3/100000 + 2583*x4**2/200 - 1479*x4*x5/20000 + 13473*x4*x6/500000 - 2249*x4*x7/100000 + 7121*x4*x8/2500000 - 4673*x4*x9/200000 - 217*x4/1000 + 6453*x5**2/500 - 50337*x5*x6/1000000 + 16277*x5*x7/2500000 - 2587*x5*x8/125000 - 20333*x5*x9/1000000 - 40399*x5/100000 + 6453*x6**2/500 - 50207*x6*x7/1000000 + 2873*x6*x8/2000000 - 597*x6*x9/25000 - 217*x6/2000 + 12903*x7**2/1000 - 407*x7*x8/20000 - 20019*x7*x9/1000000 - 43071*x7/100000 + 6449*x8**2/500 - 21769*x8*x9/1000000 - 7003*x8/20000 + 2579*x9**2/200 - 32303*x9/100000 + 13467/1000",
    "Q": "[[13.466861962878163, -0.1626134449462458, -0.17154986760216961, -0.21639569075790493, -0.04808757215925403, -0.20597402414634428, -0.11439025476392116, -0.15806802886048277, -0.2368231044689703, -0.13291020263261394, -0.23387388289609418, -0.11818151364147475, -0.29616025431954807, -1.2202058716338102, -0.32845047592043475, -0.08750276704725803, -0.3716791680900903, -0.22566970992872648], [-0.1626134449462458, 12.894957402987638, -0.014458429756144255, -0.004327980993856902, -0.011324906119825982, -0.005052968385420452, -0.014689318762546429, -0.01216557372776373, -0.005922660937577683, -0.01008823214762826, -0.004315896633782077, -0.010847228859447776, 0.00013152093848621137, -0.12421399195448553, -0.008607833261605916, -0.006410258478360152, -0.0131114610795485, -0.009073700438224483], [-0.17154986760216961, -0.014458429756144255, 12.898635765890067, -0.01031500522887837, 0.001139343196678813, -0.013291533414262228, 0.0028863522416337044, -0.007529793156225317, -0.014868739114841274, -0.0054445402949397865, -0.012883153548194118, -0.004332838133470032, -0.015752756178913793, -0.12867265707060022, -0.007017015321551574, -0.011216139407723032, 0.0029386809203964756, 0.0012072032218525014], [-0.21639569075790493, -0.004327980993856902, -0.01031500522887837, 12.903808607040208, -0.0200128744826842, -0.0013490146337555883, -0.015893699943506655, -0.01309719292060651, 0.0001561746777750363, -0.01181870020646848, 0.0025135900583683857, -0.00893367791707293, 0.005006051107395892, -0.11868490512186514, -0.0007395064484029454, -0.009068379470528387, -0.002591924123721431, -0.00496610514013375], [-0.04808757215925403, -0.011324906119825982, 0.001139343196678813, -0.0200128744826842, 12.905965251344275, -0.01904178657455666, 0.017821355054358487, -0.0011298580017690266, -0.02564772368817184, 0.002851354717668792, -0.02554375843345193, -0.001549635494997556, -0.029717877316537702, -0.14603878420449484, -0.020189421488990292, -0.0013273436218360717, -0.01441838269200366, -0.0025508506161610834], [-0.20597402414634428, -0.005052968385420452, -0.013291533414262228, -0.0013490146337555883, -0.01904178657455666, 12.9058897853175, -0.03094111898517721, -0.011729282815768762, -0.00169888432630024, -0.011970856132508485, 0.0022505306520708705, -0.015617864940942283, 0.013859774688125845, -0.11723732610867019, -0.002066521304108041, -0.0051048841171027134, -0.020216410135083823, -0.014719195284036899], [-0.11439025476392116, -0.014689318762546429, 0.0028863522416337044, -0.015893699943506655, 0.017821355054358487, -0.03094111898517721, 12.914703748991302, -0.008069481246941602, -0.02026555017683334, -0.0016802870741000797, -0.02150562233215805, 0.001560698525385531, -0.035241332465407574, -0.1375369341417391, -0.010790986234966564, -0.017385230079743727, 0.020539959315159548, 0.012393850235926998], [-0.15806802886048277, -0.01216557372776373, -0.007529793156225317, -0.01309719292060651, -0.0011298580017690266, -0.011729282815768762, -0.008069481246941602, 12.893325782475221, -0.020260465417599197, -0.007044914550052717, -0.016025144462719524, -0.008196387687194157, -0.01417727081072826, -0.12277142400896646, -0.014099223254535526, -0.006565699984595318, -0.02012501007338858, -0.006651688257221235], [-0.2368231044689703, -0.005922660937577683, -0.014868739114841274, 0.0001561746777750363, -0.02564772368817184, -0.00169888432630024, -0.02026555017683334, -0.020260465417599197, 12.905938286596436, -0.016887751393228793, 0.004503921943921862, -0.01372415131388888, 0.008134430769218772, -0.1122993613282746, -0.0016444963784789173, -0.012974553803908192, 0.0018274512762560585, -0.0046543618288525865], [-0.13291020263261394, -0.01008823214762826, -0.0054445402949397865, -0.01181870020646848, 0.002851354717668792, -0.011970856132508485, -0.0016802870741000797, -0.007044914550052717, -0.016887751393228793, 12.893453905470658, -0.020288467684810758, -0.004542840526153642, -0.018360194783652632, -0.13033386008542489, -0.013105111047138336, -0.0073042429399821154, -0.014520298184621834, -0.005692602776327456], [-0.23387388289609418, -0.004315896633782077, -0.012883153548194118, 0.0025135900583683857, -0.02554375843345193, 0.0022505306520708705, -0.02150562233215805, -0.016025144462719524, 0.004503921943921862, -0.020288467684810758, 12.916383697721258, -0.015143386915459672, 0.017104000422604564, -0.11499443092007079, 0.0020144994860994575, -0.008196693211337402, 0.0033015519558612268, -0.005032293118694829], [-0.11818151364147475, -0.010847228859447776, -0.004332838133470032, -0.00893367791707293, -0.001549635494997556, -0.015617864940942283, 0.001560698525385531, -0.008196387687194157, -0.01372415131388888, -0.004542840526153642, -0.015143386915459672, 12.896343236581867, -0.02828693427001374, -0.1312555916284059, -0.014044905314935772, -0.014231105108626735, 0.00041962275213691447, 4.4572149251817305e-05], [-0.29616025431954807, 0.00013152093848621137, -0.015752756178913793, 0.005006051107395892, -0.029717877316537702, 0.013859774688125845, -0.035241332465407574, -0.01417727081072826, 0.008134430769218772, -0.018360194783652632, 0.017104000422604564, -0.02828693427001374, 12.94077640210878, -0.10595579244319764, 0.009371360355365174, -0.000776569692338347, -0.015180843376304, -0.01208160092193402], [-1.2202058716338102, -0.12421399195448553, -0.12867265707060022, -0.11868490512186514, -0.14603878420449484, -0.11723732610867019, -0.1375369341417391, -0.12277142400896646, -0.1122993613282746, -0.13033386008542489, -0.11499443092007079, -0.1312555916284059, -0.10595579244319764, 16.512146289173877, -0.10784850502375415, -0.13271893611218935, -0.0998758983951422, -0.07188660859015453], [-0.32845047592043475, -0.008607833261605916, -0.007017015321551574, -0.0007395064484029454, -0.020189421488990292, -0.002066521304108041, -0.010790986234966564, -0.014099223254535526, -0.0016444963784789173, -0.013105111047138336, 0.0020144994860994575, -0.014044905314935772, 0.009371360355365174, -0.10784850502375415, 12.921349849813286, -0.015495654622207719, 0.01880532975229655, 0.005374240315533911], [-0.08750276704725803, -0.006410258478360152, -0.011216139407723032, -0.009068379470528387, -0.0013273436218360717, -0.0051048841171027134, -0.017385230079743727, -0.006565699984595318, -0.012974553803908192, -0.0073042429399821154, -0.008196693211337402, -0.014231105108626735, -0.000776569692338347, -0.13271893611218935, -0.015495654622207719, 12.893932191248178, -0.050554779304944196, -0.02311634723321962], [-0.3716791680900903, -0.0131114610795485, 0.0029386809203964756, -0.002591924123721431, -0.01441838269200366, -0.020216410135083823, 0.020539959315159548, -0.02012501007338858, 0.0018274512762560585, -0.014520298184621834, 0.0033015519558612268, 0.00041962275213691447, -0.015180843376304, -0.0998758983951422, 0.01880532975229655, -0.050554779304944196, 12.991334109270113, 0.042041283795320725], [-0.22566970992872648, -0.009073700438224483, 0.0012072032218525014, -0.00496610514013375, -0.0025508506161610834, -0.014719195284036899, 0.012393850235926998, -0.006651688257221235, -0.0046543618288525865, -0.005692602776327456, -0.005032293118694829, 4.4572149251817305e-05, -0.01208160092193402, -0.07188660859015453, 0.005374240315533911, -0.02311634723321962, 0.042041283795320725, 12.910636865204014]]",
    "monomial_list": "[1, x9, x8, x7, x6, x5, x4, x3, x2, x17, x16, x15, x14, x13, x12, x11, x10, x1]"
}