{
    "name": "Multiplier-12",
    "rational_expression": "12911*x1**2/1000 + 5467*x1*x10/50000 - 1309*x1*x11/100000 - 22259*x1*x12/250000 + 41927*x1*x13/1000000 + 59793*x1*x14/10000000 + 66617*x1*x15/1000000 + 4293*x1*x16/125000 + 18827*x1*x17/500000 + 649*x1*x2/78125 + 39479*x1*x3/1000000 + 30673*x1*x4/500000 + 87987*x1*x5/10000000 + 4753*x1*x6/125000 + 17853*x1*x7/500000 + 34739*x1*x8/1000000 + 37967*x1*x9/1000000 - 1839*x1/4000 + 1618*x10**2/125 - 35017*x10*x11/500000 - 4191*x10*x12/20000 + 20129*x10*x13/2500000 + 3801*x10*x14/1250000 + 14879*x10*x15/250000 + 30257*x10*x16/1000000 + 29611*x10*x17/5000000 + 15089*x10*x2/500000 + 17119*x10*x3/2500000 + 82013*x10*x4/1000000 + 11067*x10*x5/2500000 + 30387*x10*x6/5000000 + 15461*x10*x7/500000 + 28193*x10*x8/500000 + 60251*x10*x9/10000000 - 23163*x10/100000 + 517*x11**2/40 - 16343*x11*x12/100000 + 49663*x11*x13/1000000 + 8787*x11*x14/250000 + 21517*x11*x15/1000000 + 38511*x11*x16/1000000 + 43333*x11*x17/1000000 + 12473*x11*x2/1000000 + 46063*x11*x3/1000000 + 6909*x11*x4/500000 + 39159*x11*x5/1000000 + 1759*x11*x6/40000 + 20253*x11*x7/500000 + 6553*x11*x8/500000 + 5493*x11*x9/125000 - 34481*x11/50000 + 16563*x12**2/1000 - 13791*x12*x13/100000 - 3949*x12*x14/20000 - 303*x12*x15/2500 - 9123*x12*x16/50000 - 8133*x12*x17/50000 - 568*x12*x2/3125 - 2517*x12*x3/20000 - 631*x12*x4/3125 - 8951*x12*x5/50000 - 4609*x12*x6/25000 - 17337*x12*x7/100000 - 20369*x12*x8/100000 - 15857*x12*x9/100000 - 1797*x12/625 + 1618*x13**2/125 + 6407*x13*x14/500000 + 56557*x13*x15/1000000 + 43693*x13*x16/1000000 + 50543*x13*x17/1000000 + 2207*x13*x2/125000 + 13613*x13*x3/250000 + 2851*x13*x4/62500 + 44643*x13*x5/1000000 + 2573*x13*x6/50000 + 23269*x13*x7/500000 + 18589*x13*x8/1000000 + 5143*x13*x9/100000 - 4887*x13/5000 + 3231*x14**2/250 - 547*x14*x15/40000 + 59013*x14*x16/1000000 + 5819*x14*x17/625000 + 7357*x14*x2/125000 + 2161*x14*x3/200000 - 18673*x14*x4/1000000 + 59181*x14*x5/1000000 - 7767*x14*x6/500000 + 59873*x14*x7/1000000 + 71013*x14*x8/10000000 + 35733*x14*x9/1000000 - 1168*x14/3125 + 12947*x15**2/1000 + 16093*x15*x16/1000000 + 48457*x15*x17/1000000 + 16067*x15*x2/1000000 + 52009*x15*x3/1000000 + 69983*x15*x4/1000000 + 16997*x15*x5/1000000 + 24619*x15*x6/500000 + 22391*x15*x7/500000 + 42937*x15*x8/1000000 + 49181*x15*x9/1000000 - 44571*x15/50000 + 12919*x16**2/1000 + 6471*x16*x17/500000 + 8859*x16*x2/250000 + 7499*x16*x3/500000 + 10273*x16*x4/1000000 + 17961*x16*x5/500000 - 737*x16*x6/62500 + 62903*x16*x7/1000000 + 98431*x16*x8/10000000 + 1579*x16*x9/40000 - 10353*x16/20000 + 6461*x17**2/500 + 6471*x17*x2/500000 + 9393*x17*x3/200000 + 40487*x17*x4/1000000 + 6847*x17*x5/500000 + 44741*x17*x6/1000000 + 3783*x17*x7/250000 + 39661*x17*x8/1000000 + 8937*x17*x9/200000 - 71857*x17/100000 + 6453*x2**2/500 + 7499*x2*x3/500000 + 10273*x2*x4/1000000 + 4487*x2*x5/125000 - 737*x2*x6/62500 + 369*x2*x7/10000 + 98431*x2*x8/10000000 + 1579*x2*x9/40000 - 10353*x2/20000 + 3233*x3**2/250 + 4279*x3*x4/100000 + 7937*x3*x5/500000 + 4773*x3*x6/100000 + 3509*x3*x7/200000 + 523*x3*x8/12500 + 47673*x3*x9/1000000 - 83351*x3/100000 + 2587*x4**2/200 - 603*x4*x5/40000 + 13411*x4*x6/200000 + 1209*x4*x7/100000 + 36919*x4*x8/1000000 + 14943*x4*x9/1000000 - 14367*x4/25000 + 6457*x5**2/500 + 14203*x5*x6/1000000 + 37503*x5*x7/1000000 + 10391*x5*x8/1000000 + 8043*x5*x9/200000 - 54661*x5/100000 + 647*x6**2/50 + 15709*x6*x7/1000000 + 8039*x6*x8/200000 + 19439*x6*x9/1000000 - 74753*x6/100000 + 3229*x7**2/250 + 37467*x7*x8/1000000 + 1303*x7*x9/31250 - 15091*x7/25000 + 1291*x8**2/100 + 14203*x8*x9/1000000 - 54661*x8/100000 + 517*x9**2/40 - 74753*x9/100000 + 115/8",
    "Q": "[[14.374511136101507, -0.3669320619531115, -0.271485947453984, -0.2950154209773236, -0.3748454140018327, -0.2699395315696372, -0.29141993831288643, -0.4184046127166414, -0.2625604349043882, -0.35715058238810293, -0.25929370265386226, -0.4426185648974059, -0.182292362193513, -0.48271807239155134, -1.438213153538046, -0.3519138456307488, -0.1082016282097448, -0.2344040386185641], [-0.3669320619531115, 12.924027759618859, 0.008824415423018825, 0.022985906963913113, 0.012651212708588993, 0.020736398664292218, 0.008598635729131571, 0.01909553563524412, 0.017104017863188208, 0.017640520061287766, 0.02034464676702029, 0.023125734391881224, 0.02285370671984667, 0.025691471150787362, -0.07538653326251478, 0.02110402493572247, 0.005875228161672482, 0.01315494955489938], [-0.271485947453984, 0.008824415423018825, 12.909983283064454, 0.012158418810358706, 0.021278849052415658, 0.007830372399665707, 0.02379958961045347, 0.017052590164536637, 0.004270097424305918, 0.01691306682541008, 0.007906529116390795, 0.02261465133525048, 0.004653166913828442, 0.015312801478400811, -0.09593703546159937, 0.009456295138818719, 0.02185941828676701, 0.020876296840781235], [-0.2950154209773236, 0.022985906963913113, 0.012158418810358706, 12.915953250538335, 0.0027715836228018867, 0.022114155626834917, 0.0068747343134563325, 0.014286357054362759, 0.020940717406100477, 0.013543359732183879, 0.02502780444125353, 0.022050352580993943, 0.02495181960173568, 0.020236616772533737, -0.08472200046759858, 0.01618571352429289, 0.01408240623558142, 0.014042049001011164], [-0.3748454140018327, 0.012651212708588993, 0.021278849052415658, 0.0027715836228018867, 12.939608388009589, 0.002331413573559508, 0.038409476767990974, 0.026684081201432685, -0.005756847254552569, 0.025975212287925237, -0.004570726347803128, 0.026463837760062524, -0.007484254487959946, 0.024137056807047225, -0.08803353152293568, 0.018531209653916574, 0.009271436786194319, 0.02182440144704258], [-0.2699395315696372, 0.020736398664292218, 0.007830372399665707, 0.022114155626834917, 0.002331413573559508, 12.914598449616475, -0.010147778900919294, 0.01430962966439656, 0.01785737834478323, 0.011961950735529445, 0.023438358939012877, 0.013030956680216586, 0.03264678078850576, 0.017065214459735478, -0.08634474048926045, 0.019092443538527938, -0.003583812843035175, 0.003120776485842518], [-0.29141993831288643, 0.008598635729131571, 0.02379958961045347, 0.0068747343134563325, 0.038409476767990974, -0.010147778900919294, 12.935486350024902, 0.017201384997307105, -0.0006173234748509892, 0.020993595014734367, -0.0003998664160670285, 0.029240340690971943, -0.01351398611442925, 0.019008156731299287, -0.09654927812995065, 0.0018742056758394654, 0.04181831083547427, 0.03479913486230729], [-0.4184046127166414, 0.01909553563524412, 0.017052590164536637, 0.014286357054362759, 0.026684081201432685, 0.01430962966439656, 0.017201384997307105, 12.932638246264679, 0.002313406507939879, 0.02351973260179302, 0.007950188155801187, 0.029042216645983904, 0.007912036893724496, 0.0268593755915462, -0.06673516677787404, 0.023302846483435082, -0.002049070806568606, 0.017350226025189815], [-0.2625604349043882, 0.017104017863188208, 0.004270097424305918, 0.020940717406100477, -0.005756847254552569, 0.01785737834478323, -0.0006173234748509892, 0.002313406507939879, 12.905906816929452, 0.00450809707942841, 0.023051896066806028, 0.012436318641388174, 0.024009523082410153, 0.011847273505169367, -0.08901282313873901, 0.008612493753524748, 0.014179099844362985, 0.010370163983865305], [-0.35715058238810293, 0.017640520061287766, 0.01691306682541008, 0.013543359732183879, 0.025975212287925237, 0.011961950735529445, 0.020993595014734367, 0.02351973260179302, 0.00450809707942841, 12.921967494284443, 0.0023432888410208847, 0.027941118464193216, 0.003651339966822308, 0.022967468593892853, -0.08121521879401443, 0.017490715930294387, 0.00560172849809176, 0.01723007351263784], [-0.25929370265386226, 0.02034464676702029, 0.007906529116390795, 0.02502780444125353, -0.004570726347803128, 0.023438358939012877, -0.0003998664160670285, 0.007950188155801187, 0.023051896066806028, 0.0023432888410208847, 12.918886705647335, 0.012289162882773708, 0.034482259241404314, 0.016062125234520844, -0.08979741123450691, 0.014940215538951375, 0.017440657338942317, 0.011176888382230325], [-0.4426185648974059, 0.023125734391881224, 0.02261465133525048, 0.022050352580993943, 0.026463837760062524, 0.013030956680216586, 0.029240340690971943, 0.029042216645983904, 0.012436318641388174, 0.027941118464193216, 0.012289162882773708, 12.946884481114722, -0.0028597942527984386, 0.034066911716152, -0.06593181941985896, 0.015724727071277218, 0.023297968611173753, 0.028069752112476438], [-0.182292362193513, 0.02285370671984667, 0.004653166913828442, 0.02495181960173568, -0.007484254487959946, 0.03264678078850576, -0.01351398611442925, 0.007912036893724496, 0.024009523082410153, 0.003651339966822308, 0.034482259241404314, -0.0028597942527984386, 12.923253061607456, 0.010030696698566084, -0.0954162833182561, 0.022130843670390803, -0.0025975413776323387, 0.0012449811618785221], [-0.48271807239155134, 0.025691471150787362, 0.015312801478400811, 0.020236616772533737, 0.024137056807047225, 0.017065214459735478, 0.019008156731299287, 0.0268593755915462, 0.011847273505169367, 0.022967468593892853, 0.016062125234520844, 0.034066911716152, 0.010030696698566084, 12.943696168369838, -0.0626376577968809, 0.024100410519529807, 0.0029123372501893984, 0.017361840942441444], [-1.438213153538046, -0.07538653326251478, -0.09593703546159937, -0.08472200046759858, -0.08803353152293568, -0.08634474048926045, -0.09654927812995065, -0.06673516677787404, -0.08901282313873901, -0.08121521879401443, -0.08979741123450691, -0.06593181941985896, -0.0954162833182561, -0.0626376577968809, 16.56250674875994, -0.07946444736345912, -0.10803335237096022, -0.049839122758866934], [-0.3519138456307488, 0.02110402493572247, 0.009456295138818719, 0.01618571352429289, 0.018531209653916574, 0.019092443538527938, 0.0018742056758394654, 0.023302846483435082, 0.008612493753524748, 0.017490715930294387, 0.014940215538951375, 0.015724727071277218, 0.022130843670390803, 0.024100410519529807, -0.07946444736345912, 12.925272675495474, -0.029781958234470007, -0.0010923564570124587], [-0.1082016282097448, 0.005875228161672482, 0.02185941828676701, 0.01408240623558142, 0.009271436786194319, -0.003583812843035175, 0.04181831083547427, -0.002049070806568606, 0.014179099844362985, 0.00560172849809176, 0.017440657338942317, 0.023297968611173753, -0.0025975413776323387, 0.0029123372501893984, -0.10803335237096022, -0.029781958234470007, 12.943775127339926, 0.048643687632762785], [-0.2344040386185641, 0.01315494955489938, 0.020876296840781235, 0.014042049001011164, 0.02182440144704258, 0.003120776485842518, 0.03479913486230729, 0.017350226025189815, 0.010370163983865305, 0.01723007351263784, 0.011176888382230325, 0.028069752112476438, 0.0012449811618785221, 0.017361840942441444, -0.049839122758866934, -0.0010923564570124587, 0.048643687632762785, 12.91174337074724]]",
    "monomial_list": "[1, x9, x8, x7, x6, x5, x4, x3, x2, x17, x16, x15, x14, x13, x12, x11, x10, x1]"
}