{
    "name": "Multiplier-16",
    "rational_expression": "1289*x1**2/100 + 32311*x1*x10/1000000 - 14501*x1*x11/200000 - 47967*x1*x12/1000000 - 1429*x1*x13/31250 - 419*x1*x14/4000 - 17769*x1*x15/1000000 - 20049*x1*x16/100000 - 359*x1*x17/8000 - 77887*x1*x2/1000000 - 23217*x1*x3/500000 + 67407*x1*x4/10000000 - 1214*x1*x5/15625 - 4521*x1*x6/250000 - 77197*x1*x7/1000000 - 22269*x1*x8/1000000 - 15197*x1*x9/200000 - 7821*x1/25000 + 12921*x10**2/1000 - 2961*x10*x11/20000 - 1421*x10*x12/31250 - 19473*x10*x13/200000 - 1549*x10*x14/12500 - 45613*x10*x15/1000000 - 6901*x10*x16/20000 - 4639*x10*x17/62500 - 18983*x10*x2/250000 - 10167*x10*x3/100000 + 603*x10*x4/250000 - 10319*x10*x5/100000 - 18749*x10*x6/250000 - 15329*x10*x7/200000 - 50789*x10*x8/1000000 - 4793*x10*x9/62500 - 7801*x10/100000 + 1609*x11**2/125 - 35759*x11*x12/500000 - 373*x11*x13/8000 - 47051*x11*x14/1000000 - 35951*x11*x15/500000 - 1973*x11*x16/6250 - 49891*x11*x17/1000000 - 15213*x11*x2/200000 - 12583*x11*x3/250000 - 1183*x11*x4/15625 - 51481*x11*x5/1000000 - 5049*x11*x6/100000 - 3223*x11*x7/62500 - 6393*x11*x8/125000 - 51647*x11*x9/1000000 - 52537*x11/1000000 + 6431*x12**2/500 - 49281*x12*x13/500000 - 361*x12*x14/8000 - 72631*x12*x15/1000000 - 1413*x12*x16/4000 - 76487*x12*x17/1000000 - 50241*x12*x2/1000000 - 2393*x12*x3/31250 - 38567*x12*x4/500000 - 51037*x12*x5/1000000 - 9661*x12*x6/125000 - 25667*x12*x7/500000 - 1623*x12*x8/31250 - 77*x12*x9/1000 + 26269*x12/1000000 + 12871*x13**2/1000 - 10109*x13*x14/100000 - 5581*x13*x15/125000 - 30593*x13*x16/100000 - 23641*x13*x17/500000 - 3841*x13*x2/50000 - 1931*x13*x3/40000 - 47817*x13*x4/1000000 - 19267*x13*x5/250000 - 953*x13*x6/20000 - 38467*x13*x7/500000 - 49707*x13*x8/1000000 - 51257*x13*x9/1000000 - 4577*x13/25000 + 12859*x14**2/1000 - 1629*x14*x15/12500 - 19001*x14*x16/50000 - 1383*x14*x17/12500 - 47559*x14*x2/1000000 - 5457*x14*x3/50000 - 13677*x14*x4/100000 - 4693*x14*x5/200000 - 11233*x14*x6/100000 - 50547*x14*x7/1000000 - 10183*x14*x8/125000 - 53051*x14*x9/1000000 + 2607*x14/6250 + 12893*x15**2/1000 - 29131*x15*x16/100000 - 43303*x15*x17/1000000 - 39099*x15*x2/500000 - 22577*x15*x3/500000 - 4441*x15*x4/250000 - 19483*x15*x5/250000 - 4301*x15*x6/250000 - 77277*x15*x7/1000000 - 47343*x15*x8/1000000 - 75751*x15*x9/1000000 - 9781*x15/25000 + 16409*x16**2/1000 - 29331*x16*x17/100000 - 33859*x16*x2/100000 - 6041*x16*x3/20000 - 5929*x16*x4/20000 - 33843*x16*x5/100000 - 14673*x16*x6/50000 - 36183*x16*x7/100000 - 31317*x16*x8/100000 - 8219*x16*x9/25000 - 9393*x16/5000 + 6447*x17**2/500 - 39413*x17*x2/500000 - 43587*x17*x3/1000000 - 7887*x17*x4/500000 - 39177*x17*x5/500000 - 2843*x17*x6/200000 - 77487*x17*x7/1000000 - 46193*x17*x8/1000000 - 37719*x17*x9/500000 - 6199*x17/12500 + 3213*x2**2/250 - 5263*x2*x3/50000 - 79651*x2*x4/1000000 - 5041*x2*x5/100000 - 5343*x2*x6/50000 - 51073*x2*x7/1000000 - 78591*x2*x8/1000000 - 52271*x2*x9/1000000 + 7801*x2/50000 + 6443*x3**2/500 - 43787*x3*x4/1000000 - 19483*x3*x5/250000 - 4301*x3*x6/250000 - 77277*x3*x7/1000000 - 47343*x3*x8/1000000 - 75751*x3*x9/1000000 - 9781*x3/25000 + 517*x4**2/40 - 10519*x4*x5/100000 + 343*x4*x6/31250 - 19391*x4*x7/250000 - 10127*x4*x8/500000 - 37719*x4*x9/500000 - 6199*x4/12500 + 12857*x5**2/1000 - 78993*x5*x6/1000000 - 2047*x5*x7/40000 - 78031*x5*x8/1000000 - 26059*x5*x9/500000 + 10507*x5/100000 + 12917*x6**2/1000 - 5217*x6*x7/50000 - 9841*x6*x8/500000 - 75283*x6*x9/1000000 - 27383*x6/50000 + 3213*x7**2/250 - 38689*x7*x8/500000 - 38539*x7*x9/500000 + 52537*x7/1000000 + 322*x8**2/25 - 76063*x8*x9/1000000 - 28697*x8/100000 + 643*x9**2/50 - 7801*x9/100000 + 6521/500",
    "Q": "[[13.041624965138727, -0.03608049695972317, -0.13702084406123272, 0.030090711206968834, -0.26924193820193265, 0.04859231570873554, -0.24469396082884276, -0.19191042883154638, 0.08034000376080158, -0.24298834365207309, -0.9365558520796365, -0.18931630765209517, 0.2073956791570266, -0.09442976497977733, 0.009395089681176768, -0.02497669228504888, -0.04026565628190921, -0.15073599063314597], [-0.03608049695972317, 12.860105228444583, -0.03771836459879634, -0.03281583109297632, -0.033392798620158724, -0.031903558937984196, -0.036697795597644675, -0.03552128187872895, -0.032263816814467376, -0.03199434019991322, -0.16773163094561763, -0.034963641387928054, -0.03183173504809771, -0.030828570918184594, -0.03502912235901598, -0.027198775962820738, -0.04474411438763812, -0.032837543894968034], [-0.13702084406123272, -0.03771836459879634, 12.879788095514002, -0.03584798510194636, -0.014183882837330278, -0.03771183724540674, -0.010897513821345038, -0.023790197839745977, -0.03941889008560128, -0.0211365837376052, -0.15888009205993842, -0.02138816273704128, -0.045706185036718854, -0.029071061977500853, -0.02975622355069958, -0.030625249714358427, -0.02048123151594224, -0.013649760523821818], [0.030090711206968834, -0.03281583109297632, -0.03584798510194636, 12.852704918131074, -0.046760446265200935, -0.030215537708130086, -0.04175872272289058, -0.041996953333091246, -0.027565361947121378, -0.03881995692941931, -0.1762560965826086, -0.03730354349938752, -0.028724849438613833, -0.03583567214590709, -0.02990210107417431, -0.03174623625526786, -0.039432019265260417, -0.03468170364170921], [-0.26924193820193265, -0.033392798620158724, -0.014183882837330278, -0.046760446265200935, 12.916973335016143, -0.04457511176062232, 0.009649729835310242, -0.010494179579771428, -0.05244011075113307, -0.007325778109316396, -0.1487140017717297, -0.014785487655548457, -0.06143009753019277, -0.020196180758643024, -0.041471813680477455, -0.02216524705664014, -0.03116527246473098, -0.008119636582910629], [0.04859231570873554, -0.031903558937984196, -0.03771183724540674, -0.030215537708130086, -0.04457511176062232, 12.856999559148784, -0.05847565654852447, -0.038987256220061314, -0.027572325602430482, -0.0378968475974346, -0.17454160139849592, -0.04370467812813078, -0.016859793708071544, -0.03579447083545736, -0.02919591640398689, -0.025925212611291527, -0.055606624410965755, -0.04412000824133928], [-0.24469396082884276, -0.036697795597644675, -0.010897513821345038, -0.04175872272289058, 0.009649729835310242, -0.05847565654852447, 12.924893235119479, -0.01944147617770257, -0.045965351540680016, -0.012067321428820185, -0.14917152515230953, -0.00967037947229379, -0.06859871072446523, -0.02302954254603301, -0.03231465094787273, -0.03899679466292042, 0.006106963228455443, 0.007530554335139082], [-0.19191042883154638, -0.03552128187872895, -0.023790197839745977, -0.041996953333091246, -0.010494179579771428, -0.038987256220061314, -0.01944147617770257, 12.886438119442605, -0.04980510386953027, -0.01765891931140096, -0.14853509522663846, -0.022016662120348637, -0.05159048044593473, -0.02729952733873902, -0.041077646939911255, -0.02414422816538575, -0.04822573948756039, -0.020603344665015597], [0.08034000376080158, -0.032263816814467376, -0.03941889008560128, -0.027565361947121378, -0.05244011075113307, -0.027572325602430482, -0.045965351540680016, -0.04980510386953027, 12.851931429756105, -0.04457861983614521, -0.17511422369623875, -0.04186961480725575, -0.020877460164276013, -0.038183065531023914, -0.028257175153859494, -0.033740421422499466, -0.03254084251916692, -0.03405883181425368], [-0.24298834365207309, -0.03199434019991322, -0.0211365837376052, -0.03881995692941931, -0.007325778109316396, -0.0378968475974346, -0.012067321428820185, -0.01765891931140096, -0.04457861983614521, 12.894531748554124, -0.1477659978350846, -0.016707247495036343, -0.054008137674236165, -0.0251860488060612, -0.03767365837655876, -0.026187296039379755, -0.038438083213228426, -0.016752771220326094], [-0.9365558520796365, -0.16773163094561763, -0.15888009205993842, -0.1762560965826086, -0.1487140017717297, -0.17454160139849592, -0.14917152515230953, -0.14853509522663846, -0.17511422369623875, -0.1477659978350846, 16.408409254539325, -0.1526644809456622, -0.19186990520197053, -0.1600867570084776, -0.1721112042730759, -0.164818033213724, -0.1669494236914101, -0.1060623637919367], [-0.18931630765209517, -0.034963641387928054, -0.02138816273704128, -0.03730354349938752, -0.014785487655548457, -0.04370467812813078, -0.00967037947229379, -0.022016662120348637, -0.04186961480725575, -0.016707247495036343, -0.1526644809456622, 12.892680132810412, -0.06655539159818505, -0.023544246114240684, -0.04016968020814506, -0.03545006929633474, -0.023917193102776006, -0.012663126189277755], [0.2073956791570266, -0.03183173504809771, -0.045706185036718854, -0.028724849438613833, -0.06143009753019277, -0.016859793708071544, -0.06859871072446523, -0.05159048044593473, -0.020877460164276013, -0.054008137674236165, -0.19186990520197053, -0.06655539159818505, 12.85886612197559, -0.04517906242283388, -0.023176712501058662, -0.023726045597950617, -0.06023203094315967, -0.05267056666215148], [-0.09442976497977733, -0.030828570918184594, -0.029071061977500853, -0.03583567214590709, -0.020196180758643024, -0.03579447083545736, -0.02302954254603301, -0.02729952733873902, -0.038183065531023914, -0.0251860488060612, -0.1600867570084776, -0.023544246114240684, -0.04517906242283388, 12.8716265908355, -0.042446662953775936, -0.02550221200943684, -0.04347004817078875, -0.025942953213464556], [0.009395089681176768, -0.03502912235901598, -0.02975622355069958, -0.02990210107417431, -0.041471813680477455, -0.02919591640398689, -0.03231465094787273, -0.041077646939911255, -0.028257175153859494, -0.03767365837655876, -0.1721112042730759, -0.04016968020814506, -0.023176712501058662, -0.042446662953775936, 12.862167276362397, -0.0349252609318353, -0.018093867979326387, -0.023617311408846445], [-0.02497669228504888, -0.027198775962820738, -0.030625249714358427, -0.03174623625526786, -0.02216524705664014, -0.025925212611291527, -0.03899679466292042, -0.02414422816538575, -0.033740421422499466, -0.026187296039379755, -0.164818033213724, -0.03545006929633474, -0.023726045597950617, -0.02550221200943684, -0.0349252609318353, 12.87135060095935, -0.07603067637537682, -0.041989105826031735], [-0.04026565628190921, -0.04474411438763812, -0.02048123151594224, -0.039432019265260417, -0.03116527246473098, -0.055606624410965755, 0.006106963228455443, -0.04822573948756039, -0.03254084251916692, -0.038438083213228426, -0.1669494236914101, -0.023917193102776006, -0.06023203094315967, -0.04347004817078875, -0.018093867979326387, -0.07603067637537682, 12.921429005664162, 0.013638347367951015], [-0.15073599063314597, -0.032837543894968034, -0.013649760523821818, -0.03468170364170921, -0.008119636582910629, -0.04412000824133928, 0.007530554335139082, -0.020603344665015597, -0.03405883181425368, -0.016752771220326094, -0.1060623637919367, -0.012663126189277755, -0.05267056666215148, -0.025942953213464556, -0.023617311408846445, -0.041989105826031735, 0.013638347367951015, 12.88937996497462]]",
    "monomial_list": "[1, x9, x8, x7, x6, x5, x4, x3, x2, x17, x16, x15, x14, x13, x12, x11, x10, x1]"
}