{
    "name": "Multiplier-7",
    "rational_expression": "1611*x1**2/125 + 77883*x1*x10/10000000 - 98221*x1*x11/1000000 - 7183*x1*x12/100000 - 71227*x1*x13/1000000 - 99951*x1*x14/1000000 - 46713*x1*x15/1000000 - 1149*x1*x16/15625 - 23413*x1*x17/500000 - 74009*x1*x2/1000000 - 36059*x1*x3/500000 - 19669*x1*x4/1000000 - 2527*x1*x5/25000 - 46691*x1*x6/1000000 - 1059*x1*x7/5000 - 50547*x1*x8/1000000 - 7713*x1*x9/100000 - 10061*x1/50000 + 12923*x10**2/1000 - 8639*x10*x11/50000 - 6923*x10*x12/100000 - 95761*x10*x13/1000000 - 12221*x10*x14/100000 - 13973*x10*x15/200000 - 48811*x10*x16/500000 - 48573*x10*x17/500000 - 49201*x10*x2/500000 - 97831*x10*x3/1000000 - 18707*x10*x4/1000000 - 3107*x10*x5/25000 - 71241*x10*x6/1000000 - 3473*x10*x7/10000 - 3039*x10*x8/40000 - 5187*x10*x9/50000 - x10/8 + 12873*x11**2/1000 - 12031*x11*x12/125000 - 69889*x11*x13/1000000 - 69633*x11*x14/1000000 - 12169*x11*x15/125000 - 4403*x11*x16/62500 - 71267*x11*x17/1000000 - 97803*x11*x2/1000000 - 72181*x11*x3/1000000 - 6193*x11*x4/62500 - 18047*x11*x5/250000 - 72819*x11*x6/1000000 - 7151*x11*x7/20000 - 76707*x11*x8/1000000 - 76927*x11*x9/1000000 + 12867*x12**2/1000 - 48307*x12*x13/500000 - 17337*x12*x14/250000 - 97349*x12*x15/1000000 - 35079*x12*x16/500000 - 49069*x12*x17/500000 - 17723*x12*x2/250000 - 12391*x12*x3/125000 - 14507*x12*x4/200000 - 36003*x12*x5/500000 - 99891*x12*x6/1000000 - 17977*x12*x7/50000 - 38417*x12*x8/500000 - 38451*x12*x9/500000 + 25153*x12/1000000 + 12871*x13**2/1000 - 12111*x13*x14/125000 - 4391*x13*x15/62500 - 48767*x13*x16/500000 - 70839*x13*x17/1000000 - 49103*x13*x2/500000 - 71553*x13*x3/1000000 - 71423*x13*x4/1000000 - 99097*x13*x5/1000000 - 71923*x13*x6/1000000 - 7033*x13*x7/20000 - 19083*x13*x8/250000 - 77003*x13*x9/1000000 - 9337*x13/125000 + 12869*x14**2/1000 - 613*x14*x15/5000 - 17273*x14*x16/250000 - 98523*x14*x17/1000000 - 17461*x14*x2/250000 - 312*x14*x3/3125 - 12569*x14*x4/100000 - 1429*x14*x5/20000 - 3163*x14*x6/25000 - 18449*x14*x7/50000 - 5209*x14*x8/50000 - 76777*x14*x9/1000000 + 14939*x14/100000 + 103*x15**2/8 - 19527*x15*x16/200000 - 7089*x15*x17/100000 - 98307*x15*x2/1000000 - 17907*x15*x3/250000 - 23109*x15*x4/500000 - 99097*x15*x5/1000000 - 71923*x15*x6/1000000 - 7033*x15*x7/20000 - 19083*x15*x8/250000 - 77003*x15*x9/1000000 - 9337*x15/125000 + 6431*x16**2/500 - 1969*x16*x17/20000 - 35037*x16*x2/500000 - 49863*x16*x3/500000 - 10023*x16*x4/100000 - 71521*x16*x5/1000000 - 12623*x16*x6/100000 - 7341*x16*x7/20000 - 2081*x16*x8/20000 - 76801*x16*x9/1000000 + x16/8 + 12877*x17**2/1000 - 98659*x17*x2/1000000 - 17817*x17*x3/250000 - 22871*x17*x4/500000 - 1987*x17*x5/20000 - 369*x17*x6/8000 - 2173*x17*x7/6250 - 38041*x17*x8/500000 - 38527*x17*x9/500000 - x17/8 + 6429*x2**2/500 - 49889*x2*x3/500000 - 5013*x2*x4/50000 - 35813*x2*x5/500000 - 10103*x2*x6/100000 - 7341*x2*x7/20000 - 2081*x2*x8/20000 - 76801*x2*x9/1000000 + x2/8 + 6439*x3**2/500 - 8817*x3*x4/125000 - 99939*x3*x5/1000000 - 11393*x3*x6/250000 - 15437*x3*x7/50000 - 15139*x3*x8/200000 - 7713*x3*x9/100000 - 10061*x3/50000 + 12909*x4**2/1000 - 6247*x4*x5/50000 - 17827*x4*x6/1000000 - 16889*x4*x7/50000 - 50201*x4*x8/1000000 - 10387*x4*x9/100000 - x4/4 + 6431*x5**2/500 - 10049*x5*x6/100000 - 7269*x5*x7/20000 - 77083*x5*x8/1000000 - 19213*x5*x9/250000 + 9337*x5/125000 + 1613*x6**2/125 - 1337*x6*x7/4000 - 2503*x6*x8/50000 - 77229*x6*x9/1000000 - 5991*x6/20000 + 16431*x7**2/1000 - 1747*x7*x8/5000 - 36229*x7*x9/100000 - 9863*x7/5000 + 12877*x8**2/1000 - 5187*x8*x9/50000 - x8/8 + 12861*x9**2/1000 + 25153*x9/1000000 + 1561/125",
    "Q": "[[12.487628719892413, 0.010538378368979659, -0.0595513018016328, -0.9816522754478048, -0.15589630676510444, 0.042010855429916574, -0.12406192330939327, -0.09488821283498827, 0.061806481170517076, -0.06458050745051586, 0.06688934903626481, -0.041408430193305326, 0.0805818681811095, -0.03791359757036582, 0.01633034746591772, -0.0012466888860244935, -0.06735122780683113, -0.09816492830965334], [0.010538378368979659, 12.860745078026708, -0.045848806678782446, -0.17982597611316786, -0.042694666635521045, -0.04072364355620404, -0.04543906975318759, -0.04471954363189952, -0.040766264189532955, -0.04124331627600996, -0.04263166166245906, -0.04471217157306005, -0.04034389440212899, -0.040483932752466596, -0.042976591125002295, -0.03728730994833252, -0.052981451444000974, -0.03947591194247412], [-0.0595513018016328, -0.045848806678782446, 12.87667609552886, -0.1738070713697446, -0.027054220369668185, -0.04484074141570176, -0.024580241782859627, -0.03572812870697162, -0.04576978383817481, -0.03358978531147881, -0.04678444210799313, -0.03472989420984078, -0.05023699704367522, -0.03898783001551, -0.037894597429371596, -0.03965818700042801, -0.03170242336217441, -0.024016445386864267], [-0.9816522754478048, -0.17982597611316786, -0.1738070713697446, 16.429801004153745, -0.1654571179042238, -0.18206609298365753, -0.16746315210070853, -0.1624580114214527, -0.1823061744121856, -0.1701504520743026, -0.18842399408384078, -0.17394444539421305, -0.1888076470284242, -0.17273674713948162, -0.1812847161129318, -0.1753709492973949, -0.17156507928593498, -0.1138306203345861], [-0.15589630676510444, -0.042694666635521045, -0.027054220369668185, -0.1654571179042238, 12.904429226624446, -0.05004121027882134, -0.0087623503080375, -0.0260470002640128, -0.055965743263437576, -0.024892062308953234, -0.058614726736736324, -0.031503651231192094, -0.06089880807814419, -0.032126374140468615, -0.04735499054855456, -0.032406893525278695, -0.039935635920545, -0.02000516344543973], [0.042010855429916574, -0.04072364355620404, -0.04484074141570176, -0.18206609298365753, -0.05004121027882134, 12.861991166939202, -0.061631011951204684, -0.04566600865332056, -0.03757744123815646, -0.043457799616096894, -0.03741026237569036, -0.049631797909643824, -0.02967883647199304, -0.043641021844985035, -0.03840781708255253, -0.03587558909710868, -0.062303066957570714, -0.04746539758584919], [-0.12406192330939327, -0.04543906975318759, -0.024580241782859627, -0.16746315210070853, -0.0087623503080375, -0.061631011951204684, 12.90892402801366, -0.03366645224540091, -0.050405736377611594, -0.028685747325963736, -0.05452081746102598, -0.027408347083775358, -0.06732379043315935, -0.03472175992583983, -0.03960766382020568, -0.046773800979372324, -0.008649445087374101, -0.007426786683106206], [-0.09488821283498827, -0.04471954363189952, -0.03572812870697162, -0.1624580114214527, -0.0260470002640128, -0.04566600865332056, -0.03366645224540091, 12.878431101540508, -0.053943077667869425, -0.03384908932718651, -0.05336753567687727, -0.037836977872640266, -0.052699553599428205, -0.038639075138182495, -0.04722119401514732, -0.03483437274432018, -0.05470581865021349, -0.030477901681007728], [0.061806481170517076, -0.040766264189532955, -0.04576978383817481, -0.1823061744121856, -0.055965743263437576, -0.03757744123815646, -0.050405736377611594, -0.053943077667869425, 12.85850237349057, -0.04771182317083813, -0.034329239644374364, -0.04719535163389678, -0.034081949023129665, -0.045266380107192056, -0.03756509603679687, -0.042400958395785435, -0.04243010079325931, -0.03854140861988862], [-0.06458050745051586, -0.04124331627600996, -0.03358978531147881, -0.1701504520743026, -0.024892062308953234, -0.043457799616096894, -0.028685747325963736, -0.03384908932718651, -0.04771182317083813, 12.876610118029394, -0.05403452889705259, -0.0341981735734137, -0.05253413100584731, -0.03697197993330867, -0.04307940964243288, -0.03575743955730062, -0.046865683378532016, -0.029119311819364745], [0.06688934903626481, -0.04263166166245906, -0.04678444210799313, -0.18842399408384078, -0.058614726736736324, -0.03741026237569036, -0.05452081746102598, -0.05336753567687727, -0.034329239644374364, -0.05403452889705259, 12.862036544366257, -0.052091377152577466, -0.029903775793998253, -0.045874010046200835, -0.03750165763480992, -0.0406367056879151, -0.04538675914478559, -0.042432478510616406], [-0.041408430193305326, -0.04471217157306005, -0.03472989420984078, -0.17394444539421305, -0.031503651231192094, -0.049631797909643824, -0.027408347083775358, -0.037836977872640266, -0.04719535163389678, -0.0341981735734137, -0.052091377152577466, 12.87523182986364, -0.06495991764106403, -0.03660541736286594, -0.04647801125644001, -0.04470510759061445, -0.036077690625886984, -0.026266012895736494], [0.0805818681811095, -0.04034389440212899, -0.05023699704367522, -0.1888076470284242, -0.06089880807814419, -0.02967883647199304, -0.06732379043315935, -0.052699553599428205, -0.034081949023129665, -0.05253413100584731, -0.029903775793998253, -0.06495991764106403, 12.869186290310173, -0.05025185183151431, -0.03471210754382262, -0.03390908073894902, -0.06664339472562081, -0.05202767232867272], [-0.03791359757036582, -0.040483932752466596, -0.03898783001551, -0.17273674713948162, -0.032126374140468615, -0.043641021844985035, -0.03472175992583983, -0.038639075138182495, -0.045266380107192056, -0.03697197993330867, -0.045874010046200835, -0.03660541736286594, -0.05025185183151431, 12.870450198709847, -0.04893947013549761, -0.03574937533746881, -0.05159654553691871, -0.034177234220093784], [0.01633034746591772, -0.042976591125002295, -0.037894597429371596, -0.1812847161129318, -0.04735499054855456, -0.03840781708255253, -0.03960766382020568, -0.04722119401514732, -0.03756509603679687, -0.04307940964243288, -0.03750165763480992, -0.04647801125644001, -0.03471210754382262, -0.04893947013549761, 12.867228738024908, -0.043204464748632765, -0.02949678677452483, -0.030109001543280868], [-0.0012466888860244935, -0.03728730994833252, -0.03965818700042801, -0.1753709492973949, -0.032406893525278695, -0.03587558909710868, -0.046773800979372324, -0.03483437274432018, -0.042400958395785435, -0.03575743955730062, -0.0406367056879151, -0.04470510759061445, -0.03390908073894902, -0.03574937533746881, -0.043204464748632765, 12.872374578613208, -0.08047728217277769, -0.047111371646601695], [-0.06735122780683113, -0.052981451444000974, -0.03170242336217441, -0.17156507928593498, -0.039935635920545, -0.062303066957570714, -0.008649445087374101, -0.05470581865021349, -0.04243010079325931, -0.046865683378532016, -0.04538675914478559, -0.036077690625886984, -0.06664339472562081, -0.05159654553691871, -0.02949678677452483, -0.08047728217277769, 12.923045733845822, 0.002023977377043309], [-0.09816492830965334, -0.03947591194247412, -0.024016445386864267, -0.1138306203345861, -0.02000516344543973, -0.04746539758584919, -0.007426786683106206, -0.030477901681007728, -0.03854140861988862, -0.029119311819364745, -0.042432478510616406, -0.026266012895736494, -0.05202767232867272, -0.034177234220093784, -0.030109001543280868, -0.047111371646601695, 0.002023977377043309, 12.888292840318039]]",
    "monomial_list": "[1, x9, x8, x7, x6, x5, x4, x3, x2, x17, x16, x15, x14, x13, x12, x11, x10, x1]"
}