{
    "name": "Multiplier-5",
    "rational_expression": "2587*x1**2/200 + 13281*x1*x10/100000 - 4517*x1*x11/62500 - 17299*x1*x12/1000000 - 13651*x1*x13/1000000 - 81169*x1*x14/1000000 + 8611*x1*x15/500000 - 23601*x1*x16/500000 - 13891*x1*x17/1000000 - 20561*x1*x2/1000000 - 13261*x1*x3/1000000 + 80131*x1*x4/1000000 - 6697*x1*x5/50000 + 13821*x1*x6/1000000 - 10423*x1*x7/500000 + 11623*x1*x8/1000000 - 9709*x1*x9/500000 - 36169*x1/50000 + 13027*x10**2/1000 - 12271*x10*x11/100000 + 10361*x10*x12/1000000 - 1849*x10*x13/50000 - 2179*x10*x14/20000 + 11151*x10*x15/500000 - 4931*x10*x16/250000 - 351*x10*x17/31250 - 3761*x10*x2/200000 - 9101*x10*x3/250000 + 5687*x10*x4/50000 - 1833*x10*x5/10000 - 36651*x10*x6/5000000 - 19319*x10*x7/1000000 + 15073*x10*x8/1000000 - 43433*x10*x9/1000000 - 11709*x10/12500 + 1611*x11**2/125 - 21941*x11*x12/1000000 - 4151*x11*x13/200000 + 24641*x11*x14/10000000 - 23429*x11*x15/500000 - 11197*x11*x16/500000 - 20941*x11*x17/1000000 - 5601*x11*x2/250000 - 5207*x11*x3/250000 - 45559*x11*x4/1000000 - 14287*x11*x5/50000 - 23111*x11*x6/1000000 - 25137*x11*x7/1000000 - 2421*x11*x8/100000 - 24193*x11*x9/1000000 - 10789*x11/100000 + 12891*x12**2/1000 - 5757*x12*x13/125000 - 11767*x12*x14/500000 - 44567*x12*x15/1000000 - 2643*x12*x16/125000 - 20301*x12*x17/1000000 - 10511*x12*x2/500000 - 46099*x12*x3/1000000 - 39*x12*x4/2500 - 6907*x12*x5/25000 - 47877*x12*x6/1000000 - 23591*x12*x7/1000000 - 21697*x12*x8/1000000 - 24009*x12*x9/1000000 - 21579*x12/100000 + 1612*x13**2/125 - 6453*x13*x14/125000 - 3729*x13*x15/250000 - 47481*x13*x16/1000000 - 17763*x13*x17/1000000 - 47251*x13*x2/1000000 - 9137*x13*x3/500000 - 19957*x13*x4/2000000 - 166*x13*x5/625 + 3347*x13*x6/500000 - 11727*x13*x7/500000 - 5091*x13*x8/250000 - 4561*x13*x9/200000 - 34821*x13/100000 + 3221*x14**2/250 - 19733*x14*x15/250000 + 13253*x14*x16/5000000 - 6489*x14*x17/125000 + 22269*x14*x2/10000000 - 13011*x14*x3/250000 - 10947*x14*x4/100000 - 781*x14*x5/2500 - 20329*x14*x6/250000 - 6651*x14*x7/250000 - 55367*x14*x8/1000000 - 5421*x14*x9/200000 + 21579*x14/100000 + 323*x15**2/25 - 23373*x15*x16/500000 - 15011*x15*x17/1000000 - 46283*x15*x2/1000000 - 2907*x15*x3/200000 + 2881*x15*x4/125000 - 2477*x15*x5/10000 + 673*x15*x6/62500 - 2747*x15*x7/125000 + 45217*x15*x8/5000000 - 20867*x15*x9/1000000 - 14059*x15/25000 + 12887*x16**2/1000 - 47651*x16*x17/1000000 - 21407*x16*x2/1000000 - 23767*x16*x3/500000 - 70899*x16*x4/1000000 - 7129*x16*x5/25000 - 49927*x16*x6/1000000 - 6081*x16*x7/250000 - 50193*x16*x8/1000000 - 1249*x16*x9/50000 - 10789*x16/100000 + 12899*x17**2/1000 - 9461*x17*x2/200000 - 2189*x17*x3/125000 + 7667*x17*x4/500000 - 26561*x17*x5/100000 + 3347*x17*x6/500000 - 11727*x17*x7/500000 - 19577*x17*x8/1000000 - 4561*x17*x9/200000 - 34821*x17/100000 + 12883*x2**2/1000 - 47193*x2*x3/1000000 - 44641*x2*x4/1000000 - 14147*x2*x5/50000 - 49429*x2*x6/1000000 - 24139*x2*x7/1000000 - 1991*x2*x8/40000 - 24737*x2*x9/1000000 - 2681*x2/20000 + 12897*x3**2/1000 - 89557*x3*x4/10000000 - 13151*x3*x5/50000 + 72699*x3*x6/10000000 - 49211*x3*x7/1000000 - 9571*x3*x8/500000 - 141*x3*x9/6250 - 18759*x3/50000 + 12979*x4**2/1000 - 5331*x4*x5/25000 + 11131*x4*x6/250000 - 11269*x4*x7/250000 + 15533*x4*x8/1000000 - 43191*x4*x9/1000000 - 96451*x4/100000 + 16489*x5**2/1000 - 1201*x5*x6/5000 - 26693*x5*x7/100000 - 6173*x5*x8/25000 - 26293*x5*x9/100000 - 5689*x5/2500 + 12927*x6**2/1000 - 9659*x6*x7/200000 + 16401*x6*x8/2000000 - 21353*x6*x9/1000000 - 50923*x6/100000 + 3221*x7**2/250 - 917*x7*x8/40000 - 4853*x7*x9/200000 - 47*x7/250 + 1613*x8**2/125 - 48031*x8*x9/1000000 - 42831*x8/100000 + 2577*x9**2/200 - 4839*x9/20000 + 1674/125",
    "Q": "[[13.391682763140103, -0.11489840524324038, -0.2164930016099236, -0.09518034949652601, -0.2565918956937161, -1.1378232456811483, -0.48644391179353713, -0.18751291230088266, -0.07275856003634035, -0.17897964621305593, -0.048299581445898764, -0.27456323860167037, 0.10957745108489614, -0.17336364308278676, -0.10489476392748412, -0.05048219740675617, -0.46945258221575187, -0.35637755019075434], [-0.11489840524324038, 12.88528470187393, -0.01807587812136979, -0.012546836731886082, -0.013494406720907218, -0.13528394409931047, -0.017428923330226703, -0.016800206610028994, -0.013073453979608057, -0.013129318720274267, -0.013903254651786653, -0.014287076984069622, -0.012167461280971174, -0.012229988120719005, -0.015326380697500124, -0.010821427305785187, -0.01980672637344718, -0.014809921263580567], [-0.2164930016099236, -0.01807587812136979, 12.90445668616693, -0.014866686522854848, 0.002670011398285061, -0.1254324028695425, 0.009842157431346383, -0.0070614460410574845, -0.019058306945675466, -0.004944415168168809, -0.019097778434716467, -0.001256636370959858, -0.025527189765388886, -0.010390969037736047, -0.01010008060465654, -0.014710719831651458, 0.009101050480685456, 0.0057440336629400734], [-0.09518034949652601, -0.012546836731886082, -0.014866686522854848, 12.883370166652574, -0.022806465749731226, -0.13888226312981597, -0.020440066206889092, -0.019729171684712762, -0.008980612812198264, -0.016132446800104682, -0.009188138621328964, -0.013900866357844618, -0.010217783504894617, -0.015245200574400113, -0.01042069107158485, -0.013761594704994424, -0.01406408670665739, -0.014673311740488821], [-0.2565918956937161, -0.013494406720907218, 0.002670011398285061, -0.022806465749731226, 12.927225799219165, -0.12254090404067344, 0.027006175904746795, 0.0017931180395731733, -0.02774261202538451, 0.0038469729166966085, -0.029627398657352522, 0.002181302052579288, -0.0348747067047917, -0.002851376945804338, -0.018893360594212608, -0.006183770453267071, -0.0010520078403599632, 0.008199794511707308], [-1.1378232456811483, -0.13528394409931047, -0.1254324028695425, -0.13888226312981597, -0.12254090404067344, 16.488915937739463, -0.09866748830740325, -0.12276563638851659, -0.13627147522848987, -0.12710643207790961, -0.14380668968217983, -0.11619669362304157, -0.15974039721996217, -0.12759596959646885, -0.136178057196289, -0.14155168265107623, -0.09415100078011446, -0.06221009245375249], [-0.48644391179353713, -0.017428923330226703, 0.009842157431346383, -0.020440066206889092, 0.027006175904746795, -0.09866748830740325, 12.979345515821759, -0.0017016499844413537, -0.02589626139963762, 0.003005467976660318, -0.030378680781790804, 0.015818748594202084, -0.0546424495132751, -0.0029349774090667666, -0.012742710643698611, -0.02630903485398093, 0.0553647926090964, 0.03955082352675213], [-0.18751291230088266, -0.016800206610028994, -0.0070614460410574845, -0.019729171684712762, 0.0017931180395731733, -0.12276563638851659, -0.0017016499844413537, 12.896552518487397, -0.026723752060514614, -0.0064065934317784415, -0.024939356841295553, -0.005680288495536958, -0.02723302232867593, -0.010823077678388776, -0.019338275366873447, -0.010046115109663328, -0.01847931188872232, -0.003975508168185942], [-0.07275856003634035, -0.013073453979608057, -0.019058306945675466, -0.008980612812198264, -0.02774261202538451, -0.13627147522848987, -0.02589626139963762, -0.026723752060514614, 12.882499822155518, -0.020708524251428936, -0.00578022606767876, -0.018823722306364876, -0.005081423020470009, -0.018284445819759198, -0.01052050146636464, -0.016227602242820372, -0.01078192890669136, -0.015609846599387843], [-0.17897964621305593, -0.013129318720274267, -0.004944415168168809, -0.016132446800104682, 0.0038469729166966085, -0.12710643207790961, 0.003005467976660318, -0.0064065934317784415, -0.020708524251428936, 12.898808355092557, -0.026540485488295205, -0.0019679054800819935, -0.026889593422829754, -0.008847043006977287, -0.01553762766236364, -0.010399410321997373, -0.010919924529364142, -0.002428131958855241], [-0.048299581445898764, -0.013903254651786653, -0.019097778434716467, -0.009188138621328964, -0.029627398657352522, -0.14380668968217983, -0.030378680781790804, -0.024939356841295553, -0.00578022606767876, -0.026540485488295205, 12.88697112138164, -0.023474610762113636, 0.0014399386574986159, -0.017774683438057506, -0.009078252007617447, -0.012928566241483678, -0.013523003775669113, -0.01956399843621057], [-0.27456323860167037, -0.014287076984069622, -0.001256636370959858, -0.013900866357844618, 0.002181302052579288, -0.11619669362304157, 0.015818748594202084, -0.005680288495536958, -0.018823722306364876, -0.0019679054800819935, -0.023474610762113636, 12.920085625515286, -0.04360535515379662, -0.004160389436145595, -0.01758753879694987, -0.019512796523677257, 0.015334142637891448, 0.011899576530307857], [0.10957745108489614, -0.012167461280971174, -0.025527189765388886, -0.010217783504894617, -0.0348747067047917, -0.15974039721996217, -0.0546424495132751, -0.02723302232867593, -0.005081423020470009, -0.026889593422829754, 0.0014399386574986159, -0.04360535515379662, 12.884277075971841, -0.024879446598564028, -0.0057771811462706876, -0.004527875368557223, -0.05017833400412092, -0.04017015177213723], [-0.17336364308278676, -0.012229988120719005, -0.010390969037736047, -0.015245200574400113, -0.002851376945804338, -0.12759596959646885, -0.0029349774090667666, -0.010823077678388776, -0.018284445819759198, -0.008847043006977287, -0.017774683438057506, -0.004160389436145595, -0.024879446598564028, 12.895299404454258, -0.02219032852948321, -0.010305469770164956, -0.015559043887983431, -0.007193215971562448], [-0.10489476392748412, -0.015326380697500124, -0.01010008060465654, -0.01042069107158485, -0.018893360594212608, -0.136178057196289, -0.012742710643698611, -0.019338275366873447, -0.01052050146636464, -0.01553762766236364, -0.009078252007617447, -0.01758753879694987, -0.0057771811462706876, -0.02219032852948321, 12.890415416459572, -0.01708178214290945, 0.005286218722040071, -0.005425350079849425], [-0.05048219740675617, -0.010821427305785187, -0.014710719831651458, -0.013761594704994424, -0.006183770453267071, -0.14155168265107623, -0.02630903485398093, -0.010046115109663328, -0.016227602242820372, -0.010399410321997373, -0.012928566241483678, -0.019512796523677257, -0.004527875368557223, -0.010305469770164956, -0.01708178214290945, 12.887333447662463, -0.06024753941570375, -0.03048744072143794], [-0.46945258221575187, -0.01980672637344718, 0.009101050480685456, -0.01406408670665739, -0.0010520078403599632, -0.09415100078011446, 0.0553647926090964, -0.01847931188872232, -0.01078192890669136, -0.010919924529364142, -0.013523003775669113, 0.015334142637891448, -0.05017833400412092, -0.015559043887983431, 0.005286218722040071, -0.06024753941570375, 13.027219147410452, 0.06328915904261082], [-0.35637755019075434, -0.014809921263580567, 0.0057440336629400734, -0.014673311740488821, 0.008199794511707308, -0.06221009245375249, 0.03955082352675213, -0.003975508168185942, -0.015609846599387843, -0.002428131958855241, -0.01956399843621057, 0.011899576530307857, -0.04017015177213723, -0.007193215971562448, -0.005425350079849425, -0.03048744072143794, 0.06328915904261082, 12.934507227884337]]",
    "monomial_list": "[1, x9, x8, x7, x6, x5, x4, x3, x2, x17, x16, x15, x14, x13, x12, x11, x10, x1]"
}