{
    "name": "Multiplier-1",
    "rational_expression": "20850608216133*x1**2/1250000000000 - 5171*x1*x10/25000 - 101093093631789*x1*x11/1000000000000000 - 7388341834303*x1*x12/50000000000000 - 14011906547239*x1*x13/125000000000000 - 713614183478057*x1*x14/10000000000000000 - 119*x1*x15/800 - 107219636440277*x1*x16/1000000000000000 - 29170054802671*x1*x17/200000000000000 - 57078789221123*x1*x2/500000000000000 - 116069132229313*x1*x3/1000000000000000 - 19647*x1*x4/100000 - 46944154164521*x1*x5/625000000000000 - 92078978777863*x1*x6/500000000000000 - 109590470790863*x1*x7/1000000000000000 - 76115333358757*x1*x8/500000000000000 - 10973*x1*x9/100000 - 17701*x1/10000 + 12989*x10**2/1000 - 1291*x10*x11/25000 + 7041*x10*x12/12500000 + 6471*x10*x13/10000000 - 1591*x10*x14/62500 + 12821*x10*x15/25000000 + 70377*x10*x16/100000000 + 14723*x10*x17/25000000 + 31037*x10*x2/50000000 - 24837*x10*x3/1000000 + 26407*x10*x4/1000000 - 25403*x10*x5/1000000 + 40307*x10*x6/100000000 + 8777*x10*x7/12500000 + 3021*x10*x8/6250000 - 12363*x10*x9/500000 - 13497*x10/500000 + 16290229505521*x11**2/1250000000000 - 996181237860583*x11*x12/100000000000000000 - 37259283271851*x11*x13/6250000000000000 + 8332188199347*x11*x14/312500000000000 - 2523*x11*x15/250000 + 21830187033629*x11*x16/1000000000000000 - 36773742409423*x11*x17/4000000000000000 - 68027442030143*x11*x2/10000000000000000 - 382023640850093*x11*x3/50000000000000000 - 20523*x11*x4/1000000 + 249751169758383*x11*x5/10000000000000000 - 29788613319397*x11*x6/2000000000000000 + 104677528142929*x11*x7/5000000000000000 - 31270682811737*x11*x8/2500000000000000 + 2091*x11*x9/100000 - 80409*x11/100000 + 26017857382889*x12**2/2000000000000 - 130693214014173*x12*x13/10000000000000000 + 84347617084859*x12*x14/5000000000000000 + 97129*x12*x15/10000000 + 138276703364681*x12*x16/10000000000000000 - 150878018175717*x12*x17/10000000000000000 - 2127599996129*x12*x2/156250000000000 - 70737991918577*x12*x3/5000000000000000 + 36043*x12*x4/10000000 - 191949088475667*x12*x5/20000000000000000 - 182172730565071*x12*x6/10000000000000000 + 33165141940117*x12*x7/2500000000000000 - 16725018620491*x12*x8/1000000000000000 + 13241*x12*x9/1000000 - 50961*x12/100000 + 13018783007079*x13**2/1000000000000 + 2136853148113*x13*x14/100000000000000 + 3061*x13*x15/250000 + 87283633329207*x13*x16/5000000000000000 - 24833231465891*x13*x17/2000000000000000 - 105116127815563*x13*x2/10000000000000000 - 27989834852633*x13*x3/2500000000000000 - 20861*x13*x4/1000000 + 199889203358907*x13*x5/10000000000000000 - 81756114959717*x13*x6/5000000000000000 + 83712637424469*x13*x7/5000000000000000 - 28925508260727*x13*x8/2000000000000000 + 8359*x13*x9/500000 - 32147*x13/50000 + 130567460825841*x14**2/10000000000000 + 8423*x14*x15/500000 + 502581576292869*x14*x16/10000000000000000 - 763351222849451*x14*x17/100000000000000000 + 204753779398743*x14*x2/10000000000000000 + 39159815351013*x14*x3/2000000000000000 - 46147*x14*x4/1000000 + 537454743462149*x14*x5/10000000000000000 - 68787783384323*x14*x6/5000000000000000 + 230308473110199*x14*x7/10000000000000000 - 103344470262527*x14*x8/10000000000000000 + 11503*x14*x9/500000 - 88507*x14/100000 + 3253*x15**2/250 + 6889*x15*x16/500000 + 10211*x15*x17/1000000 + 5873*x15*x2/500000 + 5617*x15*x3/500000 + 35787*x15*x4/10000000 + 15823*x15*x5/1000000 - 9121*x15*x6/500000 + 13241*x15*x7/1000000 + 677*x15*x8/78125 + 13241*x15*x9/1000000 - 50961*x15/100000 + 2036378582809*x16**2/156250000000 - 108550401928369*x16*x17/10000000000000000 + 83712531341007*x16*x2/5000000000000000 + 160004285571631*x16*x3/10000000000000000 - 20293*x16*x4/1000000 + 28118523368903*x16*x5/1250000000000000 - 80099105834961*x16*x6/5000000000000000 + 47096535563469*x16*x7/2500000000000000 - 65411925315857*x16*x8/5000000000000000 + 9407*x16*x9/500000 - 9049*x16/12500 + 65047261784057*x17**2/5000000000000 - 129783659067471*x17*x2/10000000000000000 - 135476650029887*x17*x3/10000000000000000 - 1077*x17*x4/50000 - 877947008120827*x17*x5/100000000000000000 - 178089538821951*x17*x6/10000000000000000 - 114773660898209*x17*x7/10000000000000000 - 3250567818759*x17*x8/200000000000000 - 1437*x17*x9/125000 - 53579*x17/100000 + 130181454837293*x2**2/10000000000000 - 117575290205423*x2*x3/10000000000000000 - 21047*x2*x4/1000000 + 23964638421603*x2*x5/1250000000000000 - 43788030743599*x2*x6/2500000000000000 + 40130838751793*x2*x7/2500000000000000 - 37275217473507*x2*x8/2500000000000000 + 4007*x2*x9/250000 - 61677*x2/100000 + 8134074507243*x3**2/625000000000 - 1327*x3*x4/62500 + 183273812581319*x3*x5/10000000000000000 - 21381638944149*x3*x6/1250000000000000 + 153621584177017*x3*x7/10000000000000000 - 38425549864769*x3*x8/2500000000000000 + 15337*x3*x9/1000000 - 58977*x3/100000 + 1624*x4**2/125 - 10203*x4*x5/500000 + 13433*x4*x6/5000000 - 4109*x4*x7/200000 + 32233*x4*x8/10000000 - 20539*x4*x9/1000000 - 9407*x4/50000 + 2608181765271*x5**2/200000000000 - 29023289680481*x5*x6/2000000000000000 + 54062306880951*x5*x7/2500000000000000 - 562734156847*x5*x8/50000000000000 + 27*x5*x9/1250 - 20777*x5/25000 + 4062709008399*x6**2/312500000000 - 20548515021801*x6*x7/1250000000000000 - 23727017796773*x6*x8/1250000000000000 - 15663*x6*x9/1000000 - 18773*x6/50000 + 130310773998499*x7**2/10000000000000 - 67712590098381*x7*x8/5000000000000000 + 4531*x7*x9/250000 - 69693*x7/100000 + 130038851010177*x8**2/10000000000000 - 679*x8*x9/50000 - 22781*x8/50000 + 3257*x9**2/250 - 69693*x9/100000 + 6701/500",
    "Q": "[[13.402063237091976, -0.3539254001601178, -0.22335639229760215, -0.35454925134147885, -0.1864850439292197, -0.4143705115231154, -0.1001700133597226, -0.2945265972988925, -0.314136610403225, -0.2703863743313711, -0.360418806037436, -0.25883093042791755, -0.44384116134357127, -0.31610510447890355, -0.24972725381510213, -0.4071770933730992, -0.018813984838198808, -0.8846749820174732], [-0.3539254001601178, 13.02819580871579, -0.0032754238187563687, 0.009991735417713055, -0.007691608411853417, 0.011256040186328548, -0.009499867795329946, 0.0027306693796595107, 0.004764068465885413, -1.0798860475630865e-05, 0.010226504483134042, 0.0029565206373548866, 0.01583266325347994, 0.00470834448275663, 0.00016770078095389263, 0.0055503911264332935, -0.0064325894083489005, -0.05351730334128942], [-0.22335639229760215, -0.0032754238187563687, 13.003800063866434, -0.0015887593189955382, -0.0040842672086265994, -0.003807912428670773, -0.002188752439694332, -0.003911893495787279, -0.004695498558715618, -0.004027416820875916, -0.002074670787959578, -0.0014181585843895351, -0.002941297890824128, -0.0036071104544339884, -0.0032851896801165898, -0.007004746633485407, 0.0022775253175253245, -0.07884578183549093], [-0.35454925134147885, 0.009991735417713055, -0.0015887593189955382, 13.030928411086721, -0.008220233977466193, 0.01277190401684337, -0.008322981208227423, 0.0034610115186861595, 0.00658217422505697, 0.0005879340347082463, 0.012581843898902772, 0.004649534022322792, 0.017507655449776196, 0.005451961851913358, 0.002148605015749209, 0.0054013827311606205, -0.0035131784144508548, -0.05364527386080474], [-0.1864850439292197, -0.007691608411853417, -0.0040842672086265994, -0.008220233977466193, 13.000689439140917, -0.010385164685332869, 0.0005789949090439396, -0.006258328695685199, -0.009863100668966666, -0.005199214288602533, -0.00920517097842268, -0.004396813376340979, -0.011676908474141464, -0.006439443806260786, -0.006767421595149647, -0.00960731106594575, 0.0013799513312003767, -0.08730511154352874], [-0.4143705115231154, 0.011256040186328548, -0.003807912428670773, 0.01277190401684337, -0.010385164685332869, 13.041113649597051, -0.01554570558456348, 0.0043277599714773764, 0.007344266115383374, 0.00032052629282390517, 0.013957296960453293, 0.0022630545094418342, 0.023552884613658863, 0.005810375037770261, 0.0011611472901609874, 0.010053075273618909, -0.01302880452321353, -0.0434710672029543], [-0.1001700133597226, -0.009499867795329946, -0.002188752439694332, -0.008322981208227423, 0.0005789949090439396, -0.01554570558456348, 12.992251734042673, -0.008256819060017974, -0.009769115869594742, -0.005825061351131329, -0.009498510416414576, -0.0028837571895192877, -0.016190517541443884, -0.007748173751000672, -0.0045565794837846545, -0.01616906571593736, 0.012367357169460032, -0.10045202810275759], [-0.2945265972988925, 0.0027306693796595107, -0.003911893495787279, 0.0034610115186861595, -0.006258328695685199, 0.0043277599714773764, -0.008256819060017974, 13.014670449573721, -0.00147654294708508, -0.0021155138739597525, 0.0031231505176163555, 5.530192671758774e-05, 0.006443899287918362, 0.00046640652728860844, -0.0030774618408777694, 0.0009484771418220822, -0.006695298598823745, -0.0612749703561711], [-0.314136610403225, 0.004764068465885413, -0.004695498558715618, 0.00658217422505697, -0.009863100668966666, 0.007344266115383374, -0.009769115869594742, -0.00147654294708508, 13.018360189994704, -0.0032070521601513698, 0.007511175859239002, -7.308077913800043e-05, 0.011922441539502442, 0.0007853823251275809, -0.0011461962577797413, 0.0010462241500453818, -0.005161432328828233, -0.058450583979390514], [-0.2703863743313711, -1.0798860475630865e-05, -0.004027416820875916, 0.0005879340347082463, -0.005199214288602533, 0.00032052629282390517, -0.005825061351131329, -0.0021155138739597525, -0.0032070521601513698, 13.00936894501398, -0.0007830232469016782, -0.0009557166227469316, 0.0010743324010833223, -0.0015844779660261613, -0.0038160070036555895, -0.002685656120871612, -0.00392527215775945, -0.0692737746345536], [-0.360418806037436, 0.010226504483134042, -0.002074670787959578, 0.012581843898902772, -0.00920517097842268, 0.013957296960453293, -0.009498510416414576, 0.0031231505176163555, 0.007511175859239002, -0.0007830232469016782, 13.033194018716733, 0.003669294128247417, 0.020593660842361694, 0.005459293611124753, 0.002502340774563892, 0.0062891867983283075, -0.0037020289131459052, -0.052114827699608596], [-0.25883093042791755, 0.0029565206373548866, -0.0014181585843895351, 0.004649534022322792, -0.004396813376340979, 0.0022630545094418342, -0.0028837571895192877, 5.530192671758774e-05, -7.308077913800043e-05, -0.0009557166227469316, 0.003669294128247417, 13.011709570738967, 0.0025801318899792876, 0.0014787924818086124, -0.0010639988964370542, -0.002791699407203674, 0.002307000734770295, -0.06967309551298285], [-0.44384116134357127, 0.01583266325347994, -0.002941297890824128, 0.017507655449776196, -0.011676908474141464, 0.023552884613658863, -0.016190517541443884, 0.006443899287918362, 0.011922441539502442, 0.0010743324010833223, 0.020593660842361694, 0.0025801318899792876, 13.056450600626809, 0.008040382188141513, 0.004536503468540906, 0.014646555860875217, -0.013064627319530049, -0.03754902072911534], [-0.31610510447890355, 0.00470834448275663, -0.0036071104544339884, 0.005451961851913358, -0.006439443806260786, 0.005810375037770261, -0.007748173751000672, 0.00046640652728860844, 0.0007853823251275809, -0.0015844779660261613, 0.005459293611124753, 0.0014787924818086124, 0.008040382188141513, 13.01896248674237, -0.0027504108501708187, 0.0019100569186377857, -0.005880422250067807, -0.060290641540380406], [-0.24972725381510213, 0.00016770078095389263, -0.0032851896801165898, 0.002148605015749209, -0.006767421595149647, 0.0011611472901609874, -0.0045565794837846545, -0.0030774618408777694, -0.0011461962577797413, -0.0038160070036555895, 0.002502340774563892, -0.0010639988964370542, 0.004536503468540906, -0.0027504108501708187, 13.008311788449186, -0.004464754215103912, 0.0016251504903889882, -0.07218059344249389], [-0.4071770933730992, 0.0055503911264332935, -0.007004746633485407, 0.0054013827311606205, -0.00960731106594575, 0.010053075273618909, -0.01616906571593736, 0.0009484771418220822, 0.0010462241500453818, -0.002685656120871612, 0.0062891867983283075, -0.002791699407203674, 0.014646555860875217, 0.0019100569186377857, -0.004464754215103912, 13.032923656923735, -0.021732204901709684, -0.04664492151906952], [-0.018813984838198808, -0.0064325894083489005, 0.0022775253175253245, -0.0035131784144508548, 0.0013799513312003767, -0.01302880452321353, 0.012367357169460032, -0.006695298598823745, -0.005161432328828233, -0.00392527215775945, -0.0037020289131459052, 0.002307000734770295, -0.013064627319530049, -0.005880422250067807, 0.0016251504903889882, -0.021732204901709684, 12.989014364232284, -0.10603311066883835], [-0.8846749820174732, -0.05351730334128942, -0.07884578183549093, -0.05364527386080474, -0.08730511154352874, -0.0434710672029543, -0.10045202810275759, -0.0612749703561711, -0.058450583979390514, -0.0692737746345536, -0.052114827699608596, -0.06967309551298285, -0.03754902072911534, -0.060290641540380406, -0.07218059344249389, -0.04664492151906952, -0.10603311066883835, 16.68071704720534]]",
    "monomial_list": "[1, x9, x8, x7, x6, x5, x4, x3, x2, x17, x16, x15, x14, x13, x12, x11, x10, x1]"
}