{
    "name": "Multiplier-4",
    "rational_expression": "1613*x1**2/125 + 11051*x1*x10/50000 + 40117*x1*x11/500000 + 12769*x1*x12/100000 + 12687*x1*x13/100000 + 46859*x1*x14/500000 + 1849*x1*x15/12500 + 853*x1*x16/6250 + 3019*x1*x17/25000 + 209*x1*x2/2000 + 623*x1*x3/5000 + 3861*x1*x4/250000 + 10763*x1*x5/125000 + 6709*x1*x6/50000 + 13063*x1*x7/100000 + 14087*x1*x8/100000 + 12793*x1*x9/100000 - 49329*x1/100000 + 12963*x10**2/1000 + 2597*x10*x11/100000 + 17649*x10*x12/100000 + 3133*x10*x13/25000 + 11501*x10*x14/100000 + 17187*x10*x15/100000 + 15849*x10*x16/100000 + 5971*x10*x17/50000 + 3837*x10*x2/25000 + 95707*x10*x3/1000000 - 28723*x10*x4/500000 + 81781*x10*x5/1000000 + 15911*x10*x6/100000 + 15243*x10*x7/100000 + 16443*x10*x8/100000 + 249*x10*x9/2000 - 10559*x10/25000 + 519*x11**2/40 + 7247*x11*x12/50000 + 16829*x11*x13/100000 + 7017*x11*x14/25000 + 12919*x11*x15/100000 + 11347*x11*x16/50000 + 1911*x11*x17/12500 + 4709*x11*x2/25000 + 8333*x11*x3/50000 + 66189*x11*x4/1000000 + 23693*x11*x5/100000 + 5837*x11*x6/50000 + 21347*x11*x7/100000 + 2299*x11*x8/20000 + 20731*x11*x9/100000 - 16207*x11/10000 + 1618*x12**2/125 + 13121*x12*x13/100000 + 25993*x12*x14/100000 + 14753*x12*x15/100000 + 10529*x12*x16/50000 + 2363*x12*x17/20000 + 1089*x12*x2/6250 + 6471*x12*x3/50000 + 6359*x12*x4/2000000 + 683*x12*x5/3125 + 44021*x12*x6/500000 + 9949*x12*x7/50000 + 1689*x12*x8/12500 + 16847*x12*x9/100000 - 13391*x12/10000 + 647*x13**2/50 + 5101*x13*x14/25000 + 17109*x13*x15/100000 + 10341*x13*x16/50000 + 14313*x13*x17/100000 + 17077*x13*x2/100000 + 961*x13*x3/6250 + 2973*x13*x4/100000 + 2361*x13*x5/12500 + 3491*x13*x6/25000 + 19551*x13*x7/100000 + 6681*x13*x8/50000 + 9519*x13*x9/50000 - 6341*x13/5000 + 13133*x14**2/1000 + 15781*x14*x15/100000 + 19339*x14*x16/50000 + 479*x14*x17/3125 + 31407*x14*x2/100000 + 632*x14*x3/3125 + 2447*x14*x4/12500 + 1513*x14*x5/4000 + 71771*x14*x6/1000000 + 3143*x14*x7/10000 + 2741*x14*x8/20000 + 15249*x14*x9/50000 - 25707*x14/10000 + 12933*x15**2/1000 + 8381*x15*x16/50000 + 2019*x15*x17/12500 + 1981*x15*x2/12500 + 14473*x15*x3/100000 + 41503*x15*x4/10000000 + 17291*x15*x5/100000 + 6903*x15*x6/50000 + 3661*x15*x7/20000 + 15313*x15*x8/100000 + 17849*x15*x9/100000 - 1021*x15/1000 + 2607*x16**2/200 + 3433*x16*x17/25000 + 25873*x16*x2/100000 + 4533*x16*x3/25000 + 6891*x16*x4/50000 + 14393*x16*x5/50000 + 18617*x16*x6/200000 + 7141*x16*x7/25000 + 7537*x16*x8/50000 + 3139*x16*x9/12500 - 5019*x16/2500 + 12917*x17**2/1000 + 3241*x17*x2/25000 + 3581*x17*x3/25000 - 33219*x17*x4/1000000 + 17033*x17*x5/100000 + 13749*x17*x6/100000 + 973*x17*x7/6250 + 12703*x17*x8/100000 + 15161*x17*x9/100000 - 49329*x17/50000 + 12983*x2**2/1000 + 14487*x2*x3/100000 + 5049*x2*x4/62500 + 24611*x2*x5/100000 + 32903*x2*x6/500000 + 6147*x2*x7/25000 + 11817*x2*x8/100000 + 21403*x2*x9/100000 - 4401*x2/2500 + 12939*x3**2/1000 + 2091*x3*x4/62500 + 19089*x3*x5/100000 + 13969*x3*x6/100000 + 17181*x3*x7/100000 + 3357*x3*x8/25000 + 521*x3*x9/3125 - 521*x3/400 + 3327*x4**2/200 + 12939*x4*x5/100000 - 5259*x4*x6/50000 + 1331*x4*x7/12500 - 23029*x4*x8/500000 + 69749*x4*x9/1000000 - 36271*x4/10000 + 261*x5**2/20 + 139*x5*x6/2000 + 1091*x5*x7/4000 + 6513*x5*x8/50000 + 2991*x5*x9/12500 - 2287*x5/1000 + 1291*x6**2/100 + 18263*x6*x7/200000 + 16039*x6*x8/100000 + 11611*x6*x9/100000 - 12359*x6/50000 + 12997*x7**2/1000 + 14591*x7*x8/100000 + 4821*x7*x9/20000 - 17969*x7/10000 + 12907*x8**2/1000 + 7157*x8*x9/50000 - 81033*x8/100000 + 649*x9**2/50 - 8447*x9/5000 + 2201/125",
    "Q": "[[17.608381748571738, -0.8377007081632107, -0.4055365440132436, -0.8957743200470141, -0.12447545856405744, -1.1517478529404515, -1.8156067424547202, -0.6442179300978104, -0.8862415373580947, -0.4984719378848005, -1.005654345705293, -0.5118504145919159, -1.2864166898124203, -0.6305766926917403, -0.6669707854202305, -0.8071598761047725, -0.20315583880833493, -0.24118432285353925], [-0.8377007081632107, 12.979371638608937, 0.065107514935896, 0.11624169902299092, 0.058050571792315646, 0.1255575442101196, 0.0383457292997562, 0.08642018148513833, 0.10601634495199469, 0.07834952086618407, 0.1223447188284274, 0.08262780869828049, 0.14770954865967303, 0.09252857641559559, 0.08659432617718128, 0.1021038471368133, 0.0624508496376611, 0.05703007369143808], [-0.4055365440132436, 0.065107514935896, 12.906309233375039, 0.07389398217553207, 0.07592296546825619, 0.06778984742511782, -0.02282014049684576, 0.0683153767120546, 0.059587686994982285, 0.06759084232957717, 0.07167191737936611, 0.07406108429341822, 0.07324609929614083, 0.06642992847176762, 0.06686430038752353, 0.0621470536352193, 0.08119438432687308, 0.06532536013440064], [-0.8957743200470141, 0.11624169902299092, 0.07389398217553207, 12.996689593145303, 0.050033282903264135, 0.13575691468247228, 0.047772097074407056, 0.08857623969153076, 0.11845955268828262, 0.07943332363160437, 0.1364786562550942, 0.08900240728776958, 0.15855944795208343, 0.09451915549944191, 0.09890452055942825, 0.1035941337370024, 0.07496444418583784, 0.06239343629511105], [-0.12447545856405744, 0.058050571792315646, 0.07592296546825619, 0.050033282903264135, 12.909671807790184, 0.040406685640346024, -0.05042567099213233, 0.07013601695604178, 0.033754183262309834, 0.07512403327987874, 0.0411677899658647, 0.07453995700436171, 0.03529351659837592, 0.0680171932665147, 0.04871035485180312, 0.06014249195998827, 0.07682854326230919, 0.07031132095089741], [-1.1517478529404515, 0.1255575442101196, 0.06778984742511782, 0.13575691468247228, 0.040406685640346024, 13.051282599029905, 0.06948260860333763, 0.0969191300371947, 0.12802711589905832, 0.08071235153169865, 0.15039044267989227, 0.08060575629820999, 0.19543805911528161, 0.09753677883528727, 0.10301164288295153, 0.12048529823976573, 0.04418947114831, 0.04541180473314301], [-1.8156067424547202, 0.0383457292997562, -0.02282014049684576, 0.047772097074407056, -0.05042567099213233, 0.06948260860333763, 16.635702719813786, 0.011984448367611493, 0.038743926210515416, -0.010118877555970752, 0.06131678143022302, -0.002149123908481502, 0.09759379256369242, 0.010364358549921574, 0.009521139539324104, 0.02668895594998146, -0.028702310568022638, 0.0003874840070338442], [-0.6442179300978104, 0.08642018148513833, 0.0683153767120546, 0.08857623969153076, 0.07013601695604178, 0.0969191300371947, 0.011984448367611493, 12.938953019204675, 0.0704294143478762, 0.0745723323450056, 0.08820209166327003, 0.07773696414625945, 0.1051268634102963, 0.07904952871806417, 0.06832918309238808, 0.08839194499337691, 0.04956253772066109, 0.055853287844914584], [-0.8862415373580947, 0.10601634495199469, 0.059587686994982285, 0.11845955268828262, 0.033754183262309834, 0.12802711589905832, 0.038743926210515416, 0.0704294143478762, 12.982793700400645, 0.0644199479065922, 0.13147244896109248, 0.07415726091005329, 0.15525066001771531, 0.08142650672152506, 0.08970017502254374, 0.09064215201127848, 0.07091637587022395, 0.05542750929621593], [-0.4984719378848005, 0.07834952086618407, 0.06759084232957717, 0.07943332363160437, 0.07512403327987874, 0.08071235153169865, -0.010118877555970752, 0.0745723323450056, 0.0644199479065922, 12.917164786929124, 0.06954727709088163, 0.07702934075848504, 0.08212725921893493, 0.07302626683664219, 0.06399922059475073, 0.07426437238992956, 0.05986870283687574, 0.05773266310185174], [-1.005654345705293, 0.1223447188284274, 0.07167191737936611, 0.1364786562550942, 0.0411677899658647, 0.15039044267989227, 0.06131678143022302, 0.08820209166327003, 0.13147244896109248, 0.06954727709088163, 13.035607513475016, 0.08246213867903252, 0.18767296878671486, 0.09721634890733204, 0.1065172764424089, 0.11124829671176342, 0.08132903244661567, 0.0620888262929115], [-0.5118504145919159, 0.08262780869828049, 0.07406108429341822, 0.08900240728776958, 0.07453995700436171, 0.08060575629820999, -0.002149123908481502, 0.07773696414625945, 0.07415726091005329, 0.07702934075848504, 0.08246213867903252, 12.932898918977132, 0.07303352465988254, 0.08225629248386464, 0.06744801359150737, 0.07012409902791575, 0.0824280996167619, 0.06818913550451602], [-1.2864166898124203, 0.14770954865967303, 0.07324609929614083, 0.15855944795208343, 0.03529351659837592, 0.19543805911528161, 0.09759379256369242, 0.1051268634102963, 0.15525066001771531, 0.08212725921893493, 0.18767296878671486, 0.07303352465988254, 13.133382928469732, 0.10536343744618637, 0.12687859966948223, 0.14356181815543376, 0.05211732423548642, 0.05197355530046778], [-0.6305766926917403, 0.09252857641559559, 0.06642992847176762, 0.09451915549944191, 0.0680171932665147, 0.09753677883528727, 0.010364358549921574, 0.07904952871806417, 0.08142650672152506, 0.07302626683664219, 0.09721634890733204, 0.08225629248386464, 0.10536343744618637, 12.939395018289655, 0.06503552502520446, 0.08691221086696305, 0.058474553862087074, 0.05644024455134895], [-0.6669707854202305, 0.08659432617718128, 0.06686430038752353, 0.09890452055942825, 0.04871035485180312, 0.10301164288295153, 0.009521139539324104, 0.06832918309238808, 0.08970017502254374, 0.06399922059475073, 0.1065172764424089, 0.06744801359150737, 0.12687859966948223, 0.06503552502520446, 12.94411207046596, 0.07376697578910528, 0.08824760260051702, 0.06431524264755765], [-0.8071598761047725, 0.1021038471368133, 0.0621470536352193, 0.1035941337370024, 0.06014249195998827, 0.12048529823976573, 0.02668895594998146, 0.08839194499337691, 0.09064215201127848, 0.07426437238992956, 0.11124829671176342, 0.07012409902791575, 0.14356181815543376, 0.08691221086696305, 0.07376697578910528, 12.974173752058263, 0.011501301582890481, 0.03597460827313882], [-0.20315583880833493, 0.0624508496376611, 0.08119438432687308, 0.07496444418583784, 0.07682854326230919, 0.04418947114831, -0.028702310568022638, 0.04956253772066109, 0.07091637587022395, 0.05986870283687574, 0.08132903244661567, 0.0824280996167619, 0.05211732423548642, 0.058474553862087074, 0.08824760260051702, 0.011501301582890481, 12.962743107016587, 0.10741912140789549], [-0.24118432285353925, 0.05703007369143808, 0.06532536013440064, 0.06239343629511105, 0.07031132095089741, 0.04541180473314301, 0.0003874840070338442, 0.055853287844914584, 0.05542750929621593, 0.05773266310185174, 0.0620888262929115, 0.06818913550451602, 0.05197355530046778, 0.05644024455134895, 0.06431524264755765, 0.03597460827313882, 0.10741912140789549, 12.903103565872675]]",
    "monomial_list": "[1, x9, x8, x7, x6, x5, x4, x3, x2, x17, x16, x15, x14, x13, x12, x11, x10, x1]"
}