{
    "name": "Multiplier-3",
    "rational_expression": "3229*x1**2/250 + 95531*x1*x10/1000000 - 23707*x1*x11/500000 + 2291*x1*x12/200000 - 4341*x1*x13/250000 - 3137*x1*x14/250000 + 39031*x1*x15/5000000 + 2743*x1*x16/200000 + 56701*x1*x17/10000000 + 1829*x1*x2/125000 - 12137*x1*x3/100000 + 973*x1*x4/31250 - 17717*x1*x5/1000000 + 9267*x1*x6/20000000 + 10591*x1*x7/1000000 + 50629*x1*x8/10000000 + 5473*x1*x9/625000 - 23021*x1/50000 + 651*x10**2/50 - 47599*x10*x11/500000 + 12259*x10*x12/250000 - 10527*x10*x13/1000000 - 30767*x10*x14/100000000 + 15429*x10*x15/1000000 + 53753*x10*x16/1000000 - 749*x10*x17/50000 + 29559*x10*x2/1000000 - 17589*x10*x3/100000 + 15629*x10*x4/250000 - 89341*x10*x5/10000000 - 12509*x10*x6/500000 + 10901*x10*x7/500000 + 653*x10*x8/62500 - 14417*x10*x9/2000000 - 11841*x10/12500 + 6449*x11**2/500 - 9799*x11*x12/500000 + 983*x11*x13/200000 + 13917*x11*x14/2000000 - 10577*x11*x15/500000 - 8963*x11*x16/500000 - 421*x11*x17/20000 - 18313*x11*x2/1000000 - 768*x11*x3/3125 - 23903*x11*x4/1000000 + 4309*x11*x5/1250000 + 21753*x11*x6/100000000 - 10417*x11*x7/500000 - 23101*x11*x8/1000000 + 9041*x11*x9/2500000 - 4753*x11/25000 + 6461*x12**2/500 - 7731*x12*x13/500000 + 8631*x12*x14/500000 - 1839*x12*x15/125000 + 23*x12*x16/1250 - 18183*x12*x17/1000000 + 19537*x12*x2/1000000 - 20767*x12*x3/100000 - 18679*x12*x4/1000000 + 337*x12*x5/31250 - 6343*x12*x6/250000 + 13741*x12*x7/1000000 - 18613*x12*x8/1000000 - 6943*x12*x9/500000 - 29799*x12/50000 + 1613*x13**2/125 - 11*x13*x14/800 + 75159*x13*x15/10000000 - 1287*x13*x16/100000 - 9651*x13*x17/500000 - 12087*x13*x2/1000000 - 22821*x13*x3/100000 + 42479*x13*x4/10000000 - 4591*x13*x5/250000 + 40763*x13*x6/100000000 - 659*x13*x7/40000 - 10511*x13*x8/500000 + 36099*x13*x9/5000000 - 37941*x13/100000 + 6477*x14**2/500 - 10121*x14*x15/250000 + 4557*x14*x16/62500 - 3511*x14*x17/200000 + 24039*x14*x2/500000 - 20011*x14*x3/100000 - 69953*x14*x4/1000000 + 38279*x14*x5/1000000 - 25669*x14*x6/500000 + 41621*x14*x7/1000000 - 579*x14*x8/31250 + 12877*x14*x9/1000000 - 33849*x14/50000 + 1291*x15**2/100 - 323*x15*x16/25000 + 14703*x15*x17/2500000 - 12113*x15*x2/1000000 - 714*x15*x3/3125 + 42479*x15*x4/10000000 - 4597*x15*x5/250000 + 10171*x15*x6/25000000 + 87309*x15*x7/10000000 + 41971*x15*x8/10000000 - 17993*x15*x9/1000000 - 37941*x15/100000 + 6473*x16**2/500 - 43009*x16*x17/1000000 + 24801*x16*x2/500000 - 19497*x16*x3/100000 - 22037*x16*x4/500000 + 13251*x16*x5/1000000 - 51283*x16*x6/1000000 + 8577*x16*x7/200000 - 17147*x16*x8/1000000 + 13897*x16*x9/1000000 - 36577*x16/50000 + 1612*x17**2/125 - 3313*x17*x2/200000 - 27279*x17*x3/100000 + 5589*x17*x4/2000000 - 1301*x17*x5/62500 + 29543*x17*x6/100000000 - 19599*x17*x7/1000000 + 27183*x17*x8/10000000 - 20563*x17*x9/1000000 - 24467*x17/100000 + 6469*x2**2/500 - 9487*x2*x3/50000 - 21727*x2*x4/500000 + 14207*x2*x5/1000000 - 25601*x2*x6/500000 + 18107*x2*x7/1000000 - 867*x2*x8/50000 + 1493*x2*x9/100000 - 78527*x2/100000 + 16527*x3**2/1000 - 25579*x3*x4/100000 - 21217*x3*x5/100000 - 6131*x3*x6/20000 - 9999*x3*x7/50000 - 12791*x3*x8/50000 - 4203*x3*x9/20000 - 5039*x3/2000 + 12921*x4**2/1000 - 46677*x4*x5/1000000 + 26349*x4*x6/1000000 - 19161*x4*x7/1000000 + 6607*x4*x8/2000000 - 20337*x4*x9/1000000 - 29799*x4/100000 + 12917*x5**2/1000 - 12753*x5*x6/500000 + 703*x5*x7/62500 - 19827*x5*x8/1000000 + 46367*x5*x9/5000000 - 48769*x5/100000 + 12907*x6**2/1000 - 25391*x6*x7/1000000 + 4071*x6*x8/12500000 - 4939*x6*x9/200000 - 13639*x6/500000 + 517*x7**2/40 - 3667*x7*x8/200000 + 2961*x7*x9/250000 - 31163*x7/50000 + 12901*x8**2/1000 - 20337*x8*x9/1000000 - 29799*x8/100000 + 6457*x9**2/500 - 51497*x9/100000 + 13543/1000",
    "Q": "[[13.542994933931574, -0.2600792773607913, -0.14935864295401027, -0.31188743894632714, -0.01465476170035178, -0.248865285188363, -0.14931053266811425, -1.2547176660979753, -0.3913454051516918, -0.12225927725595395, -0.3679056974399944, -0.18539297349973913, -0.33549070104376455, -0.1884644966274559, -0.2960103881511564, -0.09431712564587887, -0.47290139707432666, -0.22731092106995843], [-0.2600792773607913, 12.91393510708573, -0.010530016979949807, 0.005517268250829377, -0.010480857746410971, 0.0023946063790486116, -0.011090737380791508, -0.10791262813183425, 0.004881239219175167, -0.006581185918145954, 0.00717177353712054, -0.004106355106716727, 0.009934171448931937, -0.0020465625276223365, -0.0017087143796815658, -0.0034239247867038996, -0.00012984764023050071, -0.0015270022407147703], [-0.14935864295401027, -0.010530016979949807, 12.901101864806336, -0.0061783529595644685, 0.004409668860145974, -0.009569561247334445, 0.005392061414988027, -0.12804893242562687, -0.011737239647156632, -0.00255419154520152, -0.008618178200633242, -0.0005251901089464799, -0.011710185037751177, -0.006345954133920443, -0.004087663281165695, -0.008036485807650444, 0.006472469396825408, 0.003989267535522033], [-0.31188743894632714, 0.005517268250829377, -0.0061783529595644685, 12.925279398496714, -0.018886103923756035, 0.006918022477425474, -0.011500680390582123, -0.1012054470541389, 0.013166078493425905, -0.007928408592794344, 0.015941253904183238, -0.0009661609220819443, 0.015429553782471786, -0.002415743327531753, 0.0058963128807579274, -0.00547168820781258, 0.011656474000601423, 0.002708067410950523], [-0.01465476170035178, -0.010480857746410971, 0.004409668860145974, -0.018886103923756035, 12.907473649986379, -0.016600611001119994, 0.01900365665100711, -0.14860243593121972, -0.0273585129091539, 0.0057777566765107495, -0.0255211820537998, -3.941199400522986e-07, -0.02674623308607331, -0.0017506086154347783, -0.016255332374633242, 0.0015207998242463886, -0.014040359346564004, 8.178031492215974e-05], [-0.248865285188363, 0.0023946063790486116, -0.009569561247334445, 0.006918022477425474, -0.016600611001119994, 12.917435004612006, -0.026582398375900925, -0.1071198324329242, 0.0074617201147104285, -0.00850736904829741, 0.011977442225201952, -0.008968100982816744, 0.02075762096623091, -0.0050279570598595474, 0.002530994028802993, -0.002006653029369417, -0.010183072742525326, -0.008880939743669524], [-0.14931053266811425, -0.011090737380791508, 0.005392061414988027, -0.011500680390582123, 0.01900365665100711, -0.026582398375900925, 12.921067336088727, -0.13110638462499327, -0.016873868848336457, 0.0006310106452020548, -0.016999486277157888, 0.004541542063811077, -0.02949524748508847, -0.0038130148820266037, -0.006206857191488918, -0.014992738941522268, 0.02595678102326347, 0.01612048815029524], [-1.2547176660979753, -0.10791262813183425, -0.12804893242562687, -0.1012054470541389, -0.14860243593121972, -0.1071198324329242, -0.13110638462499327, 16.52661066204167, -0.08902019327022738, -0.12902625566674808, -0.09244650789415443, -0.11923006794088149, -0.09433078622159595, -0.11865145683891662, -0.10563512356350241, -0.12984432950092797, -0.08010886974729813, -0.06616381432043121], [-0.3913454051516918, 0.004881239219175167, -0.011737239647156632, 0.013166078493425905, -0.0273585129091539, 0.0074617201147104285, -0.016873868848336457, -0.08902019327022738, 12.93693936798657, -0.014163436187122147, 0.020552552061757445, -0.005887032467702492, 0.02065783610116937, -0.0062433891437243426, 0.0058469702689359065, -0.010592834876432415, 0.019504347211084707, 0.003972791860252096], [-0.12225927725595395, -0.006581185918145954, -0.00255419154520152, -0.007928408592794344, 0.0057777566765107495, -0.00850736904829741, 0.0006310106452020548, -0.12902625566674808, -0.014163436187122147, 12.89664548039373, -0.016422707407728495, -0.001123786204834512, -0.014278230825785188, -0.005353545637794623, -0.009629079583799272, -0.004617199092860176, -0.010677083438422276, -0.0025090195698939306], [-0.3679056974399944, 0.00717177353712054, -0.008618178200633242, 0.015941253904183238, -0.0255211820537998, 0.011977442225201952, -0.016999486277157888, -0.09244650789415443, 0.020552552061757445, -0.016422707407728495, 12.946389957350824, -0.006301733118123288, 0.02984780133091875, -0.002381525919876663, 0.009804053729938892, -0.004574815765901706, 0.020939559077014894, 0.0040190707715388446], [-0.18539297349973913, -0.004106355106716727, -0.0005251901089464799, -0.0009661609220819443, -3.941199400522986e-07, -0.008968100982816744, 0.004541542063811077, -0.11923006794088149, -0.005887032467702492, -0.001123786204834512, -0.006301733118123288, 12.909620175254215, -0.019541635920857045, -0.0005357966413832648, -0.00742001146039861, -0.010986397236174873, 0.010621383041058783, 0.006398563980950639], [-0.33549070104376455, 0.009934171448931937, -0.011710185037751177, 0.015429553782471786, -0.02674623308607331, 0.02075762096623091, -0.02949524748508847, -0.09433078622159595, 0.02065783610116937, -0.014278230825785188, 0.02984780133091875, -0.019541635920857045, 12.953490806895331, -0.006610364298891007, 0.013263213729870167, 0.003124270043996959, -0.003366846163845346, -0.006147126339411394], [-0.1884644966274559, -0.0020465625276223365, -0.006345954133920443, -0.002415743327531753, -0.0017506086154347783, -0.0050279570598595474, -0.0038130148820266037, -0.11865145683891662, -0.0062433891437243426, -0.005353545637794623, -0.002381525919876663, -0.0005357966413832648, -0.006610364298891007, 12.903375080838192, -0.01224178713582631, -0.003925871614447533, -0.008068784208993205, -0.0028014124430926924], [-0.2960103881511564, -0.0017087143796815658, -0.004087663281165695, 0.0058963128807579274, -0.016255332374633242, 0.002530994028802993, -0.006206857191488918, -0.10563512356350241, 0.0058469702689359065, -0.009629079583799272, 0.009804053729938892, -0.00742001146039861, 0.013263213729870167, -0.01224178713582631, 12.922111433515493, -0.011365694859963913, 0.02429557174306571, 0.007868795866189831], [-0.09431712564587887, -0.0034239247867038996, -0.008036485807650444, -0.00547168820781258, 0.0015207998242463886, -0.002006653029369417, -0.014992738941522268, -0.12984432950092797, -0.010592834876432415, -0.004617199092860176, -0.004574815765901706, -0.010986397236174873, 0.003124270043996959, -0.003925871614447533, -0.011365694859963913, 12.89823144355938, -0.046138925312498275, -0.018867660923129716], [-0.47290139707432666, -0.00012984764023050071, 0.006472469396825408, 0.011656474000601423, -0.014040359346564004, -0.010183072742525326, 0.02595678102326347, -0.08010886974729813, 0.019504347211084707, -0.010677083438422276, 0.020939559077014894, 0.010621383041058783, -0.003366846163845346, -0.008068784208993205, 0.02429557174306571, -0.046138925312498275, 13.019459610238782, 0.048997621180178204], [-0.22731092106995843, -0.0015270022407147703, 0.003989267535522033, 0.002708067410950523, 8.178031492215974e-05, -0.008880939743669524, 0.01612048815029524, -0.06616381432043121, 0.003972791860252096, -0.0025090195698939306, 0.0040190707715388446, 0.006398563980950639, -0.006147126339411394, -0.0028014124430926924, 0.007868795866189831, -0.018867660923129716, 0.048997621180178204, 12.915676656632657]]",
    "monomial_list": "[1, x9, x8, x7, x6, x5, x4, x3, x2, x17, x16, x15, x14, x13, x12, x11, x10, x1]"
}