{
    "name": "Multiplier-6",
    "rational_expression": "2036526079537*x1**2/156250000000 + 524902348406613*x1*x10/1000000000000000 + 145961190573871*x1*x11/500000000000000 + 376628562808037*x1*x12/1000000000000000 + 44295281113591*x1*x13/125000000000000 + 391759734135121*x1*x14/1000000000000000 + 204480178421363*x1*x15/500000000000000 + 406538513954729*x1*x16/1000000000000000 + 351697418838739*x1*x17/1000000000000000 + 383326893672347*x1*x2/1000000000000000 + 17929*x1*x3/50000 + 7301*x1*x4/20000 + 18611*x1*x5/50000 + 10617*x1*x6/25000 + 40551*x1*x7/100000 + 36493*x1*x8/100000 + 18867*x1*x9/50000 - 10307*x1/5000 + 6614193869289*x10**2/500000000000 + 322978559881449*x10*x11/1000000000000000 + 131006937008351*x10*x12/250000000000000 + 440329759847373*x10*x13/1000000000000000 + 534054997842759*x10*x14/1000000000000000 + 523204642813653*x10*x15/1000000000000000 + 28433471894823*x10*x16/50000000000000 + 85416929423809*x10*x17/200000000000000 + 63794341403991*x10*x2/125000000000000 + 8761*x10*x3/20000 + 2387*x10*x4/5000 + 23531*x10*x5/50000 + 2791*x10*x6/5000 + 55957*x10*x7/100000 + 11609*x10*x8/25000 + 24701*x10*x9/50000 - 30103*x10/10000 + 8149589523091*x11**2/625000000000 + 359571607783437*x11*x12/1000000000000000 + 387815093388781*x11*x13/1000000000000000 + 30088643063209*x11*x14/62500000000000 + 391597246518359*x11*x15/1000000000000000 + 443231664365157*x11*x16/1000000000000000 + 358109338209033*x11*x17/1000000000000000 + 196785358712077*x11*x2/500000000000000 + 19529*x11*x3/50000 + 31849*x11*x4/100000 + 21617*x11*x5/50000 + 37529*x11*x6/100000 + 22037*x11*x7/50000 + 34593*x11*x8/100000 + 20543*x11*x9/50000 - 21847*x11/10000 + 130929160863161*x12**2/10000000000000 + 399950956692919*x12*x13/1000000000000000 + 539195736637339*x12*x14/1000000000000000 + 430901242187247*x12*x15/1000000000000000 + 131099779100623*x12*x16/250000000000000 + 182156535796821*x12*x17/500000000000000 + 444184776395559*x12*x2/1000000000000000 + 37533*x12*x3/100000 + 17039*x12*x4/50000 + 22831*x12*x5/50000 + 46763*x12*x6/100000 + 49321*x12*x7/100000 + 18949*x12*x8/50000 + 5707*x12*x9/12500 - 14221*x12/5000 + 32658341738861*x13**2/2500000000000 + 29756250907667*x13*x14/62500000000000 + 430647986009717*x13*x15/1000000000000000 + 487365821376443*x13*x16/1000000000000000 + 98586509411689*x13*x17/250000000000000 + 102587753382977*x13*x2/250000000000000 + 40261*x13*x3/100000 + 17557*x13*x4/50000 + 44867*x13*x5/100000 + 43671*x13*x6/100000 + 9151*x13*x7/20000 + 3819*x13*x8/10000 + 45123*x13*x9/100000 - 23911*x13/10000 + 132550655556843*x14**2/10000000000000 + 229884176515043*x14*x15/500000000000000 + 338491071946919*x14*x16/500000000000000 + 432705020299181*x14*x17/1000000000000000 + 29372420150321*x14*x2/50000000000000 + 2361*x14*x3/5000 + 31823*x14*x4/100000 + 62283*x14*x5/100000 + 30803*x14*x6/50000 + 30597*x14*x7/50000 + 21033*x14*x8/50000 + 28257*x14*x9/50000 - 36697*x14/10000 + 130959658799693*x15**2/10000000000000 + 499491596594453*x15*x16/1000000000000000 + 100360804644879*x15*x17/250000000000000 + 22310137830209*x15*x2/50000000000000 + 109*x15*x3/250 + 40769*x15*x4/100000 + 45831*x15*x5/100000 + 45417*x15*x6/100000 + 24691*x15*x7/50000 + 41377*x15*x8/100000 + 45973*x15*x9/100000 - 5029*x15/2000 + 132090368904173*x16**2/10000000000000 + 200267628650181*x16*x17/500000000000000 + 275511052343063*x16*x2/500000000000000 + 43973*x16*x3/100000 + 1064*x16*x4/3125 + 56137*x16*x5/100000 + 59897*x16*x6/100000 + 60191*x16*x7/100000 + 8289*x16*x8/20000 + 10623*x16*x9/20000 - 35489*x16/10000 + 130250981422141*x17**2/10000000000000 + 70807970687747*x17*x2/200000000000000 + 9557*x17*x3/25000 + 36421*x17*x4/100000 + 19751*x17*x5/50000 + 7049*x17*x6/20000 + 42809*x17*x7/100000 + 3631*x17*x8/10000 + 39953*x17*x9/100000 - 20211*x17/10000 + 8207394569763*x2**2/625000000000 + 19739*x2*x3/50000 + 6019*x2*x4/20000 + 50949*x2*x5/100000 + 51973*x2*x6/100000 + 52253*x2*x7/100000 + 1861*x2*x8/5000 + 12059*x2*x9/25000 - 32167*x2/10000 + 13049*x3**2/1000 + 34529*x3*x4/100000 + 4361*x3*x5/10000 + 41371*x3*x6/100000 + 8881*x3*x7/20000 + 9327*x3*x8/25000 + 8277*x3*x9/20000 - 891*x3/400 + 651*x4**2/50 + 29611*x4*x5/100000 + 3321*x4*x6/12500 + 7067*x4*x7/20000 + 35793*x4*x8/100000 + 3573*x4*x9/10000 - 701*x4/500 + 13141*x5**2/1000 + 13369*x5*x6/25000 + 2157*x5*x7/4000 + 9787*x5*x8/25000 + 3123*x5*x9/6250 - 7727*x5/2500 + 16993*x6**2/1000 + 56831*x6*x7/100000 + 4273*x6*x8/12500 + 50309*x6*x9/100000 - 57739*x6/10000 + 1646*x7**2/125 + 267*x7*x8/625 + 6423*x7*x9/12500 - 8243*x7/2500 + 3257*x8**2/250 + 18867*x8*x9/50000 - 10307*x8/5000 + 13113*x9**2/1000 - 14221*x9/5000 + 20619/1000",
    "Q": "[[20.619225494036243, -1.4280270467554397, -1.0277443980593512, -1.6592965997155797, -2.876492988506618, -1.5417180401113575, -0.7043419090038394, -1.120366836460686, -1.6065782259668162, -1.0057911615798616, -1.763109749278959, -1.2546757574392042, -1.8258288205923832, -1.1998930009931479, -1.4190308963939569, -1.083031566677057, -1.5095038205238007, -1.0370486140216022], [-1.4280270467554397, 13.113959355519816, 0.19417952623825901, 0.2643112365087705, 0.2503645294794131, 0.24920384601868215, 0.17783440522836186, 0.21325781928454418, 0.2398955308253897, 0.2015127913162975, 0.26942067317141244, 0.23103852950251683, 0.2831053552734536, 0.22320892338690268, 0.22234520238325495, 0.20824925563175622, 0.24762152159747924, 0.19115593141489795], [-1.0277443980593512, 0.19417952623825901, 13.026945525265534, 0.21033134902572526, 0.1744372615409204, 0.19434983942893155, 0.18454306904149595, 0.18835997306751012, 0.18279067674294067, 0.1808942047888134, 0.20870085369538235, 0.2058733759153116, 0.20968751834720106, 0.18787359969564557, 0.1873014092076901, 0.17056874192251528, 0.22993249895305412, 0.17813396822385968], [-1.6592965997155797, 0.2643112365087705, 0.21033134902572526, 13.169843280145061, 0.28410259415227, 0.2722428056927477, 0.18220132901537997, 0.22440520818358597, 0.2676579919138679, 0.21005973882079604, 0.2996702170417945, 0.24831685371703582, 0.3101346423378902, 0.23529514483403066, 0.24740768263964624, 0.21756723039685805, 0.2759780400788449, 0.2062305725052563], [-2.876492988506618, 0.2503645294794131, 0.1744372615409204, 0.28410259415227, 16.98964927593955, 0.2621821138528497, 0.13425544470314377, 0.20319523038711582, 0.2556980891741462, 0.17586485100124494, 0.2978708210824231, 0.22834682563482617, 0.3139167097110969, 0.21114874332887756, 0.2262986787643777, 0.18537608566152797, 0.2735367702903929, 0.21305271183129618], [-1.5417180401113575, 0.24920384601868215, 0.19434983942893155, 0.2722428056927477, 0.2621821138528497, 13.140148294500394, 0.1517404814396415, 0.2137464571664816, 0.2503731273364193, 0.19801433494426976, 0.2835253146222253, 0.22510898805244753, 0.30743323424573876, 0.2204891273444918, 0.23205415579408034, 0.2115631250623288, 0.2372888903775093, 0.18181854887489118], [-0.7043419090038394, 0.17783440522836186, 0.18454306904149595, 0.18220132901537997, 0.13425544470314377, 0.1517404814396415, 13.020646819758824, 0.1786202305601355, 0.15400526670091408, 0.17922211307929997, 0.17391060163001443, 0.201746653248663, 0.1597560140214795, 0.18083564900567922, 0.16800460796920696, 0.1523470198068375, 0.2384642702409682, 0.18487940406080872], [-1.120366836460686, 0.21325781928454418, 0.18835997306751012, 0.22440520818358597, 0.20319523038711582, 0.2137464571664816, 0.1786202305601355, 13.049873619049515, 0.1927318716095841, 0.1903998155296672, 0.22331656416896034, 0.2144734989658185, 0.23195978282178573, 0.20119512196197523, 0.19209676169089898, 0.19037835227063124, 0.21500978294539344, 0.17808945926843], [-1.6065782259668162, 0.2398955308253897, 0.18279067674294067, 0.2676579919138679, 0.2556980891741462, 0.2503731273364193, 0.15400526670091408, 0.1927318716095841, 13.130911922034631, 0.18163178493825272, 0.2806863859837315, 0.218850154141479, 0.29222688076515496, 0.20844442389596235, 0.22562628183073744, 0.19161371759757415, 0.25786202039062495, 0.18733870530178093], [-1.0057911615798616, 0.2015127913162975, 0.1808942047888134, 0.21005973882079604, 0.17586485100124494, 0.19801433494426976, 0.17922211307929997, 0.1903998155296672, 0.18163178493825272, 13.024755318811101, 0.20020354241884086, 0.2066616470024576, 0.2087764429287969, 0.190838249145588, 0.18121596751175195, 0.17666968578366954, 0.20976220669369267, 0.17082274746875473], [-1.763109749278959, 0.26942067317141244, 0.20870085369538235, 0.2996702170417945, 0.2978708210824231, 0.2835253146222253, 0.17391060163001443, 0.22331656416896034, 0.2806863859837315, 0.20020354241884086, 13.20746524830146, 0.24288720363425215, 0.335548953009851, 0.23757978702998628, 0.2558279442471305, 0.22238269688809445, 0.2877670641224758, 0.20808937626854096], [-1.2546757574392042, 0.23103852950251683, 0.2058733759153116, 0.24831685371703582, 0.22834682563482617, 0.22510898805244753, 0.201746653248663, 0.2144734989658185, 0.218850154141479, 0.2066616470024576, 0.24288720363425215, 13.09538432612888, 0.2316356082885523, 0.22143085342006522, 0.20937027679948841, 0.19203751169142344, 0.26143967731382284, 0.20162321378102027], [-1.8258288205923832, 0.2831053552734536, 0.20968751834720106, 0.3101346423378902, 0.3139167097110969, 0.30743323424573876, 0.1597560140214795, 0.23195978282178573, 0.29222688076515496, 0.2087764429287969, 0.335548953009851, 0.2316356082885523, 13.25315086589254, 0.23939267097227063, 0.26934345708115476, 0.24098875158996866, 0.2645520348233053, 0.2000681117141585], [-1.1998930009931479, 0.22320892338690268, 0.18787359969564557, 0.23529514483403066, 0.21114874332887756, 0.2204891273444918, 0.18083564900567922, 0.20119512196197523, 0.20844442389596235, 0.190838249145588, 0.23757978702998628, 0.22143085342006522, 0.23939267097227063, 13.063537220432428, 0.19275813532700925, 0.19257112583384536, 0.22557409272404316, 0.18008754812891672], [-1.4190308963939569, 0.22234520238325495, 0.1873014092076901, 0.24740768263964624, 0.2262986787643777, 0.23205415579408034, 0.16800460796920696, 0.19209676169089898, 0.22562628183073744, 0.18121596751175195, 0.2558279442471305, 0.20937027679948841, 0.26934345708115476, 0.19275813532700925, 13.092475080027489, 0.18075508443753407, 0.26200257826457385, 0.1898992827450991], [-1.083031566677057, 0.20824925563175622, 0.17056874192251528, 0.21756723039685805, 0.18537608566152797, 0.2115631250623288, 0.1523470198068375, 0.19037835227063124, 0.19161371759757415, 0.17666968578366954, 0.22238269688809445, 0.19203751169142344, 0.24098875158996866, 0.19257112583384536, 0.18075508443753407, 13.038329300107565, 0.16417653182743364, 0.14755900376072462], [-1.5095038205238007, 0.24762152159747924, 0.22993249895305412, 0.2759780400788449, 0.2735367702903929, 0.2372888903775093, 0.2384642702409682, 0.21500978294539344, 0.25786202039062495, 0.20976220669369267, 0.2877670641224758, 0.26143967731382284, 0.2645520348233053, 0.22557409272404316, 0.26200257826457385, 0.16417653182743364, 13.22886200451876, 0.2600512894700417], [-1.0370486140216022, 0.19115593141489795, 0.17813396822385968, 0.2062305725052563, 0.21305271183129618, 0.18181854887489118, 0.18487940406080872, 0.17808945926843, 0.18733870530178093, 0.17082274746875473, 0.20808937626854096, 0.20162321378102027, 0.2000681117141585, 0.18008754812891672, 0.1898992827450991, 0.14755900376072462, 0.2600512894700417, 13.033877547365032]]",
    "monomial_list": "[1, x9, x8, x7, x6, x5, x4, x3, x2, x17, x16, x15, x14, x13, x12, x11, x10, x1]"
}