{
    "name": "Multiplier-9",
    "rational_expression": "12901*x1**2/1000 + 35839*x1*x10/1000000 - 73599*x1*x11/1000000 - 9869*x1*x12/500000 - 23539*x1*x13/500000 - 37103*x1*x14/500000 - 19707*x1*x15/1000000 - 47439*x1*x16/1000000 - 47003*x1*x17/1000000 - 47999*x1*x2/1000000 - 46669*x1*x3/1000000 + 67823*x1*x4/10000000 - 73813*x1*x5/1000000 - 21167*x1*x6/1000000 - 12127*x1*x7/250000 - 9671*x1*x8/500000 - 4193*x1*x9/25000 - 6649*x1/20000 + 6481*x10**2/500 - 2479*x10*x11/20000 - 4267*x10*x12/250000 - 351*x10*x13/5000 - 99539*x10*x14/1000000 - 8621*x10*x15/200000 - 22733*x10*x16/500000 - 70087*x10*x17/1000000 - 11557*x10*x2/250000 - 2783*x10*x3/40000 + 96293*x10*x4/10000000 - 99029*x10*x5/1000000 - 22527*x10*x6/500000 - 72143*x10*x7/1000000 - 331*x10*x8/20000 - 25683*x10*x9/100000 - 46043*x10/100000 + 12883*x11**2/1000 - 11723*x11*x12/250000 - 11779*x11*x13/250000 - 9431*x11*x14/200000 - 18137*x11*x15/250000 - 47403*x11*x16/1000000 - 23881*x11*x17/500000 - 9533*x11*x2/200000 - 9621*x11*x3/200000 - 2929*x11*x4/40000 - 24093*x11*x5/500000 - 4459*x11*x6/200000 - 2419*x11*x7/50000 - 6037*x11*x8/125000 - 1303*x11*x9/4000 - 25753*x11/1000000 + 1289*x12**2/100 - 71137*x12*x13/1000000 - 11757*x12*x14/250000 - 35181*x12*x15/500000 - 23111*x12*x16/500000 - 46257*x12*x17/1000000 - 46689*x12*x2/1000000 - 35701*x12*x3/500000 - 4533*x12*x4/100000 - 47421*x12*x5/1000000 - 14367*x12*x6/200000 - 47557*x12*x7/1000000 - 45419*x12*x8/1000000 - 30831*x12*x9/100000 - 231*x12/1000 + 12881*x13**2/1000 - 36187*x13*x14/500000 - 23087*x13*x15/500000 - 18001*x13*x16/250000 - 9393*x13*x17/200000 - 181*x13*x2/2500 - 47203*x13*x3/1000000 - 46669*x13*x4/1000000 - 47801*x13*x5/1000000 - 47453*x13*x6/1000000 - 9593*x13*x7/200000 - 2929*x13*x8/62500 - 15853*x13*x9/50000 - 6399*x13/50000 + 1289*x14**2/100 - 99429*x14*x15/1000000 - 2647*x14*x16/125000 - 3649*x14*x17/50000 - 47437*x14*x2/1000000 - 36711*x14*x3/500000 - 2511*x14*x4/25000 - 11047*x14*x5/500000 - 73663*x14*x6/1000000 - 48433*x14*x7/1000000 - 36919*x14*x8/500000 - 16397*x14*x9/50000 + 6447*x15**2/500 - 71391*x15*x16/1000000 - 46039*x15*x17/1000000 - 71909*x15*x2/1000000 - 46021*x15*x3/1000000 - 2361*x15*x4/125000 - 72571*x15*x5/1000000 - 2901*x15*x6/62500 - 47447*x15*x7/1000000 - 2817*x15*x8/62500 - 30619*x15*x9/100000 - 25597*x15/100000 + 12887*x16**2/1000 - 18013*x16*x17/250000 - 23473*x16*x2/500000 - 903*x16*x3/12500 - 7187*x16*x4/100000 - 953*x16*x5/20000 - 72627*x16*x6/1000000 - 9583*x16*x7/200000 - 36023*x16*x8/500000 - 15853*x16*x9/50000 - 6399*x16/50000 + 12887*x17**2/1000 - 18087*x17*x2/250000 - 4683*x17*x3/100000 - 9993*x17*x4/500000 - 23863*x17*x5/500000 - 5263*x17*x6/250000 - 23879*x17*x7/500000 - 23071*x17*x8/500000 - 3127*x17*x9/10000 - 17949*x17/100000 + 322*x2**2/25 - 72471*x2*x3/1000000 - 36097*x2*x4/500000 - 47727*x2*x5/1000000 - 36417*x2*x6/500000 - 24009*x2*x7/500000 - 14479*x2*x8/200000 - 15959*x2*x9/50000 - 10301*x2/100000 + 12887*x3**2/1000 - 22733*x3*x4/500000 - 7299*x3*x5/100000 - 10447*x3*x6/500000 - 36509*x3*x7/500000 - 11433*x3*x8/250000 - 27631*x3*x9/100000 - 231*x3/1000 + 323*x4**2/25 - 49627*x4*x5/500000 + 62127*x4*x6/10000000 - 14469*x4*x7/200000 - 1803*x4*x8/100000 - 2997*x4*x9/10000 - 6649*x4/20000 + 12881*x5**2/1000 - 73047*x5*x6/1000000 - 77*x5*x7/1600 - 72767*x5*x8/1000000 - 2009*x5*x9/6250 - 76479*x5/1000000 + 2581*x6**2/200 - 72859*x6*x7/1000000 - 3961*x6*x8/200000 - 30993*x6*x9/100000 - 10301*x6/50000 + 6439*x7**2/500 - 47213*x7*x8/1000000 - 15959*x7*x9/50000 - 10301*x7/100000 + 12897*x8**2/1000 - 119*x8*x9/400 - 1791*x8/5000 + 16473*x9**2/1000 - 10863*x9/5000 + 6393/500",
    "Q": "[[12.785703760326678, -1.0884569266683544, -0.1729716067391678, -0.056560429206674354, -0.09727411787553336, -0.04452839886683682, -0.16481066911944559, -0.12124302533184594, -0.057035540967132224, -0.08718549175573816, -0.06393866425041077, -0.12295134022593752, -0.0022622463006464837, -0.061486792529711606, -0.11583440539604911, -0.016170078851205305, -0.2309866916613175, -0.16896037814845885], [-1.0884569266683544, 16.47336491446733, -0.14532519407815048, -0.15707142558717505, -0.1561825208198056, -0.15531102428161891, -0.1470340632502226, -0.14375498534632233, -0.15164151060708225, -0.1520859429716393, -0.15550384280600688, -0.14769282804850883, -0.16136514516500977, -0.15405426723368726, -0.14964304597915198, -0.15866712597850957, -0.1338096449068748, -0.09193063503876062], [-0.1729716067391678, -0.14532519407815048, 12.896657213312427, -0.029063092693002546, -0.013895854093936271, -0.031068724620666767, -0.010730793990550241, -0.022075282065290715, -0.032012207371507846, -0.020458901495774017, -0.031827427240480086, -0.019576150415670835, -0.036090552468271433, -0.02591234220094671, -0.02350779309689531, -0.02728158657347972, -0.013320217839294381, -0.010817924425237529], [-0.056560429206674354, -0.15707142558717505, -0.029063092693002546, 12.877754480626121, -0.034565494216171985, -0.02420847889221705, -0.03252056397523045, -0.032878863664559214, -0.022393847460859123, -0.029430822951830717, -0.022700986491078753, -0.028915154916955423, -0.02306108715838404, -0.02850153163077833, -0.02419985587671802, -0.02566168710285256, -0.031004172795589032, -0.026648165504144262], [-0.09727411787553336, -0.1561825208198056, -0.013895854093936271, -0.034565494216171985, 12.904992298928676, -0.03260693568845764, 0.0018125723644569181, -0.015210803540058325, -0.03809597845814464, -0.011962555354803957, -0.03974272802978232, -0.017444253420258626, -0.041440288921749426, -0.018244707184678473, -0.030928254562975478, -0.016855619848459236, -0.026391429261307525, -0.012527387760100712], [-0.04452839886683682, -0.15531102428161891, -0.031068724620666767, -0.02420847889221705, -0.03260693568845764, 12.881276504752906, -0.04654186585415992, -0.03061527439220403, -0.022925176810885652, -0.028549839486774305, -0.021678242019520132, -0.03441720849864704, -0.013378673384355081, -0.028621425789003587, -0.024121582290957053, -0.020963113421767626, -0.04659946015172972, -0.03517278882399267], [-0.16481066911944559, -0.1470340632502226, -0.010730793990550241, -0.03252056397523045, 0.0018125723644569181, -0.04654186585415992, 12.919732461186385, -0.021548165909870333, -0.035098662661799646, -0.016152123003074097, -0.03800657163000843, -0.01289464383714724, -0.05125444803366521, -0.02181504851038, -0.02441612545639243, -0.03333277092541211, 0.00819260400223752, 0.003129861452499206], [-0.12124302533184594, -0.14375498534632233, -0.022075282065290715, -0.032878863664559214, -0.015210803540058325, -0.03061527439220403, -0.021548165909870333, 12.886983300251641, -0.038306476463874174, -0.0219181369096439, -0.036414895033778594, -0.02378105779486092, -0.036399154955490204, -0.026145243266533703, -0.03170913056739193, -0.022426523033268045, -0.03825791318208643, -0.020024266800486835], [-0.057035540967132224, -0.15164151060708225, -0.032012207371507846, -0.022393847460859123, -0.03809597845814464, -0.022925176810885652, -0.035098662661799646, -0.038306476463874174, 12.879921520706354, -0.032687930430264064, -0.019079763050294345, -0.031751489176588, -0.018536494207604746, -0.03027417005903086, -0.023766974492387977, -0.02769693303178156, -0.025259385417703027, -0.025129293034162954], [-0.08718549175573816, -0.1520859429716393, -0.020458901495774017, -0.029430822951830717, -0.011962555354803957, -0.028549839486774305, -0.016152123003074097, -0.0219181369096439, -0.032687930430264064, 12.886495346541345, -0.03800095645327608, -0.020269681595667152, -0.036367182805587615, -0.02371219224183453, -0.028518139808588503, -0.021958234995520846, -0.03204361872751348, -0.019215016993871167], [-0.06393866425041077, -0.15550384280600688, -0.031827427240480086, -0.022700986491078753, -0.03974272802978232, -0.021678242019520132, -0.03800657163000843, -0.036414895033778594, -0.019079763050294345, -0.03800095645327608, 12.887053712892921, -0.03545157777794344, -0.013143074983041382, -0.02980618438810451, -0.02250550036883452, -0.02512843466128241, -0.026322250366741465, -0.02757489951331584], [-0.12295134022593752, -0.14769282804850883, -0.019576150415670835, -0.028915154916955423, -0.017444253420258626, -0.03441720849864704, -0.01289464383714724, -0.02378105779486092, -0.031751489176588, -0.020269681595667152, -0.03545157777794344, 12.89359768783538, -0.04921312833895753, -0.022577181101710007, -0.030998012791512423, -0.030929901640573007, -0.017090507219282923, -0.013049321374921475], [-0.0022622463006464837, -0.16136514516500977, -0.036090552468271433, -0.02306108715838404, -0.041440288921749426, -0.013378673384355081, -0.05125444803366521, -0.036399154955490204, -0.018536494207604746, -0.036367182805587615, -0.013143074983041382, -0.04921312833895753, 12.889993728280272, -0.0339531382661572, -0.01966548797172063, -0.017612263535230096, -0.05057037183661577, -0.03913038233530283], [-0.061486792529711606, -0.15405426723368726, -0.02591234220094671, -0.02850153163077833, -0.018244707184678473, -0.028621425789003587, -0.02181504851038, -0.026145243266533703, -0.03027417005903086, -0.02371219224183453, -0.02980618438810451, -0.022577181101710007, -0.0339531382661572, 12.880889803220482, -0.03463713299575808, -0.021697055461318608, -0.03696663298403978, -0.024141093820058062], [-0.11583440539604911, -0.14964304597915198, -0.02350779309689531, -0.02419985587671802, -0.030928254562975478, -0.024121582290957053, -0.02441612545639243, -0.03170913056739193, -0.023766974492387977, -0.028518139808588503, -0.02250550036883452, -0.030998012791512423, -0.01966548797172063, -0.03463713299575808, 12.889874251604015, -0.029473697369334407, -0.01073011845737973, -0.015882819957002636], [-0.016170078851205305, -0.15866712597850957, -0.02728158657347972, -0.02566168710285256, -0.016855619848459236, -0.020963113421767626, -0.03333277092541211, -0.022426523033268045, -0.02769693303178156, -0.021958234995520846, -0.02512843466128241, -0.030929901640573007, -0.017612263535230096, -0.021697055461318608, -0.029473697369334407, 12.883677640454135, -0.06791485186620773, -0.03779411027136903], [-0.2309866916613175, -0.1338096449068748, -0.013320217839294381, -0.031004172795589032, -0.026391429261307525, -0.04659946015172972, 0.00819260400223752, -0.03825791318208643, -0.025259385417703027, -0.03204361872751348, -0.026322250366741465, -0.017090507219282923, -0.05057037183661577, -0.03696663298403978, -0.01073011845737973, -0.06791485186620773, 12.962413926658243, 0.021661782789183445], [-0.16896037814845885, -0.09193063503876062, -0.010817924425237529, -0.026648165504144262, -0.012527387760100712, -0.03517278882399267, 0.003129861452499206, -0.020024266800486835, -0.025129293034162954, -0.019215016993871167, -0.02757489951331584, -0.013049321374921475, -0.03913038233530283, -0.024141093820058062, -0.015882819957002636, -0.03779411027136903, 0.021661782789183445, 12.902050594330868]]",
    "monomial_list": "[1, x9, x8, x7, x6, x5, x4, x3, x2, x17, x16, x15, x14, x13, x12, x11, x10, x1]"
}