{
    "name": "Multiplier-10",
    "rational_expression": "12833*x1**2/1000 - 21957*x1*x10/100000 - 7139*x1*x11/50000 + 4949*x1*x12/1250000 - 8421*x1*x13/125000 - 12877*x1*x14/100000 - 7641*x1*x15/2500000 - 59207*x1*x16/1000000 - 37061*x1*x17/1000000 - 3243*x1*x2/100000 - 71071*x1*x3/1000000 + 91871*x1*x4/1000000 - 9941*x1*x5/100000 + 19573*x1*x6/1000000 - 12503*x1*x7/200000 - 14957*x1*x8/25000000 - 4179*x1*x9/62500 + 7193*x1/10000 + 1633*x10**2/100 - 26259*x10*x11/100000 - 5703*x10*x12/20000 - 27661*x10*x13/100000 - 26273*x10*x14/100000 - 3733*x10*x15/12500 - 7289*x10*x16/25000 - 5683*x10*x17/20000 - 2673*x10*x2/10000 - 27073*x10*x3/100000 - 30787*x10*x4/100000 - 5323*x10*x5/20000 - 1849*x10*x6/6250 - 1797*x10*x7/6250 - 7007*x10*x8/25000 - 7*x10*x9/25 - 13451*x10/10000 + 324*x11**2/25 - 7489*x11*x12/125000 + 36531*x11*x13/1000000 + 10761*x11*x14/100000 - 43537*x11*x15/1000000 + 16937*x11*x16/1000000 + 28169*x11*x17/1000000 - 10653*x11*x2/1000000 + 70753*x11*x3/1000000 - 6837*x11*x4/50000 + 19347*x11*x5/250000 + 7457*x11*x6/500000 + 4977*x11*x7/200000 - 1001*x11*x8/20000 + 34761*x11*x9/1000000 - 16561*x11/10000 + 12823*x12**2/1000 - 27583*x12*x13/500000 - 23853*x12*x14/5000000 - 2093*x12*x15/40000 - 12539*x12*x16/10000000 - 7129*x12*x17/250000 - 11063*x12*x2/10000000 - 5599*x12*x3/100000 + 32001*x12*x4/10000000 - 2991*x12*x5/100000 - 13293*x12*x6/250000 - 13713*x12*x7/500000 - 1007*x12*x8/10000000 - 29169*x12*x9/1000000 + 3129*x12/20000 + 643*x13**2/50 - 6647*x13*x14/2000000 + 35981*x13*x15/10000000 - 9463*x13*x16/500000 + 2947*x13*x17/250000 - 3907*x13*x2/200000 + 9349*x13*x3/500000 - 1547*x13*x4/40000 - 18973*x13*x5/5000000 + 62403*x13*x6/10000000 - 14737*x13*x7/1000000 - 12581*x13*x8/500000 + 3611*x13*x9/250000 - 34391*x13/50000 + 6473*x14**2/500 - 49347*x14*x15/500000 + 3951*x14*x16/62500 - 431*x14*x17/12500 + 1123*x14*x2/31250 + 18917*x14*x3/10000000 - 15003*x14*x4/100000 + 10939*x14*x5/100000 - 1476*x14*x6/15625 + 20693*x14*x7/500000 - 50711*x14*x8/1000000 + 9511*x14*x9/200000 - 5161*x14/5000 + 6417*x15**2/500 - 25171*x15*x16/500000 + 28667*x15*x17/10000000 - 12567*x15*x2/250000 - 20793*x15*x3/1000000 + 4621*x15*x4/200000 - 9409*x15*x5/200000 + 14941*x15*x6/10000000 - 11757*x15*x7/500000 + 20487*x15*x8/100000000 - 4519*x15*x9/200000 - 3129*x15/20000 + 2571*x16**2/200 - 71683*x16*x17/1000000 + 29329*x16*x2/1000000 - 5417*x16*x3/125000 - 83479*x16*x4/1000000 + 35911*x16*x5/1000000 - 74183*x16*x6/1000000 + 23737*x16*x7/5000000 - 25681*x16*x8/500000 + 13147*x16*x9/2000000 - 31291*x16/100000 + 12853*x17**2/1000 - 9397*x17*x2/200000 + 7241*x17*x3/500000 - 5161*x17*x4/500000 - 87283*x17*x5/10000000 + 30793*x17*x6/1000000 - 17887*x17*x7/1000000 + 28473*x17*x8/50000000 - 3487*x17*x9/250000 - 53137*x17/100000 + 6419*x2**2/500 - 17321*x2*x3/250000 - 7207*x2*x4/125000 + 90087*x2*x5/10000000 - 74451*x2*x6/1000000 + 42853*x2*x7/10000000 - 803*x2*x8/15625 + 29663*x2*x9/5000000 - 14119*x2/50000 + 6437*x3**2/500 - 42407*x3*x4/1000000 + 1011*x3*x5/1000000 + 6729*x3*x6/200000 - 9757*x3*x7/250000 - 1511*x3*x8/62500 - 18399*x3*x9/2500000 - 84427*x3/100000 + 12849*x4**2/1000 - 7427*x4*x5/50000 + 4469*x4*x6/62500 - 489*x4*x7/8000 + 1583*x4*x8/62500 - 64881*x4*x9/1000000 + 31243*x4/50000 + 6449*x5**2/500 - 8627*x5*x6/200000 + 2917*x5*x7/200000 - 50721*x5*x8/1000000 + 10181*x5*x9/500000 - 24231*x5/25000 + 3217*x6**2/250 - 11879*x6*x7/250000 + 26161*x6*x8/1000000 - 19949*x6*x9/1000000 - 14119*x6/50000 + 3211*x7**2/250 - 793*x7*x8/31250 + 98379*x7*x9/10000000 - 5861*x7/12500 + 6413*x8**2/500 - 51123*x8*x9/1000000 - 30527*x8/1000000 + 12857*x9**2/1000 - 32817*x9/50000 + 1563/100",
    "Q": "[[15.629572780971845, -0.33139478521482163, -0.011105707275290396, -0.23046304567901138, -0.13780178607079038, -0.48041100131448633, 0.30547550792335104, -0.41941947607907826, -0.1337381785610641, -0.2706737310329643, -0.15184702054851681, -0.07712339426446285, -0.5201901788359328, -0.3366712410798335, 0.07346163930823749, -0.8271294957861082, -0.6682592635435625, 0.36230546280402026], [-0.33139478521482163, 12.857264533993497, -0.023674010369543762, -2.353094023459756e-05, -0.012482421131107925, 0.01265140071579486, -0.03375040286403072, -0.003208410285747479, -0.0027895597733084577, -0.004378090978018316, -0.0026885588793528798, -0.016625631728536174, 0.02087109423708054, 0.0019466342012847222, -0.01831612136160276, 0.023769201216321912, -0.1399405423682199, -0.035566354993456506], [-0.011105707275290396, -0.023674010369543762, 12.826522529916367, -0.017190296099136495, 0.010731996637772747, -0.02122627933603127, 0.017425925391278886, -0.009358215353532286, -0.02058277246257748, -0.003404006335997429, -0.020584167994426708, -0.0037242653783030296, -0.02891372996264868, -0.013384569041415151, -0.005008847119164089, -0.020407949827542453, -0.14636528624219414, 0.004753470392343639], [-0.23046304567901138, -2.353094023459756e-05, -0.017190296099136495, 12.843115950517477, -0.028925480688406193, 0.009868830712142928, -0.03206435108342817, -0.01374530457040098, 0.003044291123488067, -0.012751279573895694, 0.0036132782830418575, -0.01639837260720232, 0.01665788232886265, -0.00760390059081049, -0.008361232129243059, 0.0072070227943947344, -0.14311304852350085, -0.029468070048248873], [-0.13780178607079038, -0.012482421131107925, 0.010731996637772747, -0.028925480688406193, 12.86861627138088, -0.023914410613473602, 0.03785548837591071, 0.010777865736919157, -0.0355950616808911, 0.014796527515512733, -0.03823515179634157, 0.002515993548817712, -0.04087618158314058, 0.00317732248496587, -0.021474952148788185, 0.0051816629580614445, -0.1472878467186877, 0.0035726417534875975], [-0.48041100131448633, 0.01265140071579486, -0.02122627933603127, 0.009868830712142928, -0.023914410613473602, 12.89737667253933, -0.0687926251378273, 0.0055595851779949084, 0.006941653590485637, -0.0029511105378292983, 0.01258495131068141, -0.023390641779841136, 0.056664348783204095, 0.0028651813686255043, -0.01027878862815104, 0.042199468877801447, -0.13279599426038136, -0.05363673914472594], [0.30547550792335104, -0.03375040286403072, 0.017425925391278886, -0.03206435108342817, 0.03785548837591071, -0.0687926251378273, 12.848552853273558, -0.024568978488586784, -0.029935699160394128, -0.004231585141790306, -0.03694769555482877, 0.005382395379223063, -0.07885071978760526, -0.01805405214139601, -0.0005740540065646993, -0.06269889104386671, -0.15265677564848, 0.0426512036908775], [-0.41941947607907826, -0.003208410285747479, -0.009358215353532286, -0.01374530457040098, 0.010777865736919157, 0.0055595851779949084, -0.024568978488586784, 12.872928932368396, -0.02892000960223516, 0.0069250047204054924, -0.023527272062902324, -0.008150809102097095, -0.0009517599018372448, 0.003716910705691397, -0.029170590718330572, 0.03471455682997232, -0.13984909409481378, -0.03301229406080445], [-0.1337381785610641, -0.0027895597733084577, -0.02058277246257748, 0.003044291123488067, -0.0355950616808911, 0.006941653590485637, -0.029935699160394128, -0.02892000960223516, 12.837609885077494, -0.021347461864505063, 0.010162699685598015, -0.020995826185063907, 0.019732546259032573, -0.014462747373128419, -0.004686865305787908, -0.007696733404034357, -0.13663922195693606, -0.019487737947495545], [-0.2706737310329643, -0.004378090978018316, -0.003404006335997429, -0.012751279573895694, 0.014796527515512733, -0.0029511105378292983, -0.004231585141790306, 0.0069250047204054924, -0.021347461864505063, 12.852681017868731, -0.03072507486869682, -0.001366269288157679, -0.016152668984273734, 0.00030490011676688266, -0.019763010681393123, 0.013660944290554906, -0.14250612805939247, -0.01852221116628227], [-0.15184702054851681, -0.0026885588793528798, -0.020584167994426708, 0.0036132782830418575, -0.03823515179634157, 0.01258495131068141, -0.03694769555482877, -0.023527272062902324, 0.010162699685598015, -0.03072507486869682, 12.854395265053574, -0.02854265691187283, 0.03482168768239977, -0.011922058052851433, -0.002406092668167449, 0.0023448590294422728, -0.140445189330246, -0.026497749473972553], [-0.07712339426446285, -0.016625631728536174, -0.0037242653783030296, -0.01639837260720232, 0.002515993548817712, -0.023390641779841136, 0.005382395379223063, -0.008150809102097095, -0.020995826185063907, -0.001366269288157679, -0.02854265691187283, 12.833999295753332, -0.05086186191725812, -0.00402301469793748, -0.022727106381969325, -0.018477979755471777, -0.1502346306312892, -0.006862720513986596], [-0.5201901788359328, 0.02087109423708054, -0.02891372996264868, 0.01665788232886265, -0.04087618158314058, 0.056664348783204095, -0.07885071978760526, -0.0009517599018372448, 0.019732546259032573, -0.016152668984273734, 0.03482168768239977, -0.05086186191725812, 12.946871672579977, -0.004329060586638225, 0.0002917241103262331, 0.05698388156918146, -0.13240185360480541, -0.060783381381066204], [-0.3366712410798335, 0.0019466342012847222, -0.013384569041415151, -0.00760390059081049, 0.00317732248496587, 0.0028651813686255043, -0.01805405214139601, 0.003716910705691397, -0.014462747373128419, 0.00030490011676688266, -0.011922058052851433, -0.00402301469793748, -0.004329060586638225, 12.85976063264709, -0.032093697793999315, 0.023452384995208575, -0.14150911936180563, -0.03027763175607015], [0.07346163930823749, -0.01831612136160276, -0.005008847119164089, -0.008361232129243059, -0.021474952148788185, -0.01027878862815104, -0.0005740540065646993, -0.029170590718330572, -0.004686865305787908, -0.019763010681393123, -0.002406092668167449, -0.022727106381969325, 0.0002917241103262331, -0.032093697793999315, 12.822133766685369, -0.032870465505246464, -0.14283012253788438, 0.0036249280054692842], [-0.8271294957861082, 0.023769201216321912, -0.020407949827542453, 0.0072070227943947344, 0.0051816629580614445, 0.042199468877801447, -0.06269889104386671, 0.03471455682997232, -0.007696733404034357, 0.013660944290554906, 0.0023448590294422728, -0.018477979755471777, 0.05698388156918146, 0.023452384995208575, -0.032870465505246464, 12.959977858576165, -0.1318658346226931, -0.07518119930673461], [-0.6682592635435625, -0.1399405423682199, -0.14636528624219414, -0.14311304852350085, -0.1472878467186877, -0.13279599426038136, -0.15265677564848, -0.13984909409481378, -0.13663922195693606, -0.14250612805939247, -0.140445189330246, -0.1502346306312892, -0.13240185360480541, -0.14150911936180563, -0.14283012253788438, -0.1318658346226931, 16.329393277828416, -0.11329449798284529], [0.36230546280402026, -0.035566354993456506, 0.004753470392343639, -0.029468070048248873, 0.0035726417534875975, -0.05363673914472594, 0.0426512036908775, -0.03301229406080445, -0.019487737947495545, -0.01852221116628227, -0.026497749473972553, -0.006862720513986596, -0.060783381381066204, -0.03027763175607015, 0.0036249280054692842, -0.07518119930673461, -0.11329449798284529, 12.83248847745302]]",
    "monomial_list": "[1, x9, x8, x7, x6, x5, x4, x3, x2, x17, x16, x15, x14, x13, x12, x11, x10, x1]"
}