{
    "name": "Multiplier-11",
    "rational_expression": "130502980952733*x1**2/10000000000000 + 476330542005599*x1*x10/1000000000000000 + 284216706873849*x1*x11/1000000000000000 + 238240657374263*x1*x12/1000000000000000 + 110866571776569*x1*x13/500000000000000 + 190288484096527*x1*x14/1000000000000000 + 8550002501579*x1*x15/31250000000000 + 11595748225227*x1*x16/50000000000000 + 43297073431313*x1*x17/200000000000000 + 229721890296787*x1*x2/1000000000000000 + 215471338480711*x1*x3/1000000000000000 + 29370220284909*x1*x4/100000000000000 + 1179*x1*x5/6250 + 10059*x1*x6/50000 + 23153*x1*x7/100000 + 12359*x1*x8/50000 + 10869*x1*x9/50000 - 4069*x1/2000 + 833387015271*x10**2/62500000000 + 416713903890923*x10*x11/1000000000000000 + 356831412762403*x10*x12/1000000000000000 + 277549294754863*x10*x13/1000000000000000 + 48454668931663*x10*x14/200000000000000 + 100101606687531*x10*x15/250000000000000 + 347451806999743*x10*x16/1000000000000000 + 270283427089453*x10*x17/1000000000000000 + 159018203848973*x10*x2/500000000000000 + 269213825464249*x10*x3/1000000000000000 + 416608952917159*x10*x4/1000000000000000 + 12107*x10*x5/50000 + 12331*x10*x6/50000 + 34897*x10*x7/100000 + 4173*x10*x8/12500 + 599*x10*x9/2000 - 33571*x10/10000 + 83913709669723*x11**2/5000000000000 + 25429487042129*x11*x12/200000000000000 + 930863944813609*x11*x13/10000000000000000 + 13200873916503*x11*x14/125000000000000 + 86905861739069*x11*x15/500000000000000 + 7239341060631*x11*x16/50000000000000 + 45029912609607*x11*x17/500000000000000 + 60379501665011*x11*x2/500000000000000 + 7085441648087*x11*x3/78125000000000 + 73185204411857*x11*x4/500000000000000 + 91573*x11*x5/1000000 + 989*x11*x6/25000 + 3899*x11*x7/25000 + 21849*x11*x8/250000 + 2657*x11*x9/25000 - 42729*x11/10000 + 813252436943*x12**2/62500000000 + 36209399625659*x12*x13/200000000000000 + 22675006184727*x12*x14/100000000000000 + 113834245596081*x12*x15/500000000000000 + 239596340339631*x12*x16/1000000000000000 + 176015158183873*x12*x17/1000000000000000 + 212144056800753*x12*x2/1000000000000000 + 200316629372537*x12*x3/1000000000000000 + 27693944866769*x12*x4/125000000000000 + 19899*x12*x5/100000 + 16317*x12*x6/100000 + 477*x12*x7/2000 + 20517*x12*x8/100000 + 10067*x12*x9/50000 - 831*x12/500 + 25977942074649*x13**2/2000000000000 + 191638641990721*x13*x14/1000000000000000 + 238889343105257*x13*x15/1000000000000000 + 227213246747851*x13*x16/1000000000000000 + 190730533562601*x13*x17/1000000000000000 + 199628158006817*x13*x2/1000000000000000 + 47433769563213*x13*x3/250000000000000 + 103751068469137*x13*x4/500000000000000 + 9419*x13*x5/50000 + 1121*x13*x6/6250 + 4507*x13*x7/20000 + 4827*x13*x8/25000 + 2687*x13*x9/12500 - 3477*x13/2500 + 32533370704623*x14**2/2500000000000 + 8339353017509*x14*x15/40000000000000 + 55363443493843*x14*x16/200000000000000 + 186877844855189*x14*x17/1000000000000000 + 44091719854623*x14*x2/200000000000000 + 37161648645997*x14*x3/200000000000000 + 5997939966619*x14*x4/40000000000000 + 23673*x14*x5/100000 + 15089*x14*x6/100000 + 99*x14*x7/400 + 18869*x14*x8/100000 + 11877*x14*x9/50000 - 6447*x14/5000 + 32622952295933*x15**2/2500000000000 + 124349620193243*x15*x16/500000000000000 + 58607567800209*x15*x17/250000000000000 + 220904054120183*x15*x2/1000000000000000 + 46667162515223*x15*x3/200000000000000 + 283611986786127*x15*x4/1000000000000000 + 5159*x15*x5/25000 + 21997*x15*x6/100000 + 6851*x15*x7/25000 + 953*x15*x8/4000 + 23391*x15*x9/100000 - 18317*x15/10000 + 130287634960841*x16**2/10000000000000 + 17360476590693*x16*x17/100000000000000 + 11728210025467*x16*x2/50000000000000 + 197832090780139*x16*x3/1000000000000000 + 3013737652509*x16*x4/15625000000000 + 22183*x16*x5/100000 + 1611*x16*x6/10000 + 1049*x16*x7/4000 + 1011*x16*x8/5000 + 22369*x16*x9/100000 - 15937*x16/10000 + 16227147624013*x17**2/1250000000000 + 172403244301677*x17*x2/1000000000000000 + 188182098791003*x17*x3/1000000000000000 + 205474966205657*x17*x4/1000000000000000 + 4669*x17*x5/25000 + 10163*x17*x6/50000 + 9907*x17*x7/50000 + 957*x17*x8/5000 + 3763*x17*x9/20000 - 13557*x17/10000 + 130034525280353*x2**2/10000000000000 + 2149428287521*x2*x3/12500000000000 + 48080679960549*x2*x4/250000000000000 + 19613*x2*x5/100000 + 837*x2*x6/6250 + 5879*x2*x7/25000 + 2211*x2*x8/12500 + 22369*x2*x9/100000 - 15937*x2/10000 + 32460822199937*x3**2/2500000000000 + 41120994463563*x3*x4/200000000000000 + 18691*x3*x5/100000 + 20339*x3*x6/100000 + 447*x3*x7/2000 + 957*x3*x8/5000 + 3763*x3*x9/20000 - 13557*x3/10000 + 65247344347299*x4**2/5000000000000 + 15239*x4*x5/100000 + 6131*x4*x6/25000 + 21989*x4*x7/100000 + 23657*x4*x8/100000 + 5179*x4*x9/25000 - 3593*x4/2000 + 12989*x5**2/1000 + 1911*x5*x6/12500 + 22367*x5*x7/100000 + 19153*x5*x8/100000 + 21347*x5*x9/100000 - 13557*x5/10000 + 12983*x6**2/1000 + 18833*x6*x7/100000 + 519*x6*x8/2500 + 17941*x6*x9/100000 - 1441*x6/1250 + 521*x7**2/40 + 5769*x7*x8/25000 + 12679*x7*x9/50000 - 831*x7/500 + 6499*x8**2/500 + 9773*x8*x9/50000 - 7627*x8/5000 + 12999*x9**2/1000 - 14591*x9/10000 + 3391/200",
    "Q": "[[16.95473648477164, -0.731309265090022, -0.763260616512711, -0.8251498131164761, -0.5690678803686706, -0.6760307452880807, -0.8918661974524389, -0.6729877164408223, -0.802696769019155, -0.6806243700403616, -0.8026824040912534, -0.9208412265624216, -0.645329548844784, -0.6968110943122957, -0.833897906410868, -2.1374565759333626, -1.6783182759828827, -1.020292793922638], [-0.731309265090022, 12.999301858687353, 0.09703841203573382, 0.12055546002544823, 0.09107857166344405, 0.10569777567833019, 0.10150770840389327, 0.09990020890009053, 0.10763116886115424, 0.09911744271773154, 0.11889518366643745, 0.11929768395099448, 0.11573858674954059, 0.10586991732640572, 0.10516884696612998, 0.05747542643035252, 0.1466081612421746, 0.10873876302637382], [-0.763260616512711, 0.09703841203573382, 12.997362233106701, 0.10886181257021142, 0.09801934040380568, 0.09220645846790546, 0.11619718913044681, 0.09974337171229779, 0.09342294310831799, 0.0984991596180625, 0.10455561031887985, 0.12123002841047736, 0.09479544879219448, 0.09829089447540834, 0.10261848079944241, 0.0505602862175812, 0.16405011726595775, 0.11793083696598008], [-0.8251498131164761, 0.12055546002544823, 0.10886181257021142, 13.024243515126768, 0.0885412986351861, 0.11555611359445037, 0.10876763937519636, 0.10555374693424704, 0.1209203021463799, 0.10409291089191451, 0.13298115695001095, 0.13048824604194864, 0.12540696427748574, 0.11146486111471611, 0.1194025904026208, 0.07501521132140299, 0.1702872306732778, 0.12058236332377673], [-0.5690678803686706, 0.09107857166344405, 0.09801934040380568, 0.0885412986351861, 12.982406639568572, 0.07905511549975255, 0.11791219324409584, 0.09782483443987715, 0.07220961197629269, 0.09749848152772707, 0.08201770304205729, 0.10941832147132965, 0.07709234784095478, 0.09533348116543408, 0.08092896915921723, 0.01829365143578985, 0.12194531617536429, 0.10115894615432022], [-0.6760307452880807, 0.10569777567833019, 0.09220645846790546, 0.11555611359445037, 0.07905511549975255, 12.9888918726763, 0.07691940724366578, 0.09368878160575903, 0.10423817980684556, 0.09117815869089385, 0.11758584455932224, 0.10656327591512685, 0.12082202832995588, 0.09672315240254757, 0.10366622788282735, 0.045901040069799046, 0.1249491335282408, 0.09336933563341906], [-0.8918661974524389, 0.10150770840389327, 0.11619718913044681, 0.10876763937519636, 0.11791219324409584, 0.07691940724366578, 13.04824206718122, 0.10395847788000566, 0.09391353234798112, 0.1067121412748897, 0.10087336688673228, 0.13545446930095148, 0.07885992060296008, 0.10611422747015982, 0.10633557524839059, 0.06734499948176785, 0.20763929328266675, 0.1440262268743176], [-0.6729877164408223, 0.09990020890009053, 0.09974337171229779, 0.10555374693424704, 0.09782483443987715, 0.09368878160575903, 0.10395847788000566, 12.98365868817575, 0.08688639482697785, 0.09760615859782583, 0.10085883311597828, 0.11645802728359211, 0.0962059749896503, 0.09866403160678888, 0.09399352604248522, 0.047444714480491305, 0.13039392045071974, 0.1062421505448316], [-0.802696769019155, 0.10763116886115424, 0.09342294310831799, 0.1209203021463799, 0.07220961197629269, 0.10423817980684556, 0.09391353234798112, 0.08688639482697785, 13.00395561542452, 0.08800276641832785, 0.12357846955780945, 0.11386445728816869, 0.11658534187956013, 0.09667345095520989, 0.10785847872507137, 0.06373770841164347, 0.16570960626326195, 0.11202074325867592], [-0.6806243700403616, 0.09911744271773154, 0.0984991596180625, 0.10409291089191451, 0.09749848152772707, 0.09117815869089385, 0.1067121412748897, 0.09760615859782583, 0.08800276641832785, 12.982465395111904, 0.09330379053128335, 0.1168410375573807, 0.09020751449247803, 0.09706150894579266, 0.09318707362596684, 0.04082218610022565, 0.13490877766739126, 0.10549351443482985], [-0.8026824040912534, 0.11889518366643745, 0.10455561031887985, 0.13298115695001095, 0.08201770304205729, 0.11758584455932224, 0.10087336688673228, 0.10085883311597828, 0.12357846955780945, 0.09330379053128335, 13.030003248093376, 0.12146773778772381, 0.1357242922963812, 0.1091294210663526, 0.12014064538853796, 0.07241685297984575, 0.17333364175389832, 0.11768504061572203], [-0.9208412265624216, 0.11929768395099448, 0.12123002841047736, 0.13048824604194864, 0.10941832147132965, 0.10656327591512685, 0.13545446930095148, 0.11645802728359211, 0.11386445728816869, 0.1168410375573807, 0.12146773778772381, 13.050091460145655, 0.09828584112069803, 0.12062194954605236, 0.11453364964366486, 0.08923485939170656, 0.1958858393215837, 0.13997846244815376], [-0.645329548844784, 0.11573858674954059, 0.09479544879219448, 0.12540696427748574, 0.07709234784095478, 0.12082202832995588, 0.07885992060296008, 0.0962059749896503, 0.11658534187956013, 0.09020751449247803, 0.1357242922963812, 0.09828584112069803, 13.013838575632551, 0.09901797349402099, 0.11647697485481931, 0.05025021844083315, 0.12704615898390534, 0.09575238480473196], [-0.6968110943122957, 0.10586991732640572, 0.09829089447540834, 0.11146486111471611, 0.09533348116543408, 0.09672315240254757, 0.10611422747015982, 0.09866403160678888, 0.09667345095520989, 0.09706150894579266, 0.1091294210663526, 0.12062194954605236, 0.09901797349402099, 12.989336268735716, 0.09213101131622306, 0.048695157473213985, 0.13768632136054249, 0.1063281072192983], [-0.833897906410868, 0.10516884696612998, 0.10261848079944241, 0.1194025904026208, 0.08092896915921723, 0.10366622788282735, 0.10633557524839059, 0.09399352604248522, 0.10785847872507137, 0.09318707362596684, 0.12014064538853796, 0.11453364964366486, 0.11647697485481931, 0.09213101131622306, 13.012325370263282, 0.06378405135715588, 0.18258021833432278, 0.12161201193012783], [-2.1374565759333626, 0.05747542643035252, 0.0505602862175812, 0.07501521132140299, 0.01829365143578985, 0.045901040069799046, 0.06734499948176785, 0.047444714480491305, 0.06373770841164347, 0.04082218610022565, 0.07241685297984575, 0.08923485939170656, 0.05025021844083315, 0.048695157473213985, 0.06378405135715588, 16.782525758637533, 0.2020132252452878, 0.13640553600780048], [-1.6783182759828827, 0.1466081612421746, 0.16405011726595775, 0.1702872306732778, 0.12194531617536429, 0.1249491335282408, 0.20763929328266675, 0.13039392045071974, 0.16570960626326195, 0.13490877766739126, 0.17333364175389832, 0.1958858393215837, 0.12704615898390534, 0.13768632136054249, 0.18258021833432278, 0.2020132252452878, 13.333785696839014, 0.24245515730027933], [-1.020292793922638, 0.10873876302637382, 0.11793083696598008, 0.12058236332377673, 0.10115894615432022, 0.09336933563341906, 0.1440262268743176, 0.1062421505448316, 0.11202074325867592, 0.10549351443482985, 0.11768504061572203, 0.13997846244815376, 0.09575238480473196, 0.1063281072192983, 0.12161201193012783, 0.13640553600780048, 0.24245515730027933, 13.050412515259278]]",
    "monomial_list": "[1, x9, x8, x7, x6, x5, x4, x3, x2, x17, x16, x15, x14, x13, x12, x11, x10, x1]"
}