{
    "name": "Multiplier-15",
    "rational_expression": "12869*x1**2/1000 + 28703*x1*x10/5000000 - 14659*x1*x11/200000 - 48149*x1*x12/1000000 - 4773*x1*x13/100000 - 74761*x1*x14/1000000 - 25843*x1*x15/100000 - 19137*x1*x16/250000 - 50891*x1*x17/1000000 - 51347*x1*x2/1000000 - 25577*x1*x3/500000 - 97*x1*x4/4000 - 38527*x1*x5/500000 - 5101*x1*x6/200000 - 51801*x1*x7/1000000 - 12829*x1*x8/500000 - 7721*x1*x9/100000 + 1637*x1/62500 + 12903*x10**2/1000 - 14911*x10*x11/100000 - 46801*x10*x12/1000000 - 97949*x10*x13/1000000 - 12639*x10*x14/100000 - 1106*x10*x15/3125 - 76473*x10*x16/1000000 - 75549*x10*x17/1000000 - 76371*x10*x2/1000000 - 10279*x10*x3/100000 + 431*x10*x4/312500 - 10391*x10*x5/100000 - 51191*x10*x6/1000000 - 76993*x10*x7/1000000 - 25733*x10*x8/500000 - 10413*x10*x9/100000 + 1637*x10/31250 + 12887*x11**2/1000 - 34577*x11*x12/500000 - 47217*x11*x13/1000000 - 1347*x11*x14/100000 - 14973*x11*x15/50000 - 23373*x11*x16/500000 - 51177*x11*x17/1000000 - 23979*x11*x2/500000 - 25131*x11*x3/500000 - 15661*x11*x4/200000 - 597*x11*x5/12500 - 10527*x11*x6/200000 - 24877*x11*x7/500000 - 51937*x11*x8/1000000 - 12437*x11*x9/250000 - 26033*x11/100000 + 3221*x12**2/250 - 72183*x12*x13/1000000 - 11593*x12*x14/1000000 - 29453*x12*x15/100000 - 45719*x12*x16/1000000 - 38139*x12*x17/500000 - 47217*x12*x2/1000000 - 7521*x12*x3/100000 - 78659*x12*x4/1000000 - 587*x12*x5/12500 - 77999*x12*x6/1000000 - 247*x12*x7/5000 - 12997*x12*x8/250000 - 24671*x12*x9/500000 - 3899*x12/12500 + 6431*x13**2/500 - 18247*x13*x14/250000 - 15931*x13*x15/50000 - 37933*x13*x16/500000 - 50789*x13*x17/1000000 - 19001*x13*x2/250000 - 51019*x13*x3/1000000 - 51239*x13*x4/1000000 - 12839*x13*x5/250000 - 25753*x13*x6/500000 - 9591*x13*x7/125000 - 51673*x13*x8/1000000 - 51857*x13*x9/1000000 + 12963*x14**2/1000 - 12899*x14*x15/50000 + 13931*x14*x16/1000000 - 10371*x14*x17/100000 - 373*x14*x2/25000 - 36929*x14*x3/500000 - 2687*x14*x4/20000 + 5971*x14*x5/500000 - 10683*x14*x6/100000 - 19981*x14*x7/1000000 - 19423*x14*x8/250000 - 1943*x14*x9/100000 - 504*x14/625 + 8213*x15**2/500 - 14887*x15*x16/50000 - 827*x15*x17/2500 - 30663*x15*x2/100000 - 32387*x15*x3/100000 - 18557*x15*x4/50000 - 27803*x15*x5/100000 - 9171*x15*x6/25000 - 31909*x15*x7/100000 - 2097*x15*x8/6250 - 31879*x15*x9/100000 - 19779*x15/10000 + 129*x16**2/10 - 9551*x16*x17/125000 - 20203*x16*x2/1000000 - 37461*x16*x3/500000 - 5301*x16*x4/50000 - 19751*x16*x5/1000000 - 5251*x16*x6/50000 - 6097*x16*x7/125000 - 15439*x16*x8/200000 - 48713*x16*x9/1000000 - 3901*x16/10000 + 2573*x17**2/200 - 38213*x17*x2/500000 - 51101*x17*x3/1000000 - 2501*x17*x4/100000 - 38489*x17*x5/500000 - 6167*x17*x6/250000 - 4807*x17*x7/62500 - 51647*x17*x8/1000000 - 52067*x17*x9/1000000 + 1637*x17/62500 + 6441*x2**2/500 - 7521*x2*x3/100000 - 39227*x2*x4/500000 - 4717*x2*x5/100000 - 523*x2*x6/5000 - 9901*x2*x7/200000 - 77091*x2*x8/1000000 - 991*x2*x9/20000 - 28613*x2/100000 + 2573*x3**2/200 - 6451*x3*x4/125000 - 75469*x3*x5/1000000 - 12911*x3*x6/500000 - 19033*x3*x7/250000 - 12919*x3*x8/250000 - 76373*x3*x9/1000000 - 77783*x3/1000000 + 12881*x4**2/1000 - 5301*x4*x5/50000 + 11491*x4*x6/10000000 - 4877*x4*x7/62500 - 51*x4*x8/2000 - 3139*x4*x9/40000 + 3651*x4/20000 + 12893*x5**2/1000 - 9773*x5*x6/125000 - 12239*x5*x7/250000 - 77169*x5*x8/1000000 - 48921*x5*x9/1000000 - 36431*x5/100000 + 6441*x6**2/500 - 77543*x6*x7/1000000 - 12827*x6*x8/500000 - 527*x6*x9/10000 + 10477*x6/100000 + 1609*x7**2/125 - 76987*x7*x8/1000000 - 50381*x7*x9/1000000 - 3651*x7/20000 + 6433*x8**2/500 - 7721*x8*x9/100000 + 1637*x8/62500 + 6437*x9**2/500 - 10477*x9/50000 + 3251/250",
    "Q": "[[13.003687793548881, -0.10651075328479809, 0.00812922853792618, -0.09312613041967698, 0.05463689009769296, -0.17814885367092365, 0.0964481589663488, -0.03351389985599114, -0.14250450407563275, 0.019418289791794264, -0.1999135172595075, -0.9907876545370846, -0.40659129625559703, -0.0005554351845761467, -0.15441120864363211, -0.12611405755726227, 0.02776551204445189, 0.010689905176687784], [-0.10651075328479809, 12.873462229434548, -0.03688594348198812, -0.026886972322425585, -0.03229582316849737, -0.023219875893697072, -0.0387749055471482, -0.033361892018846644, -0.025458682835093047, -0.031199272261797653, -0.024860894018035203, -0.15563294165076796, -0.015774878162182655, -0.029292048957787583, -0.030020505623373123, -0.022469504896780967, -0.045388616173034205, -0.032752625852828614], [0.00812922853792618, -0.03688594348198812, 12.866087292638719, -0.03375076532358983, -0.013816510600684557, -0.035867320010369984, -0.013803427630730237, -0.027532418883541424, -0.03706854384124266, -0.023232891735444287, -0.03798108115264682, -0.17270055663410616, -0.0442203477712191, -0.029283390545778373, -0.02905314141870211, -0.030475302909957282, -0.024139196977027242, -0.01905235715515038], [-0.09312613041967698, -0.026886972322425585, -0.03375076532358983, 12.871750800260251, -0.04099648124123159, -0.022102716133478695, -0.04041833994030819, -0.036262179473492175, -0.021872766817710748, -0.03419252629681504, -0.020789597579231933, -0.15847419159703965, -0.01527479100228854, -0.03235434443827247, -0.025383438431016845, -0.026291286643623336, -0.039433676894368504, -0.03198336603043376], [0.05463689009769296, -0.03229582316849737, -0.013816510600684557, -0.04099648124123159, 12.882237021889784, -0.04104916249333017, 0.004733564087804445, -0.01860056446520435, -0.04611275288971061, -0.01241382304286474, -0.049851253193352985, -0.17983725250455793, -0.058895330140481955, -0.020693282362854004, -0.03777388162162461, -0.022341041293253754, -0.03099430692250585, -0.01567239729128106], [-0.17814885367092365, -0.023219875893697072, -0.035867320010369984, -0.022102716133478695, -0.04104916249333017, 12.893116754849334, -0.057662462240015054, -0.031929607375205844, -0.018758102992165473, -0.03322869865152952, -0.014215036013937572, -0.14434298470683232, 0.006378644640044778, -0.031843322032749775, -0.02197475393244478, -0.01794668108417814, -0.05450219024913763, -0.03953648221589222], [0.0964481589663488, -0.0387749055471482, -0.013803427630730237, -0.04041833994030819, 0.004733564087804445, -0.057662462240015054, 12.881228889874635, -0.028518886283157303, -0.044209418896086816, -0.018443548593903118, -0.05010015778765734, -0.18593879696251248, -0.0722980623915211, -0.025728347132391183, -0.03318318872492873, -0.040125664464768146, -0.0036464182688986414, -0.00608690512260045], [-0.03351389985599114, -0.033361892018846644, -0.027532418883541424, -0.036262179473492175, -0.01860056446520435, -0.031929607375205844, -0.028518886283157303, 12.864686042162955, -0.04190059188335575, -0.026153123498591613, -0.039480716101231925, -0.16102267174774784, -0.03692073063220527, -0.029879695887324174, -0.03616841679926992, -0.023317269754034878, -0.050431661380859104, -0.028727949081416543], [-0.14250450407563275, -0.025458682835093047, -0.03706854384124266, -0.021872766817710748, -0.04611275288971061, -0.018758102992165473, -0.044209418896086816, -0.04190059188335575, 12.881903550496254, -0.038035096497780516, -0.014256654305246563, -0.14748160583682107, -0.0057524212611299065, -0.034278846049279575, -0.023576058447335447, -0.02781981606250985, -0.032492824249259394, -0.02944875016844611], [0.019418289791794264, -0.031199272261797653, -0.023232891735444287, -0.03419252629681504, -0.01241382304286474, -0.03322869865152952, -0.018443548593903118, -0.026153123498591613, -0.038035096497780516, 12.864429804198656, -0.044826084735053964, -0.170572466218516, -0.045196656540616165, -0.027220155369350157, -0.033964008497237595, -0.025841043832876737, -0.039860251001872425, -0.024810974371742213], [-0.1999135172595075, -0.024860894018035203, -0.03798108115264682, -0.020789597579231933, -0.049851253193352985, -0.014215036013937572, -0.05010015778765734, -0.039480716101231925, -0.014256654305246563, -0.044826084735053964, 12.90016183362102, -0.1457631584641251, 0.008044429053074733, -0.033873351113260425, -0.020484947520107336, -0.02264978704339247, -0.03486868449903338, -0.03285060070474623], [-0.9907876545370846, -0.15563294165076796, -0.17270055663410616, -0.15847419159703965, -0.17983725250455793, -0.14434298470683232, -0.18593879696251248, -0.16102267174774784, -0.14748160583682107, -0.170572466218516, -0.1457631584641251, 16.426408559621816, -0.12268751192361013, -0.1668940477647902, -0.15266583086292124, -0.1502489868309386, -0.17772093785635484, -0.1238922347139051], [-0.40659129625559703, -0.015774878162182655, -0.0442203477712191, -0.01527479100228854, -0.058895330140481955, 0.006378644640044778, -0.0722980623915211, -0.03692073063220527, -0.0057524212611299065, -0.045196656540616165, 0.008044429053074733, -0.12268751192361013, 12.963795102621846, -0.039238128103282206, -0.009839109790788874, -0.008000044680794708, -0.060336659358187744, -0.04346469079635582], [-0.0005554351845761467, -0.029292048957787583, -0.029283390545778373, -0.03235434443827247, -0.020693282362854004, -0.031843322032749775, -0.025728347132391183, -0.029879695887324174, -0.034278846049279575, -0.027220155369350157, -0.033873351113260425, -0.1668940477647902, -0.039238128103282206, 12.86276190814913, -0.04008255779918883, -0.024839910291739955, -0.0448404534696208, -0.029475142304933078], [-0.15441120864363211, -0.030020505623373123, -0.02905314141870211, -0.025383438431016845, -0.03777388162162461, -0.02197475393244478, -0.03318318872492873, -0.03616841679926992, -0.023576058447335447, -0.033964008497237595, -0.020484947520107336, -0.15266583086292124, -0.009839109790788874, -0.04008255779918883, 12.884172168730151, -0.030743935874813333, -0.019271266902051137, -0.021584983477438556], [-0.12611405755726227, -0.022469504896780967, -0.030475302909957282, -0.026291286643623336, -0.022341041293253754, -0.01794668108417814, -0.040125664464768146, -0.023317269754034878, -0.02781981606250985, -0.025841043832876737, -0.02264978704339247, -0.1502489868309386, -0.008000044680794708, -0.024839910291739955, -0.030743935874813333, 12.886413376233154, -0.07506367421356035, -0.04071090721485905], [0.02776551204445189, -0.045388616173034205, -0.024139196977027242, -0.039433676894368504, -0.03099430692250585, -0.05450219024913763, -0.0036464182688986414, -0.050431661380859104, -0.032492824249259394, -0.039860251001872425, -0.03486868449903338, -0.17772093785635484, -0.060336659358187744, -0.0448404534696208, -0.019271266902051137, -0.07506367421356035, 12.903147779141316, 0.003080665792964333], [0.010689905176687784, -0.032752625852828614, -0.01905235715515038, -0.03198336603043376, -0.01567239729128106, -0.03953648221589222, -0.00608690512260045, -0.028727949081416543, -0.02944875016844611, -0.024810974371742213, -0.03285060070474623, -0.1238922347139051, -0.04346469079635582, -0.029475142304933078, -0.021584983477438556, -0.04071090721485905, 0.003080665792964333, 12.869362766559128]]",
    "monomial_list": "[1, x9, x8, x7, x6, x5, x4, x3, x2, x17, x16, x15, x14, x13, x12, x11, x10, x1]"
}