{
    "name": "Multiplier-8",
    "rational_expression": "6459*x1**2/500 + 14447*x1*x10/100000 + 2221*x1*x11/125000 + 4279*x1*x12/62500 + 1759*x1*x13/25000 + 51869*x1*x14/1000000 + 68003*x1*x15/1000000 + 37631*x1*x16/500000 + 65883*x1*x17/1000000 + 7363*x1*x2/100000 + 4217*x1*x3/62500 + 21287*x1*x4/250000 + 46973*x1*x5/1000000 + 60271*x1*x6/1000000 + 72819*x1*x7/1000000 - 8767*x1*x8/250000 + 18481*x1*x9/250000 - 57349*x1/100000 + 12977*x10**2/1000 - 25723*x10*x11/5000000 + 19343*x10*x12/200000 + 23823*x10*x13/500000 + 2813*x10*x14/50000 + 12021*x10*x15/125000 + 2089*x10*x16/20000 + 34229*x10*x17/500000 + 19337*x10*x2/250000 + 22181*x10*x3/500000 + 2843*x10*x4/25000 + 6329*x10*x5/125000 + 3107*x10*x6/50000 + 76477*x10*x7/1000000 - 12339*x10*x8/100000 + 77347*x10*x9/1000000 - 6637*x10/10000 + 2587*x11**2/200 + 12547*x11*x12/250000 + 39389*x11*x13/500000 + 5763*x11*x14/50000 + 1537*x11*x15/31250 + 4303*x11*x16/50000 + 72363*x11*x17/1000000 + 57937*x11*x2/1000000 + 2337*x11*x3/31250 + 37853*x11*x4/1000000 + 41527*x11*x5/500000 + 64499*x11*x6/1000000 + 41417*x11*x7/500000 - 10327*x11*x8/100000 + 2107*x11*x9/25000 - 16901*x11/20000 + 1616*x12**2/125 + 25459*x12*x13/500000 + 5641*x12*x14/50000 + 9521*x12*x15/200000 + 109*x12*x16/1000 + 44961*x12*x17/1000000 + 8177*x12*x2/100000 + 11799*x12*x3/250000 + 7403*x12*x4/200000 + 80899*x12*x5/1000000 + 7539*x12*x6/200000 + 40353*x12*x7/500000 - 11001*x12*x8/100000 + 81921*x12*x9/1000000 - 78429*x12/100000 + 6467*x13**2/500 + 91243*x13*x14/1000000 + 76091*x13*x15/1000000 + 87257*x13*x16/1000000 + 4569*x13*x17/62500 + 42509*x13*x2/500000 + 15117*x13*x3/200000 + 64217*x13*x4/1000000 + 8409*x13*x5/100000 + 64873*x13*x6/1000000 + 8387*x13*x7/100000 - x13*x8/10 + 85373*x13*x9/1000000 - 87451*x13/100000 + 13009*x14**2/1000 + 11973*x14*x15/200000 + 8997*x14*x16/50000 + 1739*x14*x17/31250 + 7573*x14*x2/50000 + 21307*x14*x3/250000 + 4133*x14*x4/250000 + 14993*x14*x5/100000 + 8899*x14*x6/500000 + 14959*x14*x7/100000 - 24541*x14*x8/1000000 + 6277*x14*x9/50000 - 12667*x14/10000 + 6467*x15**2/500 + 82709*x15*x16/1000000 + 17627*x15*x17/250000 + 80703*x15*x2/1000000 + 14523*x15*x3/200000 + 8801*x15*x4/100000 + 79861*x15*x5/1000000 + 12661*x15*x6/200000 + 79641*x15*x7/1000000 - 5669*x15*x8/50000 + 80799*x15*x9/1000000 - 2356*x15/3125 + 12977*x16**2/1000 + 52919*x16*x17/1000000 + 2403*x16*x2/20000 + 8221*x16*x3/100000 + 8217*x16*x4/200000 + 11879*x16*x5/100000 + 16217*x16*x6/1000000 + 5927*x16*x7/50000 - 37831*x16*x8/1000000 + 121*x16*x9/1000 - 1147*x16/1000 + 12917*x17**2/1000 + 51407*x17*x2/1000000 + 879*x17*x3/12500 + 30843*x17*x4/500000 + 76697*x17*x5/1000000 + 3107*x17*x6/50000 + 76477*x17*x7/1000000 - 12339*x17*x8/100000 + 77347*x17*x9/1000000 - 6637*x17/10000 + 12951*x2**2/1000 + 54571*x2*x3/1000000 + 7161*x2*x4/500000 + 11659*x2*x5/100000 + 3083*x2*x6/200000 + 5817*x2*x7/50000 - 22193*x2*x8/500000 + 93427*x2*x9/1000000 - 5431*x2/5000 + 3231*x3**2/250 + 62779*x3*x4/1000000 + 79861*x3*x5/1000000 + 12661*x3*x6/200000 + 79641*x3*x7/1000000 - 5669*x3*x8/50000 + 80799*x3*x9/1000000 - 2356*x3/3125 + 12921*x4**2/1000 + 7039*x4*x5/500000 + 5521*x4*x6/50000 + 7991*x4*x7/200000 - 3817*x4*x8/20000 + 3981*x4*x9/100000 - 36177*x4/100000 + 324*x5**2/25 + 41051*x5*x6/1000000 + 2883*x5*x7/25000 - 48029*x5*x8/1000000 + 11749*x5*x9/100000 - 10549*x5/10000 + 6459*x6**2/500 + 41019*x6*x7/1000000 - 18747*x6*x8/100000 + 128*x6*x9/3125 - 7843*x6/20000 + 12957*x7**2/1000 - 48029*x7*x8/1000000 + 11749*x7*x9/100000 - 10549*x7/10000 + 4157*x8**2/250 - 13583*x8*x9/250000 - 837*x8/250 + 324*x9**2/25 - 1147*x9/1000 + 7541/500",
    "Q": "[[15.082434711201412, -0.5695724162458187, -1.668964170307507, -0.5268719004398446, -0.18985970558224183, -0.5335519897408241, -0.18108532122470786, -0.3818175686974831, -0.5441028257051721, -0.3312946103929429, -0.5767860743575411, -0.37150002690769984, -0.6366572720671015, -0.43892901628777303, -0.3984928792177003, -0.4195551150803837, -0.3293784156001486, -0.28677965088145047], [-0.5695724162458187, 12.959039470365878, -0.02507132811264533, 0.05710159030811093, 0.025348702040352143, 0.055466651056519954, 0.021370029037996268, 0.03888500090729115, 0.05131516104794957, 0.03606032017083078, 0.05929015630179783, 0.04132195880863902, 0.06887771311279887, 0.0459799566667098, 0.03893569890869345, 0.045187255134536974, 0.03491011607102844, 0.032184134573517265], [-1.668964170307507, -0.02507132811264533, 16.626983361256446, -0.02853004047441039, -0.09301993669372838, -0.026462994112942628, -0.0943677225376396, -0.05088990054929639, -0.02838377204503621, -0.06540218067526879, -0.020202037337056382, -0.054727441613275404, -0.006443626167780617, -0.046310160048113606, -0.055024252568518756, -0.048901495898683145, -0.05770523400278873, -0.0258613861805209], [-0.5268719004398446, 0.05710159030811093, -0.02853004047441039, 12.957151413908756, 0.01995090393041894, 0.05833311083239739, 0.02305545197427835, 0.038189583994903326, 0.056435367719252276, 0.03539075862172543, 0.06531521946107897, 0.04436848215030747, 0.07128726965278931, 0.04479428062199736, 0.04589206808634901, 0.04314021521215061, 0.04427299711541723, 0.03541722552400984], [-0.18985970558224183, 0.025348702040352143, -0.09301993669372838, 0.01995090393041894, 12.918213363801229, 0.01833613587074118, 0.050639924742562535, 0.034094266389694025, 0.009471111905915429, 0.03613777513997137, 0.01430262630739532, 0.035183005466795494, 0.01305071044941554, 0.03139811387362417, 0.01824701142040325, 0.0292708414903623, 0.030288493276825586, 0.032638336260293783], [-0.5335519897408241, 0.055466651056519954, -0.026462994112942628, 0.05833311083239739, 0.01833613587074118, 12.960216204895913, 0.005268648540987258, 0.03833690670030283, 0.05370829693331937, 0.03355278801230403, 0.06428712491132918, 0.035627614140149325, 0.08069365107694423, 0.04209827318205774, 0.043439327898048594, 0.046319254926721995, 0.025308444530719152, 0.024331400087030174], [-0.18108532122470786, 0.021370029037996268, -0.0943677225376396, 0.02305545197427835, 0.050639924742562535, 0.005268648540987258, 12.920726228850294, 0.026537160206591522, 0.013675546193504164, 0.03178746905512764, 0.017139440631168713, 0.038482068504962164, 0.004768041135817506, 0.028101542292581664, 0.024850581483479114, 0.01384504502914945, 0.05909692289424894, 0.0441623943255043], [-0.3818175686974831, 0.03888500090729115, -0.05088990054929639, 0.038189583994903326, 0.034094266389694025, 0.03833690670030283, 0.026537160206591522, 12.924285633404724, 0.025995330642321537, 0.03382203780636828, 0.036100473973791326, 0.03760548909607674, 0.04152540859777455, 0.036081846656664446, 0.0270528760224714, 0.0371890550547071, 0.02278280086705364, 0.02960524656146479], [-0.5441028257051721, 0.05131516104794957, -0.02838377204503621, 0.056435367719252276, 0.009471111905915429, 0.05370829693331937, 0.013675546193504164, 0.025995330642321537, 12.951716738913738, 0.0255277279611673, 0.06313780955552956, 0.03464232030322177, 0.07018085290228314, 0.03657993680923625, 0.04034138534441765, 0.03497953928855936, 0.042998659724330764, 0.03151952317147901], [-0.3312946103929429, 0.03606032017083078, -0.06540218067526879, 0.03539075862172543, 0.03613777513997137, 0.03355278801230403, 0.03178746905512764, 0.03382203780636828, 0.0255277279611673, 12.91706446571307, 0.02724038073978745, 0.03802472303701929, 0.03240825818216141, 0.03355847681472454, 0.02640224117340569, 0.031579246889318374, 0.027969939072625027, 0.029610183505717598], [-0.5767860743575411, 0.05929015630179783, -0.020202037337056382, 0.06531521946107897, 0.01430262630739532, 0.06428712491132918, 0.017139440631168713, 0.036100473973791326, 0.06313780955552956, 0.02724038073978745, 12.977245903060036, 0.03876165685415228, 0.08683714916378187, 0.045278979624543206, 0.0495423884894438, 0.0458554788307691, 0.05011942759287965, 0.035558918712768096], [-0.37150002690769984, 0.04132195880863902, -0.054727441613275404, 0.04436848215030747, 0.035183005466795494, 0.035627614140149325, 0.038482068504962164, 0.03760548909607674, 0.03464232030322177, 0.03802472303701929, 0.03876165685415228, 12.933695065531973, 0.028444939458101372, 0.04187824566721886, 0.030188690316037426, 0.029467854906845746, 0.047106240683487004, 0.03919416404492345], [-0.6366572720671015, 0.06887771311279887, -0.006443626167780617, 0.07128726965278931, 0.01305071044941554, 0.08069365107694423, 0.004768041135817506, 0.04152540859777455, 0.07018085290228314, 0.03240825818216141, 0.08683714916378187, 0.028444939458101372, 13.00920643982086, 0.04549599939686981, 0.057448425507537725, 0.059137457355924496, 0.030424383812244958, 0.028286260163218092], [-0.43892901628777303, 0.0459799566667098, -0.046310160048113606, 0.04479428062199736, 0.03139811387362417, 0.04209827318205774, 0.028101542292581664, 0.036081846656664446, 0.03657993680923625, 0.03355847681472454, 0.045278979624543206, 0.04187824566721886, 0.04549599939686981, 12.934306513648094, 0.02567512591460314, 0.03840241271147038, 0.028882979479354566, 0.030085192839686744], [-0.3984928792177003, 0.03893569890869345, -0.055024252568518756, 0.04589206808634901, 0.01824701142040325, 0.043439327898048594, 0.024850581483479114, 0.0270528760224714, 0.04034138534441765, 0.02640224117340569, 0.0495423884894438, 0.030188690316037426, 0.057448425507537725, 0.02567512591460314, 12.929029107211619, 0.027365321921100565, 0.05203813460335905, 0.03555726143413689], [-0.4195551150803837, 0.045187255134536974, -0.048901495898683145, 0.04314021521215061, 0.0292708414903623, 0.046319254926721995, 0.01384504502914945, 0.0371890550547071, 0.03497953928855936, 0.031579246889318374, 0.0458554788307691, 0.029467854906845746, 0.059137457355924496, 0.03840241271147038, 0.027365321921100565, 12.934925896991322, -0.005093955219654469, 0.014317004432820248], [-0.3293784156001486, 0.03491011607102844, -0.05770523400278873, 0.04427299711541723, 0.030288493276825586, 0.025308444530719152, 0.05909692289424894, 0.02278280086705364, 0.042998659724330764, 0.027969939072625027, 0.05011942759287965, 0.047106240683487004, 0.030424383812244958, 0.028882979479354566, 0.05203813460335905, -0.005093955219654469, 12.977162343825825, 0.06896839964758594], [-0.28677965088145047, 0.032184134573517265, -0.0258613861805209, 0.03541722552400984, 0.032638336260293783, 0.024331400087030174, 0.0441623943255043, 0.02960524656146479, 0.03151952317147901, 0.029610183505717598, 0.035558918712768096, 0.03919416404492345, 0.028286260163218092, 0.030085192839686744, 0.03555726143413689, 0.014317004432820248, 0.06896839964758594, 12.917817839120527]]",
    "monomial_list": "[1, x9, x8, x7, x6, x5, x4, x3, x2, x17, x16, x15, x14, x13, x12, x11, x10, x1]"
}