{
    "name": "Multiplier-1",
    "rational_expression": "6107*x1**2/200 + 174361*x1*x2/10000 + 5479*x1*x3/500 + 113079*x1*x4/5000 - 11246*x1*x5/625 + 699603*x1*x6/100000 + 490293*x1*x7/500000 + 83321*x1*x8/20000 + 116357*x1*x9/100000 - 460933*x1/10000 + 163109*x2**2/25000 + 33989*x2*x3/25000 + 547439*x2*x4/100000 - 819001*x2*x5/100000 + 794799*x2*x6/100000 - 414461*x2*x7/100000 + 450077*x2*x8/100000 + 33431*x2*x9/12500 - 100299*x2/5000 + 13759*x3**2/500 + 755521*x3*x4/100000 + 122647*x3*x5/10000 - 45893*x3*x6/25000 + 55283*x3*x7/6250 + 534711*x3*x8/100000 + 593113*x3*x9/100000 - 15089*x3/250 + 32563*x4**2/2000 - 45429*x4*x5/200000 + 135239*x4*x6/20000 - 10099*x4*x7/3125 + 256093*x4*x8/50000 + 225241*x4*x9/50000 - 2497*x4/40 + 999763*x5**2/100000 - 637669*x5*x6/100000 + 503971*x5*x7/100000 - 202013*x5*x8/50000 + 22439*x5*x9/200000 - 889443*x5/100000 + 58561*x6**2/10000 - 365109*x6*x7/100000 + 134061*x6*x8/50000 + 302321*x6*x9/100000 - 13178*x6/625 + 158301*x7**2/25000 - 582803*x7*x8/100000 - 27539*x7*x9/12500 - 20659*x7/10000 + 17508*x8**2/3125 + 347483*x8*x9/500000 - 87809*x8/5000 + 63163*x9**2/12500 - 128149*x9/5000 + 12919/125",
    "Q": "[[103.35192526437866, -12.816049564347376, -8.73376574918242, -1.0366852152146087, -10.544051896741571, -4.41698657877704, -31.236987898656185, -30.19761674958998, -10.07473904149251, -23.07170210862801], [-12.816049564347376, 5.0529041833954995, 0.3403944205969443, -1.1017762787310523, 1.511276200819389, 0.05116700857740073, 2.2551502903434684, 2.967217783245898, 1.3436110722491905, 0.5851141726200789], [-8.73376574918242, 0.3403944205969443, 5.595026629298454, -2.913081606640767, 1.3375613642009965, -2.0226777850073043, 2.549441627877694, 2.6625342153689333, 2.2512952359230187, 2.077534622998956], [-1.0366852152146087, -1.1017762787310523, -2.913081606640767, 6.331405537005646, -1.8247837132468725, 2.5177684929204798, -1.6120316960144032, 4.42423707177471, -2.0741936196299036, 0.4922736971759874], [-10.544051896741571, 1.511276200819389, 1.3375613642009965, -1.8247837132468725, 5.855941897465821, -3.1930106928375137, 3.3844409874850183, -0.9139519348234755, 3.980628804819096, 3.5017874049335793], [-4.41698657877704, 0.05116700857740073, -2.0226777850073043, 2.5177684929204798, -3.1930106928375137, 9.994700309082605, -0.12045012122752535, 6.120130163759308, -4.102142164638889, -9.002178153381482], [-31.236987898656185, 2.2551502903434684, 2.549441627877694, -1.6120316960144032, 3.3844409874850183, -0.12045012122752535, 16.294478936617416, 3.7923227708603164, 2.757266563305397, 11.320121730162569], [-30.19761674958998, 2.967217783245898, 2.6625342153689333, 4.42423707177471, -0.9139519348234755, 6.120130163759308, 3.7923227708603164, 27.528403832830552, 0.6893876508920299, 5.502192774815221], [-10.07473904149251, 1.3436110722491905, 2.2512952359230187, -2.0741936196299036, 3.980628804819096, -4.102142164638889, 2.757266563305397, 0.6893876508920299, 6.53988965727812, 8.739454330074588], [-23.07170210862801, 0.5851141726200789, 2.077534622998956, 0.4922736971759874, 3.5017874049335793, -9.002178153381482, 11.320121730162569, 5.502192774815221, 8.739454330074588, 30.54743791610895]]",
    "monomial_list": "[1, x9, x8, x7, x6, x5, x4, x3, x2, x1]"
}