{
    "name": "Multiplier-3",
    "rational_expression": "63013*x1**2/2000 + 4661*x1*x2/200 + 276517*x1*x3/10000 + 367499*x1*x4/10000 - 174823*x1*x5/10000 + 73177*x1*x6/5000 - 46557*x1*x7/12500 + 59483*x1*x8/5000 + 69197*x1*x9/5000 - 12534*x1/125 + 31679*x2**2/4000 + 461887*x2*x3/50000 + 26419*x2*x4/2000 - 421167*x2*x5/50000 + 106189*x2*x6/10000 - 281161*x2*x7/50000 + 763391*x2*x8/100000 + 812041*x2*x9/100000 - 456077*x2/10000 + 87661*x3**2/2500 + 203271*x3*x4/10000 + 42659*x3*x5/5000 + 215669*x3*x6/100000 + 498047*x3*x7/100000 + 104007*x3*x8/10000 + 66593*x3*x9/5000 - 974693*x3/10000 + 213177*x4**2/10000 - 524977*x4*x5/100000 + 60167*x4*x6/5000 - 392547*x4*x7/50000 + 11063*x4*x8/1000 + 140307*x4*x9/10000 - 61109*x4/625 + 109529*x5**2/12500 - 20421*x5*x6/2500 + 26351*x5*x7/5000 - 525849*x5*x8/100000 - 310199*x5*x9/100000 + 234283*x5/25000 + 307987*x6**2/50000 - 251543*x6*x7/50000 + 21101*x6*x8/4000 + 163823*x6*x9/25000 - 90591*x6/2500 + 56633*x7**2/10000 - 604701*x7*x8/100000 - 114809*x7*x9/25000 + 134421*x7/10000 + 571777*x8**2/100000 + 105539*x8*x9/25000 - 2799*x8/80 + 746359*x9**2/100000 - 524813*x9/10000 + 31239/200",
    "Q": "[[156.19484875448708, -26.269119653999383, -17.556706768432875, 6.650947072509987, -18.118486931103767, 4.747041332101934, -48.93403439521659, -48.70455481105244, -22.858183140445536, -50.153395650928424], [-26.269119653999383, 7.472784793382349, 2.123661019946305, -2.2867118692968473, 3.2804013794651277, -1.5618530259532108, 7.033847613997364, 6.6649588003114975, 4.0742599691536805, 6.9325153307210625], [-17.556706768432875, 2.123661019946305, 5.73245984230771, -3.017022801482267, 2.6455487219014993, -2.6377808302514536, 5.5568145032579785, 5.217557877153335, 3.833186199426403, 5.972612935557461], [6.650947072509987, -2.2867118692968473, -3.017022801482267, 5.658727458474491, -2.508445805928672, 2.6337636141176706, -3.905467260341666, 2.513875939169699, -2.8044323734872307, -1.8400379145032943], [-18.118486931103767, 3.2804013794651277, 2.6455487219014993, -2.508445805928672, 6.159922360677975, -4.08947955124025, 6.021823285537368, 1.073261607255652, 5.314736614001388, 7.319909793231849], [4.747041332101934, -1.5618530259532108, -2.6377808302514536, 2.6337636141176706, -4.08947955124025, 8.760439813156664, -2.643693740024161, 4.2471080022778995, -4.217400891327329, -8.760795440752725], [-48.93403439521659, 7.033847613997364, 5.5568145032579785, -3.905467260341666, 6.021823285537368, -2.643693740024161, 21.342266845479465, 10.166944578236748, 6.627943147742152, 18.39000069886052], [-48.70455481105244, 6.6649588003114975, 5.217557877153335, 2.513875939169699, 1.073261607255652, 4.2471080022778995, 10.166944578236748, 35.050248376654935, 4.632559282608967, 13.820300681374626], [-22.858183140445536, 4.0742599691536805, 3.833186199426403, -2.8044323734872307, 5.314736614001388, -4.217400891327329, 6.627943147742152, 4.632559282608967, 7.930511804399041, 11.66726502177768], [-50.153395650928424, 6.9325153307210625, 5.972612935557461, -1.8400379145032943, 7.319909793231849, -8.760795440752725, 18.39000069886052, 13.820300681374626, 11.66726502177768, 31.51846854030801]]",
    "monomial_list": "[1, x9, x8, x7, x6, x5, x4, x3, x2, x1]"
}