{
    "name": "Multiplier-6",
    "rational_expression": "326597*x1**2/10000 + 169923*x1*x2/5000 + 821203*x1*x3/100000 + 305543*x1*x4/10000 - 29689*x1*x5/1250 + 13971*x1*x6/1250 - 11501*x1*x7/3125 + 131661*x1*x8/10000 + 136349*x1*x9/100000 - 10693*x1/100 + 354999*x2**2/10000 - 790523*x2*x3/100000 + 43353*x2*x4/1250 - 10097*x2*x5/500 + 167199*x2*x6/10000 - 167857*x2*x7/10000 + 122719*x2*x8/10000 + 38673*x2*x9/5000 - 201773*x2/1000 + 24772*x3**2/625 + 272083*x3*x4/100000 + 141147*x3*x5/5000 - 15733*x3*x6/2500 + 205511*x3*x7/10000 + 160437*x3*x8/50000 + 316633*x3*x9/50000 - 150727*x3/2000 + 287679*x4**2/10000 - 72069*x4*x5/20000 + 136071*x4*x6/10000 - 805451*x4*x7/100000 + 4093*x4*x8/400 + 629591*x4*x9/100000 - 182251*x4/1000 + 7821*x5**2/400 - 8434*x5*x6/625 + 144227*x5*x7/10000 - 12239*x5*x8/1000 - 653481*x5*x9/1000000 + 93637*x5/50000 + 184523*x6**2/10000 - 332107*x6*x7/50000 + 595153*x6*x8/100000 + 661297*x6*x9/100000 - 106973*x6/2500 + 123521*x7**2/10000 - 110053*x7*x8/10000 - 337887*x7*x9/100000 + 37171*x7/2500 + 113973*x8**2/10000 - 665251*x8*x9/1000000 - 83649*x8/2000 + 95553*x9**2/12500 - 4557*x9/100 + 464893/1000",
    "Q": "[[464.8931510434364, -22.83993974115928, -21.093814608909486, 7.3240107913681, -21.212588766304663, 0.7932390092841115, -91.08732297753389, -37.607143132378575, -100.730136420292, -53.31837438491749], [-22.83993974115928, 7.6495458748092, -0.32058712812920315, -1.6871422350119645, 3.2977033710165116, -0.32210786635600197, 3.1570639119969997, 3.163397234553596, 3.8744053192484893, 0.6829541629404557], [-21.093814608909486, -0.32058712812920315, 11.41378395425885, -5.496149248252212, 2.977904511094617, -6.117272858494116, 5.154665211152558, 1.6164064154224862, 6.165921985566476, 6.593973179050967], [7.3240107913681, -1.6871422350119645, -5.496149248252212, 12.347613018826287, -3.3119733069629644, 7.209970610956045, -4.0035812478433765, 10.287245327754821, -8.364963255661355, -1.81957367857333], [-21.212588766304663, 3.2977033710165116, 2.977904511094617, -3.3119733069629644, 18.434220774226624, -6.740201729804518, 6.771672125910285, -3.171265649697554, 8.311442510484499, 5.566820628904452], [0.7932390092841115, -0.32210786635600197, -6.117272858494116, 7.209970610956045, -6.740201729804518, 19.556015046527296, -1.7699515705866424, 14.129763486624308, -10.066327275095123, -11.860034644640516], [-91.08732297753389, 3.1570639119969997, 5.154665211152558, -4.0035812478433765, 6.771672125910285, -1.7699515705866424, 28.753138340328864, 1.3530351232012356, 17.29958752949278, 15.24499604795769], [-37.607143132378575, 3.163397234553596, 1.6164064154224862, 10.287245327754821, -3.171265649697554, 14.129763486624308, 1.3530351232012356, 39.62735246792093, -3.9869895485047278, 4.086871606766145], [-100.730136420292, 3.8744053192484893, 6.165921985566476, -8.364963255661355, 8.311442510484499, -10.066327275095123, 17.29958752949278, -3.9869895485047278, 35.429746594561095, 16.94036113274812], [-53.31837438491749, 0.6829541629404557, 6.593973179050967, -1.81957367857333, 5.566820628904452, -11.860034644640516, 15.24499604795769, 4.086871606766145, 16.94036113274812, 32.627848603308124]]",
    "monomial_list": "[1, x9, x8, x7, x6, x5, x4, x3, x2, x1]"
}