{
    "name": "Multiplier-2",
    "rational_expression": "28861*x1**2/1000 + 71321*x1*x2/5000 + 162347*x1*x3/10000 + 27353*x1*x4/1000 - 25577*x1*x5/2000 + 2162*x1*x6/125 + 44349*x1*x7/200000 + 605749*x1*x8/1000000 + 23311*x1*x9/6250 - 86109*x1/1000 + 97929*x2**2/5000 - 11979*x2*x3/6250 + 381109*x2*x4/50000 - 5694*x2*x5/3125 + 623701*x2*x6/100000 - 35219*x2*x7/10000 + 1842*x2*x8/125 + 396369*x2*x9/50000 - 362979*x2/10000 + 88327*x3**2/2500 + 31493*x3*x4/2000 + 17027*x3*x5/1000 + 79923*x3*x6/5000 + 108937*x3*x7/10000 - 252837*x3*x8/100000 + 807461*x3*x9/100000 - 131003*x3/1000 + 263943*x4**2/10000 + 125121*x4*x5/20000 + 187831*x4*x6/10000 - 99069*x4*x7/20000 + 337839*x4*x8/50000 + 866893*x4*x9/100000 - 134681*x4/1000 + 77133*x5**2/5000 + 128871*x5*x6/500000 + 709087*x5*x7/100000 - 117787*x5*x8/10000 + 48819*x5*x9/200000 - 67641*x5/2000 + 7989*x6**2/500 + 220957*x6*x7/1000000 - 3323*x6*x8/500 + 125047*x6*x9/20000 - 100861*x6/1000 + 28001*x7**2/2500 - 79533*x7*x8/5000 - 37313*x7*x9/10000 - 277771*x7/50000 + 8921*x8**2/500 + 108091*x8*x9/50000 - 147519*x8/20000 + 964371*x9**2/100000 - 36129*x9/625 + 615/2",
    "Q": "[[307.4997026022855, -28.9173406511754, -3.7532127536036217, -2.7953424727038407, -50.30970364333525, -16.8678236687289, -67.2810007205544, -65.58133377495952, -18.09777624581049, -43.025954899234684], [-28.9173406511754, 9.646171835777784, 1.0867660145144147, -1.860247812901966, 3.116273899270757, 0.11753028838717818, 4.335171515784728, 4.050911035636467, 3.957890823007776, 1.8652948944211165], [-3.7532127536036217, 1.0867660145144147, 17.843285166990267, -7.956187481889116, -3.319241888024382, -5.890856971622075, 3.3943191993994617, -1.2427395562320636, 7.372477237277015, 0.31195317608007916], [-2.7953424727038407, -1.860247812901966, -7.956187481889116, 11.20244871154105, 0.11361273434260223, 3.550984590195699, -2.476605596078507, 5.448629327577914, -1.7641827057136785, 0.11185494219783934], [-50.30970364333525, 3.116273899270757, -3.319241888024382, 0.11361273434260223, 15.942214648637313, 0.11709398911180247, 9.353466568053232, 7.97829874547633, 3.1039208105401035, 8.62693063669198], [-16.8678236687289, 0.11753028838717818, -5.890856971622075, 3.550984590195699, 0.11709398911180247, 15.425981268378528, 3.111299762761945, 8.509895091482274, -0.9241830064330906, -6.399958446567367], [-67.2810007205544, 4.335171515784728, 3.3943191993994617, -2.476605596078507, 9.353466568053232, 3.111299762761945, 26.36893121892719, 7.873924513027771, 3.796983269001863, 13.664899995993089], [-65.58133377495952, 4.050911035636467, -1.2427395562320636, 5.448629327577914, 7.97829874547633, 8.509895091482274, 7.873924513027771, 35.36711151292424, -0.9561818895918732, 8.119582666887794], [-18.09777624581049, 3.957890823007776, 7.372477237277015, -1.7641827057136785, 3.1039208105401035, -0.9241830064330906, 3.796983269001863, -0.9561818895918732, 19.576467472552356, 7.13191156640896], [-43.025954899234684, 1.8652948944211165, 0.31195317608007916, 0.11185494219783934, 8.62693063669198, -6.399958446567367, 13.664899995993089, 8.119582666887794, 7.13191156640896, 28.848880188660548]]",
    "monomial_list": "[1, x9, x8, x7, x6, x5, x4, x3, x2, x1]"
}