{
    "name": "Multiplier-5",
    "rational_expression": "340281*x1**2/10000 + 279681*x1*x2/10000 + 201779*x1*x3/5000 + 109531*x1*x4/2500 - 396199*x1*x5/50000 + 100923*x1*x6/10000 + 793459*x1*x7/100000 + 492709*x1*x8/50000 + 25279*x1*x9/2500 - 143051*x1/1000 + 66727*x2**2/5000 + 12404*x2*x3/625 + 14522*x2*x4/625 - 603973*x2*x5/1000000 + 136661*x2*x6/10000 + 38797*x2*x7/25000 + 320797*x2*x8/50000 + 99813*x2*x9/12500 - 223307*x2/2500 + 221587*x3**2/5000 + 342043*x3*x4/10000 + 207707*x3*x5/10000 + 124749*x3*x6/100000 + 5603*x3*x7/400 + 137937*x3*x8/10000 + 133077*x3*x9/10000 - 158577*x3/1000 + 181777*x4**2/5000 + 999743*x4*x5/100000 + 121399*x4*x6/10000 + 400009*x4*x7/100000 + 4363*x4*x8/400 + 126079*x4*x9/10000 - 47091*x4/250 + 11516*x5**2/625 - 26343*x5*x6/5000 + 466389*x5*x7/100000 - 121819*x5*x8/50000 + 227691*x5*x9/1000000 - 265479*x5/10000 + 815041*x6**2/100000 - 93237*x6*x7/50000 + 31237*x6*x8/20000 + 11463*x6*x9/2500 - 191011*x6/5000 + 192257*x7**2/20000 - 289327*x7*x8/50000 - 34353*x7*x9/20000 - 19827*x7/625 + 51183*x8**2/6250 + 67359*x8*x9/50000 - 407701*x8/10000 + 162263*x9**2/20000 - 22787*x9/400 + 40454/125",
    "Q": "[[323.63248866608825, -28.605683506151934, -20.34973283608962, -15.974016492446717, -19.140725578516484, -13.222719585695133, -94.31759615168939, -79.41422174261166, -44.55589691634022, -71.51543189130015], [-28.605683506151934, 8.135554641443415, 0.6752447402127723, -0.843045829817842, 2.303816299458855, 0.11295621462224169, 6.354141004834129, 6.6921853898618915, 3.997490865761963, 5.080990690385464], [-20.34973283608962, 0.6752447402127723, 8.185191053917992, -2.8865994118235636, 0.7808783437186477, -1.2228925180252512, 5.454163827941138, 6.897057479616839, 3.1956464827461546, 4.916461471485511], [-15.974016492446717, -0.843045829817842, -2.8865994118235636, 9.624976754453176, -0.9246791444848429, 2.33486825898703, 2.035466333987345, 7.036789875833907, 0.7889463746011621, 3.995118933089812], [-19.140725578516484, 2.303816299458855, 0.7808783437186477, -0.9246791444848429, 8.156299380866852, -2.6372231319821853, 6.087587389782022, 0.6428925193807694, 6.83160265792233, 5.054891351041584], [-13.222719585695133, 0.11295621462224169, -1.2228925180252512, 2.33486825898703, -2.6372231319821853, 18.42384938898291, 4.997725633221136, 10.37039527889652, -0.31445278730588766, -3.9803506341776624], [-94.31759615168939, 6.354141004834129, 5.454163827941138, 2.035466333987345, 6.087587389782022, 4.997725633221136, 36.43803428080005, 17.1741600486166, 11.607132308940383, 21.93067757989052], [-79.41422174261166, 6.6921853898618915, 6.897057479616839, 7.036789875833907, 0.6428925193807694, 10.37039527889652, 17.1741600486166, 44.37075144030361, 9.92189012972815, 20.210269645276956], [-44.55589691634022, 3.997490865761963, 3.1956464827461546, 0.7889463746011621, 6.83160265792233, -0.31445278730588766, 11.607132308940383, 9.92189012972815, 13.313871617918382, 13.965478116766349], [-71.51543189130015, 5.080990690385464, 4.916461471485511, 3.995118933089812, 5.054891351041584, -3.9803506341776624, 21.93067757989052, 20.210269645276956, 13.965478116766349, 34.04028770557601]]",
    "monomial_list": "[1, x9, x8, x7, x6, x5, x4, x3, x2, x1]"
}