{
    "name": "Multiplier-8",
    "rational_expression": "300751*x1**2/10000 + 205657*x1*x2/10000 + 162519*x1*x3/10000 + 265583*x1*x4/10000 - 15647*x1*x5/1250 + 110929*x1*x6/25000 + 550803*x1*x7/100000 + 87801*x1*x8/10000 + 56407*x1*x9/12500 - 108011*x1/1000 + 27749*x2**2/1250 + 117801*x2*x3/100000 + 20313*x2*x4/1250 - 28809*x2*x5/2000 + 115999*x2*x6/5000 - 9324*x2*x7/625 + 133387*x2*x8/10000 + 847211*x2*x9/100000 - 5833*x2/50 + 342101*x3**2/10000 + 13131*x3*x4/1250 + 118451*x3*x5/5000 - 531661*x3*x6/100000 + 9251*x3*x7/500 + 340059*x3*x8/50000 + 748229*x3*x9/100000 - 24023*x3/200 + 132509*x4**2/5000 + 59231*x4*x5/10000 + 2909*x4*x6/250 - 162081*x4*x7/50000 + 15789*x4*x8/1250 + 420371*x4*x9/50000 - 154659*x4/1000 + 216211*x5**2/10000 - 77959*x5*x6/5000 + 167301*x5*x7/10000 - 166713*x5*x8/20000 + 8389*x5*x9/10000 - 215969*x5/10000 + 198443*x6**2/10000 - 7074*x6*x7/625 + 349923*x6*x8/100000 + 175037*x6*x9/25000 - 337007*x6/5000 + 18103*x7**2/1250 - 493293*x7*x8/50000 - 36539*x7*x9/20000 - 606507*x7/100000 + 213271*x8**2/10000 + 233991*x8*x9/100000 - 95037*x8/2000 + 951843*x9**2/100000 - 319603*x9/5000 + 108011/250",
    "Q": "[[432.04375636994774, -31.787878229881706, -23.643676866820744, -3.003067330087519, -33.751401727661374, -10.645814379257226, -77.16497439975758, -60.10116062341107, -58.33123782253025, -54.055870153411085], [-31.787878229881706, 9.49339282748311, 1.1512761630313202, -0.9197803872585427, 3.4925837234238206, 0.4043731378120173, 4.163227096582913, 3.720049886985705, 4.214685676630571, 2.235816025378208], [-23.643676866820744, 1.1512761630313202, 21.313933436163435, -4.939749310253358, 1.7394753923697928, -4.187110408364782, 6.2776843746328295, 3.3859295748767555, 6.655541965136342, 4.387159923402155], [-3.003067330087519, -0.9197803872585427, -4.939749310253358, 14.485319756657377, -5.6591524294992475, 8.368667444879826, -1.6205541686306435, 9.242120943261648, -7.458553083073014, 2.749043517922226], [-33.751401727661374, 3.4925837234238206, 1.7394753923697928, -5.6591524294992475, 19.849580442998963, -7.811740702540535, 5.806828428561855, -2.645956770143227, 11.603759033863078, 2.232511099273545], [-10.645814379257226, 0.4043731378120173, -4.187110408364782, 8.368667444879826, -7.811740702540535, 21.624520947746472, 2.939626847684075, 11.828529777203892, -7.226809890389936, -6.276613854162747], [-77.16497439975758, 4.163227096582913, 6.2776843746328295, -1.6205541686306435, 5.806828428561855, 2.939626847684075, 26.440526857161153, 5.243330659504064, 8.098246341254685, 13.265362901037117], [-60.10116062341107, 3.720049886985705, 3.3859295748767555, 9.242120943261648, -2.645956770143227, 11.828529777203892, 5.243330659504064, 34.21884783957138, 0.5945115599782649, 8.138104561579414], [-58.33123782253025, 4.214685676630571, 6.655541965136342, -7.458553083073014, 11.603759033863078, -7.226809890389936, 8.098246341254685, 0.5945115599782649, 22.19478092162947, 10.293929384591546], [-54.055870153411085, 2.235816025378208, 4.387159923402155, 2.749043517922226, 2.232511099273545, -6.276613854162747, 13.265362901037117, 8.138104561579414, 10.293929384591546, 30.085309870644203]]",
    "monomial_list": "[1, x9, x8, x7, x6, x5, x4, x3, x2, x1]"
}