{
    "name": "Multiplier-1",
    "rational_expression": "339*x1**2/50 + 319*x1*x2/1250 + 329*x1*x3/1250 + 1159*x1*x4/5000 + 3149*x1*x5/10000 + 873*x1*x6/5000 + 3253*x1*x7/10000 + 2409*x1/1000 + 6667*x2**2/1000 + 267*x2*x3/1000 + 1337*x2*x4/5000 + 697*x2*x5/2500 + 4047*x2*x6/10000 + 3933*x2*x7/10000 + 449*x2/200 + 1703*x3**2/250 + 1407*x3*x4/5000 + 501*x3*x5/2000 + 1119*x3*x6/5000 + 33*x3*x7/125 + 286*x3/125 + 6827*x4**2/1000 + 2739*x4*x5/10000 + 154*x4*x6/625 + 29*x4*x7/100 + 449*x4/200 + 1361*x5**2/200 + 743*x5*x6/2500 + 1217*x5*x7/5000 + 533*x5/250 + 1333*x6**2/200 + 81*x6*x7/625 + 579*x6/250 + 6773*x7**2/1000 + 263*x7/125 + 3553/1000",
    "Q": "[[3.553120718922819, 1.050526914442091, 1.157785236703397, 1.0660174748403843, 1.12296903249985, 1.1430635113019731, 1.1243433987733742, 1.2047438590663115], [1.050526914442091, 6.772754373398814, 0.06627224781623357, 0.1208294333649674, 0.1468078688579301, 0.12873700325520668, 0.19781993018292393, 0.16005227488916227], [1.157785236703397, 0.06627224781623357, 6.663759850951601, 0.14699760408182838, 0.1253366209011926, 0.10907915482253393, 0.2022659966189617, 0.0900514613389404], [1.0660174748403843, 0.1208294333649674, 0.14699760408182838, 6.8053516694144935, 0.13585577475748317, 0.12646079840678637, 0.13799143552541923, 0.15689035244862007], [1.12296903249985, 0.1468078688579301, 0.1253366209011926, 0.13585577475748317, 6.827460700963657, 0.13773316965005655, 0.13200770962590613, 0.11526735882005926], [1.1430635113019731, 0.12873700325520668, 0.10907915482253393, 0.12646079840678637, 0.13773316965005655, 6.812484481302339, 0.13667309805955005, 0.13036366901923466], [1.1243433987733742, 0.19781993018292393, 0.2022659966189617, 0.13799143552541923, 0.13200770962590613, 0.13667309805955005, 6.667581483838027, 0.1257051887108479], [1.2047438590663115, 0.16005227488916227, 0.0900514613389404, 0.15689035244862007, 0.11526735882005926, 0.13036366901923466, 0.1257051887108479, 6.779959197461672]]",
    "monomial_list": "[1, x7, x6, x5, x4, x3, x2, x1]"
}