{
    "name": "Multiplier-5",
    "rational_expression": "4897*x1**2/250 + 29987*x1*x10/500000 + 25533*x1*x11/1000000 + 1733*x1*x12/25000 + 18151*x1*x13/1000000 + 8049*x1*x2/125000 + 25571*x1*x3/1000000 + 10087*x1*x4/125000 - 1697*x1*x5/10000 + 653*x1*x6/40000 + 62341*x1*x7/1000000 + 27973*x1*x8/500000 + 26477*x1*x9/1000000 - 91313*x1/100000 + 9797*x10**2/500 + 24379*x10*x11/1000000 + 1347*x10*x12/12500 + 1767*x10*x13/100000 + 63537*x10*x2/1000000 + 3057*x10*x3/125000 + 19539*x10*x4/250000 - 1313*x10*x5/4000 + 7391*x10*x6/500000 + 15071*x10*x7/250000 + 11743*x10*x8/125000 + 24063*x10*x9/1000000 - 41477*x10/50000 + 4901*x11**2/250 + 7053*x11*x12/200000 + 21939*x11*x13/1000000 + 93*x11*x2/3125 + 4379*x11*x3/62500 + 88583*x11*x4/1000000 - 12727*x11*x5/50000 + 19431*x11*x6/1000000 + 66379*x11*x7/1000000 - 591*x11*x8/31250 + 2211*x11*x9/31250 - 1079*x11/1000 + 19687*x12**2/1000 - 3591*x12*x13/250000 + 14797*x12*x2/200000 + 18699*x12*x3/250000 + 6783*x12*x4/50000 - 14643*x12*x5/50000 - 17319*x12*x6/1000000 + 1377*x12*x7/12500 + 13971*x12*x8/100000 + 7219*x12*x9/200000 - 12449*x12/10000 + 9789*x13**2/500 + 21449*x13*x2/1000000 + 10951*x13*x3/500000 + 17323*x13*x4/500000 - 28319*x13*x5/100000 + 26489*x13*x6/500000 + 9321*x13*x7/500000 - 3111*x13*x8/125000 + 30567*x13*x9/500000 - 37361*x13/50000 + 4903*x2**2/250 + 29799*x2*x3/1000000 + 4353*x2*x4/50000 - 30961*x2*x5/100000 + 18641*x2*x6/1000000 + 25963*x2*x7/1000000 + 29091*x2*x8/500000 + 30079*x2*x9/1000000 - 2593*x2/2500 + 4901*x3**2/250 + 88583*x3*x4/1000000 - 6373*x3*x5/25000 + 19393*x3*x6/1000000 + 33209*x3*x7/500000 + 19393*x3*x8/1000000 + 2211*x3*x9/31250 - 1079*x3/1000 + 9853*x4**2/500 - 2431*x4*x5/12500 + 3577*x4*x6/50000 + 84109*x4*x7/1000000 + 32097*x4*x8/1000000 + 91253*x4*x9/1000000 - 17857*x4/10000 + 24891*x5**2/1000 - 28873*x5*x6/100000 - 2651*x5*x7/10000 - 32803*x5*x8/100000 - 4247*x5*x9/20000 - 7143*x5/2000 + 1959*x6**2/100 - 6029*x6*x7/100000 - 5217*x6*x8/200000 + 30567*x6*x9/500000 - 37361*x6/50000 + 19607*x7**2/1000 + 29091*x7*x8/500000 + 30079*x7*x9/1000000 - 2593*x7/2500 + 19619*x8**2/1000 - 17837*x8*x9/1000000 - 37361*x8/50000 + 19621*x9**2/1000 - 752*x9/625 + 83/4",
    "Q": "[[20.750224395111168, -0.6097590584047187, -0.3690888661411554, -0.5109937972723696, -0.37111458643924233, -1.7756589266639224, -0.8998584125573916, -0.5454372848866159, -0.511900221245785, -0.36764994190919675, -0.61710857152542, -0.5487578839398495, -0.4229185542710786, -0.4471221197474077], [-0.6097590584047187, 19.621491222887126, -0.011772694173514944, 0.01902457722811046, 0.028165794091599746, -0.11108414020741814, 0.05408480780326352, 0.03019539687415291, 0.017135194293869494, 0.022259175149976405, 0.02001301576550547, 0.03467452063871354, 0.0090533647659924, 0.020257831819433837], [-0.3690888661411554, -0.011772694173514944, 19.618092526346558, 0.03468130772278063, -0.021398289764774498, -0.16008537314930865, 0.022169495496620246, 0.016239407747686497, 0.032403288331264275, -0.009349238650789769, 0.07959788847806756, -0.00022749122578899852, 0.043895952402976224, 0.026371948007547757], [-0.5109937972723696, 0.01902457722811046, 0.03468130772278063, 19.607007346069626, -0.023404197500670666, -0.12344388160610098, 0.04011593266749761, 0.028254736684137607, 0.017507670783663963, 0.0018025095239780908, 0.05465235301298886, 0.02337991831754107, 0.023202072764885995, 0.02334206199574816], [-0.37111458643924233, 0.028165794091599746, -0.021398289764774498, -0.023404197500670666, 19.590108934505967, -0.14452636705985197, 0.026410067876672178, 0.011365722180028346, 0.01547385516089186, 0.025243539010288155, -0.017519400178056557, 0.014806204145756226, -0.0008538120701235863, 0.011858385345539823], [-1.7756589266639224, -0.11108414020741814, -0.16008537314930865, -0.12344388160610098, -0.14452636705985197, 24.8890511775004, -0.1051123903212859, -0.12245119377816188, -0.14869423509365784, -0.13994605115095682, -0.13676584814892695, -0.1165821740876588, -0.15286758928282645, -0.0823227565008518], [-0.8998584125573916, 0.05408480780326352, 0.022169495496620246, 0.04011593266749761, 0.026410067876672178, -0.1051123903212859, 19.706887219014952, 0.040825406023788494, 0.05203109377877069, 0.01632620882385934, 0.07720283207974989, 0.042640256580109476, 0.033927585540465564, 0.04553425715962106], [-0.5454372848866159, 0.03019539687415291, 0.016239407747686497, 0.028254736684137607, 0.011365722180028346, -0.12245119377816188, 0.040825406023788494, 19.604563018944155, 0.01482416771330628, 0.013285761397754467, 0.03924846714219904, 0.02571907940488412, 0.02222213832282306, 0.020337006057957623], [-0.511900221245785, 0.017135194293869494, 0.032403288331264275, 0.017507670783663963, 0.01547385516089186, -0.14869423509365784, 0.05203109377877069, 0.01482416771330628, 19.6108819865753, 0.010600706982894913, 0.046000416696151965, 0.01504265553843784, 0.025518115339076594, 0.03526914224801864], [-0.36764994190919675, 0.022259175149976405, -0.009349238650789769, 0.0018025095239780908, 0.025243539010288155, -0.13994605115095682, 0.01632620882385934, 0.013285761397754467, 0.010600706982894913, 19.577808456940737, -0.01600874435425431, 0.020199936349255446, -0.0005798061281465892, 0.010325421561522405], [-0.61710857152542, 0.02001301576550547, 0.07959788847806756, 0.05465235301298886, -0.017519400178056557, -0.13676584814892695, 0.07720283207974989, 0.03924846714219904, 0.046000416696151965, -0.01600874435425431, 19.685989305963233, 0.016187755498601623, 0.059712010103165084, 0.041982074155360455], [-0.5487578839398495, 0.03467452063871354, -0.00022749122578899852, 0.02337991831754107, 0.014806204145756226, -0.1165821740876588, 0.042640256580109476, 0.02571907940488412, 0.01504265553843784, 0.020199936349255446, 0.016187755498601623, 19.604378255493284, 0.007281334558422254, 0.017764525898033876], [-0.4229185542710786, 0.0090533647659924, 0.043895952402976224, 0.023202072764885995, -0.0008538120701235863, -0.15286758928282645, 0.033927585540465564, 0.02222213832282306, 0.025518115339076594, -0.0005798061281465892, 0.059712010103165084, 0.007281334558422254, 19.59378777321846, 0.021586447885046326], [-0.4471221197474077, 0.020257831819433837, 0.026371948007547757, 0.02334206199574816, 0.011858385345539823, -0.0823227565008518, 0.04553425715962106, 0.020337006057957623, 0.03526914224801864, 0.010325421561522405, 0.041982074155360455, 0.017764525898033876, 0.021586447885046326, 19.587021168755978]]",
    "monomial_list": "[1, x9, x8, x7, x6, x5, x4, x3, x2, x13, x12, x11, x10, x1]"
}