{
    "name": "Multiplier-10",
    "rational_expression": "4887*x1**2/250 - 2277*x1*x10/20000 + 2457*x1*x11/31250 + 83353*x1*x12/1000000 + 77583*x1*x13/1000000 + 95449*x1*x2/1000000 + 34699*x1*x3/500000 + 97913*x1*x4/1000000 + 8641*x1*x5/125000 + 34887*x1*x6/500000 + 33179*x1*x7/500000 + 84081*x1*x8/1000000 + 76009*x1*x9/1000000 - 88993*x1/100000 + 24979*x10**2/1000 - 1791*x10*x11/50000 - 8469*x10*x12/25000 - 40303*x10*x13/1000000 - 13567*x10*x2/50000 - 40683*x10*x3/500000 - 21837*x10*x4/100000 - 40033*x10*x5/500000 - 11471*x10*x6/100000 - 6707*x10*x7/50000 - 16247*x10*x8/50000 - 20327*x10*x9/500000 - 1891*x10/400 + 4913*x11**2/250 + 86693*x11*x12/10000000 + 20333*x11*x13/100000 + 38167*x11*x2/500000 + 923*x11*x3/5000 + 6083*x11*x4/50000 + 7297*x11*x5/50000 + 1847*x11*x6/12500 + 13953*x11*x7/100000 + 12053*x11*x8/1000000 + 19987*x11*x9/100000 - 20141*x11/10000 + 2446*x12**2/125 - 14937*x12*x13/500000 + 12139*x12*x2/100000 + 17121*x12*x3/200000 + 243*x12*x4/2000 + 65069*x12*x5/10000000 - 32057*x12*x6/1000000 + 16981*x12*x7/200000 + 19683*x12*x8/100000 + 38669*x12*x9/5000000 - 2357*x12/12500 + 9829*x13**2/500 + 15089*x13*x2/200000 + 9153*x13*x3/50000 + 16259*x13*x4/200000 + 3653*x13*x5/20000 + 9217*x13*x6/50000 + 13801*x13*x7/100000 + 11763*x13*x8/1000000 + 1979*x13*x9/10000 - 2457*x13/1250 + 9779*x2**2/500 + 67951*x2*x3/1000000 + 13523*x2*x4/100000 + 16901*x2*x5/250000 + 6813*x2*x6/100000 + 32503*x2*x7/500000 + 6099*x2*x8/50000 + 14809*x2*x9/200000 - 2107*x2/2500 + 19603*x3**2/1000 + 1399*x3*x4/12500 + 6527*x3*x5/50000 + 13183*x3*x6/100000 + 251*x3*x7/2000 + 48619*x3*x8/1000000 + 18067*x3*x9/100000 - 966*x3/625 + 19581*x4**2/1000 + 33009*x4*x5/1000000 + 703*x4*x6/6250 + 10863*x4*x7/100000 + 84639*x4*x8/1000000 + 1193*x4*x9/10000 - 98279*x4/100000 + 9803*x5**2/500 + 3293*x5*x6/25000 + 6271*x5*x7/50000 + 48619*x5*x8/1000000 + 7119*x5*x9/50000 - 966*x5/625 + 9811*x6**2/500 + 11981*x6*x7/250000 - 14333*x6*x8/500000 + 3651*x6*x9/20000 - 15913*x6/10000 + 3919*x7**2/200 + 87161*x7*x8/1000000 + 13657*x7*x9/100000 - 7021*x7/5000 + 2444*x8**2/125 + 717*x8*x9/62500 - 13999*x8/50000 + 19647*x9**2/1000 - 19199*x9/10000 + 5851/250",
    "Q": "[[23.40426369053731, -0.9589482485900235, -0.14554173237320653, -0.710808707694206, -0.80696937028353, -0.7660782499134609, -0.4998085266209741, -0.7629491790191194, -0.4320782622149208, -0.9799345143737455, -0.09373858760723644, -0.9974885829010169, -2.372865324245807, -0.4496922789184041], [-0.9589482485900235, 19.647179222503762, -0.002680701464399742, 0.06597857915102184, 0.09281313718707558, 0.0702524568803982, 0.058103243022816116, 0.08456379444027076, 0.03879421552719953, 0.10664028160940672, 0.00992908840783967, 0.1078881676751304, -0.0191967538999549, 0.04387794244802105], [-0.14554173237320653, -0.002680701464399742, 19.5522313248661, 0.04771008741126931, -0.00934638891955741, 0.027378906877477956, 0.03393509580146695, 0.029830966505870835, 0.052161285203940554, 0.004772883827454022, 0.095005311211971, 0.01053753848431507, -0.1544979774492897, 0.03709787623154916], [-0.710808707694206, 0.06597857915102184, 0.04771008741126931, 19.596134537210446, 0.02164265397520183, 0.06253326630585405, 0.04584846861372976, 0.06982577406494551, 0.03840295199350509, 0.0632041967711847, 0.051372795329673364, 0.07693275289101904, -0.05622019285051743, 0.042499411739135344], [-0.80696937028353, 0.09281313718707558, -0.00934638891955741, 0.02164265397520183, 19.622539910954295, 0.06411929471543984, 0.04740184685152879, 0.06500492664158104, 0.04123719694455401, 0.10066303656372265, -0.014403585766382676, 0.08335262782463632, -0.05151511173613495, 0.039999265607461885], [-0.7660782499134609, 0.0702524568803982, 0.027378906877477956, 0.06253326630585405, 0.06411929471543984, 19.605385592916335, 0.0076350315817235665, 0.06712473102028363, 0.029215227451371912, 0.08930846394698864, 0.011352353825400653, 0.07966212479173863, -0.0392808662832456, 0.0350886820917613], [-0.4998085266209741, 0.058103243022816116, 0.03393509580146695, 0.04584846861372976, 0.04740184685152879, 0.0076350315817235665, 19.580454246853442, 0.04856120966210511, 0.058779939412424556, 0.04344308498261317, 0.06306555178541677, 0.05371436223968247, -0.1107359109029652, 0.04473132318830547], [-0.7629491790191194, 0.08456379444027076, 0.029830966505870835, 0.06982577406494551, 0.06500492664158104, 0.06712473102028363, 0.04856120966210511, 19.60269622003455, 0.037836326286826615, 0.08334982386666312, 0.03623217824756122, 0.08651584486550902, -0.04722177578005454, 0.04206553448051232], [-0.4320782622149208, 0.03879421552719953, 0.052161285203940554, 0.03840295199350509, 0.04123719694455401, 0.029215227451371912, 0.058779939412424556, 0.037836326286826615, 19.55845296056659, 0.04194703225882034, 0.05666118084170661, 0.04015328078335623, -0.12393007573978078, 0.04938525928416138], [-0.9799345143737455, 0.10664028160940672, 0.004772883827454022, 0.0632041967711847, 0.10066303656372265, 0.08930846394698864, 0.04344308498261317, 0.08334982386666312, 0.04194703225882034, 19.65763799117937, -0.013501520940193553, 0.11063010635808034, -0.016586299216263253, 0.04577479370477864], [-0.09373858760723644, 0.00992908840783967, 0.095005311211971, 0.051372795329673364, -0.014403585766382676, 0.011352353825400653, 0.06306555178541677, 0.03623217824756122, 0.05666118084170661, -0.013501520940193553, 19.568748699165592, 0.00934084732054546, -0.16568219941537646, 0.04051783960475393], [-0.9974885829010169, 0.1078881676751304, 0.01053753848431507, 0.07693275289101904, 0.08335262782463632, 0.07966212479173863, 0.05371436223968247, 0.08651584486550902, 0.04015328078335623, 0.11063010635808034, 0.00934084732054546, 19.65166905620393, -0.011688277766391355, 0.04537286323097389], [-2.372865324245807, -0.0191967538999549, -0.1544979774492897, -0.05622019285051743, -0.05151511173613495, -0.0392808662832456, -0.1107359109029652, -0.04722177578005454, -0.12393007573978078, -0.016586299216263253, -0.16568219941537646, -0.011688277766391355, 24.980563087051735, -0.05321890471430845], [-0.4496922789184041, 0.04387794244802105, 0.03709787623154916, 0.042499411739135344, 0.039999265607461885, 0.0350886820917613, 0.04473132318830547, 0.04206553448051232, 0.04938525928416138, 0.04577479370477864, 0.04051783960475393, 0.04537286323097389, -0.05321890471430845, 19.548633490523915]]",
    "monomial_list": "[1, x9, x8, x7, x6, x5, x4, x3, x2, x13, x12, x11, x10, x1]"
}