{
    "name": "Multiplier-1",
    "rational_expression": "3137*x1**2/125 - 5777*x1*x10/25000 - 8901*x1*x11/50000 - 13977*x1*x12/50000 - 9039*x1*x13/50000 - 28679*x1*x2/100000 - 2233*x1*x3/12500 - 23689*x1*x4/100000 - 559*x1*x5/3125 - 1193*x1*x6/6250 - 4541*x1*x7/25000 - 23933*x1*x8/100000 - 3583*x1*x9/20000 - 24561*x1/10000 + 9849*x10**2/500 - 269*x10*x11/12500 + 7*x10*x12/625 - 11127*x10*x13/500000 + 11147*x10*x2/1250000 + 16963*x10*x3/1000000 + 11829*x10*x4/1000000 - 5379*x10*x5/250000 - 25187*x10*x6/1000000 + 16221*x10*x7/1000000 + 5543*x10*x8/500000 - 5379*x10*x9/250000 - 73707*x10/100000 + 9857*x11**2/500 - 24331*x11*x12/1000000 + 20843*x11*x13/1000000 - 5429*x11*x2/200000 + 10871*x11*x3/500000 - 11693*x11*x4/500000 + 4341*x11*x5/200000 + 17*x11*x6/1000 + 2073*x11*x7/100000 - 973*x11*x8/40000 + 21667*x11*x9/1000000 - 18839*x11/20000 + 9849*x12**2/500 - 26169*x12*x13/1000000 + 74439*x12*x2/10000000 + 3533*x12*x3/250000 + 24643*x12*x4/2500000 - 12173*x12*x5/500000 - 27413*x12*x6/1000000 + 3377*x12*x7/250000 + 92509*x12*x8/10000000 - 12173*x12*x9/500000 - 61401*x12/100000 + 19709*x13**2/1000 - 27653*x13*x2/1000000 + 4161*x13*x3/200000 - 24049*x13*x4/1000000 + 649*x13*x5/31250 + 16259*x13*x6/1000000 + 19813*x13*x7/1000000 - 24949*x13*x8/1000000 + 2073*x13*x9/100000 - 11259*x13/12500 + 2461*x2**2/125 - 1359*x2*x3/50000 + 78857*x2*x4/10000000 - 27177*x2*x5/1000000 + 111*x2*x6/12500 - 13841*x2*x7/500000 + 74063*x2*x8/10000000 - 27177*x2*x9/1000000 - 6137*x2/12500 + 9857*x3**2/500 - 11693*x3*x4/500000 + 4341*x3*x5/200000 + 17*x3*x6/1000 + 2073*x3*x7/100000 - 973*x3*x8/40000 + 21667*x3*x9/1000000 - 18839*x3/20000 + 9847*x4**2/500 - 6153*x4*x5/250000 + 1179*x4*x6/100000 + 7203*x4*x7/500000 + 12273*x4*x8/1250000 + 15069*x4*x9/1000000 - 32731*x4/50000 + 2464*x5**2/125 + 17*x5*x6/1000 + 2073*x5*x7/100000 - 973*x5*x8/40000 + 21667*x5*x9/1000000 - 18839*x5/20000 + 19699*x6**2/1000 - 1391*x6*x7/62500 - 27409*x6*x8/1000000 + 16963*x6*x9/1000000 - 73707*x6/100000 + 1971*x7**2/100 + 3377*x7*x8/250000 + 2073*x7*x9/100000 - 11259*x7/12500 + 3939*x8**2/200 - 12173*x8*x9/500000 - 61401*x8/100000 + 2464*x9**2/125 - 18839*x9/20000 + 5117/250",
    "Q": "[[20.467676526671408, -0.4657916533248512, -0.31339642158768355, -0.44021936062061673, -0.37438001802466175, -0.46714043667957017, -0.3198024928106282, -0.48062874002544603, -0.2553160348615985, -0.44710615013271515, -0.31226893871487205, -0.48097430288462445, -0.37109065026585364, -1.2219569999230766], [-0.4657916533248512, 19.711561558966693, -0.011136189335156598, 0.003250898393696034, 0.0031958491698926084, 0.003342055104174299, -0.002218146506482175, 0.007753535497431029, -0.008147155178121394, 0.007013399411412002, -0.007440462914100909, 0.009087224391864272, -0.0037178168359580056, -0.09160068811971925], [-0.31339642158768355, -0.011136189335156598, 19.694901734001, 0.001994544078290375, -0.01121654068277569, -0.004171918056681812, 0.0001714845782784103, -0.002596292638318965, 0.005401339577118796, -0.009327331795118892, 0.01446201430788415, -0.007749185004381455, 0.006853490791548943, -0.12862537963171758], [-0.44021936062061673, 0.003250898393696034, 0.001994544078290375, 19.709158766012163, -0.009684293929002339, 0.004666930990213789, -0.0022362449811216827, 0.008558841795193546, -0.00539125997245504, 0.001382184186599032, 0.003334169872581578, 0.006652422913109614, 0.0011437073415931527, -0.09781367735943167], [-0.37438001802466175, 0.0031958491698926084, -0.01121654068277569, -0.009684293929002339, 19.699303129142834, -0.0008183421050391137, -0.0016414359008195115, -2.572039787483907e-05, -0.0026615356505566993, 0.004679066677357466, -0.012003428479206431, 0.0008433118851523463, -0.004845305271766464, -0.10482694904799446], [-0.46714043667957017, 0.003342055104174299, -0.004171918056681812, 0.004666930990213789, -0.0008183421050391137, 19.711465258839937, -0.013644638378864437, 0.006381019648552476, -0.010288178293374152, 0.006594853506929767, -0.008060406486008262, 0.006157060909978797, -0.001868475718190006, -0.08727519982380652], [-0.3198024928106282, -0.002218146506482175, 0.0001714845782784103, -0.0022362449811216827, -0.0016414359008195115, -0.013644638378864437, 19.694382954060092, -0.0023257279936111973, 0.005563175994553526, -0.005613169928974957, 0.007561991848479342, -0.0033383520491201473, 0.00143619369694065, -0.12629900759208276], [-0.48062874002544603, 0.007753535497431029, -0.002596292638318965, 0.008558841795193546, -2.572039787483907e-05, 0.006381019648552476, -0.0023257279936111973, 19.714690919679946, -0.006710715489335286, 0.006121459043113098, -0.0005767387566808451, 0.009253341301756311, 0.0011520419617763581, -0.09472877391441512], [-0.2553160348615985, -0.008147155178121394, 0.005401339577118796, -0.00539125997245504, -0.0026615356505566993, -0.010288178293374152, 0.005563175994553526, -0.006710715489335286, 19.688648482390946, -0.007050627653001895, 0.006929211565998689, -0.008173256461302358, 0.0020862200643573716, -0.13627579695529812], [-0.44710615013271515, 0.007013399411412002, -0.009327331795118892, 0.001382184186599032, 0.004679066677357466, 0.006594853506929767, -0.005613169928974957, 0.006121459043113098, -0.007050627653001895, 19.709117080282628, -0.013216131974849643, 0.008277318040463024, -0.0044955767167839215, -0.09354443619274594], [-0.31226893871487205, -0.007440462914100909, 0.01446201430788415, 0.003334169872581578, -0.012003428479206431, -0.008060406486008262, 0.007561991848479342, -0.0005767387566808451, 0.006929211565998689, -0.013216131974849643, 19.697627134538624, -0.0074636639997993255, 0.008631198142306114, -0.13446931238787024], [-0.48097430288462445, 0.009087224391864272, -0.007749185004381455, 0.006652422913109614, 0.0008433118851523463, 0.006157060909978797, -0.0033383520491201473, 0.009253341301756311, -0.008173256461302358, 0.008277318040463024, -0.0074636639997993255, 19.714551251654044, -0.003254255504461313, -0.0890005632864895], [-0.37109065026585364, -0.0037178168359580056, 0.006853490791548943, 0.0011437073415931527, -0.004845305271766464, -0.001868475718190006, 0.00143619369694065, 0.0011520419617763581, 0.0020862200643573716, -0.0044955767167839215, 0.008631198142306114, -0.003254255504461313, 19.69752409287299, -0.12030167686317442], [-1.2219569999230766, -0.09160068811971925, -0.12862537963171758, -0.09781367735943167, -0.10482694904799446, -0.08727519982380652, -0.12629900759208276, -0.09472877391441512, -0.13627579695529812, -0.09354443619274594, -0.13446931238787024, -0.0890005632864895, -0.12030167686317442, 25.095686380859448]]",
    "monomial_list": "[1, x9, x8, x7, x6, x5, x4, x3, x2, x13, x12, x11, x10, x1]"
}