{
    "name": "Multiplier-11",
    "rational_expression": "9787*x1**2/500 + 9019*x1*x10/500000 - 2991*x1*x11/12500 + 58077*x1*x12/1000000 - 30139*x1*x13/1000000 + 51673*x1*x2/1000000 + 643*x1*x3/50000 + 5083*x1*x4/500000 - 6351*x1*x5/250000 + 39911*x1*x6/5000000 + 201*x1*x7/15625 + 28557*x1*x8/500000 - 29453*x1*x9/1000000 - 2689*x1/4000 + 19603*x10**2/1000 - 2011*x10*x11/6250 + 2603*x10*x12/25000 - 1139*x10*x13/40000 + 3293*x10*x2/200000 + 17369*x10*x3/1000000 + 13653*x10*x4/1000000 + 1737*x10*x5/100000 - 1429*x10*x6/50000 + 17371*x10*x7/1000000 + 63281*x10*x8/1000000 - 26369*x10*x9/1000000 - 91001*x10/100000 + 4973*x11**2/200 - 17151*x11*x12/50000 - 6979*x11*x13/20000 - 741*x11*x2/2000 - 8177*x11*x3/25000 - 38057*x11*x4/100000 - 7233*x11*x5/25000 - 35039*x11*x6/100000 - 8221*x11*x7/25000 - 7637*x11*x8/25000 - 34833*x11*x9/100000 - 16607*x11/5000 + 19679*x12**2/1000 - 8267*x12*x13/125000 + 29441*x12*x2/500000 + 4081*x12*x3/200000 + 27783*x12*x4/500000 - 17859*x12*x5/1000000 - 1327*x12*x6/20000 + 29943*x12*x7/500000 + 14531*x12*x8/100000 - 25507*x12*x9/1000000 - 10681*x12/10000 + 489*x13**2/25 - 29641*x13*x2/1000000 - 29093*x13*x3/1000000 - 7767*x13*x4/250000 - 29137*x13*x5/1000000 + 29223*x13*x6/5000000 - 3803*x13*x7/125000 - 13573*x13*x8/500000 - 32027*x13*x9/1000000 - 5929*x13/12500 + 9797*x2**2/500 - 24643*x2*x3/1000000 + 5021*x2*x4/100000 - 24613*x2*x5/1000000 + 85401*x2*x6/10000000 - 1539*x2*x7/62500 + 58151*x2*x8/1000000 - 14467*x2*x9/500000 - 8901*x2/12500 + 783*x3**2/40 - 2691*x3*x4/100000 - 11929*x3*x5/500000 - 29211*x3*x6/1000000 + 14333*x3*x7/1000000 + 9807*x3*x8/500000 - 1137*x3*x9/40000 - 7519*x3/10000 + 4899*x4**2/250 - 67569*x4*x5/1000000 + 71189*x4*x6/10000000 + 11277*x4*x7/1000000 + 7713*x4*x8/500000 + 77129*x4*x9/10000000 - 1483*x4/2500 + 979*x5**2/50 - 29133*x5*x6/1000000 - 5977*x5*x7/250000 + 613*x5*x8/31250 - 14809*x5*x9/500000 - 7519*x5/10000 + 9787*x6**2/500 - 3497*x6*x7/50000 - 66779*x6*x8/1000000 + 12333*x6*x9/2000000 - 5929*x6/12500 + 19587*x7**2/1000 + 14793*x7*x8/250000 - 14809*x7*x9/500000 - 7519*x7/10000 + 4913*x8**2/250 - 65403*x8*x9/1000000 - 10283*x8/10000 + 9779*x9**2/500 - 25707*x9/50000 + 9887/500",
    "Q": "[[19.774027541730337, -0.24990185656836056, -0.5190955045801664, -0.3823676566529768, -0.24012904108372307, -0.38535015621819124, -0.3003267001658111, -0.3686116592848919, -0.3640173802707923, -0.23274810579551328, -0.5377894017479851, -1.6526824776255977, -0.45297147718117653, -0.3282971175460071], [-0.24990185656836056, 19.55800885557303, -0.029681582032577068, -0.017398648834863806, 0.0018878831519857672, -0.01989887322984495, -0.001091450654384018, -0.008880254649872214, -0.009833038086658797, -0.0073295098271528615, -0.014730415058684034, -0.16861067140042604, -0.013798213607976655, -0.009050671148427055], [-0.5190955045801664, -0.029681582032577068, 19.65237007603363, 0.02774183323210856, -0.034110028627343754, 0.010745906035152847, 0.0020359452751883373, 0.005785871654149282, 0.021704870331280688, -0.022706841497518015, 0.0770167810530013, -0.16008783922961084, 0.041271299742167325, 0.020012020080659866], [-0.3823676566529768, -0.017398648834863806, 0.02774183323210856, 19.587556528502617, -0.04209352226092793, -0.002323926971386702, -0.0027198759705498376, 0.0012358172183096947, -0.003247276318845324, -0.021187576344013956, 0.0337488060807012, -0.15550611126684935, 0.009488449048772538, 0.004099014466794043], [-0.24012904108372307, 0.0018878831519857672, -0.034110028627343754, -0.04209352226092793, 19.5745711806399, -0.010069540293738438, -0.0012473724105472048, -0.01022114694964744, -0.0007788549987735283, 0.007484965809865963, -0.036399955138957135, -0.17441874751266323, -0.015271972963941503, -0.0047143246415127914], [-0.38535015621819124, -0.01989887322984495, 0.010745906035152847, -0.002323926971386702, -0.010069540293738438, 19.580983922662654, -0.037749601819574076, -0.006439005223999409, -0.010356942264405778, -0.006281828633422673, -0.0023418097470417278, -0.14887256770740534, 0.0028094502917792633, -0.004356456330749732], [-0.3003267001658111, -0.001091450654384018, 0.0020359452751883373, -0.0027198759705498376, -0.0012473724105472048, -0.037749601819574076, 19.59583771849911, -0.004199334465028925, 0.01740406840750262, -0.01406390192033571, 0.031728383575972643, -0.18260165358420422, 0.007294564348756555, 0.008680416725354393], [-0.3686116592848919, -0.008880254649872214, 0.005785871654149282, 0.0012358172183096947, -0.01022114694964744, -0.006439005223999409, -0.004199334465028925, 19.574956400738117, -0.0074499045404302616, -0.011671470829370688, 0.015321585197083017, -0.16151451154451957, 0.005928731558552849, -0.0006995261573333186], [-0.3640173802707923, -0.009833038086658797, 0.021704870331280688, -0.003247276318845324, -0.0007788549987735283, -0.010356942264405778, 0.01740406840750262, -0.0074499045404302616, 19.59350720078476, -0.0071461454499077166, 0.025203087275360414, -0.17895729933828483, 0.01152235603260228, 0.016890727756950847], [-0.23274810579551328, -0.0073295098271528615, -0.022706841497518015, -0.021187576344013956, 0.007484965809865963, -0.006281828633422673, -0.01406390192033571, -0.011671470829370688, -0.0071461454499077166, 19.559508592247603, -0.03719748911954534, -0.17094744956604555, -0.01626353154311219, -0.008369194032758454], [-0.5377894017479851, -0.014730415058684034, 0.0770167810530013, 0.0337488060807012, -0.036399955138957135, -0.0023418097470417278, 0.031728383575972643, 0.015321585197083017, 0.025203087275360414, -0.03719748911954534, 19.67864117553376, -0.16507790142120318, 0.048741531726782465, 0.02484052817644962], [-1.6526824776255977, -0.16861067140042604, -0.16008783922961084, -0.15550611126684935, -0.17441874751266323, -0.14887256770740534, -0.18260165358420422, -0.16151451154451957, -0.17895729933828483, -0.17094744956604555, -0.16507790142120318, 24.86263480052832, -0.16602050019457856, -0.1113866056113202], [-0.45297147718117653, -0.013798213607976655, 0.041271299742167325, 0.009488449048772538, -0.015271972963941503, 0.0028094502917792633, 0.007294564348756555, 0.005928731558552849, 0.01152235603260228, -0.01626353154311219, 0.048741531726782465, -0.16602050019457856, 19.603414064509877, 0.01018643341023435], [-0.3282971175460071, -0.009050671148427055, 0.020012020080659866, 0.004099014466794043, -0.0047143246415127914, -0.004356456330749732, 0.008680416725354393, -0.0006995261573333186, 0.016890727756950847, -0.008369194032758454, 0.02484052817644962, -0.1113866056113202, 0.01018643341023435, 19.57313225815459]]",
    "monomial_list": "[1, x9, x8, x7, x6, x5, x4, x3, x2, x13, x12, x11, x10, x1]"
}