{
    "name": "Multiplier-4",
    "rational_expression": "2444*x1**2/125 + 15369*x1*x10/100000 + 12943*x1*x11/100000 + 18071*x1*x12/100000 + 529*x1*x13/4000 + 14071*x1*x2/100000 + 8383*x1*x3/50000 - 19629*x1*x4/500000 + 15227*x1*x5/100000 + 11307*x1*x6/100000 + 4131*x1*x7/25000 + 15443*x1*x8/100000 + 1193*x1*x9/10000 - 11221*x1/10000 + 19581*x10**2/1000 + 7261*x10*x11/50000 + 11321*x10*x12/50000 + 3727*x10*x13/25000 + 14851*x10*x2/100000 + 1149*x10*x3/6250 - 523*x10*x4/5000 + 21383*x10*x5/100000 + 12389*x10*x6/100000 + 11063*x10*x7/50000 + 24519*x10*x8/100000 + 13209*x10*x9/100000 - 2957*x10/2000 + 9821*x11**2/500 + 11939*x11*x12/100000 + 12903*x11*x13/50000 + 3061*x11*x2/25000 + 5059*x11*x3/20000 + 60943*x11*x4/1000000 + 29703*x11*x5/100000 + 2277*x11*x6/12500 + 24873*x11*x7/100000 + 7493*x11*x8/50000 + 23491*x11*x9/100000 - 10707*x11/5000 + 3923*x12**2/200 + 82299*x12*x13/1000000 + 21599*x12*x2/100000 + 2479*x12*x3/12500 - 8269*x12*x4/50000 + 13661*x12*x5/100000 + 33121*x12*x6/500000 + 5857*x12*x7/25000 + 38*x12*x8/125 + 11011*x12*x9/100000 - 21671*x12/25000 + 3933*x13**2/200 + 12543*x13*x2/100000 + 1623*x13*x3/6250 + 18979*x13*x4/250000 + 34511*x13*x5/100000 + 5683*x13*x6/25000 + 4289*x13*x7/20000 + 3873*x13*x8/25000 + 4807*x13*x9/20000 - 22939*x13/10000 + 19557*x2**2/1000 + 16163*x2*x3/100000 - 15453*x2*x4/100000 + 7139*x2*x5/50000 + 14677*x2*x6/100000 + 15903*x2*x7/100000 + 9503*x2*x8/50000 + 11381*x2*x9/100000 - 24239*x2/25000 + 2456*x3**2/125 + 16443*x3*x4/250000 + 6013*x3*x5/20000 + 3677*x3*x6/20000 + 6279*x3*x7/25000 + 18991*x3*x8/100000 + 947*x3*x9/4000 - 21943*x3/10000 + 25017*x4**2/1000 + 8107*x4*x5/50000 - 45439*x4*x6/1000000 + 5241*x4*x7/100000 - 68023*x4*x8/1000000 + 6029*x4*x9/250000 - 25243*x4/5000 + 4941*x5**2/250 + 21569*x5*x6/100000 + 29587*x5*x7/100000 + 11259*x5*x8/50000 + 23463*x5*x9/100000 - 32619*x5/10000 + 19599*x6**2/1000 + 2609*x6*x7/25000 + 11267*x6*x8/125000 + 21283*x6*x9/100000 - 7649*x6/5000 + 3931*x7**2/200 + 26711*x7*x8/100000 + 19427*x7*x9/100000 - 10707*x7/5000 + 19637*x8**2/1000 + 2501*x8*x9/25000 - 16839*x8/10000 + 2452*x9**2/125 - 4591*x9/2500 + 12749/500",
    "Q": "[[25.49795635551637, -0.9248512121556518, -0.8406269417237674, -1.0803501800838626, -0.7674869344773099, -1.6315926625117514, -2.518732093934513, -1.0996848227797444, -0.4814535738677434, -1.1526347534980532, -0.4372803445383561, -1.070350888873597, -0.7381989340104237, -0.5536638907262212], [-0.9248512121556518, 19.61626228509434, 0.05552075224772383, 0.10543193775925078, 0.10571383178815147, 0.12422240752040094, 0.007711996572785704, 0.11967299862310926, 0.06627482156569445, 0.1258528823132957, 0.061346743379710265, 0.12369336452714527, 0.0739253028098524, 0.0653052242775122], [-0.8406269417237674, 0.05552075224772383, 19.636802178038582, 0.12483957539913629, 0.03924678825334888, 0.11631315779158716, -0.04066694432900722, 0.10086490965763838, 0.09373728299141701, 0.0713967591614605, 0.14826130501304155, 0.07767123573230117, 0.11876782376075641, 0.08087323415527495], [-1.0803501800838626, 0.10543193775925078, 0.12483957539913629, 19.65530458000834, 0.05367099571839358, 0.1540964724994883, 0.024569909249701778, 0.1344763913110596, 0.07591273669614691, 0.11389524846988355, 0.11313813368594618, 0.12610436118117863, 0.10252339215354772, 0.07946922449254365], [-0.7674869344773099, 0.10571383178815147, 0.03924678825334888, 0.05367099571839358, 19.599032277068574, 0.11061781589635959, -0.025546831194111136, 0.0969187447450102, 0.0693062241145802, 0.12080617231975321, 0.029302602811145523, 0.09981514199698367, 0.06105818518583249, 0.06154108799809132], [-1.6315926625117514, 0.12422240752040094, 0.11631315779158716, 0.1540964724994883, 0.11061781589635959, 19.764254716522622, 0.07455016584598229, 0.15270056801225707, 0.06315457347193688, 0.16693940228501428, 0.06379437753423475, 0.14863565880716317, 0.10289435832637386, 0.0767497180348811], [-2.518732093934513, 0.007711996572785704, -0.04066694432900722, 0.024569909249701778, -0.025546831194111136, 0.07455016584598229, 25.016312319325202, 0.025252494715706727, -0.07562404040261014, 0.02902460666971184, -0.07365367884106981, 0.027699386481029018, -0.045878487271877856, -0.010580000550365384], [-1.0996848227797444, 0.11967299862310926, 0.10086490965763838, 0.1344763913110596, 0.0969187447450102, 0.15270056801225707, 0.025252494715706727, 19.648030068597624, 0.07291037207808489, 0.1299028362094672, 0.09373272790459607, 0.1300253823355506, 0.10075579985128276, 0.07577841612529569], [-0.4814535738677434, 0.06627482156569445, 0.09373728299141701, 0.07591273669614691, 0.0693062241145802, 0.06315457347193688, -0.07562404040261014, 0.07291037207808489, 19.55628877330701, 0.070574152713849, 0.10129139046880845, 0.06946302352484647, 0.08326415380500199, 0.07801748960655665], [-1.1526347534980532, 0.1258528823132957, 0.0713967591614605, 0.11389524846988355, 0.12080617231975321, 0.16693940228501428, 0.02902460666971184, 0.1299028362094672, 0.070574152713849, 19.665545558789002, 0.034999370692704784, 0.138317056391235, 0.07692592948217233, 0.07173280190945366], [-0.4372803445383561, 0.061346743379710265, 0.14826130501304155, 0.11313813368594618, 0.029302602811145523, 0.06379437753423475, -0.07365367884106981, 0.09373272790459607, 0.10129139046880845, 0.034999370692704784, 19.61569030115298, 0.06347496147996548, 0.12074086482878718, 0.08086888971121087], [-1.070350888873597, 0.12369336452714527, 0.07767123573230117, 0.12610436118117863, 0.09981514199698367, 0.14863565880716317, 0.027699386481029018, 0.1300253823355506, 0.06946302352484647, 0.138317056391235, 0.06347496147996548, 19.642749339893328, 0.08005363991281157, 0.07037043345712797], [-0.7381989340104237, 0.0739253028098524, 0.11876782376075641, 0.10252339215354772, 0.06105818518583249, 0.10289435832637386, -0.045878487271877856, 0.10075579985128276, 0.08326415380500199, 0.07692592948217233, 0.12074086482878718, 0.08005363991281157, 19.581281075773614, 0.07079583242746249], [-0.5536638907262212, 0.0653052242775122, 0.08087323415527495, 0.07946922449254365, 0.06154108799809132, 0.0767497180348811, -0.010580000550365384, 0.07577841612529569, 0.07801748960655665, 0.07173280190945366, 0.08086888971121087, 0.07037043345712797, 0.07079583242746249, 19.551541739392643]]",
    "monomial_list": "[1, x9, x8, x7, x6, x5, x4, x3, x2, x13, x12, x11, x10, x1]"
}