{
    "name": "Multiplier-9",
    "rational_expression": "9787*x1**2/500 + 61951*x1*x10/1000000 + 14941*x1*x11/1000000 + 13047*x1*x12/200000 + 13413*x1*x13/1000000 + 28937*x1*x2/500000 + 4533*x1*x3/250000 + 3237*x1*x4/250000 + 22851*x1*x5/1000000 + 37031*x1*x6/5000000 + 23713*x1*x7/1000000 + 71303*x1*x8/1000000 - 9057*x1*x9/50000 - 78061*x1/100000 + 1961*x10**2/100 - 1739*x10*x11/100000 + 5753*x10*x12/50000 - 19493*x10*x13/1000000 + 65127*x10*x2/1000000 + 631*x10*x3/25000 + 4541*x10*x4/250000 + 15871*x10*x5/500000 - 27737*x10*x6/1000000 + 4523*x10*x7/62500 + 12301*x10*x8/100000 - 1923*x10*x9/6250 - 427*x10/400 + 489*x11**2/25 - 14817*x11*x12/1000000 + 12941*x11*x13/1000000 + 17411*x11*x2/1000000 + 17073*x11*x3/1000000 + 2517*x11*x4/200000 + 21243*x11*x5/1000000 + 3113*x11*x6/400000 + 2191*x11*x7/100000 - 18129*x11*x8/2000000 - 14389*x11*x9/50000 - 2181*x11/3125 + 1969*x12**2/100 - 14451*x12*x13/250000 + 17183*x12*x2/250000 + 68141*x12*x3/1000000 + 99333*x12*x4/1000000 + 1453*x12*x5/40000 - 67401*x12*x6/1000000 + 583*x12*x7/5000 + 20851*x12*x8/100000 - 14687*x12*x9/50000 - 12317*x12/10000 + 9781*x13**2/500 + 15649*x13*x2/1000000 + 307*x13*x3/20000 - 13407*x13*x4/500000 + 1903*x13*x5/100000 + 18211*x13*x6/2500000 - 9347*x13*x7/500000 - 6699*x13*x8/500000 - 1179*x13*x9/4000 - 3849*x13/6250 + 9797*x2**2/500 + 653*x2*x3/31250 + 27401*x2*x4/500000 - 6059*x2*x5/500000 + 22941*x2*x6/2500000 + 5409*x2*x7/200000 + 75599*x2*x8/1000000 - 6503*x2*x9/20000 - 43103*x2/50000 + 19579*x3**2/1000 + 2977*x3*x4/200000 + 6441*x3*x5/250000 - 14669*x3*x6/500000 + 6647*x3*x7/250000 + 35579*x3*x8/1000000 - 3423*x3*x9/12500 - 43103*x3/50000 + 19587*x4**2/1000 - 7573*x4*x5/125000 + 14489*x4*x6/2000000 + 9459*x4*x7/500000 + 5019*x4*x8/200000 - 699*x4*x9/2000 - 7189*x4/12500 + 9803*x5**2/500 - 5537*x5*x6/200000 + 33559*x5*x7/1000000 + 21139*x5*x8/250000 - 12639*x5*x9/50000 - 11089*x5/10000 + 9779*x6**2/500 - 68253*x6*x7/1000000 - 65067*x6*x8/1000000 - 3739*x6*x9/10000 - 28819*x6/100000 + 9811*x7**2/500 + 6291*x7*x8/50000 - 24933*x7*x9/100000 - 5751*x7/5000 + 19701*x8**2/1000 - 26571*x8*x9/100000 - 3903*x8/2500 + 24871*x9**2/1000 - 34883*x9/10000 + 20529/1000",
    "Q": "[[20.528821212397485, -1.7483759586280754, -0.7818833107168419, -0.5835848944567221, -0.1404232701785992, -0.5553453832744635, -0.28071390418695935, -0.43632254770178114, -0.42104111513174897, -0.30383529270953874, -0.6188065941392267, -0.34090356453074405, -0.5291347931611207, -0.39093833535388034], [-1.7483759586280754, 24.872298230937265, -0.12126940222389523, -0.12018400843208969, -0.17793084032008666, -0.11971655103062696, -0.17641525496753724, -0.14221949335320128, -0.16507771808505012, -0.15529629732831454, -0.14099788571668878, -0.14889786387035908, -0.1469056135588599, -0.09501740042780019], [-0.7818833107168419, -0.12126940222389523, 19.70132378676699, 0.06431889102107917, -0.033429747934343425, 0.04218038701371558, 0.011172902101847664, 0.027735482452723455, 0.03837435118045428, -0.006884044914742125, 0.10727199962171831, 0.0021646807065486104, 0.06528270398453188, 0.03891145915511781], [-0.5835848944567221, -0.12018400843208969, 0.06431889102107917, 19.62281255949124, -0.040259528962187915, 0.026773404420106516, 0.006940611536186911, 0.02273563731442328, 0.011282433647924283, -0.005068296110303087, 0.060508370825169744, 0.009323251687553427, 0.030933615132868825, 0.021227361487265277], [-0.1404232701785992, -0.17793084032008666, -0.033429747934343425, -0.040259528962187915, 19.55722939357504, -0.00786374091962751, 0.004377518441164671, -0.00654646349613422, 0.0037558272259835706, 0.012232267816606007, -0.03311721932059552, -0.0044271001750674, -0.011949808532455163, -0.0018524813790516974], [-0.5553453832744635, -0.11971655103062696, 0.04218038701371558, 0.026773404420106516, -0.00786374091962751, 19.606529259723086, -0.031624064762081704, 0.011787127337687898, 0.0017349934641455137, 0.00865654189618445, 0.019166458569688506, 0.0017459629965639542, 0.02109745711302477, 0.010031432357870488], [-0.28071390418695935, -0.17641525496753724, 0.011172902101847664, 0.006940611536186911, 0.004377518441164671, -0.031624064762081704, 19.586554187210908, 0.0033983490592936843, 0.0250940948922326, -0.007315847185245313, 0.041214419621841254, 0.0012837422793064621, 0.014920414399438456, 0.015247965988051702], [-0.43632254770178114, -0.14221949335320128, 0.027735482452723455, 0.02273563731442328, -0.00654646349613422, 0.011787127337687898, 0.0033983490592936843, 19.57969528242673, 0.002956556992570026, 0.0005590409871920285, 0.031404422052398503, 0.004361383561469213, 0.019794303311956297, 0.009804587449754387], [-0.42104111513174897, -0.16507771808505012, 0.03837435118045428, 0.011282433647924283, 0.0037558272259835706, 0.0017349934641455137, 0.0250940948922326, 0.002956556992570026, 19.59316777216467, 0.0014553792473853224, 0.03855269014430923, -0.00017611480926405957, 0.02245754823965477, 0.026535485810947283], [-0.30383529270953874, -0.15529629732831454, -0.006884044914742125, -0.005068296110303087, 0.012232267816606007, 0.00865654189618445, -0.007315847185245313, 0.0005590409871920285, 0.0014553792473853224, 19.56160032851063, -0.024024034107818722, 0.003816159568931551, -0.004870150125461337, 0.001451721298859535], [-0.6188065941392267, -0.14099788571668878, 0.10727199962171831, 0.060508370825169744, -0.03311721932059552, 0.019166458569688506, 0.041214419621841254, 0.031404422052398503, 0.03855269014430923, -0.024024034107818722, 19.68986108718403, 0.0010931632896301897, 0.06585134396946367, 0.037830481689798384], [-0.34090356453074405, -0.14889786387035908, 0.0021646807065486104, 0.009323251687553427, -0.0044271001750674, 0.0017459629965639542, 0.0012837422793064621, 0.004361383561469213, -0.00017611480926405957, 0.003816159568931551, 0.0010931632896301897, 19.560034904263397, -0.0006183218016943929, 0.0023467553212953105], [-0.5291347931611207, -0.1469056135588599, 0.06528270398453188, 0.030933615132868825, -0.011949808532455163, 0.02109745711302477, 0.014920414399438456, 0.019794303311956297, 0.02245754823965477, -0.004870150125461337, 0.06585134396946367, -0.0006183218016943929, 19.608936038308922, 0.021432811201765507], [-0.39093833535388034, -0.09501740042780019, 0.03891145915511781, 0.021227361487265277, -0.0018524813790516974, 0.010031432357870488, 0.015247965988051702, 0.009804587449754387, 0.026535485810947283, 0.001451721298859535, 0.037830481689798384, 0.0023467553212953105, 0.021432811201765507, 19.574632140861016]]",
    "monomial_list": "[1, x9, x8, x7, x6, x5, x4, x3, x2, x13, x12, x11, x10, x1]"
}