{
    "name": "Multiplier-12",
    "rational_expression": "19481*x1**2/1000 + 10389*x1*x10/250000 + 21199*x1*x11/1000000 - 10901*x1*x12/50000 + 64467*x1*x13/1000000 + 82741*x1*x2/1000000 + 12203*x1*x3/1000000 + 40309*x1*x4/500000 + 8603*x1*x5/500000 + 60913*x1*x6/1000000 + 5733*x1*x7/125000 + 3599*x1*x8/50000 + 18453*x1*x9/1000000 - 23089*x1/50000 + 19457*x10**2/1000 - 4529*x10*x11/125000 - 34857*x10*x12/100000 - 3853*x10*x13/100000 + 79231*x10*x2/1000000 + 39397*x10*x3/1000000 + 78883*x10*x4/1000000 + 1579*x10*x5/40000000 - 39469*x10*x6/100000000 + 791*x10*x7/20000 + 1569*x10*x8/10000 + 19597*x11**2/1000 - 7677*x11*x12/50000 + 861*x11*x13/3125 + 2183*x11*x2/125000 + 1687*x11*x3/12500 + 9591*x11*x4/200000 + 15849*x11*x5/100000 + 10923*x11*x6/50000 + 13847*x11*x7/200000 - 69541*x11*x8/1000000 + 10139*x11*x9/50000 - 10733*x11/5000 + 3094*x12**2/125 - 13211*x12*x13/100000 - 32657*x12*x2/100000 - 22613*x12*x3/100000 - 30111*x12*x4/100000 - 18777*x12*x5/100000 - 19049*x12*x6/100000 - 1329*x12*x7/5000 - 9047*x12*x8/25000 - 17607*x12*x9/100000 - 17379*x12/5000 + 9841*x13**2/500 + 22219*x13*x2/1000000 + 3023*x13*x3/20000 + 11091*x13*x4/1000000 + 4393*x13*x5/20000 + 6531*x13*x6/20000 + 19251*x13*x7/500000 - 11743*x13*x8/100000 + 26793*x13*x9/100000 - 27613*x13/10000 + 9743*x2**2/500 + 10949*x2*x3/1000000 + 11857*x2*x4/100000 + 7677*x2*x5/500000 + 914*x2*x6/15625 + 45239*x2*x7/1000000 + 346*x2*x8/3125 + 8227*x2*x9/500000 - 20593*x2/50000 + 19519*x3**2/1000 + 2237*x3*x4/50000 + 44393*x3*x5/500000 + 2833*x3*x6/20000 + 57857*x3*x7/1000000 - 9391*x3*x8/500000 + 1649*x3*x9/12500 - 3323*x3/2500 + 3899*x4**2/200 - 35479*x4*x5/500000 + 24527*x4*x6/500000 + 42277*x4*x7/1000000 + 75487*x4*x8/1000000 + 744*x4*x9/15625 - 20593*x4/100000 + 979*x5**2/50 + 8391*x5*x6/50000 + 32853*x5*x7/500000 - 3319*x5*x8/125000 + 2299*x5*x9/20000 - 4727*x5/2500 + 9823*x6**2/500 - 44987*x6*x7/1000000 - 11241*x6*x8/100000 + 317*x6*x9/1250 - 961*x6/400 + 4871*x7**2/250 + 68421*x7*x8/1000000 + 28617*x7*x9/1000000 - 71607*x7/100000 + 487*x8**2/25 - 537*x8*x9/5000 + 71607*x8/100000 + 19597*x9**2/1000 - 20437*x9/10000 + 639/25",
    "Q": "[[25.560184608788564, -1.0110522100138146, 0.36872801666715865, -0.3638914379837916, -1.1997139090788913, -0.9505327582118416, -0.09209481519394637, -0.6705737736216131, -0.19276813037209378, -1.387389558959234, -1.737424736361603, -1.0622467685482053, 0.012227149866013849, -0.23490567649881447], [-1.0110522100138146, 19.595711814579236, -0.05871407457939419, 0.023746557331024053, 0.11843508827077877, 0.06680522495205438, 0.025832832894819073, 0.06476995528075878, 0.011660282853352128, 0.12598125750529754, -0.0865554542058166, 0.10261757308835703, -0.007971670687439963, 0.016047861085580522], [0.36872801666715865, -0.05871407457939419, 19.480658875465686, 0.029921084350900868, -0.0654109369590102, -0.013556350786027382, 0.03357023921850106, -0.00537673762241093, 0.056557391076838964, -0.060828308885588336, -0.18610908237462523, -0.044230772045259235, 0.07521737793439778, 0.02696213344881081], [-0.3638914379837916, 0.023746557331024053, 0.029921084350900868, 19.483769122709887, -0.014751780622201931, 0.03203249747384776, 0.016533198243393016, 0.03167266126985829, 0.013878912179006978, 0.026882341542029693, -0.13249092645441884, 0.034627176972859636, 0.01970281134152205, 0.014996878117515778], [-1.1997139090788913, 0.11843508827077877, -0.0654109369590102, -0.014751780622201931, 19.645842955462157, 0.08869142052187727, 0.025066644548952483, 0.06521361302745289, 0.027664884900471674, 0.1555016968166268, -0.0856299438756457, 0.10383014562783492, -0.009068001660852107, 0.025585099047643497], [-0.9505327582118416, 0.06680522495205438, -0.013556350786027382, 0.03203249747384776, 0.08869142052187727, 19.580779994022482, -0.03759859058532884, 0.052761804460065634, 0.0036115212249147716, 0.11614896842755892, -0.09009032333206327, 0.07801408153221986, 0.005097023684932461, 0.011074372340029282], [-0.09209481519394637, 0.025832832894819073, 0.03357023921850106, 0.016533198243393016, 0.025066644548952483, -0.03759859058532884, 19.49485790361706, 0.017390603972007257, 0.05973328133853985, 0.0036507224372680316, -0.1586841683862817, 0.01621272826350494, 0.03977987833711649, 0.03114308406137699], [-0.6705737736216131, 0.06476995528075878, -0.00537673762241093, 0.03167266126985829, 0.06521361302745289, 0.052761804460065634, 0.017390603972007257, 19.51911169999838, 0.011776883477900232, 0.0773378844986591, -0.11223393479920833, 0.06395736191641542, 0.016208547260166812, 0.014661350632571488], [-0.19276813037209378, 0.011660282853352128, 0.056557391076838964, 0.013878912179006978, 0.027664884900471674, 0.0036115212249147716, 0.05973328133853985, 0.011776883477900232, 19.486212757744084, 0.01620290942519401, -0.15948936511046047, 0.010970088608448676, 0.043893851604795836, 0.04200253934528905], [-1.387389558959234, 0.12598125750529754, -0.060828308885588336, 0.026882341542029693, 0.1555016968166268, 0.11614896842755892, 0.0036507224372680316, 0.0773378844986591, 0.01620290942519401, 19.682078913438236, -0.06859555111751091, 0.1303165420347222, -0.014846808676317888, 0.022693205997604722], [-1.737424736361603, -0.0865554542058166, -0.18610908237462523, -0.13249092645441884, -0.0856299438756457, -0.09009032333206327, -0.1586841683862817, -0.11223393479920833, -0.15948936511046047, -0.06859555111751091, 24.752079704154642, -0.08457922735129042, -0.1662138380647488, -0.09930554992841786], [-1.0622467685482053, 0.10261757308835703, -0.044230772045259235, 0.034627176972859636, 0.10383014562783492, 0.07801408153221986, 0.01621272826350494, 0.06395736191641542, 0.010970088608448676, 0.1303165420347222, -0.08457922735129042, 19.595865896254463, -0.00993438483957711, 0.015069274151669004], [0.012227149866013849, -0.007971670687439963, 0.07521737793439778, 0.01970281134152205, -0.009068001660852107, 0.005097023684932461, 0.03977987833711649, 0.016208547260166812, 0.043893851604795836, -0.014846808676317888, -0.1662138380647488, -0.00993438483957711, 19.456501607418943, 0.021763287818480238], [-0.23490567649881447, 0.016047861085580522, 0.02696213344881081, 0.014996878117515778, 0.025585099047643497, 0.011074372340029282, 0.03114308406137699, 0.014661350632571488, 0.04200253934528905, 0.022693205997604722, -0.09930554992841786, 0.015069274151669004, 0.021763287818480238, 19.481119899589903]]",
    "monomial_list": "[1, x9, x8, x7, x6, x5, x4, x3, x2, x13, x12, x11, x10, x1]"
}