{
    "name": "Multiplier-8",
    "rational_expression": "2731*x1**2/1000 + 2271*x1*x10/100000 - 81*x1*x11/5000 + 2213*x1*x12/10000000 - 4629*x1*x13/1000000 - 217*x1*x14/20000 + 1693*x1*x15/200000000 - 527*x1*x16/50000 + 281*x1*x17/1000000 - 441*x1*x2/100000 + 7271*x1*x3/10000000 + 71*x1*x4/6250 - 1603*x1*x5/100000 + 1109*x1*x6/200000 - 1047*x1*x7/200000 + 3327*x1*x8/500000 - 2401*x1*x9/250000 - 713*x1/12500 + 11*x10**2/4 - 477*x10*x11/12500 + 559*x10*x12/25000 - 4701*x10*x13/1000000 - 1623*x10*x14/100000 + 1389*x10*x15/250000 + 5939*x10*x16/1000000 + 2857*x10*x17/10000000 + 147*x10*x2/12500 - 1583*x10*x3/100000 + 777*x10*x4/20000 - 1079*x10*x5/100000 + 1647*x10*x6/100000 + 1581*x10*x7/10000000 + 6829*x10*x8/1000000 + 7903*x10*x9/10000000 - 79*x10/2500 + 342*x11**2/125 + 29*x11*x12/2500 + 171*x11*x13/10000 + 2261*x11*x14/100000 - 43*x11*x15/8000 + 423*x11*x16/25000 + 57*x11*x17/5000 + 69*x11*x2/4000 + 23*x11*x3/2000 + 5911*x11*x4/1000000 + 567*x11*x5/50000 + 223*x11*x6/10000 + 359*x11*x7/62500 - 2649*x11*x8/10000000 + 567*x11*x9/20000 - 3777*x11/100000 + 2737*x12**2/1000 - 4783*x12*x13/1000000 + 2259*x12*x14/100000 - 5531*x12*x15/1000000 + 29*x12*x16/2500 + 2923*x12*x17/500000 + 1731*x12*x2/100000 - 969*x12*x3/200000 + 417*x12*x4/25000 + 333*x12*x5/20000 + 7*x12*x6/625 + 561*x12*x7/50000 + 6787*x12*x8/1000000 + 433*x12*x9/25000 - 3777*x12/100000 + 1367*x13**2/500 + 3431*x13*x14/5000000 + 341*x13*x15/62500 + 3*x13*x16/250 + 6089*x13*x17/1000000 + 1273*x13*x2/100000 - 4423*x13*x3/1000000 + 53*x13*x4/3125 + 6081*x13*x5/1000000 + 557*x13*x6/25000 + 5943*x13*x7/1000000 - 2879*x13*x8/5000000 + 1843*x13*x9/100000 - 8209*x13/100000 + 137*x14**2/50 - 1927*x14*x15/50000 + 1403*x14*x16/50000 - 5067*x14*x17/1000000 + 1153*x14*x2/50000 - 131*x14*x3/12500 - 1091*x14*x4/100000 + 2233*x14*x5/100000 + 1169*x14*x6/10000000 + 2877*x14*x7/500000 - 1787*x14*x8/250000 + 1749*x14*x9/100000 - 277*x14/6250 + 2733*x15**2/1000 - 139*x15*x16/12500 + 551*x15*x17/50000 - 543*x15*x2/100000 - 2423*x15*x3/50000000 + 111*x15*x4/10000 - 5361*x15*x5/1000000 + 1103*x15*x6/200000 + 5467*x15*x7/1000000 + 2239*x15*x8/50000000 - 159*x15*x9/1000000 + 6359*x15/1000000 + 2737*x16**2/1000 - 53*x16*x17/5000 + 2343*x16*x2/100000 - 511*x16*x3/50000 + 2929*x16*x4/500000 + 229*x16*x5/20000 + 2839*x16*x6/500000 + 227*x16*x7/20000 - 557*x16*x8/1250000 + 449*x16*x9/25000 - 79*x16/1250 + 1367*x17**2/500 + 6213*x17*x2/1000000 + 5953*x17*x3/1000000 + 1137*x17*x4/100000 + 5769*x17*x5/1000000 + 111*x17*x6/5000 + 5679*x17*x7/1000000 - 557*x17*x8/2500000 + 591*x17*x9/50000 - 79*x17/2500 + 137*x2**2/50 - 2591*x2*x3/100000 + 583*x2*x4/50000 + 1713*x2*x5/100000 + 283*x2*x6/25000 + 339*x2*x7/20000 - 7979*x2*x8/10000000 + 121*x2*x9/4000 - 1137*x2/10000 + 2727*x3**2/1000 + 119*x3*x4/20000 + 481*x3*x5/1000000 + 1107*x3*x6/50000 - 5131*x3*x7/1000000 - 7583*x3*x8/1000000 - 3621*x3*x9/1000000 - 7573*x3/100000 + 1373*x4**2/500 - 87*x4*x5/4000 + 3871*x4*x6/100000 + 5671*x4*x7/1000000 + 87*x4*x8/6250 + 227*x4*x9/10000 - 2543*x4/100000 + 1367*x5**2/500 + 223*x5*x6/20000 + 5711*x5*x7/1000000 - 2649*x5*x8/10000000 + 1197*x5*x9/100000 - 3777*x5/100000 + 343*x6**2/125 - 2617*x6*x7/500000 + 209*x6*x8/10000 + 3291*x6*x9/100000 - 6359*x6/1000000 + 273*x7**2/100 - 557*x7*x8/2500000 + 591*x7*x9/50000 - 79*x7/2500 + 3501*x8**2/1000 - 277*x8*x9/250000 + 277*x8/6250 + 137*x9**2/50 - 789*x9/5000 + 3157/1000",
    "Q": "[[3.1565826808639303, -0.07824813693740673, 0.022861298282843077, -0.01711845030439165, -0.0032977855101273537, -0.018162754739097352, -0.011950357368752856, -0.03793345152376545, -0.0581978827691732, -0.01524697934243419, -0.031015698687651142, 0.0017028889120361908, -0.02287288169241852, -0.039937889272333604, -0.01920505551229061, -0.019958213490698356, -0.01639696929516209, -0.027485213479527346], [-0.07824813693740673, 2.7395727248647583, -0.0007607179289379412, 0.006419086874369942, 0.015544896017696137, 0.006810720364412624, 0.01073750124073726, -0.002286988930240495, 0.016250296516932883, 0.007051972837647894, 0.008557861585225618, -0.0009746722865920362, 0.009848823945208564, 0.009160324909815117, 0.009556084623952427, 0.012876872783574937, 0.0016044651407164316, -0.004476656416466039], [0.022861298282843077, -0.0007607179289379412, 3.501464734863821, -0.0014001216228002303, 0.00910449483941291, -0.0016788457656387163, 0.007857619331142452, -0.004744444289916304, -0.00030370080141322155, 0.0007779534135688235, -0.0007300733896609658, -0.0004167077513338781, -0.0030834424123293907, -0.0007542898712426345, 0.002590987184942022, 0.001235842258972804, 0.0029809816104392484, 0.003204827217138526], [-0.01711845030439165, 0.006419086874369942, -0.0014001216228002303, 2.7301121659826126, -0.0017761712450706257, 0.003350567461983739, 0.0016913043513585976, -0.0038145283050402745, 0.008215228883811227, 0.0016914144272662211, 0.005015004249172941, 0.001693498351823145, 0.0037102756004960932, 0.0024412564799447924, 0.005470546764574839, 0.0039851065709376726, -0.00035401258625385385, -0.0038959631625081516], [-0.0032977855101273537, 0.015544896017696137, 0.00910449483941291, -0.0017761712450706257, 2.7442476205802935, 0.004798735949189024, 0.018697452156803834, 0.009973386430096508, 0.00479174879776303, 0.009732416202287549, 0.003603783019543047, 0.002528468205081532, 0.0007275296432023837, 0.010608363809615159, 0.004775863736369693, 0.0117709306484356, 0.00864045715047049, 0.002335548661864832], [-0.018162754739097352, 0.006810720364412624, -0.0016788457656387163, 0.003350567461983739, 0.004798735949189024, 2.734126108758919, -0.009783207468297916, -2.1512032838250257e-05, 0.007468316290434766, 0.004167861979042835, 0.005587948276551144, -0.002725795075766156, 0.011896433171569867, 0.0034162192551986837, 0.00789908885843687, 0.004501880907082919, -0.006102050924822243, -0.008112389216804534], [-0.011950357368752856, 0.01073750124073726, 0.007857619331142452, 0.0016913043513585976, 0.018697452156803834, -0.009783207468297916, 2.7463221669485907, 0.0037115255656561923, 0.005965064042004592, 0.006161670017691607, 0.0030846232921720703, 0.004349772897128724, -0.006114779843794871, 0.008503222913814518, 0.007538563780132114, 0.004094296736183494, 0.018705506310592708, 0.006104995935393767], [-0.03793345152376545, -0.002286988930240495, -0.004744444289916304, -0.0038145283050402745, 0.009973386430096508, -2.1512032838250257e-05, 0.0037115255656561923, 2.726305984021377, -0.012894817385045871, 0.0030311121539565015, -0.004281310421716249, 0.0003478705018638841, -0.004147437439626334, -0.002508423291092911, -0.0019717257360118393, 0.005578751182244071, -0.008609454095799683, 0.0008677350022055686], [-0.0581978827691732, 0.016250296516932883, -0.00030370080141322155, 0.008215228883811227, 0.00479174879776303, 0.007468316290434766, 0.005965064042004592, -0.012894817385045871, 2.7401146520680717, 0.0019200890429355297, 0.011818793113408922, -0.002044413842648512, 0.011033457916177228, 0.005217011120926744, 0.007440007144802117, 0.007623687468933571, 0.006380748145970224, -0.002180149636381854], [-0.01524697934243419, 0.007051972837647894, 0.0007779534135688235, 0.0016914144272662211, 0.009732416202287549, 0.004167861979042835, 0.006161670017691607, 0.0030311121539565015, 0.0019200890429355297, 2.733709249876144, -0.005836506119113524, 0.005132230897900835, -0.0024568596635176757, 0.003524613719426725, 0.004150352550937141, 0.005851685045481108, -0.0007807764178054523, -0.0008561155702555274], [-0.031015698687651142, 0.008557861585225618, -0.0007300733896609658, 0.005015004249172941, 0.003603783019543047, 0.005587948276551144, 0.0030846232921720703, -0.004281310421716249, 0.011818793113408922, -0.005836506119113524, 2.7379151028567703, -0.004236026736391362, 0.01301822044664317, 0.005915825008993336, 0.0055632163672560435, 0.009409423158545614, 0.004035501104186275, -0.004965277522836411], [0.0017028889120361908, -0.0009746722865920362, -0.0004167077513338781, 0.001693498351823145, 0.002528468205081532, -0.002725795075766156, 0.004349772897128724, 0.0003478705018638841, -0.002044413842648512, 0.005132230897900835, -0.004236026736391362, 2.732942401114453, -0.01875190713647557, 0.0035255452069971856, -0.0035107546082299374, -0.0014486241025360148, 0.002629363295443947, 0.000611831433290316], [-0.02287288169241852, 0.009848823945208564, -0.0030834424123293907, 0.0037102756004960932, 0.0007275296432023837, 0.011896433171569867, -0.006114779843794871, -0.004147437439626334, 0.011033457916177228, -0.0024568596635176757, 0.01301822044664317, -0.01875190713647557, 2.740880033639181, -0.000851597851114347, 0.01146888273191341, 0.010242274189138787, -0.007258654109860675, -0.00630319929842957], [-0.039937889272333604, 0.009160324909815117, -0.0007542898712426345, 0.0024412564799447924, 0.010608363809615159, 0.0034162192551986837, 0.008503222913814518, -0.002508423291092911, 0.005217011120926744, 0.003524613719426725, 0.005915825008993336, 0.0035255452069971856, -0.000851597851114347, 2.733783319858669, -0.0027003119938128132, 0.008185159098746954, -0.0015381736287315715, -0.0020663945219330437], [-0.01920505551229061, 0.009556084623952427, 0.002590987184942022, 0.005470546764574839, 0.004775863736369693, 0.00789908885843687, 0.007538563780132114, -0.0019717257360118393, 0.007440007144802117, 0.004150352550937141, 0.0055632163672560435, -0.0035107546082299374, 0.01146888273191341, -0.0027003119938128132, 2.7376077135287553, 0.006912190366224817, 0.011468420092368974, -0.00010180274547384799], [-0.019958213490698356, 0.012876872783574937, 0.001235842258972804, 0.0039851065709376726, 0.0117709306484356, 0.004501880907082919, 0.004094296736183494, 0.005578751182244071, 0.007623687468933571, 0.005851685045481108, 0.009409423158545614, -0.0014486241025360148, 0.010242274189138787, 0.008185159098746954, 0.006912190366224817, 2.7365794073832856, -0.020008925850767564, -0.007749420761029853], [-0.01639696929516209, 0.0016044651407164316, 0.0029809816104392484, -0.00035401258625385385, 0.00864045715047049, -0.006102050924822243, 0.018705506310592708, -0.008609454095799683, 0.006380748145970224, -0.0007807764178054523, 0.004035501104186275, 0.002629363295443947, -0.007258654109860675, -0.0015381736287315715, 0.011468420092368974, -0.020008925850767564, 2.7509805647042835, 0.012647615973358497], [-0.027485213479527346, -0.004476656416466039, 0.003204827217138526, -0.0038959631625081516, 0.002335548661864832, -0.008112389216804534, 0.006104995935393767, 0.0008677350022055686, -0.002180149636381854, -0.0008561155702555274, -0.004965277522836411, 0.000611831433290316, -0.00630319929842957, -0.0020663945219330437, -0.00010180274547384799, -0.007749420761029853, 0.012647615973358497, 2.7313738120073503]]",
    "monomial_list": "[1, x9, x8, x7, x6, x5, x4, x3, x2, x17, x16, x15, x14, x13, x12, x11, x10, x1]"
}