{
    "name": "Multiplier-14",
    "rational_expression": "341*x1**2/125 + 23*x1*x10/625 - 7*x1*x11/500 + 727*x1*x12/500000 - 1087*x1*x13/1000000 - 1599*x1*x14/100000 + 3297*x1*x15/500000 - 279*x1*x16/20000 - 1499*x1*x17/1000000 + 143*x1*x2/62500 + 1073*x1*x3/100000 + 1891*x1*x4/100000 - 937*x1*x5/50000 + 607*x1*x6/50000 - 601*x1*x7/50000 + 1429*x1*x8/500000 - 6833*x1*x9/1000000 - 1389*x1/20000 + 342*x10**2/125 - 211*x10*x11/2000 - 1719*x10*x12/100000 - 677*x10*x13/20000 - 4563*x10*x14/100000 + 19*x10*x15/1250 - 3073*x10*x16/100000 - 1441*x10*x17/50000 - 3061*x10*x2/100000 - 527*x10*x3/10000 + 2093*x10*x4/1000000 - 1357*x10*x5/25000 - 2991*x10*x6/100000 - 1961*x10*x7/100000 - 2193*x10*x8/100000 - 709*x10*x9/20000 + x10/8 + 338*x11**2/125 - 1013*x11*x12/25000 - 2227*x11*x13/100000 + 5341*x11*x14/1000000 - 53*x11*x15/4000 - 561*x11*x16/25000 - 2201*x11*x17/100000 - 883*x11*x2/20000 - 729*x11*x3/50000 - 1099*x11*x4/25000 - 3599*x11*x5/100000 - 791*x11*x6/25000 - 927*x11*x7/50000 - 3611*x11*x8/100000 - 899*x11*x9/50000 + 1899*x11/10000 + 541*x12**2/200 - 6427*x12*x13/100000 + 7129*x12*x14/1000000 - 1779*x12*x15/50000 - 903*x12*x16/25000 - 793*x12*x17/25000 - 359*x12*x2/6250 - 4693*x12*x3/100000 - 659*x12*x4/12500 - 2279*x12*x5/100000 - 7199*x12*x6/100000 - 1221*x12*x7/100000 - 793*x12*x8/20000 - 833*x12*x9/25000 + 1157*x12/5000 + 1353*x13**2/500 - 651*x13*x14/25000 + 2133*x13*x15/100000 - 2767*x13*x16/100000 - 69*x13*x17/5000 - 97*x13*x2/2500 - 1569*x13*x3/50000 - 1169*x13*x4/100000 - 1457*x13*x5/50000 - 337*x13*x6/20000 - 741*x13*x7/50000 - 293*x13*x8/10000 - 203*x13*x9/10000 + 1851*x13/25000 + 3489*x14**2/1000 - 619*x14*x15/10000 + 1093*x14*x16/100000 - 1231*x14*x17/50000 - 5381*x14*x2/1000000 - 3163*x14*x3/100000 - 4431*x14*x4/100000 + 297*x14*x5/20000 - 657*x14*x6/25000 - 3609*x14*x7/1000000 - 2331*x14*x8/100000 - 417*x14*x9/125000 + 9721*x14/100000 + 342*x15**2/125 - 1749*x15*x16/50000 + 2607*x15*x17/100000 - 1331*x15*x2/100000 + 331*x15*x3/62500 + 2513*x15*x4/100000 - 727*x15*x5/25000 + 163*x15*x6/12500 + 459*x15*x7/100000 + 717*x15*x8/50000 - 1191*x15*x9/100000 - 2547*x15/50000 + 2711*x16**2/1000 - 6017*x16*x17/100000 - 167*x16*x2/5000 - 4719*x16*x3/100000 - 157*x16*x4/3125 - 2509*x16*x5/100000 - 5941*x16*x6/100000 - 659*x16*x7/50000 - 21*x16*x8/500 - 2891*x16*x9/100000 + 1713*x16/10000 + 2709*x17**2/1000 - 3871*x17*x2/100000 - 503*x17*x3/50000 - 21*x17*x4/1250 - 181*x17*x5/10000 - 257*x17*x6/25000 - 729*x17*x7/50000 - 181*x17*x8/10000 - 179*x17*x9/12500 + 1851*x17/20000 + 1349*x2**2/500 - 1981*x2*x3/25000 - 221*x2*x4/4000 - 721*x2*x5/20000 - 1887*x2*x6/25000 - 7833*x2*x7/1000000 - 29*x2*x8/500 - 2891*x2*x9/100000 + 1713*x2/10000 + 2697*x3**2/1000 - 2007*x3*x4/100000 - 98*x3*x5/3125 - 3779*x3*x6/1000000 - 3197*x3*x7/100000 - 2087*x3*x8/100000 - 3767*x3*x9/100000 + 277*x3/20000 + 2721*x4**2/1000 - 4179*x4*x5/50000 - 1897*x4*x6/100000 - 293*x4*x7/12500 - 2947*x4*x8/100000 - 421*x4*x9/12500 + 2131*x4/10000 + 1353*x5**2/500 - 549*x5*x6/12500 - 669*x5*x7/50000 - 197*x5*x8/6250 - 1191*x5*x9/50000 + 1619*x5/10000 + 339*x6**2/125 - 779*x6*x7/20000 - 3813*x6*x8/100000 - 2687*x6*x9/100000 + 2733*x6/10000 + 1353*x7**2/500 - 377*x7*x8/20000 - 9409*x7*x9/1000000 + 1851*x7/25000 + 2707*x8**2/1000 - 5051*x8*x9/100000 + 1761*x8/10000 + 338*x9**2/125 + 1851*x9/20000 + 463/200",
    "Q": "[[2.315347918998098, 0.0470295397111086, 0.08784117828614628, 0.03610562931528283, 0.13684059933711637, 0.08076278183688398, 0.10641159360145606, 0.0075982994481566014, 0.08672050057835488, 0.047390722981695506, 0.085048048138644, -0.02535417254092582, 0.04887130801647137, 0.03680633453182457, 0.11466514437983584, 0.09452865373192654, 0.06279022427182003, -0.0344410925575602], [0.0470295397111086, 2.7043087172895723, -0.025526659291531084, -0.004191396094955297, -0.013794867955909321, -0.0127454319308617, -0.015702872869084884, -0.019199160075551103, -0.01395391308162688, -0.007469087895119313, -0.014145147141844559, -0.0071497620727282605, -0.0011079562054052009, -0.009204534291855495, -0.016959291573772024, -0.010098861011568082, -0.018859910383399944, -0.004615200335512361], [0.08784117828614628, -0.025526659291531084, 2.7069489780277944, -0.009647028573127643, -0.018072085661911052, -0.016806391896212455, -0.014500797101383469, -0.00919969223698757, -0.02924402201452405, -0.008841149410069058, -0.020589234654204765, 0.00694573529848741, -0.010503289288970747, -0.01412773412450065, -0.02089296039862947, -0.018761019681400974, -0.009844490094845417, 0.002752231661889367], [0.03610562931528283, -0.004191396094955297, -0.009647028573127643, 2.70512324109554, -0.020654666222060365, -0.007795853774468354, -0.010720496429777833, -0.01560896661243735, -0.004865271207355824, -0.006269300395998889, -0.006123897812589496, 0.0030639238512119933, -0.0015956279188687366, -0.007187176655111729, -0.00701796963055404, -0.008557697509209955, -0.011089670294916537, -0.004743996499658059], [0.13684059933711637, -0.013794867955909321, -0.018072085661911052, -0.020654666222060365, 2.7111054393521052, -0.021045393473057825, -0.01051054535146087, -0.0014505581886005779, -0.03676842628409261, -0.0062566132067538105, -0.02938437704482793, 0.007538109489678629, -0.013662738819553962, -0.008871926856070569, -0.03520761722691742, -0.01687353216701213, -0.014363839680510733, 0.005785106959226032], [0.08076278183688398, -0.0127454319308617, -0.016806391896212455, -0.007795853774468354, -0.021045393473057825, 2.7065995534547906, -0.04297727222491128, -0.01567989876917476, -0.016925052904383214, -0.010130701039442812, -0.012151000275781839, -0.01425838333620157, 0.007356964015453347, -0.01484667414408, -0.010905150363933266, -0.018876594022354382, -0.026916381702835786, -0.010164463248867363], [0.10641159360145606, -0.015702872869084884, -0.014500797101383469, -0.010720496429777833, -0.01051054535146087, -0.04297727222491128, 2.7207323816995657, -0.008759033573571204, -0.027944593197053946, -0.008624847694661698, -0.0260250747288515, 0.013658860395394776, -0.021813500839524772, -0.007027720329971518, -0.026276736651968217, -0.022325485342508035, 0.0010578106864018006, 0.009028831757121606], [0.0075982994481566014, -0.019199160075551103, -0.00919969223698757, -0.01560896661243735, -0.0014505581886005779, -0.01567989876917476, -0.008759033573571204, 2.6971988694919227, -0.040541964202150886, -0.005193160782681776, -0.02391265387910809, 0.002994839612868398, -0.015079964924940013, -0.016376494349576026, -0.022402756372593355, -0.008143064870813479, -0.026290977983279857, 0.00412258318596939], [0.08672050057835488, -0.01395391308162688, -0.02924402201452405, -0.004865271207355824, -0.03676842628409261, -0.016925052904383214, -0.027944593197053946, -0.040541964202150886, 2.6977949209001584, -0.01874310791744968, -0.015325155974016014, -0.006599998100586074, -0.0016210854860291433, -0.019940515176424204, -0.027993853693426073, -0.023326929292411633, -0.015572127955955712, 0.0005608493893091827], [0.047390722981695506, -0.007469087895119313, -0.008841149410069058, -0.006269300395998889, -0.0062566132067538105, -0.010130701039442812, -0.008624847694661698, -0.005193160782681776, -0.01874310791744968, 2.7093756337449433, -0.031054755174734057, 0.013986785003527642, -0.01160888308555643, -0.007611734734592622, -0.01552323864530814, -0.010278331902635086, -0.01548423234122871, 0.0005124877080485026], [0.085048048138644, -0.014145147141844559, -0.020589234654204765, -0.006123897812589496, -0.02938437704482793, -0.012151000275781839, -0.0260250747288515, -0.02391265387910809, -0.015325155974016014, -0.031054755174734057, 2.711472488121867, -0.01840091883839448, 0.006585478620655907, -0.0131875794739279, -0.019362243445948314, -0.01115724244494123, -0.014860741737211745, -0.006001097368507133], [-0.02535417254092582, -0.0071497620727282605, 0.00694573529848741, 0.0030639238512119933, 0.007538109489678629, -0.01425838333620157, 0.013658860395394776, 0.002994839612868398, -0.006599998100586074, 0.013986785003527642, -0.01840091883839448, 2.735439609829545, -0.032153515846125504, 0.011652761406117654, -0.016857047944928028, -0.0070349725853757206, 0.0067798422538148315, 0.0025929818657496662], [0.04887130801647137, -0.0011079562054052009, -0.010503289288970747, -0.0015956279188687366, -0.013662738819553962, 0.007356964015453347, -0.021813500839524772, -0.015079964924940013, -0.0016210854860291433, -0.01160888308555643, 0.006585478620655907, -0.032153515846125504, 3.4890420509707916, -0.012051975893012998, 0.002647164694183417, 0.0029090623263811383, -0.02143275639337174, -0.006292267190263229], [0.03680633453182457, -0.009204534291855495, -0.01412773412450065, -0.007187176655111729, -0.008871926856070569, -0.01484667414408, -0.007027720329971518, -0.016376494349576026, -0.019940515176424204, -0.007611734734592622, -0.0131875794739279, 0.011652761406117654, -0.012051975893012998, 2.7066552965384303, -0.03251491294888786, -0.010270274351110005, -0.017798381736133618, -0.0005801275674203619], [0.11466514437983584, -0.016959291573772024, -0.02089296039862947, -0.00701796963055404, -0.03520761722691742, -0.010905150363933266, -0.026276736651968217, -0.022402756372593355, -0.027993853693426073, -0.01552323864530814, -0.019362243445948314, -0.016857047944928028, 0.002647164694183417, -0.03251491294888786, 2.7047873305760124, -0.019097518048802598, -0.009041397557962782, 0.0014214524242742465], [0.09452865373192654, -0.010098861011568082, -0.018761019681400974, -0.008557697509209955, -0.01687353216701213, -0.018876594022354382, -0.022325485342508035, -0.008143064870813479, -0.023326929292411633, -0.010278331902635086, -0.01115724244494123, -0.0070349725853757206, 0.0029090623263811383, -0.010270274351110005, -0.019097518048802598, 2.7033001997100077, -0.05212534193325063, -0.007811008946574519], [0.06279022427182003, -0.018859910383399944, -0.009844490094845417, -0.011089670294916537, -0.014363839680510733, -0.026916381702835786, 0.0010578106864018006, -0.026290977983279857, -0.015572127955955712, -0.01548423234122871, -0.014860741737211745, 0.0067798422538148315, -0.02143275639337174, -0.017798381736133618, -0.009041397557962782, -0.05212534193325063, 2.7354287870151, 0.017896242475069372], [-0.0344410925575602, -0.004615200335512361, 0.002752231661889367, -0.004743996499658059, 0.005785106959226032, -0.010164463248867363, 0.009028831757121606, 0.00412258318596939, 0.0005608493893091827, 0.0005124877080485026, -0.006001097368507133, 0.0025929818657496662, -0.006292267190263229, -0.0005801275674203619, 0.0014214524242742465, -0.007811008946574519, 0.017896242475069372, 2.728214174891404]]",
    "monomial_list": "[1, x9, x8, x7, x6, x5, x4, x3, x2, x17, x16, x15, x14, x13, x12, x11, x10, x1]"
}