{
    "name": "Multiplier-11",
    "rational_expression": "547*x1**2/200 + 2133*x1*x10/50000 + 7797*x1*x11/100000000 + 1511*x1*x12/250000 + 779*x1*x13/2500000 - 559*x1*x14/50000 + 2503*x1*x15/10000000 - 5367*x1*x16/1000000 + 3061*x1*x17/10000000 + 9701*x1*x2/10000000 + 2383*x1*x3/10000000 + 849*x1*x4/50000 - 9633*x1*x5/1000000 + 9*x1*x6/800 - 1013*x1*x7/200000 + 1517*x1*x8/250000 - 497*x1*x9/100000 - 9119*x1/100000 + 1397*x10**2/500 - 633*x10*x11/100000 + 917*x10*x12/20000 + 8967*x10*x13/10000000 - 1661*x10*x14/100000 + 1711*x10*x15/100000 + 1161*x10*x16/100000 + 3237*x10*x17/500000 + 2059*x10*x2/50000 - 537*x10*x3/25000 + 6191*x10*x4/100000 + 321*x10*x5/12500 + 3909*x10*x6/100000 + 389*x10*x7/62500 + 3981*x10*x8/100000 + 9173*x10*x9/10000000 - 2277*x10/10000 + 1753*x11**2/500 + 1117*x11*x12/100000 + 4693*x11*x13/100000000 + 139*x11*x14/12500 - 5303*x11*x15/1000000 + 557*x11*x16/100000 + 6901*x11*x17/100000000 + 5671*x11*x2/1000000 - 1097*x11*x3/100000 + 1033*x11*x4/10000000 + 1117*x11*x5/100000 + 277*x11*x6/25000 + 307*x11*x7/12500000 + 1111*x11*x8/200000 + 2561*x11*x9/100000000 - 6357*x11/1000000 + 1369*x12**2/500 - 543*x12*x13/50000 + 1107*x12*x14/100000 + 753*x12*x15/5000000 + 67*x12*x16/500000 + 1429*x12*x17/250000 + 6057*x12*x2/1000000 - 17*x12*x3/3125 + 1131*x12*x4/100000 + 227*x12*x5/10000 + 5633*x12*x6/1000000 + 88*x12*x7/15625 + 1127*x12*x8/100000 + 49*x12*x9/312500 - 1947*x12/50000 + 1367*x13**2/500 - 1113*x13*x14/200000 + 5583*x13*x15/1000000 + 79*x13*x16/1562500 + 1027*x13*x17/10000000 + 2639*x13*x2/10000000 - 5441*x13*x3/1000000 + 5691*x13*x4/1000000 + 2921*x13*x5/500000 + 1109*x13*x6/100000 + 291*x13*x7/5000000 + 291*x13*x8/2500000 + 3919*x13*x9/50000000 - 1947*x13/100000 + 2741*x14**2/1000 - 1641*x14*x15/50000 + 823*x14*x16/50000 - 5533*x14*x17/1000000 + 5617*x14*x2/1000000 - 221*x14*x3/20000 - 1653*x14*x4/100000 + 327*x14*x5/20000 - 1107*x14*x6/100000 + 1101*x14*x7/200000 - 1071*x14*x8/200000 + 1101*x14*x9/200000 + 342*x15**2/125 - 2757*x15*x16/500000 + 139*x15*x17/12500 + 833*x15*x2/5000000 + 751*x15*x3/20000000 + 1123*x15*x4/100000 + 103*x15*x5/400000 + 1111*x15*x6/100000 + 1111*x15*x7/200000 + 1111*x15*x8/100000 + 5277*x15*x9/100000000 - 1311*x15/100000 + 2737*x16**2/1000 - 1097*x16*x17/100000 + 1127*x16*x2/100000 - 11*x16*x3/1000 + 2281*x16*x4/100000000 + 561*x16*x5/50000 - 2669*x16*x6/500000 + 693*x16*x7/125000 + 3919*x16*x8/50000000 + 5277*x16*x9/100000000 - 1311*x16/100000 + 342*x17**2/125 + 1319*x17*x2/5000000 + 1979*x17*x3/50000000 + 1123*x17*x4/100000 + 569*x17*x5/50000 + 1111*x17*x6/100000 + 6929*x17*x7/100000000 + 1407*x17*x8/250000 + 5583*x17*x9/1000000 - 1947*x17/100000 + 2737*x2**2/1000 - 1361*x2*x3/50000 + 47*x2*x4/8000 + 1747*x2*x5/100000 + 1391*x2*x6/10000000 + 1123*x2*x7/100000 + 1057*x2*x8/2500000 + 5793*x2*x9/1000000 - 3581*x2/50000 + 2729*x3**2/1000 + 687*x3*x4/5000000 - 2571*x3*x5/500000 + 277*x3*x6/25000 - 549*x3*x7/50000 + 4473*x3*x8/50000000 - 137*x3*x9/12500 - 1311*x3/100000 + 2747*x4**2/1000 - 4897*x4*x5/1000000 + 1647*x4*x6/50000 + 1143*x4*x7/10000000 + 829*x4*x8/50000 + 1319*x4*x9/10000000 - 1629*x4/50000 + 137*x5**2/50 + 52*x5*x6/3125 + 2907*x5*x7/500000 + 1161*x5*x8/100000 + 2949*x5*x9/500000 - 1953*x5/20000 + 343*x6**2/125 - 5277*x6*x7/1000000 + 823*x6*x8/50000 + 5557*x6*x9/1000000 - 1311*x6/100000 + 2733*x7**2/1000 + 1407*x7*x8/250000 + 5583*x7*x9/1000000 - 1947*x7/100000 + 2739*x8**2/1000 - 1337*x8*x9/250000 - 1947*x8/50000 + 2733*x9**2/1000 - 1311*x9/50000 + 651/200",
    "Q": "[[3.254797267333738, -0.01408926760594164, -0.02101194969478405, -0.010446858997168218, -0.005476601371472773, -0.047231544315565435, -0.01765034053590273, -0.007429337210935981, -0.03597410383531511, -0.008744946597774611, -0.005873340313969831, -0.007973101768792156, 0.0005955327764475129, -0.010226805976695263, -0.01833290940900998, -0.0021146446444315287, -0.11411479380471767, -0.045807988978063735], [-0.01408926760594164, 2.7333910465806177, -0.003777935347380587, 0.0021995364478551694, 0.002848778910472442, 0.00248288937812016, 0.0010564272978504988, -0.004691711728130604, 0.002550850924335423, 0.0017827477212343206, 0.00011105275075135984, -0.0005086372278112102, 0.002429305506447356, 0.0010601000484264653, 0.0005993778004876803, 0.0007423374642290833, 0.0009536335838868076, -0.002357822138471693], [-0.02101194969478405, -0.003777935347380587, 2.7393188461081746, 0.0015424200270448734, 0.008364339984592965, 0.006811286123575008, 0.009242579691541472, 0.00047510726637631456, 0.0011037946226955962, 0.003866724553461179, 0.000307687065711168, 0.004676308409766821, -0.0024760623099589108, 0.0007019495003683464, 0.005404057766786787, 0.00273060929731536, 0.02022522083779689, 0.0031658836266926843], [-0.010446858997168218, 0.0021995364478551694, 0.0015424200270448734, 2.7331544742110045, -0.0025924272799946273, 0.0038732287833144205, 0.0008720137064952102, -0.004248907703559351, 0.0055672236109273136, 0.0008962857114677032, 0.0027979140749735416, 0.0021217577961404636, 0.0017341119617456141, 0.0006458557283871978, 0.003911905642154364, 0.0009172942372122764, 0.00350589260882659, -0.002430188425674034], [-0.005476601371472773, 0.002848778910472442, 0.008364339984592965, -0.0025924272799946273, 2.7441482106666224, 0.006996513471597342, 0.015558209983882588, 0.004907227632136757, -0.0005607382032577804, 0.006748104819285695, -0.0016912234625592046, 0.004370585200596549, -0.004231350590218358, 0.004364613986392484, 0.0019126873301998878, 0.006436443256888872, 0.020716415700680522, 0.004712190583758326], [-0.047231544315565435, 0.00248288937812016, 0.006811286123575008, 0.0038732287833144205, 0.006996513471597342, 2.739518422329538, -0.0036198439981016627, -0.002024771932336619, 0.009244899599754467, 0.004569728093808779, 0.004640936835900891, 0.00017347162345469287, 0.00818326330020799, 0.002185683082076198, 0.010056769563947085, 0.006327320206797377, 0.012915001036279591, -0.0034756515292618823], [-0.01765034053590273, 0.0010564272978504988, 0.009242579691541472, 0.0008720137064952102, 0.015558209983882588, -0.0036198439981016627, 2.747617074212224, 0.000362181985016393, 0.002978856451193582, 0.004500572383167159, -0.001306415532658047, 0.005727903896203158, -0.008805374864340756, 0.0037862274596260864, 0.005545488543629807, 0.0010720378870247944, 0.03193860086994363, 0.007716821326120754], [-0.007429337210935981, -0.004691711728130604, 0.00047510726637631456, -0.004248907703559351, 0.004907227632136757, -0.002024771932336619, 0.000362181985016393, 2.7294455084136198, -0.013376330202860777, 0.0008902841559289724, -0.0054687979393754, 0.000213050884969614, -0.005292093825835888, -0.003989716285818139, -0.004060523785583048, -0.004650257401341182, -0.01043787984763483, 0.0010416828759161442], [-0.03597410383531511, 0.002550850924335423, 0.0011037946226955962, 0.0055672236109273136, -0.0005607382032577804, 0.009244899599754467, 0.002978856451193582, -0.013376330202860777, 2.7377687168776337, -0.00011182644357930488, 0.004444094645935658, 0.0007998263816320478, 0.003781993429636565, -0.0006025553133994098, 0.003622358083265906, 0.0033211980633877283, 0.021075893897390386, 0.0015547719775011824], [-0.008744946597774611, 0.0017827477212343206, 0.003866724553461179, 0.0008962857114677032, 0.006748104819285695, 0.004569728093808779, 0.004500572383167159, 0.0008902841559289724, -0.00011182644357930488, 2.7356232224980603, -0.006794155716056008, 0.005154685345111268, -0.004057094252964012, 0.0009923800145210445, 0.0023151665201720825, 0.0010163921739882202, 0.0037035847105662037, 0.000328112784242353], [-0.005873340313969831, 0.00011105275075135984, 0.000307687065711168, 0.0027979140749735416, -0.0016912234625592046, 0.004640936835900891, -0.001306415532658047, -0.0054687979393754, 0.004444094645935658, -0.006794155716056008, 2.7373450661472467, -0.0030051435684765354, 0.007602221500512528, 0.0012530754171793904, 0.0009235331496859983, 0.0026119758157593684, 0.00562261436539409, -0.003387415081506802], [-0.007973101768792156, -0.0005086372278112102, 0.004676308409766821, 0.0021217577961404636, 0.004370585200596549, 0.00017347162345469287, 0.005727903896203158, 0.000213050884969614, 0.0007998263816320478, 0.005154685345111268, -0.0030051435684765354, 2.736260574654726, -0.015524703560424062, 0.003579032899438472, -0.001264289402889551, -0.002672494547205699, 0.007718171502867222, 0.0012065838248895928], [0.0005955327764475129, 0.002429305506447356, -0.0024760623099589108, 0.0017341119617456141, -0.004231350590218358, 0.00818326330020799, -0.008805374864340756, -0.005292093825835888, 0.003781993429636565, -0.004057094252964012, 0.007602221500512528, -0.015524703560424062, 2.7408132996543477, -0.0038083804393365625, 0.0059185334828308605, 0.004169827245644813, -0.007874708554979829, -0.004890453298308761], [-0.010226805976695263, 0.0010601000484264653, 0.0007019495003683464, 0.0006458557283871978, 0.004364613986392484, 0.002185683082076198, 0.0037862274596260864, -0.003989716285818139, -0.0006025553133994098, 0.0009923800145210445, 0.0012530754171793904, 0.003579032899438472, -0.0038083804393365625, 2.7341056856705426, -0.005594709658762578, -8.200794968178577e-05, 0.00033708547371398984, -0.0008169777513689392], [-0.01833290940900998, 0.0005993778004876803, 0.005404057766786787, 0.003911905642154364, 0.0019126873301998878, 0.010056769563947085, 0.005545488543629807, -0.004060523785583048, 0.003622358083265906, 0.0023151665201720825, 0.0009235331496859983, -0.001264289402889551, 0.0059185334828308605, -0.005594709658762578, 2.738443756287814, 0.00422093405936746, 0.022772372743815553, 0.002327245564072091], [-0.0021146446444315287, 0.0007423374642290833, 0.00273060929731536, 0.0009172942372122764, 0.006436443256888872, 0.006327320206797377, 0.0010720378870247944, -0.004650257401341182, 0.0033211980633877283, 0.0010163921739882202, 0.0026119758157593684, -0.002672494547205699, 0.004169827245644813, -8.200794968178577e-05, 0.00422093405936746, 3.5064289814548486, -0.002958943242437391, -0.0016281404770636131], [-0.11411479380471767, 0.0009536335838868076, 0.02022522083779689, 0.00350589260882659, 0.020716415700680522, 0.012915001036279591, 0.03193860086994363, -0.01043787984763483, 0.021075893897390386, 0.0037035847105662037, 0.00562261436539409, 0.007718171502867222, -0.007874708554979829, 0.00033708547371398984, 0.022772372743815553, -0.002958943242437391, 2.7944461285833437, 0.01999575999752224], [-0.045807988978063735, -0.002357822138471693, 0.0031658836266926843, -0.002430188425674034, 0.004712190583758326, -0.0034756515292618823, 0.007716821326120754, 0.0010416828759161442, 0.0015547719775011824, 0.000328112784242353, -0.003387415081506802, 0.0012065838248895928, -0.004890453298308761, -0.0008169777513689392, 0.002327245564072091, -0.0016281404770636131, 0.01999575999752224, 2.735045803233186]]",
    "monomial_list": "[1, x9, x8, x7, x6, x5, x4, x3, x2, x17, x16, x15, x14, x13, x12, x11, x10, x1]"
}