{
    "name": "Multiplier-2",
    "rational_expression": "2731*x1**2/1000 + 1707*x1*x10/100000 - 1587*x1*x11/100000 + 6513*x1*x12/10000000 - 237*x1*x13/50000 - 109*x1*x14/10000 + 891*x1*x15/5000000 - 529*x1*x16/50000 - 4789*x1*x17/1000000 - 353*x1*x2/2000000 + 1627*x1*x3/1000000 + 6303*x1*x4/1000000 - 1589*x1*x5/100000 + 7781*x1*x6/10000000 - 5471*x1*x7/1000000 + 427*x1*x8/500000 - 527*x1*x9/50000 - 961*x1/20000 + 1377*x10**2/500 - 1979*x10*x11/100000 + 141*x10*x12/4000 + 3709*x10*x13/500000 - 529*x10*x14/50000 + 293*x10*x15/25000 + 1759*x10*x16/100000 + 637*x10*x17/50000 + 593*x10*x2/5000000 + 1511*x10*x3/100000 + 4631*x10*x4/100000 + 271*x10*x5/250000 + 3467*x10*x6/100000 + 107*x10*x7/1000000 + 289*x10*x8/10000 + 6267*x10*x9/1000000 - 1883*x10/25000 + 1373*x11**2/500 + 1837*x11*x12/50000 + 1513*x11*x13/50000 + 1151*x11*x14/50000 + 3263*x11*x15/500000 + 299*x11*x16/12500 + 2471*x11*x17/100000 + 1437*x11*x2/100000 + 5533*x11*x3/100000 + 3033*x11*x4/100000 + 1183*x11*x5/50000 + 653*x11*x6/12500 + 5669*x11*x7/1000000 + 349*x11*x8/10000 + 463*x11*x9/20000 - 219*x11/2000 + 11*x12**2/4 + 1419*x12*x13/100000 + 289*x12*x14/12500 + 6649*x12*x15/1000000 + 151*x12*x16/6250 + 3033*x12*x17/100000 + 1061*x12*x2/50000 + 5597*x12*x3/100000 + 2083*x12*x4/50000 + 1459*x12*x5/50000 + 2359*x12*x6/50000 + 1119*x12*x7/100000 + 291*x12*x8/6250 + 1761*x12*x9/100000 - 1233*x12/10000 + 2741*x13**2/1000 + 3823*x13*x14/5000000 + 1187*x13*x15/100000 + 9*x13*x16/500 + 1863*x13*x17/100000 + 449*x13*x2/62500 + 3259*x13*x3/100000 + 1501*x13*x4/50000 + 1783*x13*x5/100000 + 4091*x13*x6/100000 + 5651*x13*x7/1000000 + 147*x13*x8/5000 + 87*x13*x9/5000 - 1027*x13/10000 + 1371*x14**2/500 - 17*x14*x15/625 + 2267*x14*x16/100000 + 6827*x14*x17/10000000 + 7019*x14*x2/1000000 + 891*x14*x3/125000 - 967*x14*x4/200000 + 1129*x14*x5/50000 + 199*x14*x6/250000 + 5563*x14*x7/1000000 + 6289*x14*x8/1000000 + 143*x14*x9/12500 - 819*x14/20000 + 2737*x15**2/1000 + 523*x15*x16/1000000 + 1719*x15*x17/100000 + 607*x15*x2/5000000 + 453*x15*x3/25000 + 1731*x15*x4/100000 + 453*x15*x5/1000000 + 43*x15*x6/2500 + 1389*x15*x7/250000 + 53*x15*x8/3125 + 579*x15*x9/100000 - 1379*x15/50000 + 2743*x16**2/1000 + 1501*x16*x17/1000000 + 707*x16*x2/50000 + 497*x16*x3/25000 + 1807*x16*x4/100000 + 869*x16*x5/50000 + 1803*x16*x6/100000 + 1111*x16*x7/100000 + 891*x16*x8/50000 + 589*x16*x9/50000 - 1883*x16/25000 + 1371*x17**2/500 + 91*x17*x2/12500 + 4331*x17*x3/100000 + 2987*x17*x4/100000 + 177*x17*x5/10000 + 4641*x17*x6/100000 + 2819*x17*x7/500000 + 729*x17*x8/25000 + 863*x17*x9/50000 - 89*x17/1000 + 3507*x2**2/1000 + 1653*x2*x3/100000 + 561*x2*x4/50000 + 549*x2*x5/50000 + 553*x2*x6/25000 + 2113*x2*x7/1000000000 + 1609*x2*x8/100000 + 5307*x2*x9/1000000 + 2047*x2/100000 + 2763*x3**2/1000 + 3313*x3*x4/50000 + 96*x3*x5/3125 + 9877*x3*x6/100000 + 3113*x3*x7/10000000 + 3243*x3*x8/50000 + 1877*x3*x9/100000 - 1197*x3/5000 + 1379*x4**2/500 - 29*x4*x5/8000 + 3717*x4*x6/50000 + 433*x4*x7/2500000 + 5169*x4*x8/100000 + 1747*x4*x9/100000 - 219*x4/2000 + 137*x5**2/50 + 2383*x5*x6/100000 + 2807*x5*x7/500000 + 2353*x5*x8/100000 + 589*x5*x9/50000 - 1883*x5/25000 + 553*x6**2/200 - 531*x6*x7/100000 + 1253*x6*x8/20000 + 1161*x6*x9/50000 - 291*x6/2500 + 1367*x7**2/500 + 5667*x7*x8/1000000 + 279*x7*x9/50000 - 3343*x7/500000 + 344*x8**2/125 + 6747*x8*x9/1000000 - 1233*x8/10000 + 2737*x9**2/1000 - 6853*x9/100000 + 3423/1000",
    "Q": "[[3.422684636382568, -0.0338857308649487, -0.06277071309507463, -0.0028545113246157636, -0.05979573644400655, -0.03594621292398247, -0.05636463344593844, -0.11887939794792626, 0.008881450319476545, -0.0448330885725706, -0.03726339626724169, -0.015364963736343863, -0.019902036814455383, -0.051403403764377804, -0.061600468301086946, -0.053881955587985565, -0.03873396544801864, -0.02557747449374216], [-0.0338857308649487, 2.7371170537347105, 0.00397273541261808, 0.0032946123940716483, 0.011886953196318785, 0.006103540723082119, 0.00797591676638077, 0.008461053025705554, 0.0027774907421295844, 0.007499513475410172, 0.005446301249198404, 0.0019216305680835803, 0.00601025955018844, 0.007565049784989935, 0.00835024356953093, 0.010146994863757058, 0.0021669790518889674, -0.0038948641084893235], [-0.06277071309507463, 0.00397273541261808, 2.7520655991991725, 0.001655648905759366, 0.03188079619638513, 0.01138097981339263, 0.02547491940794108, 0.033186592879936874, 0.008454072608316395, 0.01590078453548508, 0.009834481111784, 0.008951315938786899, 0.003027557658538033, 0.014080580594945952, 0.022596714351125046, 0.01752562159195636, 0.015784540264538422, 4.154554242348342e-05], [-0.0028545113246157636, 0.0032946123940716483, 0.001655648905759366, 2.73390365529873, -0.0032464054349081515, 0.0032109285606816123, 0.0005183353159813128, -0.0009268879064006902, 0.0009719172201945732, 0.0018620357839249084, 0.0041971314228861885, 0.00228551195902057, 0.00311889655204554, 0.0022019282768454464, 0.0042082170308102166, 0.0031397348938864895, 0.00035622197123703637, -0.003480764683072933], [-0.05979573644400655, 0.011886953196318785, 0.03188079619638513, -0.0032464054349081515, 2.7658503758616892, 0.013149293681839393, 0.03685576611244752, 0.048888280923020146, 0.011921275697030066, 0.02218137616398377, 0.00937298850502503, 0.009729021686699193, 0.0017216580272621284, 0.02114792874039328, 0.024641424892385112, 0.025353178579882465, 0.017485984793599814, 0.0014691421028080476], [-0.03594621292398247, 0.006103540723082119, 0.01138097981339263, 0.0032109285606816123, 0.013149293681839393, 2.740254692408728, -0.0005544692357561862, 0.014851203374335275, 0.006159612314222687, 0.009321948707331718, 0.008698370517006764, 0.0013306010104585412, 0.011581352495850936, 0.008488320525377901, 0.014357411467663065, 0.01049673316623499, -3.115732294949744e-05, -0.007355646604044191], [-0.05636463344593844, 0.00797591676638077, 0.02547491940794108, 0.0005183353159813128, 0.03685576611244752, -0.0005544692357561862, 2.7578878433287395, 0.03244457374314956, 0.006641963747481135, 0.015714956369324476, 0.008163491476865814, 0.009495231852134762, -0.003403551135110617, 0.016367942488935288, 0.02194859817738349, 0.015055855853079125, 0.02427861597208732, 0.004527898928342439], [-0.11887939794792626, 0.008461053025705554, 0.033186592879936874, -0.0009268879064006902, 0.048888280923020146, 0.014851203374335275, 0.03244457374314956, 2.7622146992351326, 0.008016527187326806, 0.021305076680030524, 0.009617532891260393, 0.009350334002335486, 0.0024775189846591317, 0.01688517545184399, 0.0270810216643465, 0.02774664858943718, 0.007634129382221779, -0.00029037126548088867], [0.008881450319476545, 0.0027774907421295844, 0.008454072608316395, 0.0009719172201945732, 0.011921275697030066, 0.006159612314222687, 0.006641963747481135, 0.008016527187326806, 3.5076310574368152, 0.003915276825484943, 0.005564693602858752, -0.0007218367674698289, 0.004941759342319477, 0.0037482318246874462, 0.01039464182603094, 0.008370167047526187, 0.0015049505044985592, -0.0011949930580254936], [-0.0448330885725706, 0.007499513475410172, 0.01590078453548508, 0.0018620357839249084, 0.02218137616398377, 0.009321948707331718, 0.015714956369324476, 0.021305076680030524, 0.003915276825484943, 2.7418052974731753, 0.0005425857293090754, 0.00807584692591267, 0.0005859852924468957, 0.010073919972472211, 0.014534572293028758, 0.013386475576287337, 0.005756925177753199, -0.0013506982004370552], [-0.03726339626724169, 0.005446301249198404, 0.009834481111784, 0.0041971314228861885, 0.00937298850502503, 0.008698370517006764, 0.008163491476865814, 0.009617532891260393, 0.005564693602858752, 0.0005425857293090754, 2.7422988803712443, 0.0003320919963135004, 0.011553010904530477, 0.009145893991553081, 0.010652643959170356, 0.012850826493668885, 0.007824731109840532, -0.00472069184012079], [-0.015364963736343863, 0.0019216305680835803, 0.008951315938786899, 0.00228551195902057, 0.009729021686699193, 0.0013306010104585412, 0.009495231852134762, 0.009350334002335486, -0.0007218367674698289, 0.00807584692591267, 0.0003320919963135004, 2.7370510186851744, -0.012903672003726059, 0.007249139554587159, 0.0035616557939437254, 0.003628860483279059, 0.006201425926681186, 0.00013081992633048206], [-0.019902036814455383, 0.00601025955018844, 0.003027557658538033, 0.00311889655204554, 0.0017216580272621284, 0.011581352495850936, -0.003403551135110617, 0.0024775189846591317, 0.004941759342319477, 0.0005859852924468957, 0.011553010904530477, -0.012903672003726059, 2.74220952883339, 0.001174475695497572, 0.011117738730661835, 0.010537625479050248, -0.004003714250692978, -0.005740578739210564], [-0.051403403764377804, 0.007565049784989935, 0.014080580594945952, 0.0022019282768454464, 0.02114792874039328, 0.008488320525377901, 0.016367942488935288, 0.01688517545184399, 0.0037482318246874462, 0.010073919972472211, 0.009145893991553081, 0.007249139554587159, 0.001174475695497572, 2.741649823438098, 0.007933725410760721, 0.01445354027826135, 0.004820049244537746, -0.0023810730828280322], [-0.061600468301086946, 0.00835024356953093, 0.022596714351125046, 0.0042082170308102166, 0.024641424892385112, 0.014357411467663065, 0.02194859817738349, 0.0270810216643465, 0.01039464182603094, 0.014534572293028758, 0.010652643959170356, 0.0035616557939437254, 0.011117738730661835, 0.007933725410760721, 2.7498935301468137, 0.018114727555466243, 0.018067404021249633, -0.0007441214924390001], [-0.053881955587985565, 0.010146994863757058, 0.01752562159195636, 0.0031397348938864895, 0.025353178579882465, 0.01049673316623499, 0.015055855853079125, 0.02774664858943718, 0.008370167047526187, 0.013386475576287337, 0.012850826493668885, 0.003628860483279059, 0.010537625479050248, 0.01445354027826135, 0.018114727555466243, 2.7456743709647213, -0.00934891726146543, -0.007126252862300434], [-0.03873396544801864, 0.0021669790518889674, 0.015784540264538422, 0.00035622197123703637, 0.017485984793599814, -3.115732294949744e-05, 0.02427861597208732, 0.007634129382221779, 0.0015049505044985592, 0.005756925177753199, 0.007824731109840532, 0.006201425926681186, -0.004003714250692978, 0.004820049244537746, 0.018067404021249633, -0.00934891726146543, 2.7542821532565087, 0.009754503642273416], [-0.02557747449374216, -0.0038948641084893235, 4.154554242348342e-05, -0.003480764683072933, 0.0014691421028080476, -0.007355646604044191, 0.004527898928342439, -0.00029037126548088867, -0.0011949930580254936, -0.0013506982004370552, -0.00472069184012079, 0.00013081992633048206, -0.005740578739210564, -0.0023810730828280322, -0.0007441214924390001, -0.007126252862300434, 0.009754503642273416, 2.7311332349047324]]",
    "monomial_list": "[1, x9, x8, x7, x6, x5, x4, x3, x2, x17, x16, x15, x14, x13, x12, x11, x10, x1]"
}