{
    "name": "Multiplier-1",
    "rational_expression": "3491*x1**2/1000 + 2623*x1*x10/100000 - 141*x1*x11/20000 + 6761*x1*x12/1000000 + 2093*x1*x13/500000 - 7061*x1*x14/1000000 + 9481*x1*x15/1000000 - 863*x1*x16/500000 + 2489*x1*x17/500000 + 2793*x1*x2/500000 + 257*x1*x3/25000 + 679*x1*x4/50000 - 3283*x1*x5/1000000 + 503*x1*x6/62500 + 1601*x1*x7/500000 + 197*x1*x8/31250 + 1699*x1*x9/500000 - 193*x1/1000 + 2741*x10**2/1000 - 599*x10*x11/500000 + 1201*x10*x12/100000 - 589*x10*x13/625000 - 3333*x10*x14/500000 - 1089*x10*x15/1000000 - 6603*x10*x16/1000000 + 5179*x10*x17/1000000 + 5603*x10*x2/1000000 - 1111*x10*x3/2000000 + 367*x10*x4/12500 - 67*x10*x5/5000 + 2393*x10*x6/100000 - 7139*x10*x7/1000000 + 579*x10*x8/50000 - 171*x10*x9/25000 - 1351*x10/10000 + 2743*x11**2/1000 + 82*x11*x12/15625 + 373*x11*x13/62500 + 3*x11*x14/500 + 4719*x11*x15/10000000 + 6083*x11*x16/1000000 + 2859*x11*x17/500000 + 111*x11*x2/10000 + 2889*x11*x3/500000 - 1833*x11*x4/2500000 + 1203*x11*x5/100000 + 1197*x11*x6/250000 + 1743*x11*x7/2500000 + 5293*x11*x8/1000000 + 77*x11*x9/12500 + 1453*x11/25000 + 1371*x12**2/500 + 2641*x12*x13/500000 - 801*x12*x14/2500000 - 3043*x12*x15/10000000 + 2591*x12*x16/500000 + 5457*x12*x17/1000000 + 1113*x12*x2/100000 + 5379*x12*x3/1000000 + 233*x12*x4/20000 - 6873*x12*x5/10000000 + 53*x12*x6/3125 - 4617*x12*x7/10000000 + 7*x12*x8/625 - 2117*x12*x9/5000000 - 481*x12/12500 + 137*x13**2/50 + 5887*x13*x14/1000000 + 1853*x13*x15/5000000 + 267*x13*x16/625000 + 1417*x13*x17/250000 + 5553*x13*x2/1000000 + 5717*x13*x3/1000000 - 1453*x13*x4/2500000 + 6291*x13*x5/1000000 - 2851*x13*x6/5000000 + 1083*x13*x7/2000000 + 2669*x13*x8/500000 + 497*x13*x9/1000000 + 1129*x13/25000 + 342*x14**2/125 + 593*x14*x15/100000 + 3*x14*x16/500 + 299*x14*x17/2000000 + 2757*x14*x2/500000 + 2197*x14*x3/10000000 - 1247*x14*x4/200000 + 321*x14*x5/50000 - 1209*x14*x6/200000 + 6141*x14*x7/1000000 - 1043*x14*x8/5000000 + 2853*x14*x9/5000000 + 162*x14/3125 + 2737*x15**2/1000 + 4719*x15*x16/10000000 + 321*x15*x17/2000000 + 1111*x15*x2/100000000 + 5731*x15*x3/1000000 - 3371*x15*x4/5000000 + 1761*x15*x5/2000000 - 3371*x15*x6/5000000 + 311*x15*x7/500000 - 1043*x15*x8/5000000 + 2853*x15*x9/5000000 + 162*x15/3125 + 2739*x16**2/1000 + 89*x16*x17/15625 + 2771*x16*x2/500000 + 5767*x16*x3/1000000 - 3061*x16*x4/500000 + 1629*x16*x5/250000 - 761*x16*x6/1000000 + 1743*x16*x7/2500000 - 569*x16*x8/2500000 + 77*x16*x9/12500 + 1453*x16/25000 + 2739*x17**2/1000 + 1391*x17*x2/250000 + 2803*x17*x3/500000 + 83*x17*x4/15625 + 79*x17*x5/250000 + 5299*x17*x6/1000000 + 2309*x17*x7/10000000 + 5443*x17*x8/1000000 + 2117*x17*x9/10000000 + 481*x17/25000 + 2743*x2**2/1000 + 1107*x2*x3/100000 + 559*x2*x4/100000 + 2753*x2*x5/500000 + 1109*x2*x6/100000 + 221*x2*x8/20000 + 5521*x2*x9/1000000 + 1371*x3**2/500 - 1713*x3*x4/5000000 + 2987*x3*x5/500000 - 663*x3*x6/2000000 + 583*x3*x7/100000 + 2711*x3*x8/500000 + 2903*x3*x9/500000 + 81*x3/3125 + 2743*x4**2/1000 - 1753*x4*x5/250000 + 2863*x4*x6/100000 - 3261*x4*x7/500000 + 1137*x4*x8/100000 - 6441*x4*x9/1000000 - 1673*x4/20000 + 2743*x5**2/1000 - x5*x6/80 + 683*x5*x7/100000 - 4347*x5*x8/10000000 + 6723*x5*x9/1000000 + 547*x5/5000 + 687*x6**2/250 - 1271*x6*x7/200000 + 1673*x6*x8/100000 - 6441*x6*x9/1000000 - 1673*x6/20000 + 137*x7**2/50 - 311*x7*x8/1000000 + 8483*x7*x9/10000000 + 7717*x7/100000 + 2741*x8**2/1000 + 1047*x8*x9/200000 - 81*x8/3125 + 2741*x9**2/1000 + 3539*x9/50000 + 3217/1000",
    "Q": "[[3.216802432812219, 0.03672361030225674, -0.011516116283970564, 0.03884415718347536, -0.04320156785726645, 0.0538751308690766, -0.04258360582760803, 0.012706140108020549, 0.0014094825161699459, 0.009368908623958009, 0.02940212702164155, 0.02475105233519432, 0.02602557146272834, 0.02104486740697177, -0.018035854753607274, 0.029378654660662352, -0.0661098041408376, -0.09623044071703846], [0.03672361030225674, 2.741117431987915, 0.0014572265090934215, 0.0011808805416845764, -0.0036911927501918056, 0.0036145597094976506, -0.0036452051220513828, 0.0033208812104497947, 0.001550609501182476, 0.0002487680637064049, 0.0027588304331863786, 0.0006913360572798935, 0.0016615458092105234, 0.001414643294805556, 0.00024886440321627385, 0.002122566620815784, -0.003415754057273231, 0.0013256974882417058], [-0.011516116283970564, 0.0014572265090934215, 2.741089227211585, -0.001261468038069689, 0.007946018630864016, -0.0014098377343702668, 0.006504588607246279, 0.0013848613071388268, 0.004892770692934049, 0.0021059752689877582, 0.0008095329556853407, -0.0005345574974316242, -9.919146756013795e-05, 0.0018754304040691282, 0.004746850026314836, 0.0024316979540234375, 0.006165821432266203, 0.00408957503392157], [0.03884415718347536, 0.0011808805416845764, -0.001261468038069689, 2.7409581675696852, -0.0031219347286056422, 0.0025137606641738725, -0.004283029044347189, 0.0023886096573568607, 0.00019263728493658881, -0.0001740423165235533, 0.0012901434605098819, -0.0007869523963294332, 0.002030241432743513, 0.0009833111916972442, -0.0013857487092322927, 0.001216688803396702, -0.003615960102138809, 0.0009506851107047978], [-0.04320156785726645, -0.0036911927501918056, 0.007946018630864016, -0.0031219347286056422, 2.7476908065165495, -0.005564522278349059, 0.013764732338523001, -0.00040041142370860915, 0.005290352890257805, 0.0027869396699538728, -0.0009630529296340619, -0.001172231895179476, -0.0020870053871626677, 0.0002726614318068999, 0.009305299908985652, 0.002151655910596437, 0.01255841255579351, 0.003554897285761347], [0.0538751308690766, 0.0036145597094976506, -0.0014098377343702668, 0.0025137606641738725, -0.005564522278349059, 2.7428789824064603, -0.003767965923349648, 0.0023682573415188713, 0.0026528906711338444, -7.058309324931282e-05, 0.003680725495688125, -0.00021927151996969688, 0.003116000650340034, 0.00212714114407322, -0.0009292750681441485, 0.005430110645599677, -0.005958040756875682, -0.0016825305582814595], [-0.04258360582760803, -0.0036452051220513828, 0.006504588607246279, -0.004283029044347189, 0.013764732338523001, -0.003767965923349648, 2.743012392115332, 0.0007246741836757999, 0.003205502241990458, 0.002349435434043724, -0.002270524955651188, -0.00027734707910710677, -0.0036495765453108493, -0.00022314652194865804, 0.006419881861088515, -0.0004679142385405298, 0.013395837354246567, 0.0079107292028106], [0.012706140108020549, 0.0033208812104497947, 0.0013848613071388268, 0.0023886096573568607, -0.00040041142370860915, 0.0023682573415188713, 0.0007246741836757999, 2.742052406271622, 0.0051649732879494046, 0.0020047567449436835, 0.0027405188679536785, 0.002481307377775525, 0.0003942686093802381, 0.0038004728574355467, 0.0014069898956297969, 0.0016437223807726155, 0.0007023407771359718, 0.005259295249827662], [0.0014094825161699459, 0.001550609501182476, 0.004892770692934049, 0.00019263728493658881, 0.005290352890257805, 0.0026528906711338444, 0.003205502241990458, 0.0051649732879494046, 2.743038411556773, 0.0024405055522230003, 0.0034920502222221643, -0.0006578546281149221, 0.0031836652739910777, 0.0027628373893556703, 0.0065737189636012935, 0.004645597439711758, 0.0032295409961071884, 0.0018684097876426062], [0.009368908623958009, 0.0002487680637064049, 0.0021059752689877582, -0.0001740423165235533, 0.0027869396699538728, -7.058309324931282e-05, 0.002349435434043724, 0.0020047567449436835, 0.0024405055522230003, 2.739528495828674, 0.003547388119696925, -0.00017027619066972883, 0.0007165440935320335, 0.001992268776294995, 0.0017688485859156718, 0.002182968441617879, 0.0018004123445204308, 0.003280569339920619], [0.02940212702164155, 0.0027588304331863786, 0.0008095329556853407, 0.0012901434605098819, -0.0009630529296340619, 0.003680725495688125, -0.002270524955651188, 0.0027405188679536785, 0.0034920502222221643, 0.003547388119696925, 2.739491155666918, -0.00010542460205685222, 0.0024680124656444847, 0.0012816156421943435, 0.002767192917268829, 0.002572977928921841, -0.0023876504829725385, 0.0001789181393564455], [0.02475105233519432, 0.0006913360572798935, -0.0005345574974316242, -0.0007869523963294332, -0.001172231895179476, -0.00021927151996969688, -0.00027734707910710677, 0.002481307377775525, -0.0006578546281149221, -0.00017027619066972883, -0.00010542460205685222, 2.7376637818456606, 0.0016611951390612288, 0.00040309636617669083, -0.0007620557631583686, -0.0003666183548480779, -5.0380253116842965e-05, 0.005525838879387842], [0.02602557146272834, 0.0016615458092105234, -9.919146756013795e-05, 0.002030241432743513, -0.0020870053871626677, 0.003116000650340034, -0.0036495765453108493, 0.0003942686093802381, 0.0031836652739910777, 0.0007165440935320335, 0.0024680124656444847, 0.0016611951390612288, 2.7359704324850522, 0.0017838419163899166, 0.0007950994880628617, 0.0035016830578485517, -0.004264828667921551, -0.0036321361770656263], [0.02104486740697177, 0.001414643294805556, 0.0018754304040691282, 0.0009833111916972442, 0.0002726614318068999, 0.00212714114407322, -0.00022314652194865804, 0.0038004728574355467, 0.0027628373893556703, 0.001992268776294995, 0.0012816156421943435, 0.00040309636617669083, 0.0017838419163899166, 2.7404025723608854, 0.0035962359446439344, 0.0023968518852055935, -0.0001831229146472676, 0.0032018396541210223], [-0.018035854753607274, 0.00024886440321627385, 0.004746850026314836, -0.0013857487092322927, 0.009305299908985652, -0.0009292750681441485, 0.006419881861088515, 0.0014069898956297969, 0.0065737189636012935, 0.0017688485859156718, 0.002767192917268829, -0.0007620557631583686, 0.0007950994880628617, 0.0035962359446439344, 2.7426125657760045, 0.0030443995772066147, 0.00613175666990802, 0.00208157556365254], [0.029378654660662352, 0.002122566620815784, 0.0024316979540234375, 0.001216688803396702, 0.002151655910596437, 0.005430110645599677, -0.0004679142385405298, 0.0016437223807726155, 0.004645597439711758, 0.002182968441617879, 0.002572977928921841, -0.0003666183548480779, 0.0035016830578485517, 0.0023968518852055935, 0.0030443995772066147, 2.743308908398679, 0.00011369703525035547, -0.0023089529284282006], [-0.0661098041408376, -0.003415754057273231, 0.006165821432266203, -0.003615960102138809, 0.01255841255579351, -0.005958040756875682, 0.013395837354246567, 0.0007023407771359718, 0.0032295409961071884, 0.0018004123445204308, -0.0023876504829725385, -5.0380253116842965e-05, -0.004264828667921551, -0.0001831229146472676, 0.00613175666990802, 0.00011369703525035547, 2.7410468757490336, 0.012415166482249352], [-0.09623044071703846, 0.0013256974882417058, 0.00408957503392157, 0.0009506851107047978, 0.003554897285761347, -0.0016825305582814595, 0.0079107292028106, 0.005259295249827662, 0.0018684097876426062, 0.003280569339920619, 0.0001789181393564455, 0.005525838879387842, -0.0036321361770656263, 0.0032018396541210223, 0.00208157556365254, -0.0023089529284282006, 0.012415166482249352, 3.4911253357380843]]",
    "monomial_list": "[1, x9, x8, x7, x6, x5, x4, x3, x2, x17, x16, x15, x14, x13, x12, x11, x10, x1]"
}