{
    "name": "Multiplier-3",
    "rational_expression": "2731*x1**2/1000 + 1491*x1*x10/100000 - 1277*x1*x11/100000 - 32*x1*x12/15625 - 3451*x1*x13/500000 - 1209*x1*x14/100000 - 1067*x1*x15/1000000 - 1263*x1*x16/100000 - 763*x1*x17/500000 - 3991*x1*x2/500000 - 1971*x1*x3/1000000 + 1119*x1*x4/125000 - 1259*x1*x5/100000 + 1601*x1*x6/500000 - 1189*x1*x7/100000 + 359*x1*x8/100000 - 3361*x1*x9/500000 - 6817*x1/100000 + 687*x10**2/250 - 2799*x10*x11/50000 + 9771*x10*x12/1000000 - 83*x10*x13/40000 - 4481*x10*x14/500000 + 2273*x10*x15/1000000 + 8923*x10*x16/1000000 - 1321*x10*x17/100000 + 3231*x10*x2/100000 + 3909*x10*x3/1000000 + 503*x10*x4/50000 - 1859*x10*x5/100000 - 2253*x10*x6/100000 + 7287*x10*x7/1000000 - 1427*x10*x8/200000 + 307*x10*x9/125000 + 1363*x10/10000 + 2721*x11**2/1000 - 11*x11*x12/500 - 79*x11*x13/6250 + 2369*x11*x14/1000000 - 679*x11*x15/50000 - 1243*x11*x16/100000 - 1239*x11*x17/100000 - 437*x11*x2/20000 - 2359*x11*x3/1000000 - 3299*x11*x4/100000 - 1809*x11*x5/100000 - 2703*x11*x6/100000 - 4473*x11*x7/500000 - 143*x11*x8/6250 - 329*x11*x9/40000 + 307*x11/2000 + 1363*x12**2/500 - 899*x12*x13/50000 + 4089*x12*x14/500000 - 269*x12*x15/20000 - 1347*x12*x16/200000 - 1229*x12*x17/100000 + 1227*x12*x2/200000 + 4827*x12*x3/1000000 - 2179*x12*x4/100000 - 6819*x12*x5/1000000 - 1903*x12*x6/50000 + 959*x12*x7/125000 - 1727*x12*x8/100000 - 2529*x12*x9/1000000 + 103*x12/625 + 341*x13**2/125 - 3563*x13*x14/1000000 + 2093*x13*x15/1000000 + 3163*x13*x16/1000000 - 8049*x13*x17/1000000 + 1563*x13*x2/100000 + 267*x13*x3/25000 - 153*x13*x4/12500 - 483*x13*x5/200000 - 11*x13*x6/625 + 7157*x13*x7/1000000 - 1279*x13*x8/100000 + 7747*x13*x9/1000000 + 1251*x13/10000 + 547*x14**2/200 - 1853*x14*x15/50000 + 1851*x14*x16/100000 - 1449*x14*x17/100000 + 2509*x14*x2/100000 + 447*x14*x3/200000 - 2493*x14*x4/100000 + 1289*x14*x5/100000 - 493*x14*x6/20000 + 1623*x14*x7/250000 - 711*x14*x8/50000 + 273*x14*x9/40000 + 739*x14/10000 + 341*x15**2/125 - 221*x15*x16/25000 + 537*x15*x17/250000 - 1079*x15*x2/500000 + 2607*x15*x3/1000000 - 493*x15*x4/200000 - 547*x15*x5/62500 - 1311*x15*x6/100000 + 1187*x15*x7/1000000 - 2909*x15*x8/1000000 - 1929*x15*x9/500000 + 9089*x15/100000 + 2731*x16**2/1000 - 303*x16*x17/12500 + 2691*x16*x2/100000 + 3699*x16*x3/1000000 - 2311*x16*x4/100000 - 229*x16*x5/100000 - 169*x16*x6/5000 + 7163*x16*x7/1000000 - 1841*x16*x8/100000 + 563*x16*x9/250000 + 1251*x16/10000 + 109*x17**2/40 - 149*x17*x2/12500 + 3617*x17*x3/1000000 - 1779*x17*x4/100000 - 7889*x17*x5/1000000 - 7*x17*x6/400 - 3839*x17*x7/1000000 - 51*x17*x8/4000 - 1621*x17*x9/500000 + 1251*x17/10000 + 11*x2**2/4 + 393*x2*x3/20000 - 2121*x2*x4/100000 + 4741*x2*x5/1000000 - 1201*x2*x6/25000 + 153*x2*x7/6250 - 2203*x2*x8/100000 + 1969*x2*x9/100000 + 1877*x2/10000 + 3503*x3**2/1000 - 239*x3*x4/40000 + 1889*x3*x5/500000 - 543*x3*x6/50000 + 379*x3*x7/50000 - 1039*x3*x8/1000000 + 4181*x3*x9/500000 + 199*x3/1250 + 2727*x4**2/1000 - 4491*x4*x5/100000 - 313*x4*x6/20000 - 8667*x4*x7/1000000 - 1691*x4*x8/100000 - 263*x4*x9/20000 + 881*x4/5000 + 109*x5**2/40 - 349*x5*x6/12500 + 869*x5*x7/500000 - 1823*x5*x8/100000 - 3139*x5*x9/1000000 + 327*x5/2500 + 2721*x6**2/1000 - 1237*x6*x7/50000 - 2703*x6*x8/100000 - 37*x6*x9/2000 + 483*x6/2500 + 2727*x7**2/1000 - 8909*x7*x8/1000000 + 273*x7*x9/40000 + 739*x7/10000 + 1361*x8**2/500 - 1911*x8*x9/100000 + 199*x8/1250 + 2729*x9**2/1000 + 1023*x9/10000 + 1421/500",
    "Q": "[[2.8424333544885343, 0.05210042797320706, 0.08004088095879264, 0.03633992414476173, 0.09556853996509712, 0.06434542012738721, 0.0878228647724698, 0.07849207791977676, 0.09309124623354545, 0.062111807808097635, 0.06185490467557798, 0.044190454809285025, 0.036583952022464755, 0.06378796062127265, 0.08305275018674639, 0.07685190767568019, 0.06942854526214874, -0.03275934295158289], [0.05210042797320706, 2.7284991005740338, -0.010539803345503014, 0.004622540424274414, -0.009879004875297638, -0.0017694767616277536, -0.006647028235619533, 0.003922231744230648, 0.010400940071701635, -0.0021330445242242094, 0.0009202667176485636, -0.0019498480922231244, 0.004502857109047558, 0.0030679594973420277, -0.002110595859951253, -0.004066875992730251, 0.00011408135235886876, -0.004604845298817019], [0.08004088095879264, -0.010539803345503014, 2.722654896432436, -0.0033102325045969074, -0.012841491071546276, -0.008627253675974073, -0.009434611659237844, -0.000760419460183739, -0.010010646047092314, -0.006694607526982654, -0.008247709379716217, -0.0016810633786925454, -0.006670535819875749, -0.006709108742165454, -0.009625313013322772, -0.011840153915381485, -0.002831985274043851, 0.0007038701819517144], [0.03633992414476173, 0.004622540424274414, -0.0033102325045969074, 2.7275126052756082, -0.011827886823801051, 0.00052946380864952, -0.004458824072400038, 0.002993502954158511, 0.01301396573745293, -0.002132545426584056, 0.004535654269479112, 0.0016113254360411145, 0.0036593282765259682, 0.0025658971084436466, 0.0026201074145181897, -0.0031777125349794775, 0.002708360061412632, -0.004613916910875879], [0.09556853996509712, -0.009879004875297638, -0.012841491071546276, -0.011827886823801051, 2.7218307584448764, -0.01387204896818771, -0.008625277896061467, -0.005032388202493533, -0.02331480414955168, -0.008002961006572438, -0.016240939529932972, -0.005608459542016517, -0.012218119273014071, -0.009972071654920624, -0.018878921155502073, -0.012444809491671344, -0.010472978487459327, 0.0029752793970380747], [0.06434542012738721, -0.0017694767616277536, -0.008627253675974073, 0.00052946380864952, -0.01387204896818771, 2.7247361917367696, -0.021275237522965826, 0.0015940277115632552, 0.002195933746796601, -0.004560550924524048, -0.0019783189300215088, -0.00497919050811008, 0.006117586022748819, -0.0024323595049515552, -0.0034827531476226575, -0.009075818147414701, -0.009619664847489391, -0.007234180385370562], [0.0878228647724698, -0.006647028235619533, -0.009434611659237844, -0.004458824072400038, -0.008625277896061467, -0.021275237522965826, 2.7270741345976384, -0.0016341892797060089, -0.009373720297317718, -0.007830873858009258, -0.010287756548766777, -0.0020629001393481193, -0.013183418141822353, -0.0050749863124951175, -0.010610915367782466, -0.015169431396182681, 0.00508532067249908, 0.004670684318697238], [0.07849207791977676, 0.003922231744230648, -0.000760419460183739, 0.002993502954158511, -0.005032388202493533, 0.0015940277115632552, -0.0016341892797060089, 3.5033179104704875, 0.01064055798338968, 0.0004651500280586514, 0.0030779292170627706, 0.0015147440573747965, 0.001121884463896535, 0.00449460491914784, 0.0014705714382936552, -0.0007461545128734715, 0.002749967571999149, -0.0004890607028588737], [0.09309124623354545, 0.010400940071701635, -0.010010646047092314, 0.01301396573745293, -0.02331480414955168, 0.002195933746796601, -0.009373720297317718, 0.01064055798338968, 2.7491679453791407, -0.006484822814078365, 0.011961427506943543, -0.0009179636706809978, 0.011402899762273676, 0.006599101296309979, 0.002583052507206666, -0.009936786371682098, 0.01671176922141319, -0.004945005014228151], [0.062111807808097635, -0.0021330445242242094, -0.006694607526982654, -0.002132545426584056, -0.008002961006572438, -0.004560550924524048, -0.007830873858009258, 0.0004651500280586514, -0.006484822814078365, 2.724372492373293, -0.013386085991533994, 0.001363809864072191, -0.007143248066965531, -0.003828638492514244, -0.007303318560191098, -0.006716751321032607, -0.00757671500168116, -0.0006089567288974073], [0.06185490467557798, 0.0009202667176485636, -0.008247709379716217, 0.004535654269479112, -0.016240939529932972, -0.0019783189300215088, -0.010287756548766777, 0.0030779292170627706, 0.011961427506943543, -0.013386085991533994, 2.731112904004013, -0.005288083173804367, 0.008877660221470367, 0.002047530161382389, -0.0031355940615506654, -0.00518678070419234, 0.003786842577485266, -0.005460337965778477], [0.044190454809285025, -0.0019498480922231244, -0.0016810633786925454, 0.0016113254360411145, -0.005608459542016517, -0.00497919050811008, -0.0020629001393481193, 0.0015147440573747965, -0.0009179636706809978, 0.001363809864072191, -0.005288083173804367, 2.727671660214492, -0.018699289091065947, 0.001959176720543793, -0.006282509801102886, -0.006050898446946354, 0.0008695245779991878, -8.532042716433829e-05], [0.036583952022464755, 0.004502857109047558, -0.006670535819875749, 0.0036593282765259682, -0.012218119273014071, 0.006117586022748819, -0.013183418141822353, 0.001121884463896535, 0.011402899762273676, -0.007143248066965531, 0.008877660221470367, -0.018699289091065947, 2.734721636482101, -0.00248582572027219, 0.004687956292508451, -0.00014819354588350167, -0.005389100214365706, -0.006104163273163996], [0.06378796062127265, 0.0030679594973420277, -0.006709108742165454, 0.0025658971084436466, -0.009972071654920624, -0.0024323595049515552, -0.0050749863124951175, 0.00449460491914784, 0.006599101296309979, -0.003828638492514244, 0.002047530161382389, 0.001959176720543793, -0.00248582572027219, 2.728807970027149, -0.009042516547909276, -0.004980706153932055, -0.0006434283650870842, -0.002725615455804187], [0.08305275018674639, -0.002110595859951253, -0.009625313013322772, 0.0026201074145181897, -0.018878921155502073, -0.0034827531476226575, -0.010610915367782466, 0.0014705714382936552, 0.002583052507206666, -0.007303318560191098, -0.0031355940615506654, -0.006282509801102886, 0.004687956292508451, -0.009042516547909276, 2.7257045103281006, -0.010821703905343443, 0.0057312973855882625, -0.0010912581402217803], [0.07685190767568019, -0.004066875992730251, -0.011840153915381485, -0.0031777125349794775, -0.012444809491671344, -0.009075818147414701, -0.015169431396182681, -0.0007461545128734715, -0.009936786371682098, -0.006716751321032607, -0.00518678070419234, -0.006050898446946354, -0.00014819354588350167, -0.004980706153932055, -0.010821703905343443, 2.7210105793161854, -0.027938519951739075, -0.0054918213103437525], [0.06942854526214874, 0.00011408135235886876, -0.002831985274043851, 0.002708360061412632, -0.010472978487459327, -0.009619664847489391, 0.00508532067249908, 0.002749967571999149, 0.01671176922141319, -0.00757671500168116, 0.003786842577485266, 0.0008695245779991878, -0.005389100214365706, -0.0006434283650870842, 0.0057312973855882625, -0.027938519951739075, 2.74825214346578, 0.00803280210976777], [-0.03275934295158289, -0.004604845298817019, 0.0007038701819517144, -0.004613916910875879, 0.0029752793970380747, -0.007234180385370562, 0.004670684318697238, -0.0004890607028588737, -0.004945005014228151, -0.0006089567288974073, -0.005460337965778477, -8.532042716433829e-05, -0.006104163273163996, -0.002725615455804187, -0.0010912581402217803, -0.0054918213103437525, 0.00803280210976777, 2.731542161185025]]",
    "monomial_list": "[1, x9, x8, x7, x6, x5, x4, x3, x2, x17, x16, x15, x14, x13, x12, x11, x10, x1]"
}