{
    "name": "Multiplier-16",
    "rational_expression": "2731*x1**2/1000 + 3151*x1*x10/100000 - 257*x1*x11/20000 + 9439*x1*x12/1000000 - 9621*x1*x13/10000000 - 643*x1*x14/50000 + 271*x1*x15/50000 - 43*x1*x16/31250 + 5891*x1*x17/1000000 - 857*x1*x2/500000 + 3119*x1*x3/500000 + 403*x1*x4/20000 - 1191*x1*x5/100000 + 349*x1*x6/25000 - 6229*x1*x7/1000000 + 4801*x1*x8/500000 - 1389*x1*x9/250000 - 2037*x1/25000 + 2739*x10**2/1000 - 46*x10*x11/625 + 2241*x10*x12/1000000 - 51*x10*x13/2000 - 1811*x10*x14/50000 - 2519*x10*x15/500000 - 1227*x10*x16/100000 - 1681*x10*x17/100000 - 979*x10*x2/50000 - 1657*x10*x3/50000 + 1647*x10*x4/200000 - 3133*x10*x5/100000 - 267*x10*x6/20000 - 767*x10*x7/50000 - 2297*x10*x8/250000 - 1081*x10*x9/50000 + 9781*x10/100000 + 2717*x11**2/1000 - 1951*x11*x12/100000 - 93*x11*x13/10000 - 69*x11*x14/25000 - 67*x11*x15/6250 + 243*x11*x16/125000 - 1141*x11*x17/2500000 - 309*x11*x2/12500 - 8751*x11*x3/10000000 - 609*x11*x4/25000 - 149*x11*x5/10000 - 129*x11*x6/10000 - 9873*x11*x7/1000000 - 499*x11*x8/25000 - 5137*x11*x9/1000000 + 1141*x11/10000 + 2721*x12**2/1000 - 1839*x12*x13/50000 - 1689*x12*x14/500000 - 537*x12*x15/50000 - 679*x12*x16/125000 + 2543*x12*x17/500000 - 251*x12*x2/10000 - 1169*x12*x3/100000 - 701*x12*x4/50000 - 2091*x12*x5/500000 - 1923*x12*x6/100000 - 461*x12*x7/100000 - 1167*x12*x8/125000 - 267*x12*x9/25000 + 9233*x12/100000 + 2719*x13**2/1000 - 513*x13*x14/25000 + 1711*x13*x15/10000000 - 129*x13*x16/10000 - 88*x13*x17/15625 - 16*x13*x2/625 - 279*x13*x3/12500 - 1877*x13*x4/200000 - 51*x13*x5/5000 - 2287*x13*x6/250000 - 259*x13*x7/25000 - 261*x13*x8/12500 - 53*x13*x9/10000 + 747*x13/12500 + 2733*x14**2/1000 - 109*x14*x15/2000 + 4471*x14*x16/500000 - 2801*x14*x17/100000 - 4173*x14*x2/500000 - 2803*x14*x3/100000 - 4709*x14*x4/100000 + 167*x14*x5/25000 - 111*x14*x6/3125 - 69*x14*x7/15625 - 641*x14*x8/25000 - 2601*x14*x9/500000 + 9233*x14/100000 + 1363*x15**2/500 - 349*x15*x16/25000 + 409*x15*x17/25000 - 1081*x15*x2/100000 - 3323*x15*x3/100000000 + 5863*x15*x4/1000000 - 217*x15*x5/20000 + 1451*x15*x6/250000 + 371*x15*x7/4000000 + 2847*x15*x8/500000 - 2723*x15*x9/500000 + 547*x15/50000 + 873*x16**2/250 - 839*x16*x17/50000 - 711*x16*x2/200000 - 451*x16*x3/20000 - 1429*x16*x4/100000 - 4329*x16*x5/1000000 - 139*x16*x6/10000 - 4547*x16*x7/1000000 - 2387*x16*x8/250000 - 1047*x16*x9/200000 + 2037*x16/25000 + 2733*x17**2/1000 - 1169*x17*x2/100000 + 823*x17*x3/50000 + 529*x17*x4/50000 + 5201*x17*x5/1000000 + 671*x17*x6/25000 - 5639*x17*x7/1000000 + 5177*x17*x8/1000000 + 543*x17*x9/100000 - 13*x17/800 + 1357*x2**2/500 - 4987*x2*x3/100000 - 3023*x2*x4/100000 - 1503*x2*x5/100000 - 1029*x2*x6/25000 - 11*x2*x7/2500 - 3093*x2*x8/100000 - 267*x2*x9/25000 + 9233*x2/100000 + 2717*x3**2/1000 - 8371*x3*x4/10000000 - 1143*x3*x5/100000 + 1517*x3*x6/100000 - 557*x3*x7/25000 - 6617*x3*x8/10000000 - 41*x3*x9/2500 - 547*x3/12500 + 2731*x4**2/1000 - 2383*x4*x5/50000 + 1173*x4*x6/125000 - 301*x4*x7/20000 - 8691*x4*x8/1000000 - 1057*x4*x9/100000 + 1303*x4/10000 + 68*x5**2/25 - 363*x5*x6/25000 - 613*x5*x7/125000 - 9891*x5*x8/1000000 - 539*x5*x9/50000 + 747*x5/12500 + 2729*x6**2/1000 - 2577*x6*x7/100000 - 129*x6*x8/15625 - 2421*x6*x9/500000 + 63*x6/400 + 2719*x7**2/1000 - 101*x7*x8/10000 - 2583*x7*x9/500000 + 4907*x7/100000 + 1361*x8**2/500 - 539*x8*x9/20000 + 9233*x8/100000 + 68*x9**2/25 + 13*x9/800 + 679/250",
    "Q": "[[2.7155607921679157, 0.008201131283410436, 0.0473041932434219, 0.02479347814398385, 0.07758782677637086, 0.02883062488914682, 0.06509563987529768, -0.021491753642932772, 0.04539999866896044, -0.009172215817200352, 0.04152404410655102, 0.006666730641243164, 0.04638820998702004, 0.028711213268663344, 0.04615150613467929, 0.05636303693516511, 0.048129497238782015, -0.04088946171178185], [0.008201131283410436, 2.7196753820201396, -0.01258610134903823, -0.0014438200889263246, -0.0016707844191473705, -0.004232251183522433, -0.005220846768753809, -0.008255474321495175, -0.005374766007974816, 0.0032878209183772097, -0.003942505439219844, -0.002826707670485644, -0.0028106334800378384, -0.0038733801949651773, -0.005718729607767051, -0.0030150745850526903, -0.011041250049446264, -0.0025936963670436792], [0.0473041932434219, -0.01258610134903823, 2.7214846661558143, -0.005932333282758309, -0.0031942621907143603, -0.006014968045590344, -0.003567318378403844, -0.0009584657415189, -0.016022462209563503, 0.003896516571822231, -0.0053546812349071216, 0.0017513209270618349, -0.012409792811001907, -0.009102689901556209, -0.00547947032590029, -0.00968196355054058, -0.004304666398070929, 0.0038104581393379354], [0.02479347814398385, -0.0014438200889263246, -0.005932333282758309, 2.7191123627225986, -0.013690710849539382, -0.003200502361098998, -0.007616649995943898, -0.009908876986217936, -0.0015763458625895038, -0.00282319135122729, -0.0013911566703714768, 0.0002089130661848998, -0.0022579210061061464, -0.004709851652789709, -0.002839097871792657, -0.004538428629047385, -0.007966023653536181, -0.0037831334019189393], [0.07758782677637086, -0.0016707844191473705, -0.0031942621907143603, -0.013690710849539382, 2.7289921443966594, -0.006431626982571719, 0.004307307672184153, 0.008689609936185685, -0.019843575172699156, 0.012781849582024071, -0.006089648026443863, 0.001759187034120567, -0.01829216541142676, -0.005139376461858533, -0.0103948502459642, -0.006435397209559668, -0.006689132273092982, 0.0077073113312361215], [0.02883062488914682, -0.004232251183522433, -0.006014968045590344, -0.003200502361098998, -0.006431626982571719, 2.7201797896814366, -0.023857030474790358, -0.004961310739952126, -0.006594344198784109, 0.002257047287627178, -0.0009651044206618674, -0.005163599425628579, 0.003159620084467566, -0.006419466261851039, -0.0019078560129155472, -0.008206577304420539, -0.016860540811776684, -0.007131278899540987], [0.06509563987529768, -0.005220846768753809, -0.003567318378403844, -0.007616649995943898, 0.004307307672184153, -0.023857030474790358, 2.7304665367824, -0.0005892887123458365, -0.015263781147259386, 0.005355078743329692, -0.008073107946329917, 0.0022930523660647482, -0.022327639211242194, -0.005895516181817712, -0.006340346695295568, -0.01302320893286018, 0.0050155880829352755, 0.00996670723205038], [-0.021491753642932772, -0.008255474321495175, -0.0009584657415189, -0.009908876986217936, 0.008689609936185685, -0.004961310739952126, -0.0005892887123458365, 2.7168012227783054, -0.024270862478192014, 0.006995496639550315, -0.010406111945230875, 0.00012905951436410507, -0.014260145037049397, -0.010326633497341595, -0.006928834415302955, -0.0015983656810272466, -0.017682053797066756, 0.004334904789239181], [0.04539999866896044, -0.005374766007974816, -0.016022462209563503, -0.0015763458625895038, -0.019843575172699156, -0.006594344198784109, -0.015263781147259386, -0.024270862478192014, 2.7143150542423475, -0.006251882050025487, -0.0027817956429106536, -0.005159060898495849, -0.004088126689135674, -0.012025274143330428, -0.013138052942417607, -0.01260131727348396, -0.008716667602584705, 0.00038901556573797924], [-0.009172215817200352, 0.0032878209183772097, 0.003896516571822231, -0.00282319135122729, 0.012781849582024071, 0.002257047287627178, 0.005355078743329692, 0.006995496639550315, -0.006251882050025487, 2.7327792454797724, -0.008013439583107096, 0.009301352960302989, -0.015216453678866001, -0.002853725767357754, 0.003747346490570228, -0.0008705143616680155, -0.007676187973575559, 0.0034568267322573195], [0.04152404410655102, -0.003942505439219844, -0.0053546812349071216, -0.0013911566703714768, -0.006089648026443863, -0.0009651044206618674, -0.008073107946329917, -0.010406111945230875, -0.0027817956429106536, -0.008013439583107096, 3.491916477085988, -0.006941077302607943, 0.0038112736391320125, -0.004954120986029583, -0.0032273181763553386, -0.0005131197698177434, -0.0077426212099558295, -0.0018923360741517315], [0.006666730641243164, -0.002826707670485644, 0.0017513209270618349, 0.0002089130661848998, 0.001759187034120567, -0.005163599425628579, 0.0022930523660647482, 0.00012905951436410507, -0.005159060898495849, 0.009301352960302989, -0.006941077302607943, 2.7259560502391027, -0.028058260960186352, 0.0010161019862896256, -0.005811795363143749, -0.005481240968816499, -0.0015194409730334294, 0.0018543481428102983], [0.04638820998702004, -0.0028106334800378384, -0.012409792811001907, -0.0022579210061061464, -0.01829216541142676, 0.003159620084467566, -0.022327639211242194, -0.014260145037049397, -0.004088126689135674, -0.015216453678866001, 0.0038112736391320125, -0.028058260960186352, 2.7329796367825585, -0.011388602347112276, -0.0020682026427509543, -0.0009890587675062729, -0.017370042393308652, -0.006951110017811125], [0.028711213268663344, -0.0038733801949651773, -0.009102689901556209, -0.004709851652789709, -0.005139376461858533, -0.006419466261851039, -0.005895516181817712, -0.010326633497341595, -0.012025274143330428, -0.002853725767357754, -0.004954120986029583, 0.0010161019862896256, -0.011388602347112276, 2.718496450788772, -0.01851535293758119, -0.005186394037764761, -0.013993305391193278, -0.0009102793199650394], [0.04615150613467929, -0.005718729607767051, -0.00547947032590029, -0.002839097871792657, -0.0103948502459642, -0.0019078560129155472, -0.006340346695295568, -0.006928834415302955, -0.013138052942417607, 0.003747346490570228, -0.0032273181763553386, -0.005811795363143749, -0.0020682026427509543, -0.01851535293758119, 2.720759598721719, -0.008778982677462882, -0.00015720667098020216, 0.0037278297100355935], [0.05636303693516511, -0.0030150745850526903, -0.00968196355054058, -0.004538428629047385, -0.006435397209559668, -0.008206577304420539, -0.01302320893286018, -0.0015983656810272466, -0.01260131727348396, -0.0008705143616680155, -0.0005131197698177434, -0.005481240968816499, -0.0009890587675062729, -0.005186394037764761, -0.008778982677462882, 2.7179057013967003, -0.03767367028441107, -0.006456570048416461], [0.048129497238782015, -0.011041250049446264, -0.004304666398070929, -0.007966023653536181, -0.006689132273092982, -0.016860540811776684, 0.0050155880829352755, -0.017682053797066756, -0.008716667602584705, -0.007676187973575559, -0.0077426212099558295, -0.0015194409730334294, -0.017370042393308652, -0.013993305391193278, -0.00015720667098020216, -0.03767367028441107, 2.7391895488024596, 0.015319716428189007], [-0.04088946171178185, -0.0025936963670436792, 0.0038104581393379354, -0.0037831334019189393, 0.0077073113312361215, -0.007131278899540987, 0.00996670723205038, 0.004334904789239181, 0.00038901556573797924, 0.0034568267322573195, -0.0018923360741517315, 0.0018543481428102983, -0.006951110017811125, -0.0009102793199650394, 0.0037278297100355935, -0.006456570048416461, 0.015319716428189007, 2.731132668165237]]",
    "monomial_list": "[1, x9, x8, x7, x6, x5, x4, x3, x2, x17, x16, x15, x14, x13, x12, x11, x10, x1]"
}