{
    "name": "Multiplier-17",
    "rational_expression": "2731*x1**2/1000 + 4*x1*x10/125 - 317*x1*x11/25000 + 713*x1*x12/200000 - 347*x1*x13/400000 - 1163*x1*x14/100000 - 1027*x1*x15/1000000 - 5877*x1*x16/1000000 + 1521*x1*x17/250000 - 1509*x1*x2/1000000 + 5021*x1*x3/1000000 + 1439*x1*x4/100000 - 1761*x1*x5/100000 + 4161*x1*x6/500000 - 1533*x1*x7/250000 + 1917*x1*x8/500000 - 6313*x1*x9/1000000 - 129*x1/2000 + 2741*x10**2/1000 - 7313*x10*x11/100000 - 81*x10*x12/40000 - 2539*x10*x13/100000 - 53*x10*x14/2000 - 1143*x10*x15/125000 + 1759*x10*x16/2000000 - 627*x10*x17/50000 - 1359*x10*x2/100000 - 4269*x10*x3/100000 + 2237*x10*x4/250000 - 723*x10*x5/20000 - 1809*x10*x6/100000 - 767*x10*x7/50000 - 8517*x10*x8/1000000 - 2609*x10*x9/100000 + 43*x10/500 + 2717*x11**2/1000 - 2221*x11*x12/100000 - 691*x11*x13/50000 + 717*x11*x14/500000 - 963*x11*x15/50000 - 1073*x11*x16/250000 - 4621*x11*x17/1000000 - 18*x11*x2/625 - 4727*x11*x3/500000 - 833*x11*x4/25000 - 2417*x11*x5/100000 - 2141*x11*x6/100000 - 9511*x11*x7/1000000 - 2359*x11*x8/100000 - 1451*x11*x9/100000 + 84*x11/625 + 2717*x12**2/1000 - 2053*x12*x13/50000 + 7163*x12*x14/1000000 - 303*x12*x15/12500 - 1507*x12*x16/100000 - 1151*x12*x17/250000 - 339*x12*x2/10000 - 193*x12*x3/6250 - 1367*x12*x4/50000 - 161*x12*x5/12500 - 3749*x12*x6/100000 - 587*x12*x7/62500 - 2323*x12*x8/100000 - 633*x12*x9/25000 + 363*x12/2500 + 2719*x13**2/1000 - 1557*x13*x14/100000 - 757*x13*x15/200000 - 1203*x13*x16/250000 - 2903*x13*x17/500000 - 2497*x13*x2/100000 - 2633*x13*x3/100000 - 273*x13*x4/20000 - 731*x13*x5/50000 - 329*x13*x6/25000 - 509*x13*x7/50000 - 1999*x13*x8/100000 - 251*x13*x9/25000 + 437*x13/6250 + 2733*x14**2/1000 - 1077*x14*x15/20000 + 563*x14*x16/25000 - 6493*x14*x17/1000000 + 343*x14*x2/250000 - 1071*x14*x3/50000 - 3151*x14*x4/100000 + 59*x14*x5/5000 - 1023*x14*x6/50000 + 1877*x14*x7/5000000 - 769*x14*x8/50000 - 4891*x14*x9/1000000 + 3217*x14/100000 + 109*x15**2/40 - 2671*x15*x16/100000 - 5401*x15*x17/1000000 - 981*x15*x2/50000 - 251*x15*x3/25000 - 7851*x15*x4/1000000 - 717*x15*x5/50000 - 157*x15*x6/12500 - 2201*x15*x7/500000 - 1719*x15*x8/200000 - 757*x15*x9/50000 + 43*x15/500 + 2733*x16**2/1000 - 1363*x16*x17/100000 + 1271*x16*x2/1000000 - 267*x16*x3/10000 - 61*x16*x4/4000 - 32*x16*x5/3125 - 523*x16*x6/20000 + 2813*x16*x7/10000000 - 1557*x16*x8/100000 - 799*x16*x9/50000 + 1083*x16/50000 + 1747*x17**2/500 - 9113*x17*x2/1000000 - 32*x17*x3/3125 + 2733*x17*x4/1000000 - 949*x17*x5/250000 + 3411*x17*x6/1000000 - 4643*x17*x7/1000000 - 783*x17*x8/250000 - 99*x17*x9/10000 + 8067*x17/100000 + 679*x2**2/250 - 529*x2*x3/10000 - 683*x2*x4/20000 - 481*x2*x5/25000 - 4437*x2*x6/100000 - 2053*x2*x7/500000 - 3523*x2*x8/100000 - 743*x2*x9/50000 + 43*x2/400 + 339*x3**2/125 - 2019*x3*x4/100000 - 2089*x3*x5/100000 - 9069*x3*x6/1000000 - 429*x3*x7/20000 - 377*x3*x8/25000 - 167*x3*x9/6250 + 151*x3/4000 + 1363*x4**2/500 - 5607*x4*x5/100000 - 8871*x4*x6/1000000 - 289*x4*x7/20000 - 1723*x4*x8/100000 - 2497*x4*x9/100000 + 43*x4/250 + 2719*x5**2/1000 - 87*x5*x6/3125 - 9797*x5*x7/1000000 - 949*x5*x8/50000 - 743*x5*x9/50000 + 43*x5/400 + 2721*x6**2/1000 - 1511*x6*x7/50000 - 2131*x6*x8/100000 - 1903*x6*x9/100000 + 1103*x6/5000 + 2719*x7**2/1000 - 741*x7*x8/50000 - 597*x7*x9/125000 + 43*x7/800 + 2719*x8**2/1000 - 1817*x8*x9/50000 + 699*x8/5000 + 1359*x9**2/500 + 437*x9/6250 + 2689/1000",
    "Q": "[[2.689092293189636, 0.03613054232118725, 0.0706120459004277, 0.027533087062767886, 0.1115481731734812, 0.054417504800035515, 0.0866236737136687, 0.020048864665868412, 0.053175359698256604, 0.03986108499303077, 0.011769317930550605, 0.04308970290260982, 0.016490957130943788, 0.03396700426885827, 0.07391108720547135, 0.0678877580513402, 0.04227736706942517, -0.03344785865920266], [0.03613054232118725, 2.7183339917213045, -0.016782052408217965, -0.002531251614517675, -0.009508008587726971, -0.007848458187231734, -0.011226831726307472, -0.012654762122469031, -0.008766154409532649, -0.00365130376519148, -0.007521926291902398, -0.006264286570477306, -0.0012787498446112523, -0.005838404825513903, -0.011243288322617907, -0.006082558486498596, -0.01333980032122572, -0.003734489987392764], [0.0706120459004277, -0.016782052408217965, 2.719010102378092, -0.006635253998205246, -0.011280950321962704, -0.010666684174735295, -0.009085112077458254, -0.007920802420632825, -0.018218206221349852, -0.0014751170750315426, -0.0074285140222161376, -0.0039032092163690233, -0.008308060894156406, -0.010131516857678942, -0.01175219997206736, -0.011992365434954268, -0.004918869498377081, 0.001973194809110189], [0.027533087062767886, -0.002531251614517675, -0.006635253998205246, 2.71947351635305, -0.013967307170607141, -0.004089544213251676, -0.008330828938034903, -0.010563019791322526, -0.0018420444326104632, -0.0029557579998853827, -0.0006671930729999721, -0.0013500893843718983, -0.001081893785031739, -0.0046474934105484155, -0.0038053050248838764, -0.0049290465317439755, -0.007723841488883302, -0.0038730753015518886], [0.1115481731734812, -0.009508008587726971, -0.011280950321962704, -0.013967307170607141, 2.7205117889129116, -0.013381987451820303, -0.0056097233750338794, -0.0037687584596673646, -0.02320434718466628, 0.0020380395532085226, -0.011827281858727754, -0.006696789543529848, -0.01130477442346601, -0.007523938816918776, -0.01962515991358422, -0.010275494720975633, -0.007654789163566927, 0.004116504012302144], [0.054417504800035515, -0.007848458187231734, -0.010666684174735295, -0.004089544213251676, -0.013381987451820303, 2.7189497414082093, -0.028041751048138795, -0.009490026102680838, -0.00971095449658718, -0.0031788486390741362, -0.005671735844315715, -0.008478198859386492, 0.004556658041746244, -0.008048119427287427, -0.007518165919102595, -0.010698355798826534, -0.01894717984900889, -0.008035711256426733], [0.0866236737136687, -0.011226831726307472, -0.009085112077458254, -0.008330828938034903, -0.0056097233750338794, -0.028041751048138795, 2.726320126750067, -0.009215779245291945, -0.017443266305873614, 0.00014539708996948435, -0.008033271661221286, -0.00486385575908835, -0.01615489764073691, -0.007048812208393835, -0.01336155617196675, -0.015393598028710724, 0.005481081579312756, 0.007655353923374094], [0.020048864665868412, -0.012654762122469031, -0.007920802420632825, -0.010563019791322526, -0.0037687584596673646, -0.009490026102680838, -0.009215779245291945, 2.7126900050539686, -0.02753953887384649, -0.005460608177900814, -0.014454052052095519, -0.004646913146878584, -0.011259738481803686, -0.012411076383368433, -0.014676867749040074, -0.005489504416559683, -0.020144733839652897, 0.001727834345510161], [0.053175359698256604, -0.008766154409532649, -0.018218206221349852, -0.0018420444326104632, -0.02320434718466628, -0.00971095449658718, -0.017443266305873614, -0.02753953887384649, 2.7155085098469853, -0.005231577276214128, 0.0005209074433496112, -0.010547324752613897, 0.0007967077601291588, -0.012007987656834406, -0.0155451930977494, -0.01371393032759354, -0.007232060463687296, -0.0003340884735604688], [0.03986108499303077, -0.00365130376519148, -0.0014751170750315426, -0.0029557579998853827, 0.0020380395532085226, -0.0031788486390741362, 0.00014539708996948435, -0.005460608177900814, -0.005231577276214128, 3.4931600583346745, -0.005385866339147771, -0.0012297809246083397, -0.004751901042303454, -0.0032129097369516333, -0.0027741490078072974, -0.0011117826156227515, -0.004795555913258026, 0.0017377751699411738], [0.011769317930550605, -0.007521926291902398, -0.0074285140222161376, -0.0006671930729999721, -0.011827281858727754, -0.005671735844315715, -0.008033271661221286, -0.014454052052095519, 0.0005209074433496112, -0.005385866339147771, 2.733034881405678, -0.013895666960900591, 0.012507436462100324, -0.0025990696199599175, -0.006313105000797001, -0.001928629035186151, 0.001036419907833855, -0.0038527351439358527], [0.04308970290260982, -0.006264286570477306, -0.0039032092163690233, -0.0013500893843718983, -0.006696789543529848, -0.008478198859386492, -0.00486385575908835, -0.004646913146878584, -0.010547324752613897, -0.0012297809246083397, -0.013895666960900591, 2.7253190864470445, -0.027887369186987906, -0.0017738081252675615, -0.012280949935031234, -0.008660363929311415, -0.005888992857784274, 0.0001700406771005605], [0.016490957130943788, -0.0012787498446112523, -0.008308060894156406, -0.001081893785031739, -0.01130477442346601, 0.004556658041746244, -0.01615489764073691, -0.011259738481803686, 0.0007967077601291588, -0.004751901042303454, 0.012507436462100324, -0.027887369186987906, 2.7329641562407696, -0.008942844660840232, 0.0028354553472812617, 0.0011998432101714511, -0.012884339760737848, -0.005352138269442983], [0.03396700426885827, -0.005838404825513903, -0.010131516857678942, -0.0046474934105484155, -0.007523938816918776, -0.008048119427287427, -0.007048812208393835, -0.012411076383368433, -0.012007987656834406, -0.0032129097369516333, -0.0025990696199599175, -0.0017738081252675615, -0.008942844660840232, 2.7188887184742305, -0.01923809490769601, -0.005778875702632429, -0.012643301637271016, -0.0013515341874822588], [0.07391108720547135, -0.011243288322617907, -0.01175219997206736, -0.0038053050248838764, -0.01962515991358422, -0.007518165919102595, -0.01336155617196675, -0.014676867749040074, -0.0155451930977494, -0.0027741490078072974, -0.006313105000797001, -0.012280949935031234, 0.0028354553472812617, -0.01923809490769601, 2.7173594226589897, -0.011689871191094311, -0.001599098265795135, 0.001411480395523981], [0.0678877580513402, -0.006082558486498596, -0.011992365434954268, -0.0049290465317439755, -0.010275494720975633, -0.010698355798826534, -0.015393598028710724, -0.005489504416559683, -0.01371393032759354, -0.0011117826156227515, -0.001928629035186151, -0.008660363929311415, 0.0011998432101714511, -0.005778875702632429, -0.011689871191094311, 2.717501188312817, -0.03619588338094182, -0.006839877471106175], [0.04227736706942517, -0.01333980032122572, -0.004918869498377081, -0.007723841488883302, -0.007654789163566927, -0.01894717984900889, 0.005481081579312756, -0.020144733839652897, -0.007232060463687296, -0.004795555913258026, 0.001036419907833855, -0.005888992857784274, -0.012884339760737848, -0.012643301637271016, -0.001599098265795135, -0.03619588338094182, 2.740548227737587, 0.01475868881127959], [-0.03344785865920266, -0.003734489987392764, 0.001973194809110189, -0.0038730753015518886, 0.004116504012302144, -0.008035711256426733, 0.007655353923374094, 0.001727834345510161, -0.0003340884735604688, 0.0017377751699411738, -0.0038527351439358527, 0.0001700406771005605, -0.005352138269442983, -0.0013515341874822588, 0.001411480395523981, -0.006839877471106175, 0.01475868881127959, 2.7307075906315172]]",
    "monomial_list": "[1, x9, x8, x7, x6, x5, x4, x3, x2, x17, x16, x15, x14, x13, x12, x11, x10, x1]"
}