{
    "name": "Multiplier-9",
    "rational_expression": "683*x1**2/250 + 1557*x1*x10/50000 - 681*x1*x11/50000 + 4113*x1*x12/500000 - 417*x1*x13/250000 - 127*x1*x14/10000 + 4573*x1*x15/1000000 - 7281*x1*x16/1000000 - 3*x1*x17/1600 + 337*x1*x2/125000 + 2481*x1*x3/500000 + 1907*x1*x4/100000 - 1267*x1*x5/100000 + 319*x1*x6/25000 - 6717*x1*x7/1000000 + 1809*x1*x8/200000 - 1127*x1*x9/1000000 - 8049*x1/100000 + 2739*x10**2/1000 - 1789*x10*x11/25000 - 1239*x10*x12/200000 - 2931*x10*x13/100000 - 3593*x10*x14/100000 - 3853*x10*x15/1000000 - 651*x10*x16/50000 - 2423*x10*x17/100000 - 459*x10*x2/20000 - 3153*x10*x3/100000 + 2427*x10*x4/500000 - 891*x10*x5/25000 - 1663*x10*x6/100000 - 2011*x10*x7/100000 - 2479*x10*x8/1000000 - 621*x10*x9/50000 + 1181*x10/10000 + 2717*x11**2/1000 - 2641*x11*x12/100000 - 1797*x11*x13/100000 - 2023*x11*x14/1000000 - 89*x11*x15/6250 - 601*x11*x16/50000 - 1793*x11*x17/100000 - 3247*x11*x2/100000 - 4867*x11*x3/500000 - 803*x11*x4/25000 - 463*x11*x5/25000 - 1279*x11*x6/50000 - 277*x11*x7/20000 - 471*x11*x8/20000 + 109*x11*x9/50000 + 389*x11/2500 + 1359*x12**2/500 - 993*x12*x13/25000 - 187*x12*x14/100000 - 989*x12*x15/50000 - 2283*x12*x16/100000 - 891*x12*x17/50000 - 129*x12*x2/4000 - 2067*x12*x3/100000 - 329*x12*x4/12500 - 51*x12*x5/4000 - 917*x12*x6/25000 - 4241*x12*x7/500000 - 1243*x12*x8/100000 - 457*x12*x9/100000 + 161*x12/1000 + 1359*x13**2/500 - 2499*x13*x14/100000 - 3909*x13*x15/1000000 - 333*x13*x16/25000 - 12*x13*x17/625 - 143*x13*x2/5000 - 1053*x13*x3/50000 - 893*x13*x4/50000 - 701*x13*x5/50000 - 1729*x13*x6/100000 - 733*x13*x7/50000 - 39*x13*x8/2000 - 5607*x13*x9/1000000 + 51*x13/500 + 273*x14**2/100 - 2673*x14*x15/50000 + 2039*x14*x16/250000 - 1247*x14*x17/50000 - 3687*x14*x2/500000 - 53*x14*x3/2500 - 4061*x14*x4/100000 + 7431*x14*x5/1000000 - 1433*x14*x6/50000 - 1031*x14*x7/250000 - 199*x14*x8/10000 + 1203*x14*x9/1000000 + 8581*x14/100000 + 681*x15**2/250 - 739*x15*x16/50000 + 1469*x15*x17/1000000 - 711*x15*x2/50000 - 5027*x15*x3/1000000 - 627*x15*x4/200000 - 1503*x15*x5/100000 - 8389*x15*x6/1000000 + 4461*x15*x7/5000000 + 711*x15*x8/500000 - 6211*x15*x9/1000000 + 5903*x15/100000 + 2723*x16**2/1000 - 1761*x16*x17/50000 - 7*x16*x2/400 - 2097*x16*x3/100000 - 351*x16*x4/12500 - 11*x16*x5/800 - 3313*x16*x6/100000 - 9209*x16*x7/1000000 - 1359*x16*x8/100000 - 1049*x16*x9/200000 + 1127*x16/10000 + 68*x17**2/25 - 711*x17*x2/25000 - 1007*x17*x3/100000 - 1751*x17*x4/100000 - 1383*x17*x5/100000 - 1689*x17*x6/100000 - 9209*x17*x7/1000000 - 1359*x17*x8/100000 - 1049*x17*x9/200000 + 1127*x17/10000 + 1357*x2**2/500 - 4781*x2*x3/100000 - 4297*x2*x4/100000 - 1839*x2*x5/100000 - 947*x2*x6/20000 - 4249*x2*x7/500000 - 863*x2*x8/25000 - 4857*x2*x9/1000000 + 389*x2/2500 + 679*x3**2/250 - 1483*x3*x4/100000 - 311*x3*x5/20000 - 59*x3*x6/15625 - 2141*x3*x7/100000 + 7839*x3*x8/10000000 - 1363*x3*x9/100000 + 321*x3/10000 + 1363*x4**2/500 - 1257*x4*x5/25000 - 267*x4*x6/20000 - 379*x4*x7/20000 - 233*x4*x8/20000 - 1137*x4*x9/100000 + 483*x4/2500 + 68*x5**2/25 - 2243*x5*x6/100000 - 1859*x5*x7/200000 - 1373*x5*x8/100000 + 751*x5*x9/500000 + 1073*x5/10000 + 68*x6**2/25 - 2899*x6*x7/100000 - 1641*x6*x8/100000 - 359*x6*x9/100000 + 2309*x6/10000 + 68*x7**2/25 - 359*x7*x8/25000 - 5697*x7*x9/1000000 + 8049*x7/100000 + 2727*x8**2/1000 - 251*x8*x9/50000 + 1287*x8/10000 + 699*x9**2/200 + 1879*x9/25000 + 2683/1000",
    "Q": "[[2.683079328205376, 0.03751985243119227, 0.06558664661641342, 0.039790581550426, 0.11642503961036278, 0.05426551246729794, 0.09678724781178744, 0.016196814864335145, 0.07716750117663937, 0.0567175993544882, 0.0550110347153993, 0.029360252016405755, 0.04362551678345945, 0.05133497900803637, 0.08112091244848488, 0.07762875793034686, 0.059456144103959774, -0.03991350039202926], [0.03751985243119227, 3.494359331354145, -0.002227379819851545, -0.001328461715571289, -0.0017902896193605245, -0.0004282886133463477, -0.004339505102412214, -0.005181033978857378, -0.002482174550849306, -0.0026453636927005007, -0.0013146395541187852, -0.0034507383903403465, 0.00047162749339633704, -0.003127261898351789, -0.0015738080816257442, -1.015122018404042e-05, -0.006802732109031452, -0.0003378501764595633], [0.06558664661641342, -0.002227379819851545, 2.726743397000828, -0.007465924117804557, -0.008108613364248651, -0.006171785116955105, -0.005784351033333077, -0.00024307602811593742, -0.0165491465749487, -0.00691873779334456, -0.0074395205349731125, -6.147838760291555e-05, -0.010671896625361266, -0.010077388040300672, -0.006525496203559005, -0.010483975707183202, -0.0007125555883425726, 0.004867889150689683], [0.039790581550426, -0.001328461715571289, -0.007465924117804557, 2.719452269007401, -0.015378458113328723, -0.004645872124986518, -0.010029557344300234, -0.01065612035562012, -0.003801062312641764, -0.005717663979474095, -0.00371515031152637, -0.0008799853345910647, -0.0025731041928374987, -0.006024638808605494, -0.005212568212092781, -0.0062926750035330195, -0.009325191333828154, -0.0035283839800423797], [0.11642503961036278, -0.0017902896193605245, -0.008108613364248651, -0.015378458113328723, 2.720269488737676, -0.012245357791573295, -0.007190855083706092, -0.0013688982289077236, -0.025050294877824272, -0.007521675470695159, -0.01627475536976191, -0.004409203559708625, -0.014755959101249858, -0.009869243963190938, -0.019320795804952776, -0.011608913357052263, -0.009075346702203469, 0.005394917875446575], [0.05426551246729794, -0.0004282886133463477, -0.006171785116955105, -0.004645872124986518, -0.012245357791573295, 2.7200893788699485, -0.02594004796348444, -0.006494927432091778, -0.009029809337678402, -0.005982990030694452, -0.005670009496432967, -0.006881237651022022, 0.003274006229531332, -0.008298820179094474, -0.0054707614702832145, -0.010264084287822705, -0.016612454885580958, -0.006440342781751083], [0.09678724781178744, -0.004339505102412214, -0.005784351033333077, -0.010029557344300234, -0.007190855083706092, -0.02594004796348444, 2.7254210339162808, -0.006089895454651764, -0.02011581740742187, -0.009556590856552628, -0.014216560581753029, -0.002119390954464612, -0.019867272879909897, -0.009519551013030075, -0.013481953234277687, -0.016500119925388825, 0.002498563743635506, 0.008531589050322396], [0.016196814864335145, -0.005181033978857378, -0.00024307602811593742, -0.01065612035562012, -0.0013688982289077236, -0.006494927432091778, -0.006089895454651764, 2.7162739371911044, -0.024475058573195888, -0.00472228118669958, -0.011524875573750036, -0.0026165966411109843, -0.011595834392446073, -0.011461119174816544, -0.010519263299547613, -0.0041938696538197495, -0.015512105723465333, 0.0035523987062300744], [0.07716750117663937, -0.002482174550849306, -0.0165491465749487, -0.003801062312641764, -0.025050294877824272, -0.009029809337678402, -0.02011581740742187, -0.024475058573195888, 2.713982966599111, -0.014056845459184118, -0.007976929684909715, -0.0074031918584487235, -0.004217788723033259, -0.014397495095860795, -0.016776817532696345, -0.015456358365987815, -0.010649131463580147, 0.0004599029765532873], [0.0567175993544882, -0.0026453636927005007, -0.00691873779334456, -0.005717663979474095, -0.007521675470695159, -0.005982990030694452, -0.009556590856552628, -0.00472228118669958, -0.014056845459184118, 2.719978286083357, -0.01892890641546382, 0.001011384235063393, -0.0112307465819742, -0.008169046043824393, -0.010133752837102893, -0.007821080132184603, -0.012849581407909195, 0.0003072224465670362], [0.0550110347153993, -0.0013146395541187852, -0.0074395205349731125, -0.00371515031152637, -0.01627475536976191, -0.005670009496432967, -0.014216560581753029, -0.011524875573750036, -0.007976929684909715, -0.01892890641546382, 2.7227592789020814, -0.008646305778062396, 0.0030228259665067946, -0.007311666648249796, -0.010349014092257533, -0.006066110311500142, -0.0068306973525022, -0.0028734630619927544], [0.029360252016405755, -0.0034507383903403465, -6.147838760291555e-05, -0.0008799853345910647, -0.004409203559708625, -0.006881237651022022, -0.002119390954464612, -0.0026165966411109843, -0.0074031918584487235, 0.001011384235063393, -0.008646305778062396, 2.7244486520355133, -0.025563546150469855, -0.0007321083383321802, -0.009105125071782853, -0.007100770459149609, -0.0022133235616667917, 0.0011052231962865814], [0.04362551678345945, 0.00047162749339633704, -0.010671896625361266, -0.0025731041928374987, -0.014755959101249858, 0.003274006229531332, -0.019867272879909897, -0.011595834392446073, -0.004217788723033259, -0.0112307465819742, 0.0030228259665067946, -0.025563546150469855, 2.730097435062481, -0.011338960740107259, -0.0010042833236869285, -0.0017596139396573295, -0.01729875256791545, -0.005310353321455863], [0.05133497900803637, -0.003127261898351789, -0.010077388040300672, -0.006024638808605494, -0.009869243963190938, -0.008298820179094474, -0.009519551013030075, -0.011461119174816544, -0.014397495095860795, -0.008169046043824393, -0.007311666648249796, -0.0007321083383321802, -0.011338960740107259, 2.7183724695918916, -0.020252198300739755, -0.007711135128093139, -0.014654468666546534, -0.0006399255457930225], [0.08112091244848488, -0.0015738080816257442, -0.006525496203559005, -0.005212568212092781, -0.019320795804952776, -0.0054707614702832145, -0.013481953234277687, -0.010519263299547613, -0.016776817532696345, -0.010133752837102893, -0.010349014092257533, -0.009105125071782853, -0.0010042833236869285, -0.020252198300739755, 2.718720507120261, -0.012090668900288216, -0.001932492399694113, 0.002989820452369242], [0.07762875793034686, -1.015122018404042e-05, -0.010483975707183202, -0.0062926750035330195, -0.011608913357052263, -0.010264084287822705, -0.016500119925388825, -0.0041938696538197495, -0.015456358365987815, -0.007821080132184603, -0.006066110311500142, -0.007100770459149609, -0.0017596139396573295, -0.007711135128093139, -0.012090668900288216, 2.7172426350250656, -0.03606806155723412, -0.00551855396160556], [0.059456144103959774, -0.006802732109031452, -0.0007125555883425726, -0.009325191333828154, -0.009075346702203469, -0.016612454885580958, 0.002498563743635506, -0.015512105723465333, -0.010649131463580147, -0.012849581407909195, -0.0068306973525022, -0.0022133235616667917, -0.01729875256791545, -0.014654468666546534, -0.001932492399694113, -0.03606806155723412, 2.738397413364482, 0.015212104418158625], [-0.03991350039202926, -0.0003378501764595633, 0.004867889150689683, -0.0035283839800423797, 0.005394917875446575, -0.006440342781751083, 0.008531589050322396, 0.0035523987062300744, 0.0004599029765532873, 0.0003072224465670362, -0.0028734630619927544, 0.0011052231962865814, -0.005310353321455863, -0.0006399255457930225, 0.002989820452369242, -0.00551855396160556, 0.015212104418158625, 2.73207115733889]]",
    "monomial_list": "[1, x9, x8, x7, x6, x5, x4, x3, x2, x17, x16, x15, x14, x13, x12, x11, x10, x1]"
}