{
    "name": "Multiplier-7",
    "rational_expression": "2733*x1**2/1000 + 377*x1*x10/12500 - 8719*x1*x11/1000000 + 1611*x1*x12/1000000 - 2107*x1*x13/1000000 - 7423*x1*x14/1000000 - 1567*x1*x15/1000000 - 4113*x1*x16/500000 + 1611*x1*x17/500000 + 1661*x1*x2/1000000 + 2329*x1*x3/500000 + 1837*x1*x4/100000 - 1331*x1*x5/100000 + 901*x1*x6/50000 - 2317*x1*x7/2500000 + 8049*x1*x8/1000000 - 6977*x1*x9/1000000 - 8373*x1/100000 + 547*x10**2/200 - 993*x10*x11/12500 - 923*x10*x12/50000 - 83*x10*x13/2500 - 861*x10*x14/25000 - 637*x10*x15/50000 - 1057*x10*x16/50000 - 7*x10*x17/250 - 191*x10*x2/6250 - 4187*x10*x3/100000 - 111*x10*x4/31250 - 983*x10*x5/25000 - 1987*x10*x6/100000 - 5309*x10*x7/1000000 - 2159*x10*x8/100000 - 1473*x10*x9/50000 + 759*x10/5000 + 543*x11**2/200 - 3389*x11*x12/100000 - 1643*x11*x13/100000 - 6399*x11*x14/1000000 - 1791*x11*x15/100000 - 253*x11*x16/12500 - 331*x11*x17/20000 - 4029*x11*x2/100000 - 1407*x11*x3/100000 - 509*x11*x4/12500 - 2731*x11*x5/100000 - 1199*x11*x6/50000 + 63*x11*x7/31250 - 317*x11*x8/10000 - 229*x11*x9/12500 + 89*x11/500 + 543*x12**2/200 - 957*x12*x13/20000 - 5393*x12*x14/1000000 - 347*x12*x15/12500 - 2977*x12*x16/100000 - 2621*x12*x17/100000 - 7*x12*x2/160 - 1499*x12*x3/50000 - 3927*x12*x4/100000 - 419*x12*x5/20000 - 4977*x12*x6/100000 + 2371*x12*x7/1000000 - 763*x12*x8/25000 - 2831*x12*x9/100000 + 2093*x12/10000 + 2717*x13**2/1000 - 2423*x13*x14/100000 - 1363*x13*x15/500000 - 1709*x13*x16/100000 - 1831*x13*x17/100000 - 3211*x13*x2/100000 - 2573*x13*x3/100000 - 2167*x13*x4/100000 - 1843*x13*x5/100000 - 1081*x13*x6/50000 - 551*x13*x7/100000 - 2831*x13*x8/100000 - 697*x13*x9/50000 + 72*x13/625 + 2729*x14**2/1000 - 2613*x14*x15/50000 + 4129*x14*x16/1000000 - 2427*x14*x17/100000 - 1107*x14*x2/100000 - 2599*x14*x3/100000 - 493*x14*x4/12500 + 2887*x14*x5/1000000 - 699*x14*x6/25000 + 43*x14*x7/40000 - 1189*x14*x8/50000 - 283*x14*x9/31250 + 2357*x14/25000 + 2723*x15**2/1000 - 593*x15*x16/25000 - 263*x15*x17/100000 - 1739*x15*x2/100000 - 1513*x15*x3/100000 - 239*x15*x4/20000 - 481*x15*x5/25000 - 881*x15*x6/50000 - 2907*x15*x7/500000 - 1299*x15*x8/100000 - 1447*x15*x9/100000 + 89*x15/1000 + 2719*x16**2/1000 - 1111*x16*x17/25000 - 2447*x16*x2/100000 - 3057*x16*x3/100000 - 913*x16*x4/25000 - 69*x16*x5/4000 - 2087*x16*x6/50000 + 867*x16*x7/500000 - 3257*x16*x8/100000 - 483*x16*x9/20000 + 759*x16/5000 + 2719*x17**2/1000 - 321*x17*x2/10000 - 1893*x17*x3/200000 - 2139*x17*x4/100000 - 631*x17*x5/50000 - 159*x17*x6/10000 - 2703*x17*x7/500000 - 867*x17*x8/50000 - 1373*x17*x9/100000 + 157*x17/1250 + 2711*x2**2/1000 - 2861*x2*x3/50000 - 5021*x2*x4/100000 - 1319*x2*x5/50000 - 1221*x2*x6/20000 - 911*x2*x7/200000 - 4707*x2*x8/100000 - 2321*x2*x9/100000 + 1991*x2/10000 + 2713*x3**2/1000 - 969*x3*x4/50000 - 511*x3*x5/25000 + 2437*x3*x6/1000000 - 3237*x3*x7/500000 - 359*x3*x8/25000 - 82*x3*x9/3125 + 473*x3/10000 + 2723*x4**2/1000 - 589*x4*x5/10000 - 1671*x4*x6/100000 - 911*x4*x7/200000 - 613*x4*x8/25000 - 281*x4*x9/10000 + 2199*x4/10000 + 2717*x5**2/1000 - 1579*x5*x6/50000 + 1551*x5*x7/1000000 - 2753*x5*x8/100000 - 479*x5*x9/25000 + 1361*x5/10000 + 109*x6**2/40 + 543*x6*x7/200000 - 1189*x6*x8/50000 - 2767*x6*x9/100000 + 241*x6/1000 + 1747*x7**2/500 - 3243*x7*x8/1000000 - 2077*x7*x9/500000 + 36*x7/625 + 2717*x8**2/1000 - 401*x8*x9/10000 + 1831*x8/10000 + 2717*x9**2/1000 + 1047*x9/10000 + 1309/500",
    "Q": "[[2.6181942081017895, 0.053470865427978076, 0.09158105836881315, 0.02948872237952538, 0.1215234504792209, 0.06892156237106639, 0.11051958232774094, 0.023198880573559247, 0.09823967262620303, 0.06225912749629513, 0.07495951854801966, 0.04553634643687712, 0.04694432273899025, 0.057417466708214154, 0.10391087529864135, 0.08792078724328888, 0.07489238129525017, -0.04185034147666917], [0.053470865427978076, 2.717095560688954, -0.01918442843513694, -0.0013155087288658227, -0.012556281486642644, -0.009776392013336032, -0.014201163032601893, -0.013989459356687358, -0.011762862244488043, -0.007032442668570082, -0.011156071082430755, -0.006989786993199896, -0.0031571945211659176, -0.00808065780893487, -0.01389265544619989, -0.008768233657869924, -0.01573167362735511, -0.00334624857513343], [0.09158105836881315, -0.01918442843513694, 2.7170631018309033, -0.001295410915828935, -0.013240829597703676, -0.012850673615640022, -0.013616285478255257, -0.008132926713832896, -0.023893648509517106, -0.009754722151638227, -0.015494766184066627, -0.005269755641362133, -0.011708138818916287, -0.01351887818874178, -0.016524674931431116, -0.015457052226129715, -0.009499381931381199, 0.003141408313988171], [0.02948872237952538, -0.0013155087288658227, -0.001295410915828935, 3.4943347715985733, 0.00040981746803425104, 0.0005188318374414302, -0.0023916911685143965, -0.004803077504893811, -0.0006452721470755153, -0.0018354305510080106, 0.0001117588810792276, -0.0027948042427430137, 0.0014492874014377696, -0.0022282717554934555, 5.1368171570191865e-05, 0.0006915018788935377, -0.0043064259119136375, -3.5859510103805465e-05], [0.1215234504792209, -0.012556281486642644, -0.013240829597703676, 0.00040981746803425104, 2.7246171983914267, -0.014572384416193724, -0.007800001187165803, -3.1965508606140456e-05, -0.030462265649991344, -0.007696548399388371, -0.0205103724924174, -0.009420477285753428, -0.01451848824020997, -0.010309094315734924, -0.02410312257149045, -0.012573204134539603, -0.010062912533662864, 0.0075876252556948375], [0.06892156237106639, -0.009776392013336032, -0.012850673615640022, 0.0005188318374414302, -0.014572384416193724, 2.7174822495188358, -0.02972019894156707, -0.009952489943873929, -0.013120072529554926, -0.00758208507884531, -0.009911240003268176, -0.009583557232929413, 0.0024219629049265245, -0.010237659657333902, -0.010368112596052404, -0.013095664485511126, -0.020657731425970893, -0.006837105239300027], [0.11051958232774094, -0.014201163032601893, -0.013616285478255257, -0.0023916911685143965, -0.007800001187165803, -0.02972019894156707, 2.722961330790844, -0.009077420210265329, -0.025098514241880268, -0.011085610531853682, -0.01905032034015107, -0.006158138540392665, -0.020392191826402596, -0.011340884510018997, -0.019233974469136036, -0.019342406248436576, -0.0013459804762857145, 0.008675726356579592], [0.023198880573559247, -0.013989459356687358, -0.008132926713832896, -0.004803077504893811, -3.1965508606140456e-05, -0.009952489943873929, -0.009077420210265329, 2.7137098343286623, -0.02925608960646171, -0.005834147390328802, -0.01613774690616926, -0.006357677575383321, -0.011961665468515124, -0.01311784477961861, -0.015917576268266988, -0.006203416299923949, -0.01955538004434831, 0.0035800475947509575], [0.09823967262620303, -0.011762862244488043, -0.023893648509517106, -0.0006452721470755153, -0.030462265649991344, -0.013120072529554926, -0.025098514241880268, -0.02925608960646171, 2.7115614869734457, -0.016214689249331064, -0.012580762945208473, -0.009870476489184793, -0.005669527981127231, -0.016947020299127244, -0.022198278423320172, -0.019114793424635648, -0.015577350211158086, -0.0004685331543562731], [0.06225912749629513, -0.007032442668570082, -0.009754722151638227, -0.0018354305510080106, -0.007696548399388371, -0.00758208507884531, -0.011085610531853682, -0.005834147390328802, -0.016214689249331064, 2.718762623489604, -0.021083202732048396, -0.0007478972469030919, -0.011666283055062125, -0.009107508487139248, -0.012358428507902879, -0.009160165922992413, -0.01428491412589862, 0.0005531417856646276], [0.07495951854801966, -0.011156071082430755, -0.015494766184066627, 0.0001117588810792276, -0.0205103724924174, -0.009911240003268176, -0.01905032034015107, -0.01613774690616926, -0.012580762945208473, -0.021083202732048396, 2.7195094017860826, -0.011418930706991046, 0.001847827350447087, -0.009706701679759717, -0.016115682414445495, -0.009534475224124398, -0.01193553426229845, -0.0036926937993413686], [0.04553634643687712, -0.006989786993199896, -0.005269755641362133, -0.0027948042427430137, -0.009420477285753428, -0.009583557232929413, -0.006158138540392665, -0.006357677575383321, -0.009870476489184793, -0.0007478972469030919, -0.011418930706991046, 2.723235720496075, -0.026864733712366858, -0.0026496653156825333, -0.012614200500161297, -0.009916040580476041, -0.005911336262655425, 8.368146344482185e-05], [0.04694432273899025, -0.0031571945211659176, -0.011708138818916287, 0.0014492874014377696, -0.01451848824020997, 0.0024219629049265245, -0.020392191826402596, -0.011961665468515124, -0.005669527981127231, -0.011666283055062125, 0.001847827350447087, -0.026864733712366858, 2.729105406224079, -0.011938374520804236, -0.002203142965669645, -0.0023965458878666, -0.017950521594224736, -0.004968558119177011], [0.057417466708214154, -0.00808065780893487, -0.01351887818874178, -0.0022282717554934555, -0.010309094315734924, -0.010237659657333902, -0.011340884510018997, -0.01311784477961861, -0.016947020299127244, -0.009107508487139248, -0.009706701679759717, -0.0026496653156825333, -0.011938374520804236, 2.7169673591844408, -0.02293208698004289, -0.009237708447965023, -0.016572015566276185, -0.0005194864267210329], [0.10391087529864135, -0.01389265544619989, -0.016524674931431116, 5.1368171570191865e-05, -0.02410312257149045, -0.010368112596052404, -0.019233974469136036, -0.015917576268266988, -0.022198278423320172, -0.012358428507902879, -0.016115682414445495, -0.012614200500161297, -0.002203142965669645, -0.02293208698004289, 2.7145158371009286, -0.016053664482085846, -0.00798367011207187, 0.0019369302859479985], [0.08792078724328888, -0.008768233657869924, -0.015457052226129715, 0.0006915018788935377, -0.012573204134539603, -0.013095664485511126, -0.019342406248436576, -0.006203416299923949, -0.019114793424635648, -0.009160165922992413, -0.009534475224124398, -0.009916040580476041, -0.0023965458878666, -0.009237708447965023, -0.016053664482085846, 2.715414966485574, -0.03899540405109762, -0.00531041684705892], [0.07489238129525017, -0.01573167362735511, -0.009499381931381199, -0.0043064259119136375, -0.010062912533662864, -0.020657731425970893, -0.0013459804762857145, -0.01955538004434831, -0.015577350211158086, -0.01428491412589862, -0.01193553426229845, -0.005911336262655425, -0.017950521594224736, -0.016572015566276185, -0.00798367011207187, -0.03899540405109762, 2.7349230741845063, 0.014798559944513012], [-0.04185034147666917, -0.00334624857513343, 0.003141408313988171, -3.5859510103805465e-05, 0.0075876252556948375, -0.006837105239300027, 0.008675726356579592, 0.0035800475947509575, -0.0004685331543562731, 0.0005531417856646276, -0.0036926937993413686, 8.368146344482185e-05, -0.004968558119177011, -0.0005194864267210329, 0.0019369302859479985, -0.00531041684705892, 0.014798559944513012, 2.73298184065153]]",
    "monomial_list": "[1, x9, x8, x7, x6, x5, x4, x3, x2, x17, x16, x15, x14, x13, x12, x11, x10, x1]"
}