{
    "name": "Multiplier-15",
    "rational_expression": "2729*x1**2/1000 + 759*x1*x10/25000 - 1391*x1*x11/100000 + 3801*x1*x12/500000 - 1047*x1*x13/500000 - 6069*x1*x14/1000000 + 729*x1*x15/125000 - 771*x1*x16/100000 - 2399*x1*x17/1000000 + 2369*x1*x2/1000000 + 4347*x1*x3/1000000 + 919*x1*x4/50000 - 1821*x1*x5/100000 + 603*x1*x6/50000 - 273*x1*x7/40000 + 1261*x1*x8/500000 - 3371*x1*x9/500000 - 3383*x1/50000 + 683*x10**2/250 - 2329*x10*x11/25000 - 1629*x10*x12/100000 - 4153*x10*x13/100000 - 317*x10*x14/10000 + 3631*x10*x15/1000000 - 2509*x10*x16/100000 - 731*x10*x17/20000 - 3431*x10*x2/100000 - 2789*x10*x3/50000 - 109*x10*x4/20000 - 4861*x10*x5/100000 - 811*x10*x6/25000 - 47*x10*x7/2000 - 1229*x10*x8/50000 - 87*x10*x9/2500 + 1689*x10/10000 + 2707*x11**2/1000 - 801*x11*x12/25000 - 2477*x11*x13/100000 + 3453*x11*x14/500000 - 1017*x11*x15/100000 - 121*x11*x16/6250 - 307*x11*x17/12500 - 177*x11*x2/4000 - 111*x11*x3/6250 - 853*x11*x4/20000 - 3189*x11*x5/100000 - 3129*x11*x6/100000 - 89*x11*x7/5000 - 351*x11*x8/10000 - 1823*x11*x9/100000 + 471*x11/2500 + 271*x12**2/100 - 6193*x12*x13/100000 + 2381*x12*x14/100000 - 4907*x12*x15/500000 - 731*x12*x16/25000 - 3503*x12*x17/100000 - 4831*x12*x2/100000 - 783*x12*x3/20000 - 2091*x12*x4/50000 - 507*x12*x5/25000 - 5701*x12*x6/100000 - 873*x12*x7/50000 - 793*x12*x8/20000 - 1427*x12*x9/50000 + 507*x12/2500 + 2709*x13**2/1000 - 159*x13*x14/5000 - 3887*x13*x15/1000000 - 2639*x13*x16/100000 - 2117*x13*x17/100000 - 2059*x13*x2/50000 - 3491*x13*x3/100000 - 591*x13*x4/20000 - 1393*x13*x5/50000 - 1451*x13*x6/50000 - 1327*x13*x7/100000 - 3183*x13*x8/100000 - 481*x13*x9/25000 + 1353*x13/10000 + 687*x14**2/250 - 693*x14*x15/20000 + 2873*x14*x16/100000 - 3707*x14*x17/100000 + 107*x14*x2/62500 - 2649*x14*x3/100000 - 789*x14*x4/25000 + 1689*x14*x5/100000 - 3*x14*x6/200 - 1053*x14*x7/100000 - 2121*x14*x8/100000 + 5729*x14*x9/1000000 + 289*x14/20000 + 697*x15**2/200 - 1343*x15*x16/100000 + 3117*x15*x17/1000000 - 623*x15*x2/50000 - 1879*x15*x3/200000 + 4909*x15*x4/1000000 - 209*x15*x5/25000 + 171*x15*x6/31250 - 219*x15*x7/62500 - 1357*x15*x8/1000000 - 1851*x15*x9/200000 + 8697*x15/100000 + 1357*x16**2/500 - 5359*x16*x17/100000 - 2421*x16*x2/100000 - 807*x16*x3/20000 - 2017*x16*x4/50000 - 1119*x16*x5/50000 - 4509*x16*x6/100000 - 1323*x16*x7/100000 - 3739*x16*x8/100000 - 2453*x16*x9/100000 + 1353*x16/10000 + 339*x17**2/125 - 2043*x17*x2/50000 - 371*x17*x3/20000 - 2871*x17*x4/100000 - 553*x17*x5/25000 - 2231*x17*x6/100000 - 1291*x17*x7/100000 - 317*x17*x8/12500 - 59*x17*x9/3125 + 309*x17/2000 + 2703*x2**2/1000 - 357*x2*x3/5000 - 5327*x2*x4/100000 - 789*x2*x5/25000 - 689*x2*x6/10000 - 243*x2*x7/20000 - 707*x2*x8/12500 - 2361*x2*x9/100000 + 1837*x2/10000 + 2701*x3**2/1000 - 2739*x3*x4/100000 - 611*x3*x5/25000 - 83*x3*x6/5000 - 769*x3*x7/25000 - 59*x3*x8/2500 - 1551*x3*x9/50000 + 1449*x3/20000 + 1359*x4**2/500 - 457*x4*x5/6250 - 2701*x4*x6/100000 - 2701*x4*x7/100000 - 801*x4*x8/25000 - 2753*x4*x9/100000 + 2559*x4/10000 + 2709*x5**2/1000 - 3459*x5*x6/100000 - 53*x5*x7/4000 - 1589*x5*x8/50000 - 2453*x5*x9/100000 + 1353*x5/10000 + 339*x6**2/125 - 267*x6*x7/6250 - 4091*x6*x8/100000 - 2679*x6*x9/100000 + 589*x6/2000 + 271*x7**2/100 - 2273*x7*x8/100000 - 9073*x7*x9/1000000 + 1931*x7/20000 + 271*x8**2/100 - 561*x8*x9/12500 + 1063*x8/5000 + 2709*x9**2/1000 + 9183*x9/100000 + 483/200",
    "Q": "[[2.4146171738354134, 0.04703717035612748, 0.1052492733011518, 0.048630005217378994, 0.14813115592085016, 0.06706544766696461, 0.1274873611136356, 0.035132187423757184, 0.0924614181076996, 0.07712093451964798, 0.0670705386726852, 0.04254816446602331, 0.00837354275480153, 0.06828393590263293, 0.10034467032323055, 0.09328671846492483, 0.08398873025121116, -0.03286005678342303], [0.04703717035612748, 2.709038107026223, -0.022766559802207965, -0.004675061110284953, -0.01271081966518516, -0.010891577349588542, -0.01481333723823199, -0.016894777426046156, -0.012646915222749109, -0.008190529689188483, -0.01194495025856646, -0.004453854531398808, 0.001703730949568707, -0.009399002647999468, -0.014613728178316047, -0.009000707522681319, -0.017380900365315134, -0.0038987803279192127], [0.1052492733011518, -0.022766559802207965, 2.7094061388968704, -0.010818266708328347, -0.019681009021966407, -0.01522036309687666, -0.017113320804085914, -0.01203545922530856, -0.028105891918510983, -0.012091143837285627, -0.01793184906895026, 0.0004490594912324552, -0.011148628770050854, -0.016866705507342192, -0.019078825198895536, -0.018600726745589248, -0.01227870012369493, 0.0024038698207644585], [0.048630005217378994, -0.004675061110284953, -0.010818266708328347, 2.7101327154466426, -0.021178817270264546, -0.007699795867859976, -0.013297816007041205, -0.014679780267283055, -0.006310999919258045, -0.007035468653318874, -0.006749560215708105, -0.001221710010874446, -0.006228667633318889, -0.007769855532559675, -0.008697831839835132, -0.009410940057463773, -0.012700860707012552, -0.004587386498985471], [0.14813115592085016, -0.01271081966518516, -0.019681009021966407, -0.021178817270264546, 2.7120426972343026, -0.01731700621654031, -0.013558159768651075, -0.007192118964287255, -0.033950379641407256, -0.012535678879292097, -0.02244984482210505, 0.001570012437861276, -0.007490398603210322, -0.015286410283763843, -0.027281762024244316, -0.015959496893258866, -0.01585087296379685, 0.005465538010446339], [0.06706544766696461, -0.010891577349588542, -0.01522036309687666, -0.007699795867859976, -0.01731700621654031, 2.70965509776809, -0.03547361406220597, -0.012826181423877545, -0.014689149392993893, -0.009729787229857657, -0.010800824321182935, -0.00552667572270551, 0.009690361623052623, -0.013033068437902043, -0.010014116145723458, -0.01606092563642647, -0.02379005810951244, -0.008310236536121125], [0.1274873611136356, -0.01481333723823199, -0.017113320804085914, -0.013297816007041205, -0.013558159768651075, -0.03547361406220597, 2.7174994452676575, -0.013950455844894016, -0.02758058102483211, -0.01451347478232236, -0.020269328234418994, 0.0026555554650919844, -0.01674763199199284, -0.01431089293366019, -0.02052274460029107, -0.021735514637381666, -0.002944372651081678, 0.008290987907588417], [0.035132187423757184, -0.016894777426046156, -0.01203545922530856, -0.014679780267283055, -0.007192118964287255, -0.012826181423877545, -0.013950455844894016, 2.7014644863948636, -0.03618502171540994, -0.008733385343354601, -0.01964142084033524, -0.004452403713400752, -0.012062565386555457, -0.017972586652891323, -0.019624267606625206, -0.008549546811071259, -0.02673358085417301, 0.0023774899606985363], [0.0924614181076996, -0.012646915222749109, -0.028105891918510983, -0.006310999919258045, -0.033950379641407256, -0.014689149392993893, -0.02758058102483211, -0.03618502171540994, 2.702825446854404, -0.01985500840467312, -0.013071709798952131, -0.005094781631319787, 0.00039044818439176157, -0.020558588703929893, -0.024651954766892338, -0.02150881296191429, -0.016671353296843387, 0.000414408668136168], [0.07712093451964798, -0.008190529689188483, -0.012091143837285627, -0.007035468653318874, -0.012535678879292097, -0.009729787229857657, -0.01451347478232236, -0.008733385343354601, -0.01985500840467312, 2.7120074643690337, -0.027461012622384515, 0.0013896429836195614, -0.017602944013374314, -0.010759441476145909, -0.016233231717628464, -0.011923659655160684, -0.01850932209779205, -0.0005120775297074846], [0.0670705386726852, -0.01194495025856646, -0.01793184906895026, -0.006749560215708105, -0.02244984482210505, -0.010800824321182935, -0.020269328234418994, -0.01964142084033524, -0.013071709798952131, -0.027461012622384515, 2.7140557252308386, -0.0063502529158537616, 0.013300510616578737, -0.012077971353175251, -0.015990238270169134, -0.009402224566589812, -0.012004156367707613, -0.003941915276378453], [0.04254816446602331, -0.004453854531398808, 0.0004490594912324552, -0.001221710010874446, 0.001570012437861276, -0.00552667572270551, 0.0026555554650919844, -0.004452403713400752, -0.005094781631319787, 0.0013896429836195614, -0.0063502529158537616, 3.4853241053751343, -0.018945873170961917, -0.0007778036227921207, -0.004816900613566736, -0.004118297545982943, 0.00021782699174540513, 0.003143645590174765], [0.00837354275480153, 0.001703730949568707, -0.011148628770050854, -0.006228667633318889, -0.007490398603210322, 0.009690361623052623, -0.01674763199199284, -0.012062565386555457, 0.00039044818439176157, -0.017602944013374314, 0.013300510616578737, -0.018945873170961917, 2.7480254266064272, -0.016560838652632654, 0.011875924293419228, 0.00431567631291482, -0.014591922592699784, -0.003544670050396146], [0.06828393590263293, -0.009399002647999468, -0.016866705507342192, -0.007769855532559675, -0.015286410283763843, -0.013033068437902043, -0.01431089293366019, -0.017972586652891323, -0.020558588703929893, -0.010759441476145909, -0.012077971353175251, -0.0007778036227921207, -0.016560838652632654, 2.7091718525752455, -0.029795817672912513, -0.011725777844045217, -0.02106975590701065, -0.0016737139929219708], [0.10034467032323055, -0.014613728178316047, -0.019078825198895536, -0.008697831839835132, -0.027281762024244316, -0.010014116145723458, -0.02052274460029107, -0.019624267606625206, -0.024651954766892338, -0.016233231717628464, -0.015990238270169134, -0.004816900613566736, 0.011875924293419228, -0.029795817672912513, 2.709421719046065, -0.016779468124950812, -0.007066822723629014, 0.0029450219032857625], [0.09328671846492483, -0.009000707522681319, -0.018600726745589248, -0.009410940057463773, -0.015959496893258866, -0.01606092563642647, -0.021735514637381666, -0.008549546811071259, -0.02150881296191429, -0.011923659655160684, -0.009402224566589812, -0.004118297545982943, 0.00431567631291482, -0.011725777844045217, -0.016779468124950812, 2.7075904292990063, -0.047056389540559095, -0.006645130692851076], [0.08398873025121116, -0.017380900365315134, -0.01227870012369493, -0.012700860707012552, -0.01585087296379685, -0.02379005810951244, -0.002944372651081678, -0.02673358085417301, -0.016671353296843387, -0.01850932209779205, -0.012004156367707613, 0.00021782699174540513, -0.014591922592699784, -0.02106975590701065, -0.007066822723629014, -0.047056389540559095, 2.7319065216130602, 0.01616177271610621], [-0.03286005678342303, -0.0038987803279192127, 0.0024038698207644585, -0.004587386498985471, 0.005465538010446339, -0.008310236536121125, 0.008290987907588417, 0.0023774899606985363, 0.000414408668136168, -0.0005120775297074846, -0.003941915276378453, 0.003143645590174765, -0.003544670050396146, -0.0016737139929219708, 0.0029450219032857625, -0.006645130692851076, 0.01616177271610621, 2.729155656704074]]",
    "monomial_list": "[1, x9, x8, x7, x6, x5, x4, x3, x2, x17, x16, x15, x14, x13, x12, x11, x10, x1]"
}