{
    "name": "Multiplier-4",
    "rational_expression": "683*x1**2/250 + 2297*x1*x10/100000 - 2197*x1*x11/100000 - 501*x1*x12/100000 - 2503*x1*x13/500000 - 201*x1*x14/12500 + 5039*x1*x15/10000000 - 63*x1*x16/4000 - 4781*x1*x17/1000000 - 251*x1*x2/25000 + 1031*x1*x3/1000000 + 417*x1*x4/20000 - 129*x1*x5/5000 + 2899*x1*x6/5000000 - 209*x1*x7/20000 - 4367*x1*x8/1000000 - 509*x1*x9/50000 - 1679*x1/50000 + 1381*x10**2/500 - 139*x10*x11/6250 + 138*x10*x12/3125 + 1537*x10*x13/100000 + 1009*x10*x14/200000 + 1961*x10*x15/100000 + 687*x10*x16/25000 + 771*x10*x17/50000 + 1709*x10*x2/50000 + 627*x10*x3/5000000 + 173*x10*x4/5000 + 4717*x10*x5/500000 + 3111*x10*x6/100000 + 87*x10*x7/6250 + 3749*x10*x8/100000 + 93*x10*x9/6250 - 193*x10/1250 + 687*x11**2/250 + 4029*x11*x12/100000 + 131*x11*x13/4000 + 4513*x11*x14/100000 + 743*x11*x15/50000 + 4507*x11*x16/100000 + 3289*x11*x17/100000 + 4089*x11*x2/100000 + 337*x11*x3/10000 - 71*x11*x4/125000 + 553*x11*x5/10000 + 2691*x11*x6/50000 + 1267*x11*x7/50000 + 3811*x11*x8/100000 + 3173*x11*x9/100000 - 349*x11/2000 + 11*x12**2/4 + 1203*x12*x13/200000 + 207*x12*x14/4000 + 4937*x12*x15/500000 + 3503*x12*x16/100000 + 3361*x12*x17/100000 + 4231*x12*x2/100000 + 459*x12*x3/25000 + 387*x12*x4/62500 + 677*x12*x5/10000 + 809*x12*x6/25000 + 1297*x12*x7/50000 + 4481*x12*x8/100000 + 681*x12*x9/25000 - 26*x12/125 + 2739*x13**2/1000 + 549*x13*x14/50000 + 1969*x13*x15/100000 + 111*x13*x16/4000 + 263*x13*x17/12500 + 2357*x13*x2/100000 + 1121*x13*x3/100000 + 1619*x13*x4/250000 + 3199*x13*x5/100000 + 1829*x13*x6/50000 + 701*x13*x7/50000 + 2697*x13*x8/100000 + 1019*x13*x9/50000 - 161*x13/1000 + 344*x14**2/125 - 293*x14*x15/12500 + 4561*x14*x16/100000 + 67*x14*x17/4000 + 4737*x14*x2/100000 + 107*x14*x3/15625 - 749*x14*x4/50000 + 6677*x14*x5/100000 + 639*x14*x6/20000 + 999*x14*x7/50000 + 1399*x14*x8/50000 + 269*x14*x9/10000 - 389*x14/2000 + 2737*x15**2/1000 + 9673*x15*x16/1000000 + 51*x15*x17/2000 + 1631*x15*x2/100000 + 4881*x15*x3/500000 + 1371*x15*x4/100000 + 129*x15*x5/10000 + 623*x15*x6/25000 + 1327*x15*x7/100000 + 103*x15*x8/4000 + 8529*x15*x9/1000000 - 151*x15/1250 + 2749*x16**2/1000 + 5991*x16*x17/1000000 + 2391*x16*x2/50000 + 1457*x16*x3/200000 - 4359*x16*x4/5000000 + 5119*x16*x5/100000 + 129*x16*x6/4000 + 2589*x16*x7/100000 + 1687*x16*x8/50000 + 539*x16*x9/25000 - 26*x16/125 + 2741*x17**2/1000 + 1199*x17*x2/50000 + 447*x17*x3/20000 + 6471*x17*x4/1000000 + 2163*x17*x5/50000 + 17*x17*x6/400 + 709*x17*x7/50000 + 1627*x17*x8/50000 + 2623*x17*x9/100000 - 1677*x17/10000 + 2749*x2**2/1000 - 853*x2*x3/125000 - 623*x2*x4/500000 + 1653*x2*x5/25000 + 3367*x2*x6/100000 + 811*x2*x7/25000 + 19*x2*x8/625 + 2891*x2*x9/100000 - 172*x2/625 + 2733*x3**2/1000 - 3999*x3*x4/5000000 + 487*x3*x5/20000 + 983*x3*x6/20000 + 4053*x3*x7/1000000 + 2877*x3*x8/100000 + 1107*x3*x9/200000 - 277*x3/1250 + 3507*x4**2/1000 - 251*x4*x5/20000 + 3233*x4*x6/100000 - 1389*x4*x7/2500000 + 771*x4*x8/50000 - 8399*x4*x9/10000000 + 1679*x4/50000 + 1383*x5**2/500 + 3181*x5*x6/50000 + 291*x5*x7/10000 + 223*x5*x8/4000 + 79*x5*x9/2500 - 153*x5/400 + 1377*x6**2/500 + 43*x6*x7/3125 + 107*x6*x8/2500 + 453*x6*x9/12500 - 1409*x6/10000 + 1367*x7**2/500 + 1003*x7*x8/50000 + 969*x7*x9/50000 - 151*x7/1250 + 2749*x8**2/1000 + 527*x8*x9/50000 - 2013*x8/10000 + 2737*x9**2/1000 - 1677*x9/10000 + 671/200",
    "Q": "[[3.354926450952141, -0.08447476366855373, -0.10158433122577123, -0.06143535030168596, -0.07160162604000625, -0.19183016213577886, 0.017765256460248093, -0.11021676376862445, -0.13622089312853733, -0.08496662449732094, -0.10284274910862529, -0.06148157100404231, -0.09603551157478321, -0.08105456199714892, -0.10449693092574337, -0.0870436714873945, -0.07754883648802954, -0.015124583007025313], [-0.08447476366855373, 2.737285849785135, 0.006350016208276729, 0.008863810406768955, 0.017505237978267765, 0.016165070374388708, -0.0015529443738019819, 0.0030813972937541955, 0.01515035379588998, 0.0117930998789365, 0.010844571202281926, 0.005086947749728509, 0.012906814417977069, 0.010189227741115593, 0.012555279902605266, 0.015544280175421862, 0.006390146202414074, -0.0051262358103876995], [-0.10158433122577123, 0.006350016208276729, 2.748900637645277, 0.010654937064586664, 0.02253387834363864, 0.027613096911948347, 0.008187531132796848, 0.014809305611354108, 0.01590054967981824, 0.016993440048020034, 0.01694570048130156, 0.012648610257514032, 0.013991767172890286, 0.012526836524083755, 0.021528970435712814, 0.01922299746506919, 0.01776324172360641, -0.001537583031710216], [-0.06143535030168596, 0.008863810406768955, 0.010654937064586664, 2.734197227514808, 0.006476990015294779, 0.014683929640392163, -0.0013042260754952695, 0.0017686422423862833, 0.01594583889693362, 0.008437011955279622, 0.011904254429692812, 0.007263194419165013, 0.009363277052496392, 0.007526394559664057, 0.014028565645671493, 0.011427928189392436, 0.00694092275033623, -0.004923747637037093], [-0.07160162604000625, 0.017505237978267765, 0.02253387834363864, 0.006476990015294779, 2.7533575657712777, 0.031056830946040465, 0.015687942249631576, 0.0236862126676927, 0.01566758634653123, 0.021296616986265247, 0.016362456365048482, 0.012338918380269803, 0.015596177662912658, 0.01883922407775266, 0.016370407018468914, 0.02558121778171318, 0.015978783071260105, -0.000980631118116727], [-0.19183016213577886, 0.016165070374388708, 0.027613096911948347, 0.014683929640392163, 0.031056830946040465, 2.7663722853427184, -0.007682811143701278, 0.011872716205680386, 0.034149180481537374, 0.02166266570798858, 0.026587247999975805, 0.007420725304711045, 0.03428142741662196, 0.01531336537668084, 0.03479495788686708, 0.02610950008692676, 0.006053331042929571, -0.013304514610118503], [0.017765256460248093, -0.0015529443738019819, 0.008187531132796848, -0.0013042260754952695, 0.015687942249631576, -0.007682811143701278, 3.5073073502123955, -0.0017116269616666276, -0.0016473843182246378, 0.004179302192024291, -0.0015182051997828666, 0.005119614579884675, -0.009105980228095771, 0.0018664059196514897, 0.004327540662808052, -0.0002864017030082662, 0.015692775355137124, 0.008884626455145567], [-0.11021676376862445, 0.0030813972937541955, 0.014809305611354108, 0.0017686422423862833, 0.0236862126676927, 0.011872716205680386, -0.0017116269616666276, 2.7328548683955494, -0.00394188685529284, 0.01177463510114011, 0.0047779748058374965, 0.005937704565938593, 0.003775479392430168, 0.0047686930884457525, 0.009270370773898487, 0.016814643857171626, 0.0008317575681679569, 0.00045438986183688964], [-0.13622089312853733, 0.01515035379588998, 0.01590054967981824, 0.01594583889693362, 0.01566758634653123, 0.034149180481537374, -0.0016473843182246378, -0.00394188685529284, 2.7494392774915104, 0.013317814448851842, 0.02351117359162368, 0.008262386935073621, 0.023244739662523013, 0.011341956300798041, 0.020702120915510696, 0.019597910817440868, 0.016090657070247757, -0.0044188337858880105], [-0.08496662449732094, 0.0117930998789365, 0.016993440048020034, 0.008437011955279622, 0.021296616986265247, 0.02166266570798858, 0.004179302192024291, 0.01177463510114011, 0.013317814448851842, 2.7418176550075586, 0.003523023957076557, 0.012543940722808558, 0.007051440823934862, 0.01101301531778957, 0.016201674960888715, 0.01728571699235984, 0.007888929118340663, -0.00245477479780676], [-0.10284274910862529, 0.010844571202281926, 0.01694570048130156, 0.011904254429692812, 0.016362456365048482, 0.026587247999975805, -0.0015182051997828666, 0.0047779748058374965, 0.02351117359162368, 0.003523023957076557, 2.7481466033375015, 0.004157112928422536, 0.02398156275801725, 0.013375851420430369, 0.018306950307688957, 0.021389059135927757, 0.0146349523089429, -0.006877832668000157], [-0.06148157100404231, 0.005086947749728509, 0.012648610257514032, 0.007263194419165013, 0.012338918380269803, 0.007420725304711045, 0.005119614579884675, 0.005937704565938593, 0.008262386935073621, 0.012543940722808558, 0.004157112928422536, 2.737161685335422, -0.012557147029054973, 0.010615330025735762, 0.005664686273080099, 0.008351516086289696, 0.009499962238184471, -0.0008353193264330315], [-0.09603551157478321, 0.012906814417977069, 0.013991767172890286, 0.009363277052496392, 0.015596177662912658, 0.03428142741662196, -0.009105980228095771, 0.003775479392430168, 0.023244739662523013, 0.007051440823934862, 0.02398156275801725, -0.012557147029054973, 2.7514368635887587, 0.005178481108403261, 0.026029231705272802, 0.021285022334627385, 0.0028495904842910235, -0.007405775340881603], [-0.08105456199714892, 0.010189227741115593, 0.012526836524083755, 0.007526394559664057, 0.01883922407775266, 0.01531336537668084, 0.0018664059196514897, 0.0047686930884457525, 0.011341956300798041, 0.01101301531778957, 0.013375851420430369, 0.010615330025735762, 0.005178481108403261, 2.7394958523646253, 0.0041707475592779476, 0.016233642455022887, 0.006647387460418826, -0.002969076410349606], [-0.10449693092574337, 0.012555279902605266, 0.021528970435712814, 0.014028565645671493, 0.016370407018468914, 0.03479495788686708, 0.004327540662808052, 0.009270370773898487, 0.020702120915510696, 0.016201674960888715, 0.018306950307688957, 0.005664686273080099, 0.026029231705272802, 0.0041707475592779476, 2.7499748795622296, 0.020682733210621612, 0.021857122891760485, -0.0023280159915603097], [-0.0870436714873945, 0.015544280175421862, 0.01922299746506919, 0.011427928189392436, 0.02558121778171318, 0.02610950008692676, -0.0002864017030082662, 0.016814643857171626, 0.019597910817440868, 0.01728571699235984, 0.021389059135927757, 0.008351516086289696, 0.021285022334627385, 0.016233642455022887, 0.020682733210621612, 2.747164481632374, -0.010135622951916426, -0.009689193475117288], [-0.07754883648802954, 0.006390146202414074, 0.01776324172360641, 0.00694092275033623, 0.015978783071260105, 0.006053331042929571, 0.015692775355137124, 0.0008317575681679569, 0.016090657070247757, 0.007888929118340663, 0.0146349523089429, 0.009499962238184471, 0.0028495904842910235, 0.006647387460418826, 0.021857122891760485, -0.010135622951916426, 2.762749670016166, 0.011311584493373744], [-0.015124583007025313, -0.0051262358103876995, -0.001537583031710216, -0.004923747637037093, -0.000980631118116727, -0.013304514610118503, 0.008884626455145567, 0.00045438986183688964, -0.0044188337858880105, -0.00245477479780676, -0.006877832668000157, -0.0008353193264330315, -0.007405775340881603, -0.002969076410349606, -0.0023280159915603097, -0.009689193475117288, 0.011311584493373744, 2.7321270753030142]]",
    "monomial_list": "[1, x9, x8, x7, x6, x5, x4, x3, x2, x17, x16, x15, x14, x13, x12, x11, x10, x1]"
}