{
    "name": "Multiplier-13",
    "rational_expression": "2731*x1**2/1000 + 2657*x1*x10/100000 - 641*x1*x11/50000 + 4023*x1*x12/1000000 - 227*x1*x13/200000 - 1163*x1*x14/100000 - 1011*x1*x15/1000000 - 3497*x1*x16/500000 - 277*x1*x17/250000 - 857*x1*x2/500000 + 669*x1*x3/125000 + 1411*x1*x4/100000 - 1221*x1*x5/100000 + 4139*x1*x6/500000 - 3097*x1*x7/500000 + 1939*x1*x8/500000 - 4*x1*x9/625 - 7101*x1/100000 + 1371*x10**2/500 - 3401*x10*x11/50000 + 183*x10*x12/10000 - 621*x10*x13/50000 - 2133*x10*x14/100000 - 9379*x10*x15/1000000 - 351*x10*x16/25000 - 2037*x10*x17/100000 - 1073*x10*x2/125000 - 1341*x10*x3/50000 + 8809*x10*x4/1000000 - 3087*x10*x5/100000 - 637*x10*x6/50000 - 48*x10*x7/3125 - 3171*x10*x8/1000000 - 2077*x10*x9/100000 + 4367*x10/50000 + 1359*x11**2/500 - 941*x11*x12/50000 - 4393*x11*x13/1000000 + 1247*x11*x14/1000000 - 87*x11*x15/6250 - 259*x11*x16/20000 - 341*x11*x17/40000 - 2363*x11*x2/100000 - 499*x11*x3/100000 - 347*x11*x4/12500 - 1937*x11*x5/100000 - 413*x11*x6/25000 - 9537*x11*x7/1000000 - 1871*x11*x8/100000 - 9179*x11*x9/1000000 + 273*x11/2000 + 2731*x12**2/1000 - 249*x12*x13/50000 + 1157*x12*x14/50000 - 1273*x12*x15/50000 - 1939*x12*x16/100000 - 4579*x12*x17/500000 - 271*x12*x2/20000 - 2569*x12*x3/500000 - 1839*x12*x4/100000 - 1673*x12*x5/500000 - 2317*x12*x6/100000 + 213*x12*x7/200000 - 2993*x12*x8/1000000 - 1491*x12*x9/100000 + 519*x12/5000 + 1747*x13**2/500 - 1217*x13*x14/250000 - 2041*x13*x15/500000 - 4527*x13*x16/500000 - 809*x13*x17/200000 - 8867*x13*x2/1000000 - 107*x13*x3/10000 - 2561*x13*x4/1000000 - 3929*x13*x5/1000000 - 957*x13*x6/500000 - 459*x13*x7/100000 - 687*x13*x8/200000 - 4341*x13*x9/1000000 + 4367*x13/50000 + 1367*x14**2/500 - 27*x14*x15/500 + 151*x14*x16/12500 - 783*x14*x17/50000 + 3341*x14*x2/500000 - 541*x14*x3/50000 - 3153*x14*x4/100000 + 583*x14*x5/50000 - 2061*x14*x6/100000 + 1743*x14*x7/5000000 - 1021*x14*x8/100000 + 849*x14*x9/2000000 + 3267*x14/100000 + 109*x15**2/40 - 401*x15*x16/20000 + 1399*x15*x17/1000000 - 1983*x15*x2/100000 - 1067*x15*x3/100000 - 4103*x15*x4/500000 - 741*x15*x5/50000 - 1323*x15*x6/100000 - 903*x15*x7/200000 - 9131*x15*x8/1000000 - 4979*x15*x9/500000 + 7651*x15/100000 + 1361*x16**2/500 - 1813*x16*x17/50000 - 41*x16*x2/3125 - 537*x16*x3/25000 - 18*x16*x4/625 - 1419*x16*x5/100000 - 3403*x16*x6/100000 - 4381*x16*x7/1000000 - 1943*x16*x8/100000 - 1491*x16*x9/100000 + 519*x16/5000 + 1361*x17**2/500 - 989*x17*x2/50000 - 4999*x17*x3/1000000 - 67*x17*x4/5000 - 1179*x17*x5/125000 - 7691*x17*x6/1000000 - 1011*x17*x7/100000 - 4503*x17*x8/500000 - 309*x17*x9/31250 + 8193*x17/100000 + 1359*x2**2/500 - 4333*x2*x3/100000 - 681*x2*x4/20000 - 279*x2*x5/20000 - 3921*x2*x6/100000 - 817*x2*x7/200000 - 149*x2*x8/5000 - 1477*x2*x9/100000 + 1147*x2/10000 + 2717*x3**2/1000 - 207*x3*x4/20000 - 1067*x3*x5/100000 + 6093*x3*x6/10000000 - 1613*x3*x7/100000 - 77*x3*x8/15625 - 68*x3*x9/3125 + 11*x3/1000 + 1363*x4**2/500 - 5117*x4*x5/100000 - 9353*x4*x6/1000000 - 723*x4*x7/50000 - 111*x4*x8/6250 - 1963*x4*x9/100000 + 1747*x4/10000 + 2721*x5**2/1000 - 147*x5*x6/6250 - 4501*x5*x7/1000000 - 351*x5*x8/25000 - 753*x5*x9/50000 + 2321*x5/25000 + 1361*x6**2/500 - 2509*x6*x7/100000 - 1701*x6*x8/100000 - 1921*x6*x9/100000 + 2077*x6/10000 + 68*x7**2/25 - 9669*x7*x8/1000000 - 4601*x7*x9/1000000 + 5459*x7/100000 + 1361*x8**2/500 - 3089*x8*x9/100000 + 1257*x8/10000 + 2719*x9**2/1000 + 7101*x9/100000 + 2731/1000",
    "Q": "[[2.7311404109339392, 0.03536876899642203, 0.06307212775938917, 0.02742943658426553, 0.10324966624113013, 0.04632529419287648, 0.08731445763554228, 0.006639426035211733, 0.05658000400089778, 0.04190183424872336, 0.05226532321162543, 0.03769810024641131, 0.017539517241366476, 0.04241016804630312, 0.052598828221021174, 0.0673668908043013, 0.04377325565543491, -0.035054175918305924], [0.03536876899642203, 2.7194270353198746, -0.01507812195083574, -0.0019371837834213901, -0.008517575185741923, -0.006706878413984424, -0.01043050886082882, -0.010163013765122925, -0.007176420661351671, -0.004079349778944211, -0.008235298730750188, -0.005927595427747288, -0.00010414395163396142, -0.00320609078372612, -0.007930724000520277, -0.005467332641372685, -0.011629504986299293, -0.0034563631356793393], [0.06307212775938917, -0.01507812195083574, 2.7217393358909256, -0.0053660006800871725, -0.008579105174408682, -0.0078732395248893, -0.007606758868697229, -0.002284648523022178, -0.014628787122841729, -0.004622653978819436, -0.010838759906982605, -0.0036478275849560725, -0.005293369548327294, -0.002247891504133622, -0.002802181407177468, -0.010591277538579984, -0.0014335546503241362, 0.002503767818418693], [0.02742943658426553, -0.0019371837834213901, -0.0053660006800871725, 2.7204337582564535, -0.012866568284385064, -0.003040945533172568, -0.007888864824958822, -0.008251301910489957, -0.0008727285894520772, -0.0036928129044629873, -0.0024577721277569305, -0.0010175815569278387, -0.0001843863324407399, -0.002305160968819243, -0.0006916876229666158, -0.0044694171340604796, -0.006543423461043992, -0.003617212023344089], [0.10324966624113013, -0.008517575185741923, -0.008579105174408682, -0.012866568284385064, 2.721981763848188, -0.011176846816342222, -0.00475377894549216, 0.0006118994873768012, -0.020821770545237702, -0.003970107661580451, -0.016303382853826303, -0.0060644004843554995, -0.009413833080022381, -0.00040092958542080445, -0.012782556463013668, -0.009423290551069727, -0.005491687087325673, 0.00445111893400042], [0.04632529419287648, -0.006706878413984424, -0.0078732395248893, -0.003040945533172568, -0.011176846816342222, 2.7205306113169856, -0.025636843554055266, -0.005553829704476924, -0.006607571382935657, -0.003993446966103861, -0.006418372480072868, -0.008393812698084435, 0.00700606527066307, -0.002266742950421749, -0.0011378635931133362, -0.009390603538888185, -0.015380695306384435, -0.0073182621211908], [0.08731445763554228, -0.01043050886082882, -0.007606758868697229, -0.007888864824958822, -0.00475377894549216, -0.025636843554055266, 2.726179222041358, -0.005196218526888268, -0.016980325439115564, -0.006583410257832945, -0.014908351279708649, -0.0036645016710733502, -0.015570991514398473, -0.0022135107864131327, -0.008574289897251104, -0.015003876601959284, 0.00492113954257628, 0.007484463313865165], [0.006639426035211733, -0.010163013765122925, -0.002284648523022178, -0.008251301910489957, 0.0006118994873768012, -0.005553829704476924, -0.005196218526888268, 2.7173092745377727, -0.020435728927955622, -0.0016186195503185097, -0.011892631232669683, -0.004854130157848259, -0.00590993230963633, -0.00499751886892326, -0.003058409789567643, -0.002620516720191199, -0.012751236210075031, 0.0023723228347013446], [0.05658000400089778, -0.007176420661351671, -0.014628787122841729, -0.0008727285894520772, -0.020821770545237702, -0.006607571382935657, -0.016980325439115564, -0.020435728927955622, 2.7175519690142034, -0.0100928561617185, -0.006802095116975155, -0.009066634289614075, 0.0023777014889444395, -0.0041632834897779285, -0.006394942754948803, -0.012626803159731845, -0.0051321381358482515, 1.0210255846288674e-05], [0.04190183424872336, -0.004079349778944211, -0.004622653978819436, -0.0036928129044629873, -0.003970107661580451, -0.003993446966103861, -0.006583410257832945, -0.0016186195503185097, -0.0100928561617185, 2.721966521220175, -0.017461663283186216, 0.0006609753071471065, -0.007592869013554467, -0.0020779935843107168, -0.00372539815171588, -0.005391583123074763, -0.008861245932176636, 5.769007766824432e-05], [0.05226532321162543, -0.008235298730750188, -0.010838759906982605, -0.0024577721277569305, -0.016303382853826303, -0.006418372480072868, -0.014908351279708649, -0.011892631232669683, -0.006802095116975155, -0.017461663283186216, 2.7221504808717802, -0.01007959999680019, 0.00574598216785166, -0.0032093919036035915, -0.00865821320778583, -0.005862233342089964, -0.007218419287889813, -0.004082343281284769], [0.03769810024641131, -0.005927595427747288, -0.0036478275849560725, -0.0010175815569278387, -0.0060644004843554995, -0.008393812698084435, -0.0036645016710733502, -0.004854130157848259, -0.009066634289614075, 0.0006609753071471065, -0.01007959999680019, 2.725151669680353, -0.02626666470457548, -0.0023376751192129134, -0.012647332815629665, -0.007874486193310683, -0.004699616702380967, 0.0001877703524939747], [0.017539517241366476, -0.00010414395163396142, -0.005293369548327294, -0.0001843863324407399, -0.009413833080022381, 0.00700606527066307, -0.015570991514398473, -0.00590993230963633, 0.0023777014889444395, -0.007592869013554467, 0.00574598216785166, -0.02626666470457548, 2.733973709698579, -0.0026367695850592386, 0.01078743944917519, 0.0017244941955541953, -0.010638848313811554, -0.004881013506131701], [0.04241016804630312, -0.00320609078372612, -0.002247891504133622, -0.002305160968819243, -0.00040092958542080445, -0.002266742950421749, -0.0022135107864131327, -0.00499751886892326, -0.0041632834897779285, -0.0020779935843107168, -0.0032093919036035915, -0.0023376751192129134, -0.0026367695850592386, 3.493568817473203, -0.002251157445520417, -0.0011637003780572985, -0.005541866029919053, 0.0009667272419016665], [0.052598828221021174, -0.007930724000520277, -0.002802181407177468, -0.0006916876229666158, -0.012782556463013668, -0.0011378635931133362, -0.008574289897251104, -0.003058409789567643, -0.006394942754948803, -0.00372539815171588, -0.00865821320778583, -0.012647332815629665, 0.01078743944917519, -0.002251157445520417, 2.7315047882225625, -0.008008785752343935, 0.008651580944512991, 0.0028081474258799966], [0.0673668908043013, -0.005467332641372685, -0.010591277538579984, -0.0044694171340604796, -0.009423290551069727, -0.009390603538888185, -0.015003876601959284, -0.002620516720191199, -0.012626803159731845, -0.005391583123074763, -0.005862233342089964, -0.007874486193310683, 0.0017244941955541953, -0.0011637003780572985, -0.008008785752343935, 2.718338186428259, -0.03425166237611531, -0.006339574281532354], [0.04377325565543491, -0.011629504986299293, -0.0014335546503241362, -0.006543423461043992, -0.005491687087325673, -0.015380695306384435, 0.00492113954257628, -0.012751236210075031, -0.0051321381358482515, -0.008861245932176636, -0.007218419287889813, -0.004699616702380967, -0.010638848313811554, -0.005541866029919053, 0.008651580944512991, -0.03425166237611531, 2.741761312921452, 0.014599486919532008], [-0.035054175918305924, -0.0034563631356793393, 0.002503767818418693, -0.003617212023344089, 0.00445111893400042, -0.0073182621211908, 0.007484463313865165, 0.0023723228347013446, 1.0210255846288674e-05, 5.769007766824432e-05, -0.004082343281284769, 0.0001877703524939747, -0.004881013506131701, 0.0009667272419016665, 0.0028081474258799966, -0.006339574281532354, 0.014599486919532008, 2.7306872637394908]]",
    "monomial_list": "[1, x9, x8, x7, x6, x5, x4, x3, x2, x17, x16, x15, x14, x13, x12, x11, x10, x1]"
}