{
    "name": "Total Decomposition",
    "rational_expression": "10699*x1**4/1000 + 11707*x1**3*x2/10000 - 2857*x1**3/200 + 9989*x1**2*x2**2/500 - 62953*x1**2*x2/10000 + 6091*x1**2/500 + 2947*x1*x2**3/2500 - 95641*x1*x2**2/10000 - 3463*x1*x2/500 - 14539*x1/1000 + 46479*x2**4/5000 - 56683*x2**3/10000 + 41351*x2**2/1000 - 65487*x2/10000 + 3101/250",
    "Q": "[ 1.24e+01 -3.27e+00 -7.27e+00  3.28e+00 -1.92e+00 -2.06e+00]\n[-3.27e+00  3.48e+01 -1.54e+00 -2.82e+00 -1.61e+00 -1.36e+00]\n[-7.27e+00 -1.54e+00  1.63e+01 -3.19e+00 -1.79e+00 -7.14e+00]\n[ 3.28e+00 -2.82e+00 -3.19e+00  9.29e+00  5.93e-01  1.00e+00]\n[-1.92e+00 -1.61e+00 -1.79e+00  5.93e-01  1.80e+01  5.93e-01]\n[-2.06e+00 -1.36e+00 -7.14e+00  1.00e+00  5.93e-01  1.07e+01]",
    "monomial_list": "[1, x2, x1, x2**2, x1*x2, x1**2]"
}