{
    "name": "Total Decomposition",
    "rational_expression": "0",
    "Q": "[[3.574718028424539e-05, -4.357591037457684e-05, -4.354026231398862e-05, -4.362736215631329e-05, 3.425832477874525e-05, 5.39274469090024e-06, 5.449367040789438e-06, 3.424252497702677e-05, 5.41959579306973e-06, 3.429862320607565e-05], [-4.357591037457684e-05, 0.00015796336974401265, 6.522782051616351e-07, 8.212685598896044e-07, -0.00012944654878960653, -1.4253703419524455e-05, -1.4406743660921757e-05, 1.9796378305468515e-06, 8.986694109438138e-06, 1.8972727336483426e-06], [-4.354026231398862e-05, 6.522782051616351e-07, 0.00015798733077606613, 6.8690056352699e-07, 1.9788756201768472e-06, -1.4316403454869316e-05, 9.043538438722253e-06, -0.00012946871019025067, -1.4360609124766975e-05, 1.9627074569858526e-06], [-4.362736215631329e-05, 8.212685598896044e-07, 6.8690056352699e-07, 0.00015818978340407987, 1.8976814769149036e-06, 8.997252723743988e-06, -1.4446124617835655e-05, 1.963949502435188e-06, -1.4336802407690442e-05, -0.00012962393328311148], [3.425832477874525e-05, -0.00012944654878960653, 1.9788756201768472e-06, 1.8976814769149036e-06, 0.00012273178132421163, -4.957935642480949e-06, -4.832148838767986e-06, 5.71475985658343e-06, -9.972770750814418e-06, 5.731618826841822e-06], [5.39274469090024e-06, -1.4253703419524455e-05, -1.4316403454869316e-05, 8.997252723743988e-06, -4.957935642480949e-06, 3.4155169602361615e-05, 1.7598722783024823e-06, -4.9493117198187616e-06, 1.8420811835606693e-06, -9.983513411767192e-06], [5.449367040789438e-06, -1.4406743660921757e-05, 9.043538438722253e-06, -1.4446124617835655e-05, -4.832148838767986e-06, 1.7598722783024823e-06, 3.422546258410565e-05, -9.98486220168555e-06, 1.7682193902705827e-06, -4.827772550662185e-06], [3.424252497702677e-05, 1.9796378305468515e-06, -0.00012946871019025067, 1.963949502435188e-06, 5.71475985658343e-06, -4.9493117198187616e-06, -9.98486220168555e-06, 0.0001228089322907125, -4.931993769806646e-06, 5.728301670100156e-06], [5.41959579306973e-06, 8.986694109438138e-06, -1.4360609124766975e-05, -1.4336802407690442e-05, -9.972770750814418e-06, 1.8420811835606693e-06, 1.7682193902705827e-06, -4.931993769806646e-06, 3.425957388264033e-05, -4.936804140763835e-06], [3.429862320607565e-05, 1.8972727336483426e-06, 1.9627074569858526e-06, -0.00012962393328311148, 5.731618826841822e-06, -9.983513411767192e-06, -4.827772550662185e-06, 5.728301670100156e-06, -4.936804140763835e-06, 0.0001229228766439256]]",
    "monomial_list": "[1, x3, x2, x1, x3**2, x2*x3, x1*x3, x2**2, x1*x2, x1**2]"
}