{
    "name": "Total Decomposition",
    "rational_expression": "8207*x1**4/500 - 85891*x1**3*x2/10000 - 448959*x1**3*x3/50000 - 171479*x1**3*x4/50000 + 200559*x1**3/5000 + 247941*x1**2*x2**2/10000 + 74763*x1**2*x2*x3/12500 + 332603*x1**2*x2*x4/1000000 + 48753*x1**2*x2/2000 + 123301*x1**2*x3**2/5000 - 51319*x1**2*x3*x4/500000 + 57181*x1**2*x3/2500 + 54157*x1**2*x4**2/2500 + 356197*x1**2*x4/10000 + 52003*x1**2/500 - 87309*x1*x2**3/125000 + 476389*x1*x2**2*x3/500000 + 34223*x1*x2**2*x4/12500 + 91591*x1*x2**2/2000 + 194641*x1*x2*x3**2/500000 - 3669*x1*x2*x3*x4/78125 + 36599*x1*x2*x3/1250 + 19277*x1*x2*x4**2/6250 + 15504*x1*x2*x4/625 + 14771*x1*x2/625 - 9651*x1*x3**3/4000 + 278959*x1*x3**2*x4/100000 + 77027*x1*x3**2/2000 + 48239*x1*x3*x4**2/20000 + 102219*x1*x3*x4/5000 + 422269*x1*x3/10000 - 127039*x1*x4**3/100000 + 22632*x1*x4**2/625 + 20258*x1*x4/625 + 205903*x1/100000 + 145747*x2**4/10000 - 49173*x2**3*x3/25000 - 198213*x2**3*x4/100000 + 40137*x2**3/1000 + 276313*x2**2*x3**2/10000 + 28369*x2**2*x3*x4/125000 + 23057*x2**2*x3/400 + 259269*x2**2*x4**2/10000 + 521023*x2**2*x4/10000 + 908907*x2**2/10000 - 194079*x2*x3**3/50000 + 216179*x2*x3**2*x4/5000000 + 550197*x2*x3**2/10000 + 12947*x2*x3*x4**2/1250 + 1709*x2*x3*x4/40 + 170201*x2*x3/10000 - 77303*x2*x4**3/12500 + 272719*x2*x4**2/10000 + 450139*x2*x4/10000 - 914649*x2/10000 + 64981*x3**4/5000 - 316601*x3**3*x4/100000 + 36551*x3**3/1000 + 257283*x3**2*x4**2/10000 + 458683*x3**2*x4/10000 + 107757*x3**2/1000 - 679169*x3*x4**3/100000 + 128617*x3*x4**2/5000 + 650053*x3*x4/10000 - 105473*x3/1000 + 8603*x4**4/500 + 82251*x4**3/2000 + 127749*x4**2/1000 - 23693*x4/1000 + 12876/125",
    "Q": "[[103.00812022180082, -11.813786712803573, -52.73120107008327, -45.74146781551142, 1.0799030164006025, 7.424216520684876, -9.409990408404276, -11.674328278829252, -8.584910593648367, -3.6149865536639396, -23.821357080791458, -7.850214422869778, -5.834539862416373, -11.084929510045262, 5.492018685253233], [-11.813786712803573, 112.90530652011944, 41.80111034651863, 34.08418555099886, 24.799263653505662, 20.554879508531332, 9.327405865607378, 10.964846255253542, 12.226923148551275, 9.693295430388714, 9.994164280782872, 1.4860751877588405, 11.480052609205849, 3.7036112480402683, 7.863070744894561], [-52.73120107008327, 41.80111034651863, 114.92563235385381, 32.25128995405953, 28.961386598062912, 3.4838322211723276, 13.285720683690608, 7.395491705487934, 8.232326525855513, 18.3133965684684, 22.299659090513515, 11.776459315169292, 9.103892786510723, 6.642551502337226, 5.123264411125625], [-45.74146781551142, 34.08418555099886, 32.25128995405953, 102.61699789089107, 22.929763733827905, 2.712119311506735, 4.015905549605396, 14.59283052764097, 6.812540451286797, 5.179668251693076, 19.708278563930865, 2.294139294813133, 20.030151533851793, 13.749375777499019, 4.022492474131356], [1.0799030164006025, 24.799263653505662, 28.961386598062912, 22.929763733827905, 93.13983823802185, 5.853093030507052, 0.5652803470167225, 1.8905283340590437, 9.935797243414894, 7.493177619716803, 5.719999867763334, 6.27995263027067, 9.101525048483031, 8.186414646512766, 20.107392850751552], [7.424216520684876, 20.554879508531332, 3.4838322211723276, 2.712119311506735, 5.853093030507052, 17.20320894292978, -3.4073210552970394, -3.093117621972404, -0.65062472264608, 1.878765218782392, 1.1859659510153606, 0.26300427106387203, 1.9956174416566985, 0.41418763132615416, 1.5718501896477206], [-9.409990408404276, 9.327405865607378, 13.285720683690608, 4.015905549605396, 0.5652803470167225, -3.4073210552970394, 21.970240169847074, 3.9970664090345425, 0.9597573729664305, -1.5756072035483115, -0.20579244866111535, -0.39324575322868166, -0.5107962290560494, -0.8506253987005598, 0.08352148942418823], [-11.674328278829252, 10.964846255253542, 7.395491705487934, 14.59283052764097, 1.8905283340590437, -3.093117621972404, 3.9970664090345425, 21.947669179679824, 1.1402759671571847, 0.2319410920788116, 0.6530054500747371, -0.8359150102071098, -0.9936792465774011, -0.21441746125366556, 0.20305304032286847], [-8.584910593648367, 12.226923148551275, 8.232326525855513, 6.812540451286797, 9.935797243414894, -0.65062472264608, 0.9597573729664305, 1.1402759671571847, 18.519529716103374, 1.7920204658737866, 1.686540408907867, -0.1341374075621448, 1.5877565574589376, -0.02918581910252978, -1.7184491528455619], [-3.6149865536639396, 9.693295430388714, 18.3133965684684, 5.179668251693076, 7.493177619716803, 1.878765218782392, -1.5756072035483115, 0.2319410920788116, 1.7920204658737866, 13.01056098094525, -1.9369992691373805, -1.2016219312549279, 1.964096182102801, 0.6439954129375289, 2.754021176860484], [-23.821357080791458, 9.994164280782872, 22.299659090513515, 19.708278563930865, 5.719999867763334, 1.1859659510153606, -0.20579244866111535, 0.6530054500747371, 1.686540408907867, -1.9369992691373805, 23.711639533958294, -0.4452602681933064, -0.9917436477374509, 0.7768269972691851, 2.152844959760015], [-7.850214422869778, 1.4860751877588405, 11.776459315169292, 2.294139294813133, 6.27995263027067, 0.26300427106387203, -0.39324575322868166, -0.8359150102071098, -0.1341374075621448, -1.2016219312549279, -0.4452602681933064, 19.148404361425307, -0.30824965887253675, 0.8440151141347193, -4.4989691671782905], [-5.834539862416373, 11.480052609205849, 9.103892786510723, 20.030151533851793, 9.101525048483031, 1.9956174416566985, -0.5107962290560494, -0.9936792465774011, 1.5877565574589376, 1.964096182102801, -0.9917436477374509, -0.30824965887253675, 14.567845226017363, -0.3635594623895073, 2.8578099744483887], [-11.084929510045262, 3.7036112480402683, 6.642551502337226, 13.749375777499019, 8.186414646512766, 0.41418763132615416, -0.8506253987005598, -0.21441746125366556, -0.02918581910252978, 0.6439954129375289, 0.7768269972691851, 0.8440151141347193, -0.3635594623895073, 19.075658182825933, -4.292657678651246], [5.492018685253233, 7.863070744894561, 5.123264411125625, 4.022492474131356, 20.107392850751552, 1.5718501896477206, 0.08352148942418823, 0.20305304032286847, -1.7184491528455619, 2.754021176860484, 2.152844959760015, -4.4989691671782905, 2.8578099744483887, -4.292657678651246, 16.43765976119262]]",
    "monomial_list": "[1, x4, x3, x2, x1, x4**2, x3*x4, x2*x4, x1*x4, x3**2, x2*x3, x1*x3, x2**2, x1*x2, x1**2]"
}