{
    "name": "Total Decomposition",
    "rational_expression": "17*x1**4/8 - 1797*x1**3*x2/1000 + 2651*x1**3/500 + 5649*x1**2*x2**2/1000 + 1463*x1**2*x2/500 + 2123*x1**2/250 - 2329*x1*x2**3/1000 + 4983*x1*x2**2/1000 - 3633*x1*x2/5000 + 464*x1/125 + 2211*x2**4/500 + 109*x2**3/50 + 1803*x2**2/250 + 4071*x2/1000 + 921/500",
    "Q": "[ 1.84e+00  2.03e+00  1.86e+00  6.84e-01  3.82e-01  7.33e-01]\n[ 2.03e+00  5.84e+00 -7.47e-01  1.09e+00  8.10e-01 -2.56e-02]\n[ 1.86e+00 -7.47e-01  7.03e+00  1.68e+00  1.49e+00  2.65e+00]\n[ 6.84e-01  1.09e+00  1.68e+00  4.42e+00 -1.16e+00  5.22e-01]\n[ 3.82e-01  8.10e-01  1.49e+00 -1.16e+00  4.60e+00 -8.96e-01]\n[ 7.33e-01 -2.56e-02  2.65e+00  5.22e-01 -8.96e-01  2.13e+00]",
    "monomial_list": "[1, x2, x1, x2**2, x1*x2, x1**2]"
}