{
    "name": "Total Decomposition",
    "rational_expression": "30299*x1**4/5000 + 10889*x1**3*x2/10000 - 22801*x1**3*x3/100000 + 323*x1**3*x4/10000 + 1441*x1**3/125 + 14823*x1**2*x2**2/500 - 511*x1**2*x2*x3/4000 - 1371*x1**2*x2*x4/125000 - 7047*x1**2*x2/2500 + 32653*x1**2*x3**2/5000 - 11927*x1**2*x3*x4/1000000 - 5179*x1**2*x3/20000 + 14893*x1**2*x4**2/2000 + 4277*x1**2*x4/2000000 + 689*x1**2/250 + 64511*x1*x2**3/10000 - 4811*x1*x2**2*x3/25000 - 26601*x1*x2**2*x4/50000 - 1497*x1*x2**2/100 + 12997*x1*x2*x3**2/5000 - 7947*x1*x2*x3*x4/500000 - 2421*x1*x2*x3/12500 + 32187*x1*x2*x4**2/10000 - 393*x1*x2*x4/20000 - 25737*x1*x2/1000 + 12819*x1*x3**3/1000000 + 48533*x1*x3**2*x4/1000000 + 13869*x1*x3**2/1000 + 4177*x1*x3*x4**2/200000 - 3459*x1*x3*x4/125000 + 48817*x1*x3/100000 + 28391*x1*x4**3/500000 + 16067*x1*x4**2/1000 + 86109*x1*x4/1000000 - 3839*x1/25000 + 11069*x2**4/1000 - 24733*x2**3*x3/250000 - 13443*x2**3*x4/100000 - 6109*x2**3/625 + 26101*x2**2*x3**2/1000 + 10981*x2**2*x3*x4/125000 + 11179*x2**2*x3/200000 + 18317*x2**2*x4**2/1000 + 12533*x2**2*x4/20000 + 10443*x2**2/1000 + 48873*x2*x3**3/500000 - 19371*x2*x3**2*x4/500000 + 99391*x2*x3**2/10000 + 69*x2*x3*x4**2/500 - 21781*x2*x3*x4/2500000 + 19547*x2*x3/25000 - 48777*x2*x4**3/500000 + 24803*x2*x4**2/2500 + 77227*x2*x4/100000 + 13547*x2/500 + 91431*x3**4/100000 - 3747*x3**3*x4/250000 + 13337*x3**3/200000 + 1921*x3**2*x4**2/1250 - 5063*x3**2*x4/200000 + 4251*x3**2/1000 - 10391*x3*x4**3/500000 + 91737*x3*x4**2/1000000 - 44113*x3*x4/1000000 + 38343*x3/50000 + 3571*x4**4/2000 - 27283*x4**3/500000 + 18979*x4**2/2000 + 1147*x4/6250 + 15341/1000",
    "Q": "[[15.341026873658885, 0.09233205048837632, 0.3846193161289817, 13.553548481204603, -0.07549524319385893, 0.09596959673705849, -0.015146058187277168, 0.22781472263708266, 0.06385363980697567, -1.8076182458399699, 0.08438325368600086, 0.2236175964675903, -5.0890866682627385, -10.403044086364856, -3.6013497448072593], [0.09233205048837632, 9.306429072808807, -0.007008178374702759, 0.15267853765852857, -0.01510722322808886, -0.02279646621638333, 0.03074804738850116, 5.526811407646062, 7.367699810746144, -0.02358027437596022, 0.0038569185649097843, -0.009122112259504461, -0.020644787545080177, -0.08685684784477817, 0.019632817111377168], [0.3846193161289817, -0.007008178374702759, 7.871623798014346, 0.30383864590493637, 0.017487881974616794, 0.018137877357653997, 0.00768489973854766, 0.009542837937385532, -0.0052923894152350675, 0.03415474510511816, 6.726092186168657, 5.679980938049999, -0.07993639619993119, -0.1963579163115526, -0.15726545843804232], [13.553548481204603, 0.15267853765852857, 0.30383864590493637, 20.639837889795142, -2.4713661633032706, -0.5648465972287573, -0.013399756502293457, 0.3276462557859893, 0.07847268256940336, -1.7525872047094129, 0.10349319910657853, 0.13140670402312468, -4.883411993697477, -9.992135598205945, -3.4761215239099394], [-0.07549524319385893, -0.01510722322808886, 0.017487881974616794, -2.4713661633032706, 9.969024172451817, 0.6595355481321803, -0.0012199166497192675, -0.00041119626110379447, -0.011785205665134336, 1.248767943578073, -0.031063504414711555, 0.033011088477987845, 2.494911793819365, 2.0679197220048198, 5.760016958760422], [0.09596959673705849, -0.02279646621638333, 0.018137877357653997, -0.5648465972287573, 0.6595355481321803, 1.7850414901584042, -0.010466359641784105, -0.04602229344006899, 0.031974549526290245, 0.26354942324476144, 0.018320985306137624, 0.015208232994851495, 1.005845827548053, 0.5602089095786577, 0.060165606187297264], [-0.015146058187277168, 0.03074804738850116, 0.00768489973854766, -0.013399756502293457, -0.0012199166497192675, -0.010466359641784105, 1.005983931928359, 0.05218845399063271, -0.001799684595512069, -0.007186511063922292, 0.00040149000865431403, 0.03242487886378395, -0.003561377179823575, 0.004655606243068308, 0.0024897767854679177], [0.22781472263708266, 5.526811407646062, 0.009542837937385532, 0.3276462557859893, -0.00041119626110379447, -0.04602229344006899, 0.05218845399063271, 16.299125565567195, 1.0383004589458527, -0.027724810470341994, 0.050066903313348815, -0.0038117734680837476, -0.07167803498938338, -0.2858398108277669, -0.008915777638292889], [0.06385363980697567, 7.367699810746144, -0.0052923894152350675, 0.07847268256940336, -0.011785205665134336, 0.031974549526290245, -0.001799684595512069, 1.0383004589458527, 7.316423365478366, -0.00967103940566387, -0.0008438327749839766, -0.010306985714744152, 0.021247840608148525, 0.004518097001155656, 0.01860362053774843], [-1.8076182458399699, -0.02358027437596022, 0.03415474510511816, -1.7525872047094129, 1.248767943578073, 0.26354942324476144, -0.007186511063922292, -0.027724810470341994, -0.00967103940566387, 0.9128790751309769, 0.050220122740213424, 0.007911354011344206, 1.0647122416810044, 1.0705003178228645, 0.5413167572650379], [0.08438325368600086, 0.0038569185649097843, 6.726092186168657, 0.10349319910657853, -0.031063504414711555, 0.018320985306137624, 0.00040149000865431403, 0.050066903313348815, -0.0008438327749839766, 0.050220122740213424, 23.969711958128567, 0.2243820837520536, -0.05322075284354269, -0.06725242641057608, -0.014863861225028882], [0.2236175964675903, -0.009122112259504461, 5.679980938049999, 0.13140670402312468, 0.033011088477987845, 0.015208232994851495, 0.03242487886378395, -0.0038117734680837476, -0.010306985714744152, 0.007911354011344206, 0.2243820837520536, 5.43739332347118, -0.02473402437301129, -0.033143495696059434, -0.11156867568120729], [-5.0890866682627385, -0.020644787545080177, -0.07993639619993119, -4.883411993697477, 2.494911793819365, 1.005845827548053, -0.003561377179823575, -0.07167803498938338, 0.021247840608148525, 1.0647122416810044, -0.05322075284354269, -0.02473402437301129, 11.066770253407844, 3.22372583381234, 2.4606785021981996], [-10.403044086364856, -0.08685684784477817, -0.1963579163115526, -9.992135598205945, 2.0679197220048198, 0.5602089095786577, 0.004655606243068308, -0.2858398108277669, 0.004518097001155656, 1.0705003178228645, -0.06725242641057608, -0.033143495696059434, 3.22372583381234, 24.720240488035323, 0.5477354416752971], [-3.6013497448072593, 0.019632817111377168, -0.15726545843804232, -3.4761215239099394, 5.760016958760422, 0.060165606187297264, 0.0024897767854679177, -0.008915777638292889, 0.01860362053774843, 0.5413167572650379, -0.014863861225028882, -0.11156867568120729, 2.4606785021981996, 0.5477354416752971, 6.051092237331952]]",
    "monomial_list": "[1, x4, x3, x2, x1, x4**2, x3*x4, x2*x4, x1*x4, x3**2, x2*x3, x1*x3, x2**2, x1*x2, x1**2]"
}