{
    "name": "Multiplier-2",
    "rational_expression": "6149*x1**2/500 + 75249*x1*x10/100000 + 10667*x1*x11/20000 + 15119*x1*x12/50000 + 47323*x1*x13/100000 + 36409*x1*x14/50000 + 18487*x1*x15/50000 + 48441*x1*x2/100000 - 48917*x1*x3/1000000 + 33323*x1*x4/100000 + 9787*x1*x5/20000 + 49207*x1*x6/100000 + 25289*x1*x7/50000 - 37093*x1*x8/100000 + 8709*x1*x9/25000 - 2517*x1/1000 + 13359*x10**2/1000 - 543*x10*x11/625 - 78351*x10*x12/100000 - 16427*x10*x13/25000000 - 3429*x10*x14/20000 + 31333*x10*x15/1000000 + 3607*x10*x2/2000 - 18753*x10*x3/100000 - 19147*x10*x4/50000 - 2553*x10*x5/25000 - 4149*x10*x6/20000 + 2043*x10*x7/125000 + 66859*x10*x8/100000 - 3463*x10*x9/625000 + 789*x10/250 + 12297*x11**2/1000 - 33077*x11*x12/50000 - 75239*x11*x13/100000 - 8149*x11*x14/200000 - 86551*x11*x15/100000 - 29763*x11*x2/500000 - 8959*x11*x3/10000 - 26439*x11*x4/100000 - 38929*x11*x5/50000 - 26939*x11*x6/50000 - 20999*x11*x7/25000 + 3207*x11*x8/20000 - 99217*x11*x9/100000 + 2609*x11/1000 + 6513*x12**2/500 - 15679*x12*x13/10000 - 22111*x12*x14/100000 - 50353*x12*x15/100000 - 6007*x12*x2/2000 + 22661*x12*x3/100000 - 52817*x12*x4/100000 - 60841*x12*x5/100000 + 40637*x12*x6/50000 - 32849*x12*x7/50000 - 77999*x12*x8/1000000 - 8401*x12*x9/12500 + 633*x12/500 + 2439*x13**2/200 - 11097*x13*x14/50000 - 2013*x13*x15/2500 + 8639*x13*x2/5000 - 6379*x13*x3/20000 - 13221*x13*x4/50000 - 90403*x13*x5/100000 - 6877*x13*x6/20000 - 5479*x13*x7/5000 + 111*x13*x8/500 - 77569*x13*x9/100000 + 2021*x13/1000 + 12783*x14**2/1000 - 88731*x14*x15/100000 - 85947*x14*x2/100000 + 52923*x14*x3/100000 - 13581*x14*x4/100000 - 141*x14*x5/2500 - 25571*x14*x6/1000000 - 17083*x14*x7/100000 - 20743*x14*x8/250000 + 11033*x14*x9/1000000 + 1239*x14/1000 + 12169*x15**2/1000 + 629*x15*x2/625 - 15759*x15*x3/25000 - 21247*x15*x4/100000 - 4917*x15*x5/5000 - 31127*x15*x6/50000 - 21507*x15*x7/25000 + 14937*x15*x8/50000 - 8171*x15*x9/12500 + 407*x15/200 + 22643*x2**2/1000 - 5117*x2*x3/2500 - 3969*x2*x4/2500 + 8957*x2*x5/5000 - 26631*x2*x6/10000 + 7701*x2*x7/5000 + 3*x2*x8 - 8641*x2*x9/100000 + 2921*x2/1000 + 11761*x3**2/1000 + 2341*x3*x4/20000 - 1667*x3*x5/3125 + 12289*x3*x6/100000 - 6381*x3*x7/50000 - 6043*x3*x8/50000 - 2611*x3*x9/2500 - 4577*x3/50000 + 13589*x4**2/1000 - 707*x4*x5/625 - 20981*x4*x6/100000 - 1799*x4*x7/6250 - 1447*x4*x8/5000 - 41681*x4*x9/100000 + 1539*x4/1000 + 12053*x5**2/1000 - 14187*x5*x6/25000 - 5341*x5*x7/5000 + 26127*x5*x8/100000 - 23647*x5*x9/50000 + 499*x5/250 + 6519*x6**2/500 - 13459*x6*x7/10000 - 82641*x6*x8/1000000 - 73213*x6*x9/100000 + 1793*x6/2500 + 487*x7**2/40 + 3971*x7*x8/20000 - 78791*x7*x9/100000 + 1037*x7/500 + 6833*x8**2/500 - 23129*x8*x9/25000 + 1409*x8/2000 + 6127*x9**2/500 + 3117*x9/1000 + 6521/1000",
    "Q": "[[6.521358725139865, 1.5565829517385652, 0.35030631122956907, 1.035243620610725, 0.35989831602246186, 0.9988667445574222, 0.772696405505138, -0.045892316514304886, 1.4613616027462568, 1.018625319826308, 0.6178064026209507, 1.0134099135965855, 0.6357014049684167, 1.3041213511219334, 1.5783288510637314, -1.2573041422701716], [1.5565829517385652, 12.252084601942126, -0.46635734763372527, -0.39463094642302665, -0.3678525414452224, -0.2357724363689884, -0.21333377508586698, -0.5184558416966191, -0.044121122467698656, -0.32667810085610927, -0.00045158216480183414, -0.38704952180362145, -0.3294802495335518, -0.4918083640974113, -0.003299739848380937, 0.17797454275034943], [0.35030631122956907, -0.46635734763372527, 13.666524635086752, 0.09901929004052097, -0.03784670426741729, 0.13442190392144598, -0.1467372239858221, -0.05428804169255079, 1.506510030723485, 0.15544149556080994, -0.038233284236778714, 0.11734365770106367, -0.033119562857177154, 0.07497920460239858, 0.33538468405920097, -0.1827748432606133], [1.035243620610725, -0.39463094642302665, 0.09901929004052097, 12.173897267502813, -0.6747643491265126, -0.5288233341387445, -0.14834146371811166, -0.06021196192297368, 0.7684044511560983, -0.42602730914872217, -0.08491647122332087, -0.5478628020809315, -0.3262597077183522, -0.42288451742908306, 0.002102270791351149, 0.2581213752804429], [0.35989831602246186, -0.3678525414452224, -0.03784670426741729, -0.6747643491265126, 13.038521365398148, -0.28970710273373856, -0.10719757896179027, 0.05678161688117457, -1.331007502685501, -0.3059916167860211, -0.011999208330176137, -0.16610724639222935, 0.4062217942282372, -0.2704320891951041, -0.10576167492701445, 0.25030197374090807], [0.9988667445574222, -0.2357724363689884, 0.13442190392144598, -0.5288233341387445, -0.28970710273373856, 12.053089772350997, -0.5609503630866072, -0.2682667641910371, 0.8930231062340028, -0.4868925542641354, -0.031693408413623746, -0.45625274435314717, -0.30993160095959443, -0.38509107489832695, -0.04845864482114143, 0.24490324177637068], [0.772696405505138, -0.21333377508586698, -0.1467372239858221, -0.14834146371811166, -0.10719757896179027, -0.5609503630866072, 13.590681187874644, 0.06108274922088228, -0.7992231509630167, -0.10303039107223042, -0.06717157536550279, -0.12725494844029933, -0.260949545724727, -0.13276551240336523, -0.195694574547527, 0.17152965957722435], [-0.045892316514304886, -0.5184558416966191, -0.05428804169255079, -0.06021196192297368, 0.05678161688117457, -0.2682667641910371, 0.06108274922088228, 11.761413090791342, -1.021188837570528, -0.31271359860566245, 0.2618729460957628, -0.16308105456140087, 0.11679893596797973, -0.44484685071447994, -0.09160272490039575, -0.02191868261084026], [1.4613616027462568, -0.044121122467698656, 1.506510030723485, 0.7684044511560983, -1.331007502685501, 0.8930231062340028, -0.7992231509630167, -1.021188837570528, 22.644788252361295, 0.49594314087057156, -0.4216790814297542, 0.8602608459694936, -1.5095492678059876, -0.03315508800961073, 0.9065807045876086, 0.2439964532779085], [1.018625319826308, -0.32667810085610927, 0.15544149556080994, -0.42602730914872217, -0.3059916167860211, -0.4868925542641354, -0.10303039107223042, -0.31271359860566245, 0.49594314087057156, 12.16736103902074, -0.4484764605304162, -0.40218328734825787, -0.2563489462791688, -0.43661053728644367, 0.011979106097149486, 0.1859369407901607], [0.6178064026209507, -0.00045158216480183414, -0.038233284236778714, -0.08491647122332087, -0.011999208330176137, -0.031693408413623746, -0.06717157536550279, 0.2618729460957628, -0.4216790814297542, -0.4484764605304162, 12.78251370665362, -0.10977168579736862, -0.11255440913407702, -0.01846065624179456, -0.0803285686327727, 0.36665811432163725], [1.0134099135965855, -0.38704952180362145, 0.11734365770106367, -0.5478628020809315, -0.16610724639222935, -0.45625274435314717, -0.12725494844029933, -0.16308105456140087, 0.8602608459694936, -0.40218328734825787, -0.10977168579736862, 12.1960093220103, -0.7813486692914684, -0.3750384067628906, 0.0038482577449325266, 0.23616848621767508], [0.6357014049684167, -0.3294802495335518, -0.033119562857177154, -0.3262597077183522, 0.4062217942282372, -0.30993160095959443, -0.260949545724727, 0.11679893596797973, -1.5095492678059876, -0.2563489462791688, -0.11255440913407702, -0.7813486692914684, 13.027536966036111, -0.3304994353607901, -0.38944338349018026, 0.14634759354661012], [1.3041213511219334, -0.4918083640974113, 0.07497920460239858, -0.42288451742908306, -0.2704320891951041, -0.38509107489832695, -0.13276551240336523, -0.44484685071447994, -0.03315508800961073, -0.43661053728644367, -0.01846065624179456, -0.3750384067628906, -0.3304994353607901, 12.295914369399794, -0.43231910234058746, 0.26695747691319865], [1.5783288510637314, -0.003299739848380937, 0.33538468405920097, 0.002102270791351149, -0.10576167492701445, -0.04845864482114143, -0.195694574547527, -0.09160272490039575, 0.9065807045876086, 0.011979106097149486, -0.0803285686327727, 0.0038482577449325266, -0.38944338349018026, -0.43231910234058746, 13.35902826092699, 0.37641071136585863], [-1.2573041422701716, 0.17797454275034943, -0.1827748432606133, 0.2581213752804429, 0.25030197374090807, 0.24490324177637068, 0.17152965957722435, -0.02191868261084026, 0.2439964532779085, 0.1859369407901607, 0.36665811432163725, 0.23616848621767508, 0.14634759354661012, 0.26695747691319865, 0.37641071136585863, 12.299727102100414]]",
    "monomial_list": "[1, x9, x8, x7, x6, x5, x4, x3, x2, x15, x14, x13, x12, x11, x10, x1]"
}