{
    "name": "Multiplier-8",
    "rational_expression": "11489*x1**2/1000 + 2267*x1*x10/4000 + 3347*x1*x11/5000 + 25089*x1*x12/100000 + 32289*x1*x13/50000 + 12339*x1*x14/10000 + 5209*x1*x15/12500 + 88041*x1*x2/100000 + 14357*x1*x3/50000 + 29721*x1*x4/50000 + 52199*x1*x5/100000 + 70729*x1*x6/100000 + 36651*x1*x7/50000 - 13363*x1*x8/5000 + 92969*x1*x9/100000 - 699*x1/200 + 317*x10**2/25 - 17549*x10*x11/10000 - 25889*x10*x12/50000 + 77203*x10*x13/1000000 - 19103*x10*x14/100000 + 17671*x10*x15/100000 + 22387*x10*x2/25000 - 8799*x10*x3/500000 - 10573*x10*x4/10000 - 1411*x10*x5/40000 + 43213*x10*x6/100000 + 40617*x10*x7/10000000 + 18041*x10*x8/5000 - 5179*x10*x9/5000 + 149*x10/50 + 11167*x11**2/1000 - 86157*x11*x12/100000 - 2309*x11*x13/2000 + 58239*x11*x14/1000000 - 13411*x11*x15/10000 - 1147*x11*x2/2500 - 557*x11*x3/400 - 15683*x11*x4/50000 - 12139*x11*x5/10000 - 62403*x11*x6/100000 - 6497*x11*x7/5000 + 51439*x11*x8/100000 - 9083*x11*x9/5000 + 2383*x11/1000 + 12331*x12**2/1000 - 22611*x12*x13/10000 - 48023*x12*x14/100000 - 10481*x12*x15/25000 - 95761*x12*x2/100000 + 18129*x12*x3/200000 - 734*x12*x4/625 - 27923*x12*x5/50000 + 85201*x12*x6/100000 - 83677*x12*x7/100000 + 8143*x12*x8/5000 - 10861*x12*x9/10000 + 631*x12/250 + 439*x13**2/40 - 19591*x13*x14/100000 - 3517*x13*x15/2500 - 9497*x13*x2/20000 - 1752*x13*x3/3125 - 13173*x13*x4/100000 - 15207*x13*x5/10000 - 1129*x13*x6/5000 - 1077*x13*x7/625 + 9593*x13*x8/10000 - 6291*x13*x9/5000 + 44*x13/25 + 11787*x14**2/1000 - 14913*x14*x15/10000 - 2689*x14*x2/3125 + 60397*x14*x3/100000 - 30959*x14*x4/100000 + 97003*x14*x5/1000000 - 11523*x14*x6/50000 - 5213*x14*x7/25000 + 14167*x14*x8/100000 + 4241*x14*x9/20000 + 2159*x14/1000 + 2727*x15**2/250 - 14757*x15*x2/100000 - 95623*x15*x3/100000 - 5337*x15*x4/50000 - 2987*x15*x5/2000 - 2451*x15*x6/4000 - 6867*x15*x7/5000 + 169*x15*x8/80 - 3271*x15*x9/2500 + 347*x15/200 + 6153*x2**2/500 - 12813*x2*x3/10000 - 88519*x2*x4/100000 - 10851*x2*x5/50000 - 617*x2*x6/500 - 65067*x2*x7/100000 + 20953*x2*x8/5000 - 89089*x2*x9/100000 + 3379*x2/1000 + 407*x3**2/40 + 53843*x3*x4/1000000 - 80177*x3*x5/100000 - 14953*x3*x6/50000 - 1073*x3*x7/3125 + 98667*x3*x8/10000000 - 15033*x3*x9/10000 + 1237*x3/1000 + 6607*x4**2/500 - 3533*x4*x5/2000 - 38987*x4*x6/50000 - 16127*x4*x7/50000 - 6011*x4*x8/2000 - 24971*x4*x9/1000000 + 1187*x4/500 + 5441*x5**2/500 - 11357*x5*x6/25000 - 16667*x5*x7/10000 + 38031*x5*x8/10000 - 5459*x5*x9/5000 + 469*x5/250 + 6131*x6**2/500 - 20293*x6*x7/10000 + 7629*x6*x8/5000 - 2233*x6*x9/2000 + 2491*x6/1000 + 5551*x7**2/500 + 1261*x7*x8/1000 - 12883*x7*x9/10000 + 521*x7/250 + 27251*x8**2/1000 - 32559*x8*x9/5000 + 1553*x8/1000 + 287*x9**2/25 + 2109*x9/1000 + 4151/1000",
    "Q": "[[4.151339391962839, 1.0544520465215699, 0.7771462717234436, 1.0420325993997794, 1.2463461334589208, 0.9392325178926607, 1.1872572663555467, 0.616669044351811, 1.6913277904525748, 0.8690536493999732, 1.0795832802876915, 0.8806931862684729, 1.263469616826121, 1.1915248111042036, 1.4887411041993615, -1.7489772266887156], [1.0544520465215699, 11.47977458757939, -3.2585346131225386, -0.6419472335226452, -0.5558775420746939, -0.5511922413202348, -0.010802262394829135, -0.7478819865226412, -0.4427148473362212, -0.6497361027029828, 0.11054509753402504, -0.6318566837448832, -0.5409116666529507, -0.9093549979388321, -0.5212618471241856, 0.46502365880706], [0.7771462717234436, -3.2585346131225386, 27.252877558031166, 0.6246468495940425, 0.7586870893722375, 1.9165812752219462, -1.5066953547025235, 0.002045928707450741, 2.09590504777709, 1.0569945564291012, 0.06181058067757161, 0.4783299097887173, 0.8187529171323237, 0.2592070379220437, 1.7939540772083897, -1.3414097703225523], [1.0420325993997794, -0.6419472335226452, 0.6246468495940425, 11.1012981820444, -1.0116525446590785, -0.8302629276906905, -0.16251410964280255, -0.1675921143576071, -0.32653035872322966, -0.6904619013783877, -0.10445979532566468, -0.8663558765669485, -0.41643725682561966, -0.6525727101716924, 0.0016709769697942026, 0.36065989608579496], [1.2463461334589208, -0.5558775420746939, 0.7586870893722375, -1.0116525446590785, 12.261487483232989, -0.2266417477647737, -0.3919255703717931, -0.14933025353978047, -0.6223597423648435, -0.3106097005072251, -0.11872085562463228, -0.10834546266718681, 0.4243075126192921, -0.30708817612759626, 0.21644906620825946, 0.3519797023931519], [0.9392325178926607, -0.5511922413202348, 1.9165812752219462, -0.8302629276906905, -0.2266417477647737, 10.883547596895232, -0.8824540401755631, -0.4024951127564047, -0.11043678998555274, -0.7498975829345925, 0.051252249682117196, -0.7599735760992371, -0.27449676082613794, -0.6065350885752678, -0.017874735639138092, 0.2621984714508999], [1.1872572663555467, -0.010802262394829135, -1.5066953547025235, -0.16251410964280255, -0.3919255703717931, -0.8824540401755631, 13.214857519154599, 0.026318140764049907, -0.4450643796964313, -0.05484059677914942, -0.15455544156645323, -0.061900527362428744, -0.5849383143372417, -0.15642150297420582, -0.5241795555588029, 0.3001206513679746], [0.616669044351811, -0.7478819865226412, 0.002045928707450741, -0.1675921143576071, -0.14933025353978047, -0.4024951127564047, 0.026318140764049907, 10.172707533478183, -0.6413959547486513, -0.4811741416904902, 0.29975329462928807, -0.285894317120322, 0.04370167647130266, -0.6969425210794236, -0.011373169575866334, 0.14936835094696574], [1.6913277904525748, -0.4427148473362212, 2.09590504777709, -0.32653035872322966, -0.6223597423648435, -0.11043678998555274, -0.4450643796964313, -0.6413959547486513, 12.309286080575577, -0.07276554365355924, -0.4325233963151798, -0.2326989767651003, -0.48268387429005455, -0.23074152299697362, 0.44753752790159745, 0.4358080166138601], [0.8690536493999732, -0.6497361027029828, 1.0569945564291012, -0.6904619013783877, -0.3106097005072251, -0.7498975829345925, -0.05484059677914942, -0.4811741416904902, -0.07276554365355924, 10.911099364835103, -0.7479687565710401, -0.7001782828285819, -0.2070765598501809, -0.6687293825612963, 0.09368179522257629, 0.2032812825871949], [1.0795832802876915, 0.11054509753402504, 0.06181058067757161, -0.10445979532566468, -0.11872085562463228, 0.051252249682117196, -0.15455544156645323, 0.29975329462928807, -0.4325233963151798, -0.7479687565710401, 11.788180503984412, -0.09788198288378444, -0.23986977871934012, 0.03336865987759911, -0.0966929198589599, 0.6131135316356024], [0.8806931862684729, -0.6318566837448832, 0.4783299097887173, -0.8663558765669485, -0.10834546266718681, -0.7599735760992371, -0.061900527362428744, -0.285894317120322, -0.2326989767651003, -0.7001782828285819, -0.09788198288378444, 10.975609054193093, -1.1287628339332334, -0.5801394778634185, 0.038021607420617894, 0.32393786386115064], [1.263469616826121, -0.5409116666529507, 0.8187529171323237, -0.41643725682561966, 0.4243075126192921, -0.27449676082613794, -0.5849383143372417, 0.04370167647130266, -0.48268387429005455, -0.2070765598501809, -0.23986977871934012, -1.1287628339332334, 12.330963782639255, -0.4289920574582531, -0.2580201151809215, 0.12104469882740265], [1.1915248111042036, -0.9093549979388321, 0.2592070379220437, -0.6525727101716924, -0.30708817612759626, -0.6065350885752678, -0.15642150297420582, -0.6969425210794236, -0.23074152299697362, -0.6687293825612963, 0.03336865987759911, -0.5801394778634185, -0.4289920574582531, 11.168834766504057, -0.8746730110380836, 0.3349626598769853], [1.4887411041993615, -0.5212618471241856, 1.7939540772083897, 0.0016709769697942026, 0.21644906620825946, -0.017874735639138092, -0.5241795555588029, -0.011373169575866334, 0.44753752790159745, 0.09368179522257629, -0.0966929198589599, 0.038021607420617894, -0.2580201151809215, -0.8746730110380836, 12.67525166802397, 0.28257634964422207], [-1.7489772266887156, 0.46502365880706, -1.3414097703225523, 0.36065989608579496, 0.3519797023931519, 0.2621984714508999, 0.3001206513679746, 0.14936835094696574, 0.4358080166138601, 0.2032812825871949, 0.6131135316356024, 0.32393786386115064, 0.12104469882740265, 0.3349626598769853, 0.28257634964422207, 11.484464356608239]]",
    "monomial_list": "[1, x9, x8, x7, x6, x5, x4, x3, x2, x15, x14, x13, x12, x11, x10, x1]"
}