{
    "name": "Multiplier-14",
    "rational_expression": "12289*x1**2/1000 + 79927*x1*x10/100000 + 17629*x1*x11/20000 + 31463*x1*x12/50000 + 71889*x1*x13/100000 + 14699*x1*x14/10000 + 387*x1*x15/1000 + 22847*x1*x2/25000 + 71629*x1*x3/100000 + 55103*x1*x4/100000 + 39653*x1*x5/50000 + 22913*x1*x6/25000 + 74563*x1*x7/100000 - 11877*x1*x8/25000 + 67103*x1*x9/100000 - 3119*x1/1000 + 12953*x10**2/1000 - 207*x10*x11/200 - 50899*x10*x12/100000 - 12441*x10*x13/100000 + 18387*x10*x14/1000000 - 81603*x10*x15/1000000 - 28677*x10*x2/500000 - 633*x10*x3/10000 - 46389*x10*x4/100000 - 6939*x10*x5/20000 + 41999*x10*x6/1000000 - 21937*x10*x7/100000 + 24177*x10*x8/1000000 - 27561*x10*x9/100000 + 283*x10/100 + 497*x11**2/40 - 68953*x11*x12/100000 - 94809*x11*x13/100000 + 23241*x11*x14/25000 - 6347*x11*x15/5000 - 16511*x11*x2/25000 - 3353*x11*x3/4000 - 31101*x11*x4/100000 - 88009*x11*x5/100000 - 26047*x11*x6/50000 - 10237*x11*x7/10000 + 6599*x11*x8/50000 - 5129*x11*x9/5000 + 749*x11/200 + 6417*x12**2/500 - 15837*x12*x13/10000 + 16309*x12*x14/20000 - 57407*x12*x15/100000 - 87433*x12*x2/100000 - 17631*x12*x3/100000 - 11063*x12*x4/20000 - 68981*x12*x5/100000 + 3913*x12*x6/12500 - 4743*x12*x7/6250 + 8353*x12*x8/50000 - 14731*x12*x9/25000 + 53*x12/20 + 1506*x13**2/125 - 31937*x13*x14/100000 - 3169*x13*x15/2500 - 15683*x13*x2/25000 - 65879*x13*x3/100000 - 12841*x13*x4/50000 - 11699*x13*x5/10000 - 3671*x13*x6/10000 - 13121*x13*x7/10000 + 12893*x13*x8/50000 - 96779*x13*x9/100000 + 2409*x13/1000 + 18659*x14**2/1000 - 3697*x14*x15/2500 - 11969*x14*x2/10000 + 651*x14*x3/625 + 5707*x14*x4/5000 - 12771*x14*x5/100000 + 5339*x14*x6/5000 - 49267*x14*x7/100000 - 82251*x14*x8/100000 + 13183*x14*x9/10000 + 53*x14/20 + 2947*x15**2/250 - 18107*x15*x2/50000 - 2929*x15*x3/2500 - 6839*x15*x4/50000 - 7067*x15*x5/5000 - 72863*x15*x6/100000 - 11993*x15*x7/10000 + 12009*x15*x8/25000 - 5623*x15*x9/5000 + 1349*x15/1000 + 6323*x2**2/500 - 2699*x2*x3/2500 - 58157*x2*x4/100000 - 31043*x2*x5/50000 - 5453*x2*x6/5000 - 14497*x2*x7/20000 + 14147*x2*x8/50000 - 22983*x2*x9/50000 + 408*x2/125 + 2949*x3**2/250 - 31667*x3*x4/500000 - 16423*x3*x5/25000 - 8573*x3*x6/25000 - 51063*x3*x7/100000 + 20749*x3*x8/100000 - 16961*x3*x9/20000 + 271*x3/100 + 6691*x4**2/500 - 10871*x4*x5/10000 - 16113*x4*x6/50000 - 19629*x4*x7/50000 - 6403*x4*x8/20000 - 39553*x4*x9/100000 + 1337*x4/500 + 12067*x5**2/1000 - 29021*x5*x6/50000 - 5999*x5*x7/5000 + 1579*x5*x8/6250 - 31051*x5*x9/50000 + 1421*x5/500 + 12829*x6**2/1000 - 2843*x6*x7/2000 + 2901*x6*x8/25000 - 11699*x6*x9/20000 + 1367*x6/500 + 2439*x7**2/200 + 4063*x7*x8/25000 - 96239*x7*x9/100000 + 2867*x7/1000 + 13343*x8**2/1000 - 6179*x8*x9/6250 + 68*x8/625 + 2451*x9**2/200 + 1939*x9/500 + 3011/500",
    "Q": "[[6.022014382680049, 1.9398766021673064, 0.05458579457863434, 1.4304990278254144, 1.3649326450170343, 1.419731785364863, 1.3376622467000143, 1.3553623997785296, 1.633029650472567, 0.6746220204504738, 1.3230076829339334, 1.206125912605406, 1.3242062581209277, 1.8725505375075822, 1.417184868188258, -1.560883753949707], [1.9398766021673064, 12.25614326737943, -0.4911027272901838, -0.4810921450729355, -0.2875582286287715, -0.31152796700057395, -0.19751464634565227, -0.4263513433494475, -0.2312493092947317, -0.5648777694600907, 0.6617420021906846, -0.48673653249222404, -0.29994715105774966, -0.5182666887162498, -0.14191706786550248, 0.33802871688545827], [0.05458579457863434, -0.4911027272901838, 13.34284987776951, 0.0860612367965772, 0.06049912089054224, 0.13018347289306267, -0.1643171041898819, 0.10180679666722424, 0.1377296561255984, 0.24477080455276978, -0.4119626567765422, 0.12757924845213137, 0.08537430862080585, 0.0639845757268066, 0.015120966272975645, -0.23704376241954875], [1.4304990278254144, -0.4810921450729355, 0.0860612367965772, 12.193545439558873, -0.7117263409159478, -0.5999559169957068, -0.20137084434815822, -0.2588599732878695, -0.36897211596896207, -0.5988749026030464, -0.251618711072776, -0.6539213576454703, -0.3787804642484172, -0.5139890493528193, -0.1053808624160838, 0.3755237471219147], [1.3649326450170343, -0.2875582286287715, 0.06049912089054224, -0.7117263409159478, 12.82799236294467, -0.2966487923141766, -0.16501108552325483, -0.17445014233401673, -0.5395720433299024, -0.3652596889358269, 0.5391245063180728, -0.18889776827929458, 0.1516698803097631, -0.2556879433820068, 0.023233001760882502, 0.4612527342786029], [1.419731785364863, -0.31152796700057395, 0.13018347289306267, -0.5999559169957068, -0.2966487923141766, 12.066416222654613, -0.5404862642204934, -0.3282336353592015, -0.3071616638249152, -0.7080364288179174, -0.060682502771118876, -0.5805712131951795, -0.34241489386358037, -0.44237016483055797, -0.17117726625325752, 0.3985174708297773], [1.3376622467000143, -0.19751464634565227, -0.1643171041898819, -0.20137084434815822, -0.16501108552325483, -0.5404862642204934, 13.383072097479705, -0.03427600821439216, -0.28538760495876575, -0.0697741151351421, 0.5733227979781761, -0.12133738966103517, -0.27849661621961325, -0.15524506036300012, -0.23663093811082575, 0.26949015293600687], [1.3553623997785296, -0.4263513433494475, 0.10180679666722424, -0.2588599732878695, -0.17445014233401673, -0.3282336353592015, -0.03427600821439216, 11.797655211704864, -0.5349731139014168, -0.5876883562065313, 0.5180528160808255, -0.32544852411902503, -0.08632586772499186, -0.42295500432176003, -0.03145314381012331, 0.35689271024456637], [1.633029650472567, -0.2312493092947317, 0.1377296561255984, -0.36897211596896207, -0.5395720433299024, -0.3071616638249152, -0.28538760495876575, -0.5349731139014168, 12.644749770825912, -0.17949090387279693, -0.5948783131380178, -0.30819697984250227, -0.4310339235971716, -0.32675280402099427, -0.027658210315424633, 0.4514989731792045], [0.6746220204504738, -0.5648777694600907, 0.24477080455276978, -0.5988749026030464, -0.3652596889358269, -0.7080364288179174, -0.0697741151351421, -0.5876883562065313, -0.17949090387279693, 11.789190611093042, -0.7464896148551706, -0.6288443907143708, -0.2810921386505653, -0.6303089614566587, -0.044843000121729266, 0.1872477008849587], [1.3230076829339334, 0.6617420021906846, -0.4119626567765422, -0.251618711072776, 0.5391245063180728, -0.060682502771118876, 0.5733227979781761, 0.5180528160808255, -0.5948783131380178, -0.7464896148551706, 18.65926715844284, -0.16561230432308444, 0.40394655152135617, 0.4610039387918099, 0.00825257020307634, 0.7423795133739804], [1.206125912605406, -0.48673653249222404, 0.12757924845213137, -0.6539213576454703, -0.18889776827929458, -0.5805712131951795, -0.12133738966103517, -0.32544852411902503, -0.30819697984250227, -0.6288443907143708, -0.16561230432308444, 12.045967263860371, -0.7934289670020929, -0.47238516769331834, -0.06712930963679586, 0.35773897670144955], [1.3242062581209277, -0.29994715105774966, 0.08537430862080585, -0.3787804642484172, 0.1516698803097631, -0.34241489386358037, -0.27849661621961325, -0.08632586772499186, -0.4310339235971716, -0.2810921386505653, 0.40394655152135617, -0.7934289670020929, 12.832951061246009, -0.3457350026908019, -0.24961127413940407, 0.3104882268195593], [1.8725505375075822, -0.5182666887162498, 0.0639845757268066, -0.5139890493528193, -0.2556879433820068, -0.44237016483055797, -0.15524506036300012, -0.42295500432176003, -0.32675280402099427, -0.6303089614566587, 0.4610039387918099, -0.47238516769331834, -0.3457350026908019, 12.424770097254012, -0.5172414851370651, 0.44328354508934636], [1.417184868188258, -0.14191706786550248, 0.015120966272975645, -0.1053808624160838, 0.023233001760882502, -0.17117726625325752, -0.23663093811082575, -0.03145314381012331, -0.027658210315424633, -0.044843000121729266, 0.00825257020307634, -0.06712930963679586, -0.24961127413940407, -0.5172414851370651, 12.955494288549195, 0.3981382342757053], [-1.560883753949707, 0.33802871688545827, -0.23704376241954875, 0.3755237471219147, 0.4612527342786029, 0.3985174708297773, 0.26949015293600687, 0.35689271024456637, 0.4514989731792045, 0.1872477008849587, 0.7423795133739804, 0.35773897670144955, 0.3104882268195593, 0.44328354508934636, 0.3981382342757053, 12.289610626022153]]",
    "monomial_list": "[1, x9, x8, x7, x6, x5, x4, x3, x2, x15, x14, x13, x12, x11, x10, x1]"
}