{
    "name": "Multiplier-12",
    "rational_expression": "1506*x1**2/125 + 72381*x1*x10/100000 + 14957*x1*x11/25000 - 15211*x1*x12/200000 + 66849*x1*x13/100000 + 93751*x1*x14/100000 + 42451*x1*x15/100000 + 11147*x1*x2/10000 + 6799*x1*x3/25000 + 22193*x1*x4/50000 + 54417*x1*x5/100000 + 298*x1*x6/625 + 31899*x1*x7/50000 - 1989*x1*x8/3125 + 31481*x1*x9/100000 - 137*x1/40 + 12917*x10**2/1000 - 2723*x10*x11/2000 - 48053*x10*x12/50000 + 1683*x10*x13/40000 - 403*x10*x14/4000 - 17319*x10*x15/100000 + 40627*x10*x2/1000000 - 4357*x10*x3/25000 - 4749*x10*x4/12500 - 38163*x10*x5/100000 + 17783*x10*x6/100000 - 16029*x10*x7/50000 + 7673*x10*x8/50000 - 40759*x10*x9/100000 + 437*x10/200 + 473*x11**2/40 + 22091*x11*x12/100000 - 4779*x11*x13/5000 + 7529*x11*x14/500000 - 5589*x11*x15/5000 - 1452*x11*x2/3125 - 12459*x11*x3/10000 - 29563*x11*x4/100000 - 99119*x11*x5/100000 - 50877*x11*x6/100000 - 641*x11*x7/625 + 48621*x11*x8/500000 - 14263*x11*x9/10000 + 2381*x11/1000 + 2327*x12**2/100 - 49737*x12*x13/10000 + 79679*x12*x14/100000 - 51923*x12*x15/100000 - 18383*x12*x2/5000 + 5233*x12*x3/2500 + 87197*x12*x4/100000 - 5191*x12*x5/5000 + 19343*x12*x6/5000 - 6641*x12*x7/2500 - 74731*x12*x8/100000 + 13463*x12*x9/100000 + 3979*x12/1000 + 5989*x13**2/500 - 7261*x13*x14/25000 - 2983*x13*x15/2500 + 1371*x13*x2/15625 - 49683*x13*x3/50000 - 3959*x13*x4/20000 - 11269*x13*x5/10000 - 12669*x13*x6/10000 - 19919*x13*x7/20000 + 10461*x13*x8/50000 - 24949*x13*x9/25000 + 2827*x13/10000 + 12467*x14**2/1000 - 2763*x14*x15/2500 - 85151*x14*x2/100000 + 14637*x14*x3/50000 - 19803*x14*x4/100000 - 869*x14*x5/20000 + 2159*x14*x6/125000 - 31389*x14*x7/100000 - 5541*x14*x8/500000 + 10943*x14*x9/100000 + 2261*x14/1000 + 1173*x15**2/100 - 976*x15*x2/3125 - 39627*x15*x3/50000 - 5887*x15*x4/25000 - 2471*x15*x5/2000 - 58007*x15*x6/100000 - 2129*x15*x7/2000 + 8331*x15*x8/25000 - 87283*x15*x9/100000 + 231*x15/125 + 3159*x2**2/250 - 2277*x2*x3/2000 - 6917*x2*x4/10000 - 34263*x2*x5/100000 - 17457*x2*x6/10000 - 42877*x2*x7/100000 + 9267*x2*x8/50000 - 4729*x2*x9/25000 + 352*x2/125 + 1153*x3**2/100 - 73139*x3*x4/1000000 - 15937*x3*x5/20000 + 86843*x3*x6/1000000 - 13933*x3*x7/25000 + 1039*x3*x8/10000 - 6257*x3*x9/5000 + 541*x3/250 + 3371*x4**2/250 - 7419*x4*x5/5000 - 26287*x4*x6/100000 - 26883*x4*x7/50000 - 4207*x4*x8/10000 - 45723*x4*x9/100000 + 2261*x4/1000 + 11629*x5**2/1000 - 13249*x5*x6/20000 - 718*x5*x7/625 + 25643*x5*x8/100000 - 6067*x5*x9/10000 + 1729*x5/1000 + 13339*x6**2/1000 - 9639*x6*x7/5000 + 25203*x6*x8/100000 - 13319*x6*x9/20000 + 3849*x6/1000 + 2999*x7**2/250 + 4567*x7*x8/100000 - 91069*x7*x9/100000 + 1881*x7/1000 + 2647*x8**2/200 - 7487*x8*x9/5000 + 231*x8/1250 + 11647*x9**2/1000 + 2599*x9/1000 + 1359/250",
    "Q": "[[5.436215887269866, 1.2977284581807509, 0.09418922367843298, 0.9410403753006562, 1.9229671203974497, 0.8670661858678552, 1.1280360987936362, 1.0830250711344622, 1.408371231877617, 0.9263353389587854, 1.1301076995892991, 0.14195225643054385, 1.9896969850759487, 1.1913218715327836, 1.094248199448764, -1.7135203425004752], [1.2977284581807509, 11.646075812719177, -0.7493148622040943, -0.4537576229827213, -0.33779249548767915, -0.3070313598457615, -0.22530033246702352, -0.6270384465910548, -0.0946214532332444, -0.4314995322664984, 0.04899251368535688, -0.4975313989515845, 0.061465750292458377, -0.7128727123167765, -0.2044107183088158, 0.15286752403782253], [0.09418922367843298, -0.7493148622040943, 13.234970650221461, 0.02391054559362658, 0.13225522464162665, 0.13390470840562255, -0.20628256534132883, 0.05818997847888146, 0.09626648167755476, 0.1605220434579206, -0.00952524240207621, 0.10947494849421348, -0.37348319301646876, 0.050373477261085486, 0.07224979310906547, -0.3196585987959139], [0.9410403753006562, -0.4537576229827213, 0.02391054559362658, 11.995144999997137, -0.9652280593580188, -0.5786952129181616, -0.27192601491276325, -0.28024845435951345, -0.21815134730433877, -0.5350909170065251, -0.15561345846653465, -0.4990645889901299, -1.3309833786554832, -0.514165850789771, -0.1567830584792948, 0.3202947938835964], [1.9229671203974497, -0.33779249548767915, 0.13225522464162665, -0.9652280593580188, 13.339230337218819, -0.3265289014114578, -0.13510116806580116, 0.04227308559548098, -0.8745189426831812, -0.29364152701599977, 0.007022318325355126, -0.6269796340623937, 1.9281588418984679, -0.25951166044298607, 0.08524467712330196, 0.2421378279371514], [0.8670661858678552, -0.3070313598457615, 0.13390470840562255, -0.5786952129181616, -0.3265289014114578, 11.63120492972045, -0.7416809370870998, -0.3997685842858264, -0.17574908518134993, -0.6199587637616456, -0.02507458397036798, -0.5673357051153737, -0.5110017202189945, -0.49420190457766205, -0.187590950100572, 0.26575751741145376], [1.1280360987936362, -0.22530033246702352, -0.20628256534132883, -0.27192601491276325, -0.13510116806580116, -0.7416809370870998, 13.482754198925093, -0.04288112529290753, -0.34912272335896144, -0.11150557596003759, -0.09298876368998306, -0.10263359483311023, 0.4294089620238384, -0.14849394752419023, -0.19031703758519752, 0.2188425849945224], [1.0830250711344622, -0.6270384465910548, 0.05818997847888146, -0.28024845435951345, 0.04227308559548098, -0.3997685842858264, -0.04288112529290753, 11.53166261948111, -0.5647681478933549, -0.397095004805753, 0.14854242606910756, -0.49645363216186844, 1.0500226244575654, -0.6177203931421633, -0.08401764929600798, 0.13876571723841385], [1.408371231877617, -0.0946214532332444, 0.09626648167755476, -0.21815134730433877, -0.8745189426831812, -0.17574908518134993, -0.34912272335896144, -0.5647681478933549, 12.638327189450099, -0.15145857952396338, -0.42728686232155716, 0.04575469584508618, -1.830307324456608, -0.2357343941334096, 0.019148963574777706, 0.5524325929687937], [0.9263353389587854, -0.4314995322664984, 0.1605220434579206, -0.5350909170065251, -0.29364152701599977, -0.6199587637616456, -0.11150557596003759, -0.397095004805753, -0.15145857952396338, 11.730956380755373, -0.5501103882686491, -0.5934191091573664, -0.25879370550531855, -0.5621128045049328, -0.08092457504249888, 0.20942584474909823], [1.1301076995892991, 0.04899251368535688, -0.00952524240207621, -0.15561345846653465, 0.007022318325355126, -0.02507458397036798, -0.09298876368998306, 0.14854242606910756, -0.42728686232155716, -0.5501103882686491, 12.466195308861288, -0.14363497326768934, 0.39850189313310236, 0.005783216901043338, -0.054705522437767454, 0.46413826964026694], [0.14195225643054385, -0.4975313989515845, 0.10947494849421348, -0.4990645889901299, -0.6269796340623937, -0.5673357051153737, -0.10263359483311023, -0.49645363216186844, 0.04575469584508618, -0.5934191091573664, -0.14363497326768934, 11.977411751163073, -2.483242360217604, -0.4730340276131734, 0.02088069208173881, 0.3329977247794495], [1.9896969850759487, 0.061465750292458377, -0.37348319301646876, -1.3309833786554832, 1.9281588418984679, -0.5110017202189945, 0.4294089620238384, 1.0500226244575654, -1.830307324456608, -0.25879370550531855, 0.39850189313310236, -2.483242360217604, 23.266518412235556, 0.11785859786756028, -0.48886773934526906, -0.03342058098005869], [1.1913218715327836, -0.7128727123167765, 0.050373477261085486, -0.514165850789771, -0.25951166044298607, -0.49420190457766205, -0.14849394752419023, -0.6177203931421633, -0.2357343941334096, -0.5621128045049328, 0.005783216901043338, -0.4730340276131734, 0.11785859786756028, 11.82631581356382, -0.681787124737181, 0.29553652107656275], [1.094248199448764, -0.2044107183088158, 0.07224979310906547, -0.1567830584792948, 0.08524467712330196, -0.187590950100572, -0.19031703758519752, -0.08401764929600798, 0.019148963574777706, -0.08092457504249888, -0.054705522437767454, 0.02088069208173881, -0.48886773934526906, -0.681787124737181, 12.91856443285221, 0.3665028053969923], [-1.7135203425004752, 0.15286752403782253, -0.3196585987959139, 0.3202947938835964, 0.2421378279371514, 0.26575751741145376, 0.2188425849945224, 0.13876571723841385, 0.5524325929687937, 0.20942584474909823, 0.46413826964026694, 0.3329977247794495, -0.03342058098005869, 0.29553652107656275, 0.3665028053969923, 12.047195162792077]]",
    "monomial_list": "[1, x9, x8, x7, x6, x5, x4, x3, x2, x15, x14, x13, x12, x11, x10, x1]"
}