{
    "name": "Multiplier-3",
    "rational_expression": "6543*x1**2/500 + 11931*x1*x10/25000 + 18981*x1*x11/25000 + 54251*x1*x12/100000 + 56391*x1*x13/100000 + 45399*x1*x14/100000 + 61899*x1*x15/100000 + 3337*x1*x2/5000 + 5103*x1*x3/12500 + 4949*x1*x4/12500 + 1948*x1*x5/3125 + 13143*x1*x6/25000 + 24527*x1*x7/50000 - 11609*x1*x8/100000 + 8591*x1*x9/12500 - 25417*x1/10000 + 6621*x10**2/500 - 37617*x10*x11/50000 - 50653*x10*x12/100000 - 741*x10*x13/2500 - 11267*x10*x14/25000 - 35617*x10*x15/100000 - 49659*x10*x2/100000 - 4861*x10*x3/25000 - 10919*x10*x4/20000 - 4843*x10*x5/10000 - 7813*x10*x6/25000 - 44339*x10*x7/100000 - 1423*x10*x8/12500 - 28779*x10*x9/50000 + 21359*x10/10000 + 6569*x11**2/500 - 777*x11*x12/1000 - 12897*x11*x13/20000 - 70303*x11*x14/100000 - 51323*x11*x15/100000 - 1637*x11*x2/3125 + 11049*x11*x3/25000 - 29063*x11*x4/50000 - 12863*x11*x5/25000 - 15799*x11*x6/25000 - 9101*x11*x7/12500 - 10647*x11*x8/50000000 - 6021*x11*x9/25000 + 5211*x11/2000 + 6579*x12**2/500 - 63753*x12*x13/100000 - 47523*x12*x14/100000 - 10777*x12*x15/20000 - 13753*x12*x2/20000 - 9567*x12*x3/20000 - 7919*x12*x4/12500 - 57419*x12*x5/100000 - 7849*x12*x6/20000 - 2567*x12*x7/5000 + 99181*x12*x8/10000000 - 36969*x12*x9/50000 + 25417*x12/10000 + 6521*x13**2/500 - 18233*x13*x14/50000 - 59129*x13*x15/100000 - 1721*x13*x2/3125 - 15231*x13*x3/50000 - 2319*x13*x4/10000 - 56169*x13*x5/100000 - 7951*x13*x6/25000 - 13127*x13*x7/25000 + 1247*x13*x8/15625 - 2331*x13*x9/4000 + 23067*x13/10000 + 13229*x14**2/1000 - 15897*x14*x15/25000 - 9143*x14*x2/12500 - 24069*x14*x3/50000 - 24593*x14*x4/50000 - 43043*x14*x5/100000 - 871*x14*x6/2000 - 246*x14*x7/625 - 12417*x14*x8/100000 - 64617*x14*x9/100000 + 26913*x14/10000 + 6499*x15**2/500 - 10537*x15*x2/20000 - 3651*x15*x3/250000 - 31361*x15*x4/100000 - 56097*x15*x5/100000 - 47479*x15*x6/100000 - 7279*x15*x7/12500 + 939*x15*x8/6250 - 39631*x15*x9/100000 + 2643*x15/1250 + 6541*x2**2/500 + 2341*x2*x3/20000 - 14837*x2*x4/25000 - 61047*x2*x5/100000 - 11787*x2*x6/20000 - 321*x2*x7/500 - 43347*x2*x8/500000 - 10909*x2*x9/25000 + 8009*x2/2500 + 8747*x3**2/500 - 13573*x3*x4/50000 - 84577*x3*x5/1000000 - 6471*x3*x6/20000 - 31*x3*x7/100 + 36427*x3*x8/1000000 + 38191*x3*x9/100000 - 29917*x3/100000 + 2657*x4**2/200 - 58987*x4*x5/100000 - 12337*x4*x6/25000 - 17373*x4*x7/50000 - 28391*x4*x8/100000 - 73033*x4*x9/100000 + 26271*x4/10000 + 2613*x5**2/200 - 43547*x5*x6/100000 - 52563*x5*x7/100000 + 20381*x5*x8/2500000 - 23117*x5*x9/50000 + 3391*x5/1250 + 6623*x6**2/500 - 2291*x6*x7/4000 + 10981*x6*x8/500000 - 32761*x6*x9/50000 + 2643*x6/1250 + 261*x7**2/20 - 3093*x7*x8/200000 - 12297*x7*x9/20000 + 3417*x7/1250 + 13451*x8**2/1000 - 28079*x8*x9/50000 + 55533*x8/100000 + 13053*x9**2/1000 + 283*x9/125 + 10679/1000",
    "Q": "[[10.678999131851706, 1.1316563811098286, 0.28272483316426333, 1.3675458789311081, 1.0558663808344795, 1.3571575749482045, 1.3179649663092687, -0.15036388579236284, 1.6069526076122902, 1.0540241573397728, 1.3402711628366526, 1.15235373645843, 1.2745814598877157, 1.301863039967377, 1.0723772308173805, -1.27077297838355], [1.1316563811098286, 13.052710669886377, -0.2768934555250586, -0.3134781387864253, -0.3262063241340054, -0.22536647722276723, -0.36435546570909066, 0.1972189088221516, -0.2240199946069557, -0.2007425759577531, -0.3259347691652262, -0.2937789152375747, -0.3731198006201649, -0.11970272986179843, -0.28319495339314976, 0.34248234726407983], [0.28272483316426333, -0.2768934555250586, 13.45059253091585, -0.011215647522524016, 0.012425541785867847, 0.00835793193802974, -0.13502369494198121, 0.021378403729157225, -0.03853216196677214, 0.08039866185074081, -0.054406163162274285, 0.04402080860356605, 0.0028057476820814477, -0.003907663520802748, -0.058568223709469736, -0.059025553844663244], [1.3675458789311081, -0.3134781387864253, -0.011215647522524016, 13.050871471065243, -0.291664619484627, -0.2600389258223974, -0.17257506075502171, -0.15769199025119837, -0.3202396624023415, -0.29108805040277275, -0.19131732237713378, -0.2592885199316614, -0.2577492201833989, -0.35786033818798885, -0.21905252906770592, 0.2447501877289314], [1.0558663808344795, -0.3262063241340054, 0.012425541785867847, -0.291664619484627, 13.246642392998934, -0.2230786694682961, -0.2489755729228783, -0.1645974483977179, -0.2982251161794127, -0.23708537592450446, -0.21667909970970978, -0.16408342623709204, -0.19153741552315517, -0.31579468384775555, -0.1562917276711619, 0.2569442699891805], [1.3571575749482045, -0.22536647722276723, 0.00835793193802974, -0.2600389258223974, -0.2230786694682961, 13.065211723397901, -0.30047354308628776, -0.048062675490892943, -0.29839213297880496, -0.2847684968374705, -0.21958936444846347, -0.2745198076671832, -0.2823083616185791, -0.2604472309731449, -0.24583784534382166, 0.31485238943595706], [1.3179649663092687, -0.36435546570909066, -0.13502369494198121, -0.17257506075502171, -0.2489755729228783, -0.30047354308628776, 13.28650728023673, -0.13518026133418362, -0.294005871775018, -0.15482513954024774, -0.24111486788292966, -0.11324143378462662, -0.31803564408091634, -0.29312497491586437, -0.2781415159610879, 0.19926055862144565], [-0.15036388579236284, 0.1972189088221516, 0.021378403729157225, -0.15769199025119837, -0.1645974483977179, -0.048062675490892943, -0.13518026133418362, 17.494635247031553, 0.06563078377735147, -0.006551656812957563, -0.2476161319958709, -0.14512978941671348, -0.2375119927389382, 0.22777598164360827, -0.09191292307285588, 0.20527090045974836], [1.6069526076122902, -0.2240199946069557, -0.03853216196677214, -0.3202396624023415, -0.2982251161794127, -0.29839213297880496, -0.294005871775018, 0.06563078377735147, 13.084371676302384, -0.25754859062380736, -0.36710021443175483, -0.2710176578132961, -0.3436545187195681, -0.25712066856502136, -0.25131729947006753, 0.33340490663709], [1.0540241573397728, -0.2007425759577531, 0.08039866185074081, -0.29108805040277275, -0.23708537592450446, -0.2847684968374705, -0.15482513954024774, -0.006551656812957563, -0.25754859062380736, 12.99745046338308, -0.32263576690201157, -0.29949817330918094, -0.2664302589266477, -0.2514422931605001, -0.17831239778354924, 0.3076849023908866], [1.3402711628366526, -0.3259347691652262, -0.054406163162274285, -0.19131732237713378, -0.21667909970970978, -0.21958936444846347, -0.24111486788292966, -0.2476161319958709, -0.36710021443175483, -0.32263576690201157, 13.227837660875615, -0.18174376840368478, -0.2351966521217291, -0.35658822954038727, -0.2233353189386135, 0.22875942865181562], [1.15235373645843, -0.2937789152375747, 0.04402080860356605, -0.2592885199316614, -0.16408342623709204, -0.2745198076671832, -0.11324143378462662, -0.14512978941671348, -0.2710176578132961, -0.29949817330918094, -0.18174376840368478, 13.041384846938906, -0.3133073931999872, -0.32771249542603575, -0.14410532045128255, 0.2801453107223215], [1.2745814598877157, -0.3731198006201649, 0.0028057476820814477, -0.2577492201833989, -0.19153741552315517, -0.2823083616185791, -0.31803564408091634, -0.2375119927389382, -0.3436545187195681, -0.2664302589266477, -0.2351966521217291, -0.3133073931999872, 13.157763619360262, -0.3921603288830316, -0.25832813808945415, 0.26560807039913903], [1.301863039967377, -0.11970272986179843, -0.003907663520802748, -0.35786033818798885, -0.31579468384775555, -0.2604472309731449, -0.29312497491586437, 0.22777598164360827, -0.25712066856502136, -0.2514422931605001, -0.35658822954038727, -0.32771249542603575, -0.3921603288830316, 13.138063355588443, -0.3724054287325144, 0.38312683329577213], [1.0723772308173805, -0.28319495339314976, -0.058568223709469736, -0.21905252906770592, -0.1562917276711619, -0.24583784534382166, -0.2781415159610879, -0.09191292307285588, -0.25131729947006753, -0.17831239778354924, -0.2233353189386135, -0.14410532045128255, -0.25832813808945415, -0.3724054287325144, 13.243785218767371, 0.2364076955842715], [-1.27077297838355, 0.34248234726407983, -0.059025553844663244, 0.2447501877289314, 0.2569442699891805, 0.31485238943595706, 0.19926055862144565, 0.20527090045974836, 0.33340490663709, 0.3076849023908866, 0.22875942865181562, 0.2801453107223215, 0.26560807039913903, 0.38312683329577213, 0.2364076955842715, 13.085655298921338]]",
    "monomial_list": "[1, x9, x8, x7, x6, x5, x4, x3, x2, x15, x14, x13, x12, x11, x10, x1]"
}