{
    "name": "Multiplier-6",
    "rational_expression": "1498*x1**2/125 + 75823*x1*x10/100000 + 34019*x1*x11/50000 + 6261*x1*x12/12500 + 65519*x1*x13/100000 + 128*x1*x14/125 + 50889*x1*x15/100000 + 97421*x1*x2/100000 + 921*x1*x3/3125 + 22307*x1*x4/50000 + 15653*x1*x5/25000 + 74913*x1*x6/100000 + 53009*x1*x7/100000 - 7089*x1*x8/10000 + 33017*x1*x9/100000 - 3057*x1/1000 + 6419*x10**2/500 - 6497*x10*x11/5000 - 16053*x10*x12/250000 - 11459*x10*x13/50000 - 9657*x10*x14/100000 - 137*x10*x15/1000 - 26483*x10*x2/100000 + 921*x10*x3/15625 - 9509*x10*x4/20000 - 38553*x10*x5/100000 + 8121*x10*x6/25000 - 3211*x10*x7/6250 + 14339*x10*x8/500000 - 38923*x10*x9/100000 + 2993*x10/1000 + 5951*x11**2/500 - 3713*x11*x12/6250 - 96847*x11*x13/100000 - 9289*x11*x14/500000 - 11359*x11*x15/10000 - 11971*x11*x2/20000 - 11261*x11*x3/10000 - 1759*x11*x4/6250 - 10457*x11*x5/10000 + 8169*x11*x6/12500 - 5759*x11*x7/5000 + 64023*x11*x8/1000000 - 877*x11*x9/625 + 327*x11/125 + 3413*x12**2/250 - 2311*x12*x13/1250 + 93099*x12*x14/10000000 - 58521*x12*x15/100000 - 779*x12*x2/400 + 7517*x12*x3/20000 - 11289*x12*x4/100000 - 40369*x12*x5/50000 + 61689*x12*x6/10000 - 9853*x12*x7/5000 + 61*x12*x8/500 - 62523*x12*x9/100000 + 4317*x12/1000 + 12027*x13**2/1000 - 994*x13*x14/3125 - 1063*x13*x15/1000 - 35757*x13*x2/100000 - 59961*x13*x3/100000 - 12231*x13*x4/25000 - 2569*x13*x5/2500 - 22427*x13*x6/10000 - 11973*x13*x7/10000 + 13103*x13*x8/100000 - 97489*x13*x9/100000 + 2121*x13/1000 + 6227*x14**2/500 - 457*x14*x15/400 - 98551*x14*x2/100000 + 21327*x14*x3/50000 - 3969*x14*x4/25000 - 10263*x14*x5/100000 + 253*x14*x6/250 - 46711*x14*x7/100000 - 10213*x14*x8/250000 + 12789*x14*x9/100000 + 1249*x14/500 + 11647*x15**2/1000 - 25521*x15*x2/100000 - 21221*x15*x3/25000 - 21449*x15*x4/100000 - 12533*x15*x5/10000 - 16617*x15*x6/20000 - 10339*x15*x7/10000 + 7541*x15*x8/20000 - 87009*x15*x9/100000 + 401*x15/250 + 12687*x2**2/1000 - 11803*x2*x3/10000 - 10389*x2*x4/10000 - 8007*x2*x5/25000 - 23889*x2*x6/5000 + 241*x2*x7/2000 + 27017*x2*x8/100000 - 10921*x2*x9/50000 + 2369*x2/1000 + 11267*x3**2/1000 + 13453*x3*x4/100000 - 3143*x3*x5/4000 + 19583*x3*x6/10000 - 69379*x3*x7/100000 + 11549*x3*x8/100000 - 787*x3*x9/625 + 42*x3/25 + 6727*x4**2/500 - 15121*x4*x5/10000 + 589*x4*x6/250 - 35859*x4*x7/50000 - 26491*x4*x8/50000 - 231*x4*x9/625 + 2691*x4/1000 + 11677*x5**2/1000 - 926*x5*x6/625 - 11471*x5*x7/10000 + 16977*x5*x8/50000 - 64193*x5*x9/100000 + 1809*x5/1000 + 2971*x6**2/125 - 24767*x6*x7/5000 - 6681*x6*x8/5000 + 9659*x6*x9/25000 + 4393*x6/1000 + 6087*x7**2/500 + 23707*x7*x8/100000 - 23509*x7*x9/25000 + 9147*x7/10000 + 6593*x8**2/500 - 15063*x8*x9/10000 + 161*x8/5000 + 1448*x9**2/125 + 1249*x9/500 + 5383/1000",
    "Q": "[[5.382935780644831, 1.2498821895706207, 0.016815481789343927, 0.45801268735846634, 2.1976104554346207, 0.9044781114442065, 1.3434954512599526, 0.8421971314593598, 1.1823865051832987, 0.8005585322540526, 1.2462974066455386, 1.060763082977078, 2.1602228544326025, 1.306156292826846, 1.4939024779611145, -1.5289067005347572], [1.2498821895706207, 11.584109803210659, -0.752325128159552, -0.46518230600729965, 0.18865386591634467, -0.31743013433417416, -0.1853039535897932, -0.6275860432639336, -0.10834567292885866, -0.43687421711542407, 0.06354465288603212, -0.48473828827042903, -0.3113591979788053, -0.7024513309406354, -0.19716955203248712, 0.16752307559005308], [0.016815481789343927, -0.752325128159552, 13.18552235146358, 0.12138820900221883, -0.6711260751299634, 0.16870957323102098, -0.2647752866411157, 0.05119641639101909, 0.1328666119512365, 0.19424029491926445, -0.019405506941194882, 0.06922084368006762, 0.057707104408585196, 0.03274097854265907, 0.011601613878774066, -0.3493422599145643], [0.45801268735846634, -0.46518230600729965, 0.12138820900221883, 12.173455895302066, -2.4814486011770365, -0.5737190179865493, -0.3640232434984471, -0.343928838045448, 0.05414857917931173, -0.5184845303309926, -0.23469748584185507, -0.6012581852977501, -0.9843510384436589, -0.580659508951769, -0.2628042030407328, 0.263274289031186], [2.1976104554346207, 0.18865386591634467, -0.6711260751299634, -2.4814486011770365, 23.771627313903103, -0.7354699101682812, 1.1750093669852337, 0.9830856448615775, -2.3808799144320156, -0.42022207594901634, 0.5109597782931723, -1.1296453786164944, 3.0952440412692392, 0.32495536773579115, 0.15243554182898758, 0.37136993567517107], [0.9044781114442065, -0.31743013433417416, 0.16870957323102098, -0.5737190179865493, -0.7354699101682812, 11.677077289312116, -0.7505334912395795, -0.38835617379562654, -0.16448580488680625, -0.6265449304488299, -0.0464346294385985, -0.5168380477960453, -0.4056142250496592, -0.5188327421874537, -0.19642753098899687, 0.3081132137974733], [1.3434954512599526, -0.1853039535897932, -0.2647752866411157, -0.3640232434984471, 1.1750093669852337, -0.7505334912395795, 13.452293389864087, 0.06522622405938654, -0.5161667254856283, -0.10705013668637518, -0.08078155042551785, -0.23860915808219665, -0.05448445856825325, -0.1435061171677968, -0.23373914172652296, 0.22860069747482895], [0.8421971314593598, -0.6275860432639336, 0.05119641639101909, -0.343928838045448, 0.9830856448615775, -0.38835617379562654, 0.06522622405938654, 11.267637053495578, -0.5872850168314053, -0.4208456583030904, 0.21595474275140772, -0.30310489811275154, 0.18560776997591147, -0.5649788686387515, 0.026175688737093993, 0.15020629688727336], [1.1823865051832987, -0.10834567292885866, 0.1328666119512365, 0.05414857917931173, -2.3808799144320156, -0.16448580488680625, -0.5161667254856283, -0.5872850168314053, 12.68323881810097, -0.1284633795998746, -0.4924559421171321, -0.17484278334950176, -0.9767219332627203, -0.29860990751254846, -0.13703478173405617, 0.4815031187253117], [0.8005585322540526, -0.43687421711542407, 0.19424029491926445, -0.5184845303309926, -0.42022207594901634, -0.6265449304488299, -0.10705013668637518, -0.4208456583030904, -0.1284633795998746, 11.646327986419962, -0.5766819205392257, -0.5294327488041614, -0.29263220520530203, -0.5721456531393372, -0.06973758657960982, 0.25520850655311883], [1.2462974066455386, 0.06354465288603212, -0.019405506941194882, -0.23469748584185507, 0.5109597782931723, -0.0464346294385985, -0.08078155042551785, 0.21595474275140772, -0.4924559421171321, -0.5766819205392257, 12.45238168507737, -0.1571511389823751, 0.0037224126738769556, -0.016631809785905758, -0.05307303434283652, 0.5105479394403355], [1.060763082977078, -0.48473828827042903, 0.06922084368006762, -0.6012581852977501, -1.1296453786164944, -0.5168380477960453, -0.23860915808219665, -0.30310489811275154, -0.17484278334950176, -0.5294327488041614, -0.1571511389823751, 12.027778063626467, -0.9205049767212171, -0.4844266737981093, -0.1158362612756966, 0.324396674492252], [2.1602228544326025, -0.3113591979788053, 0.057707104408585196, -0.9843510384436589, 3.0952440412692392, -0.4056142250496592, -0.05448445856825325, 0.18560776997591147, -0.9767219332627203, -0.29263220520530203, 0.0037224126738769556, -0.9205049767212171, 13.65356277216853, -0.2943251278784409, -0.027276424989737036, 0.2573820140693121], [1.306156292826846, -0.7024513309406354, 0.03274097854265907, -0.580659508951769, 0.32495536773579115, -0.5188327421874537, -0.1435061171677968, -0.5649788686387515, -0.29860990751254846, -0.5721456531393372, -0.016631809785905758, -0.4844266737981093, -0.2943251278784409, 11.901798028832799, -0.6542842660771062, 0.34247027989235845], [1.4939024779611145, -0.19716955203248712, 0.011601613878774066, -0.2628042030407328, 0.15243554182898758, -0.19642753098899687, -0.23373914172652296, 0.026175688737093993, -0.13703478173405617, -0.06973758657960982, -0.05307303434283652, -0.1158362612756966, -0.027276424989737036, -0.6542842660771062, 12.839836023310868, 0.37959575523916417], [-1.5289067005347572, 0.16752307559005308, -0.3493422599145643, 0.263274289031186, 0.37136993567517107, 0.3081132137974733, 0.22860069747482895, 0.15020629688727336, 0.4815031187253117, 0.25520850655311883, 0.5105479394403355, 0.324396674492252, 0.2573820140693121, 0.34247027989235845, 0.37959575523916417, 11.983652443387582]]",
    "monomial_list": "[1, x9, x8, x7, x6, x5, x4, x3, x2, x15, x14, x13, x12, x11, x10, x1]"
}