{
    "name": "Multiplier-1",
    "rational_expression": "8667*x1**2/500 - 17187*x1*x10/100000 + 1231*x1*x11/20000 + 10263*x1*x12/1000000 - 22643*x1*x13/1000000 - 24167*x1*x14/50000 - 7169*x1*x15/50000 - 3137*x1*x2/12500 + 1079*x1*x3/4000 + 26157*x1*x4/1000000 + 75921*x1*x5/10000000 - 2801*x1*x6/20000 - 36763*x1*x7/500000 + 23987*x1*x8/50000 + 36547*x1*x9/100000 + 68583*x1/100000 + 13441*x10**2/1000 - 14893*x10*x11/25000 - 20601*x10*x12/100000 - 2511*x10*x13/25000 + 34741*x10*x14/100000 + 11151*x10*x15/200000 + 1827*x10*x2/10000 - 1337*x10*x3/4000 - 27183*x10*x4/100000 - 21593*x10*x5/100000 + 18877*x10*x6/100000 - 12997*x10*x7/100000 - 2203*x10*x8/6250 - 33767*x10*x9/50000 + 3157*x10/5000 + 3299*x11**2/250 - 2901*x11*x12/20000 + 13833*x11*x13/1000000 + 24019*x11*x14/100000 + 53*x11*x15/400 - 56993*x11*x2/1000000 - 15481*x11*x3/50000 - 11321*x11*x4/50000 + 56569*x11*x5/1000000 - 16281*x11*x6/100000 - 18347*x11*x7/1000000 - 14651*x11*x8/50000 - 41361*x11*x9/100000 + 1097*x11/1000 + 13343*x12**2/1000 - 2179*x12*x13/5000 + 13381*x12*x14/100000 + 737*x12*x15/4000 - 44391*x12*x2/500000 - 1599*x12*x3/10000 - 18343*x12*x4/50000 + 14509*x12*x5/25000000 + 21157*x12*x6/100000 - 46291*x12*x7/1000000 - 21653*x12*x8/100000 - 5249*x12*x9/12500 + 5217*x12/5000 + 6571*x13**2/500 + 7387*x13*x14/50000 + 3979*x13*x15/25000 - 27497*x13*x2/1000000 - 14069*x13*x3/100000 - 84701*x13*x4/1000000 + 2171*x13*x5/31250 - 1757*x13*x6/125000 - 8527*x13*x7/250000 - 23823*x13*x8/100000 - 13713*x13*x9/100000 + 60377*x13/100000 + 3427*x14**2/250 + 12671*x14*x15/100000 + 6381*x14*x2/12500 - 7059*x14*x3/50000 + 76861*x14*x4/1000000 + 1879*x14*x5/6250 + 18783*x14*x6/50000 + 27847*x14*x7/100000 - 61867*x14*x8/100000 - 19081*x14*x9/50000 - 5217*x14/5000 + 13261*x15**2/1000 + 30199*x15*x2/100000 - 11171*x15*x3/100000 + 3743*x15*x4/50000 + 927*x15*x5/5000 + 53101*x15*x6/1000000 + 12003*x15*x7/50000 - 2779*x15*x8/12500 - 30889*x15*x9/500000 - 16413*x15/200000 + 2699*x2**2/200 - 47537*x2*x3/100000 - 3869*x2*x4/25000 + 46233*x2*x5/1000000 - 29961*x2*x6/1000000 - 533*x2*x7/312500 - 12601*x2*x8/25000 - 53683*x2*x9/100000 + 49407*x2/100000 + 13023*x3**2/1000 - 11423*x3*x4/50000 - 2963*x3*x5/20000 - 49*x3*x6/200 - 1479*x3*x7/12500 + 6181*x3*x8/500000 - 1091*x3*x9/6250 + 15911*x3/10000 + 13407*x4**2/1000 - 9601*x4*x5/20000 - 20339*x4*x6/100000 - 2669*x4*x7/20000 - 3699*x4*x8/10000 - 15113*x4*x9/25000 + 16731*x4/10000 + 6567*x5**2/500 - 35001*x5*x6/500000 + 8759*x5*x7/200000 - 3059*x5*x8/12500 - 89989*x5*x9/1000000 + 1097*x5/2000 + 6689*x6**2/500 - 43369*x6*x7/100000 - 3619*x6*x8/12500 - 57577*x6*x9/100000 + 16413*x6/100000 + 6601*x7**2/500 - 29107*x7*x8/100000 - 24221*x7*x9/100000 + 57613*x7/100000 + 1698*x8**2/125 - 28947*x8*x9/50000 + 23313*x8/10000 + 13123*x9**2/1000 + 16189*x9/5000 + 343/25",
    "Q": "[[13.720340568477608, 1.6216518234659032, 1.1629492649712312, 0.2818684196264543, 0.08340245140466666, 0.2679227672862372, 0.8386645127549679, 0.7959630013186032, 0.24263459403793136, -0.03545448065533637, -0.524415960080068, 0.29907098989685055, 0.5156501153746206, 0.5534545526763783, 0.31260604439904105, 0.34579851296011627], [1.6216518234659032, 13.123428813552247, -0.2949357798727192, -0.1269204852539738, -0.28820648808452315, -0.04396453781296119, -0.3080625105230449, -0.08813236782429149, -0.27264291279115443, -0.03361821791437029, -0.1965062913076339, -0.07215597083127376, -0.21600939563123325, -0.2012603650166692, -0.3322272846533905, 0.1826785484959695], [1.1629492649712312, -0.2949357798727192, 13.584452297780542, -0.14828769841041978, -0.1467739945791131, -0.12083568910057688, -0.18912496679006366, 0.009343169906332672, -0.2463867727258093, -0.10579040583845095, -0.30404492060545046, -0.11338834078751943, -0.10239383825988284, -0.14356232547753592, -0.17327017395794544, 0.2448556669555731], [0.2818684196264543, -0.1269204852539738, -0.14828769841041978, 13.202164495551198, -0.2131392515841972, 0.02249300744529777, -0.06962699569221385, -0.06426280413200142, -0.00565931243876596, 0.11941796507148254, 0.14581468975896567, -0.012090622302896403, -0.02088718665015282, -0.007650506863538055, -0.05977994084077047, -0.0329654059729442], [0.08340245140466666, -0.28820648808452315, -0.1467739945791131, -0.2131392515841972, 13.377590229861942, -0.03871493178977763, -0.10284375132087677, -0.12633910524913997, -0.01406419450432822, 0.03131190354077929, 0.18920495657176348, -0.008060188590195734, 0.10809695279174379, -0.0774621035377709, 0.09404451941943254, -0.07450738306533185], [0.2679227672862372, -0.04396453781296119, -0.12083568910057688, 0.02249300744529777, -0.03871493178977763, 13.13378797212282, -0.2455906189394485, -0.08051902734240753, 0.016913584407387636, 0.09015402104565698, 0.14958057518704193, 0.03157341944728386, -0.0006173560866446692, 0.02431865068879334, -0.1055346202213757, 0.007086854515742742], [0.8386645127549679, -0.3080625105230449, -0.18912496679006366, -0.06962699569221385, -0.10284375132087677, -0.2455906189394485, 13.407529423085766, -0.10778256638567264, -0.07625838622822755, 0.03806871061545391, 0.033267109881356095, -0.04383184832361178, -0.17881707500629002, -0.10775507453005298, -0.12957336212588938, 0.008010003142194633], [0.7959630013186032, -0.08813236782429149, 0.009343169906332672, -0.06426280413200142, -0.12633910524913997, -0.08051902734240753, -0.10778256638567264, 13.023250511891025, -0.2367721938277643, -0.059301482019569716, -0.07249492702388377, -0.06763992407964385, -0.07401668051782706, -0.16001811791694218, -0.17087205231342503, 0.13677761554867093], [0.24263459403793136, -0.27264291279115443, -0.2463867727258093, -0.00565931243876596, -0.01406419450432822, 0.016913584407387636, -0.07625838622822755, -0.2367721938277643, 13.495033941871467, 0.15647265592334453, 0.2526792065066032, -0.01799837812761573, -0.04416538467762784, -0.030057992300999054, 0.09434772941215278, -0.12254418052609829], [-0.03545448065533637, -0.03361821791437029, -0.10579040583845095, 0.11941796507148254, 0.03131190354077929, 0.09015402104565698, 0.03806871061545391, -0.059301482019569716, 0.15647265592334453, 13.261183375530338, 0.05919347970999417, 0.07687356122027353, 0.09585631654338818, 0.07154819616165686, 0.025443641920226863, -0.07147163004151083], [-0.524415960080068, -0.1965062913076339, -0.30404492060545046, 0.14581468975896567, 0.18920495657176348, 0.14958057518704193, 0.033267109881356095, -0.07249492702388377, 0.2526792065066032, 0.05919347970999417, 13.70812115874181, 0.06932028719278782, 0.06752242039185052, 0.12137229313568616, 0.17922717093143936, -0.24814756278164066], [0.29907098989685055, -0.07215597083127376, -0.11338834078751943, -0.012090622302896403, -0.008060188590195734, 0.03157341944728386, -0.04383184832361178, -0.06763992407964385, -0.01799837812761573, 0.07687356122027353, 0.06932028719278782, 13.142104830138539, -0.2151274222609483, 0.001436422115799039, -0.05600483711707695, -0.014076059855774573], [0.5156501153746206, -0.21600939563123325, -0.10239383825988284, -0.02088718665015282, 0.10809695279174379, -0.0006173560866446692, -0.17881707500629002, -0.07401668051782706, -0.04416538467762784, 0.09585631654338818, 0.06752242039185052, -0.2151274222609483, 13.34217464945968, -0.06646192373820639, -0.09888474879111797, 0.01006369942815106], [0.5534545526763783, -0.2012603650166692, -0.14356232547753592, -0.007650506863538055, -0.0774621035377709, 0.02431865068879334, -0.10775507453005298, -0.16001811791694218, -0.030057992300999054, 0.07154819616165686, 0.12137229313568616, 0.001436422115799039, -0.06646192373820639, 13.196387973623183, -0.29613936765476745, 0.02686329295651144], [0.31260604439904105, -0.3322272846533905, -0.17327017395794544, -0.05977994084077047, 0.09404451941943254, -0.1055346202213757, -0.12957336212588938, -0.17087205231342503, 0.09434772941215278, 0.025443641920226863, 0.17922717093143936, -0.05600483711707695, -0.09888474879111797, -0.29613936765476745, 13.441043070204914, -0.08270357730268182], [0.34579851296011627, 0.1826785484959695, 0.2448556669555731, -0.0329654059729442, -0.07450738306533185, 0.007086854515742742, 0.008010003142194633, 0.13677761554867093, -0.12254418052609829, -0.07147163004151083, -0.24814756278164066, -0.014076059855774573, 0.01006369942815106, 0.02686329295651144, -0.08270357730268182, 17.33384122104665]]",
    "monomial_list": "[1, x9, x8, x7, x6, x5, x4, x3, x2, x15, x14, x13, x12, x11, x10, x1]"
}