{
    "name": "Multiplier-9",
    "rational_expression": "13377*x1**2/1000 + 9487*x1*x10/50000 + 79837*x1*x11/100000 + 1503*x1*x12/4000 + 7657*x1*x13/12500 + 19181*x1*x14/100000 + 28743*x1*x15/50000 + 25403*x1*x2/100000 + 53309*x1*x3/100000 + 23741*x1*x4/100000 + 6377*x1*x5/12500 + 30259*x1*x6/100000 + 56769*x1*x7/100000 + 49507*x1*x8/500000 + 28639*x1*x9/50000 - 21569*x1/10000 + 13391*x10**2/1000 - 14539*x10*x11/25000 - 24317*x10*x12/100000 - 14301*x10*x13/50000 - 31889*x10*x14/100000 - 18963*x10*x15/50000 - 6169*x10*x2/25000 - 15429*x10*x3/100000 - 21687*x10*x4/100000 - 23963*x10*x5/50000 - 9869*x10*x6/125000 - 20011*x10*x7/50000 + 4007*x10*x8/20000 - 16189*x10*x9/50000 + 674*x10/625 + 1681*x11**2/125 - 9487*x11*x12/20000 - 623*x11*x13/62500 - 4397*x11*x14/5000 - 8617*x11*x15/50000 - 1003*x11*x2/1000 + 393*x11*x3/800 - 48601*x11*x4/100000 - 30507*x11*x5/100000 - 11829*x11*x6/25000 - 85289*x11*x7/1000000 + 6963*x11*x8/10000 + 14043*x11*x9/20000 + 12419*x11/10000 + 2647*x12**2/200 - 45907*x12*x13/100000 - 47789*x12*x14/100000 - 41617*x12*x15/100000 - 43569*x12*x2/100000 - 13*x12*x3/125 - 2533*x12*x4/6250 - 23093*x12*x5/50000 - 13901*x12*x6/100000 - 42803*x12*x7/100000 + 16189*x12*x8/50000 - 9893*x12*x9/50000 + 3917*x12/2500 + 6631*x13**2/500 - 60351*x13*x14/100000 - 25929*x13*x15/100000 - 66961*x13*x2/100000 + 5211*x13*x3/50000 - 1279*x13*x4/5000 - 26953*x13*x5/100000 - 26949*x13*x6/100000 - 1597*x13*x7/12500 + 4817*x13*x8/12500 + 993*x13*x9/3125 + 674*x13/625 + 13287*x14**2/1000 - 13593*x14*x15/25000 - 13747*x14*x2/50000 - 312*x14*x3/625 - 7903*x14*x4/20000 - 46209*x14*x5/100000 - 1137*x14*x6/3125 - 62923*x14*x7/100000 - 18893*x14*x8/50000 - 41963*x14*x9/50000 + 26791*x14/10000 + 13261*x15**2/1000 - 16799*x15*x2/25000 - 10473*x15*x3/500000 - 5939*x15*x4/20000 - 33993*x15*x5/100000 - 5021*x15*x6/12500 - 25867*x15*x7/100000 + 29901*x15*x8/100000 + 2931*x15*x9/25000 + 17303*x15/10000 + 13191*x2**2/1000 - 63253*x2*x3/100000 - 4449*x2*x4/12500 - 68991*x2*x5/100000 - 17781*x2*x6/50000 - 75617*x2*x7/100000 - 12181*x2*x8/50000 - 87839*x2*x9/100000 + 6937*x2/2500 + 13399*x3**2/1000 - 9597*x3*x4/50000 - 11019*x3*x5/50000 - 183*x3*x6/1000 + 1129*x3*x7/10000 + 30183*x3*x8/50000 + 70027*x3*x9/100000 - 35931*x3/50000 + 6637*x4**2/500 - 20773*x4*x5/50000 - 3477*x4*x6/12500 - 33161*x4*x7/100000 + 48047*x4*x8/500000 - 2983*x4*x9/6250 + 14691*x4/10000 + 13353*x5**2/1000 - 39079*x5*x6/100000 - 2689*x5*x7/10000 - 5589*x5*x8/50000 - 8491*x5*x9/50000 + 28107*x5/10000 + 2663*x6**2/200 - 52*x6*x7/125 + 36399*x6*x8/100000 - 9323*x6*x9/50000 + 12419*x6/10000 + 13291*x7**2/1000 + 1561*x7*x8/5000 + 26819*x7*x9/100000 + 1503*x7/1000 + 13933*x8**2/1000 + 5549*x8*x9/5000 - 6369*x8/5000 + 711*x9**2/40 - 5711*x9/5000 + 1633/100",
    "Q": "[[16.33048964649973, -0.5686622220391917, -0.6344491677506982, 0.7576614530794287, 0.6220836771611729, 1.3982231560699356, 0.7286084526318319, -0.36359655638667304, 1.3927611114448142, 0.8623504151458548, 1.3406333329336295, 0.5349735288072621, 0.7786976147078577, 0.6131262051893933, 0.5348211415519633, -1.0739087471075506], [-0.5686622220391917, 17.77482801869726, 0.5614468462707689, 0.12588330594763808, -0.10052861595837367, -0.08493095008493716, -0.23460095238700857, 0.35618726350885593, -0.43669602734513535, 0.06465832493836259, -0.41080249862641144, 0.1581482745648151, -0.09776576044631015, 0.35179558644033265, -0.1688799563165469, 0.2940300906787232], [-0.6344491677506982, 0.5614468462707689, 13.933006080013117, 0.1572754223994368, 0.18461769217646562, -0.05693699331022025, 0.05533872217987239, 0.30359614930558976, -0.12796675518216102, 0.1472824582717238, -0.19383194236625734, 0.19672737252311506, 0.16434078712822434, 0.35169241444258786, 0.10297871605750628, 0.04724825641697754], [0.7576614530794287, 0.12588330594763808, 0.1572754223994368, 13.291365919525477, -0.20549637961594164, -0.1289792088970231, -0.17182642753858487, 0.05738609559747906, -0.37083428994764633, -0.1350438972863595, -0.31393381740541937, -0.06946828351244208, -0.2156870643347083, -0.049062631316454115, -0.20514690466141108, 0.2834249314315066], [0.6220836771611729, -0.10052861595837367, 0.18461769217646562, -0.20549637961594164, 13.315319682677304, -0.1942760647292151, -0.13563300048837432, -0.09277228343167811, -0.17166793747441042, -0.19560815809301826, -0.18780933821711338, -0.13941478850959557, -0.06843778940362996, -0.23143003859598668, -0.03796920556617806, 0.14884933528301406], [1.3982231560699356, -0.08493095008493716, -0.05693699331022025, -0.1289792088970231, -0.1942760647292151, 13.351502468187025, -0.20543617783049314, -0.11381256669161739, -0.3437305203105386, -0.1683244261047352, -0.23406094432811775, -0.14075409561795404, -0.23217087579901396, -0.15759687358973518, -0.24589741678613697, 0.2598494593884616], [0.7286084526318319, -0.23460095238700857, 0.05533872217987239, -0.17182642753858487, -0.13563300048837432, -0.20543617783049314, 13.273410764842605, -0.09579684557548991, -0.17634635840364213, -0.14453179136833103, -0.20127173670825746, -0.1268641897133393, -0.19790918051296733, -0.249914690377854, -0.1057713027957326, 0.1213981538870026], [-0.36359655638667304, 0.35618726350885593, 0.30359614930558976, 0.05738609559747906, -0.09277228343167811, -0.11381256669161739, -0.09579684557548991, 13.399119758855507, -0.31651187613836645, -0.010845168224585847, -0.2562069118042649, 0.05490620156974879, -0.05644520379844407, 0.25122618377360123, -0.07247928996432022, 0.2651003879398087], [1.3927611114448142, -0.43669602734513535, -0.12796675518216102, -0.37083428994764633, -0.17166793747441042, -0.3437305203105386, -0.17634635840364213, -0.31651187613836645, 13.19108978805615, -0.3349517850361983, -0.1392755370466129, -0.33167529172127436, -0.21567678541054738, -0.4957448561232267, -0.12579282263432306, 0.13157215431052124], [0.8623504151458548, 0.06465832493836259, 0.1472824582717238, -0.1350438972863595, -0.19560815809301826, -0.1683244261047352, -0.14453179136833103, -0.010845168224585847, -0.3349517850361983, 13.26092640527257, -0.2736483700346427, -0.13487762329461428, -0.2142786611955822, -0.09130440363831156, -0.193974912211194, 0.2811359923549626], [1.3406333329336295, -0.41080249862641144, -0.19383194236625734, -0.31393381740541937, -0.18780933821711338, -0.23406094432811775, -0.20127173670825746, -0.2562069118042649, -0.1392755370466129, -0.2736483700346427, 13.287617828668726, -0.30028256314648927, -0.23887629241924546, -0.4361458598677442, -0.156369622485694, 0.09297852200609107], [0.5349735288072621, 0.1581482745648151, 0.19672737252311506, -0.06946828351244208, -0.13941478850959557, -0.14075409561795404, -0.1268641897133393, 0.05490620156974879, -0.33167529172127436, -0.13487762329461428, -0.30028256314648927, 13.261840425358457, -0.23339355493064254, -0.006423361817745141, -0.1410317270535622, 0.3048447391315275], [0.7786976147078577, -0.09776576044631015, 0.16434078712822434, -0.2156870643347083, -0.06843778940362996, -0.23217087579901396, -0.19790918051296733, -0.05644520379844407, -0.21567678541054738, -0.2142786611955822, -0.23887629241924546, -0.23339355493064254, 13.234513301314205, -0.23499019206400382, -0.11550743661794799, 0.19374590080817253], [0.6131262051893933, 0.35179558644033265, 0.35169241444258786, -0.049062631316454115, -0.23143003859598668, -0.15759687358973518, -0.249914690377854, 0.25122618377360123, -0.4957448561232267, -0.09130440363831156, -0.4361458598677442, -0.006423361817745141, -0.23499019206400382, 13.447138873075854, -0.29398490896874163, 0.40281346726869044], [0.5348211415519633, -0.1688799563165469, 0.10297871605750628, -0.20514690466141108, -0.03796920556617806, -0.24589741678613697, -0.1057713027957326, -0.07247928996432022, -0.12579282263432306, -0.193974912211194, -0.156369622485694, -0.1410317270535622, -0.11550743661794799, -0.29398490896874163, 13.391439904269218, 0.09923675757038257], [-1.0739087471075506, 0.2940300906787232, 0.04724825641697754, 0.2834249314315066, 0.14884933528301406, 0.2598494593884616, 0.1213981538870026, 0.2651003879398087, 0.13157215431052124, 0.2811359923549626, 0.09297852200609107, 0.3048447391315275, 0.19374590080817253, 0.40281346726869044, 0.09923675757038257, 13.376735511818177]]",
    "monomial_list": "[1, x9, x8, x7, x6, x5, x4, x3, x2, x15, x14, x13, x12, x11, x10, x1]"
}