{
    "name": "Multiplier-13",
    "rational_expression": "13293*x1**2/1000 + 2503*x1*x10/12500 - 14969*x1*x11/2500000 - 14433*x1*x12/100000 - 5251*x1*x13/200000 + 25133*x1*x14/100000 - 5339*x1*x15/50000 + 673*x1*x2/4000 + 433*x1*x3/4000 + 247*x1*x4/2000 - 83823*x1*x5/1000000 + 14237*x1*x6/50000 + 94859*x1*x7/1000000 + 11479*x1*x8/100000 - 11797*x1*x9/100000 - 14387*x1/25000 + 6643*x10**2/500 - 7339*x10*x11/12500 - 10771*x10*x12/50000 - 8859*x10*x13/50000 - 2533*x10*x14/12500 - 67373*x10*x15/1000000 - 24921*x10*x2/100000 - 24649*x10*x3/250000 - 15491*x10*x4/50000 - 22013*x10*x5/100000 - 1037*x10*x6/10000 - 24123*x10*x7/100000 - 3559*x10*x8/20000 - 23653*x10*x9/100000 + 3453*x10/2500 + 13271*x11**2/1000 + 35511*x11*x12/100000 + 15447*x11*x13/50000 - 5171*x11*x14/50000 + 16227*x11*x15/100000 - 301*x11*x2/2500 - 30547*x11*x3/100000 - 21669*x11*x4/100000 + 204*x11*x5/625 - 9529*x11*x6/25000 + 3507*x11*x7/20000 - 3591*x11*x8/12500 - 91171*x11*x9/10000000 + 83467*x11/100000 + 14*x12**2 + 2708*x12*x13/3125 - 8633*x12*x14/50000 + 56547*x12*x15/100000 - 45201*x12*x2/500000 + 72529*x12*x3/10000000 - 18623*x12*x4/100000 + 2997*x12*x5/5000 + 10141*x12*x6/100000 + 15317*x12*x7/25000 - 49903*x12*x8/500000 + 5927*x12*x9/12500 - 86103*x12/1000000 + 17377*x13**2/1000 - 58961*x13*x14/1000000 + 5587*x13*x15/20000 - 14103*x13*x2/100000 - 5307*x13*x3/50000 - 71233*x13*x4/1000000 + 4127*x13*x5/10000 - 81*x13*x6/800 + 23511*x13*x7/50000 - 11603*x13*x8/100000 + 1036*x13*x9/3125 - 1889*x13/3125 + 6599*x14**2/500 - 37751*x14*x15/100000 - 17689*x14*x2/50000 - 41*x14*x3/800 - 28681*x14*x4/100000 - 41651*x14*x5/100000000 - 26581*x14*x6/100000 - 13363*x14*x7/100000 - 10431*x14*x8/50000 - 5233*x14*x9/50000 + 3453*x14/2500 + 2631*x15**2/200 + 5927*x15*x2/125000 - 10951*x15*x3/50000 + 11713*x15*x4/1000000 + 5033*x15*x5/20000 - 30901*x15*x6/100000 + 18511*x15*x7/100000 - 101*x15*x8/800 + 811*x15*x9/3125 - 4639*x15/20000 + 13233*x2**2/1000 - 27497*x2*x3/100000 - 32523*x2*x4/100000 - 10149*x2*x5/200000 - 8781*x2*x6/20000 - 2099*x2*x7/10000 - 31157*x2*x8/100000 - 11077*x2*x9/500000 + 15551*x2/10000 + 3231*x3**2/250 - 1507*x3*x4/10000 - 1379*x3*x5/6250 - 20689*x3*x6/100000 - 8661*x3*x7/50000 - 5573*x3*x8/50000 - 20269*x3*x9/50000 + 86367*x3/100000 + 334*x4**2/25 - 24053*x4*x5/50000 - 3577*x4*x6/10000 - 7969*x4*x7/50000 - 32859*x4*x8/100000 - 16987*x4*x9/50000 + 15253*x4/10000 + 2659*x5**2/200 - 33289*x5*x6/100000 + 1008*x5*x7/3125 - 25977*x5*x8/100000 + 44811*x5*x9/100000 - 14497*x5/250000 + 329*x6**2/25 - 4667*x6*x7/6250 - 2919*x6*x8/25000 - 22413*x6*x9/50000 + 3453*x6/2500 + 3313*x7**2/250 - 2873*x7*x8/12500 + 22273*x7*x9/100000 + 24469*x7/50000 + 13443*x8**2/1000 - 2736*x8*x9/3125 + 1151*x8/1000 + 13221*x9**2/1000 + 14387*x9/25000 + 2879/200",
    "Q": "[[14.395075610812123, 0.28369683323764644, 0.5804393400840439, 0.24827356223049074, 0.6929340989558732, -0.030524339405278766, 0.7597311151985107, 0.4288682245992343, 0.774368921620269, -0.12117562604953865, 0.6898397642249788, -0.29523819512181215, -0.04439329309601212, 0.41489871057421024, 0.684780254492882, -0.2877966255051215], [0.28369683323764644, 13.22032213695922, -0.43751952371134073, 0.1161997718236466, -0.22519373579492655, 0.22578533970211898, -0.1733078234816726, -0.19999877913207684, -0.015071179540761133, 0.13431700843253455, -0.05203491232537992, 0.16568241244999973, 0.24097184139568306, 0.0014633855194623705, -0.1226259848457182, -0.05618332569387654], [0.5804393400840439, -0.43751952371134073, 13.44332866916309, -0.10814794585731188, -0.06141262710840208, -0.1295259706947755, -0.16061157583220584, -0.055123747121888896, -0.1500094709169101, -0.06258086994491893, -0.09797413160702902, -0.05222953386122236, -0.05381225179965447, -0.14135046214843636, -0.08844311506811364, 0.05817704639598609], [0.24827356223049074, 0.1161997718236466, -0.10814794585731188, 13.251973101172693, -0.37563515316212154, 0.15673126264213594, -0.08328774529625654, -0.08398147327648361, -0.10935858255907653, 0.09330427396910007, -0.0698684736857935, 0.23363578297270785, 0.30219429386522906, 0.0861967524817444, -0.12375666118331638, 0.05145228135875399], [0.6929340989558732, -0.22519373579492655, -0.06141262710840208, -0.37563515316212154, 13.161079428029408, -0.1663886169750823, -0.1791408977041473, -0.10201667891505849, -0.2154660588202618, -0.14889643076899617, -0.13392817998892445, -0.054904037438318315, 0.044425249288531435, -0.18987515422017967, -0.05237518182356776, 0.1420778780546133], [-0.030524339405278766, 0.22578533970211898, -0.1295259706947755, 0.15673126264213594, -0.1663886169750823, 13.294801200457414, -0.23531970444021252, -0.10316665638270552, -0.019835990265585225, 0.13045877438084558, 0.00112236560494081, 0.20580615504104607, 0.29419463098588006, 0.162511643029189, -0.11576290472000887, -0.04098206522802769], [0.7597311151985107, -0.1733078234816726, -0.16061157583220584, -0.08328774529625654, -0.1791408977041473, -0.23531970444021252, 13.359282523438972, -0.07904510833073462, -0.16678473853078363, 0.004156019768605551, -0.13969192360302055, -0.030144080423244422, -0.08842277997706643, -0.10434912172963742, -0.15387975191340383, 0.05789775765920205], [0.4288682245992343, -0.19999877913207684, -0.055123747121888896, -0.08398147327648361, -0.10201667891505849, -0.10316665638270552, -0.07904510833073462, 12.924363691892722, -0.13854273598721453, -0.10370060135111143, -0.024272152093466896, -0.04948364661587628, 0.006777209880617577, -0.15539529898416288, -0.05136368519326972, 0.05008040307143967], [0.774368921620269, -0.015071179540761133, -0.1500094709169101, -0.10935858255907653, -0.2154660588202618, -0.019835990265585225, -0.16678473853078363, -0.13854273598721453, 13.232111778759512, 0.017530560309549182, -0.17269843345817276, -0.06901178432703438, -0.04319007465697788, -0.05991115190833325, -0.12175956368539917, 0.08082554977617486], [-0.12117562604953865, 0.13431700843253455, -0.06258086994491893, 0.09330427396910007, -0.14889643076899617, 0.13045877438084558, 0.004156019768605551, -0.10370060135111143, 0.017530560309549182, 13.15456217242574, -0.19230927391678707, 0.14398876160913784, 0.28865423049170363, 0.07535958004404346, -0.034171732386379654, -0.05498499326476665], [0.6898397642249788, -0.05203491232537992, -0.09797413160702902, -0.0698684736857935, -0.13392817998892445, 0.00112236560494081, -0.13969192360302055, -0.024272152093466896, -0.17269843345817276, -0.19230927391678707, 13.197575963253193, -0.026204916430321818, -0.0836364102048979, -0.05113350682441494, -0.10362968852517106, 0.12250614548459253], [-0.29523819512181215, 0.16568241244999973, -0.05222953386122236, 0.23363578297270785, -0.054904037438318315, 0.20580615504104607, -0.030144080423244422, -0.04948364661587628, -0.06901178432703438, 0.14398876160913784, -0.026204916430321818, 17.37630799490273, 0.4286530508466415, 0.14632322119745125, -0.08602199268561411, -0.009488376304250274], [-0.04439329309601212, 0.24097184139568306, -0.05381225179965447, 0.30219429386522906, 0.044425249288531435, 0.29419463098588006, -0.08842277997706643, 0.006777209880617577, -0.04319007465697788, 0.28865423049170363, -0.0836364102048979, 0.4286530508466415, 13.999667991877725, 0.17451338057562502, -0.10601339799946072, -0.07114755841361345], [0.41489871057421024, 0.0014633855194623705, -0.14135046214843636, 0.0861967524817444, -0.18987515422017967, 0.162511643029189, -0.10434912172963742, -0.15539529898416288, -0.05991115190833325, 0.07535958004404346, -0.05113350682441494, 0.14632322119745125, 0.17451338057562502, 13.270582387487297, -0.29056476593039665, -0.007816398756584813], [0.684780254492882, -0.1226259848457182, -0.08844311506811364, -0.12375666118331638, -0.05237518182356776, -0.11576290472000887, -0.15387975191340383, -0.05136368519326972, -0.12175956368539917, -0.034171732386379654, -0.10362968852517106, -0.08602199268561411, -0.10601339799946072, -0.29056476593039665, 13.285361286241704, 0.0963803087995554], [-0.2877966255051215, -0.05618332569387654, 0.05817704639598609, 0.05145228135875399, 0.1420778780546133, -0.04098206522802769, 0.05789775765920205, 0.05008040307143967, 0.08082554977617486, -0.05498499326476665, 0.12250614548459253, -0.009488376304250274, -0.07114755841361345, -0.007816398756584813, 0.0963803087995554, 13.292704472730952]]",
    "monomial_list": "[1, x9, x8, x7, x6, x5, x4, x3, x2, x15, x14, x13, x12, x11, x10, x1]"
}