{
    "name": "Multiplier-7",
    "rational_expression": "6757*x1**2/500 + 8459*x1*x10/50000 - 21763*x1*x11/100000 - 863*x1*x12/6250 - 27571*x1*x13/100000 + 65807*x1*x14/1000000 - 10601*x1*x15/25000 - 3623*x1*x2/12500 + 4037*x1*x3/25000 - 48567*x1*x4/500000 - 42401*x1*x5/100000 - 42719*x1*x6/100000 - 614*x1*x7/3125 + 333*x1*x8/3125 - 20313*x1*x9/50000 + 1169*x1/2500 + 6637*x10**2/500 - 31893*x10*x11/50000 - 21057*x10*x12/100000 - 703*x10*x13/3125 - 391*x10*x14/2000 - 14241*x10*x15/100000 - 9561*x10*x2/50000 - 17377*x10*x3/100000 - 25531*x10*x4/100000 - 8879*x10*x5/25000 + 32947*x10*x6/500000 - 12701*x10*x7/50000 - 6651*x10*x8/50000 - 7641*x10*x9/25000 + 3591*x10/2500 + 6713*x11**2/500 - 5479*x11*x12/50000 + 10559*x11*x13/25000 - 2083*x11*x14/31250 + 38201*x11*x15/100000 + 109*x11*x2/500 - 34471*x11*x3/100000 - 98961*x11*x4/1000000 + 57009*x11*x5/100000 + 11961*x11*x6/20000 + 49191*x11*x7/100000 - 24017*x11*x8/100000 + 21481*x11*x9/100000 + 23431*x11/100000 + 6659*x12**2/500 - 30437*x12*x13/100000 - 16951*x12*x14/100000 + 2293*x12*x15/20000 + 7427*x12*x2/500000 - 17231*x12*x3/100000 - 9851*x12*x4/50000 + 19901*x12*x5/500000 + 38519*x12*x6/50000 + 16391*x12*x7/100000 - 16117*x12*x8/250000 - 57157*x12*x9/1000000 + 21699*x12/50000 + 6713*x13**2/500 + 12223*x13*x14/500000 + 1577*x13*x15/3125 + 41311*x13*x2/100000 - 27767*x13*x3/100000 + 6921*x13*x4/50000 + 69621*x13*x5/100000 + 10343*x13*x6/10000 + 1777*x13*x7/2500 - 15977*x13*x8/100000 + 51899*x13*x9/100000 - 467*x13/400 + 1654*x14**2/125 - 21363*x14*x15/100000 - 7601*x14*x2/50000 - 15091*x14*x3/100000 - 9727*x14*x4/50000 + 6763*x14*x5/50000 + 391*x14*x6/20000 - 22463*x14*x7/1000000 - 10681*x14*x8/50000 - 30443*x14*x9/5000000 + 21699*x14/25000 + 13389*x15**2/1000 + 46193*x15*x2/100000 - 1709*x15*x3/6250 + 1027*x15*x4/6250 + 4101*x15*x5/6250 + 77549*x15*x6/100000 + 26683*x15*x7/50000 - 127*x15*x8/800 + 12969*x15*x9/25000 - 11349*x15/10000 + 6741*x2**2/500 - 29837*x2*x3/100000 - 78253*x2*x4/1000000 + 1953*x2*x5/4000 + 5061*x2*x6/12500 + 11341*x2*x7/100000 - 1657*x2*x8/5000 + 37633*x2*x9/100000 + 13093*x3**2/1000 - 10603*x3*x4/50000 - 3849*x3*x5/12500 - 7299*x3*x6/25000 - 24939*x3*x7/100000 - 5273*x3*x8/62500 - 9619*x3*x9/25000 + 12021*x3/10000 + 13411*x4**2/1000 - 13113*x4*x5/50000 + 24751*x4*x6/100000 + 49617*x4*x7/1000000 - 1277*x4*x8/4000 - 3317*x4*x9/20000 + 73451*x4/100000 + 13607*x5**2/1000 + 98457*x5*x6/100000 + 18747*x5*x7/25000 - 2467*x5*x8/10000 + 15217*x5*x9/20000 - 467*x5/400 + 1758*x6**2/125 + 10713*x6*x7/10000 - 11773*x6*x8/100000 + 62827*x6*x9/100000 - 3591*x6/2500 + 4407*x7**2/250 - 301*x7*x8/2000 + 24503*x7*x9/50000 - 45079*x7/50000 + 13389*x8**2/1000 - 78639*x8*x9/100000 + 2669*x8/2500 + 6717*x9**2/500 - 23431*x9/100000 + 16691/1000",
    "Q": "[[16.690842630414746, -0.1111647853348203, 0.537507102315972, -0.4484662935965824, -0.7230168798497987, -0.588066768703514, 0.3667769419168685, 0.5971180811670045, -0.0024800609562369027, -0.5682907100078042, 0.42955377006827855, -0.5854246206165346, 0.2186621817660249, 0.1191593065486585, 0.713079163421885, 0.2297615594953141], [-0.1111647853348203, 13.434038053643434, -0.39502518949361803, 0.23851070387271123, 0.3204472778196056, 0.38016746782230687, -0.08441704054866891, -0.1942775816391543, 0.18811492803867627, 0.26506521679647543, -0.008054686705846937, 0.2600088486080683, -0.02789142437894973, 0.11264865319532083, -0.15641495970668423, -0.2068985076090942], [0.537507102315972, -0.39502518949361803, 13.38976576846209, -0.07267103720639444, -0.06194838055136816, -0.12473450828730334, -0.16047316894156138, -0.044604404287941046, -0.1671165038271473, -0.07491796460909558, -0.10126022985358266, -0.07868937984258796, -0.03704199633123148, -0.122852503951054, -0.06290566904394282, 0.05424076566478823], [-0.4484662935965824, 0.23851070387271123, -0.07267103720639444, 17.62699884381504, 0.5302237227907017, 0.3779597019344069, 0.030400845034536304, -0.122871129495043, 0.052953630015272715, 0.2597152759674512, -0.006236563120923784, 0.35218232365220437, 0.08659864489269913, 0.24675322497716695, -0.12900799555323877, -0.08943723212984864], [-0.7230168798497987, 0.3204472778196056, -0.06194838055136816, 0.5302237227907017, 14.064727982832286, 0.48713187114331596, 0.12487605039592804, -0.1424227805892299, 0.19726897597335655, 0.3892715725625261, 0.0104065115236902, 0.5212992889687419, 0.37887646130392905, 0.30560614856101576, 0.03537546376796291, -0.21365073080572672], [-0.588066768703514, 0.38016746782230687, -0.12473450828730334, 0.3779597019344069, 0.48713187114331596, 13.60686599802367, -0.12653729681783663, -0.14793133512801113, 0.24487638827180175, 0.32623650116924446, 0.06618348692021946, 0.34496986140887587, 0.019122858685640346, 0.28701261360407965, -0.17413684041507024, -0.2175366429846861], [0.3667769419168685, -0.08441704054866891, -0.16047316894156138, 0.030400845034536304, 0.12487605039592804, -0.12653729681783663, 13.411311248651282, -0.10992355260544401, -0.03593902768132481, 0.07914416060460264, -0.09181671717638686, 0.07116041089815917, -0.0998859346646842, -0.04614277348725502, -0.130665489575353, -0.049549541143220695], [0.5971180811670045, -0.1942775816391543, -0.044604404287941046, -0.122871129495043, -0.1424227805892299, -0.14793133512801113, -0.10992355260544401, 13.09269743067527, -0.1527475192771303, -0.13656113135169004, -0.06924594197283324, -0.13462470782791391, -0.09047835074982752, -0.1756937742637728, -0.08135237509110856, 0.07825941066103435], [-0.0024800609562369027, 0.18811492803867627, -0.1671165038271473, 0.052953630015272715, 0.19726897597335655, 0.24487638827180175, -0.03593902768132481, -0.1527475192771303, 13.482067402801425, 0.23599947411984756, -0.07300851421744217, 0.2004186263702316, 0.010799266489119623, 0.11472301834443017, -0.09919184688669003, -0.13838817735711137], [-0.5682907100078042, 0.26506521679647543, -0.07491796460909558, 0.2597152759674512, 0.3892715725625261, 0.32623650116924446, 0.07914416060460264, -0.13656113135169004, 0.23599947411984756, 13.389188066079399, -0.10548421070055221, 0.25387240945129563, 0.0574341216049441, 0.18816675110004982, -0.07782491600463975, -0.21430749763144596], [0.42955377006827855, -0.008054686705846937, -0.10126022985358266, -0.006236563120923784, 0.0104065115236902, 0.06618348692021946, -0.09181671717638686, -0.06924594197283324, -0.07300851421744217, -0.10548421070055221, 13.230771160412955, 0.018312086191117845, -0.08027438502466662, -0.028803635465989973, -0.09609414728290133, 0.03682468809130766], [-0.5854246206165346, 0.2600088486080683, -0.07868937984258796, 0.35218232365220437, 0.5212992889687419, 0.34496986140887587, 0.07116041089815917, -0.13462470782791391, 0.2004186263702316, 0.25387240945129563, 0.018312086191117845, 13.425882288243555, -0.15659808774116699, 0.213903260584372, -0.11272766316262506, -0.13475744032753445], [0.2186621817660249, -0.02789142437894973, -0.03704199633123148, 0.08659864489269913, 0.37887646130392905, 0.019122858685640346, -0.0998859346646842, -0.09047835074982752, 0.010799266489119623, 0.0574341216049441, -0.08027438502466662, -0.15659808774116699, 13.317499445393475, -0.06087852653286726, -0.09991439252345662, -0.0656700152822232], [0.1191593065486585, 0.11264865319532083, -0.122852503951054, 0.24675322497716695, 0.30560614856101576, 0.28701261360407965, -0.04614277348725502, -0.1756937742637728, 0.11472301834443017, 0.18816675110004982, -0.028803635465989973, 0.213903260584372, -0.06087852653286726, 13.427385082067453, -0.31487817520119576, -0.10742306634531018], [0.713079163421885, -0.15641495970668423, -0.06290566904394282, -0.12900799555323877, 0.03537546376796291, -0.17413684041507024, -0.130665489575353, -0.08135237509110856, -0.09919184688669003, -0.07782491600463975, -0.09609414728290133, -0.11272766316262506, -0.09991439252345662, -0.31487817520119576, 13.272896222759737, 0.08923400542411929], [0.2297615594953141, -0.2068985076090942, 0.05424076566478823, -0.08943723212984864, -0.21365073080572672, -0.2175366429846861, -0.049549541143220695, 0.07825941066103435, -0.13838817735711137, -0.21430749763144596, 0.03682468809130766, -0.13475744032753445, -0.0656700152822232, -0.10742306634531018, 0.08923400542411929, 13.513583203833823]]",
    "monomial_list": "[1, x9, x8, x7, x6, x5, x4, x3, x2, x15, x14, x13, x12, x11, x10, x1]"
}