{
    "name": "Multiplier-15",
    "rational_expression": "6609*x1**2/500 + 10693*x1*x10/25000 + 4441*x1*x11/20000 + 2397*x1*x12/12500 + 7339*x1*x13/250000 + 10123*x1*x14/50000 + 15017*x1*x15/200000 + 32081*x1*x2/100000 + 11131*x1*x3/200000 + 977*x1*x4/3125 + 2951*x1*x5/20000 + 14821*x1*x6/50000 + 5773*x1*x7/50000 + 2517*x1*x8/20000 + 1349*x1*x9/10000 - 10379*x1/10000 + 663*x10**2/50 - 40471*x10*x11/50000 - 45553*x10*x12/100000 - 5443*x10*x13/20000 - 6747*x10*x14/20000 - 938*x10*x15/3125 - 2137*x10*x2/5000 - 9251*x10*x3/50000 - 1921*x10*x4/4000 - 47661*x10*x5/100000 - 13149*x10*x6/50000 - 8173*x10*x7/20000 - 3173*x10*x8/20000 - 10453*x10*x9/20000 + 21219*x10/10000 + 13161*x11**2/1000 - 409*x11*x12/1000 - 35417*x11*x13/10000000 + 19057*x11*x14/100000 + 6827*x11*x15/25000 - 47461*x11*x2/100000 - 21499*x11*x3/100000 - 45611*x11*x4/100000 + 24607*x11*x5/500000 - 15013*x11*x6/50000 - 14057*x11*x7/200000 - 1491*x11*x8/5000 - 39543*x11*x9/100000 + 20989*x11/10000 + 13233*x12**2/1000 - 57589*x12*x13/100000 - 851*x12*x14/3125 - 11583*x12*x15/100000 - 20423*x12*x2/50000 - 48229*x12*x3/1000000 - 7087*x12*x4/12500 - 29207*x12*x5/100000 - 83869*x12*x6/1000000 - 6621*x12*x7/20000 - 9263*x12*x8/50000 - 2167*x12*x9/5000 + 16987*x12/10000 + 6579*x13**2/500 + 12339*x13*x14/50000 + 6121*x13*x15/25000 - 26191*x13*x2/100000 - 1623*x13*x3/100000 - 5583*x13*x4/25000 + 74313*x13*x5/1000000 - 11389*x13*x6/500000 - 247*x13*x7/10000 - 11023*x13*x8/50000 - 13431*x13*x9/100000 + 77881*x13/100000 + 1692*x14**2/125 + 23163*x14*x15/50000 - 44747*x14*x2/100000 + 16539*x14*x3/50000 - 7801*x14*x4/20000 + 4443*x14*x5/12500 - 89753*x14*x6/1000000 + 23001*x14*x7/100000 - 2891*x14*x8/10000 + 53203*x14*x9/1000000 + 2217*x14/2000 + 17401*x15**2/1000 - 7173*x15*x2/25000 + 6183*x15*x3/50000 - 4391*x15*x4/20000 + 18031*x15*x5/50000 + 93489*x15*x6/10000000 + 28001*x15*x7/100000 - 22933*x15*x8/100000 + 2273*x15*x9/20000 - 3311*x15/20000 + 13163*x2**2/1000 - 35551*x2*x3/100000 - 53049*x2*x4/100000 - 3793*x2*x5/10000 - 48561*x2*x6/100000 - 41859*x2*x7/100000 - 5653*x2*x8/20000 - 19691*x2*x9/50000 + 23821*x2/10000 + 6469*x3**2/500 - 9261*x3*x4/50000 - 5671*x3*x5/200000 - 12241*x3*x6/125000 + 36927*x3*x7/10000000 - 16041*x3*x8/100000 - 15581*x3*x9/50000 + 10023*x3/12500 + 6641*x4**2/500 - 72287*x4*x5/100000 - 45763*x4*x6/100000 - 36509*x4*x7/100000 - 33069*x4*x8/100000 - 63187*x4*x9/100000 + 467*x4/200 + 13189*x5**2/1000 - 4111*x5*x6/20000 + 3943*x5*x7/125000 - 13843*x5*x8/50000 - 1053*x5*x9/31250 + 637*x5/500 + 1329*x6**2/100 - 50571*x6*x7/100000 - 4343*x6*x8/25000 - 40617*x6*x9/100000 + 14381*x6/10000 + 6583*x7**2/500 - 7243*x7*x8/25000 - 3469*x7*x9/20000 + 14381*x7/10000 + 6729*x8**2/500 - 16289*x8*x9/20000 + 2453*x8/2000 + 13031*x9**2/1000 + 56*x9/25 + 11793/1000",
    "Q": "[[11.79291044104885, 1.1165236082273913, 0.615974676520498, 0.7184227471461839, 0.7176122966120405, 0.6334855058135581, 1.1657396132197193, 0.3998785693696028, 1.1960817561002588, -0.07707459577495406, 0.5571403636974434, 0.3922040709072592, 0.8485016366845585, 1.0514314788427852, 1.057611955004021, -0.5177956921843063], [1.1165236082273913, 13.030413130716163, -0.40950174064530787, -0.08540434205598478, -0.1985053292708469, -0.013151794157268948, -0.31127417485731956, -0.16091867076531102, -0.20246913436168537, 0.05333240948323079, 0.022938862969425225, -0.05991341178688059, -0.21092899737518514, -0.19754230867484215, -0.25583507324158333, 0.06426436425952321], [0.615974676520498, -0.40950174064530787, 13.457861933169243, -0.13886813497345954, -0.0935185219304595, -0.13777326224365963, -0.16001780848560723, -0.07562709206769405, -0.13936163240557267, -0.11027011535105523, -0.1494022490800806, -0.10893451975080544, -0.08833493894570393, -0.15042129060924514, -0.08273715341279833, 0.06239319429366468], [0.7184227471461839, -0.08540434205598478, -0.13886813497345954, 13.16651676224501, -0.25019944545203054, 0.018646121031735734, -0.18820135301049534, 0.00490736836592454, -0.20535303114942194, 0.13590105627627122, 0.11290352979350037, -0.007704797569700753, -0.17102241304687799, -0.03804400526327119, -0.20246301665308056, 0.053156393792270745], [0.7176122966120405, -0.1985053292708469, -0.0935185219304595, -0.25019944545203054, 13.289852004897053, -0.09750226719792297, -0.22542265116672475, -0.05457561995873746, -0.2376885803203624, 0.002928444021562811, -0.04678792214927769, -0.013486924929732321, -0.03705354081679696, -0.1495364168860654, -0.1318946950589101, 0.1504488557785818], [0.6334855058135581, -0.013151794157268948, -0.13777326224365963, 0.018646121031735734, -0.09750226719792297, 13.187817988149964, -0.36086466210979434, -0.01776145826013719, -0.19426239062186756, 0.1799214952289104, 0.17463780767971596, 0.03602097393954016, -0.1514444677357778, 0.02296603430627398, -0.24515201390595961, 0.07293264801108472], [1.1657396132197193, -0.31127417485731956, -0.16001780848560723, -0.18820135301049534, -0.22542265116672475, -0.36086466210979434, 13.280986893815715, -0.08844736634663268, -0.25919003246284666, -0.106744833375498, -0.18782514408710163, -0.11208417503703716, -0.27749339111373533, -0.2302921843711879, -0.24388706172704186, 0.15656793104998107], [0.3998785693696028, -0.16091867076531102, -0.07562709206769405, 0.00490736836592454, -0.05457561995873746, -0.01776145826013719, -0.08844736634663268, 12.93800621437216, -0.1717144633925605, 0.05946508866452362, 0.16117232055757255, -0.010460872874496117, -0.025244634915081988, -0.10324780931359956, -0.09182165163899007, 0.02410277747209202], [1.1960817561002588, -0.20246913436168537, -0.13936163240557267, -0.20535303114942194, -0.2376885803203624, -0.19426239062186756, -0.25919003246284666, -0.1717144633925605, 13.162847736671123, -0.14641400483245487, -0.22621160017155298, -0.1278102776740531, -0.21024509697389981, -0.23145870596141976, -0.21061191200162058, 0.1599324459311174], [-0.07707459577495406, 0.05333240948323079, -0.11027011535105523, 0.13590105627627122, 0.002928444021562811, 0.1799214952289104, -0.106744833375498, 0.05946508866452362, -0.14641400483245487, 17.400730754208805, 0.2250162466508685, 0.13020831802620292, -0.05346078355856807, 0.1315912661883187, -0.1424244157509563, 0.038933341456237044], [0.5571403636974434, 0.022938862969425225, -0.1494022490800806, 0.11290352979350037, -0.04678792214927769, 0.17463780767971596, -0.18782514408710163, 0.16117232055757255, -0.22621160017155298, 0.2250162466508685, 13.536676178028937, 0.1285565396324452, -0.13061135668718438, 0.1020510938478575, -0.16663051304548934, 0.10457267284848543], [0.3922040709072592, -0.05991341178688059, -0.10893451975080544, -0.007704797569700753, -0.013486924929732321, 0.03602097393954016, -0.11208417503703716, -0.010460872874496117, -0.1278102776740531, 0.13020831802620292, 0.1285565396324452, 13.158357807163346, -0.2901905201003832, -0.004679380759385338, -0.13455245493279255, 0.01394286507905914], [0.8485016366845585, -0.21092899737518514, -0.08833493894570393, -0.17102241304687799, -0.03705354081679696, -0.1514444677357778, -0.27749339111373533, -0.025244634915081988, -0.21024509697389981, -0.05346078355856807, -0.13061135668718438, -0.2901905201003832, 13.23307649014526, -0.2003044369342058, -0.22634059387985517, 0.10255108301309167], [1.0514314788427852, -0.19754230867484215, -0.15042129060924514, -0.03804400526327119, -0.1495364168860654, 0.02296603430627398, -0.2302921843711879, -0.10324780931359956, -0.23145870596141976, 0.1315912661883187, 0.1020510938478575, -0.004679380759385338, -0.2003044369342058, 13.160849153192578, -0.40921239424158223, 0.11602727620982112], [1.057611955004021, -0.25583507324158333, -0.08273715341279833, -0.20246301665308056, -0.1318946950589101, -0.24515201390595961, -0.24388706172704186, -0.09182165163899007, -0.21061191200162058, -0.1424244157509563, -0.16663051304548934, -0.13455245493279255, -0.22634059387985517, -0.40921239424158223, 13.259267818005203, 0.20784919474887603], [-0.5177956921843063, 0.06426436425952321, 0.06239319429366468, 0.053156393792270745, 0.1504488557785818, 0.07293264801108472, 0.15656793104998107, 0.02410277747209202, 0.1599324459311174, 0.038933341456237044, 0.10457267284848543, 0.01394286507905914, 0.10255108301309167, 0.11602727620982112, 0.20784919474887603, 13.217684508619449]]",
    "monomial_list": "[1, x9, x8, x7, x6, x5, x4, x3, x2, x15, x14, x13, x12, x11, x10, x1]"
}