{
    "name": "Multiplier-5",
    "rational_expression": "6709*x1**2/500 + 10841*x1*x10/250000 + 2331*x1*x11/12500 + 25483*x1*x12/1000000 + 2543*x1*x13/25000 + 12333*x1*x14/50000 + 1909*x1*x15/12500 + 2829*x1*x2/12500 + 9753*x1*x3/50000 + 3941*x1*x4/62500 + 6301*x1*x5/25000 + 92277*x1*x6/1000000 + 5083*x1*x7/25000 + 16697*x1*x8/100000 + 971*x1*x9/4000 - 31457*x1/100000 + 3357*x10**2/250 - 11853*x10*x11/25000 - 13621*x10*x12/100000 - 14637*x10*x13/100000 - 28753*x10*x14/100000 - 11159*x10*x15/50000 - 4689*x10*x2/12500 - 923*x10*x3/6250 - 3857*x10*x4/62500 - 32331*x10*x5/100000 - 24367*x10*x6/500000 - 29069*x10*x7/100000 - 29911*x10*x8/100000 - 39301*x10*x9/100000 + 20883*x10/25000 + 13437*x11**2/1000 - 11843*x11*x12/50000 + 5781*x11*x13/25000 - 43223*x11*x14/100000 + 18079*x11*x15/100000 - 1269*x11*x2/3125 - 6293*x11*x3/50000 - 16431*x11*x4/250000 + 40841*x11*x5/100000 - 14209*x11*x6/50000 + 5337*x11*x7/25000 - 32407*x11*x8/100000 - 24157*x11*x9/100000 + 613*x11/400 + 107*x12**2/8 - 13897*x12*x13/50000 - 17519*x12*x14/50000 - 11523*x12*x15/100000 - 951*x12*x2/3125 - 48597*x12*x3/500000 - 5689*x12*x4/50000 - 717*x12*x5/5000 + 55437*x12*x6/1000000 - 2329*x12*x7/12500 - 4947*x12*x8/20000 - 39527*x12*x9/100000 + 80131*x12/100000 + 1676*x13**2/125 - 15141*x13*x14/50000 + 5321*x13*x15/20000 - 24691*x13*x2/100000 - 11721*x13*x3/100000 + 3661*x13*x4/25000 + 5969*x13*x5/12500 - 11533*x13*x6/250000 + 36577*x13*x7/100000 - 12311*x13*x8/50000 - 5333*x13*x9/50000 + 4789*x13/12500 + 2649*x14**2/200 - 6289*x14*x15/12500 - 39493*x14*x2/100000 - 1941*x14*x3/10000 - 1513*x14*x4/3125 - 39293*x14*x5/100000 - 32447*x14*x6/100000 - 40167*x14*x7/100000 - 20697*x14*x8/100000 - 2493*x14*x9/5000 + 8183*x14/5000 + 1668*x15**2/125 - 28773*x15*x2/100000 - 83549*x15*x3/1000000 + 21229*x15*x4/100000 + 27443*x15*x5/50000 - 17513*x15*x6/100000 + 15893*x15*x7/50000 - 4217*x15*x8/20000 - 593*x15*x9/5000 + 11839*x15/20000 + 1653*x2**2/125 - 5909*x2*x3/20000 - 1843*x2*x4/5000 - 39043*x2*x5/100000 - 8699*x2*x6/25000 - 19831*x2*x7/50000 - 19501*x2*x8/50000 - 1371*x2*x9/3125 + 1088*x2/625 + 1643*x3**2/125 - 2821*x3*x4/62500 + 39493*x3*x5/1000000 - 18587*x3*x6/100000 - 24473*x3*x7/250000 - 1287*x3*x8/12500 - 4853*x3*x9/20000 + 5569*x3/5000 + 1716*x4**2/125 + 79739*x4*x5/100000 - 88579*x4*x6/1000000 + 703*x4*x7/6250 - 25753*x4*x8/100000 - 10973*x4*x9/20000 + 8353*x4/5000 + 2233*x5**2/125 - 19061*x5*x6/100000 + 68017*x5*x7/100000 - 1151*x5*x8/4000 - 151*x5*x9/8000 + 2083*x5/20000 + 2673*x6**2/200 - 32433*x6*x7/100000 - 159*x6*x8/625 - 43339*x6*x9/100000 + 31351*x6/50000 + 3371*x7**2/250 - 14841*x7*x8/50000 - 583*x7*x9/4000 + 631*x7/625 + 6677*x8**2/500 - 50551*x8*x9/100000 + 613*x8/400 + 663*x9**2/50 + 11499*x9/5000 + 4353/250",
    "Q": "[[17.41237211362837, 1.1534709997106753, 0.7711117111213861, 0.5024064338311128, 0.31022209002008533, 0.054565359631772, 0.8315903367744202, 0.5512516191636481, 0.8672512775845816, 0.2906607965898486, 0.8184266933246322, 0.19884160078256802, 0.3934311206496874, 0.774316089859423, 0.41322480739446266, -0.15375395562204375], [1.1534709997106753, 13.260589195976225, -0.2521853042909986, -0.07168040655679482, -0.21745334862384605, -0.008094164543799258, -0.269648184629437, -0.11996796356933269, -0.21659245865478707, -0.06435261217739724, -0.24348854682345705, -0.048381653843764506, -0.1937919424098307, -0.12141210077172587, -0.19777641659072387, 0.1264167220838633], [0.7711117111213861, -0.2521853042909986, 13.353958005902877, -0.1455787592434526, -0.12464420088550564, -0.14508357683435927, -0.1346245260348745, -0.04927856204298843, -0.19560704603369786, -0.09957775910059649, -0.09795198891793354, -0.12542774650738372, -0.12435829402521871, -0.16046566743587887, -0.1504543443585147, 0.08602247629994546], [0.5024064338311128, -0.07168040655679482, -0.1455787592434526, 13.483569381679851, -0.16517373884848696, 0.342611589263806, 0.05055931047000139, -0.04652650879675403, -0.19339298695356458, 0.1522938116029532, -0.19858972329279495, 0.18417365979853464, -0.09781090637291667, 0.10520857472728577, -0.15010866475250872, 0.09590731376108759], [0.31022209002008533, -0.21745334862384605, -0.12464420088550564, -0.16517373884848696, 13.364590457004873, -0.08885044758667897, -0.040014063790168496, -0.08774482986195142, -0.1754693469844782, -0.08810613175402594, -0.15846275691285916, -0.024849148446596785, 0.02339482236861978, -0.1454574810591891, -0.02823998353543398, 0.04456814756377075], [0.054565359631772, -0.008094164543799258, -0.14508357683435927, 0.342611589263806, -0.08885044758667897, 17.864344264603137, 0.39523901435113185, 0.02776601276024263, -0.20133588872561534, 0.2736870317627715, -0.19085728969003368, 0.2447409623156024, -0.06677989244617935, 0.2094492075609247, -0.1692131429603895, 0.1215823684502975], [0.8315903367744202, -0.269648184629437, -0.1346245260348745, 0.05055931047000139, -0.040014063790168496, 0.39523901435113185, 13.726658639854108, -0.023701998095001228, -0.18973586216275062, 0.09918896928640426, -0.24855098505636944, 0.06865683414944508, -0.05466063343620921, -0.03849865855083024, -0.03351956372682264, 0.0383380635252295], [0.5512516191636481, -0.11996796356933269, -0.04927856204298843, -0.04652650879675403, -0.08774482986195142, 0.02776601276024263, -0.023701998095001228, 13.143112427678926, -0.15425662283422867, -0.047356638457073746, -0.09302672086324554, -0.05257848865747253, -0.04707882288638449, -0.05722816322535325, -0.06943905211384242, 0.0981668885183117], [0.8672512775845816, -0.21659245865478707, -0.19560704603369786, -0.19339298695356458, -0.1754693469844782, -0.20133588872561534, -0.18973586216275062, -0.15425662283422867, 13.224098436844393, -0.14302581267245673, -0.20236485322004683, -0.11866371110583565, -0.146248411207445, -0.19964857923899998, -0.1893841344044439, 0.10793151254831827], [0.2906607965898486, -0.06435261217739724, -0.09957775910059649, 0.1522938116029532, -0.08810613175402594, 0.2736870317627715, 0.09918896928640426, -0.047356638457073746, -0.14302581267245673, 13.34364052791456, -0.2576081211044517, 0.12829623080878344, -0.05136510383734715, 0.08418431897735117, -0.10568036169295482, 0.07967612827750399], [0.8184266933246322, -0.24348854682345705, -0.09795198891793354, -0.19858972329279495, -0.15846275691285916, -0.19085728969003368, -0.24855098505636944, -0.09302672086324554, -0.20236485322004683, -0.2576081211044517, 13.244621876320894, -0.14581421167349434, -0.17739139307430168, -0.21382703559569893, -0.1498552374411544, 0.1182698770768921], [0.19884160078256802, -0.048381653843764506, -0.12542774650738372, 0.18417365979853464, -0.024849148446596785, 0.2447409623156024, 0.06865683414944508, -0.05257848865747253, -0.11866371110583565, 0.12829623080878344, -0.14581421167349434, 13.4076256679727, -0.14445462409070625, 0.11359531601887243, -0.07816511192898824, 0.04821679511287395], [0.3934311206496874, -0.1937919424098307, -0.12435829402521871, -0.09781090637291667, 0.02339482236861978, -0.06677989244617935, -0.05466063343620921, -0.04707882288638449, -0.146248411207445, -0.05136510383734715, -0.17739139307430168, -0.14445462409070625, 13.373778684451654, -0.11442887324878752, -0.0721978752059313, 0.014240304455563563], [0.774316089859423, -0.12141210077172587, -0.16046566743587887, 0.10520857472728577, -0.1454574810591891, 0.2094492075609247, -0.03849865855083024, -0.05722816322535325, -0.19964857923899998, 0.08418431897735117, -0.21382703559569893, 0.11359531601887243, -0.11442887324878752, 13.437520054282873, -0.23235193306391494, 0.08607038907176423], [0.41322480739446266, -0.19777641659072387, -0.1504543443585147, -0.15010866475250872, -0.02823998353543398, -0.1692131429603895, -0.03351956372682264, -0.06943905211384242, -0.1893841344044439, -0.10568036169295482, -0.1498552374411544, -0.07816511192898824, -0.0721978752059313, -0.23235193306391494, 13.428896939005353, 0.020507968845505067], [-0.15375395562204375, 0.1264167220838633, 0.08602247629994546, 0.09590731376108759, 0.04456814756377075, 0.1215823684502975, 0.0383380635252295, 0.0981668885183117, 0.10793151254831827, 0.07967612827750399, 0.1182698770768921, 0.04821679511287395, 0.014240304455563563, 0.08607038907176423, 0.020507968845505067, 13.41753612442652]]",
    "monomial_list": "[1, x9, x8, x7, x6, x5, x4, x3, x2, x15, x14, x13, x12, x11, x10, x1]"
}