{
    "name": "Multiplier-13",
    "rational_expression": "4801*x1**2/250 + 22951*x1*x10/50000 - 92269*x1*x11/100000 + 51*x1*x12/160 - 39961*x1*x13/1000000 + 10019*x1*x2/10000 - 44531*x1*x3/50000 + 1581*x1*x4/5000 - 97309*x1*x5/100000 + 59533*x1*x6/100000 - 12413*x1*x7/20000 + 30949*x1*x8/100000 - 10033*x1*x9/12500 - 16617*x1/5000 + 19201*x10**2/1000 + 1691*x10*x11/12500 + 36079*x10*x12/100000 + 9827*x10*x13/50000 - 1887*x10*x2/4000 + 5203*x10*x3/10000 - 11741*x10*x4/50000 + 53801*x10*x5/100000 - 33627*x10*x6/100000 - 13911*x10*x7/50000 - 51469*x10*x8/1000000 + 647*x10*x9/2500 + 707*x10/400 + 387*x11**2/20 + 12423*x11*x12/50000 + 49519*x11*x13/100000 + 21453*x11*x2/50000 - 9231*x11*x3/25000 + 2843*x11*x4/12500 + 1869*x11*x5/40000 + 409*x11*x6/40000 - 20877*x11*x7/100000 - 95179*x11*x8/1000000 + 11191*x11*x9/1000000 - 28659*x11/10000 + 19799*x12**2/1000 + 28601*x12*x13/50000 - 25621*x12*x2/100000 + 1197*x12*x3/3125 + 24721*x12*x4/100000 + 17947*x12*x5/50000 - 13721*x12*x6/50000 - 2953*x12*x7/25000 - 35097*x12*x8/500000 + 28091*x12*x9/50000 + 21149*x12/100000 + 25369*x13**2/1000 - 10311*x13*x2/100000 + 25317*x13*x3/100000 + 28229*x13*x4/500000 + 25073*x13*x5/50000 - 36107*x13*x6/100000 + 22681*x13*x7/25000000 - 11867*x13*x8/100000 + 50393*x13*x9/100000 - 30051*x13/50000 + 9641*x2**2/500 + 19221*x2*x3/50000 - 11907*x2*x4/100000 + 55739*x2*x5/100000 - 74609*x2*x6/100000 + 55633*x2*x7/1000000 - 19149*x2*x8/100000 + 30509*x2*x9/100000 + 32889*x2/10000 + 19077*x3**2/1000 + 2281*x3*x4/20000 - 24733*x3*x5/50000 + 32533*x3*x6/100000 - 21767*x3*x7/50000 - 22829*x3*x8/500000 - 34529*x3*x9/100000 - 5447*x3/2000 + 3909*x4**2/200 - 62977*x4*x5/100000 - 47459*x4*x6/100000 - 82773*x4*x7/1000000 - 12289*x4*x8/25000 + 1557*x4*x9/12500 + 928*x4/625 + 1927*x5**2/100 + 2427*x5*x6/12500 - 1691*x5*x7/12500 - 3459*x5*x8/200000 + 11191*x5*x9/1000000 - 28659*x5/10000 + 19097*x6**2/1000 - 35051*x6*x7/50000 - 6921*x6*x8/12500 + 51109*x6*x9/1000000 + 18209*x6/5000 + 3791*x7**2/200 - 28189*x7*x8/100000 - 6373*x7*x9/25000 - 21149*x7/100000 + 19401*x8**2/1000 - 25031*x8*x9/50000 + 21559*x8/10000 + 9659*x9**2/500 - 314*x9/125 + 17679/1000",
    "Q": "[[17.678857384881436, -1.255360842852772, 1.0723411590648388, -0.10889813596970317, 1.8220788415745106, -1.4329592392171533, 0.7347048297315528, -1.3615868932629551, 1.635809895770716, -0.2963749886076842, 0.11340192748309254, -1.4295522377782153, 0.8757463136970387, -1.6604904912008511], [-1.255360842852772, 19.317715066163405, -0.25791797360873714, -0.13357817278907594, 0.02610846822534659, 0.0009737112916512924, 0.07105082769625032, -0.1722865228375471, 0.14791334517047347, 0.2508870979149429, 0.2782707229781466, 0.002552507044008832, 0.13033489381083838, -0.39900609533329506], [1.0723411590648388, -0.25791797360873714, 19.400480979787755, -0.1401710844832641, -0.27386279059993224, -0.004361458901735746, -0.25589977878587167, -0.02740959051341792, -0.08704256341770016, -0.055045336389078055, -0.042275024375024665, -0.045678867426871515, -0.02843828778222315, 0.15664889992901773], [-0.10889813596970317, -0.13357817278907594, -0.1401710844832641, 18.954557012342544, -0.3442231727624866, -0.075634620554651, -0.04004131791642984, -0.21718551528937877, 0.022226212855660656, 0.00920599410317552, -0.056853827204681615, -0.10406137857244192, -0.1375727639643808, -0.3034304832986033], [1.8220788415745106, 0.02610846822534659, -0.27386279059993224, -0.3442231727624866, 19.096357611101208, 0.09188496893010595, -0.2333650035591627, 0.1644476444874511, -0.36655098120886315, -0.17931379838123498, -0.13526776529155016, 0.0013671311953325279, -0.16139677908865768, 0.2928725902883409], [-1.4329592392171533, 0.0009737112916512924, -0.004361458901735746, -0.075634620554651, 0.09188496893010595, 19.27042847753571, -0.3164874307660877, -0.2557987229937046, 0.2817453409918018, 0.24218460377172735, 0.18033986286573392, 0.015990239870242846, 0.27804104909741784, -0.482834121433558], [0.7347048297315528, 0.07105082769625032, -0.25589977878587167, -0.04004131791642984, -0.2333650035591627, -0.3164874307660877, 19.54482664200675, 0.04850210891626606, -0.06585588495122568, 0.02668112786176308, 0.12132815748696349, 0.11374578364208711, -0.11687769656990686, 0.1559687989960963], [-1.3615868932629551, -0.1722865228375471, -0.02740959051341792, -0.21718551528937877, 0.1644476444874511, -0.2557987229937046, 0.04850210891626606, 19.077050547514762, 0.19572105281918856, 0.12269677246962206, 0.18503722166809175, -0.17922549250917494, 0.2521096568377644, -0.449747071466332], [1.635809895770716, 0.14791334517047347, -0.08704256341770016, 0.022226212855660656, -0.36655098120886315, 0.2817453409918018, -0.06585588495122568, 0.19572105281918856, 19.27959459448084, -0.04367592796403972, -0.12274584482707959, 0.21729291960247987, -0.2420803884438203, 0.5014180538407419], [-0.2963749886076842, 0.2508870979149429, -0.055045336389078055, 0.00920599410317552, -0.17931379838123498, 0.24218460377172735, 0.02668112786176308, 0.12269677246962206, -0.04367592796403972, 25.36845102649963, 0.28855978595173004, 0.24674687819112245, 0.0951473075264979, -0.03071679626902358], [0.11340192748309254, 0.2782707229781466, -0.042275024375024665, -0.056853827204681615, -0.13526776529155016, 0.18033986286573392, 0.12132815748696349, 0.18503722166809175, -0.12274584482707959, 0.28855978595173004, 19.79883108930059, 0.12139091130342833, 0.18881777634325533, 0.15663753895749793], [-1.4295522377782153, 0.002552507044008832, -0.045678867426871515, -0.10406137857244192, 0.0013671311953325279, 0.015990239870242846, 0.11374578364208711, -0.17922549250917494, 0.21729291960247987, 0.24674687819112245, 0.12139091130342833, 19.34943374079066, 0.059699255421179105, -0.46567860106106634], [0.8757463136970387, 0.13033489381083838, -0.02843828778222315, -0.1375727639643808, -0.16139677908865768, 0.27804104909741784, -0.11687769656990686, 0.2521096568377644, -0.2420803884438203, 0.0951473075264979, 0.18881777634325533, 0.059699255421179105, 19.200190660709207, 0.23565375820934586], [-1.6604904912008511, -0.39900609533329506, 0.15664889992901773, -0.3034304832986033, 0.2928725902883409, -0.482834121433558, 0.1559687989960963, -0.449747071466332, 0.5014180538407419, -0.03071679626902358, 0.15663753895749793, -0.46567860106106634, 0.23565375820934586, 19.20287266987118]]",
    "monomial_list": "[1, x9, x8, x7, x6, x5, x4, x3, x2, x13, x12, x11, x10, x1]"
}