{
    "name": "Multiplier-6",
    "rational_expression": "18147*x1**2/1000 + 15333*x1*x10/50000 - 11517*x1*x11/10000 - 13711*x1*x12/250000 - 6083*x1*x13/25000 + 3301*x1*x2/2500 - x1*x3 + 32219*x1*x4/100000 - 9809*x1*x5/10000 + 3917*x1*x6/6250 - 9249*x1*x7/5000 + 3367*x1*x8/12500 - 8629*x1*x9/10000 - 2093*x1/2500 + 9131*x10**2/500 - 31629*x10*x11/1000000 + 1811*x10*x12/62500 + 577*x10*x13/25000 - 688*x10*x2/625 + 11047*x10*x3/25000 - 84053*x10*x4/100000 + 43611*x10*x5/100000 + 12617*x10*x6/25000 + 23963*x10*x7/100000 - 19319*x10*x8/100000 + 27343*x10*x9/100000 + 321*x10/100 + 17837*x11**2/1000 - 98437*x11*x12/1000000 - 47051*x11*x13/50000 + 82773*x11*x2/100000 - 7219*x11*x3/5000 + 1949*x11*x4/4000 - 7343*x11*x5/5000 + 2241*x11*x6/2000 - 10323*x11*x7/10000 + 21283*x11*x8/100000 - 15737*x11*x9/10000 - 797*x11/1000 + 9661*x12**2/500 - 3203*x12*x13/2500 - 5519*x12*x2/5000 + 47047*x12*x3/1000000 + 39967*x12*x4/500000 - 5451*x12*x5/12500 - 36947*x12*x6/10000 + 3321*x12*x7/4000 + 22883*x12*x8/50000 + 38961*x12*x9/500000 + 149*x12/1250 + 2246*x13**2/125 + 31403*x13*x2/100000 - 17803*x13*x3/25000 - 4271*x13*x4/25000 - 5219*x13*x5/5000 + 16177*x13*x6/5000 - 13843*x13*x7/100000 + 839*x13*x8/12500 - 10601*x13*x9/10000 + 379*x13/250 + 737*x2**2/40 + 3089*x2*x3/50000 - 2349*x2*x4/10000 + 68471*x2*x5/100000 + 14679*x2*x6/10000 + 2629*x2*x7/2000 - 3497*x2*x8/10000 + 24533*x2*x9/50000 + 3249*x2/1000 + 17857*x3**2/1000 + 11659*x3*x4/100000 - 7427*x3*x5/5000 + 15713*x3*x6/25000 - 8737*x3*x7/5000 - 433*x3*x8/4000 - 6677*x3*x9/5000 + 359*x3/1000 + 19139*x4**2/1000 - 6453*x4*x5/5000 + 11379*x4*x6/25000 + 1443*x4*x7/2500 - 11349*x4*x8/10000 + 25127*x4*x9/100000 + 2073*x4/1000 + 17767*x5**2/1000 + 11227*x5*x6/10000 - 3961*x5*x7/2500 + 6953*x5*x8/50000 - 13349*x5*x9/10000 + 1037*x5/1000 + 34461*x6**2/1000 - 18547*x6*x7/10000 - 33697*x6*x8/10000 + 25679*x6*x9/10000 + 3489*x6/1000 + 9321*x7**2/500 + 12887*x7*x8/10000 - 11273*x7*x9/10000 - 5921*x7/1000 + 953*x8**2/50 - 93689*x8*x9/100000 + 2391*x8/5000 + 2229*x9**2/125 + 1037*x9/1000 + 1246/125",
    "Q": "[[9.968161438324223, 0.5149842872480782, 0.23905947859962953, -2.9585827280193495, 1.7409527969628456, 0.516200677325172, 1.033552331979494, 0.1832437453807067, 1.6236405761043529, 0.7600067514844866, 0.05663635044981568, -0.4025043927996298, 1.6046835808604327, -0.42344487632904176], [0.5149842872480782, 17.83178465148649, -0.4672363360039777, -0.5693243696138682, 1.2844791364663086, -0.6723557529571068, 0.13089740999318747, -0.6704740898541017, 0.23889068304013517, -0.5239199729385425, 0.03519809685064099, -0.7786438554199597, 0.1284776316541748, -0.42921715701310603], [0.23905947859962953, -0.4672363360039777, 19.05937036432817, 0.6406432582482974, -1.6817318773327898, 0.07522167992088605, -0.5640755727078404, -0.056512701267781545, -0.1689922490280116, 0.03008432855253497, 0.22726784564063268, 0.10119769747415755, -0.09024680560180909, 0.12894156180695984], [-2.9585827280193495, -0.5693243696138682, 0.6406432582482974, 18.640764286763805, -0.9198787677474122, -0.7983900544802218, 0.2872797572385358, -0.8676837497231886, 0.6657443796721155, -0.06585473324790385, 0.42380984037834324, -0.5167819511854902, 0.1223385608480625, -0.9279585026974204], [1.7409527969628456, 1.2844791364663086, -1.6817318773327898, -0.9198787677474122, 34.4588489883404, 0.565431059904266, 0.2226155302029169, 0.3127087990200143, 0.7303144018136972, 1.6079894625852833, -1.8536653353020023, 0.555669463633081, 0.2627025965024829, 0.32832411612057816], [0.516200677325172, -0.6723557529571068, 0.07522167992088605, -0.7983900544802218, 0.565431059904266, 17.767931437277987, -0.6463639743701729, -0.747599038370077, 0.3492245332915098, -0.5179922967228159, -0.21370568860657946, -0.7338311133079152, 0.22436086058349194, -0.4832943129816924], [1.033552331979494, 0.13089740999318747, -0.5640755727078404, 0.2872797572385358, 0.2226155302029169, -0.6463639743701729, 19.137990090871032, 0.05859727067896351, -0.11736453891671865, -0.08195648397808918, 0.04041721020676171, 0.23684300484877133, -0.4283260860426206, 0.16021823659952655], [0.1832437453807067, -0.6704740898541017, -0.056512701267781545, -0.8676837497231886, 0.3127087990200143, -0.747599038370077, 0.05859727067896351, 17.85676059185373, 0.037510071280908684, -0.35048613175400445, 0.03178606145090291, -0.7269978107277489, 0.21472378486159813, -0.4929867888016194], [1.6236405761043529, 0.23889068304013517, -0.1689922490280116, 0.6657443796721155, 0.7303144018136972, 0.3492245332915098, -0.11736453891671865, 0.037510071280908684, 18.425930586486047, 0.15952605967523628, -0.5450573784238005, 0.4208839087894225, -0.5560447063049575, 0.6602027569988681], [0.7600067514844866, -0.5239199729385425, 0.03008432855253497, -0.06585473324790385, 1.6079894625852833, -0.5179922967228159, -0.08195648397808918, -0.35048613175400445, 0.15952605967523628, 17.966131315045917, -0.6408258879922545, -0.4758700343371094, 0.011124143326023827, -0.12451516726728265], [0.05663635044981568, 0.03519809685064099, 0.22726784564063268, 0.42380984037834324, -1.8536653353020023, -0.21370568860657946, 0.04041721020676171, 0.03178606145090291, -0.5450573784238005, -0.6408258879922545, 19.322003018431644, -0.05293427639880194, 0.006302967917434875, -0.037762460228220496], [-0.4025043927996298, -0.7786438554199597, 0.10119769747415755, -0.5167819511854902, 0.555669463633081, -0.7338311133079152, 0.23684300484877133, -0.7269978107277489, 0.4208839087894225, -0.4758700343371094, -0.05293427639880194, 17.836950760475652, -0.016982153644229097, -0.5745413312820308], [1.6046835808604327, 0.1284776316541748, -0.09024680560180909, 0.1223385608480625, 0.2627025965024829, 0.22436086058349194, -0.4283260860426206, 0.21472378486159813, -0.5560447063049575, 0.011124143326023827, 0.006302967917434875, -0.016982153644229097, 18.263086091402684, 0.15371023993116145], [-0.42344487632904176, -0.42921715701310603, 0.12894156180695984, -0.9279585026974204, 0.32832411612057816, -0.4832943129816924, 0.16021823659952655, -0.4929867888016194, 0.6602027569988681, -0.12451516726728265, -0.037762460228220496, -0.5745413312820308, 0.15371023993116145, 18.14797867976928]]",
    "monomial_list": "[1, x9, x8, x7, x6, x5, x4, x3, x2, x13, x12, x11, x10, x1]"
}