{
    "name": "Multiplier-4",
    "rational_expression": "8643*x1**2/500 + 5631*x1*x10/5000 - 7973*x1*x11/5000 + 14941*x1*x12/50000 - 15513*x1*x13/100000 + 23051*x1*x2/10000 - 8661*x1*x3/5000 + 20629*x1*x4/10000 - 19249*x1*x5/10000 + 5047*x1*x6/5000 - 241*x1*x7/250 + 98001*x1*x8/100000 - 131*x1*x9/100 - 2219*x1/1000 + 17591*x10**2/1000 - 2063*x10*x11/2000 + 5771*x10*x12/6250 - 1013*x10*x13/1000 - 609*x10*x2/500 + 55743*x10*x3/100000 + 82271*x10*x4/1000000 + 1831*x10*x5/3125 - 62433*x10*x6/100000 - 86147*x10*x7/100000 + 15209*x10*x8/25000 - 261*x10*x9/625 + 4123*x10/1000 + 4189*x11**2/250 - 2101*x11*x12/3125 - 7673*x11*x13/5000 + 23857*x11*x2/50000 - 10931*x11*x3/5000 + 9513*x11*x4/5000 - 24033*x11*x5/10000 - 39473*x11*x6/100000 - 17467*x11*x7/10000 - 65933*x11*x8/100000 - 11771*x11*x9/5000 + 4377*x11/5000 + 957*x12**2/50 - 5401*x12*x13/2500 - 36433*x12*x2/100000 + 5459*x12*x3/50000 + 30249*x12*x4/10000 - 727*x12*x5/625 - 6611*x12*x6/5000 - 1951*x12*x7/12500 + 35891*x12*x8/100000 - 18663*x12*x9/1000000 + 4111*x12/1000 + 2116*x13**2/125 - 57657*x13*x2/100000 - 12173*x13*x3/12500 - 9179*x13*x4/10000 - 3041*x13*x5/2500 - 24841*x13*x6/50000 - 2777*x13*x7/2500 - 5391*x13*x8/10000 - 16449*x13*x9/10000 + 2289*x13/1000 + 9131*x2**2/500 + 10967*x2*x3/125000 + 25909*x2*x4/10000 + 1317*x2*x5/6250 - 3261*x2*x6/2500 + 10913*x2*x7/100000 - 32937*x2*x8/100000 + 7349*x2*x9/25000 + 7149*x2/1000 + 8321*x3**2/500 + 2721*x3*x4/2000 - 5451*x3*x5/2000 + 24271*x3*x6/100000 - 17031*x3*x7/10000 - 25729*x3*x8/100000 - 10739*x3*x9/5000 - 1401*x3/10000 + 8447*x4**2/250 - 544*x4*x5/125 - 33*x4*x6/200 + 4883*x4*x7/6250 - 2273*x4*x8/2000 + 28697*x4*x9/10000 + 1609*x4/250 + 681*x5**2/40 + 17007*x5*x6/50000 - 8207*x5*x7/5000 + 771*x5*x8/1250 - 23223*x5*x9/10000 - 2593*x5/1000 + 18387*x6**2/1000 - 11089*x6*x7/5000 - 3529*x6*x8/2000 - 5337*x6*x9/1250000 + 139*x6/25 + 8273*x7**2/500 - 14031*x7*x8/50000 - 15581*x7*x9/10000 + 139*x7/100 + 18747*x8**2/1000 - 751*x8*x9/400 + 619*x8/200 + 16743*x9**2/1000 + 73*x9/50 + 146/25",
    "Q": "[[5.839712620023047, 0.727930078631803, 1.5460832713122246, 0.6960895917785295, 2.7823462243715706, -1.2958110006594117, 3.2153454144378766, -0.06999222465987118, 3.5734343050421953, 1.1419390054728014, 2.0579686961154997, 0.4368583639879183, 2.0597311767556294, -1.1091416856636431], [0.727930078631803, 16.74233734039285, -0.9407224189247679, -0.7850720970509377, -0.010802621494084978, -1.1673808077986418, 1.4284630250167851, -1.0805182147677357, 0.13918406668704392, -0.8224612896214737, -0.00639150297733795, -1.172408593932853, -0.20634651949349114, -0.6533501080814503], [1.5460832713122246, -0.9407224189247679, 18.74661067845128, -0.13831172833265998, -0.8912155776086944, 0.3168205004690531, -0.5702560425861487, -0.13236037507683474, -0.16507002119492759, -0.2710041693688445, 0.18339684570782613, -0.33821973202460615, 0.3077153396724798, 0.484474321422093], [0.6960895917785295, -0.7850720970509377, -0.13831172833265998, 16.547077086104675, -1.11141935942633, -0.8174678052614656, 0.38274615365891, -0.8561952861580345, 0.05721197088231364, -0.5513174596576587, -0.07090228882515728, -0.8787379881126365, -0.43000098530351144, -0.4894006882153069], [2.7823462243715706, -0.010802621494084978, -0.8912155776086944, -1.11141935942633, 18.392348633765806, 0.1679994993419253, -0.08562644654463, 0.11637595466743984, -0.6550849100790244, -0.24536473655279065, -0.6610298171574421, -0.1994774436376437, -0.3050412322116234, 0.5081288989388737], [-1.2958110006594117, -1.1673808077986418, 0.3168205004690531, -0.8174678052614656, 0.1679994993419253, 17.025458076652637, -2.181707364381329, -1.3618603996962424, 0.1133836647447592, -0.6102646808598942, -0.5892777732073399, -1.1931265620054716, 0.2857628506780108, -0.9639499489768577], [3.2153454144378766, 1.4284630250167851, -0.5702560425861487, 0.38274615365891, -0.08562644654463, -2.181707364381329, 33.78677695314476, 0.6922320324941449, 1.2806049240890751, -0.4478106099652749, 1.526870210509679, 0.9441730154415525, 0.040939091726744085, 1.0354403636163878], [-0.06999222465987118, -1.0805182147677357, -0.13236037507683474, -0.8561952861580345, 0.11637595466743984, -1.3618603996962424, 0.6922320324941449, 16.6433762494675, 0.05192215268754462, -0.48371838738185297, 0.05215926336972961, -1.0934905130887744, 0.28823602805463516, -0.8589294765833614], [3.5734343050421953, 0.13918406668704392, -0.16507002119492759, 0.05721197088231364, -0.6550849100790244, 0.1133836647447592, 1.2806049240890751, 0.05192215268754462, 18.263509755735186, -0.28354335553186527, -0.17996194493995682, 0.24180643815007616, -0.6166184205800134, 1.1535643095570705], [1.1419390054728014, -0.8224612896214737, -0.2710041693688445, -0.5513174596576587, -0.24536473655279065, -0.6102646808598942, -0.4478106099652749, -0.48371838738185297, -0.28354335553186527, 16.924437239415056, -1.0842524700663596, -0.7708524069637871, -0.5122856912238161, -0.07460847467705504], [2.0579686961154997, -0.00639150297733795, 0.18339684570782613, -0.07090228882515728, -0.6610298171574421, -0.5892777732073399, 1.526870210509679, 0.05215926336972961, -0.17996194493995682, -1.0842524700663596, 19.141307357430186, -0.3412737644994106, 0.46687707660231276, 0.15804135795220353], [0.4368583639879183, -1.172408593932853, -0.33821973202460615, -0.8787379881126365, -0.1994774436376437, -1.1931265620054716, 0.9441730154415525, -1.0934905130887744, 0.24180643815007616, -0.7708524069637871, -0.3412737644994106, 16.756365886846957, -0.5081860279650148, -0.8043620736622138], [2.0597311767556294, -0.20634651949349114, 0.3077153396724798, -0.43000098530351144, -0.3050412322116234, 0.2857628506780108, 0.040939091726744085, 0.28823602805463516, -0.6166184205800134, -0.5122856912238161, 0.46687707660231276, -0.5081860279650148, 17.58848619994178, 0.5631141502317484], [-1.1091416856636431, -0.6533501080814503, 0.484474321422093, -0.4894006882153069, 0.5081288989388737, -0.9639499489768577, 1.0354403636163878, -0.8589294765833614, 1.1535643095570705, -0.07460847467705504, 0.15804135795220353, -0.8043620736622138, 0.5631141502317484, 17.287503796480998]]",
    "monomial_list": "[1, x9, x8, x7, x6, x5, x4, x3, x2, x13, x12, x11, x10, x1]"
}