{
    "name": "Multiplier-5",
    "rational_expression": "19757*x1**2/1000 - 2821*x1*x10/25000 + 9783*x1*x11/10000 + 15037*x1*x12/50000 + 521*x1*x13/500 - 40091*x1*x2/1000000 + 17741*x1*x3/20000 + 15877*x1*x4/20000 + 96783*x1*x5/100000 + 6673*x1*x6/50000 + 99823*x1*x7/100000 + 2137*x1*x8/20000 + 10207*x1*x9/10000 - 18019*x1/10000 + 9767*x10**2/500 - 4249*x10*x11/2500 + 97*x10*x12/800 - 6469*x10*x13/5000 + 6737*x10*x2/20000 - 10619*x10*x3/10000 - 27801*x10*x4/100000 - 12681*x10*x5/10000 - 177*x10*x6/1250 - 17549*x10*x7/10000 + 4329*x10*x8/100000 - 14549*x10*x9/10000 + 6697*x10/5000 + 4997*x11**2/250 - 73273*x11*x12/100000 + 60691*x11*x13/100000 - 4193*x11*x2/2000 + 6159*x11*x3/5000 - 10917*x11*x4/50000 + 12197*x11*x5/10000 - 15219*x11*x6/10000 + 2041*x11*x7/2000 - 11809*x11*x8/10000 + 97503*x11*x9/100000 + 38801*x11/10000 + 19731*x12**2/1000 - 11567*x12*x13/12500 + 5773*x12*x2/50000 - 6073*x12*x3/25000 + 11849*x12*x4/25000 - 1983*x12*x5/6250 - 6719*x12*x6/50000 - 38691*x12*x7/50000 + 9437*x12*x8/2000000 - 9333*x12*x9/20000 + 50827*x12/100000 + 2439*x13**2/125 - 16577*x13*x2/10000 + 89337*x13*x3/100000 - 3717*x13*x4/12500 + 18969*x13*x5/25000 - 1757*x13*x6/1250 + 13657*x13*x7/50000 - 94281*x13*x8/100000 + 47513*x13*x9/100000 + 17793*x13/5000 + 20013*x2**2/1000 - 9231*x2*x3/5000 - 15937*x2*x4/250000 - 29*x2*x5/16 + 2099*x2*x6/62500 - 22113*x2*x7/10000 + 31331*x2*x8/100000 - 19829*x2*x9/10000 + 8079*x2/5000 + 3993*x3**2/200 + 75707*x3*x4/1000000 + 1701*x3*x5/1250 - 12369*x3*x6/12500 + 2811*x3*x7/2500 - 10927*x3*x8/12500 + 573*x3*x9/500 + 22643*x3/10000 + 10007*x4**2/500 + 35467*x4*x5/100000 - 1259*x4*x6/5000 - 47207*x4*x7/100000 - 17603*x4*x8/50000 - 22823*x4*x9/100000 + 573*x4/400 + 12991*x5**2/500 - 2297*x5*x6/2000 + 1357*x5*x7/1250 - 5729*x5*x8/5000 + 10293*x5*x9/10000 + 13859*x5/10000 + 3861*x6**2/200 - 19849*x6*x7/10000 - 29737*x6*x8/100000 - 6781*x6*x9/5000 + 6119*x6/2500 + 19773*x7**2/1000 - 12217*x7*x8/10000 + 39867*x7*x9/50000 + 22643*x7/5000 + 9793*x8**2/500 - 3483*x8*x9/2500 + 20331*x8/10000 + 19869*x9**2/1000 + 41113*x9/10000 + 231/10",
    "Q": "[[23.100107093188296, 2.044535182765303, 1.0211585179302154, 2.2732292044456592, 1.2213837002063257, 0.6821741699882682, 0.7221579878170277, 1.1238521824908256, 0.804467909818759, 1.7772876903417554, 0.24855863938060782, 1.9303925956095065, 0.6726519936870394, -0.8941695139124112], [2.044535182765303, 19.866563354867612, -0.6936530003130108, 0.3898151478620499, -0.6825523830881073, 0.5223165985620163, -0.11029919994996562, 0.5624183950516838, -0.9878730047417655, 0.22694941922550413, -0.23355071111747372, 0.47698442027902843, -0.7261721991841722, 0.505842460295182], [1.0211585179302154, -0.6936530003130108, 19.58626933784228, -0.6070506208070551, -0.15133823678063557, -0.5648661318978353, -0.18443947513776865, -0.44613372958300973, 0.15241312858358375, -0.470013298536718, 0.004851879536476168, -0.5838166411357718, 0.014289978481681452, 0.058310010920944864], [2.2732292044456592, 0.3898151478620499, -0.6070506208070551, 19.77419639176167, -0.9936327870572694, 0.5325362471357693, -0.24311006974442215, 0.5541410644609653, -1.0986145853015885, 0.14357030539264157, -0.3872780677070991, 0.5011415048260626, -0.8705581133208844, 0.4972115118031692], [1.2213837002063257, -0.6825523830881073, -0.15133823678063557, -0.9936327870572694, 19.304989729230304, -0.5759670151118162, -0.13170424525044935, -0.5013866092951709, 0.014749231807751999, -0.7064911195259277, -0.07090079147333192, -0.7695233471718476, -0.06962520775318216, 0.06291810073602123], [0.6821741699882682, 0.5223165985620163, -0.5648661318978353, 0.5325362471357693, -0.5759670151118162, 25.98080796294311, 0.19082338699835347, 0.6887020933961713, -0.9161580767869986, 0.3832506518341475, -0.15674757914331727, 0.6033008112635618, -0.623744734101146, 0.49383249244529254], [0.7221579878170277, -0.11029919994996562, -0.18443947513776865, -0.24311006974442215, -0.13170424525044935, 0.19082338699835347, 20.015221945235538, 0.04689053158500154, -0.031428249265804196, -0.1478727891451595, 0.23877687013651014, -0.10358283247203692, -0.13911378041563394, 0.38817437489415424], [1.1238521824908256, 0.5624183950516838, -0.44613372958300973, 0.5541410644609653, -0.5013866092951709, 0.6887020933961713, 0.04689053158500154, 19.9648898255868, -0.9150113590183099, 0.4524371231071381, -0.12515160101084968, 0.6201719113478644, -0.5326156513346421, 0.436949306418438], [0.804467909818759, -0.9878730047417655, 0.15241312858358375, -1.0986145853015885, 0.014749231807751999, -0.9161580767869986, -0.031428249265804196, -0.9150113590183099, 20.01082530443997, -0.8338929666391801, 0.06719422067735839, -1.0527100125497024, 0.17531398706018592, -0.02101442496446577], [1.7772876903417554, 0.22694941922550413, -0.470013298536718, 0.14357030539264157, -0.7064911195259277, 0.3832506518341475, -0.1478727891451595, 0.4524371231071381, -0.8338929666391801, 19.51161943288982, -0.4557523920965286, 0.3001003120989328, -0.6550263996518072, 0.5177190341670208], [0.24855863938060782, -0.23355071111747372, 0.004851879536476168, -0.3872780677070991, -0.07090079147333192, -0.15674757914331727, 0.23877687013651014, -0.12515160101084968, 0.06719422067735839, -0.4557523920965286, 19.7305544171418, -0.37482368344099404, 0.05205965473143865, 0.14885163974285015], [1.9303925956095065, 0.47698442027902843, -0.5838166411357718, 0.5011415048260626, -0.7695233471718476, 0.6033008112635618, -0.10358283247203692, 0.6201719113478644, -1.0527100125497024, 0.3001003120989328, -0.37482368344099404, 19.98713336963755, -0.8551308020321499, 0.4833673806194259], [0.6726519936870394, -0.7261721991841722, 0.014289978481681452, -0.8705581133208844, -0.06962520775318216, -0.623744734101146, -0.13911378041563394, -0.5326156513346421, 0.17531398706018592, -0.6550263996518072, 0.05205965473143865, -0.8551308020321499, 19.533718409013428, -0.05938506119775826], [-0.8941695139124112, 0.505842460295182, 0.058310010920944864, 0.4972115118031692, 0.06291810073602123, 0.49383249244529254, 0.38817437489415424, 0.436949306418438, -0.02101442496446577, 0.5177190341670208, 0.14885163974285015, 0.4833673806194259, -0.05938506119775826, 19.755528203727216]]",
    "monomial_list": "[1, x9, x8, x7, x6, x5, x4, x3, x2, x13, x12, x11, x10, x1]"
}