{
    "name": "Multiplier-7",
    "rational_expression": "1951*x1**2/100 + 2133*x1*x10/5000 - 2709*x1*x11/20000 + 1111*x1*x12/5000 + 13457*x1*x13/100000 + 59693*x1*x2/100000 - 24333*x1*x3/100000 + 10299*x1*x4/100000 - 30193*x1*x5/100000 + 98311*x1*x6/100000 + 28751*x1*x7/50000 + 12901*x1*x8/50000 - 14921*x1*x9/100000 - 24789*x1/10000 + 19299*x10**2/1000 - 23129*x10*x11/50000 - 6453*x10*x12/20000 - 31673*x10*x13/100000 - 1587*x10*x2/5000 + 3181*x10*x3/25000 - 21529*x10*x4/100000 - 2483*x10*x5/20000 - 13771*x10*x6/50000 - 40111*x10*x7/100000 - 46309*x10*x8/100000 - 11153*x10*x9/50000 + 15981*x10/10000 + 2421*x11**2/125 - 21959*x11*x12/50000 - 9641*x11*x13/25000 - 77067*x11*x2/100000 - 2019*x11*x3/20000 - 52171*x11*x4/100000 - 15149*x11*x5/50000 - 5611*x11*x6/125000 + 87977*x11*x7/100000 - 57303*x11*x8/100000 - 2689*x11*x9/6250 + 5197*x11/5000 + 19439*x12**2/1000 - 18969*x12*x13/25000 - 4511*x12*x2/10000 - 80167*x12*x3/1000000 - 1067*x12*x4/5000 - 8631*x12*x5/25000 - 18119*x12*x6/50000 - 5287*x12*x7/10000 - 45647*x12*x8/100000 - 16349*x12*x9/100000 + 5697*x12/2500 + 19251*x13**2/1000 - 23499*x13*x2/50000 - 474*x13*x3/3125 - 8883*x13*x4/25000 - 36947*x13*x5/100000 - 23449*x13*x6/50000 - 2731*x13*x7/25000 - 35307*x13*x8/100000 - 5397*x13*x9/10000 + 25569*x13/10000 + 19541*x2**2/1000 - 52143*x2*x3/100000 - 13131*x2*x4/1000000 - 61033*x2*x5/100000 - 2749*x2*x6/4000 - 2857*x2*x7/2500 - 5297*x2*x8/12500 - 26863*x2*x9/50000 + 26399*x2/10000 + 2416*x3**2/125 - 22509*x3*x4/50000 - 44737*x3*x5/100000 + 9003*x3*x6/20000 + 17301*x3*x7/20000 - 38297*x3*x8/100000 - 32777*x3*x9/100000 - 63923*x3/100000 + 2437*x4**2/125 - 11949*x4*x5/10000 - 43023*x4*x6/100000 - 14251*x4*x7/20000 - 7201*x4*x8/12500 - 2269*x4*x9/5000 + 1559*x4/1000 + 1919*x5**2/100 + 71251*x5*x6/1000000 + 17607*x5*x7/25000 - 28157*x5*x8/50000 - 59757*x5*x9/100000 + 27997*x5/50000 + 19407*x6**2/1000 + 27663*x6*x7/50000 - 58899*x6*x8/100000 - 54611*x6*x9/1000000 + 60361*x6/10000 + 5209*x7**2/200 - 71489*x7*x8/100000 + 19479*x7*x9/50000 + 2957*x7/2000 + 9651*x8**2/500 - 4793*x8*x9/6250 + 26789*x8/10000 + 19209*x9**2/1000 + 11589*x9/10000 + 19987/1000",
    "Q": "[[19.987488582967792, 0.5888653739503361, 1.3455807304124408, 0.7431254848044458, 3.0264515813010266, 0.28761751550481596, 0.7740133821923064, -0.32650034081613777, 1.312497900337634, 1.2784080633790575, 1.144166664081542, 0.5280286931713312, 0.793378488735062, -1.2371911889764844], [0.5888653739503361, 19.20908230362558, -0.38890542514551024, 0.19541030275817814, -0.02594854582098621, -0.29829348340137773, -0.22000128360363685, -0.15700802256190882, -0.27227532312268166, -0.26256103416778287, -0.08418886822781904, -0.2105620078732594, -0.11473309157971884, -0.07550006368978097], [1.3455807304124408, -0.38890542514551024, 19.302952234733816, -0.3552697693961493, -0.28817125365919877, -0.28548540782378695, -0.29478131571180194, -0.18238116923532743, -0.20760340949911796, -0.18380852088075791, -0.23597646855918822, -0.2762597694991109, -0.22961211423314137, 0.13070348738802548], [0.7431254848044458, 0.19541030275817814, -0.3552697693961493, 26.04588563304082, 0.2763296921364781, 0.3472992817393255, -0.35544221819329563, 0.4441489485266496, -0.5762820900779384, -0.04809816812035655, -0.2569278206797802, 0.42804905968596363, -0.20107541166695478, 0.2918371960463609], [3.0264515813010266, -0.02594854582098621, -0.28817125365919877, 0.2763296921364781, 19.40921924572327, 0.0384791102526902, -0.21628243280308895, 0.2173264201792824, -0.35003403574363107, -0.22776683820664237, -0.17058230275737776, -0.016888888139906178, -0.12880842928371217, 0.48229217712079053], [0.28761751550481596, -0.29829348340137773, -0.28548540782378695, 0.3472992817393255, 0.0384791102526902, 19.19034976143846, -0.6055683322070139, -0.22462808019286667, -0.3035800044025827, -0.1763656295161076, -0.17842220262663488, -0.15209491617362914, -0.05822795300328348, -0.14384270097579074], [0.7740133821923064, -0.22000128360363685, -0.29478131571180194, -0.35544221819329563, -0.21628243280308895, -0.6055683322070139, 19.49565350453345, -0.21855784953910873, -0.01105248337051294, -0.1735076201377072, -0.10185623447163196, -0.2527880466730195, -0.10116745677685045, 0.06162508229654237], [-0.32650034081613777, -0.15700802256190882, -0.18238116923532743, 0.4441489485266496, 0.2173264201792824, -0.22462808019286667, -0.21855784953910873, 19.32816881308761, -0.2593348245739539, -0.08040571059075459, -0.045095868392016014, -0.04729826834027966, 0.06711232219799027, -0.11446649374652025], [1.312497900337634, -0.27227532312268166, -0.20760340949911796, -0.5762820900779384, -0.35003403574363107, -0.3035800044025827, -0.01105248337051294, -0.2593348245739539, 19.539764320179316, -0.23841577114308798, -0.21784357216508463, -0.3794521471709119, -0.1679648935598886, 0.30575693587086056], [1.2784080633790575, -0.26256103416778287, -0.18380852088075791, -0.04809816812035655, -0.22776683820664237, -0.1763656295161076, -0.1735076201377072, -0.08040571059075459, -0.23841577114308798, 19.250029676303893, -0.3730191545231147, -0.1943552861268411, -0.16461044684413925, 0.0667422363121504], [1.144166664081542, -0.08418886822781904, -0.23597646855918822, -0.2569278206797802, -0.17058230275737776, -0.17842220262663488, -0.10185623447163196, -0.045095868392016014, -0.21784357216508463, -0.3730191545231147, 19.438552322598564, -0.21913106600415652, -0.1521481454324072, 0.10871976738124921], [0.5280286931713312, -0.2105620078732594, -0.2762597694991109, 0.42804905968596363, -0.016888888139906178, -0.15209491617362914, -0.2527880466730195, -0.04729826834027966, -0.3794521471709119, -0.1943552861268411, -0.21913106600415652, 19.36690831416808, -0.23987343101344652, -0.07236966832973879], [0.793378488735062, -0.11473309157971884, -0.22961211423314137, -0.20107541166695478, -0.12880842928371217, -0.05822795300328348, -0.10116745677685045, 0.06711232219799027, -0.1679648935598886, -0.16461044684413925, -0.1521481454324072, -0.23987343101344652, 19.298726796791843, 0.20687456972901516], [-1.2371911889764844, -0.07550006368978097, 0.13070348738802548, 0.2918371960463609, 0.48229217712079053, -0.14384270097579074, 0.06162508229654237, -0.11446649374652025, 0.30575693587086056, 0.0667422363121504, 0.10871976738124921, -0.07236966832973879, 0.20687456972901516, 19.50876284599233]]",
    "monomial_list": "[1, x9, x8, x7, x6, x5, x4, x3, x2, x13, x12, x11, x10, x1]"
}