{
    "name": "Multiplier-12",
    "rational_expression": "17207*x1**2/1000 + 11133*x1*x10/10000 - 8809*x1*x11/5000 + 2819*x1*x12/2000 - 6207*x1*x13/20000 + 14023*x1*x2/5000 - 8471*x1*x3/5000 + 32091*x1*x4/50000 - 19467*x1*x5/10000 + 1073*x1*x6/1000 - 10667*x1*x7/10000 + 10693*x1*x8/10000 - 14411*x1*x9/10000 - 1413*x1/500 + 73*x10**2/4 - 7311*x10*x11/5000 + 41713*x10*x12/10000 - 1803*x10*x13/1000 - 1267*x10*x2/2500 + 53339*x10*x3/100000 + 31651*x10*x4/100000 + 22961*x10*x5/250000 - 82241*x10*x6/100000 - 67939*x10*x7/100000 + 15729*x10*x8/10000 - 72839*x10*x9/100000 + 6311*x10/1000 + 16571*x11**2/1000 - 16329*x11*x12/10000 - 14451*x11*x13/10000 - 1349*x11*x2/10000 - 22973*x11*x3/10000 - 34397*x11*x4/100000 - 10591*x11*x5/5000 - 28149*x11*x6/50000 - 9343*x11*x7/5000 - 2641*x11*x8/2500 - 11963*x11*x9/5000 - 1009*x11/5000 + 33531*x12**2/1000 - 5353*x12*x13/1000 + 813*x12*x2/625 + 83729*x12*x3/100000 + 2923*x12*x4/1000 - 6213*x12*x5/5000 - 18271*x12*x6/5000 + 21861*x12*x7/10000 + 10161*x12*x8/2000 - 94151*x12*x9/100000 + 1211*x12/250 + 16933*x13**2/1000 - 4973*x13*x2/6250 - 12343*x13*x3/10000 - 12321*x13*x4/10000 - 7269*x13*x5/5000 - 18047*x13*x6/50000 - 12863*x13*x7/10000 - 11491*x13*x8/10000 - 18397*x13*x9/10000 + 693*x13/500 + 18369*x2**2/1000 - 29283*x2*x3/100000 + 83601*x2*x4/100000 + 52139*x2*x5/100000 - 3929*x2*x6/5000 - 13043*x2*x7/100000 + 24679*x2*x8/25000 - 29139*x2*x9/50000 + 6499*x2/1000 + 16421*x3**2/1000 - 7841*x3*x4/50000 - 27939*x3*x5/10000 + 9249*x3*x6/1000000 - 2281*x3*x7/1250 - 27711*x3*x8/100000 - 11267*x3*x9/5000 - 76*x3/625 + 19121*x4**2/1000 - 26487*x4*x5/10000 - 24957*x4*x6/25000 - 15817*x4*x7/100000 + 56067*x4*x8/1000000 - 10003*x4*x9/25000 + 5019*x4/1000 + 8111*x5**2/500 - 404*x5*x6/78125 - 3253*x5*x7/2000 - 3707*x5*x8/10000 - 21637*x5*x9/10000 + 1009*x5/5000 + 18417*x6**2/1000 - 4889*x6*x7/2000 - 4191*x6*x8/2500 - 9723*x6*x9/25000 + 1203*x6/200 + 16287*x7**2/1000 - 8191*x7*x8/20000 - 7879*x7*x9/5000 + 693*x7/500 + 9599*x8**2/500 - 20589*x8*x9/10000 + 1063*x8/200 + 8271*x9**2/500 + 21*x9/20 + 841/125",
    "Q": "[[6.727804047886098, 0.527763907390192, 2.658067628637919, 0.6929249019838277, 3.0081214308448954, 0.10242140720971268, 2.5076432335063505, -0.06124885008942765, 3.247094811086055, 0.6896731961350717, 2.420664514012779, -0.10348375971272453, 3.1563498588821592, -1.4129167413082895], [0.527763907390192, 16.541998345022478, -1.0238469515436632, -0.7858203334833985, -0.19182779999474392, -1.0777222352847973, -0.19427954690899002, -1.1227948442681155, -0.28413202690607803, -0.9276817643347238, -0.46501536456135095, -1.1941910027022575, -0.35768872449276495, -0.7281554553250744], [2.658067628637919, -1.0238469515436632, 19.198681876046386, -0.19922200290631606, -0.8372294437051777, -0.18831908555282603, 0.031331468938179986, -0.13932724580772018, 0.48963000457747285, -0.5661785472414372, 2.5335613945587596, -0.5211766342279689, 0.7903828624441749, 0.5323885998597823], [0.6929249019838277, -0.7858203334833985, -0.19922200290631606, 16.28559917724276, -1.2244015188958148, -0.8066491722043652, -0.08582275154165576, -0.9138569031790076, -0.06383961571022212, -0.6415002728085916, 1.0905565726614568, -0.9347927785662206, -0.33285315505816465, -0.5350159215576225], [3.0081214308448954, -0.19182779999474392, -0.8372294437051777, -1.2244015188958148, 18.417102810501174, -0.0014694063933314986, -0.49660970844730706, 0.011962143491491568, -0.39141039807883926, -0.18379070624684368, -1.82572102711949, -0.28129997173316346, -0.4037879777508543, 0.5341742009057482], [0.10242140720971268, -1.0777222352847973, -0.18831908555282603, -0.8066491722043652, -0.0014694063933314986, 16.220933194715368, -1.3301776117648574, -1.3913930702026052, 0.2533389076924527, -0.7195893325405103, -0.6238270521865673, -1.0663432670385742, 0.04540598315331816, -0.9675507011458901], [2.5076432335063505, -0.19427954690899002, 0.031331468938179986, -0.08582275154165576, -0.49660970844730706, -1.3301776117648574, 19.12015602679109, -0.07565004928695855, 0.417609935735797, -0.6229092444298288, 1.4609565248537593, -0.1650305253428083, 0.15925381493974644, 0.3210467168303764], [-0.06124885008942765, -1.1227948442681155, -0.13932724580772018, -0.9138569031790076, 0.011962143491491568, -1.3913930702026052, -0.07565004928695855, 16.419212912330078, -0.14475108122264763, -0.6133676739597259, 0.41354165024250017, -1.1499422144357256, 0.2623200964002006, -0.8549498931348153], [3.247094811086055, -0.28413202690607803, 0.48963000457747285, -0.06383961571022212, -0.39141039807883926, 0.2533389076924527, 0.417609935735797, -0.14475108122264763, 18.3656260682814, -0.4067203352808265, 0.6407360957127772, -0.06866088599571693, -0.2533866708075338, 1.4034718014888683], [0.6896731961350717, -0.9276817643347238, -0.5661785472414372, -0.6415002728085916, -0.18379070624684368, -0.7195893325405103, -0.6229092444298288, -0.6133676739597259, -0.4067203352808265, 16.93302148292802, -2.6807495753484334, -0.7238357905706363, -0.8966743578326266, -0.16242985488583978], [2.420664514012779, -0.46501536456135095, 2.5335613945587596, 1.0905565726614568, -1.82572102711949, -0.6238270521865673, 1.4609565248537593, 0.41354165024250017, 0.6407360957127772, -2.6807495753484334, 33.53070099199821, -0.8183816414374812, 2.075396557701291, 0.7190966477618893], [-0.10348375971272453, -1.1941910027022575, -0.5211766342279689, -0.9347927785662206, -0.28129997173316346, -1.0663432670385742, -0.1650305253428083, -1.1499422144357256, -0.06866088599571693, -0.7238357905706363, -0.8183816414374812, 16.570550653159003, -0.7294393183903817, -0.8830530814677928], [3.1563498588821592, -0.35768872449276495, 0.7903828624441749, -0.33285315505816465, -0.4037879777508543, 0.04540598315331816, 0.15925381493974644, 0.2623200964002006, -0.2533866708075338, -0.8966743578326266, 2.075396557701291, -0.7294393183903817, 18.244605534952456, 0.5565969353247611], [-1.4129167413082895, -0.7281554553250744, 0.5323885998597823, -0.5350159215576225, 0.5341742009057482, -0.9675507011458901, 0.3210467168303764, -0.8549498931348153, 1.4034718014888683, -0.16242985488583978, 0.7190966477618893, -0.8830530814677928, 0.5565969353247611, 17.208007013206583]]",
    "monomial_list": "[1, x9, x8, x7, x6, x5, x4, x3, x2, x13, x12, x11, x10, x1]"
}