{
    "name": "Multiplier-11",
    "rational_expression": "9707*x1**2/500 + 76949*x1*x10/100000 + 61951*x1*x11/100000 + 18881*x1*x12/50000 + 10449*x1*x13/12500 + 4627*x1*x2/6250 + 6229*x1*x3/25000 + 39919*x1*x4/500000 + 16323*x1*x5/100000 + 32101*x1*x6/50000 + 65101*x1*x7/100000 + 10273*x1*x8/25000 + 2633*x1*x9/4000 - 28549*x1/10000 + 767*x10**2/40 - 10661*x10*x11/100000 + 5427*x10*x12/20000 - 4527*x10*x13/6250 - 3189*x10*x2/6250 + 17697*x10*x3/100000 - 16281*x10*x4/50000 - 35977*x10*x5/1000000 - 14553*x10*x6/25000 - 2131*x10*x7/2500 - 14539*x10*x8/500000 - 48231*x10*x9/100000 + 32333*x10/10000 + 1017*x11**2/40 - 27507*x11*x12/100000 + 51169*x11*x13/100000 - 99183*x11*x2/100000 + 7071*x11*x3/10000 - 3921*x11*x4/5000 + 2853*x11*x5/5000 - 23897*x11*x6/50000 + 33673*x11*x7/50000 - 6157*x11*x8/10000 + 85159*x11*x9/100000 + 65911*x11/100000 + 19671*x12**2/1000 - 2297*x12*x13/2000 - 18271*x12*x2/250000 - 10711*x12*x3/100000 + 19033*x12*x4/200000 - 1017*x12*x5/2000 - 41331*x12*x6/100000 - 13951*x12*x7/25000 + 749*x12*x8/4000 - 44789*x12*x9/100000 + 24487*x12/10000 + 9611*x13**2/500 - 862*x13*x2/625 + 12307*x13*x3/20000 - 94627*x13*x4/100000 + 3931*x13*x5/10000 - 11163*x13*x6/10000 + 10987*x13*x7/50000 - 4571*x13*x8/5000 + 1163*x13*x9/3125 + 32333*x13/10000 + 19471*x2**2/1000 - 99717*x2*x3/100000 + 27*x2*x4/250 - 23557*x2*x5/25000 - 37631*x2*x6/50000 - 14889*x2*x7/10000 + 97227*x2*x8/10000000 - 14397*x2*x9/10000 + 21033*x2/5000 + 19287*x3**2/1000 - 68531*x3*x4/100000 - 36889*x3*x5/1000000 - 6351*x3*x6/25000 + 58331*x3*x7/100000 - 30997*x3*x8/50000 + 59281*x3*x9/100000 + 18777*x3/100000 + 4871*x4**2/250 - 1733*x4*x5/1000 - 14647*x4*x6/25000 - 5783*x4*x7/6250 - 40243*x4*x8/100000 - 46637*x4*x9/50000 + 14121*x4/5000 + 3829*x5**2/200 - 53371*x5*x6/100000 + 55011*x5*x7/100000 - 74913*x5*x8/100000 + 10109*x5*x9/25000 + 16631*x5/10000 + 9499*x6**2/500 - 16231*x6*x7/10000 - 67193*x6*x8/100000 - 40069*x6*x9/50000 + 26053*x6/5000 + 19349*x7**2/1000 - 581*x7*x8/625 + 12837*x7*x9/20000 + 32021*x7/10000 + 4871*x8**2/250 - 15139*x8*x9/10000 + 1419*x8/400 + 2433*x9**2/125 + 17263*x9/10000 + 1962/125",
    "Q": "[[15.69571486615824, 0.8678550715800349, 1.7752086389060755, 1.6060211820891002, 2.605331748616875, 0.8324609995531462, 1.4080697729352607, 0.09586884235802288, 2.0962281704447574, 1.6166593467775643, 1.2264614982246815, 0.32181844649212, 1.6185802605581985, -1.4254324633954547], [0.8678550715800349, 19.46463500112672, -0.7493784613694682, 0.3180121379155001, -0.3956441472686801, 0.19547364435659975, -0.45975016960426335, 0.2971153991631215, -0.7167801209082677, 0.18448795295624623, -0.2148963714615994, 0.4161416380563288, -0.23668493764458215, 0.32956376212347416], [1.7752086389060755, -0.7493784613694682, 19.483656015902145, -0.45772626284905193, -0.3277399648614009, -0.3765100899082713, -0.2013247568508487, -0.30206327813583905, 0.0038636019873915283, -0.4523608970283621, 0.08870398682911447, -0.3019984901263741, -0.021619636232300166, 0.20363805409369481], [1.6060211820891002, 0.3180121379155001, -0.45772626284905193, 19.349515629487733, -0.8057014221588134, 0.2780710637305254, -0.4642871440850685, 0.29439826841554234, -0.74817646868269, 0.1091185093470409, -0.27755034592578287, 0.3379772399499433, -0.42731303648755187, 0.32256833627712667], [2.605331748616875, -0.3956441472686801, -0.3277399648614009, -0.8057014221588134, 18.99705190479466, -0.26961993374849114, -0.2926952817794444, -0.13177944357028085, -0.3765825142957637, -0.5589581157566654, -0.1991785478389252, -0.24606936178960573, -0.2974333962923386, 0.3134898897945431], [0.8324609995531462, 0.19547364435659975, -0.3765100899082713, 0.2780710637305254, -0.26961993374849114, 19.145524372914068, -0.8733478905887992, -0.011958147969070992, -0.4755594597694334, 0.19440149751672817, -0.248688446902182, 0.2800184956318833, -0.02490795172944119, 0.08895902539684525], [1.4080697729352607, -0.45975016960426335, -0.2013247568508487, -0.4642871440850685, -0.2926952817794444, -0.8733478905887992, 19.48387765978371, -0.3512417673974012, 0.043611178248174426, -0.4683059743742083, 0.043028250054547454, -0.38421410636973163, -0.16556897833117154, 0.04459155118697198], [0.09586884235802288, 0.2971153991631215, -0.30206327813583905, 0.29439826841554234, -0.13177944357028085, -0.011958147969070992, -0.3512417673974012, 19.287538339695026, -0.4916813605011803, 0.29877924839115333, -0.062447778878146606, 0.351765151118701, 0.09715302402749705, 0.12230514818409033], [2.0962281704447574, -0.7167801209082677, 0.0038636019873915283, -0.74817646868269, -0.3765825142957637, -0.4755594597694334, 0.043611178248174426, -0.4916813605011803, 19.46934276974885, -0.6965317527335328, -0.0450343037397673, -0.4889474146302156, -0.2618940209665216, 0.36427010197172854], [1.6166593467775643, 0.18448795295624623, -0.4523608970283621, 0.1091185093470409, -0.5589581157566654, 0.19440149751672817, -0.4683059743742083, 0.29877924839115333, -0.6965317527335328, 19.222475808390104, -0.5788481465293892, 0.2538401012568006, -0.3698921885519962, 0.42588461699179503], [1.2264614982246815, -0.2148963714615994, 0.08870398682911447, -0.27755034592578287, -0.1991785478389252, -0.248688446902182, 0.043028250054547454, -0.062447778878146606, -0.0450343037397673, -0.5788481465293892, 19.67081142432034, -0.1409335126933105, 0.13620290684561714, 0.19794567020081125], [0.32181844649212, 0.4161416380563288, -0.3019984901263741, 0.3379772399499433, -0.24606936178960573, 0.2800184956318833, -0.38421410636973163, 0.351765151118701, -0.4889474146302156, 0.2538401012568006, -0.1409335126933105, 25.42361756836899, -0.051064342136190585, 0.3004603028803041], [1.6185802605581985, -0.23668493764458215, -0.021619636232300166, -0.42731303648755187, -0.2974333962923386, -0.02490795172944119, -0.16556897833117154, 0.09715302402749705, -0.2618940209665216, -0.3698921885519962, 0.13620290684561714, -0.051064342136190585, 19.176658197243103, 0.38690192113628485], [-1.4254324633954547, 0.32956376212347416, 0.20363805409369481, 0.32256833627712667, 0.3134898897945431, 0.08895902539684525, 0.04459155118697198, 0.12230514818409033, 0.36427010197172854, 0.42588461699179503, 0.19794567020081125, 0.3004603028803041, 0.38690192113628485, 19.413389557584928]]",
    "monomial_list": "[1, x9, x8, x7, x6, x5, x4, x3, x2, x13, x12, x11, x10, x1]"
}