{
    "name": "Multiplier-1",
    "rational_expression": "24841*x1**2/1000 - 17379*x1*x10/50000 + 44307*x1*x11/50000 - 2889*x1*x12/25000 + 23993*x1*x13/100000 - 30303*x1*x2/50000 + 42263*x1*x3/50000 - 8831*x1*x4/50000 + 40709*x1*x5/50000 - 36361*x1*x6/100000 + 707*x1*x7/1250 - 5811*x1*x8/25000 + 75373*x1*x9/100000 - 29401*x1/100000 + 18871*x10**2/1000 - 19127*x10*x11/10000 - 11319*x10*x12/500000 - 46843*x10*x13/50000 - 7387*x10*x2/25000 - 5809*x10*x3/5000 - 54783*x10*x4/100000 - 3307*x10*x5/2500 - 27211*x10*x6/100000 - 3653*x10*x7/2500 - 2071*x10*x8/12500 - 14747*x10*x9/10000 + 4697*x10/2000 + 9887*x11**2/500 - 39863*x11*x12/50000 - 37923*x11*x13/100000 - 1493*x11*x2/625 + 3379*x11*x3/2000 - 74277*x11*x4/100000 + 3101*x11*x5/2000 - 10027*x11*x6/5000 + 11113*x11*x7/12500 - 148*x11*x8/125 + 11361*x11*x9/10000 + 70203*x11/10000 + 19237*x12**2/1000 - 5507*x12*x13/5000 - 62391*x12*x2/100000 - 10299*x12*x3/25000 - 6947*x12*x4/25000 - 369*x12*x5/500 - 4507*x12*x6/6250 - 14251*x12*x7/25000 - 1501*x12*x8/4000 - 45881*x12*x9/100000 + 4109*x12/2000 + 9361*x13**2/500 - 11527*x13*x2/10000 - 11773*x13*x3/100000 - 72007*x13*x4/100000 - 22853*x13*x5/50000 - 1503*x13*x6/1250 - 7559*x13*x7/25000 - 31507*x13*x8/50000 - 51291*x13*x9/100000 + 50519*x13/10000 + 19491*x2**2/1000 - 12567*x2*x3/5000 - 6557*x2*x4/50000 - 21873*x2*x5/10000 - 6547*x2*x6/25000 - 2323*x2*x7/1250 - 7877*x2*x8/50000 - 2263*x2*x9/1000 + 11599*x2/5000 + 19727*x3**2/1000 - 39403*x3*x4/50000 + 14163*x3*x5/10000 - 7893*x3*x6/5000 + 42391*x3*x7/50000 - 1049*x3*x8/1000 + 253*x3*x9/200 + 62853*x3/10000 + 3839*x4**2/200 - 1941*x4*x5/1000 - 14447*x4*x6/20000 - 1619*x4*x7/2000 - 4561*x4*x8/5000 - 81863*x4*x9/100000 + 3451*x4/1250 + 19551*x5**2/1000 - 9011*x5*x6/5000 + 41867*x5*x7/50000 - 10709*x5*x8/10000 + 142*x5*x9/125 + 7343*x5/1000 + 19149*x6**2/1000 - 1362*x6*x7/625 - 92517*x6*x8/100000 - 17367*x6*x9/10000 + 37889*x6/10000 + 19021*x7**2/1000 - 95119*x7*x8/100000 + 33919*x7*x9/50000 + 3451*x7/625 + 19067*x8**2/1000 - 1019*x8*x9/625 + 5933*x8/2000 + 3891*x9**2/200 + 33923*x9/5000 + 7343/500",
    "Q": "[[14.686329340934604, 3.3917632605276915, 1.48887585027647, 2.767399023403119, 1.9016011280133494, 3.672413289884793, 1.3856360983244387, 3.1426094736588177, 1.160843166812757, 2.5187216713237475, 1.0209627406177582, 3.511495213889216, 1.1683330701164225, -0.14471680475511875], [3.3917632605276915, 19.45404451546519, -0.8228268820650726, 0.3386338771829539, -0.85873849147633, 0.5659257272284327, -0.41206008518463555, 0.6279699031518662, -1.1318701981847703, -0.257641232670465, -0.2297957910282076, 0.5640257771688488, -0.7412684289096058, 0.38051767997030805], [1.48887585027647, -0.8228268820650726, 19.06933484121842, -0.4642796101607388, -0.4605901001631115, -0.5349685098548222, -0.4451855613183077, -0.5164998365994424, -0.07818902321146388, -0.3219005997419607, -0.19553213404766415, -0.5825568917652335, -0.08720030467597253, -0.11829883998915734], [2.767399023403119, 0.3386338771829539, -0.4642796101607388, 19.023203544440623, -1.0880337132362885, 0.41710861283185785, -0.39539115798892804, 0.42617639922835404, -0.9337270377552485, -0.15878876606236936, -0.27979904816090556, 0.44471455582645114, -0.7386967502596107, 0.28922951124991536], [1.9016011280133494, -0.85873849147633, -0.4605901001631115, -1.0880337132362885, 19.14952236820484, -0.9077903609541937, -0.35780396638841994, -0.786918214616155, -0.1292781504357533, -0.6016145252270251, -0.3680239280670577, -1.0045551600677392, -0.1268857728312536, -0.18018838140014226], [3.672413289884793, 0.5659257272284327, -0.5349685098548222, 0.41710861283185785, -0.9077903609541937, 19.553318172227446, -0.9761019267318652, 0.7034883346917845, -1.093679520142348, -0.23610653872313747, -0.37407557592536517, 0.7797923887672559, -0.6598410577639808, 0.4143992178128036], [1.3856360983244387, -0.41206008518463555, -0.4451855613183077, -0.39539115798892804, -0.35780396638841994, -0.9761019267318652, 19.196352293685635, -0.3952755842103244, -0.06450669723239609, -0.36840258076192395, -0.13281900868328875, -0.3767989524819138, -0.2819989149250567, -0.09796062075313405], [3.1426094736588177, 0.6279699031518662, -0.5164998365994424, 0.42617639922835404, -0.786918214616155, 0.7034883346917845, -0.3952755842103244, 19.72648433262521, -1.2494816672602762, -0.05424091137580828, -0.19846732919829554, 0.8415658113160778, -0.5796875463857529, 0.4204591614729016], [1.160843166812757, -1.1318701981847703, -0.07818902321146388, -0.9337270377552485, -0.1292781504357533, -1.093679520142348, -0.06450669723239609, -1.2494816672602762, 19.49148905638746, -0.5847563152342662, -0.3198128876632447, -1.1974073699777663, -0.1505194275290932, -0.3092523311629701], [2.5187216713237475, -0.257641232670465, -0.3219005997419607, -0.15878876606236936, -0.6016145252270251, -0.23610653872313747, -0.36840258076192395, -0.05424091137580828, -0.5847563152342662, 18.723553221642966, -0.5437409994397323, -0.18946711245873044, -0.4729396586662751, 0.1125007284972916], [1.0209627406177582, -0.2297957910282076, -0.19553213404766415, -0.27979904816090556, -0.3680239280670577, -0.37407557592536517, -0.13281900868328875, -0.19846732919829554, -0.3198128876632447, -0.5437409994397323, 19.23594845658906, -0.39910757062053015, -0.007148599939200161, -0.053487802044421474], [3.511495213889216, 0.5640257771688488, -0.5825568917652335, 0.44471455582645114, -1.0045551600677392, 0.7797923887672559, -0.3767989524819138, 0.8415658113160778, -1.1974073699777663, -0.18946711245873044, -0.39910757062053015, 19.776609327657873, -0.9491250232893895, 0.436933774483879], [1.1683330701164225, -0.7412684289096058, -0.08720030467597253, -0.7386967502596107, -0.1268857728312536, -0.6598410577639808, -0.2819989149250567, -0.5796875463857529, -0.1505194275290932, -0.4729396586662751, -0.007148599939200161, -0.9491250232893895, 18.87001195728521, -0.18088029642233902], [-0.14471680475511875, 0.38051767997030805, -0.11829883998915734, 0.28922951124991536, -0.18018838140014226, 0.4143992178128036, -0.09796062075313405, 0.4204591614729016, -0.3092523311629701, 0.1125007284972916, -0.053487802044421474, 0.436933774483879, -0.18088029642233902, 24.84102335821183]]",
    "monomial_list": "[1, x9, x8, x7, x6, x5, x4, x3, x2, x13, x12, x11, x10, x1]"
}