{
    "name": "Multiplier-2",
    "rational_expression": "19451*x1**2/1000 - 51061*x1*x10/100000 - 3713*x1*x11/20000 - 13759*x1*x12/50000 - 19811*x1*x13/100000 + 5773*x1*x2/5000 - 57017*x1*x3/100000 + 56581*x1*x4/100000 + 3967*x1*x5/10000 - 6191*x1*x6/25000 - 23343*x1*x7/100000 + 11759*x1*x8/25000 - 13713*x1*x9/50000 + 20843*x1/5000 + 19113*x10**2/1000 - 14309*x10*x11/10000 + 489*x10*x12/400 - 89627*x10*x13/100000 + 633*x10*x2/2000 - 37881*x10*x3/100000 - 33989*x10*x4/100000 - 12959*x10*x5/10000 - 8713*x10*x6/50000 - 94417*x10*x7/100000 + 41959*x10*x8/100000 - 5869*x10*x9/5000 + 257*x10/250 + 19003*x11**2/1000 - 2807*x11*x12/2000 - 2587*x11*x13/25000 + 8977*x11*x2/50000 - 7297*x11*x3/200000 - 40691*x11*x4/100000 + 37861*x11*x5/100000 - 75207*x11*x6/100000 + 1623*x11*x7/10000 - 4879*x11*x8/6250 + 34841*x11*x9/500000 + 2083*x11/1000 + 19931*x12**2/1000 - 17117*x12*x13/10000 + 5187*x12*x2/20000 - 45909*x12*x3/100000 + 41861*x12*x4/100000 - 8413*x12*x5/5000 - 3667*x12*x6/6250 - 72881*x12*x7/100000 + 70433*x12*x8/100000 - 10657*x12*x9/10000 + 94483*x12/100000 + 9427*x13**2/500 + 37513*x13*x2/100000 - 11517*x13*x3/100000 - 19783*x13*x4/25000 - 11711*x13*x5/50000 - 26091*x13*x6/50000 - 45861*x13*x7/500000 - 19123*x13*x8/25000 - 25993*x13*x9/100000 + 13757*x13/5000 + 27129*x2**2/1000 - 769*x2*x3/1250 + 4463*x2*x4/6250 + 23037*x2*x5/100000 + 56701*x2*x6/100000 - 20469*x2*x7/500000 + 96057*x2*x8/100000 - 5473*x2*x9/50000 + 33073*x2/10000 + 18803*x3**2/1000 - 212*x3*x4/625 - 13341*x3*x5/200000 - 18469*x3*x6/50000 - 13279*x3*x7/100000 - 48467*x3*x8/100000 - 27247*x3*x9/1000000 - 3893*x3/10000 + 2417*x4**2/125 - 7649*x4*x5/5000 - 18943*x4*x6/25000 - 11619*x4*x7/25000 - 33547*x4*x8/100000 - 22303*x4*x9/50000 + 3092*x4/625 + 19329*x5**2/1000 - 2209*x5*x6/2000 + 20787*x5*x7/100000 - 32967*x5*x8/50000 + 75647*x5*x9/1000000 + 43077*x5/10000 + 3829*x6**2/200 - 13273*x6*x7/10000 - 2561*x6*x8/2500 - 26289*x6*x9/50000 + 38073*x6/10000 + 189*x7**2/10 - 1709*x7*x8/6250 - 8983*x7*x9/500000 + 1198*x7/625 + 19443*x8**2/1000 - 12909*x8*x9/10000 + 23761*x8/5000 + 18931*x9**2/1000 + 19439*x9/10000 + 1737/125",
    "Q": "[[13.896229665963698, 0.9767208565785879, 2.3697282415539527, 0.9531386742729678, 1.896883848843008, 2.156588393588086, 2.4677195937308745, -0.1939933611800771, 1.6568347417063172, 1.3777098779813037, 0.4735971470472934, 1.0420959491580568, 0.5155148028945025, 2.0869893465756997], [0.9767208565785879, 18.931738469104275, -0.6490106878536184, -0.003508285455938276, -0.26981907896705537, 0.030441632766927705, -0.21513019367295746, -0.021356876031284003, -0.05740597650899148, -0.13707142173303277, -0.5277545821752477, 0.03033689076449353, -0.5775670246360447, -0.13112197141115653], [2.3697282415539527, -0.6490106878536184, 19.44169807394546, -0.13119650658077087, -0.5137556047933358, -0.32128678143222267, -0.16391868786913136, -0.24555293807112044, 0.47172983719841377, -0.38333616243356017, 0.3523537861268462, -0.39141716294501355, 0.20217267479049128, 0.23362733798837632], [0.9531386742729678, -0.003508285455938276, -0.13119650658077087, 18.899277394682926, -0.6642524629245427, 0.10211193348587946, -0.22587008857261015, -0.06952567849097915, -0.022342395048358804, -0.044589451715995994, -0.3657584041028976, 0.08817277722636883, -0.46950025591111844, -0.12163337627619375], [1.896883848843008, -0.26981907896705537, -0.5137556047933358, -0.6642524629245427, 19.143563560775657, -0.5525144591442681, -0.37739534789031765, -0.18607891976368368, 0.28382896261793344, -0.2549880935645688, -0.29365815503996007, -0.3701515528115013, -0.08379715071765736, -0.1288851754133862], [2.156588393588086, 0.030441632766927705, -0.32128678143222267, 0.10211193348587946, -0.5525144591442681, 19.32956122144218, -0.7578019513147342, -0.04040410376893492, 0.12148753054958104, -0.12124974393599666, -0.8367911569511466, 0.18198226435402323, -0.6475181246194678, 0.2089898929970711], [2.4677195937308745, -0.21513019367295746, -0.16391868786913136, -0.22587008857261015, -0.37739534789031765, -0.7578019513147342, 19.331809541732646, -0.17604954658392133, 0.35580274598248346, -0.3881634456159803, 0.20483423743550383, -0.1944435834970068, -0.17485534399039512, 0.2761986868769191], [-0.1939933611800771, -0.021356876031284003, -0.24555293807112044, -0.06952567849097915, -0.18607891976368368, -0.04040410376893492, -0.17604954658392133, 18.80344719416783, -0.2998453730555269, -0.05487814563525668, -0.23461607299561862, -0.010661134315537925, -0.19503192296973132, -0.28139880399181605], [1.6568347417063172, -0.05740597650899148, 0.47172983719841377, -0.022342395048358804, 0.28382896261793344, 0.12148753054958104, 0.35580274598248346, -0.2998453730555269, 27.128572459823275, 0.1858552713922652, 0.11821665214501115, 0.09007998425937681, 0.1549195491093052, 0.5788356277667513], [1.3777098779813037, -0.13707142173303277, -0.38333616243356017, -0.044589451715995994, -0.2549880935645688, -0.12124974393599666, -0.3881634456159803, -0.05487814563525668, 0.1858552713922652, 18.85379218412185, -0.8608277335452736, -0.05705811692908282, -0.4532240901361016, -0.10578918278791068], [0.4735971470472934, -0.5277545821752477, 0.3523537861268462, -0.3657584041028976, -0.29365815503996007, -0.8367911569511466, 0.20483423743550383, -0.23461607299561862, 0.11821665214501115, -0.8608277335452736, 19.931570283984918, -0.7073714626453936, 0.6037684324663901, -0.14408813415014823], [1.0420959491580568, 0.03033689076449353, -0.39141716294501355, 0.08817277722636883, -0.3701515528115013, 0.18198226435402323, -0.1944435834970068, -0.010661134315537925, 0.09007998425937681, -0.05705811692908282, -0.7073714626453936, 19.002637250405435, -0.7076772838322594, -0.0935336135140158], [0.5155148028945025, -0.5775670246360447, 0.20217267479049128, -0.46950025591111844, -0.08379715071765736, -0.6475181246194678, -0.17485534399039512, -0.19503192296973132, 0.1549195491093052, -0.4532240901361016, 0.6037684324663901, -0.7076772838322594, 19.11135008456423, -0.2512367829888596], [2.0869893465756997, -0.13112197141115653, 0.23362733798837632, -0.12163337627619375, -0.1288851754133862, 0.2089898929970711, 0.2761986868769191, -0.28139880399181605, 0.5788356277667513, -0.10578918278791068, -0.14408813415014823, -0.0935336135140158, -0.2512367829888596, 19.45267801906744]]",
    "monomial_list": "[1, x9, x8, x7, x6, x5, x4, x3, x2, x13, x12, x11, x10, x1]"
}