{
    "name": "Multiplier-10",
    "rational_expression": "4677*x1**2/250 + 149*x1*x10/100 - 2503*x1*x11/2000 + 9501*x1*x12/25000 - 57*x1*x13/160 + 6787*x1*x2/5000 - 79197*x1*x3/100000 + 44391*x1*x4/100000 - 84417*x1*x5/100000 + 8989*x1*x6/20000 - 3439*x1*x7/4000 + 6317*x1*x8/10000 - 90429*x1*x9/100000 - 22809*x1/10000 + 27769*x10**2/1000 - 6497*x10*x11/10000 + 31253*x10*x12/10000 - 17417*x10*x13/25000 + 958*x10*x2/625 + 36431*x10*x3/50000 + 10701*x10*x4/25000 + 12927*x10*x5/10000 - 17203*x10*x6/2500000 + 3339*x10*x7/4000 + 31671*x10*x8/10000 - 2311*x10*x9/5000 + 2681*x10/1250 + 923*x11**2/50 - 16587*x11*x12/20000 - 52977*x11*x13/100000 + 923*x11*x2/5000 - 13883*x11*x3/10000 - 1452*x11*x4/15625 - 1413*x11*x5/1000 - 41473*x11*x6/500000 - 18997*x11*x7/25000 - 30147*x11*x8/50000 - 2123*x11*x9/2000 - 2393*x11/2000 + 19699*x12**2/1000 - 3039*x12*x13/2000 - 26123*x12*x2/100000 + 32719*x12*x3/1000000 + 35851*x12*x4/500000 - 36549*x12*x5/100000 - 74293*x12*x6/100000 - 15387*x12*x7/100000 + 75529*x12*x8/100000 - 24531*x12*x9/50000 + 39299*x12/10000 + 18531*x13**2/1000 - 2179*x13*x2/4000 - 38019*x13*x3/50000 - 37753*x13*x4/50000 - 48869*x13*x5/50000 - 49799*x13*x6/100000 - 1001*x13*x7/2000 - 37221*x13*x8/50000 - 40051*x13*x9/50000 + 9263*x13/5000 + 9449*x2**2/500 - 28201*x2*x3/100000 - 14577*x2*x4/100000 - 24519*x2*x5/500000 - 12561*x2*x6/10000 + 857*x2*x7/6250 - 2461*x2*x8/10000 - 31253*x2*x9/100000 + 18519*x2/5000 + 18381*x3**2/1000 - 20463*x3*x4/100000 - 12647*x3*x5/10000 - 16027*x3*x6/2500000 - 5851*x3*x7/5000 - 12459*x3*x8/100000 - 2463*x3*x9/2000 + 81327*x3/100000 + 19317*x4**2/1000 - 15029*x4*x5/10000 - 48861*x4*x6/50000 - 24523*x4*x7/100000 - 75573*x4*x8/100000 - 3297*x4*x9/12500 + 27551*x4/10000 + 18349*x5**2/1000 - 17931*x5*x6/100000 - 2233*x5*x7/2000 - 109*x5*x8/1000 - 2637*x5*x9/2000 + 4349*x5/2500 + 4723*x6**2/250 - 4159*x6*x7/5000 - 5619*x6*x8/5000 - 3173*x6*x9/25000 + 52621*x6/10000 + 18373*x7**2/1000 - 3867*x7*x8/40000 - 87591*x7*x9/100000 + 367*x7/1250 + 2432*x8**2/125 - 10939*x8*x9/10000 + 24391*x8/5000 + 9209*x9**2/500 + 28223*x9/50000 + 2823/250",
    "Q": "[[11.292420705448292, 0.28794229169429625, 2.4380623189280675, 0.1419571747100256, 2.6340176377020694, 0.8706787948837089, 1.3801752126628826, 0.41084804097180144, 1.8544381096620994, 0.9222979941978899, 1.9603646169240372, -0.5946109525605493, 1.077485251202285, -1.13860057589281], [0.28794229169429625, 18.418841755412142, -0.5444383991171449, -0.43741651903837603, -0.05841955849620293, -0.6564262972878345, -0.13468261217616462, -0.6180175570822508, -0.1511683599572649, -0.4090378769392475, -0.24983031072233822, -0.532010607421392, -0.2259842112441296, -0.4540639436564173], [2.4380623189280675, -0.5444383991171449, 19.455208863629828, -0.0441768384561505, -0.5625959302094459, -0.052361816142529924, -0.3700333171514301, -0.052358800993175414, -0.11564028977829818, -0.36540150543277095, 0.38109906251314524, -0.2926380704101989, 1.574950181069954, 0.3212800774008404], [0.1419571747100256, -0.43741651903837603, -0.0441768384561505, 18.37271473772654, -0.4206588292665129, -0.5679481976743269, -0.1195096713333208, -0.5924822268769795, 0.0718779108439569, -0.2598044026268276, -0.07852811274721208, -0.3761416895331982, 0.4236565993947181, -0.4261942131486348], [2.6340176377020694, -0.05841955849620293, -0.5625959302094459, -0.4206588292665129, 18.89258330268332, -0.09297729536991105, -0.48039134608638967, 0.002651436483350138, -0.6212842189148235, -0.2520751734484985, -0.37762400338713104, -0.050261102720471566, 0.005612276338947854, 0.23088250172417057], [0.8706787948837089, -0.6564262972878345, -0.052361816142529924, -0.5679481976743269, -0.09297729536991105, 18.34962640560782, -0.7503263338815097, -0.6385583725756255, -0.0306108464596608, -0.49074569814652175, -0.1785105809833819, -0.7025013126869862, 0.6476289784292085, -0.4183100563100826], [1.3801752126628826, -0.13468261217616462, -0.3700333171514301, -0.1195096713333208, -0.48039134608638967, -0.7503263338815097, 19.316451987843962, -0.1089803292711115, -0.0748039980039941, -0.368812825837792, 0.03807957502609935, -0.04018167230939845, 0.21372030475747003, 0.23125101332198342], [0.41084804097180144, -0.6180175570822508, -0.052358800993175414, -0.5924822268769795, 0.002651436483350138, -0.6385583725756255, -0.1089803292711115, 18.382596413848717, -0.1421661328430252, -0.3882163070352023, 0.015526224940699936, -0.691737038075634, 0.3633794535166005, -0.3914267851992407], [1.8544381096620994, -0.1511683599572649, -0.11564028977829818, 0.0718779108439569, -0.6212842189148235, -0.0306108464596608, -0.0748039980039941, -0.1421661328430252, 18.898401734688537, -0.280166244709355, -0.13105983692373005, 0.09777221653455999, 0.7604001525946313, 0.6809133513712108], [0.9222979941978899, -0.4090378769392475, -0.36540150543277095, -0.2598044026268276, -0.2520751734484985, -0.49074569814652175, -0.368812825837792, -0.3882163070352023, -0.280166244709355, 18.53152084307777, -0.7582267482020948, -0.2670114619618885, -0.35103064647289883, -0.1831639813394922], [1.9603646169240372, -0.24983031072233822, 0.38109906251314524, -0.07852811274721208, -0.37762400338713104, -0.1785105809833819, 0.03807957502609935, 0.015526224940699936, -0.13105983692373005, -0.7582267482020948, 19.697183436518802, -0.4160181437927716, 1.566651987285134, 0.19014207889654433], [-0.5946109525605493, -0.532010607421392, -0.2926380704101989, -0.3761416895331982, -0.050261102720471566, -0.7025013126869862, -0.04018167230939845, -0.691737038075634, 0.09777221653455999, -0.2670114619618885, -0.4160181437927716, 18.458584680173953, -0.3189719660957468, -0.6194008264736485], [1.077485251202285, -0.2259842112441296, 1.574950181069954, 0.4236565993947181, 0.005612276338947854, 0.6476289784292085, 0.21372030475747003, 0.3633794535166005, 0.7604001525946313, -0.35103064647289883, 1.566651987285134, -0.3189719660957468, 27.768237554832545, 0.7349476562602502], [-1.13860057589281, -0.4540639436564173, 0.3212800774008404, -0.4261942131486348, 0.23088250172417057, -0.4183100563100826, 0.23125101332198342, -0.3914267851992407, 0.6809133513712108, -0.1831639813394922, 0.19014207889654433, -0.6194008264736485, 0.7349476562602502, 18.707448515659586]]",
    "monomial_list": "[1, x9, x8, x7, x6, x5, x4, x3, x2, x13, x12, x11, x10, x1]"
}