{
    "name": "Multiplier-9",
    "rational_expression": "9699*x1**2/500 + 23521*x1*x10/50000 + 15697*x1*x11/100000 + 17741*x1*x12/100000 + 28883*x1*x13/50000 + 2107*x1*x2/2500 - 44847*x1*x3/1000000 + 6369*x1*x4/50000 - 551*x1*x5/4000 + 24763*x1*x6/50000 + 24503*x1*x7/100000 + 18897*x1*x8/25000 + 11769*x1*x9/25000 - 15123*x1/5000 + 9613*x10**2/500 - 20157*x10*x11/25000 + 8053*x10*x12/50000 - 39489*x10*x13/50000 - 34879*x10*x2/100000 - 10271*x10*x3/1000000 - 23989*x10*x4/100000 - 4419*x10*x5/20000 - 26291*x10*x6/50000 - 94551*x10*x7/100000 + 87*x10*x8/8000 - 7823*x10*x9/25000 + 1504*x10/625 + 19539*x11**2/1000 - 39693*x11*x12/50000 + 19311*x11*x13/50000 - 4259*x11*x2/5000 + 56543*x11*x3/100000 - 55183*x11*x4/100000 + 611*x11*x5/2500 - 38873*x11*x6/50000 + 713*x11*x7/3125 - 3283*x11*x8/20000 + 81767*x11*x9/100000 - 5449*x11/50000 + 157*x12**2/8 - 2343*x12*x13/2000 - 80767*x12*x2/1000000 - 13153*x12*x3/50000 + 5043*x12*x4/50000 - 27099*x12*x5/50000 - 9797*x12*x6/25000 - 64779*x12*x7/100000 + 6461*x12*x8/200000 - 23347*x12*x9/50000 + 17481*x12/10000 + 3847*x13**2/200 - 2567*x13*x2/2500 + 56423*x13*x3/100000 - 3603*x13*x4/5000 + 892*x13*x5/3125 - 10177*x13*x6/10000 - 40703*x13*x7/500000 - 12453*x13*x8/50000 + 50541*x13*x9/100000 + 5193*x13/2500 + 4857*x2**2/250 - 55683*x2*x3/100000 - 60973*x2*x4/1000000 - 50747*x2*x5/100000 - 72547*x2*x6/100000 - 47573*x2*x7/50000 - 3333*x2*x8/25000 - 16871*x2*x9/25000 + 6921*x2/2000 + 2428*x3**2/125 - 11199*x3*x4/25000 - 90559*x3*x5/1000000 - 20441*x3*x6/100000 + 1147*x3*x7/5000 + 4703*x3*x8/50000 + 3081*x3*x9/4000 - 752*x3/625 + 19511*x4**2/1000 - 1331*x4*x5/1000 - 58777*x4*x6/100000 - 2957*x4*x7/5000 - 26537*x4*x8/50000 - 67189*x4*x9/100000 + 991*x4/400 + 2396*x5**2/125 - 19093*x5*x6/50000 + 83847*x5*x7/1000000 - 3877*x5*x8/62500 + 9197*x5*x9/20000 + 30969*x5/50000 + 951*x6**2/50 - 6753*x6*x7/5000 - 32647*x6*x8/50000 - 2116*x6*x9/3125 + 42267*x6/10000 + 19153*x7**2/1000 - 18867*x7*x8/50000 + 29853*x7*x9/100000 + 1504*x7/625 + 2456*x8**2/125 + 3587*x8*x9/25000 + 15679*x8/5000 + 6389*x9**2/250 - 5449*x9/50000 + 18219/1000",
    "Q": "[[18.218703849761074, -0.061226480511945534, 1.559391112393534, 1.2069743666493182, 2.1220870552783953, 0.30682760059385655, 1.2321709625121111, -0.6017761997645564, 1.7382806172625442, 1.034549592626658, 0.8751682876229259, -0.05354107662958911, 1.2074140462184721, -1.5042607926469562], [-0.061226480511945534, 25.55571272872073, 0.06550900800102716, 0.15829726795433918, -0.33420583096626555, 0.21834608535776862, -0.34034998302787245, 0.3742193128520831, -0.32637451951430313, 0.24501758502627002, -0.22448328528378717, 0.41439261911473807, -0.16244095844211465, 0.22572179319460442], [1.559391112393534, 0.06550900800102716, 19.64630454869216, -0.19804720435874187, -0.3335559050139819, -0.029121286275898318, -0.26959108917696817, 0.048354649448941106, -0.059586904170023505, -0.12632931697571173, 0.011526574402232734, -0.08072224592995655, 0.005602189125952094, 0.3822992487977399], [1.2069743666493182, 0.15829726795433918, -0.19804720435874187, 19.153748959513823, -0.6827761785670904, 0.03848259680555668, -0.29123093631938507, 0.11504583835503528, -0.48398986141031264, -0.04771309821173196, -0.31995394000735333, 0.1176578996608662, -0.46813907044102177, 0.11562029764761436], [2.1220870552783953, -0.33420583096626555, -0.3335559050139819, -0.6827761785670904, 19.023127802652642, -0.19288778426083208, -0.28657623697392154, -0.09410732020629455, -0.36856838668458597, -0.5126451222428627, -0.20236013152248386, -0.3838355124064958, -0.2639774547671506, 0.25030557019130456], [0.30682760059385655, 0.21834608535776862, -0.029121286275898318, 0.03848259680555668, -0.19288778426083208, 19.167699626945744, -0.6631626738639614, -0.03953395562825961, -0.24493990798571713, 0.14119831708056665, -0.28028703305108715, 0.1272430851031758, -0.1015067236152796, -0.07054547449638625], [1.2321709625121111, -0.34034998302787245, -0.26959108917696817, -0.29123093631938507, -0.28657623697392154, -0.6631626738639614, 19.509501023021507, -0.22215823873889812, -0.035509551492951215, -0.35120931233686037, 0.05241861709051869, -0.26871085793409305, -0.1285814609712314, 0.07013307801103426], [-0.6017761997645564, 0.3742193128520831, 0.048354649448941106, 0.11504583835503528, -0.09410732020629455, -0.03953395562825961, -0.22215823873889812, 19.423894470947904, -0.28207041901142876, 0.2908078474428232, -0.12404881431527179, 0.2903746609702496, -0.00028171026259418854, -0.028064680042146323], [1.7382806172625442, -0.32637451951430313, -0.059586904170023505, -0.48398986141031264, -0.36856838668458597, -0.24493990798571713, -0.035509551492951215, -0.28207041901142876, 19.430548039670487, -0.5116527955365406, -0.031129524519440656, -0.42559611275100456, -0.17788696353563194, 0.4132608231221556], [1.034549592626658, 0.24501758502627002, -0.12632931697571173, -0.04771309821173196, -0.5126451222428627, 0.14119831708056665, -0.35120931233686037, 0.2908078474428232, -0.5116527955365406, 19.2343967422583, -0.5779882963585312, 0.1981389058147272, -0.39696981225912426, 0.2880021091661319], [0.8751682876229259, -0.22448328528378717, 0.011526574402232734, -0.31995394000735333, -0.20236013152248386, -0.28028703305108715, 0.05241861709051869, -0.12404881431527179, -0.031129524519440656, -0.5779882963585312, 19.625345670948953, -0.39291794407153185, 0.08607514404365307, 0.08422905292111309], [-0.05354107662958911, 0.41439261911473807, -0.08072224592995655, 0.1176578996608662, -0.3838355124064958, 0.1272430851031758, -0.26871085793409305, 0.2903746609702496, -0.42559611275100456, 0.1981389058147272, -0.39291794407153185, 19.53926546269829, -0.4096599061735569, 0.07186826498881216], [1.2074140462184721, -0.16244095844211465, 0.005602189125952094, -0.46813907044102177, -0.2639774547671506, -0.1015067236152796, -0.1285814609712314, -0.00028171026259418854, -0.17788696353563194, -0.39696981225912426, 0.08607514404365307, -0.4096599061735569, 19.22668113139115, 0.23558093203734465], [-1.5042607926469562, 0.22572179319460442, 0.3822992487977399, 0.11562029764761436, 0.25030557019130456, -0.07054547449638625, 0.07013307801103426, -0.028064680042146323, 0.4132608231221556, 0.2880021091661319, 0.08422905292111309, 0.07186826498881216, 0.23558093203734465, 19.39634826102569]]",
    "monomial_list": "[1, x9, x8, x7, x6, x5, x4, x3, x2, x13, x12, x11, x10, x1]"
}