{
    "name": "Multiplier-2",
    "rational_expression": "11579*x1**2/10000 + 50779*x1*x2/100000 + 7003*x1*x3/500000 + 56149*x1*x4/100000 - 17337*x1*x5/50000 + 60989*x1*x6/1000000 - 10799*x1*x7/10000 - 3647*x1/1000 + 3377*x2**2/1250 - 22033*x2*x3/10000000 + 12789*x2*x4/50000 - 97463*x2*x5/1000000 - 1756*x2*x6/625 - 22417*x2*x7/10000 + 17807*x2/100000 + 17049*x3**2/25000 - 20519*x3*x4/100000 + 91*x3*x5/500 - 517*x3*x6/10000 - 51009*x3*x7/1000000 - 6077*x3/5000 + 87643*x4**2/100000 + 2257*x4*x5/20000 - 36991*x4*x6/100000 - 13079*x4*x7/50000 - 48631*x4/100000 + 19201*x5**2/20000 + 583*x5*x6/1250 + 20971*x5*x7/100000 - 22987*x5/10000 + 18171*x6**2/10000 + 2009*x6*x7/1250 - 7239*x6/2500 + 2749*x7**2/2000 + 92811*x7/100000 + 11051/1000",
    "Q": "[[11.051286949443044, 0.4683267383338255, -1.4476627411000171, -1.154818310887638, -0.23887667511608351, -0.6124035311031895, 0.086726982745223, -1.8203453097202997], [0.4683267383338255, 1.3747158972487972, 0.8032469422790988, 0.10453821400627614, -0.13131149517626295, -0.02651922005724332, -1.120251185983005, -0.5399327351166939], [-1.4476627411000171, 0.8032469422790988, 1.817600810819289, 0.23407542865612574, -0.18625298645884694, -0.025876853519320498, -1.4040200841015171, 0.03054957352634061], [-1.154818310887638, 0.10453821400627614, 0.23407542865612574, 0.9610993218049523, 0.055696635685850884, 0.09190501406690312, -0.04893377598773835, -0.17274552821160716], [-0.23887667511608351, -0.13131149517626295, -0.18625298645884694, 0.055696635685850884, 0.87644855253668, -0.1027628766245913, 0.12815020254510373, 0.28050663359117056], [-0.6124035311031895, -0.02651922005724332, -0.025876853519320498, 0.09190501406690312, -0.1027628766245913, 0.6823657241172446, -0.00045573934599402876, 0.00774203486569974], [0.086726982745223, -1.120251185983005, -1.4040200841015171, -0.04893377598773835, 0.12815020254510373, -0.00045573934599402876, 2.69966790571258, 0.25377667298863216], [-1.8203453097202997, -0.5399327351166939, 0.03054957352634061, -0.17274552821160716, 0.28050663359117056, 0.00774203486569974, 0.25377667298863216, 1.156254954378102]]",
    "monomial_list": "[1, x7, x6, x5, x4, x3, x2, x1]"
}