{
    "name": "Multiplier-1",
    "rational_expression": "12047*x1**2/10000 + 10103*x1*x2/12500 + 84877*x1*x3/1000000000 + 33293*x1*x4/50000 - 39891*x1*x5/50000 - 94397*x1*x6/1000000 - 5981*x1*x7/5000 - 30339*x1/10000 + 11877*x2**2/5000 + 77991*x2*x3/1000000 + 18853*x2*x4/50000 + 4693*x2*x5/25000 - 28969*x2*x6/10000 - 2489*x2*x7/1250 - 16771*x2/10000 + 2061*x3**2/3125 + 14093*x3*x4/50000 - 1347*x3*x5/10000 - 19649*x3*x6/100000 - 19443*x3*x7/100000 - 937*x3/400 + 18563*x4**2/20000 - 30253*x4*x5/1000000 - 1349*x4*x6/3125 - 55789*x4*x7/100000 - 12089*x4/5000 + 1291*x5**2/1250 - 9321*x5*x6/50000 + 69*x5*x7/500 + 5241*x5/6250 + 569*x6**2/250 + 6397*x6*x7/5000 - 9471*x6/2000 + 132*x7**2/125 + 24841*x7/1000000 + 12333/1000",
    "Q": "[[12.3327238006728, 0.01757027413225411, -2.369800377128288, 0.4189447739698655, -1.2083789895544164, -1.1712264070118799, -0.8410719917438776, -1.522658504578926], [0.01757027413225411, 1.055624053947045, 0.6381274677281562, 0.0697376562878344, -0.2788581175514671, -0.09795976537714049, -0.9960450944744366, -0.5983977861480413], [-2.369800377128288, 0.6381274677281562, 2.2760425965157864, -0.0930390012984676, -0.21459699366064403, -0.09777368208670269, -1.4468903430823001, -0.04600187115268496], [0.4189447739698655, 0.0697376562878344, -0.0930390012984676, 1.0332185089911536, -0.015641512885418478, -0.06708250476275511, 0.09352398729701587, -0.39931709411926325], [-1.2083789895544164, -0.2788581175514671, -0.21459699366064403, -0.015641512885418478, 0.9270995827687425, 0.1406988613329524, 0.1874723223150605, 0.33348766942020086], [-1.1712264070118799, -0.09795976537714049, -0.09777368208670269, -0.06708250476275511, 0.1406988613329524, 0.6592314219600073, 0.0392895811343351, 0.0006310238950618918], [-0.8410719917438776, -0.9960450944744366, -1.4468903430823001, 0.09352398729701587, 0.1874723223150605, 0.0392895811343351, 2.375497487312661, 0.405210988438922], [-1.522658504578926, -0.5983977861480413, -0.04600187115268496, -0.39931709411926325, 0.33348766942020086, 0.0006310238950618918, 0.405210988438922, 1.205629024814321]]",
    "monomial_list": "[1, x7, x6, x5, x4, x3, x2, x1]"
}