{
    "name": "Multiplier-6",
    "rational_expression": "12687*x1**2/10000 + 13177*x1*x2/20000 + 37593*x1*x3/500000 + 683*x1*x4/1250 - 2997*x1*x5/2000 + 6751*x1*x6/25000 - 17667*x1*x7/25000 - 56427*x1/10000 + 34161*x2**2/10000 + 63283*x2*x3/1000000 + 10209*x2*x4/25000 - 33697*x2*x5/50000 - 50497*x2*x6/10000 - 561*x2*x7/200 - 13873*x2/10000 + 32663*x3**2/50000 - 12387*x3*x4/100000 - 5171*x3*x5/20000 - 25301*x3*x6/100000 - 74489*x3*x7/1000000 - 10083*x3/5000 + 87331*x4**2/100000 - 7619*x4*x5/100000 - 76711*x4*x6/100000 - 1751*x4*x7/4000 - 19699*x4/25000 + 1397*x5**2/1000 - 13523*x5*x6/5000000 - 30981*x5*x7/1000000 + 63681*x5/10000 + 33337*x6**2/10000 + 19817*x6*x7/10000 - 31841*x6/10000 + 13703*x7**2/10000 - 15759*x7/10000 + 15763/1000",
    "Q": "[[15.762983895869748, -0.7859110940022965, -1.595208814464863, 3.1879254694048536, -0.39103870615803127, -1.0164882781133346, -0.6924725839132174, -2.8290639600689995], [-0.7859110940022965, 1.369001622927482, 0.9898564184624143, -0.015339160771554903, -0.21860215858585966, -0.037437538370144054, -1.4022317497856818, -0.35340929321638487], [-1.595208814464863, 0.9898564184624143, 3.3337762842855727, -0.0016609203411572207, -0.3836057989369435, -0.12558469146025136, -2.523272146919337, 0.1362113955147103], [3.1879254694048536, -0.015339160771554903, -0.0016609203411572207, 1.3991745426102626, -0.0376712368622643, -0.1308913572007877, -0.3373765562188963, -0.75158383303557], [-0.39103870615803127, -0.21860215858585966, -0.3836057989369435, -0.0376712368622643, 0.8730975571625851, -0.0618522334346732, 0.2037894454908308, 0.27250511641254765], [-1.0164882781133346, -0.037437538370144054, -0.12558469146025136, -0.1308913572007877, -0.0618522334346732, 0.654521777848807, 0.03249938100115964, 0.03977459799225566], [-0.6924725839132174, -1.4022317497856818, -2.523272146919337, -0.3373765562188963, 0.2037894454908308, 0.03249938100115964, 3.414224061322142, 0.33009304936121536], [-2.8290639600689995, -0.35340929321638487, 0.1362113955147103, -0.75158383303557, 0.27250511641254765, 0.03977459799225566, 0.33009304936121536, 1.2712504502134392]]",
    "monomial_list": "[1, x7, x6, x5, x4, x3, x2, x1]"
}