{
    "name": "Multiplier-3",
    "rational_expression": "2481*x1**2/2000 + 32687*x1*x2/50000 + 11547*x1*x3/100000 + 30713*x1*x4/50000 - 78779*x1*x5/100000 + 13893*x1*x6/50000 - 22803*x1*x7/25000 - 35271*x1/10000 + 24333*x2**2/10000 + 22853*x2*x3/1000000 + 29833*x2*x4/1000000 - 10617*x2*x5/50000 - 14479*x2*x6/5000 - 21097*x2*x7/10000 - 16713*x2/10000 + 12569*x3**2/10000 - 10709*x3*x4/50000 + 52761*x3*x5/1000000 - 64*x3*x6/625 - 99189*x3*x7/1000000 - 86679*x3/100000 + 14841*x4**2/20000 + 13361*x4*x5/100000 - 13541*x4*x6/50000 - 26223*x4*x7/100000 - 7733*x4/5000 + 5097*x5**2/5000 + 3289*x5*x6/10000 + 1857*x5*x7/6250 + 34039*x5/100000 + 1327*x6**2/625 + 7411*x6*x7/5000 - 43623*x6/10000 + 12759*x7**2/10000 - 23983*x7/25000 + 1547/100",
    "Q": "[[15.469591784654952, -0.48565163802153816, -2.17608083416759, 0.16611054847869297, -0.7773363123293956, -0.4344459366144108, -0.8289927178194605, -1.769231867466814], [-0.48565163802153816, 1.2759098772527784, 0.7421023780269332, 0.14913744373656074, -0.1310440227191563, -0.049388806177695393, -1.0541102132395372, -0.4548733654364043], [-2.17608083416759, 0.7421023780269332, 2.1222758837500897, 0.16545686141874064, -0.1350009999801036, -0.05148127189379892, -1.4500239726087447, 0.13961978954015627], [0.16611054847869297, 0.14913744373656074, 0.16545686141874064, 1.0191925509406285, 0.06725983690552663, 0.02606239317233657, -0.10681070368722631, -0.3931992751331338], [-0.7773363123293956, -0.1310440227191563, -0.1350009999801036, 0.06725983690552663, 0.7422358335897298, -0.10709698135365114, 0.014964968803883804, 0.3076233965965983], [-0.4344459366144108, -0.049388806177695393, -0.05148127189379892, 0.02606239317233657, -0.10709698135365114, 1.2571916468099207, 0.01187551484481575, 0.05799608756728521], [-0.8289927178194605, -1.0541102132395372, -1.4500239726087447, -0.10681070368722631, 0.014964968803883804, 0.01187551484481575, 2.4326244242362716, 0.3260439333843332], [-1.769231867466814, -0.4548733654364043, 0.13961978954015627, -0.3931992751331338, 0.3076233965965983, 0.05799608756728521, 0.3260439333843332, 1.241213317391032]]",
    "monomial_list": "[1, x7, x6, x5, x4, x3, x2, x1]"
}