{
    "name": "Multiplier-7",
    "rational_expression": "5773*x1**2/5000 + 46793*x1*x2/50000 + 30927*x1*x3/500000 + 67737*x1*x4/100000 - 79427*x1*x5/100000 - 1058*x1*x6/15625 - 5031*x1*x7/5000 - 5527*x1/2000 + 1461*x2**2/625 + 98007*x2*x3/1000000 + 26393*x2*x4/100000 + 52719*x2*x5/1000000 - 26283*x2*x6/10000 - 239*x2*x7/125 - 1017*x2/400 + 62491*x3**2/100000 - 62263*x3*x4/1000000 + 65619*x3*x5/10000000 - 4253*x3*x6/25000 - 4131*x3*x7/20000 - 3449*x3/2000 + 85723*x4**2/100000 + 3397*x4*x5/40000 - 1969*x4*x6/4000 - 45243*x4*x7/100000 - 11281*x4/10000 + 5051*x5**2/5000 + 18073*x5*x6/1000000 + 4561*x5*x7/125000 + 66321*x5/100000 + 19807*x6**2/10000 + 503*x6*x7/500 - 4339*x6/1250 + 13959*x7**2/10000 + 14371*x7/50000 + 5527/500",
    "Q": "[[11.053742580091983, 0.14564554561565185, -1.7348570642700778, 0.3335734243315392, -0.5597033263351658, -0.8651417087846016, -1.2751421343770046, -1.3800556919881992], [0.14564554561565185, 1.3963633113099068, 0.5021639097178251, 0.018925501382183862, -0.22577438906992975, -0.10406570379575014, -0.9564131217893627, -0.5035485254172529], [-1.7348570642700778, 0.5021639097178251, 1.9796286123301958, 0.00954737553303844, -0.24633059624237943, -0.08540957586171734, -1.312691960736529, -0.03483734347888312], [0.3335734243315392, 0.018925501382183862, 0.00954737553303844, 1.0104346764312235, 0.04202788702734122, 0.003015403405416469, 0.025436288621484417, -0.3979781301059539], [-0.5597033263351658, -0.22577438906992975, -0.24633059624237943, 0.04202788702734122, 0.8570565673988787, -0.03151692076954683, 0.13063718624170823, 0.33792296632556473], [-0.8651417087846016, -0.10406570379575014, -0.08540957586171734, 0.003015403405416469, -0.03151692076954683, 0.6251974761241713, 0.05098397026457409, 0.0313256439400982], [-1.2751421343770046, -0.9564131217893627, -1.312691960736529, 0.025436288621484417, 0.13063718624170823, 0.05098397026457409, 2.3375209585712415, 0.4686570891805508], [-1.3800556919881992, -0.5035485254172529, -0.03483734347888312, -0.3979781301059539, 0.33792296632556473, 0.0313256439400982, 0.4686570891805508, 1.1542879605926124]]",
    "monomial_list": "[1, x7, x6, x5, x4, x3, x2, x1]"
}