{
    "name": "Multiplier-5",
    "rational_expression": "78169*x1**2/100000 + 27319*x1*x2/50000 - 3781*x1*x3/125000 + 1598*x1*x4/3125 - 85119*x1*x5/100000 + 47931*x1*x6/100000 - 43827*x1*x7/50000 - 3679*x1/1250 + 5773*x2**2/2000 + 17683*x2*x3/250000 + 52957*x2*x4/100000 + 10337*x2*x5/10000 - 7243*x2*x6/2000 - 5633*x2*x7/2500 - 16643*x2/10000 + 5407*x3**2/10000 - 2327*x3*x4/31250 - 48797*x3*x5/1000000 + 11037*x3*x6/100000 - 11141*x3*x7/100000 - 871*x3/400 + 1669*x4**2/2500 + 1323*x4*x5/6250 - 51341*x4*x6/100000 - 13221*x4*x7/25000 - 461*x4/400 + 3929*x5**2/2500 - 86749*x5*x6/100000 - 4877*x5*x7/25000 + 8001*x5/12500 + 43029*x6**2/10000 + 18683*x6*x7/10000 - 1707*x6/125 + 5241*x7**2/5000 - 2391*x7/2000 + 21337/1000",
    "Q": "[[21.33711685038933, -0.5937311607756579, -6.822455810132587, 0.3232321445264341, -0.5846608766433998, -1.0928572255195304, -0.8387529735533792, -1.4766113243248062], [-0.5937311607756579, 1.0477301554162108, 0.9323527997249091, -0.09796583654590005, -0.2640415160785907, -0.056294385994086586, -1.126529009845615, -0.4379507192118073], [-6.822455810132587, 0.9323527997249091, 4.2993377111341875, -0.43505825763985817, -0.2543337317547166, 0.05510371624933046, -1.809694031966916, 0.24045516493854477], [0.3232321445264341, -0.09796583654590005, -0.43505825763985817, 1.5716832868896742, 0.10602390456307509, -0.02416350115259176, 0.5173605044607386, -0.4257463695695866], [-0.5846608766433998, -0.2640415160785907, -0.2543337317547166, 0.10602390456307509, 0.667773781059345, -0.036203640871524626, 0.26592656386155333, 0.25613064208109215], [-1.0928572255195304, -0.056294385994086586, 0.05510371624933046, -0.02416350115259176, -0.036203640871524626, 0.5417133201736732, 0.03664195578939413, -0.014630678144650138], [-0.8387529735533792, -1.126529009845615, -1.809694031966916, 0.5173605044607386, 0.26592656386155333, 0.03664195578939413, 2.8884383464371397, 0.2746113863784536], [-1.4766113243248062, -0.4379507192118073, 0.24045516493854477, -0.4257463695695866, 0.25613064208109215, -0.014630678144650138, 0.2746113863784536, 0.7821562634488879]]",
    "monomial_list": "[1, x7, x6, x5, x4, x3, x2, x1]"
}