{
    "name": "Multiplier-4",
    "rational_expression": "49057*x1**2/50000 + 9353*x1*x2/12500 + 12787*x1*x3/25000 + 70247*x1*x4/100000 - 4819*x1*x5/6250 - 34793*x1*x6/500000 - 98679*x1*x7/100000 - 4957*x1/1250 + 21267*x2**2/10000 - 3999*x2*x3/500000 + 12389*x2*x4/50000 - 5037*x2*x5/50000 - 6307*x2*x6/2500 - 933*x2*x7/500 - 11779*x2/10000 + 9443*x3**2/5000 - 1412*x3*x4/3125 + 25027*x3*x5/100000 + 55909*x3*x6/100000 + 25799*x3*x7/100000 - 95021*x3/10000 + 297*x4**2/200 - 24081*x4*x5/100000 - 87503*x4*x6/100000 - 64913*x4*x7/100000 - 86393*x4/100000 + 44579*x5**2/50000 + 359*x5*x6/3125 + 14021*x5*x7/50000 + 19771*x5/250000 + 16913*x6**2/10000 + 3107*x6*x7/2500 - 41621*x6/10000 + 659*x7**2/625 - 2593*x7/2000 + 2454/125",
    "Q": "[[19.63199903566153, -0.6527078944687991, -2.077861703239252, 0.04131557251392851, -0.4365698021153744, -4.747909283765607, -0.592067621376356, -1.9879409477527112], [-0.6527078944687991, 1.054403142067457, 0.6220186396327821, 0.1404351457276054, -0.3247044641472382, 0.1301518482766206, -0.9321779095793303, -0.49212870983902607], [-2.077861703239252, 0.6220186396327821, 1.6914775088262648, 0.05736249545782444, -0.43711854765148805, 0.2789680650105524, -1.2619988784456204, -0.034897736214545644], [0.04131557251392851, 0.1404351457276054, 0.05736249545782444, 0.8912533780572365, -0.12064450266015578, 0.12485043507380005, -0.050365471173095665, -0.38594756962239846], [-0.4365698021153744, -0.3247044641472382, -0.43711854765148805, -0.12064450266015578, 1.4854975566775839, -0.22466472755210462, 0.12395221187600984, 0.35160136026447514], [-4.747909283765607, 0.1301518482766206, 0.2789680650105524, 0.12485043507380005, -0.22466472755210462, 1.8870003214927964, -0.0042715875228093916, 0.2568840620423512], [-0.592067621376356, -0.9321779095793303, -1.2619988784456204, -0.050365471173095665, 0.12395221187600984, -0.0042715875228093916, 2.1279547142236113, 0.37390255383334503], [-1.9879409477527112, -0.49212870983902607, -0.034897736214545644, -0.38594756962239846, 0.35160136026447514, 0.2568840620423512, 0.37390255383334503, 0.9816885152212336]]",
    "monomial_list": "[1, x7, x6, x5, x4, x3, x2, x1]"
}