{
    "name": "Total Decomposition",
    "rational_expression": "1727*x1**4/500 - 1129*x1**3*x2/10000 - 1733*x1**3*x3/20000 + 1803*x1**3/1000 + 6997*x1**2*x2**2/1000 + 901*x1**2*x2*x3/5000 + 2979*x1**2*x2/1000 + 3483*x1**2*x3**2/500 + 571*x1**2*x3/200 + 3301*x1**2/500 - 1133*x1*x2**3/10000 - 69*x1*x2**2*x3/800 + 893*x1*x2**2/500 - 1147*x1*x2*x3**2/10000 - 92*x1*x2*x3/3125 - 2633*x1*x2/1000 - 549*x1*x3**3/6250 + 441*x1*x3**2/250 - 1487*x1*x3/500 + 1171*x1/500 + 709*x2**4/200 + 1853*x2**3*x3/10000 + 3193*x2**3/1000 + 353*x2**2*x3**2/50 + 3223*x2**2*x3/1000 + 3181*x2**2/500 + 943*x2*x3**3/5000 + 1677*x2*x3**2/500 - 4683*x2*x3/1000 - 1721*x2/500 + 703*x3**4/200 + 3019*x3**3/1000 + 2847*x3**2/500 - 97*x3/50 + 447/100",
    "Q": "[[4.469704267277515, -0.9712447158626416, -1.7223004576047771, 1.1703184456792068, -0.3471012956088015, -1.6568544831688607, -0.7174972150343167, -0.3677933253946902, -0.5701361695043944, 0.06847587174526869], [-0.9712447158626416, 6.391596195703591, -0.6797734615930571, -0.7659826658825697, 1.5074831704949332, 1.222452451758137, 0.7048385170035852, 0.30917745367671556, 0.08328655369237027, 0.48780437445408364], [-1.7223004576047771, -0.6797734615930571, 7.0955963412393075, -0.7454528753518147, 0.4501447094436377, 1.30534680977546, 0.3009423104761768, 1.5952479030360152, 0.7056714690916724, 0.5020242978819521], [1.1703184456792068, -0.7659826658825697, -0.7454528753518147, 6.466622450981964, 0.17877989629481833, -0.3948085044202958, 0.9439379564199031, 0.180876359802343, 0.990720346337245, 0.8987358876905818], [-0.3471012956088015, 1.5074831704949332, 0.4501447094436377, 0.17877989629481833, 3.5145068979780305, 0.0921951755615036, -0.04542915700656305, 0.3568452074781111, -0.0813803922324817, 0.43351612709354503], [-1.6568544831688607, 1.222452451758137, 1.30534680977546, -0.3948085044202958, 0.0921951755615036, 6.34501521524435, 0.024034733425791245, 0.09219517556150361, -0.025764067030051897, -0.011255815427045441], [-0.7174972150343167, 0.7048385170035852, 0.3009423104761768, 0.9439379564199031, -0.04542915700656305, 0.024034733425791245, 6.101358175993236, -0.01966508997651111, 0.1034509909885486, -0.0454291570065629], [-0.3677933253946902, 0.30917745367671556, 1.5952479030360152, 0.180876359802343, 0.3568452074781111, 0.09219517556150361, -0.01966508997651111, 3.5441987327695093, -0.05734565880669001, 0.44404802165219254], [-0.5701361695043944, 0.08328655369237027, 0.7056714690916724, 0.990720346337245, -0.0813803922324817, -0.025764067030051897, 0.1034509909885486, -0.05734565880669001, 6.109986221667419, -0.05734565880668991], [0.06847587174526869, 0.48780437445408364, 0.5020242978819521, 0.8987358876905818, 0.43351612709354503, -0.011255815427045441, -0.0454291570065629, 0.44404802165219254, -0.05734565880668991, 3.45388353274926]]",
    "monomial_list": "[1, x3, x2, x1, x3**2, x2*x3, x1*x3, x2**2, x1*x2, x1**2]"
}