{
    "name": "Total Decomposition",
    "rational_expression": "1677*x1**4/1000 - 579*x1**3*x2/100000 + 1577*x1**3*x3/200000 + 233*x1**3/200 + 3349*x1**2*x2**2/1000 - 6453*x1**2*x2*x3/1000000 + 561*x1**2*x2/500 + 3363*x1**2*x3**2/1000 + 1251*x1**2*x3/1000 + 3263*x1**2/1000 - 2371*x1*x2**3/500000 + 1653*x1*x2**2*x3/250000 + 577*x1*x2**2/500 - 213*x1*x2*x3**2/40000 - 5207*x1*x2*x3/10000000 - 5619*x1*x2/10000 + 6599*x1*x3**3/1000000 + 148*x1*x3**2/125 - 4613*x1*x3/5000 - 3193*x1/5000 + 1671*x2**4/1000 - 1689*x2**3*x3/500000 + 559*x2**3/500 + 671*x2**2*x3**2/200 + 307*x2**2*x3/250 + 721*x2**2/200 - 1687*x2*x3**3/500000 + 563*x2*x3**2/500 - 5421*x2*x3/10000 - 7663*x2/10000 + 337*x3**4/200 + 156*x3**3/125 + 643*x3**2/200 - 501*x3/500 + 387/200",
    "Q": "[[1.935107388165742, -0.5010905888457817, -0.3831131107428234, -0.31858721942970186, -0.04492188718151896, -0.29324556114429606, -0.35934159393879334, 0.054600569269388693, -0.26262110440700437, 0.0009400147946898299], [-0.5010905888457817, 3.3042193658698458, 0.022172153558686045, -0.1027150540948814, 0.6231593148627148, 0.3799542571350992, 0.41860307988572315, 0.1701603645207587, 0.002381779322999831, 0.18284517216553584], [-0.3831131107428234, 0.022172153558686045, 3.496914897760616, -0.017539321242608204, 0.18381363748468094, 0.44394642017015196, 0.014359344744013845, 0.5589006558357873, 0.4108227270869696, 0.18424403722857444], [-0.31858721942970186, -0.1027150540948814, -0.017539321242608204, 3.2635172513764643, 0.17095498743685497, -0.018608202449597516, 0.4399206076965114, 0.1662964552336577, 0.3757439675603913, 0.5834599644865373], [-0.04492188718151896, 0.6231593148627148, 0.18381363748468094, 0.17095498743685497, 1.684309067638702, -0.002092645693905214, 0.0028522839176870467, 0.20666186303408235, -0.009476617547230462, 0.2056012870830773], [-0.29324556114429606, 0.3799542571350992, 0.44394642017015196, -0.018608202449597516, -0.002092645693905214, 2.9413746402534446, 0.0068499009408648625, -0.002092645693905156, 0.015279874547314576, -0.013234270234998192], [-0.35934159393879334, 0.41860307988572315, 0.014359344744013845, 0.4399206076965114, 0.0028522839176870467, 0.0068499009408648625, 2.9509239232745417, -0.012427590629627738, 0.011141624541092944, 0.002852283917687098], [0.054600569269388693, 0.1701603645207587, 0.5589006558357873, 0.1662964552336577, 0.20666186303408235, -0.002092645693905156, -0.012427590629627738, 1.6703892986829028, -0.002626716606365737, 0.20861095996017842], [-0.26262110440700437, 0.002381779322999831, 0.4108227270869696, 0.3757439675603913, -0.009476617547230462, 0.015279874547314576, 0.011141624541092944, -0.002626716606365737, 2.930984808564538, -0.0026267166063657097], [0.0009400147946898299, 0.18284517216553584, 0.18424403722857444, 0.5834599644865373, 0.2056012870830773, -0.013234270234998192, 0.002852283917687098, 0.20861095996017842, -0.0026267166063657097, 1.6778174298019946]]",
    "monomial_list": "[1, x3, x2, x1, x3**2, x2*x3, x1*x3, x2**2, x1*x2, x1**2]"
}