{
    "name": "Multiplier-4",
    "rational_expression": "383*x1**2/1000 + 113*x1*x2/10000 - 669*x1*x3/10000 - 57*x1*x4/200 + 183*x1*x5/5000 + 589*x1*x6/100000 - 417*x1/1000 + 411*x2**2/1000 - 27*x2*x3/1250 - 151*x2*x4/500 - 43*x2*x5/1250 - 17*x2*x6/5000 - 417*x2/1000 + 79*x3**2/250 - 17*x3*x4/125 - 199*x3*x5/5000 - 29*x3*x6/2500 - 399*x3/10000 + 133*x4**2/250 - 57*x4*x5/250 - 227*x4*x6/1000 + 118*x4/125 + 3*x5**2/8 + 107*x5*x6/100000 - 34*x5/125 + 353*x6**2/1000 - 261*x6/1000 + 453/500",
    "Q": "[[0.9057826723441299, -0.13043237849041975, -0.1361263359274015, 0.4723598913122053, -0.01986235338246779, -0.20863366420258703, -0.20849251791105955], [-0.13043237849041975, 0.35258941180477593, 0.0004145513502483198, -0.11390995601834372, -0.005662337632337838, -0.0015266923378692238, 0.002896915840020174], [-0.1361263359274015, 0.0004145513502483198, 0.3750779893600313, -0.11431955222812659, -0.019989881118386853, -0.01706718554111371, 0.018336293053185383], [0.4723598913122053, -0.11390995601834372, -0.11431955222812659, 0.5325270415385822, -0.06770947403066391, -0.15099453453033154, -0.14252917030140697], [-0.01986235338246779, -0.005662337632337838, -0.019989881118386853, -0.06770947403066391, 0.3165067684138029, -0.010934759114594725, -0.0336635007801252], [-0.20863366420258703, -0.0015266923378692238, -0.01706718554111371, -0.15099453453033154, -0.010934759114594725, 0.41071833475727026, 0.0057906185116149336], [-0.20849251791105955, 0.002896915840020174, 0.018336293053185383, -0.14252917030140697, -0.0336635007801252, 0.0057906185116149336, 0.38310477637065193]]",
    "monomial_list": "[1, x6, x5, x4, x3, x2, x1]"
}