{
    "name": "Multiplier-1",
    "rational_expression": "2383*x1**2/5000 - 1857*x1*x2/10000 + 7191*x1*x3/10000000 - 1627*x1*x4/10000 - 183*x1*x5/1000 - 279*x1*x6/2000 + 201*x1/250 + 1813*x2**2/5000 + 2071*x2*x3/100000 - 1047*x2*x4/125000 - 1151*x2*x5/50000 + 3161*x2*x6/1000000 - 791*x2/5000 + 161*x3**2/400 - 3089*x3*x4/100000 - 219*x3*x5/6250 + 1693*x3*x6/100000 + 1223*x3/2000 + 2929*x4**2/10000 + 2483*x4*x5/5000000 - 1203*x4*x6/100000 - 1371*x4/10000 + 3539*x5**2/10000 - 411*x5*x6/20000 - 29*x5/125 + 3157*x6**2/10000 - 2373*x6/25000 + 659/500",
    "Q": "[[1.3179984849602628, -0.04717730500424117, -0.115795891675466, -0.06880180427468885, 0.30599864606249416, -0.07847406158179597, 0.4017717357972647], [-0.04717730500424117, 0.31618190593733325, -0.010338197850480381, -0.0061722387401139745, 0.00857707456209195, 0.0014238905498058301, -0.06988386643249259], [-0.115795891675466, -0.010338197850480381, 0.3539717077768291, 0.00040929490004232527, -0.017525880220734955, -0.01150339341910535, -0.0913197754045444], [-0.06880180427468885, -0.0061722387401139745, 0.00040929490004232527, 0.2924567496149982, -0.015526335997244515, -0.0042598608616430085, -0.0812528070877688], [0.30599864606249416, 0.00857707456209195, -0.017525880220734955, -0.015526335997244515, 0.4023472274485348, 0.010305809684267291, 0.0003062192550124773], [-0.07847406158179597, 0.0014238905498058301, -0.01150339341910535, -0.0042598608616430085, 0.010305809684267291, 0.36283864803243665, -0.09275699697525519], [0.4017717357972647, -0.06988386643249259, -0.0913197754045444, -0.0812528070877688, 0.0003062192550124773, -0.09275699697525519, 0.47646137723955956]]",
    "monomial_list": "[1, x6, x5, x4, x3, x2, x1]"
}