{
    "name": "Multiplier-2",
    "rational_expression": "1971*x1**2/5000 - 161*x1*x2/1250 + 4181*x1*x3/1000000 + 2749*x1*x4/50000 + 513*x1*x5/6250 + 2909*x1*x6/100000 + 1343*x1/10000 + 1031*x2**2/2000 + 6567*x2*x3/1000000 - 6441*x2*x4/100000 - 7881*x2*x5/100000 - 302*x2*x6/3125 + 504*x2/625 + 141*x3**2/400 + 831*x3*x4/20000 + 6379*x3*x5/100000 + 1411*x3*x6/25000 + 4839*x3/10000 + 3387*x4**2/10000 + 1257*x4*x5/20000 + 837*x4*x6/25000 + 2957*x4/10000 + 4147*x5**2/10000 + 4867*x5*x6/100000 + 483*x5/1250 + 1803*x6**2/5000 + 487*x6/2500 + 42/25",
    "Q": "[[1.679646509244866, 0.0973376775539229, 0.1927181510269758, 0.14804638462872202, 0.24181055789101116, 0.403209998475841, 0.06771904874833683], [0.0973376775539229, 0.3607499493729053, 0.02437352945408296, 0.016729191725548202, 0.0282911337548235, -0.0484982846122876, 0.014710952297036888], [0.1927181510269758, 0.02437352945408296, 0.4142706353134346, 0.03150689796110193, 0.03161411467387352, -0.03954782272108435, 0.041000905662527884], [0.14804638462872202, 0.016729191725548202, 0.03150689796110193, 0.33924895106626063, 0.020692632729941186, -0.032348694430049625, 0.02747849297807613], [0.24181055789101116, 0.0282911337548235, 0.03161411467387352, 0.020692632729941186, 0.35241101077467263, 0.0032281637431865705, 0.0022384828350178938], [0.403209998475841, -0.0484982846122876, -0.03954782272108435, -0.032348694430049625, 0.0032281637431865705, 0.5151884324787085, -0.064304834300419], [0.06771904874833683, 0.014710952297036888, 0.041000905662527884, 0.02747849297807613, 0.0022384828350178938, -0.064304834300419, 0.39377379840872284]]",
    "monomial_list": "[1, x6, x5, x4, x3, x2, x1]"
}