{
    "name": "Multiplier-4",
    "rational_expression": "177*x1**2/500 + 19*x1*x2/1250 - 191*x1*x3/2500 - 53*x1*x4/200 + 24*x1*x5/625 + 21*x1*x6/1250 - 79*x1/200 + 371*x2**2/1000 - 9*x2*x3/500 - 13*x2*x4/50 - 77*x2*x5/5000 + 247*x2*x6/50000 - 339*x2/1000 + 38*x3**2/125 - 109*x3*x4/1000 - 263*x3*x5/5000 - 837*x3*x6/100000 + 273*x3/10000 + 489*x4**2/1000 - 237*x4*x5/1000 - 49*x4*x6/250 + 431*x4/500 + 363*x5**2/1000 - 189*x5*x6/10000 - 337*x5/1000 + 81*x6**2/250 - 21*x6/100 + 171/200",
    "Q": "[[0.8553231899680726, -0.10477736683334073, -0.16842368695469948, 0.43097417318751696, 0.013795412522386271, -0.1693656438078538, -0.19748144633226875], [-0.10477736683334073, 0.32338686917700915, -0.00954264070492141, -0.0977240059785202, -0.004313884279481551, 0.0023856790045695274, 0.008410705627343352], [-0.16842368695469948, -0.00954264070492141, 0.3632769159066787, -0.11848656316030716, -0.02622026787741136, -0.007661389158884402, 0.01906998638296503], [0.43097417318751696, -0.0977240059785202, -0.11848656316030716, 0.4889600773034403, -0.054492417969287534, -0.13013634270629312, -0.1323044520789733], [0.013795412522386271, -0.004313884279481551, -0.02622026787741136, -0.054492417969287534, 0.3036653592396779, -0.008995495778169632, -0.038254214320657995], [-0.1693656438078538, 0.0023856790045695274, -0.007661389158884402, -0.13013634270629312, -0.008995495778169632, 0.37027976288385095, 0.007475057982990102], [-0.19748144633226875, 0.008410705627343352, 0.01906998638296503, -0.1323044520789733, -0.038254214320657995, 0.007475057982990102, 0.35435695080324303]]",
    "monomial_list": "[1, x6, x5, x4, x3, x2, x1]"
}