{
    "name": "Multiplier-4",
    "rational_expression": "153*x1**2/500 - 111*x1*x2/10000 - 36*x1*x3/625 - 183*x1*x4/1000 + 259*x1*x5/10000 + 291*x1*x6/100000 - 257*x1/1000 + 329*x2**2/1000 - 127*x2*x3/10000 - 211*x2*x4/1000 - 27*x2*x5/2000 + 313*x2*x6/100000 - 279*x2/1000 + 273*x3**2/1000 - 547*x3*x4/10000 - 191*x3*x5/10000 + 23*x3*x6/2000 + 279*x3/10000 + 473*x4**2/1000 - 173*x4*x5/1000 - 141*x4*x6/1000 + 831*x4/1000 + 299*x5**2/1000 + 89*x5*x6/25000 - 207*x5/1000 + 71*x6**2/250 - 16*x6/125 + 367/500",
    "Q": "[[0.7344791154252641, -0.06361938026982975, -0.10350274625304673, 0.4154215015061176, 0.01367328581522832, -0.1392856642982113, -0.1283444585598488], [-0.06361938026982975, 0.28317857992247125, 0.0017277192583604105, -0.0703107608893351, 0.005806977840761577, 0.0013760055904580048, 0.0013106752156872594], [-0.10350274625304673, 0.0017277192583604105, 0.2988828577812548, -0.08625315280309204, -0.009606611240302255, -0.006796623603861645, 0.013022722707842339], [0.4154215015061176, -0.0703107608893351, -0.08625315280309204, 0.4729257432975882, -0.027519564309782786, -0.10555243657656944, -0.09145965860449555], [0.01367328581522832, 0.005806977840761577, -0.009606611240302255, -0.027519564309782786, 0.2727204251674637, -0.006397531296764631, -0.02861271770759079], [-0.1392856642982113, 0.0013760055904580048, -0.006796623603861645, -0.10555243657656944, -0.006397531296764631, 0.328862010959102, -0.005639746558492563], [-0.1283444585598488, 0.0013106752156872594, 0.013022722707842339, -0.09145965860449555, -0.02861271770759079, -0.005639746558492563, 0.30569404728633787]]",
    "monomial_list": "[1, x6, x5, x4, x3, x2, x1]"
}