{
    "name": "Multiplier-4",
    "rational_expression": "177*x1**2/500 + 151*x1*x2/10000 - 19*x1*x3/250 - 53*x1*x4/200 + 47*x1*x5/1250 + 169*x1*x6/10000 - 79*x1/200 + 37*x2**2/100 - 89*x2*x3/5000 - 261*x2*x4/1000 - 31*x2*x5/2000 + x2*x6/200 - 169*x2/500 + 303*x3**2/1000 - 111*x3*x4/1000 - 523*x3*x5/10000 - 7*x3*x6/800 + 16*x3/625 + 489*x4**2/1000 - 237*x4*x5/1000 - 49*x4*x6/250 + 861*x4/1000 + 363*x5**2/1000 - 47*x5*x6/2500 - 42*x5/125 + 323*x6**2/1000 - 21*x6/100 + 427/500",
    "Q": "[[0.8540478956522367, -0.10492100321269598, -0.1684309676296921, 0.4300910105540717, 0.013237659213646585, -0.16942954174943636, -0.19739305588279873], [-0.10492100321269598, 0.3231370488198305, -0.009545392272708765, -0.09785018471987761, -0.00440128562071159, 0.002359035339369814, 0.008385545900416668], [-0.1684309676296921, -0.009545392272708765, 0.3630218326305609, -0.11854542624555027, -0.02622888531040501, -0.007659426209320462, 0.019036308853151752], [0.4300910105540717, -0.09785018471987761, -0.11854542624555027, 0.4880991789322851, -0.05488854394749079, -0.13021269208858, -0.1323168240538186], [0.013237659213646585, -0.00440128562071159, -0.02622888531040501, -0.05488854394749079, 0.30318329432927593, -0.009042686830805722, -0.03823565452063392], [-0.16942954174943636, 0.002359035339369814, -0.007659426209320462, -0.13021269208858, -0.009042686830805722, 0.3700225175969058, 0.007456669762366194], [-0.19739305588279873, 0.008385545900416668, 0.019036308853151752, -0.1323168240538186, -0.03823565452063392, 0.007456669762366194, 0.3540678557583183]]",
    "monomial_list": "[1, x6, x5, x4, x3, x2, x1]"
}