{
    "name": "Multiplier-6",
    "rational_expression": "713*x1**2/2000 + 1629*x1*x2/250000 - 131*x1*x3/2000 + 1623*x1*x4/100000 + 373*x1*x5/10000 - 227*x1*x6/1000 - 1507*x1/5000 + 93*x2**2/250 + 507*x2*x3/500000 - 1073*x2*x4/1000000 - 81*x2*x5/4000 - 1089*x2*x6/5000 - 2493*x2/10000 + 321*x3**2/1000 - 127*x3*x4/10000 - 1837*x3*x5/1000000 - 3133*x3*x6/1000000 + 2039*x3/10000 + 3127*x4**2/10000 + 3669*x4*x5/100000 - 1349*x4*x6/10000 - 2493*x4/50000 + 3901*x5**2/10000 - 1623*x5*x6/10000 - 2607*x5/50000 + 2787*x6**2/5000 + 1067*x6/1000 + 1133/1000",
    "Q": "[[1.1327112741050303, 0.5331671325187888, -0.026252053497017223, -0.024411649271255716, 0.10211053087237441, -0.12405767496595739, -0.15075172101703224], [0.5331671325187888, 0.557131524665149, -0.08116810725139564, -0.06734818676672372, -0.0014778301047140138, -0.1085193885223228, -0.11361395277659486], [-0.026252053497017223, -0.08116810725139564, 0.39049733724876656, 0.01846513622472217, -0.0007959708817933176, -0.01010326484105746, 0.01852201440307349], [-0.024411649271255716, -0.06734818676672372, 0.01846513622472217, 0.31324114020964483, -0.006382168987156137, -0.0006008542857942206, 0.008087333247706743], [0.10211053087237441, -0.0014778301047140138, -0.0007959708817933176, -0.006382168987156137, 0.3207142796258975, 0.0005332862688406705, -0.0326100311640041], [-0.12405767496595739, -0.1085193885223228, -0.01010326484105746, -0.0006008542857942206, 0.0005332862688406705, 0.3715946846817197, 0.003249801430845228], [-0.15075172101703224, -0.11361395277659486, 0.01852201440307349, 0.008087333247706743, -0.0326100311640041, 0.003249801430845228, 0.3565287911774903]]",
    "monomial_list": "[1, x6, x5, x4, x3, x2, x1]"
}