{
    "name": "Multiplier-6",
    "rational_expression": "63*x1**2/200 - 29*x1*x2/2500 - 31*x1*x3/1000 + 383*x1*x4/10000 + 22*x1*x5/625 - 33*x1*x6/250 - 119*x1/1000 + 83*x2**2/250 + 343*x2*x3/50000 + 167*x2*x4/10000 - 109*x2*x5/10000 - 22*x2*x6/125 - 99*x2/500 + 283*x3**2/1000 + 41*x3*x4/2000 - 93*x3*x5/125000 - 57*x3*x6/20000 + 101*x3/1000 + 287*x4**2/1000 + 12*x4*x5/625 - 839*x4*x6/10000 - 43*x4/25000 + 151*x5**2/500 - 69*x5*x6/500 - 63*x5/500 + 501*x6**2/1000 + 921*x6/1000 + 427/500",
    "Q": "[[0.8536396964462658, 0.46016372033404745, -0.0629877524499074, -0.0010174389359620896, 0.05032726547707566, -0.09932669127818677, -0.05941273626716454], [0.46016372033404745, 0.5013487611758632, -0.06890247680652918, -0.04208087700111942, -0.0014429162401615506, -0.08834622703061522, -0.0659616767828384], [-0.0629877524499074, -0.06890247680652918, 0.302579336521462, 0.009607514973497872, -0.00043556334356917705, -0.005406777614229106, 0.017457110239577668], [-0.0010174389359620896, -0.04208087700111942, 0.009607514973497872, 0.28727482605633625, 0.010218113893869129, 0.008417268585922575, 0.019287778797351374], [0.05032726547707566, -0.0014429162401615506, -0.00043556334356917705, 0.010218113893869129, 0.283045687849452, 0.0033320442126790455, -0.015402631076796888], [-0.09932669127818677, -0.08834622703061522, -0.005406777614229106, 0.008417268585922575, 0.0033320442126790455, 0.3328784002174213, -0.005759176975904026], [-0.05941273626716454, -0.0659616767828384, 0.017457110239577668, 0.019287778797351374, -0.015402631076796888, -0.005759176975904026, 0.31587748073846056]]",
    "monomial_list": "[1, x6, x5, x4, x3, x2, x1]"
}