{
    "name": "Multiplier-3",
    "rational_expression": "381*x1**2/1000 + 183*x1*x2/50000 - 129*x1*x3/500 + 491*x1*x4/10000 + 289*x1*x5/5000 + 273*x1*x6/10000 - 49*x1/200 + 77*x2**2/200 - 287*x2*x3/1000 - 567*x2*x4/100000 - 271*x2*x5/10000 + 73*x2*x6/5000 - 19*x2/50 + 569*x3**2/1000 - 99*x3*x4/500 - 251*x3*x5/1000 - 51*x3*x6/250 + 903*x3/1000 + 327*x4**2/1000 + 69*x4*x5/2500 + 37*x4*x6/10000 - x4/5 + 48*x5**2/125 - 57*x5*x6/2500 - 33*x5/125 + 167*x6**2/500 - x6/4 + 703/1000",
    "Q": "[[0.7032085501202214, -0.12488090665374986, -0.13200949709219167, -0.10017881895992058, 0.4517182318174062, -0.1897735085585438, -0.12236490016528662], [-0.12488090665374986, 0.3341022865960221, -0.01152692524584398, 0.0017653308448463685, -0.10198753185291733, 0.007080388773980043, 0.013658791474032976], [-0.13200949709219167, -0.01152692524584398, 0.3832360814538892, 0.013867341883869701, -0.12534500855339623, -0.013383623689792096, 0.02893794571271876], [-0.10017881895992058, 0.0017653308448463685, 0.013867341883869701, 0.3269946842104563, -0.09908686798645472, -0.0027586948454330442, 0.024644559001459454], [0.4517182318174062, -0.10198753185291733, -0.12534500855339623, -0.09908686798645472, 0.5695695025100568, -0.14340480807128736, -0.1290273808138056], [-0.1897735085585438, 0.007080388773980043, -0.013383623689792096, -0.0027586948454330442, -0.14340480807128736, 0.3841471897117287, 0.0018379755095358932], [-0.12236490016528662, 0.013658791474032976, 0.02893794571271876, 0.024644559001459454, -0.1290273808138056, 0.0018379755095358932, 0.38160489621104726]]",
    "monomial_list": "[1, x6, x5, x4, x3, x2, x1]"
}