{
    "name": "Multiplier-1",
    "rational_expression": "2383*x1**2/5000 - 1857*x1*x2/10000 + 7191*x1*x3/10000000 - 1627*x1*x4/10000 - 183*x1*x5/1000 - 279*x1*x6/2000 + 201*x1/250 + 1813*x2**2/5000 + 2071*x2*x3/100000 - 1047*x2*x4/125000 - 1151*x2*x5/50000 + 3161*x2*x6/1000000 - 791*x2/5000 + 161*x3**2/400 - 3089*x3*x4/100000 - 219*x3*x5/6250 + 1693*x3*x6/100000 + 1223*x3/2000 + 2929*x4**2/10000 + 2483*x4*x5/5000000 - 1203*x4*x6/100000 - 1371*x4/10000 + 3539*x5**2/10000 - 411*x5*x6/20000 - 29*x5/125 + 3157*x6**2/10000 - 2373*x6/25000 + 659/500",
    "Q": "[[1.3179984849586435, -0.047177305004851094, -0.11579589167629158, -0.06880180427389233, 0.305998646060463, -0.07847406158276779, 0.4017717357995769], [-0.047177305004851094, 0.31618190594028267, -0.01033819785052721, -0.00617223874000417, 0.008577074561958121, 0.0014238905497975915, -0.06988386643331687], [-0.11579589167629158, -0.01033819785052721, 0.3539717077797799, 0.00040929490019259716, -0.017525880220935094, -0.011503393419110875, -0.09131977540549938], [-0.06880180427389233, -0.00617223874000417, 0.00040929490019259716, 0.2924567496183973, -0.015526335996361787, -0.004259860861496228, -0.08125280708809848], [0.305998646060463, 0.008577074561958121, -0.017525880220935094, -0.015526335996361787, 0.4023472274508763, 0.010305809684028347, 0.0003062192542407574], [-0.07847406158276779, 0.0014238905497975915, -0.011503393419110875, -0.004259860861496228, 0.010305809684028347, 0.3628386480354966, -0.09275699697622249], [0.4017717357995769, -0.06988386643331687, -0.09131977540549938, -0.08125280708809848, 0.0003062192542407574, -0.09275699697622249, 0.4764613772433228]]",
    "monomial_list": "[1, x6, x5, x4, x3, x2, x1]"
}