{
    "name": "Multiplier-5",
    "rational_expression": "153*x1**2/500 - 759*x1*x2/100000 - 53*x1*x3/2000 + 149*x1*x4/5000 - 16*x1*x5/125 + 133*x1*x6/10000 - 18*x1/125 + 171*x2**2/500 + 139*x2*x3/2500 + 179*x2*x4/5000 - 16*x2*x5/125 + 47*x2*x6/2000 - 277*x2/10000 + 41*x3**2/125 + 51*x3*x4/1000 + 91*x3*x5/2000 + 7*x3*x6/125 + 159*x3/500 + 57*x4**2/200 - 341*x4*x5/5000 + 101*x4*x6/5000 + 203*x4/5000 + 59*x5**2/125 - 209*x5*x6/2500 + 827*x5/1000 + 287*x6**2/1000 + 69*x6/12500 + 923/1000",
    "Q": "[[0.9230117690417635, 0.0032096800565295505, 0.41374881051632373, 0.020165763439492262, 0.15879419854828541, -0.013430323817264082, -0.07193926596002806], [0.0032096800565295505, 0.28717246372522026, -0.04152795981988465, 0.010011425679416907, 0.0280400326376758, 0.011835990011336093, 0.006714346641486124], [0.41374881051632373, -0.04152795981988465, 0.4718977610335336, -0.03403141606155026, 0.02284295830857698, -0.06383328090463684, -0.06381041105909722], [0.020165763439492262, 0.010011425679416907, -0.03403141606155026, 0.2849205605761599, 0.025536885288597034, 0.017758160204008368, 0.014775031510206697], [0.15879419854828541, 0.0280400326376758, 0.02284295830857698, 0.025536885288597034, 0.3276330543747487, 0.027768893990460255, -0.01315294809088609], [-0.013430323817264082, 0.011835990011336093, -0.06383328090463684, 0.017758160204008368, 0.027768893990460255, 0.34299375902830365, -0.003693955482981894], [-0.07193926596002806, 0.006714346641486124, -0.06381041105909722, 0.014775031510206697, -0.01315294809088609, -0.003693955482981894, 0.3058424741484863]]",
    "monomial_list": "[1, x6, x5, x4, x3, x2, x1]"
}