{
    "name": "Multiplier-2",
    "rational_expression": "3629*x1**2/10000 - 1463*x1*x2/10000 - 1107*x1*x3/100000 + 5099*x1*x4/100000 + 1249*x1*x5/20000 + 411*x1*x6/12500 - 5781*x1/1000000 + 4861*x2**2/10000 + 99*x2*x3/4000 - 1897*x2*x4/25000 - 1123*x2*x5/10000 - 9929*x2*x6/100000 + 7893*x2/10000 + 431*x3**2/1250 + 4083*x3*x4/100000 + 429*x3*x5/10000 + 929*x3*x6/20000 + 2267*x3/5000 + 3249*x4**2/10000 + 1299*x4*x5/20000 + 1279*x4*x6/50000 + 1979*x4/10000 + 157*x5**2/400 + 6823*x5*x6/1000000 + 89*x5/500 + 1627*x6**2/5000 + 8899*x6/100000 + 287/200",
    "Q": "[[1.4354818094364985, 0.04500164140835726, 0.08910750162669018, 0.09853304986358022, 0.2274258291382089, 0.39442497575098207, -0.0023434426217698785], [0.04500164140835726, 0.3254195541955642, 0.0034904095753315223, 0.012811554879304682, 0.023383865300901325, -0.049455181718420324, 0.016497625739203013], [0.08910750162669018, 0.0034904095753315223, 0.3930194724976679, 0.03263946200374689, 0.021631076276938447, -0.05636400923396247, 0.03138442288842591], [0.09853304986358022, 0.012811554879304682, 0.03263946200374689, 0.3252752596776305, 0.020363547756684076, -0.0380552320213404, 0.02551467519259441], [0.2274258291382089, 0.023383865300901325, 0.021631076276938447, 0.020363547756684076, 0.3453608594123184, 0.012472297811012887, -0.005315109783479191], [0.39442497575098207, -0.049455181718420324, -0.05636400923396247, -0.0380552320213404, 0.012472297811012887, 0.4856759916784372, -0.07282561251924828], [-0.0023434426217698785, 0.016497625739203013, 0.03138442288842591, 0.02551467519259441, -0.005315109783479191, -0.07282561251924828, 0.3632208225707416]]",
    "monomial_list": "[1, x6, x5, x4, x3, x2, x1]"
}