{
    "name": "Multiplier-5",
    "rational_expression": "3453*x1**2/10000 + 749*x1*x2/200000 - 647*x1*x3/12500 + 4299*x1*x4/500000 - 1887*x1*x5/10000 + 1599*x1*x6/100000 - 2221*x1/10000 + 3827*x2**2/10000 + 489*x2*x3/6250 + 1269*x2*x4/100000 - 377*x2*x5/2500 + 1597*x2*x6/50000 + 4761*x2/100000 + 3983*x3**2/10000 + 801*x3*x4/50000 + 4213*x3*x5/100000 + 377*x3*x6/4000 + 3067*x3/5000 + 3029*x4**2/10000 - 119*x4*x5/1000 + 19*x4*x6/1250 + 1977*x4/250000 + 2451*x5**2/5000 - 1197*x5*x6/12500 + 1937*x5/2500 + 3393*x6**2/10000 + 114*x6/625 + 661/500",
    "Q": "[[1.3220053666953928, 0.09127691027244225, 0.38707899704856, 0.003346635502217927, 0.30643348995358377, 0.023669454134792028, -0.1113627352216379], [0.09127691027244225, 0.3394736318412584, -0.0480021064601038, 0.007722429264193863, 0.047291287840527704, 0.01606507317562647, 0.00794539413311599], [0.38707899704856, -0.0480021064601038, 0.49042996141424516, -0.05974023533439986, 0.020669408013545467, -0.07555181479886806, -0.09459059990430682], [0.003346635502217927, 0.007722429264193863, -0.05974023533439986, 0.3024386321918602, 0.007855959714660701, 0.006421608872720197, 0.004508262297811349], [0.30643348995358377, 0.047291287840527704, 0.020669408013545467, 0.007855959714660701, 0.39838227447351227, 0.03899881207259112, -0.025804554283016985], [0.023669454134792028, 0.01606507317562647, -0.07555181479886806, 0.006421608872720197, 0.03899881207259112, 0.3822766338209867, 0.0018371868174376492], [-0.1113627352216379, 0.00794539413311599, -0.09459059990430682, 0.004508262297811349, -0.025804554283016985, 0.0018371868174376492, 0.3452397363099876]]",
    "monomial_list": "[1, x6, x5, x4, x3, x2, x1]"
}