{
    "name": "Multiplier-5",
    "rational_expression": "691*x1**2/2000 + 62*x1*x2/15625 - 517*x1*x3/10000 + 897*x1*x4/100000 - 379*x1*x5/2000 + 1597*x1*x6/100000 - 139*x1/625 + 3817*x2**2/10000 + 3881*x2*x3/50000 + 1269*x2*x4/100000 - 377*x2*x5/2500 + 639*x2*x6/20000 + 149*x2/3125 + 249*x3**2/625 + 743*x3*x4/50000 + 53*x3*x5/1250 + 9431*x3*x6/100000 + 6143*x3/10000 + 3019*x4**2/10000 - 599*x4*x5/5000 + 751*x4*x6/50000 + 2667*x4/500000 + 613*x5**2/1250 - 299*x5*x6/3125 + 7759*x5/10000 + 3393*x6**2/10000 + 913*x6/5000 + 331/250",
    "Q": "[[1.323789242546974, 0.09154342717072841, 0.3873056022043, 0.003305855250047859, 0.3068780152364898, 0.024010794647139382, -0.11121876009609828], [0.09154342717072841, 0.3392584616027955, -0.04794861375993063, 0.007615910965501101, 0.047273415868636974, 0.016065327398471427, 0.007896577886353933], [0.3873056022043, -0.04794861375993063, 0.49022090530885426, -0.059801012893243397, 0.020816482408966365, -0.07546010934452455, -0.0945980869685154], [0.003305855250047859, 0.007615910965501101, -0.059801012893243397, 0.30199928854268837, 0.007672063333056446, 0.0063405435048912015, 0.004382824285358196], [0.3068780152364898, 0.047273415868636974, 0.020816482408966365, 0.007672063333056446, 0.39810854112897054, 0.03902417524384216, -0.02582435845974635], [0.024010794647139382, 0.016065327398471427, -0.07546010934452455, 0.0063405435048912015, 0.03902417524384216, 0.3820901916672068, 0.0018082467570019619], [-0.11121876009609828, 0.007896577886353933, -0.0945980869685154, 0.004382824285358196, -0.02582435845974635, 0.0018082467570019619, 0.34492210579067656]]",
    "monomial_list": "[1, x6, x5, x4, x3, x2, x1]"
}