{
    "name": "Multiplier-1",
    "rational_expression": "4763*x1**2/10000 - 93*x1*x2/500 + 4559*x1*x3/10000000 - 811*x1*x4/5000 - 911*x1*x5/5000 - 699*x1*x6/5000 + 4017*x1/5000 + 909*x2**2/2500 + 259*x2*x3/12500 - 421*x2*x4/50000 - 72*x2*x5/3125 + 3149*x2*x6/1000000 - 79*x2/500 + 503*x3**2/1250 - 3029*x3*x4/100000 - 7*x3*x5/200 + 1707*x3*x6/100000 + 6111*x3/10000 + 2929*x4**2/10000 + 59*x4*x5/50000 - 151*x4*x6/12500 - 137*x4/1000 + 3539*x5**2/10000 - 129*x5*x6/6250 - 1159*x5/5000 + 3167*x6**2/10000 - 1897*x6/20000 + 1317/1000",
    "Q": "[[1.3166232242640696, -0.0472584359450769, -0.11594203190094375, -0.06852950359330703, 0.3056760945082093, -0.0786512720376234, 0.40178250579495434], [-0.0472584359450769, 0.3164440090199795, -0.010308524231509094, -0.006058775001880435, 0.008618008765821554, 0.0014549977929398609, -0.06986094917406123], [-0.11594203190094375, -0.010308524231509094, 0.3542277110484844, 0.0005142652165247542, -0.017543483729242658, -0.011491213712302852, -0.09130932496401752], [-0.06852950359330703, -0.006058775001880435, 0.0005142652165247542, 0.29288362391813694, -0.015276638572253367, -0.004163735267493655, -0.08110506701667258], [0.3056760945082093, 0.008618008765821554, -0.017543483729242658, -0.015276638572253367, 0.4026708473558068, 0.010301662578933616, 0.0002685765251498424], [-0.0786512720376234, 0.0014549977929398609, -0.011491213712302852, -0.004163735267493655, 0.010301662578933616, 0.36307319938927823, -0.09277406581918435], [0.40178250579495434, -0.06986094917406123, -0.09130932496401752, -0.08110506701667258, 0.0002685765251498424, -0.09277406581918435, 0.4767989129517944]]",
    "monomial_list": "[1, x6, x5, x4, x3, x2, x1]"
}