{
    "name": "Multiplier-5",
    "rational_expression": "691*x1**2/2000 + 62*x1*x2/15625 - 517*x1*x3/10000 + 897*x1*x4/100000 - 379*x1*x5/2000 + 1597*x1*x6/100000 - 139*x1/625 + 3817*x2**2/10000 + 3881*x2*x3/50000 + 1269*x2*x4/100000 - 377*x2*x5/2500 + 639*x2*x6/20000 + 149*x2/3125 + 249*x3**2/625 + 743*x3*x4/50000 + 53*x3*x5/1250 + 9431*x3*x6/100000 + 6143*x3/10000 + 3019*x4**2/10000 - 599*x4*x5/5000 + 751*x4*x6/50000 + 2667*x4/500000 + 613*x5**2/1250 - 299*x5*x6/3125 + 7759*x5/10000 + 3393*x6**2/10000 + 913*x6/5000 + 331/250",
    "Q": "[[1.3237892425482023, 0.09154342717180275, 0.3873056022019073, 0.0033058552500787224, 0.3068780152384793, 0.02401079464834838, -0.11121876009533674], [0.09154342717180275, 0.33925846159983586, -0.04794861375917458, 0.00761591096536516, 0.047273415868959494, 0.01606532739847467, 0.00789657788637028], [0.3873056022019073, -0.04794861375917458, 0.4902209053049754, -0.059801012892642405, 0.02081648240992635, -0.07546010934360439, -0.09459808696758236], [0.0033058552500787224, 0.00761591096536516, -0.059801012892642405, 0.301999288539201, 0.007672063332772043, 0.006340543504762756, 0.004382824285233167], [0.3068780152384793, 0.047273415868959494, 0.02081648240992635, 0.007672063332772043, 0.3981085411268487, 0.03902417524421019, -0.02582435845950056], [0.02401079464834838, 0.01606532739847467, -0.07546010934360439, 0.006340543504762756, 0.03902417524421019, 0.3820901916642338, 0.0018082467569666071], [-0.11121876009533674, 0.00789657788637028, -0.09459808696758236, 0.004382824285233167, -0.02582435845950056, 0.0018082467569666071, 0.3449221057876797]]",
    "monomial_list": "[1, x6, x5, x4, x3, x2, x1]"
}