{
    "name": "Multiplier-6",
    "rational_expression": "3933*x1**2/10000 + 3961*x1*x2/500000 - 1399*x1*x3/50000 + 957*x1*x4/25000 + 63*x1*x5/1250 - 173*x1*x6/1000 - 1073*x1/10000 + 837*x2**2/2000 + 2163*x2*x3/100000 + 1741*x2*x4/100000 - 2253*x2*x5/100000 - 1953*x2*x6/10000 - 1457*x2/10000 + 3447*x3**2/10000 + 1953*x3*x4/100000 + 2377*x3*x5/500000 + 2657*x3*x6/100000 + 583*x3/2000 + 683*x4**2/2000 + 623*x4*x5/25000 - 217*x4*x6/3125 + 633*x4/5000 + 242*x5**2/625 - 1233*x5*x6/10000 - 277*x5/25000 + 6269*x6**2/10000 + 1243*x6/1000 + 11/8",
    "Q": "[[1.375246885920053, 0.6221471528701797, -0.006127262566122189, 0.06381407403078072, 0.146069755940035, -0.07265908926589877, -0.0539053831591729], [0.6221471528701797, 0.6271194048714877, -0.06191703291193045, -0.03423498638037753, 0.013511819239680187, -0.09736717633761956, -0.08649854696831583], [-0.006127262566122189, -0.06191703291193045, 0.38707013184560773, 0.012217433735087808, 0.002289137702447088, -0.011133157536953294, 0.025075794982477143], [0.06381407403078072, -0.03423498638037753, 0.012217433735087808, 0.3411536619721886, 0.009916324929599155, 0.008640658403325762, 0.01907793782088587], [0.146069755940035, 0.013511819239680187, 0.002289137702447088, 0.009916324929599155, 0.34439645511966377, 0.010825263179974896, -0.014036412498804824], [-0.07265908926589877, -0.09736717633761956, -0.011133157536953294, 0.008640658403325762, 0.010825263179974896, 0.41838448281528623, 0.004066521305961673], [-0.0539053831591729, -0.08649854696831583, 0.025075794982477143, 0.01907793782088587, -0.014036412498804824, 0.004066521305961673, 0.3931405118613816]]",
    "monomial_list": "[1, x6, x5, x4, x3, x2, x1]"
}