{
    "name": "Multiplier-6",
    "rational_expression": "713*x1**2/2000 + 1629*x1*x2/250000 - 131*x1*x3/2000 + 1623*x1*x4/100000 + 373*x1*x5/10000 - 227*x1*x6/1000 - 1507*x1/5000 + 93*x2**2/250 + 507*x2*x3/500000 - 1073*x2*x4/1000000 - 81*x2*x5/4000 - 1089*x2*x6/5000 - 2493*x2/10000 + 321*x3**2/1000 - 127*x3*x4/10000 - 1837*x3*x5/1000000 - 3133*x3*x6/1000000 + 2039*x3/10000 + 3127*x4**2/10000 + 3669*x4*x5/100000 - 1349*x4*x6/10000 - 2493*x4/50000 + 3901*x5**2/10000 - 1623*x5*x6/10000 - 2607*x5/50000 + 2787*x6**2/5000 + 1067*x6/1000 + 1133/1000",
    "Q": "[[1.1327112741034489, 0.5331671325160282, -0.02625205349587411, -0.024411649270833332, 0.10211053087335635, -0.12405767496507467, -0.15075172101639328], [0.5331671325160282, 0.5571315246605933, -0.08116810725056367, -0.06734818676603638, -0.0014778301040562969, -0.10851938852139796, -0.11361395277566787], [-0.02625205349587411, -0.08116810725056367, 0.3904973372459561, 0.018465136224633846, -0.0007959708816226376, -0.010103264841154565, 0.018522014403058083], [-0.024411649270833332, -0.06734818676603638, 0.018465136224633846, 0.31324114020626564, -0.006382168987284475, -0.0006008542858048455, 0.008087333247682758], [0.10211053087335635, -0.0014778301040562969, -0.0007959708816226376, -0.006382168987284475, 0.32071427962315097, 0.0005332862689853536, -0.03261003116385578], [-0.12405767496507467, -0.10851938852139796, -0.010103264841154565, -0.0006008542858048455, 0.0005332862689853536, 0.37159468467864637, 0.0032498014307616703], [-0.15075172101639328, -0.11361395277566787, 0.018522014403058083, 0.008087333247682758, -0.03261003116385578, 0.0032498014307616703, 0.35652879117452224]]",
    "monomial_list": "[1, x6, x5, x4, x3, x2, x1]"
}