{
    "name": "Multiplier-6",
    "rational_expression": "891*x1**2/2500 + 6407*x1*x2/1000000 - 6481*x1*x3/100000 + 81*x1*x4/5000 + 931*x1*x5/25000 - 2269*x1*x6/10000 - 3011*x1/10000 + 3719*x2**2/10000 + 8929*x2*x3/10000000 - 317*x2*x4/250000 - 2063*x2*x5/100000 - 2171*x2*x6/10000 - 249*x2/1000 + 321*x3**2/1000 - 1277*x3*x4/100000 - 613*x3*x5/500000 - 1609*x3*x6/500000 + 2037*x3/10000 + 3137*x4**2/10000 + 3661*x4*x5/100000 - 1349*x4*x6/10000 - 2491*x4/50000 + 391*x5**2/1000 - 1617*x5*x6/10000 - 521*x5/10000 + 1393*x6**2/2500 + 533*x6/500 + 283/250",
    "Q": "[[1.131731423777889, 0.5330715356307424, -0.026536312748477137, -0.024486391970277153, 0.10198540387380248, -0.12426894131216154, -0.15091057320150691], [0.5330715356307424, 0.5573875005585746, -0.08124795484143607, -0.06733886940187943, -0.001475246055899491, -0.10858301309602324, -0.11365696441731243], [-0.026536312748477137, -0.08124795484143607, 0.3906797604648129, 0.018526472106329826, -0.0007838656179690047, -0.01011993490871892, 0.018550869882982816], [-0.024486391970277153, -0.06733886940187943, 0.018526472106329826, 0.3136264780289, -0.00623862206576412, -0.0005539159744773636, 0.008170236751569878], [0.10198540387380248, -0.001475246055899491, -0.0007838656179690047, -0.00623862206576412, 0.3210851083026103, 0.0005561686266236385, -0.032578371715485416], [-0.12426894131216154, -0.10858301309602324, -0.01011993490871892, -0.0005539159744773636, 0.0005561686266236385, 0.3718386568980214, 0.0032837845560611187], [-0.15091057320150691, -0.11365696441731243, 0.018550869882982816, 0.008170236751569878, -0.032578371715485416, 0.0032837845560611187, 0.3568189300810549]]",
    "monomial_list": "[1, x6, x5, x4, x3, x2, x1]"
}