{
    "name": "Multiplier-5",
    "rational_expression": "3701*x1**2/10000 - 4769*x1*x2/1000000 - 1317*x1*x3/25000 + 18*x1*x4/3125 - 1023*x1*x5/5000 - 3681*x1*x6/1000000 - 2483*x1/10000 + 4383*x2**2/10000 + 523*x2*x3/6250 + 183*x2*x4/5000 - 61*x2*x5/400 + 1669*x2*x6/100000 + 3727*x2/50000 + 3971*x3**2/10000 + 1029*x3*x4/20000 + 2921*x3*x5/50000 + 2767*x3*x6/50000 + 5437*x3/10000 + 671*x4**2/2000 - 7987*x4*x5/100000 + 1617*x4*x6/100000 + 759*x4/5000 + 1161*x5**2/2000 - 1153*x5*x6/10000 + 1043*x5/1000 + 449*x6**2/1250 + 331*x6/10000 + 69/50",
    "Q": "[[1.379903247268998, 0.017059508696381807, 0.522041248494565, 0.07654540667687124, 0.2716957812767635, 0.03700167592869279, -0.12351021271839598], [0.017059508696381807, 0.35874066260980575, -0.057233219531932264, 0.008099991068353652, 0.027860679469926205, 0.008404874200747679, -0.0018518306508299126], [0.522041248494565, -0.057233219531932264, 0.581156763843486, -0.03958309459767637, 0.02930918978502219, -0.07651764983875857, -0.10197258426796876], [0.07654540667687124, 0.008099991068353652, -0.03958309459767637, 0.33592776726659546, 0.02580587425691961, 0.018461735645501257, 0.002788290278751694], [0.2716957812767635, 0.027860679469926205, 0.02930918978502219, 0.02580587425691961, 0.3973143735946552, 0.041864839665434805, -0.026284604703863606], [0.03700167592869279, 0.008404874200747679, -0.07651764983875857, 0.018461735645501257, 0.041864839665434805, 0.43845899094929025, -0.0024959520584606114], [-0.12351021271839598, -0.0018518306508299126, -0.10197258426796876, 0.002788290278751694, -0.026284604703863606, -0.0024959520584606114, 0.3703044427614033]]",
    "monomial_list": "[1, x6, x5, x4, x3, x2, x1]"
}