{
    "name": "Total Decomposition",
    "rational_expression": "298*x1**4/625 - 1861*x1**3*x2/10000 + 1023*x1**3*x3/1000000 - 1619*x1**3*x4/10000 - 913*x1**3*x5/5000 - 1403*x1**3*x6/10000 - 783*x1**3/1250 + 3631*x1**2*x2**2/5000 + 1007*x1**2*x2*x3/50000 - 1013*x1**2*x2*x4/125000 - 2323*x1**2*x2*x5/100000 + 793*x1**2*x2*x6/500000 - 3449*x1**2*x2/5000 + 3923*x1**2*x3**2/5000 - 617*x1**2*x3*x4/20000 - 3539*x1**2*x3*x5/100000 + 1667*x1**2*x3*x6/100000 - 5357*x1**2*x3/10000 + 6463*x1**2*x4**2/10000 + 1313*x1**2*x4*x5/1000000 - 163*x1**2*x4*x6/12500 - 3567*x1**2*x4/5000 + 6989*x1**2*x5**2/10000 - 2157*x1**2*x5*x6/100000 - 7183*x1**2*x5/10000 + 6723*x1**2*x6**2/10000 - 7417*x1**2*x6/10000 + 869*x1**2/500 - 1457*x1*x2**3/10000 - 1073*x1*x2**2*x3/100000 + 5079*x1*x2**2*x4/100000 + 1587*x1*x2**2*x5/25000 + 639*x1*x2**2*x6/20000 - 6563*x1*x2**2/10000 + 4081*x1*x2*x3**2/1000000 + 5209*x1*x2*x3*x4/10000000 - 737*x1*x2*x3*x5/500000 + 1587*x1*x2*x3*x6/10000000 - 1953*x1*x2*x3/50000 + 779*x1*x2*x4**2/50000 + 149*x1*x2*x4*x5/1250000 + 137*x1*x2*x4*x6/1250000 - 1713*x1*x2*x4/10000 + 937*x1*x2*x5**2/250000 - 3*x1*x2*x5*x6/2500 - 1297*x1*x2*x5/10000 + 421*x1*x2*x6**2/62500 - 619*x1*x2*x6/5000 + 8031*x1*x2/10000 - 2581*x1*x3**3/10000 + 151*x1*x3**2*x4/3125 + 5857*x1*x3**2*x5/100000 + 2627*x1*x3**2*x6/100000 - 6799*x1*x3**2/10000 - 761*x1*x3*x4**2/10000 - 5853*x1*x3*x4*x5/10000000 - 3011*x1*x3*x4*x6/5000000 + 879*x1*x3*x4/5000 - 5189*x1*x3*x5**2/100000 - 19*x1*x3*x5*x6/1562500 + 8601*x1*x3*x5/100000 - 3263*x1*x3*x6**2/50000 + 6273*x1*x3*x6/100000 + 2239*x1*x3/5000 - 2659*x1*x4**3/10000 + 1907*x1*x4**2*x5/50000 + 207*x1*x4**2*x6/12500 - 2383*x1*x4**2/5000 + 1959*x1*x4*x5**2/250000 - 1881*x1*x4*x5*x6/2500000 - 353*x1*x4*x5/2500 + 1597*x1*x4*x6**2/100000 - 187*x1*x4*x6/3125 + 6357*x1*x4/100000 - 189*x1*x5**3/1000 + 1543*x1*x5**2*x6/100000 - 717*x1*x5**2/1000 + 1839*x1*x5*x6**2/50000 - 1871*x1*x5*x6/20000 + 1307*x1*x5/2500 - 2277*x1*x6**3/10000 - 2839*x1*x6**2/5000 + 4601*x1*x6/10000 + 1429*x1/25000 + 4857*x2**4/10000 + 2453*x2**3*x3/100000 - 3821*x2**3*x4/50000 - 1129*x2**3*x5/10000 - 9889*x2**3*x6/100000 - 3347*x2**3/5000 + 7299*x2**2*x3**2/10000 + 4053*x2**2*x3*x4/100000 + 2171*x2**2*x3*x5/50000 + 37*x2**2*x3*x6/800 - 3853*x2**2*x3/5000 + 87*x2**2*x4**2/125 + 407*x2**2*x4*x5/6250 + 2529*x2**2*x4*x6/100000 - 1709*x2**2*x4/2500 + 3877*x2**2*x5**2/5000 + 399*x2**2*x5*x6/62500 - 6321*x2**2*x5/10000 + 6971*x2**2*x6**2/10000 - 3641*x2**2*x6/5000 + 909*x2**2/500 - 719*x2*x3**3/2500 - 291*x2*x3**2*x4/50000 - 1341*x2*x3**2*x5/50000 + 1383*x2*x3**2*x6/100000 - 5549*x2*x3**2/10000 - 873*x2*x3*x4**2/50000 + 669*x2*x3*x4*x5/12500000 + 1663*x2*x3*x4*x6/5000000 - 5153*x2*x3*x4/100000 + 241*x2*x3*x5**2/3125 + 1503*x2*x3*x5*x6/2000000 - 2807*x2*x3*x5/10000 + 8259*x2*x3*x6**2/10000000 - 1863*x2*x3*x6/10000 - 139*x2*x3/400 - 2609*x2*x4**3/10000 - 1493*x2*x4**2*x5/100000 + 1301*x2*x4**2*x6/250000 - 5353*x2*x4**2/10000 + 1229*x2*x4*x5**2/100000 - 511*x2*x4*x5*x6/2000000 - 1883*x2*x4*x5/10000 - 767*x2*x4*x6**2/500000 - 173*x2*x4*x6/2000 + 4311*x2*x4/10000 - 1507*x2*x5**3/10000 + 4*x2*x5**2*x6/125 - 6793*x2*x5**2/10000 - 1999*x2*x5*x6**2/100000 - 5637*x2*x5*x6/100000 + 1229*x2*x5/1000 - 2171*x2*x6**3/10000 - 2867*x2*x6**2/5000 + 9159*x2*x6/10000 + 821*x2/2000 + 5697*x3**4/10000 - 1981*x3**3*x4/10000 - 501*x3**3*x5/2000 - 2041*x3**3*x6/10000 - 4031*x3**3/5000 + 394*x3**2*x4**2/625 + 1377*x3**2*x4*x5/50000 + 3473*x3**2*x4*x6/1000000 - 1027*x3**2*x4/2000 + 781*x3**2*x5**2/1000 - 2373*x3**2*x5*x6/100000 - 7067*x3**2*x5/10000 + 131*x3**2*x6**2/200 - 5973*x3**2*x6/10000 + 593*x3**2/250 - 11*x3*x4**3/100 - 5253*x3*x4**2*x5/100000 - 4519*x3*x4**2*x6/500000 - 1567*x3*x4**2/2500 + 1541*x3*x4*x5**2/100000 + 123*x3*x4*x5*x6/100000 + 711*x3*x4*x5/25000 - 1313*x3*x4*x6**2/100000 + 5479*x3*x4*x6/100000 + 243*x3*x4/1250 + 4133*x3*x5**3/100000 + 2349*x3*x5**2*x6/25000 - 1647*x3*x5**2/2500 - 1751*x3*x5*x6**2/1000000 - 419*x3*x5*x6/2000 + 289*x3*x5/2500 - 3283*x3*x6**3/1000000 - 7889*x3*x6**2/10000 - 159*x3*x6/1000 - 1707*x3/1000 + 4887*x4**4/10000 - 2371*x4**3*x5/10000 - 979*x4**3*x6/5000 - 6047*x4**3/10000 + 3321*x4**2*x5**2/5000 - 467*x4**2*x5*x6/25000 - 5313*x4**2*x5/10000 + 6367*x4**2*x6**2/10000 - 281*x4**2*x6/500 + 521*x4**2/250 - 149*x4*x5**3/1250 + 367*x4*x5**2*x6/25000 - 289*x4*x5**2/400 + 1869*x4*x5*x6**2/50000 - 251*x4*x5*x6/2500 + 1283*x4*x5/5000 - 1351*x4*x6**3/10000 - 769*x4*x6**2/1250 + 53*x4*x6/125 - 2559*x4/5000 + 2449*x5**4/5000 - 1927*x5**3*x6/20000 - 6949*x5**3/10000 + 7299*x5**2*x6**2/10000 - 6997*x5**2*x6/10000 + 1707*x5**2/1000 - 13*x5*x6**3/80 - 5833*x5*x6**2/10000 + 271*x5*x6/250 + 299*x5/2500 + 5573*x6**4/10000 - 1209*x6**3/2000 + 273*x6**2/125 - 2339*x6/50000 + 1299/1000",
    "Q": "[[1.2990566299960262, -0.023754925929699314, 0.059463939894889226, -0.2555973424186969, -0.8532927832785819, 0.20510235505678143, 0.029082835624537815, 0.16188030374511353, -0.025682501769106955, -0.07178901517439215, -0.06831381870627339, -0.08294949887291382, -0.10796180617643344, 0.03827864687658406, -0.10347223869621947, -0.027885897391627758, -0.014596760310743044, -0.10564949623098752, 0.22432851458983408, -0.0046199594221997785, -0.08696233471201856, -0.1270478725901334, 0.25867922193551596, -0.1065639212062907, 0.02155218598388255, 0.03731714990860749, -0.07065353717819667, 0.07297755912495255], [-0.023754925929699314, 1.8596067219104733, 0.567862010805474, 0.2837630435131309, -0.010367050214220198, 0.540448548616792, 0.3374819972532541, -0.30253015390577154, -0.15920536179510128, -0.18282204176337502, -0.21895354387074498, -0.17516491611952417, -0.18088413374824336, -0.20507283240876184, -0.04749790630123408, -0.04611149984430464, 0.015499945953669717, -0.029986847397059525, -0.13229465640642424, -0.027395748415495642, -0.017287591863818754, -0.04240639631366759, -0.20058121060150827, -0.06749913721049815, 0.01607580376209917, -0.1840524486541048, 0.004194197434821585, -0.1954570105407159], [0.059463939894889226, 0.567862010805474, 1.6317800032575058, 0.2326959628313776, 0.08528525342304456, 0.6281837966944234, 0.3666380014902512, -0.13243006177980365, -0.1452839044418482, -0.02752630617256255, -0.08222602672889538, -0.036061815798870106, -0.03382335858143043, -0.34802575518651085, -0.2049987234300736, -0.18899896400497077, -0.1327846284239084, -0.18867730964852894, -0.10781415364323414, -0.03657179244882084, -0.034670153616076255, -0.05348769997696743, -0.20468999969371313, -0.09055063780980485, 0.013080822500414674, -0.18201330377600564, -0.012465928260458087, -0.17762659721854582], [-0.2555973424186969, 0.2837630435131309, 0.2326959628313776, 1.6349100304613362, 0.10279347956839201, 0.30284319587167674, 0.1589756790548454, -0.12425061987004975, 0.02541724772197485, -0.1489375023868435, -0.014843269405605099, 0.012164361049037696, 0.020737976899961676, -0.15682513101862536, -0.15797946748968086, -0.012972889446342744, 0.021993410172061634, 0.017793957403795285, -0.30205775727535644, -0.16914658990929052, -0.16173245221736965, -0.15085381615961124, -0.16186864589041283, -0.03097499823683505, 0.028423208017574544, -0.1496708052424209, 0.02299718657643096, -0.14601610387604116], [-0.8532927832785819, -0.010367050214220198, 0.08528525342304456, 0.10279347956839201, 1.8543697682010718, -0.06703356189644868, 0.20137342071659137, -0.17565586426880334, 0.023485967348891464, 0.06929338911052228, -0.09940851935925374, 0.05837390946661591, 0.07239814806134255, -0.14142658959804139, 0.06361312217654025, -0.14844728285991973, 0.01010087844320218, 0.06477895271783979, -0.14344214478136177, -0.09582451003591547, 0.05223224826209877, 0.0864666459284623, -0.40263602137887344, -0.10404047935541767, -0.1398877074496481, -0.14415224707130006, 0.04767770787563288, -0.1192379204603223], [0.20510235505678143, 0.540448548616792, 0.6281837966944234, 0.30284319587167674, -0.06703356189644868, 1.7423764899207248, 0.4721765513792578, -0.11146392400127594, -0.0077955465526364405, -0.03858597698353405, -0.08386739328860203, -0.17997239123260753, -0.05300408148297269, -0.20635345707001354, -0.08128499445335415, -0.061365124128468874, -0.1329224538238702, -0.0689381571903185, -0.10497190220882176, -0.046943748267125, -0.19266422465788527, -0.08641333270785537, -0.1735598935355732, -0.24205960122291384, 0.004286295992573706, -0.3340890111940934, -0.16806296916367558, -0.1872558751441507], [0.029082835624537815, 0.3374819972532541, 0.3666380014902512, 0.1589756790548454, 0.20137342071659137, 0.4721765513792578, 1.592072744086782, -0.10329858727808501, 0.015569022661605564, -0.009233501809733749, -0.05735145644052804, -0.014704069111051585, -0.17686188135893388, -0.16970475064032103, -0.035791541542060296, -0.03462289631486491, 0.016336256772287304, -0.18159312635576566, -0.08827389141513389, -0.027537559396520122, -0.02271830614801953, -0.21012906220362526, -0.1989158908781578, -0.07245003010008103, -0.1480894349897671, -0.16006160738164418, -0.15777842879461276, -0.3129203294930489], [0.16188030374511353, -0.30253015390577154, -0.13243006177980365, -0.12425061987004975, -0.17565586426880334, -0.11146392400127594, -0.10329858727808501, 0.5571315246606025, -0.08116810725056378, -0.06734818676604187, -0.0014778301040377676, -0.10851938852140854, -0.11361395277566702, 0.10263748803330096, 0.016820684903791985, 0.017312492490672456, -0.0017389171805895223, 0.01073848771402854, 0.07798096370998242, 0.006974437434476648, 0.0030917456028034633, 0.008012422616961183, 0.08288224410105072, 0.009805940526078678, -0.00871995451831226, 0.0900113409396043, -0.0019290424365507107, 0.08095256447311232], [-0.025682501769106955, -0.15920536179510128, -0.1452839044418482, 0.02541724772197485, 0.023485967348891464, -0.0077955465526364405, 0.015569022661605564, -0.08116810725056378, 0.5244808223998298, 0.001644451320845917, -0.01810846337228295, -0.008364347660572619, 0.007783526689013657, -0.047948613759164184, -0.010719305327563813, 0.012534576046885671, 0.002432641108577985, -0.010007926668617426, -0.01018058422704209, -0.01122107614519386, 8.328457656240944e-05, -0.00934770943560214, -0.01203326601736426, 0.001051039218209989, -0.008652484279883845, 0.009210016349871467, -0.0003030327347334122, -0.00814387691886355], [-0.07178901517439215, -0.18282204176337502, -0.02752630617256255, -0.1489375023868435, 0.06929338911052228, -0.03858597698353405, -0.009233501809733749, -0.06734818676604187, 0.001644451320845917, 0.4804162612268427, -0.013356606421768327, -0.0036925998886307054, 7.4910630712436e-05, 0.018335216292929883, 0.0006351919543450445, 0.00014343919699034077, -0.002911250291700528, 0.004418594931102136, -0.09785018471987295, -0.02224535495881941, -0.0007494918158580212, 0.006586549195682385, 0.006346558020309206, 0.002654449835215719, -0.012330215095592307, 0.012460525320382086, -0.0029780485175211987, 0.0026901543688850026], [-0.06831381870627339, -0.21895354387074498, -0.08222602672889538, -0.014843269405605099, -0.09940851935925374, -0.08386739328860203, -0.05735145644052804, -0.0014778301040377676, -0.01810846337228295, -0.013356606421768327, 0.4890520776375402, -0.009272654257097338, -0.023890076645533734, 0.034738839822070544, 0.01107763694821071, 0.0005063407715269769, -0.005899931034314773, 0.007193288053363171, 0.01784406933811417, -0.004581227175468706, -0.0002564155234154925, 0.012980376445452786, -0.10198753185291726, 0.012177685789958849, -0.002368613017042033, 0.02183520780749754, -0.003128429715161744, 0.0269800950688231], [-0.08294949887291382, -0.17516491611952417, -0.036061815798870106, 0.012164361049037696, 0.05837390946661591, -0.17997239123260753, -0.014704069111051585, -0.10851938852140854, -0.008364347660572619, -0.0036925998886307054, -0.009272654257097338, 0.5169915566126922, 0.005178843867315259, 0.013632686289898817, 0.0028279657151391835, 0.004848891816093367, -0.005719606774548318, 0.002884312763240626, 0.0031085271552341973, -0.0023980343117831478, 0.0003510295589528362, 0.0020991351775625352, -0.005097297015951187, 0.0015486574936247003, -0.00319752567695074, -0.04945518171776778, 0.0017198030669648683, 0.006481636420663766], [-0.10796180617643344, -0.18088413374824336, -0.03382335858143043, 0.020737976899961676, 0.07239814806134255, -0.05300408148297269, -0.17686188135893388, -0.11361395277566702, 0.007783526689013657, 7.4910630712436e-05, -0.023890076645533734, 0.005178843867315259, 0.5108055677862442, 0.017904504554983276, 0.004929114504498666, 0.0014591962265155377, -0.002581280028504021, -0.0021943209316147073, 0.0017989967047274645, -0.0006501613498590313, 0.0008789133399471099, -0.008862393109008444, 0.016027404491085216, 0.006325955392097908, -0.01840302050672652, 0.014777822672210344, -0.005057745870864364, -0.06988386643250011], [0.03827864687658406, -0.20507283240876184, -0.34802575518651085, -0.15682513101862536, -0.14142658959804139, -0.20635345707001354, -0.16970475064032103, 0.10263748803330096, -0.047948613759164184, 0.018335216292929883, 0.034738839822070544, 0.013632686289898817, 0.017904504554983276, 0.4902209053049613, -0.05980101289265169, 0.020816482409933328, -0.07546010934360992, -0.09459808696756755, 0.07946324214708167, 0.01592178930401868, 0.01682090327263188, 0.014588693919364308, 0.10922291936619064, 0.03359552731605891, -0.0012460116834034426, 0.11301733662607859, 0.009135112223496675, 0.09536133545044753], [-0.10347223869621947, -0.04749790630123408, -0.2049987234300736, -0.15797946748968086, 0.06361312217654025, -0.08128499445335415, -0.035791541542060296, 0.016820684903791985, -0.010719305327563813, 0.0006351919543450445, 0.01107763694821071, 0.0028279657151391835, 0.004929114504498666, -0.05980101289265169, 0.5060946364961648, -0.008249725971216905, -0.010480359767844397, -0.010205869634138458, -0.11854542624558202, -0.01264026822130946, 0.008708864574724222, 0.014020139658878904, 0.02736748430201335, 0.011867555634203893, -0.008800003848747346, 0.021078269138724945, 0.00215226135402824, 0.005437353076043597], [-0.027885897391627758, -0.04611149984430464, -0.18899896400497077, -0.012972889446342744, -0.14844728285991973, -0.061365124128468874, -0.03462289631486491, 0.017312492490672456, 0.012534576046885671, 0.00014343919699034077, 0.0005063407715269769, 0.004848891816093367, 0.0014591962265155377, 0.020816482409933328, -0.008249725971216905, 0.5628987834689032, 0.005428647928168206, -0.024578346776107603, -0.01358861708915121, -0.013500142418139526, 0.0019451480082065815, -0.00037726456747586766, -0.12534500855340727, 0.011856497856846547, 0.002803090541629745, 0.025090178684289092, -0.001742641756607354, 0.008708401212131083], [-0.014596760310743044, 0.015499945953669717, -0.1327846284239084, 0.021993410172061634, 0.01010087844320218, -0.1329224538238702, 0.016336256772287304, -0.0017389171805895223, 0.002432641108577985, -0.002911250291700528, -0.005899931034314773, -0.005719606774548318, -0.002581280028504021, -0.07546010934360992, -0.010480359767844397, 0.005428647928168206, 0.5490749905275145, -0.007326865466531449, -0.016368290784064106, -0.013812703642417436, 0.011561192864968426, -0.009376275873303324, -0.025240121546637583, -0.0034591024070647143, -0.006993439431754056, -0.05636400923321652, 0.012996642348182376, -0.010796949326679026], [-0.10564949623098752, -0.029986847397059525, -0.18867730964852894, 0.017793957403795285, 0.06477895271783979, -0.0689381571903185, -0.18159312635576566, 0.01073848771402854, -0.010007926668617426, 0.004418594931102136, 0.007193288053363171, 0.002884312763240626, -0.0021943209316147073, -0.09459808696756755, -0.010205869634138458, -0.024578346776107603, -0.007326865466531449, 0.508171142284236, 0.0050161691942572926, 0.009177268416232074, 0.007224014519267564, -0.005028058176000132, 0.026134855171083146, 0.008736081188365299, -0.026234281432864145, 0.018387780540217016, -0.0007064440924342624, -0.09131977540456142], [0.22432851458983408, -0.13229465640642424, -0.10781415364323414, -0.30205775727535644, -0.14344214478136177, -0.10497190220882176, -0.08827389141513389, 0.07798096370998242, -0.01018058422704209, -0.09785018471987295, 0.01784406933811417, 0.0031085271552341973, 0.0017989967047274645, 0.07946324214708167, -0.11854542624558202, -0.01358861708915121, -0.016368290784064106, 0.0050161691942572926, 0.4880991789323134, -0.05488854394750264, -0.13021269208857764, -0.13231682405385645, 0.10925186603611434, 0.010677183352005416, -0.02448216112096697, 0.07987257201198066, -0.007669103039348625, 0.0741230814209682], [-0.0046199594221997785, -0.027395748415495642, -0.03657179244882084, -0.16914658990929052, -0.09582451003591547, -0.046943748267125, -0.027537559396520122, 0.006974437434476648, -0.01122107614519386, -0.02224535495881941, -0.004581227175468706, -0.0023980343117831478, -0.0006501613498590313, 0.01592178930401868, -0.01264026822130946, -0.013500142418139526, -0.013812703642417436, 0.009177268416232074, -0.05488854394750264, 0.4116742460881255, -0.019719870182836052, -0.013753493399636902, -0.0990868679865586, 0.0037290915303330703, -0.01799172603843311, 0.011459233713333416, -0.007037475457151274, 0.02293346369845672], [-0.08696233471201856, -0.017287591863818754, -0.034670153616076255, -0.16173245221736965, 0.05223224826209877, -0.19266422465788527, -0.02271830614801953, 0.0030917456028034633, 8.328457656240944e-05, -0.0007494918158580212, -0.0002564155234154925, 0.0003510295589528362, 0.0008789133399471099, 0.01682090327263188, 0.008708864574724222, 0.0019451480082065815, 0.011561192864968426, 0.007224014519267564, -0.13021269208857764, -0.019719870182836052, 0.5355526328680213, 0.015125772801706433, -0.006487786375709673, 0.008904314043470125, -0.006857011303902232, -0.038055232020633, 0.007614051139061798, 0.00494534927382756], [-0.1270478725901334, -0.04240639631366759, -0.05348769997696743, -0.15085381615961124, 0.0864666459284623, -0.08641333270785537, -0.21012906220362526, 0.008012422616961183, -0.00934770943560214, 0.006586549195682385, 0.012980376445452786, 0.0020991351775625352, -0.008862393109008444, 0.014588693919364308, 0.014020139658878904, -0.00037726456747586766, -0.009376275873303324, -0.005028058176000132, -0.13231682405385645, -0.013753493399636902, 0.015125772801706433, 0.4982784421520717, 0.04263628503984491, 0.01389448676106157, -0.03845979969570766, 0.01790062405346466, -0.009205210135455024, -0.08125280708774912], [0.25867922193551596, -0.20058121060150827, -0.20468999969371313, -0.16186864589041283, -0.40263602137887344, -0.1735598935355732, -0.1989158908781578, 0.08288224410105072, -0.01203326601736426, 0.006346558020309206, -0.10198753185291726, -0.005097297015951187, 0.016027404491085216, 0.10922291936619064, 0.02736748430201335, -0.12534500855340727, -0.025240121546637583, 0.026134855171083146, 0.10925186603611434, -0.0990868679865586, -0.006487786375709673, 0.04263628503984491, 0.5695695025101903, -0.1434048080712542, -0.1290273808138745, 0.0871605217139007, -0.0059415994683569, 0.13287919494204642], [-0.1065639212062907, -0.06749913721049815, -0.09055063780980485, -0.03097499823683505, -0.10404047935541767, -0.24205960122291384, -0.07245003010008103, 0.009805940526078678, 0.001051039218209989, 0.002654449835215719, 0.012177685789958849, 0.0015486574936247003, 0.006325955392097908, 0.03359552731605891, 0.011867555634203893, 0.011856497856846547, -0.0034591024070647143, 0.008736081188365299, 0.010677183352005416, 0.0037290915303330703, 0.008904314043470125, 0.01389448676106157, -0.1434048080712542, 0.5551870053144313, 0.007779574977860269, 0.012472297811737932, -0.008784920564387953, 0.026118050368953847], [0.02155218598388255, 0.01607580376209917, 0.013080822500414674, 0.028423208017574544, -0.1398877074496481, 0.004286295992573706, -0.1480894349897671, -0.00871995451831226, -0.008652484279883845, -0.012330215095592307, -0.002368613017042033, -0.00319752567695074, -0.01840302050672652, -0.0012460116834034426, -0.008800003848747346, 0.002803090541629745, -0.006993439431754056, -0.026234281432864145, -0.02448216112096697, -0.01799172603843311, -0.006857011303902232, -0.03845979969570766, -0.1290273808138745, 0.007779574977860269, 0.5181937333960165, 0.00346981078121389, -0.015812240684670787, 0.00030621925501401277], [0.03731714990860749, -0.1840524486541048, -0.18201330377600564, -0.1496708052424209, -0.14415224707130006, -0.3340890111940934, -0.16006160738164418, 0.0900113409396043, 0.009210016349871467, 0.012460525320382086, 0.02183520780749754, -0.04945518171776778, 0.014777822672210344, 0.11301733662607859, 0.021078269138724945, 0.025090178684289092, -0.05636400923321652, 0.018387780540217016, 0.07987257201198066, 0.011459233713333416, -0.038055232020633, 0.01790062405346466, 0.0871605217139007, 0.012472297811737932, 0.00346981078121389, 0.485675991674275, -0.07282561251846492, 0.09834503842843947], [-0.07065353717819667, 0.004194197434821585, -0.012465928260458087, 0.02299718657643096, 0.04767770787563288, -0.16806296916367558, -0.15777842879461276, -0.0019290424365507107, -0.0003030327347334122, -0.0029780485175211987, -0.003128429715161744, 0.0017198030669648683, -0.005057745870864364, 0.009135112223496675, 0.00215226135402824, -0.001742641756607354, 0.012996642348182376, -0.0007064440924342624, -0.007669103039348625, -0.007037475457151274, 0.007614051139061798, -0.009205210135455024, -0.0059415994683569, -0.008784920564387953, -0.015812240684670787, -0.07282561251846492, 0.5293693933639907, -0.09275699697525978], [0.07297755912495255, -0.1954570105407159, -0.17762659721854582, -0.14601610387604116, -0.1192379204603223, -0.1872558751441507, -0.3129203294930489, 0.08095256447311232, -0.00814387691886355, 0.0026901543688850026, 0.0269800950688231, 0.006481636420663766, -0.06988386643250011, 0.09536133545044753, 0.005437353076043597, 0.008708401212131083, -0.010796949326679026, -0.09131977540456142, 0.0741230814209682, 0.02293346369845672, 0.00494534927382756, -0.08125280708774912, 0.13287919494204642, 0.026118050368953847, 0.00030621925501401277, 0.09834503842843947, -0.09275699697525978, 0.4764613772395601]]",
    "monomial_list": "[1, x6, x5, x4, x3, x2, x1, x6**2, x5*x6, x4*x6, x3*x6, x2*x6, x1*x6, x5**2, x4*x5, x3*x5, x2*x5, x1*x5, x4**2, x3*x4, x2*x4, x1*x4, x3**2, x2*x3, x1*x3, x2**2, x1*x2, x1**2]"
}