{
    "name": "Total Decomposition",
    "rational_expression": "298*x1**4/625 - 1861*x1**3*x2/10000 + 1023*x1**3*x3/1000000 - 1619*x1**3*x4/10000 - 913*x1**3*x5/5000 - 1403*x1**3*x6/10000 - 783*x1**3/1250 + 3631*x1**2*x2**2/5000 + 1007*x1**2*x2*x3/50000 - 1013*x1**2*x2*x4/125000 - 2323*x1**2*x2*x5/100000 + 793*x1**2*x2*x6/500000 - 3449*x1**2*x2/5000 + 3923*x1**2*x3**2/5000 - 617*x1**2*x3*x4/20000 - 3539*x1**2*x3*x5/100000 + 1667*x1**2*x3*x6/100000 - 5357*x1**2*x3/10000 + 6463*x1**2*x4**2/10000 + 1313*x1**2*x4*x5/1000000 - 163*x1**2*x4*x6/12500 - 3567*x1**2*x4/5000 + 6989*x1**2*x5**2/10000 - 2157*x1**2*x5*x6/100000 - 7183*x1**2*x5/10000 + 6723*x1**2*x6**2/10000 - 7417*x1**2*x6/10000 + 869*x1**2/500 - 1457*x1*x2**3/10000 - 1073*x1*x2**2*x3/100000 + 5079*x1*x2**2*x4/100000 + 1587*x1*x2**2*x5/25000 + 639*x1*x2**2*x6/20000 - 6563*x1*x2**2/10000 + 4081*x1*x2*x3**2/1000000 + 5209*x1*x2*x3*x4/10000000 - 737*x1*x2*x3*x5/500000 + 1587*x1*x2*x3*x6/10000000 - 1953*x1*x2*x3/50000 + 779*x1*x2*x4**2/50000 + 149*x1*x2*x4*x5/1250000 + 137*x1*x2*x4*x6/1250000 - 1713*x1*x2*x4/10000 + 937*x1*x2*x5**2/250000 - 3*x1*x2*x5*x6/2500 - 1297*x1*x2*x5/10000 + 421*x1*x2*x6**2/62500 - 619*x1*x2*x6/5000 + 8031*x1*x2/10000 - 2581*x1*x3**3/10000 + 151*x1*x3**2*x4/3125 + 5857*x1*x3**2*x5/100000 + 2627*x1*x3**2*x6/100000 - 6799*x1*x3**2/10000 - 761*x1*x3*x4**2/10000 - 5853*x1*x3*x4*x5/10000000 - 3011*x1*x3*x4*x6/5000000 + 879*x1*x3*x4/5000 - 5189*x1*x3*x5**2/100000 - 19*x1*x3*x5*x6/1562500 + 8601*x1*x3*x5/100000 - 3263*x1*x3*x6**2/50000 + 6273*x1*x3*x6/100000 + 2239*x1*x3/5000 - 2659*x1*x4**3/10000 + 1907*x1*x4**2*x5/50000 + 207*x1*x4**2*x6/12500 - 2383*x1*x4**2/5000 + 1959*x1*x4*x5**2/250000 - 1881*x1*x4*x5*x6/2500000 - 353*x1*x4*x5/2500 + 1597*x1*x4*x6**2/100000 - 187*x1*x4*x6/3125 + 6357*x1*x4/100000 - 189*x1*x5**3/1000 + 1543*x1*x5**2*x6/100000 - 717*x1*x5**2/1000 + 1839*x1*x5*x6**2/50000 - 1871*x1*x5*x6/20000 + 1307*x1*x5/2500 - 2277*x1*x6**3/10000 - 2839*x1*x6**2/5000 + 4601*x1*x6/10000 + 1429*x1/25000 + 4857*x2**4/10000 + 2453*x2**3*x3/100000 - 3821*x2**3*x4/50000 - 1129*x2**3*x5/10000 - 9889*x2**3*x6/100000 - 3347*x2**3/5000 + 7299*x2**2*x3**2/10000 + 4053*x2**2*x3*x4/100000 + 2171*x2**2*x3*x5/50000 + 37*x2**2*x3*x6/800 - 3853*x2**2*x3/5000 + 87*x2**2*x4**2/125 + 407*x2**2*x4*x5/6250 + 2529*x2**2*x4*x6/100000 - 1709*x2**2*x4/2500 + 3877*x2**2*x5**2/5000 + 399*x2**2*x5*x6/62500 - 6321*x2**2*x5/10000 + 6971*x2**2*x6**2/10000 - 3641*x2**2*x6/5000 + 909*x2**2/500 - 719*x2*x3**3/2500 - 291*x2*x3**2*x4/50000 - 1341*x2*x3**2*x5/50000 + 1383*x2*x3**2*x6/100000 - 5549*x2*x3**2/10000 - 873*x2*x3*x4**2/50000 + 669*x2*x3*x4*x5/12500000 + 1663*x2*x3*x4*x6/5000000 - 5153*x2*x3*x4/100000 + 241*x2*x3*x5**2/3125 + 1503*x2*x3*x5*x6/2000000 - 2807*x2*x3*x5/10000 + 8259*x2*x3*x6**2/10000000 - 1863*x2*x3*x6/10000 - 139*x2*x3/400 - 2609*x2*x4**3/10000 - 1493*x2*x4**2*x5/100000 + 1301*x2*x4**2*x6/250000 - 5353*x2*x4**2/10000 + 1229*x2*x4*x5**2/100000 - 511*x2*x4*x5*x6/2000000 - 1883*x2*x4*x5/10000 - 767*x2*x4*x6**2/500000 - 173*x2*x4*x6/2000 + 4311*x2*x4/10000 - 1507*x2*x5**3/10000 + 4*x2*x5**2*x6/125 - 6793*x2*x5**2/10000 - 1999*x2*x5*x6**2/100000 - 5637*x2*x5*x6/100000 + 1229*x2*x5/1000 - 2171*x2*x6**3/10000 - 2867*x2*x6**2/5000 + 9159*x2*x6/10000 + 821*x2/2000 + 5697*x3**4/10000 - 1981*x3**3*x4/10000 - 501*x3**3*x5/2000 - 2041*x3**3*x6/10000 - 4031*x3**3/5000 + 394*x3**2*x4**2/625 + 1377*x3**2*x4*x5/50000 + 3473*x3**2*x4*x6/1000000 - 1027*x3**2*x4/2000 + 781*x3**2*x5**2/1000 - 2373*x3**2*x5*x6/100000 - 7067*x3**2*x5/10000 + 131*x3**2*x6**2/200 - 5973*x3**2*x6/10000 + 593*x3**2/250 - 11*x3*x4**3/100 - 5253*x3*x4**2*x5/100000 - 4519*x3*x4**2*x6/500000 - 1567*x3*x4**2/2500 + 1541*x3*x4*x5**2/100000 + 123*x3*x4*x5*x6/100000 + 711*x3*x4*x5/25000 - 1313*x3*x4*x6**2/100000 + 5479*x3*x4*x6/100000 + 243*x3*x4/1250 + 4133*x3*x5**3/100000 + 2349*x3*x5**2*x6/25000 - 1647*x3*x5**2/2500 - 1751*x3*x5*x6**2/1000000 - 419*x3*x5*x6/2000 + 289*x3*x5/2500 - 3283*x3*x6**3/1000000 - 7889*x3*x6**2/10000 - 159*x3*x6/1000 - 1707*x3/1000 + 4887*x4**4/10000 - 2371*x4**3*x5/10000 - 979*x4**3*x6/5000 - 6047*x4**3/10000 + 3321*x4**2*x5**2/5000 - 467*x4**2*x5*x6/25000 - 5313*x4**2*x5/10000 + 6367*x4**2*x6**2/10000 - 281*x4**2*x6/500 + 521*x4**2/250 - 149*x4*x5**3/1250 + 367*x4*x5**2*x6/25000 - 289*x4*x5**2/400 + 1869*x4*x5*x6**2/50000 - 251*x4*x5*x6/2500 + 1283*x4*x5/5000 - 1351*x4*x6**3/10000 - 769*x4*x6**2/1250 + 53*x4*x6/125 - 2559*x4/5000 + 2449*x5**4/5000 - 1927*x5**3*x6/20000 - 6949*x5**3/10000 + 7299*x5**2*x6**2/10000 - 6997*x5**2*x6/10000 + 1707*x5**2/1000 - 13*x5*x6**3/80 - 5833*x5*x6**2/10000 + 271*x5*x6/250 + 299*x5/2500 + 5573*x6**4/10000 - 1209*x6**3/2000 + 273*x6**2/125 - 2339*x6/50000 + 1299/1000",
    "Q": "[[1.2990566300118302, -0.023754925933005832, 0.059463939893274136, -0.2555973424231439, -0.8532927832884127, 0.2051023550565702, 0.029082835623256573, 0.16188030374783266, -0.025682501769572718, -0.07178901517508945, -0.06831381870646322, -0.08294949887391309, -0.10796180617760612, 0.03827864687847635, -0.10347223869725874, -0.02788589739117642, -0.014596760311169148, -0.10564949623231065, 0.22432851459260897, -0.00461995942262955, -0.0869623347127281, -0.12704787259163874, 0.25867922193901133, -0.10656392120653316, 0.021552185984392316, 0.037317149910157894, -0.07065353717917287, 0.07297755912722656], [-0.023754925933005832, 1.859606721928766, 0.5678620108089587, 0.28376304351405185, -0.01036705021285828, 0.5404485486193051, 0.3374819972547795, -0.30253015390994525, -0.1592053617969083, -0.18282204176534134, -0.21895354387238564, -0.17516491612113988, -0.18088413374981827, -0.20507283240994817, -0.04749790630133948, -0.046111499843754435, 0.015499945953718782, -0.02998684739700451, -0.13229465640848342, -0.02739574841683132, -0.01728759186372715, -0.04240639631389663, -0.20058121060210998, -0.06749913720994923, 0.016075803762405673, -0.1840524486554477, 0.004194197434942409, -0.1954570105414696], [0.059463939893274136, 0.5678620108089587, 1.6317800032745453, 0.23269596283193797, 0.08528525342522489, 0.6281837966985636, 0.36663800149225956, -0.13243006178109998, -0.14528390444372458, -0.027526306172868, -0.0822260267290507, -0.03606181579908999, -0.03382335858153648, -0.34802575518996565, -0.2049987234320078, -0.18899896400676217, -0.1327846284256607, -0.18867730965023444, -0.10781415364497916, -0.03657179245032018, -0.03467015361619519, -0.053487699977260696, -0.20468999969409948, -0.09055063780986017, 0.013080822500509279, -0.1820133037774926, -0.012465928260608184, -0.17762659721921667], [-0.2555973424231439, 0.28376304351405185, 0.23269596283193797, 1.6349100304770094, 0.10279347956919078, 0.30284319587280567, 0.15897567905420848, -0.12425061987092424, 0.025417247722181267, -0.14893750238835857, -0.014843269405204541, 0.012164361049295904, 0.02073797690012699, -0.15682513101914247, -0.15797946749099143, -0.012972889445686139, 0.02199341017243632, 0.01779395740414601, -0.30205775727888, -0.16914658991159695, -0.16173245221835245, -0.15085381616100904, -0.16186864589068314, -0.030974998235944375, 0.028423208017336717, -0.1496708052431202, 0.022997186576598844, -0.14601610387673758], [-0.8532927832884127, -0.01036705021285828, 0.08528525342522489, 0.10279347956919078, 1.854369768219431, -0.06703356189571157, 0.20137342071906827, -0.1756558642705852, 0.023485967349655676, 0.06929338911122684, -0.09940851936071, 0.05837390946744207, 0.07239814806198125, -0.14142658959942983, 0.06361312217724822, -0.14844728286074468, 0.010100878444168427, 0.06477895271846067, -0.14344214478390233, -0.09582451003781364, 0.052232248263147166, 0.08646664592931935, -0.40263602138255383, -0.10404047935675803, -0.1398877074508626, -0.1441522470727509, 0.04767770787640539, -0.11923792046186824], [0.2051023550565702, 0.5404485486193051, 0.6281837966985636, 0.30284319587280567, -0.06703356189571157, 1.7423764899377032, 0.4721765513821124, -0.11146392400219844, -0.0077955465528096665, -0.03858597698395703, -0.08386739328854159, -0.1799723912345005, -0.053004081483192425, -0.20635345707102992, -0.08128499445381107, -0.0613651241280658, -0.1329224538257118, -0.068938157190713, -0.1049719022105543, -0.046943748268766024, -0.19266422465984698, -0.08641333270849053, -0.17355989353576234, -0.2420596012247051, 0.004286295992663418, -0.3340890111976042, -0.16806296916558888, -0.18725587514485742], [0.029082835623256573, 0.3374819972547795, 0.36663800149225956, 0.15897567905420848, 0.20137342071906827, 0.4721765513821124, 1.5920727441036504, -0.10329858727880625, 0.015569022661767438, -0.009233501809905108, -0.05735145644065985, -0.014704069111067024, -0.17686188136072767, -0.1697047506409546, -0.035791541542113905, -0.03462289631451757, 0.016336256772390766, -0.18159312635748567, -0.08827389141636151, -0.02753755939783456, -0.02271830614808794, -0.21012906220540464, -0.19891589087817635, -0.07245003010022867, -0.14808943499212715, -0.16006160738272193, -0.15777842879648574, -0.31292032949637766], [0.16188030374783266, -0.30253015390994525, -0.13243006178109998, -0.12425061987092424, -0.1756558642705852, -0.11146392400219844, -0.10329858727880625, 0.557131524665143, -0.08116810725137252, -0.06734818676671545, -0.001477830104682424, -0.10851938852231767, -0.11361395277658945, 0.10263748803394493, 0.016820684903919646, 0.01731249249069458, -0.0017389171804695566, 0.010738487714117895, 0.07798096371095822, 0.006974437434846318, 0.0030917456028762068, 0.008012422616920416, 0.0828822441020342, 0.009805940526144336, -0.008719954518278871, 0.09001134094027788, -0.001929042436476959, 0.08095256447377476], [-0.025682501769572718, -0.1592053617969083, -0.14528390444372458, 0.025417247722181267, 0.023485967349655676, -0.0077955465528096665, 0.015569022661767438, -0.08116810725137252, 0.5244808224043543, 0.0016444513207692728, -0.018108463372512467, -0.008364347660593137, 0.0077835266889631875, -0.04794861375992146, -0.010719305327606787, 0.012534576046459316, 0.0024326411084082938, -0.010007926668714216, -0.010180584227045002, -0.011221076145294879, 8.328457658478447e-05, -0.009347709435693687, -0.012033266017091192, 0.0010510392182488829, -0.00865248427997521, 0.009210016350028095, -0.00030303273475521626, -0.008143876918788723], [-0.07178901517508945, -0.18282204176534134, -0.027526306172868, -0.14893750238835857, 0.06929338911122684, -0.03858597698395703, -0.009233501809905108, -0.06734818676671545, 0.0016444513207692728, 0.48041626123128717, -0.013356606422037181, -0.003692599888682391, 7.491063076395531e-05, 0.018335216293147858, 0.0006351919541720366, 0.00014343919702953636, -0.0029112502917569695, 0.004418594931144614, -0.09785018472037994, -0.02224535495894999, -0.0007494918160847743, 0.006586549195423208, 0.006346558020360118, 0.0026544498352237163, -0.012330215095741056, 0.012460525320521987, -0.0029780485175518673, 0.0026901543689267404], [-0.06831381870646322, -0.21895354387238564, -0.0822260267290507, -0.014843269405204541, -0.09940851936071, -0.08386739328854159, -0.05735145644065985, -0.001477830104682424, -0.018108463372512467, -0.013356606422037181, 0.4890520776416082, -0.009272654257303656, -0.023890076645734212, 0.03473883982219259, 0.011077636948267307, 0.0005063407713395873, -0.00589993103432449, 0.007193288053430221, 0.01784406933818995, -0.0045812271755335705, -0.0002564155234591019, 0.012980376445467408, -0.10198753185380863, 0.012177685789768498, -0.002368613017029482, 0.021835207807589456, -0.003128429715135349, 0.026980095068992585], [-0.08294949887391309, -0.17516491612113988, -0.03606181579908999, 0.012164361049295904, 0.05837390946744207, -0.1799723912345005, -0.014704069111067024, -0.10851938852231767, -0.008364347660593137, -0.003692599888682391, -0.009272654257303656, 0.5169915566173849, 0.0051788438673210195, 0.01363268629006245, 0.002827965715180428, 0.004848891816076557, -0.005719606774702359, 0.002884312763259835, 0.0031085271553093637, -0.0023980343117596574, 0.0003510295587913302, 0.002099135177565229, -0.005097297015822485, 0.0015486574933078908, -0.0031975256770042683, -0.04945518171842999, 0.0017198030668731513, 0.006481636420758076], [-0.10796180617760612, -0.18088413374981827, -0.03382335858153648, 0.02073797690012699, 0.07239814806198125, -0.053004081483192425, -0.17686188136072767, -0.11361395277658945, 0.0077835266889631875, 7.491063076395531e-05, -0.023890076645734212, 0.0051788438673210195, 0.5108055677908465, 0.017904504555072358, 0.004929114504548956, 0.0014591962265386867, -0.0025812800285103304, -0.002194320931740721, 0.0017989967047794897, -0.0006501613497080424, 0.0008789133399987958, -0.008862393108958167, 0.016027404491083776, 0.006325955392152889, -0.018403020507041894, 0.014777822672333223, -0.005057745870948972, -0.06988386643332098], [0.03827864687847635, -0.20507283240994817, -0.34802575518996565, -0.15682513101914247, -0.14142658959942983, -0.20635345707102992, -0.1697047506409546, 0.10263748803394493, -0.04794861375992146, 0.018335216293147858, 0.03473883982219259, 0.01363268629006245, 0.017904504555072358, 0.4902209053088685, -0.059801012893235764, 0.020816482408962708, -0.07546010934451466, -0.09459808696851249, 0.07946324214795215, 0.015921789304550932, 0.0168209032727535, 0.014588693919437979, 0.10922291936718807, 0.033595527316069206, -0.0012460116834009161, 0.11301733662669357, 0.009135112223612955, 0.09536133545103345], [-0.10347223869725874, -0.04749790630133948, -0.2049987234320078, -0.15797946749099143, 0.06361312217724822, -0.08128499445381107, -0.035791541542113905, 0.016820684903919646, -0.010719305327606787, 0.0006351919541720366, 0.011077636948267307, 0.002827965715180428, 0.004929114504548956, -0.059801012893235764, 0.5060946365007656, -0.00824972597149991, -0.01048035976785334, -0.010205869634038208, -0.11854542624637913, -0.012640268221460122, 0.008708864574605355, 0.01402013965867879, 0.02736748430201637, 0.011867555634333508, -0.008800003848838337, 0.021078269138970426, 0.002152261354089518, 0.0054373530760838855], [-0.02788589739117642, -0.046111499843754435, -0.18899896400676217, -0.012972889445686139, -0.14844728286074468, -0.0613651241280658, -0.03462289631451757, 0.01731249249069458, 0.012534576046459316, 0.00014343919702953636, 0.0005063407713395873, 0.004848891816076557, 0.0014591962265386867, 0.020816482408962708, -0.00824972597149991, 0.5628987834717947, 0.005428647927765006, -0.024578346776340628, -0.013588617089160239, -0.013500142418340653, 0.0019451480082674471, -0.0003772645675376013, -0.1253450085540216, 0.011856497856714741, 0.0028030905414368774, 0.02509017868435724, -0.0017426417565523297, 0.008708401212201941], [-0.014596760311169148, 0.015499945953718782, -0.1327846284256607, 0.02199341017243632, 0.010100878444168427, -0.1329224538257118, 0.016336256772390766, -0.0017389171804695566, 0.0024326411084082938, -0.0029112502917569695, -0.00589993103432449, -0.005719606774702359, -0.0025812800285103304, -0.07546010934451466, -0.01048035976785334, 0.005428647927765006, 0.5490749905321528, -0.007326865466594343, -0.016368290784126105, -0.013812703642626972, 0.011561192864763974, -0.009376275873356222, -0.025240121546337067, -0.0034591024074271262, -0.0069934394318535075, -0.056364009233967616, 0.012996642348064132, -0.010796949326604247], [-0.10564949623231065, -0.02998684739700451, -0.18867730965023444, 0.01779395740414601, 0.06477895271846067, -0.068938157190713, -0.18159312635748567, 0.010738487714117895, -0.010007926668714216, 0.004418594931144614, 0.007193288053430221, 0.002884312763259835, -0.002194320931740721, -0.09459808696851249, -0.010205869634038208, -0.024578346776340628, -0.007326865466594343, 0.5081711422890078, 0.005016169194271372, 0.009177268416382752, 0.007224014519285741, -0.005028058175918409, 0.026134855171126667, 0.008736081188395221, -0.02623428143313505, 0.018387780540364627, -0.0007064440925026983, -0.09131977540550403], [0.22432851459260897, -0.13229465640848342, -0.10781415364497916, -0.30205775727888, -0.14344214478390233, -0.1049719022105543, -0.08827389141636151, 0.07798096371095822, -0.010180584227045002, -0.09785018472037994, 0.01784406933818995, 0.0031085271553093637, 0.0017989967047794897, 0.07946324214795215, -0.11854542624637913, -0.013588617089160239, -0.016368290784126105, 0.005016169194271372, 0.4880991789380032, -0.05488854394668077, -0.1302126920892801, -0.13231682405513182, 0.10925186603649133, 0.010677183352034752, -0.02448216112090676, 0.07987257201295259, -0.007669103039335905, 0.07412308142168408], [-0.00461995942262955, -0.02739574841683132, -0.03657179245032018, -0.16914658991159695, -0.09582451003781364, -0.046943748268766024, -0.02753755939783456, 0.006974437434846318, -0.011221076145294879, -0.02224535495894999, -0.0045812271755335705, -0.0023980343117596574, -0.0006501613497080424, 0.015921789304550932, -0.012640268221460122, -0.013500142418340653, -0.013812703642626972, 0.009177268416382752, -0.05488854394668077, 0.4116742460938925, -0.01971987018299834, -0.013753493400056124, -0.09908686798783439, 0.0037290915304257306, -0.01799172603868583, 0.011459233713880116, -0.0070374754571575675, 0.022933463698741285], [-0.0869623347127281, -0.01728759186372715, -0.03467015361619519, -0.16173245221835245, 0.052232248263147166, -0.19266422465984698, -0.02271830614808794, 0.0030917456028762068, 8.328457658478447e-05, -0.0007494918160847743, -0.0002564155234591019, 0.0003510295587913302, 0.0008789133399987958, 0.0168209032727535, 0.008708864574605355, 0.0019451480082674471, 0.011561192864763974, 0.007224014519285741, -0.1302126920892801, -0.01971987018299834, 0.5355526328722494, 0.01512577280152544, -0.006487786375674161, 0.008904314042802992, -0.006857011303994759, -0.038055232021337204, 0.007614051138956685, 0.0049453492737884346], [-0.12704787259163874, -0.04240639631389663, -0.053487699977260696, -0.15085381616100904, 0.08646664592931935, -0.08641333270849053, -0.21012906220540464, 0.008012422616920416, -0.009347709435693687, 0.006586549195423208, 0.012980376445467408, 0.002099135177565229, -0.008862393108958167, 0.014588693919437979, 0.01402013965867879, -0.0003772645675376013, -0.009376275873356222, -0.005028058175918409, -0.13231682405513182, -0.013753493400056124, 0.01512577280152544, 0.49827844215683165, 0.04263628503985675, 0.013894486761166606, -0.03845979969508342, 0.017900624053645675, -0.009205210135291289, -0.08125280708806482], [0.25867922193901133, -0.20058121060210998, -0.20468999969409948, -0.16186864589068314, -0.40263602138255383, -0.17355989353576234, -0.19891589087817635, 0.0828822441020342, -0.012033266017091192, 0.006346558020360118, -0.10198753185380863, -0.005097297015822485, 0.016027404491083776, 0.10922291936718807, 0.02736748430201637, -0.1253450085540216, -0.025240121546337067, 0.026134855171126667, 0.10925186603649133, -0.09908686798783439, -0.006487786375674161, 0.04263628503985675, 0.5695695025142528, -0.14340480807210243, -0.12902738081481704, 0.08716052171482144, -0.005941599468237577, 0.13287919494291361], [-0.10656392120653316, -0.06749913720994923, -0.09055063780986017, -0.030974998235944375, -0.10404047935675803, -0.2420596012247051, -0.07245003010022867, 0.009805940526144336, 0.0010510392182488829, 0.0026544498352237163, 0.012177685789768498, 0.0015486574933078908, 0.006325955392152889, 0.033595527316069206, 0.011867555634333508, 0.011856497856714741, -0.0034591024074271262, 0.008736081188395221, 0.010677183352034752, 0.0037290915304257306, 0.008904314042802992, 0.013894486761166606, -0.14340480807210243, 0.5551870053180051, 0.007779574977974822, 0.012472297811007853, -0.008784920564716373, 0.026118050369049753], [0.021552185984392316, 0.016075803762405673, 0.013080822500509279, 0.028423208017336717, -0.1398877074508626, 0.004286295992663418, -0.14808943499212715, -0.008719954518278871, -0.00865248427997521, -0.012330215095741056, -0.002368613017029482, -0.0031975256770042683, -0.018403020507041894, -0.0012460116834009161, -0.008800003848838337, 0.0028030905414368774, -0.0069934394318535075, -0.02623428143313505, -0.02448216112090676, -0.01799172603868583, -0.006857011303994759, -0.03845979969508342, -0.12902738081481704, 0.007779574977974822, 0.5181937333994675, 0.003469810781246045, -0.01581224068500644, 0.00030621925422673487], [0.037317149910157894, -0.1840524486554477, -0.1820133037774926, -0.1496708052431202, -0.1441522470727509, -0.3340890111976042, -0.16006160738272193, 0.09001134094027788, 0.009210016350028095, 0.012460525320521987, 0.021835207807589456, -0.04945518171842999, 0.014777822672333223, 0.11301733662669357, 0.021078269138970426, 0.02509017868435724, -0.056364009233967616, 0.018387780540364627, 0.07987257201295259, 0.011459233713880116, -0.038055232021337204, 0.017900624053645675, 0.08716052171482144, 0.012472297811007853, 0.003469810781246045, 0.4856759916784369, -0.0728256125192528, 0.09834503842902478], [-0.07065353717917287, 0.004194197434942409, -0.012465928260608184, 0.022997186576598844, 0.04767770787640539, -0.16806296916558888, -0.15777842879648574, -0.001929042436476959, -0.00030303273475521626, -0.0029780485175518673, -0.003128429715135349, 0.0017198030668731513, -0.005057745870948972, 0.009135112223612955, 0.002152261354089518, -0.0017426417565523297, 0.012996642348064132, -0.0007064440925026983, -0.007669103039335905, -0.0070374754571575675, 0.007614051138956685, -0.009205210135291289, -0.005941599468237577, -0.008784920564716373, -0.01581224068500644, -0.0728256125192528, 0.5293693933687789, -0.09275699697620841], [0.07297755912722656, -0.1954570105414696, -0.17762659721921667, -0.14601610387673758, -0.11923792046186824, -0.18725587514485742, -0.31292032949637766, 0.08095256447377476, -0.008143876918788723, 0.0026901543689267404, 0.026980095068992585, 0.006481636420758076, -0.06988386643332098, 0.09536133545103345, 0.0054373530760838855, 0.008708401212201941, -0.010796949326604247, -0.09131977540550403, 0.07412308142168408, 0.022933463698741285, 0.0049453492737884346, -0.08125280708806482, 0.13287919494291361, 0.026118050369049753, 0.00030621925422673487, 0.09834503842902478, -0.09275699697620841, 0.47646137724326176]]",
    "monomial_list": "[1, x6, x5, x4, x3, x2, x1, x6**2, x5*x6, x4*x6, x3*x6, x2*x6, x1*x6, x5**2, x4*x5, x3*x5, x2*x5, x1*x5, x4**2, x3*x4, x2*x4, x1*x4, x3**2, x2*x3, x1*x3, x2**2, x1*x2, x1**2]"
}