{
    "name": "Total Decomposition",
    "rational_expression": "4393*x1**4/10000 - 1377*x1**3*x2/10000 + 643*x1**3*x3/50000 - 63*x1**3*x4/625 - 637*x1**3*x5/5000 - 479*x1**3*x6/5000 - 633*x1**3/1000 + 6693*x1**2*x2**2/10000 + 167*x1**2*x2*x3/3125 + 879*x1**2*x2*x4/50000 - 1561*x1**2*x2*x5/100000 + 349*x1**2*x2*x6/25000 - 3159*x1**2*x2/5000 + 6833*x1**2*x3**2/10000 + 1007*x1**2*x3*x4/50000 - 1239*x1**2*x3*x5/250000 + 5293*x1**2*x3*x6/100000 - 6207*x1**2*x3/10000 + 361*x1**2*x4**2/625 + 923*x1**2*x4*x5/100000 + 3751*x1**2*x4*x6/1000000 - 1711*x1**2*x4/2500 + 6031*x1**2*x5**2/10000 + 6161*x1**2*x5*x6/1000000 - 6953*x1**2*x5/10000 + 5987*x1**2*x6**2/10000 - 687*x1**2*x6/1000 + 1641*x1**2/1000 - 4573*x1*x2**3/50000 + 71*x1*x2**2*x3/3125 + 1301*x1*x2**2*x4/20000 + 841*x1*x2**2*x5/12500 + 721*x1*x2**2*x6/20000 - 2983*x1*x2**2/5000 - 1341*x1*x2*x3**2/50000 + 391*x1*x2*x3*x4/5000000 + 2537*x1*x2*x3*x5/500000000 - 5911*x1*x2*x3*x6/10000000 - 73*x1*x2*x3/500 - 1111*x1*x2*x4**2/100000 - 209*x1*x2*x4*x5/625000 + 5987*x1*x2*x4*x6/100000000 - 1073*x1*x2*x4/5000 - 3389*x1*x2*x5**2/500000 - 719*x1*x2*x5*x6/1250000 - 669*x1*x2*x5/5000 - 23*x1*x2*x6**2/2000 - 1139*x1*x2*x6/10000 + 4767*x1*x2/5000 - 1509*x1*x3**3/10000 + 123*x1*x3**2*x4/3125 + 151*x1*x3**2*x5/4000 + 6047*x1*x3**2*x6/1000000 - 179*x1*x3**2/250 - 23*x1*x3*x4**2/400 + 507*x1*x3*x4*x5/500000 + 2301*x1*x3*x4*x6/10000000 - 2061*x1*x3*x4/250000 - 1323*x1*x3*x5**2/50000 - 263*x1*x3*x5*x6/2500000 - 1969*x1*x3*x5/100000 - 3069*x1*x3*x6**2/100000 - 4109*x1*x3*x6/50000 + 7601*x1*x3/10000 - 457*x1*x4**3/2500 + 1341*x1*x4**2*x5/50000 + 687*x1*x4**2*x6/200000 - 5231*x1*x4**2/10000 + 603*x1*x4*x5**2/20000 - 2311*x1*x4*x5*x6/5000000 - 977*x1*x4*x5/5000 + 3831*x1*x4*x6**2/100000 - 683*x1*x4*x6/5000 + 1807*x1*x4/25000 - 317*x1*x5**3/2500 + 339*x1*x5**2*x6/25000 - 407*x1*x5**2/625 + 433*x1*x5*x6**2/12500 - 81*x1*x5*x6/500 + 1117*x1*x5/2500 - 1319*x1*x6**3/10000 - 1427*x1*x6**2/2500 + 366*x1*x6/625 - 1039*x1/5000 + 203*x2**4/500 - 7477*x2**3*x3/1000000 - 451*x2**3*x4/6250 - 4789*x2**3*x5/50000 - 2039*x2**3*x6/25000 - 416*x2**3/625 + 402*x2**2*x3**2/625 + 451*x2**2*x3*x4/10000 + 4661*x2**2*x3*x5/100000 + 1331*x2**2*x3*x6/25000 - 6919*x2**2*x3/10000 + 3057*x2**2*x4**2/5000 + 2009*x2**2*x4*x5/50000 + 1133*x2**2*x4*x6/50000 - 419*x2**2*x4/625 + 1629*x2**2*x5**2/2500 + 699*x2**2*x5*x6/25000 - 3197*x2**2*x5/5000 + 6153*x2**2*x6**2/10000 - 863*x2**2*x6/1250 + 1643*x2**2/1000 - 1113*x2*x3**3/5000 + 4681*x2*x3**2*x4/500000 - 761*x2*x3**2*x5/50000 + 1249*x2*x3**2*x6/100000 - 2661*x2*x3**2/5000 - 247*x2*x3*x4**2/20000 - 1119*x2*x3*x4*x5/1000000 + 43*x2*x3*x4*x6/200000 - 319*x2*x3*x4/2500 + 7*x2*x3*x5**2/125 - 3487*x2*x3*x5*x6/10000000 - 163*x2*x3*x5/625 + 1789*x2*x3*x6**2/250000 - 1093*x2*x3*x6/5000 - 863*x2*x3/10000 - 132*x2*x4**3/625 - 79*x2*x4**2*x5/6250 + 777*x2*x4**2*x6/250000 - 2467*x2*x4**2/5000 + 3557*x2*x4*x5**2/100000 + 1433*x2*x4*x5*x6/10000000 - 1861*x2*x4*x5/10000 + 1657*x2*x4*x6**2/100000 - 1261*x2*x4*x6/10000 + 527*x2*x4/1250 - 637*x2*x5**3/5000 + 627*x2*x5**2*x6/25000 - 57*x2*x5**2/100 - 531*x2*x5*x6**2/50000 - 611*x2*x5*x6/5000 + 1199*x2*x5/1000 - 353*x2*x6**3/2000 - 5179*x2*x6**2/10000 + 4509*x2*x6/5000 + 3597*x2/10000 + 2671*x3**4/5000 - 1413*x3**3*x4/10000 - 1771*x3**3*x5/10000 - 1579*x3**3*x6/10000 - 1907*x3**3/2500 + 1117*x3**2*x4**2/2000 + 531*x3**2*x4*x5/50000 + 1163*x3**2*x4*x6/1000000 - 5393*x3**2*x4/10000 + 1267*x3**2*x5**2/2000 + 6013*x3**2*x5*x6/1000000 - 643*x3**2*x5/1000 + 1437*x3**2*x6**2/2500 - 5733*x3**2*x6/10000 + 1139*x3**2/500 - 2731*x3*x4**3/50000 - 117*x3*x4**2*x5/6250 + 119*x3*x4**2*x6/10000 - 1659*x3*x4**2/2500 + 1021*x3*x4*x5**2/20000 - 849*x3*x4*x5*x6/2500000 - 323*x3*x4*x5/2500 + 2071*x3*x4*x6**2/100000 - 64*x3*x4*x6/625 + 1247*x3*x4/10000 + 2313*x3*x5**3/50000 + 2849*x3*x5**2*x6/50000 - 1473*x3*x5**2/2000 - 1981*x3*x5*x6**2/2500000 - 1861*x3*x5*x6/10000 + 1397*x3*x5/10000 - 2519*x3*x6**3/1000000 - 3831*x3*x6**2/5000 - 1303*x3*x6/10000 - 81*x3/50 + 591*x4**4/1250 - 859*x4**3*x5/5000 - 281*x4**3*x6/2000 - 2937*x4**3/5000 + 73*x4**2*x5**2/125 + 367*x4**2*x5*x6/100000 - 5473*x4**2*x5/10000 + 1141*x4**2*x6**2/2000 - 569*x4**2*x6/1000 + 2059*x4**2/1000 - 6757*x4*x5**3/100000 + 1013*x4*x5**2*x6/50000 - 6543*x4*x5**2/10000 + 379*x4*x5*x6**2/20000 - 1267*x4*x5*x6/10000 + 939*x4*x5/2000 - 4211*x4*x6**3/50000 - 5991*x4*x6**2/10000 + 3127*x4*x6/5000 - 2371*x4/5000 + 4721*x5**4/10000 - 8311*x5**3*x6/100000 - 59*x5**3/100 + 5899*x5**2*x6**2/10000 - 6539*x5**2*x6/10000 + 1931*x5**2/1000 - 1377*x5*x6**3/10000 - 5747*x5*x6**2/10000 + 4271*x5*x6/5000 + 573*x5/5000 + 5019*x6**4/10000 - 5843*x6**3/10000 + 541*x6**2/250 - 2931*x6/50000 + 333/250",
    "Q": "[[1.3324526822043679, -0.028690440979777486, 0.057287781291644094, -0.23667438167129184, -0.81073565905031, 0.1799303882713935, -0.1039339779348728, 0.18107581142130608, -0.07537352334925991, -0.060130724454143254, -0.08187196021351344, -0.07518782480653281, -0.07329334153811541, 0.11641628579429704, -0.08682715164583897, -0.04459858680910259, -0.029002305172251126, -0.11161305762511452, 0.2149449380408866, -0.041873654783711044, -0.09573554505142984, -0.1227288623392294, 0.2526203191484374, -0.08988844450691731, 0.031997048812663936, 0.024664036588211077, -0.02379002450694731, 0.07671910336482339], [-0.028690440979777486, 1.8014984884070375, 0.503241337017785, 0.37166702611098945, 0.01597666309250672, 0.5261897332475141, 0.3655501771320824, -0.29185942142975035, -0.1696445195836586, -0.17587359171147837, -0.20995544935425153, -0.159754123274554, -0.16891466259826746, -0.1565956955201213, -0.0359557857716281, -0.0478556753423876, 0.011880708213501186, -0.04296867513113465, -0.13166873990727876, -0.06547877022088608, -0.03162256742639947, -0.06322526724408947, -0.1839952315156038, -0.05770591180608979, -0.01022711625322171, -0.18569377151191632, 0.01032193231202957, -0.19118084533571186], [0.057287781291644094, 0.503241337017785, 1.6984999800701137, 0.32158157728549186, 0.11362213863524599, 0.6284918364372938, 0.3359008996825223, -0.11739449803449212, -0.16947974974590405, -0.027927818027921318, -0.08643376547321943, -0.02674623965706894, -0.028324177420114182, -0.2940978310339982, -0.18621330123014132, -0.19549320406703477, -0.13744803864428104, -0.18779211285283012, -0.1176263537992604, -0.0801307399066682, -0.04667936337532835, -0.07178766888534045, -0.18903645827305382, -0.0784655689175239, -0.011838807736530683, -0.19044045986952204, 0.006012880037457668, -0.184950587156851], [-0.23667438167129184, 0.37166702611098945, 0.32158157728549186, 1.6292053206555877, 0.10288935140263114, 0.30659876730839436, 0.15933078475621293, -0.12366908610481243, -0.0001563759342399535, -0.15193059677908652, -0.03303411710235225, 0.006190788308993566, 0.003750445791696463, -0.13985097381758826, -0.15449777490878086, -0.026016683316666817, 0.01692001382095919, -0.005436384680358783, -0.29396711344010884, -0.1784545137924958, -0.1485726569619547, -0.15683112069041197, -0.1617109565835097, -0.026714391875828917, -0.0002704156862936379, -0.15181458292425118, 0.019351944901555142, -0.15804867602137657], [-0.81073565905031, 0.01597666309250672, 0.11362213863524599, 0.10288935140263114, 1.7725427916583623, 0.045904809798640034, 0.3479631823482435, -0.17290675854247486, 0.04091298988448028, 0.04885097664530618, -0.10243244404935317, 0.04536163882513272, 0.036360854686747934, -0.17290906390029187, 0.04141295405787891, -0.1324094667458412, 0.021221264291774466, 0.044937004072699765, -0.15304804323065643, -0.10841542896512275, 0.048501857997165984, 0.051539821437083196, -0.3807848249951331, -0.10435815067040853, -0.1607618597848025, -0.13132416601035074, 0.01636303214864274, -0.14532369726401598], [0.1799303882713935, 0.5261897332475141, 0.6284918364372938, 0.30659876730839436, 0.045904809798640034, 1.591767050929388, 0.5009804095657786, -0.09825908516970243, -0.04600471109266294, -0.03728798713242011, -0.09707922052239755, -0.15877440744807617, -0.050788392908674, -0.1458404142034301, -0.06275587147817849, -0.07296747141603573, -0.1282234426727362, -0.0815934433903274, -0.09737282639778698, -0.0863709156668034, -0.18362636090442064, -0.09972167300818, -0.16247862512029754, -0.21414565687105644, -0.02703325225213332, -0.3328619808530563, -0.1293499614740626, -0.1887879301714845], [-0.1039339779348728, 0.3655501771320824, 0.3359008996825223, 0.15933078475621293, 0.3479631823482435, 0.5009804095657786, 1.485759751781064, -0.11605008861451846, -0.011242028746630852, -0.008495267280443504, -0.06638215141545728, -0.016112238870216823, -0.15238318566721412, -0.13702273002333515, -0.019468504483455065, -0.04241300489974044, 0.008166525650493894, -0.16227276908975052, -0.10467889163642949, -0.05480157477073271, -0.026341849770871607, -0.18412265949552023, -0.19763111821669554, -0.06256690823040184, -0.16398632069930175, -0.1685494740638426, -0.12804096342177929, -0.31651072322569407], [0.18107581142130608, -0.29185942142975035, -0.11739449803449212, -0.12366908610481243, -0.17290675854247486, -0.09825908516970243, -0.11605008861451846, 0.5013487611758678, -0.06890247680653266, -0.04208087700111803, -0.001442916240162445, -0.08834622703061423, -0.06596167678283608, 0.07564995536780038, 0.008200330545834683, 0.004150941539473079, -0.0027097315929699114, 0.008328339184361053, 0.07491402190994773, 0.011191330837640309, 0.006272000416608362, 0.01210513565232788, 0.07053599550589809, 0.006842593081717246, -0.00037595636951302477, 0.08074545653656516, -0.0034668494520846103, 0.07814450732854022], [-0.07537352334925991, -0.1696445195836586, -0.16947974974590405, -0.0001563759342399535, 0.04091298988448028, -0.04600471109266294, -0.011242028746630852, -0.06890247680653266, 0.4384518895110756, 0.0014071844276633706, -0.0045865048830362265, -0.002697046021261906, 0.00912877105521448, -0.04152795981988378, 0.0005754779489800544, 0.008966600473884602, 0.0015787976604131851, 0.0005363174613042011, 0.0020041472970203362, -0.002443700098127865, 0.002300319976187179, 0.0005719166988625761, -0.0015666310110678424, 0.00445781701307488, -0.00840789898019768, 0.01571546346347322, -0.0011114534942412173, 0.0048519658450935955], [-0.060130724454143254, -0.17587359171147837, -0.027927818027921318, -0.15193059677908652, 0.04885097664530618, -0.03728798713242011, -0.008495267280443504, -0.04208087700111803, 0.0014071844276633706, 0.4206253621588884, -0.0009732169437752809, 0.002145268169310746, 0.007182643145015261, 0.009435947730438021, -0.00027642803865863424, -0.0026090606904973454, -0.0037559187404232557, 0.0004729436918741775, -0.07031076088933717, -0.008813001223769821, 0.0020216142088595773, 0.002766796616455912, -0.004968266459044602, 0.0004566235256503765, -0.011594821510945812, 0.013495442725090082, -0.004706120782220295, 0.006138472281848906], [-0.08187196021351344, -0.20995544935425153, -0.08643376547321943, -0.03303411710235225, -0.10243244404935317, -0.09707922052239755, -0.06638215141545728, -0.001442916240162445, -0.0045865048830362265, -0.0009732169437752809, 0.4336525115672307, -0.0035105488690448123, -0.015026674707274819, 0.01907343216378817, 0.00505276078862042, 0.005087645360674154, -0.006555160186005532, 0.009509227457295188, 0.01461997906452766, 0.0054971449503906245, 0.004207292211135506, 0.01406016138818812, -0.07921164128873273, 0.014119907753363695, -0.00329647654029106, 0.026188892958756572, -0.004681009616460199, 0.03053182448394325], [-0.07518782480653281, -0.159754123274554, -0.02674623965706894, 0.006190788308993566, 0.04536163882513272, -0.15877440744807617, -0.016112238870216823, -0.08834622703061423, -0.002697046021261906, 0.002145268169310746, -0.0035105488690448123, 0.45387095264955507, -0.0022923275238171826, 0.010257192350923082, 0.0014555987642355243, 0.002097343172922752, -0.0018545950151753826, 0.003104543377663925, -0.0006456086184031448, -0.004663915736791644, -0.002382128151509784, 0.002207304618593571, -0.00784778193552011, 0.0006814348451923569, -0.002129661194055119, -0.0410004022267489, 0.00045987735763587586, 0.009922514947034616], [-0.07329334153811541, -0.16891466259826746, -0.028324177420114182, 0.003750445791696463, 0.036360854686747934, -0.050788392908674, -0.15238318566721412, -0.06596167678283608, 0.00912877105521448, 0.007182643145015261, -0.015026674707274819, -0.0022923275238171826, 0.4418798296108402, 0.006178029180183974, -0.0010448603907314352, -0.0011013284770909552, -0.001993089883423129, -0.0015117956268477827, -0.0014561214007764941, -0.002465339877246163, 0.0024988161636296633, -0.004080230050597369, 0.006144001660500931, 0.006810670810515508, -0.0045605808666726675, 0.01727679816954088, -0.0030404470093575112, -0.047635458057887305], [0.11641628579429704, -0.1565956955201213, -0.2940978310339982, -0.13985097381758826, -0.17290906390029187, -0.1458404142034301, -0.13702273002333515, 0.07564995536780038, -0.04152795981988378, 0.009435947730438021, 0.01907343216378817, 0.010257192350923082, 0.006178029180183974, 0.47189776103353, -0.03403141606154873, 0.022842958308578926, -0.06383328090463997, -0.06381041105909768, 0.07137372764088326, 0.016051608761090366, 0.01356474021036451, 0.009372511841933988, 0.08427011561496621, 0.021678534378159187, 0.00012020061177106575, 0.09216949190552842, 0.0024215233395125813, 0.07650094515437708], [-0.08682715164583897, -0.0359557857716281, -0.18621330123014132, -0.15449777490878086, 0.04141295405787891, -0.06275587147817849, -0.019468504483455065, 0.008200330545834683, 0.0005754779489800544, -0.00027642803865863424, 0.00505276078862042, 0.0014555987642355243, -0.0010448603907314352, -0.03403141606154873, 0.4410559630756583, 0.009485276527516158, 0.004193419993631597, 0.005402519668272014, -0.08625315280308764, -0.008122211955357938, 0.004894754815529015, 0.010949143506324359, 0.005860934272650532, 0.007572168171820303, -0.011446170533362717, 0.02012002933226558, -0.002471943577170385, 0.0015365771211856734], [-0.04459858680910259, -0.0478556753423876, -0.19549320406703477, -0.026016683316666817, -0.1324094667458412, -0.07296747141603573, -0.04241300489974044, 0.004150941539473079, 0.008966600473884602, -0.0026090606904973454, 0.005087645360674154, 0.002097343172922752, -0.0011013284770909552, 0.022842958308578926, 0.009485276527516158, 0.4648712175381011, 0.0060903596122915205, -0.013273148702657684, -0.001484399284939944, -0.00021305193244165562, 0.00489370029324421, 0.004158083112208658, -0.08880338812969545, 0.011019222907616063, -0.0005579572153700399, 0.02668115488352414, -0.003221301962044101, 0.01275127381998635], [-0.029002305172251126, 0.011880708213501186, -0.13744803864428104, 0.01692001382095919, 0.021221264291774466, -0.1282234426727362, 0.008166525650493894, -0.0027097315929699114, 0.0015787976604131851, -0.0037559187404232557, -0.006555160186005532, -0.0018545950151753826, -0.001993089883423129, -0.06383328090463997, 0.004193419993631597, 0.0060903596122915205, 0.4662267563801499, -0.0061154788225001215, -0.011691378419391555, -0.012465868465065129, -0.000243158921556318, -0.005271725780954507, -0.018669470699970415, -0.003395875734374759, -0.006550934786126734, -0.04809706488544491, 0.009863228868995573, -0.0017619248689692878], [-0.11161305762511452, -0.04296867513113465, -0.18779211285283012, -0.005436384680358783, 0.044937004072699765, -0.0815934433903274, -0.16227276908975052, 0.008328339184361053, 0.0005363174613042011, 0.0004729436918741775, 0.009509227457295188, 0.003104543377663925, -0.0015117956268477827, -0.06381041105909768, 0.005402519668272014, -0.013273148702657684, -0.0061154788225001215, 0.44904512390202406, 0.002073579201514097, 0.0072880874211552595, 0.007743669358123447, 0.002896521343828254, 0.01961831459555236, 0.009772236748175562, -0.0155537469214731, 0.023819925653165347, -0.0057559282694115985, -0.06368797415700755], [0.2149449380408866, -0.13166873990727876, -0.1176263537992604, -0.29396711344010884, -0.15304804323065643, -0.09737282639778698, -0.10467889163642949, 0.07491402190994773, 0.0020041472970203362, -0.07031076088933717, 0.01461997906452766, -0.0006456086184031448, -0.0014561214007764941, 0.07137372764088326, -0.08625315280308764, -0.001484399284939944, -0.011691378419391555, 0.002073579201514097, 0.4729257432975754, -0.027519564309769012, -0.10555243657655683, -0.09145965860449538, 0.08041350032317933, 0.0023591467780178584, -0.017376528265027495, 0.07646989116463643, -0.015782165781102975, 0.0671541648990375], [-0.041873654783711044, -0.06547877022088608, -0.0801307399066682, -0.1784545137924958, -0.10841542896512275, -0.0863709156668034, -0.05480157477073271, 0.011191330837640309, -0.002443700098127865, -0.008813001223769821, 0.0054971449503906245, -0.004663915736791644, -0.002465339877246163, 0.016051608761090366, -0.008122211955357938, -0.00021305193244165562, -0.012465868465065129, 0.0072880874211552595, -0.027519564309769012, 0.39704978169946925, -0.008756678074781782, -0.011236189442567424, -0.070410056178423, 0.00823730773106368, -0.008783004889063781, 0.021923541120528748, -0.012432733260402026, 0.026637561532824126], [-0.09573554505142984, -0.03162256742639947, -0.04667936337532835, -0.1485726569619547, 0.048501857997165984, -0.18362636090442064, -0.026341849770871607, 0.006272000416608362, 0.002300319976187179, 0.0020216142088595773, 0.004207292211135506, -0.002382128151509784, 0.0024988161636296633, 0.01356474021036451, 0.004894754815529015, 0.00489370029324421, -0.000243158921556318, 0.007743669358123447, -0.10555243657655683, -0.008756678074781782, 0.45813364782387556, 0.010142419222603786, -0.003146883116214181, 0.0009113820764369782, -0.0022883172562706906, -0.03609945808481303, 0.004929463623061191, 0.015298405963987238], [-0.1227288623392294, -0.06322526724408947, -0.07178766888534045, -0.15683112069041197, 0.051539821437083196, -0.09972167300818, -0.18412265949552023, 0.01210513565232788, 0.0005719166988625761, 0.002766796616455912, 0.01406016138818812, 0.002207304618593571, -0.004080230050597369, 0.009372511841933988, 0.010949143506324359, 0.004158083112208658, -0.005271725780954507, 0.002896521343828254, -0.09145965860449538, -0.011236189442567424, 0.010142419222603786, 0.4430820705418905, 0.028599822755367738, 0.01472105051668222, -0.016664272018198624, 0.027429842632440846, -0.00644743970182372, -0.050632029276105245], [0.2526203191484374, -0.1839952315156038, -0.18903645827305382, -0.1617109565835097, -0.3807848249951331, -0.16247862512029754, -0.19763111821669554, 0.07053599550589809, -0.0015666310110678424, -0.004968266459044602, -0.07921164128873273, -0.00784778193552011, 0.006144001660500931, 0.08427011561496621, 0.005860934272650532, -0.08880338812969545, -0.018669470699970415, 0.01961831459555236, 0.08041350032317933, -0.070410056178423, -0.003146883116214181, 0.028599822755367738, 0.5338903135016012, -0.11117470448065807, -0.0753675268356769, 0.08874742682925567, -0.015594561556241492, 0.11761959900878849], [-0.08988844450691731, -0.05770591180608979, -0.0784655689175239, -0.026714391875828917, -0.10435815067040853, -0.21414565687105644, -0.06256690823040184, 0.006842593081717246, 0.00445781701307488, 0.0004566235256503765, 0.014119907753363695, 0.0006814348451923569, 0.006810670810515508, 0.021678534378159187, 0.007572168171820303, 0.011019222907616063, -0.003395875734374759, 0.009772236748175562, 0.0023591467780178584, 0.00823730773106368, 0.0009113820764369782, 0.01472105051668222, -0.11117470448065807, 0.4656436434521239, 0.0019215101793859262, -0.003716148319895051, -0.006974983766526398, 0.02957209660422312], [0.031997048812663936, -0.01022711625322171, -0.011838807736530683, -0.0002704156862936379, -0.1607618597848025, -0.02703325225213332, -0.16398632069930175, -0.00037595636951302477, -0.00840789898019768, -0.011594821510945812, -0.00329647654029106, -0.002129661194055119, -0.0045605808666726675, 0.00012020061177106575, -0.011446170533362717, -0.0005579572153700399, -0.006550934786126734, -0.0155537469214731, -0.017376528265027495, -0.008783004889063781, -0.0022883172562706906, -0.016664272018198624, -0.0753675268356769, 0.0019215101793859262, 0.4476784690299306, 0.018263857217485028, -0.0027755425670038087, 0.006453169456813412], [0.024664036588211077, -0.18569377151191632, -0.19044045986952204, -0.15181458292425118, -0.13132416601035074, -0.3328619808530563, -0.1685494740638426, 0.08074545653656516, 0.01571546346347322, 0.013495442725090082, 0.026188892958756572, -0.0410004022267489, 0.01727679816954088, 0.09216949190552842, 0.02012002933226558, 0.02668115488352414, -0.04809706488544491, 0.023819925653165347, 0.07646989116463643, 0.021923541120528748, -0.03609945808481303, 0.027429842632440846, 0.08874742682925567, -0.003716148319895051, 0.018263857217485028, 0.4055414916024275, -0.04550163406178258, 0.10125320132711987], [-0.02379002450694731, 0.01032193231202957, 0.006012880037457668, 0.019351944901555142, 0.01636303214864274, -0.1293499614740626, -0.12804096342177929, -0.0034668494520846103, -0.0011114534942412173, -0.004706120782220295, -0.004681009616460199, 0.00045987735763587586, -0.0030404470093575112, 0.0024215233395125813, -0.002471943577170385, -0.003221301962044101, 0.009863228868995573, -0.0057559282694115985, -0.015782165781102975, -0.012432733260402026, 0.004929463623061191, -0.00644743970182372, -0.015594561556241492, -0.006974983766526398, -0.0027755425670038087, -0.04550163406178258, 0.4666620851488781, -0.06894291314936425], [0.07671910336482339, -0.19118084533571186, -0.184950587156851, -0.15804867602137657, -0.14532369726401598, -0.1887879301714845, -0.31651072322569407, 0.07814450732854022, 0.0048519658450935955, 0.006138472281848906, 0.03053182448394325, 0.009922514947034616, -0.047635458057887305, 0.07650094515437708, 0.0015365771211856734, 0.01275127381998635, -0.0017619248689692878, -0.06368797415700755, 0.0671541648990375, 0.026637561532824126, 0.015298405963987238, -0.050632029276105245, 0.11761959900878849, 0.02957209660422312, 0.006453169456813412, 0.10125320132711987, -0.06894291314936425, 0.4398413360520509]]",
    "monomial_list": "[1, x6, x5, x4, x3, x2, x1, x6**2, x5*x6, x4*x6, x3*x6, x2*x6, x1*x6, x5**2, x4*x5, x3*x5, x2*x5, x1*x5, x4**2, x3*x4, x2*x4, x1*x4, x3**2, x2*x3, x1*x3, x2**2, x1*x2, x1**2]"
}