{
    "name": "Total Decomposition",
    "rational_expression": "2383*x1**4/5000 - 1853*x1**3*x2/10000 + 7591*x1**3*x3/10000000 - 1623*x1**3*x4/10000 - 457*x1**3*x5/2500 - 701*x1**3*x6/5000 - 627*x1**3/1000 + 3637*x1**2*x2**2/5000 + 1967*x1**2*x2*x3/100000 - 4181*x1**2*x2*x4/500000 - 2351*x1**2*x2*x5/100000 + 419*x1**2*x2*x6/250000 - 1727*x1**2*x2/2500 + 3923*x1**2*x3**2/5000 - 3037*x1**2*x3*x4/100000 - 3537*x1**2*x3*x5/100000 + 829*x1**2*x3*x6/50000 - 671*x1**2*x3/1250 + 647*x1**2*x4**2/1000 + 287*x1**2*x4*x5/250000 - 641*x1**2*x4*x6/50000 - 3573*x1**2*x4/5000 + 3499*x1**2*x5**2/5000 - 2147*x1**2*x5*x6/100000 - 7193*x1**2*x5/10000 + 1681*x1**2*x6**2/2500 - 1857*x1**2*x6/2500 + 87*x1**2/50 - 1457*x1*x2**3/10000 - 1093*x1*x2**2*x3/100000 + 2547*x1*x2**2*x4/50000 + 6367*x1*x2**2*x5/100000 + 201*x1*x2**2*x6/6250 - 263*x1*x2**2/400 + 4019*x1*x2*x3**2/1000000 - 821*x1*x2*x3*x4/2000000 - 6053*x1*x2*x3*x5/10000000 - 1023*x1*x2*x3*x6/5000000 - 1983*x1*x2*x3/50000 + 369*x1*x2*x4**2/25000 + 9191*x1*x2*x4*x5/100000000 + 611*x1*x2*x4*x6/2500000 - 431*x1*x2*x4/2500 + 1793*x1*x2*x5**2/500000 - 597*x1*x2*x5*x6/500000 - 163*x1*x2*x5/1250 + 207*x1*x2*x6**2/31250 - 1247*x1*x2*x6/10000 + 8071*x1*x2/10000 - 2567*x1*x3**3/10000 + 487*x1*x3**2*x4/10000 + 1471*x1*x3**2*x5/25000 + 107*x1*x3**2*x6/4000 - 6807*x1*x3**2/10000 - 7671*x1*x3*x4**2/100000 - 739*x1*x3*x4*x5/2500000 - 1563*x1*x3*x4*x6/10000000 + 69*x1*x3*x4/400 - 2593*x1*x3*x5**2/50000 + 667*x1*x3*x5*x6/20000000 + 2137*x1*x3*x5/25000 - 163*x1*x3*x6**2/2500 + 6277*x1*x3*x6/100000 + 4479*x1*x3/10000 - 331*x1*x4**3/1250 + 153*x1*x4**2*x5/4000 + 2*x1*x4**2*x6/125 - 1193*x1*x4**2/2500 + 8421*x1*x4*x5**2/1000000 - 1787*x1*x4*x5*x6/2500000 - 711*x1*x4*x5/5000 + 1629*x1*x4*x6**2/100000 - 241*x1*x4*x6/4000 + 199*x1*x4/3125 - 1889*x1*x5**3/10000 + 1551*x1*x5**2*x6/100000 - 7179*x1*x5**2/10000 + 463*x1*x5*x6**2/12500 - 3*x1*x5*x6/32 + 5239*x1*x5/10000 - 91*x1*x6**3/400 - 1421*x1*x6**2/2500 + 4609*x1*x6/10000 + 5987*x1/100000 + 973*x2**4/2000 + 2491*x2**3*x3/100000 - 1529*x2**3*x4/20000 - 141*x2**3*x5/1250 - 9909*x2**3*x6/100000 - 419*x2**3/625 + 1459*x2**2*x3**2/2000 + 4043*x2**2*x3*x4/100000 + 4347*x2**2*x3*x5/100000 + 2287*x2**2*x3*x6/50000 - 3853*x2**2*x3/5000 + 1391*x2**2*x4**2/2000 + 327*x2**2*x4*x5/5000 + 2537*x2**2*x4*x6/100000 - 3421*x2**2*x4/5000 + 7753*x2**2*x5**2/10000 + 923*x2**2*x5*x6/125000 - 633*x2**2*x5/1000 + 6979*x2**2*x6**2/10000 - 7293*x2**2*x6/10000 + 909*x2**2/500 - 717*x2*x3**3/2500 - 47*x2*x3**2*x4/8000 - 267*x2*x3**2*x5/10000 + 69*x2*x3**2*x6/5000 - 1391*x2*x3**2/2500 - 887*x2*x3*x4**2/50000 + 1899*x2*x3*x4*x5/2500000 + 367*x2*x3*x4*x6/400000 - 5253*x2*x3*x4/100000 + 193*x2*x3*x5**2/2500 + 363*x2*x3*x5*x6/625000 - 1407*x2*x3*x5/5000 + 4499*x2*x3*x6**2/5000000 - 923*x2*x3*x6/5000 - 347*x2*x3/1000 - 1297*x2*x4**3/5000 - 151*x2*x4**2*x5/10000 + 1101*x2*x4**2*x6/200000 - 5361*x2*x4**2/10000 + 1297*x2*x4*x5**2/100000 - 2737*x2*x4*x5*x6/10000000 - 1891*x2*x4*x5/10000 - 1301*x2*x4*x6**2/1000000 - 4349*x2*x4*x6/50000 + 1081*x2*x4/2500 - 753*x2*x5**3/5000 + 3209*x2*x5**2*x6/100000 - 6801*x2*x5**2/10000 - 249*x2*x5*x6**2/12500 - 5663*x2*x5*x6/100000 + 1231*x2*x5/1000 - 2169*x2*x6**3/10000 - 359*x2*x6**2/625 + 9173*x2*x6/10000 + 4137*x2/10000 + 1141*x3**4/2000 - 1981*x3**3*x4/10000 - 1251*x3**3*x5/5000 - 2037*x3**3*x6/10000 - 4037*x3**3/5000 + 6303*x3**2*x4**2/10000 + 2689*x3**2*x4*x5/100000 + 49*x3**2*x4*x6/15625 - 5149*x3**2*x4/10000 + 977*x3**2*x5**2/1250 - 291*x3**2*x5*x6/12500 - 7091*x3**2*x5/10000 + 3277*x3**2*x6**2/5000 - 6023*x3**2*x6/10000 + 2373*x3**2/1000 - 1091*x3*x4**3/10000 - 21*x3*x4**2*x5/400 - 8821*x3*x4**2*x6/1000000 - 783*x3*x4**2/1250 + 311*x3*x4*x5**2/20000 + 1359*x3*x4*x5*x6/5000000 + 271*x3*x4*x5/10000 - 161*x3*x4*x6**2/12500 + 5389*x3*x4*x6/100000 + 1967*x3*x4/10000 + 829*x3*x5**3/20000 + 9401*x3*x5**2*x6/100000 - 413*x3*x5**2/625 - 731*x3*x5*x6**2/500000 - 1051*x3*x5*x6/5000 + 601*x3*x5/5000 - 619*x3*x6**3/200000 - 493*x3*x6**2/625 - 311*x3*x6/2000 - 1707*x3/1000 + 2443*x4**4/5000 - 19*x4**3*x5/80 - 391*x4**3*x6/2000 - 6047*x4**3/10000 + 1331*x4**2*x5**2/2000 - 61*x4**2*x5*x6/3125 - 333*x4**2*x5/625 + 6361*x4**2*x6**2/10000 - 1407*x4**2*x6/2500 + 521*x4**2/250 - 1191*x4*x5**3/10000 + 739*x4*x5**2*x6/50000 - 181*x4*x5**2/250 + 753*x4*x5*x6**2/20000 - 1009*x4*x5*x6/10000 + 13*x4*x5/50 - 1349*x4*x6**3/10000 - 3077*x4*x6**2/5000 + 4247*x4*x6/10000 - 51*x4/100 + 49*x5**4/100 - 4813*x5**3*x6/50000 - 6959*x5**3/10000 + 7301*x5**2*x6**2/10000 - 438*x5**2*x6/625 + 171*x5**2/100 - 203*x5*x6**3/1250 - 1461*x5*x6**2/2500 + 543*x5*x6/500 + 1197*x5/10000 + 557*x6**4/1000 - 3027*x6**3/5000 + 437*x6**2/200 - 937*x6/20000 + 1301/1000",
    "Q": "[[1.301479822860247, -0.023111153227329897, 0.06038169641089478, -0.25532059138609847, -0.8541886352923569, 0.20631586111357567, 0.030009421195649515, 0.1618733191387612, -0.025686023286281275, -0.07192553879858027, -0.06842851008706924, -0.08304492065876004, -0.10810810276581155, 0.03804327706370652, -0.10369555723858795, -0.027881759241085685, -0.014578825528128468, -0.10582499346434529, 0.2240505438917699, -0.004891229991628373, -0.08709041409134397, -0.12734730682151632, 0.25841246892389147, -0.1067099789149954, 0.02157018454653198, 0.03705409532173828, -0.07072526233285303, 0.07273946144152012], [-0.023111153227329897, 1.8621428282171792, 0.5693850902149288, 0.28463650089806175, -0.009631324273140056, 0.5418780917692608, 0.3386111503674032, -0.3030097146923698, -0.15931164058779781, -0.18313064200518644, -0.21930268687551668, -0.17531742669190026, -0.18111175914948552, -0.205349037613194, -0.04772944572076482, -0.04611201625865522, 0.015607221892264333, -0.030141148132051068, -0.13284257162910743, -0.027974053432375127, -0.017399604735214437, -0.04269479742895411, -0.2010596330130626, -0.06761706971608082, 0.016034307851956267, -0.1843214756337339, 0.004172599746202279, -0.19576032635879825], [0.06038169641089478, 0.5693850902149288, 1.634483907586375, 0.23359594292905594, 0.08614789869441815, 0.6299960126909213, 0.36798392645435213, -0.13269125488345132, -0.14538737291647005, -0.02775795155847374, -0.08249328406261626, -0.03612674094008912, -0.03398410956079663, -0.34856594455806367, -0.20534989508657864, -0.18920868461729806, -0.1327975613723597, -0.18896192517748295, -0.1083881083479159, -0.03719488101789362, -0.03482185934885259, -0.05383863910070363, -0.20522604192575708, -0.09072672176672893, 0.013015314746139999, -0.1823307570177053, -0.012507578255624553, -0.1779881598875788], [-0.25532059138609847, 0.28463650089806175, 0.23359594292905594, 1.63688028354003, 0.10344764219059305, 0.3038725263818874, 0.15970208451494536, -0.12441944501004099, 0.025368615282501422, -0.14920249379721873, -0.015037858750315745, 0.012094349784969875, 0.020594412666306267, -0.1569981367533698, -0.1582338368991413, -0.013016802330416728, 0.02201401050544028, 0.017630424318052677, -0.30246594225291484, -0.1696553257322353, -0.16189765672755235, -0.15115164467082362, -0.16227854813885248, -0.031064529043219484, 0.028311295989278805, -0.1498250439236628, 0.022925435734380786, -0.1462395682103193], [-0.8541886352923569, -0.009631324273140056, 0.08614789869441815, 0.10344764219059305, 1.856324242281288, -0.06634717341268019, 0.20222000376174165, -0.1758073677918356, 0.023542252306371664, 0.0692301813990548, -0.09966314517633836, 0.058373971866885505, 0.07234886268452112, -0.14158275240088383, 0.06352331689357694, -0.14853948756484472, 0.010210324803530233, 0.06471801574711909, -0.1438710328204094, -0.09626375889864834, 0.052212937889989756, 0.08635989118184254, -0.40323404516044753, -0.10420333100820096, -0.14008032427272574, -0.14426824643798905, 0.04767673407498625, -0.1195327563132142], [0.20631586111357567, 0.5418780917692608, 0.6299960126909213, 0.3038725263818874, -0.06634717341268019, 1.745237264109481, 0.4737219031840623, -0.11168573866723115, -0.0077691568066138314, -0.03883042925756155, -0.08413626261461318, -0.180168522278931, -0.05318460193646383, -0.2066833752015871, -0.08158535700453165, -0.061384099847070286, -0.13293809479912136, -0.06915185503144138, -0.10557466210917865, -0.047625436141037404, -0.19292996258695258, -0.0867948659128209, -0.17410643418103303, -0.24238702224852812, 0.00422895265795445, -0.334608375448031, -0.16822037433492365, -0.1876137174257339], [0.030009421195649515, 0.3386111503674032, 0.36798392645435213, 0.15970208451494536, 0.20222000376174165, 0.4737219031840623, 1.594560273108974, -0.10349393381528964, 0.015562038339176807, -0.00946611736829981, -0.05761199472619258, -0.014796399411154234, -0.17714365667105508, -0.16997057638911836, -0.03606932690896337, -0.03465565786304894, 0.016412138588674335, -0.1818855010715829, -0.08874188078698242, -0.028104101147709337, -0.022879460120261694, -0.21051016002335565, -0.19931961740787166, -0.07262601410122019, -0.14834528083999787, -0.16032127822654868, -0.15794234240181398, -0.313415863118099], [0.1618733191387612, -0.3030097146923698, -0.13269125488345132, -0.12441944501004099, -0.1758073677918356, -0.11168573866723115, -0.10349393381528964, 0.5573875005585931, -0.08124795484143371, -0.0673388694018811, -0.0014752460558824236, -0.10858301309600683, -0.11365696441732365, 0.1027174270344825, 0.01685120815791517, 0.0173209295338873, -0.0017653540677317673, 0.010741092695330951, 0.07814621495069869, 0.007059433251682576, 0.00310713810128629, 0.008028639983191681, 0.08304374541784128, 0.009826338608649388, -0.008711611829214089, 0.090119253279961, -0.0019316656430699748, 0.08108783878642822], [-0.025686023286281275, -0.15931164058779781, -0.14538737291647005, 0.025368615282501422, 0.023542252306371664, -0.0077691568066138314, 0.015562038339176807, -0.08124795484143371, 0.5247185378939463, 0.00167526394843486, -0.018104795151847663, -0.008354580840964337, 0.00780977718763701, -0.04800210646010266, -0.010664964741488646, 0.012493971431344444, 0.0024263648522018138, -0.009977145754711895, -0.010203399155170078, -0.011268219324770052, 8.503551284374612e-05, -0.009373719019244801, -0.012013065163161826, 0.0010666531431090052, -0.008671541457035279, 0.00920719839465667, -0.00030599037021986525, -0.008146471596130262], [-0.07192553879858027, -0.18313064200518644, -0.02775795155847374, -0.14920249379721873, 0.0692301813990548, -0.03883042925756155, -0.00946611736829981, -0.0673388694018811, 0.00167526394843486, 0.48072091696135055, -0.013298055317413474, -0.0036610540757650908, 0.0001415967683879196, 0.01838739400566607, 0.0006607584502384474, 0.00015608482452452168, -0.0029334416212249415, 0.004423006451180188, -0.09772400597852972, -0.02217197241129817, -0.0007373452833442342, 0.006604917967874024, 0.00631563816388828, 0.002668995253247672, -0.012360388669321704, 0.012506794979443247, -0.0029880658778625568, 0.0027108127363523866], [-0.06842851008706924, -0.21930268687551668, -0.08249328406261626, -0.015037858750315745, -0.09966314517633836, -0.08413626261461318, -0.05761199472619258, -0.0014752460558824236, -0.018104795151847663, -0.013298055317413474, 0.4893450819393783, -0.00927016998202964, -0.023866759886257503, 0.03479731640919815, 0.011112134500251655, 0.0005266589455726304, -0.005914499380337126, 0.0072194831019879125, 0.017858088131836553, -0.004502554890562147, -0.0002587856439402331, 0.013001166906856836, -0.10188923227237962, 0.012199125116692754, -0.0023525012676238904, 0.021882015203217815, -0.0031300915939154214, 0.02701781905349577], [-0.08304492065876004, -0.17531742669190026, -0.03612674094008912, 0.012094349784969875, 0.058373971866885505, -0.180168522278931, -0.014796399411154234, -0.10858301309600683, -0.008354580840964337, -0.0036610540757650908, -0.00927016998202964, 0.5172556592280875, 0.005215450199125081, 0.013638708323418021, 0.0028484061083854915, 0.004847846237213446, -0.0057227780434043075, 0.0029016015429886182, 0.0031230242879158603, -0.0024102096092961725, 0.00037333672653173385, 0.0021029508405866, -0.005065581572906463, 0.0015547261144056685, -0.0032183882448136836, -0.049499277377541874, 0.0017338425167921963, 0.00649158733237224], [-0.10810810276581155, -0.18111175914948552, -0.03398410956079663, 0.020594412666306267, 0.07234886268452112, -0.05318460193646383, -0.17714365667105508, -0.11365696441732365, 0.00780977718763701, 0.0001415967683879196, -0.023866759886257503, 0.005215450199125081, 0.5110872611849738, 0.017922539887827667, 0.004950712568065365, 0.0014520583550462433, -0.0025956111727686456, -0.002162052635378259, 0.0018057876594796704, -0.0006407782375377789, 0.0008851150372792619, -0.008769587738265701, 0.01605580561386494, 0.006348479838723145, -0.01839981028766498, 0.01479684233465583, -0.005036589539431576, -0.06986094917405343], [0.03804327706370652, -0.205349037613194, -0.34856594455806367, -0.1569981367533698, -0.14158275240088383, -0.2066833752015871, -0.16997057638911836, 0.1027174270344825, -0.04800210646010266, 0.01838739400566607, 0.03479731640919815, 0.013638708323418021, 0.017922539887827667, 0.490429961414227, -0.059740235334378784, 0.020669408013551282, -0.07555181479886773, -0.09459059990431175, 0.07964584989610413, 0.016063218141221306, 0.01685864552156471, 0.01462239707852887, 0.10948431791771221, 0.03362308659714203, -0.0012454153750190088, 0.11309896224471365, 0.009139239792633121, 0.09549213386737468], [-0.10369555723858795, -0.04772944572076482, -0.20534989508657864, -0.1582338368991413, 0.06352331689357694, -0.08158535700453165, -0.03606932690896337, 0.01685120815791517, -0.010664964741488646, 0.0006607584502384474, 0.011112134500251655, 0.0028484061083854915, 0.004950712568065365, -0.059740235334378784, 0.5064238479633104, -0.008207258426541165, -0.010437036648874824, -0.010114134780719269, -0.11848656316035429, -0.012598184075875056, 0.008735392831520979, 0.014060553035988514, 0.027370816916239434, 0.011907088645067742, -0.008818952722978035, 0.021141511642878343, 0.002168061261127409, 0.005454401734680642], [-0.027881759241085685, -0.04611201625865522, -0.18920868461729806, -0.013016802330416728, -0.14853948756484472, -0.061384099847070286, -0.03465565786304894, 0.0173209295338873, 0.012493971431344444, 0.00015608482452452168, 0.0005266589455726304, 0.004847846237213446, 0.0014520583550462433, 0.020669408013551282, -0.008207258426541165, 0.562891440591922, 0.005375725475453281, -0.024559138908034232, -0.013622083801523372, -0.013443719935034324, 0.001977170574724494, -0.00037885254514532406, -0.1252235279042139, 0.01187709469160401, 0.0028170016910969682, 0.025110883980119063, -0.0017421371852981704, 0.008704284595602248], [-0.014578825528128468, 0.015607221892264333, -0.1327975613723597, 0.02201401050544028, 0.010210324803530233, -0.13293809479912136, 0.016412138588674335, -0.0017653540677317673, 0.0024263648522018138, -0.0029334416212249415, -0.005914499380337126, -0.0057227780434043075, -0.0025956111727686456, -0.07555181479886773, -0.010437036648874824, 0.005375725475453281, 0.5492825994017908, -0.007302052975193957, -0.01639678199041588, -0.013884259219811972, 0.01156267059256973, -0.009399582742171408, -0.025216088392423466, -0.0034705367485550476, -0.007012218284985358, -0.05647156551354277, 0.012994997367748886, -0.010804737014547785], [-0.10582499346434529, -0.030141148132051068, -0.18896192517748295, 0.017630424318052677, 0.06471801574711909, -0.06915185503144138, -0.1818855010715829, 0.010741092695330951, -0.009977145754711895, 0.004423006451180188, 0.0072194831019879125, 0.0029016015429886182, -0.002162052635378259, -0.09459059990431175, -0.010114134780719269, -0.024559138908034232, -0.007302052975193957, 0.5084831792805412, 0.005009433346970733, 0.00919780526812704, 0.007231521481046637, -0.004940136518151628, 0.026171812110917934, 0.00875435547029477, -0.026247768324816012, 0.018408127759955255, -0.0006864766977549145, -0.09130932496401785], [0.2240505438917699, -0.13284257162910743, -0.1083881083479159, -0.30246594225291484, -0.1438710328204094, -0.10557466210917865, -0.08874188078698242, 0.07814621495069869, -0.010203399155170078, -0.09772400597852972, 0.017858088131836553, 0.0031230242879158603, 0.0018057876594796704, 0.07964584989610413, -0.11848656316035429, -0.013622083801523372, -0.01639678199041588, 0.005009433346970733, 0.4889600773034795, -0.05449241796921666, -0.13013634270631497, -0.13230445207893637, 0.1092239426091001, 0.010680270819298041, -0.024514486346308876, 0.08008286335141547, -0.007671527734788107, 0.07428293500695203], [-0.004891229991628373, -0.027974053432375127, -0.03719488101789362, -0.1696553257322353, -0.09626375889864834, -0.047625436141037404, -0.028104101147709337, 0.007059433251682576, -0.011268219324770052, -0.02217197241129817, -0.004502554890562147, -0.0024102096092961725, -0.0006407782375377789, 0.016063218141221306, -0.012598184075875056, -0.013443719935034324, -0.013884259219811972, 0.00919780526812704, -0.05449241796921666, 0.4124168240098473, -0.019675766597484216, -0.013739727974350803, -0.09900654964719705, 0.0038011609277180474, -0.017952505321431517, 0.011596845087277093, -0.007061466654686265, 0.0230318768455605], [-0.08709041409134397, -0.017399604735214437, -0.03482185934885259, -0.16189765672755235, 0.052212937889989756, -0.19292996258695258, -0.022879460120261694, 0.00310713810128629, 8.503551284374612e-05, -0.0007373452833442342, -0.0002587856439402331, 0.00037333672653173385, 0.0008851150372792619, 0.01685864552156471, 0.008735392831520979, 0.001977170574724494, 0.01156267059256973, 0.007231521481046637, -0.13013634270631497, -0.019675766597484216, 0.5357911716128041, 0.015146585717790812, -0.00649038007208249, 0.008913545600164031, -0.006867314996450753, -0.03809104778540591, 0.0076414898316994485, 0.0049620593813017805], [-0.12734730682151632, -0.04269479742895411, -0.05383863910070363, -0.15115164467082362, 0.08635989118184254, -0.0867948659128209, -0.21051016002335565, 0.008028639983191681, -0.009373719019244801, 0.006604917967874024, 0.013001166906856836, 0.0021029508405866, -0.008769587738265701, 0.01462239707852887, 0.014060553035988514, -0.00037885254514532406, -0.009399582742171408, -0.004940136518151628, -0.13230445207893637, -0.013739727974350803, 0.015146585717790812, 0.4986747043641313, 0.042627662873339696, 0.013928781651161645, -0.03830851541777896, 0.017963484219169438, -0.009125794648771376, -0.08110506701667546], [0.25841246892389147, -0.2010596330130626, -0.20522604192575708, -0.16227854813885248, -0.40323404516044753, -0.17410643418103303, -0.19931961740787166, 0.08304374541784128, -0.012013065163161826, 0.00631563816388828, -0.10188923227237962, -0.005065581572906463, 0.01605580561386494, 0.10948431791771221, 0.027370816916239434, -0.1252235279042139, -0.025216088392423466, 0.026171812110917934, 0.1092239426091001, -0.09900654964719705, -0.00649038007208249, 0.042627662873339696, 0.5705507562085985, -0.14333828047151015, -0.12895797484388064, 0.0873912509738089, -0.005907138383237651, 0.13307774879903259], [-0.1067099789149954, -0.06761706971608082, -0.09072672176672893, -0.031064529043219484, -0.10420333100820096, -0.24238702224852812, -0.07262601410122019, 0.009826338608649388, 0.0010666531431090052, 0.002668995253247672, 0.012199125116692754, 0.0015547261144056685, 0.006348479838723145, 0.03362308659714203, 0.011907088645067742, 0.01187709469160401, -0.0034705367485550476, 0.00875435547029477, 0.010680270819298041, 0.0038011609277180474, 0.008913545600164031, 0.013928781651161645, -0.14333828047151015, 0.5553762765340214, 0.007797608282680599, 0.012415905865981576, -0.00877986810914499, 0.026129288988384763], [0.02157018454653198, 0.016034307851956267, 0.013015314746139999, 0.028311295989278805, -0.14008032427272574, 0.00422895265795445, -0.14834528083999787, -0.008711611829214089, -0.008671541457035279, -0.012360388669321704, -0.0023525012676238904, -0.0032183882448136836, -0.01839981028766498, -0.0012454153750190088, -0.008818952722978035, 0.0028170016910969682, -0.007012218284985358, -0.026247768324816012, -0.024514486346308876, -0.017952505321431517, -0.006867314996450753, -0.03830851541777896, -0.12895797484388064, 0.007797608282680599, 0.5183476178152081, 0.0034945114201654194, -0.015827626409439542, 0.0002685765251421343], [0.03705409532173828, -0.1843214756337339, -0.1823307570177053, -0.1498250439236628, -0.14426824643798905, -0.334608375448031, -0.16032127822654868, 0.090119253279961, 0.00920719839465667, 0.012506794979443247, 0.021882015203217815, -0.049499277377541874, 0.01479684233465583, 0.11309896224471365, 0.021141511642878343, 0.025110883980119063, -0.05647156551354277, 0.018408127759955255, 0.08008286335141547, 0.011596845087277093, -0.03809104778540591, 0.017963484219169438, 0.0873912509738089, 0.012415905865981576, 0.0034945114201654194, 0.4858476464653799, -0.07289886603010029, 0.0984753103212466], [-0.07072526233285303, 0.004172599746202279, -0.012507578255624553, 0.022925435734380786, 0.04767673407498625, -0.16822037433492365, -0.15794234240181398, -0.0019316656430699748, -0.00030599037021986525, -0.0029880658778625568, -0.0031300915939154214, 0.0017338425167921963, -0.005036589539431576, 0.009139239792633121, 0.002168061261127409, -0.0017421371852981704, 0.012994997367748886, -0.0006864766977549145, -0.007671527734788107, -0.007061466654686265, 0.0076414898316994485, -0.009125794648771376, -0.005907138383237651, -0.00877986810914499, -0.015827626409439542, -0.07289886603010029, 0.5296072355785431, -0.09277406581917241], [0.07273946144152012, -0.19576032635879825, -0.1779881598875788, -0.1462395682103193, -0.1195327563132142, -0.1876137174257339, -0.313415863118099, 0.08108783878642822, -0.008146471596130262, 0.0027108127363523866, 0.02701781905349577, 0.00649158733237224, -0.06986094917405343, 0.09549213386737468, 0.005454401734680642, 0.008704284595602248, -0.010804737014547785, -0.09130932496401785, 0.07428293500695203, 0.0230318768455605, 0.0049620593813017805, -0.08110506701667546, 0.13307774879903259, 0.026129288988384763, 0.0002685765251421343, 0.0984753103212466, -0.09277406581917241, 0.4767989129517721]]",
    "monomial_list": "[1, x6, x5, x4, x3, x2, x1, x6**2, x5*x6, x4*x6, x3*x6, x2*x6, x1*x6, x5**2, x4*x5, x3*x5, x2*x5, x1*x5, x4**2, x3*x4, x2*x4, x1*x4, x3**2, x2*x3, x1*x3, x2**2, x1*x2, x1**2]"
}