{
    "name": "Total Decomposition",
    "rational_expression": "207*x1**4/100 + 1123*x1**3*x2/1000 - 1001*x1**3/2500 + 3599*x1**2*x2**2/1000 + 128*x1**2*x2/125 + 503*x1**2/500 + 2781*x1*x2**3/100000 + 487*x1*x2**2/2000 - 1403*x1*x2/1000 + 533*x1/1250 + 1131*x2**4/1000 + 693*x2**3/500 + 2053*x2**2/2500 - 2009*x2/10000 + 881/500",
    "Q": "[[1.7620053518566212, -0.10082814134436281, 0.21273821599884946, -0.4049625714152439, -0.4379112205798783, -0.34307734467386763], [-0.10082814134436281, 1.631598799779491, -0.26281175652329763, 0.6932048136196488, 0.21262312881936707, 0.4576752989428], [0.21273821599884946, -0.26281175652329763, 1.693626408162063, -0.089497614037922, 0.054873148931323806, -0.20076002083670555], [-0.4049625714152439, 0.6932048136196488, -0.089497614037922, 1.1305216439346573, 0.013886857947538031, 0.4534121168697118], [-0.4379112205798783, 0.21262312881936707, 0.054873148931323806, 0.013886857947538031, 2.693038446309791, 0.5604437598960266], [-0.34307734467386763, 0.4576752989428, -0.20076002083670555, 0.4534121168697118, 0.5604437598960266, 2.069360343405747]]",
    "monomial_list": "[1, x2, x1, x2**2, x1*x2, x1**2]"
}