{
    "name": "Total Decomposition",
    "rational_expression": "61103*x1**4/1250 + 45429*x1**3*x2/1250 - 143253*x1**3/20000 + 989403*x1**2*x2**2/10000 + 405239*x1**2*x2/100000 + 120403*x1**2/1000 + 41167*x1*x2**3/2500 - 445477*x1*x2**2/10000 - 200121*x1*x2/10000 + 79833*x1/1000 + 87767*x2**4/1250 + 110833*x2**3/12500 + 697061*x2**2/10000 - 348977*x2/10000 + 29879/250",
    "Q": "[[119.51644660356041, -17.507921028962976, 39.88540509513845, 0.17978260995653833, 3.7966794860935704, 11.939950029897306], [-17.507921028962976, 69.24146640629662, -13.838661084340574, 4.470893574842128, -9.161966115735979, -0.9353207846689708], [39.88540509513845, -13.838661084340574, 96.48039585428317, -13.133170831469728, 2.9828428170431978, -3.5926697565655115], [0.17978260995653833, 4.470893574842128, -13.133170831469728, 70.21510535560203, 8.23018047609141, 9.83783186282073], [3.7966794860935704, -9.161966115735979, 2.9828428170431978, 8.23018047609141, 79.22059968647565, 18.179785432895027], [11.939950029897306, -0.9353207846689708, -3.5926697565655115, 9.83783186282073, 18.179785432895027, 48.88376058603031]]",
    "monomial_list": "[1, x2, x1, x2**2, x1*x2, x1**2]"
}