{
    "name": "Total Decomposition",
    "rational_expression": "881*x1**4/2000 - 3423*x1**3*x2/100000 - 108*x1**3*x3/3125 + 921*x1**3/2500 + 7413*x1**2*x2**2/10000 - 1967*x1**2*x2*x3/250000 + 327*x1**2*x2/1000 + 3707*x1**2*x3**2/5000 + 327*x1**2*x3/1000 + 3263*x1**2/10000 - 857*x1*x2**3/25000 - 2007*x1*x2**2*x3/250000 + 327*x1*x2**2/1000 - 3991*x1*x2*x3**2/500000 - 2299*x1*x2*x3/100000 - 1841*x1*x2/100000 - 139*x1*x3**3/4000 + 204*x1*x3**2/625 - 941*x1*x3/50000 + 1991*x1/5000 + 881*x2**4/2000 - 3473*x2**3*x3/100000 + 919*x2**3/2500 + 3703*x2**2*x3**2/5000 + 817*x2**2*x3/2500 + 651*x2**2/2000 - 871*x2*x3**3/25000 + 3259*x2*x3**2/10000 - 941*x2*x3/50000 + 1991*x2/5000 + 4407*x3**4/10000 + 147*x3**3/400 + 3257*x3**2/10000 + 1991*x3/5000 + 1021/1000",
    "Q": "[[1.021076679228569, 0.1993427027043669, 0.19934270270436721, 0.19934270270436846, -0.126668731936538, -0.08090580150240877, -0.08090580150240986, -0.1266687319365374, -0.0809058015024099, -0.12666873193653844], [0.1993427027043669, 0.5793546569378434, 0.0713598254620037, 0.07135982546200406, 0.1840865986351184, 0.09350639130578284, 0.09350639130578355, 0.06965037419662086, -0.0037708021395336357, 0.06965037419662046], [0.19934270270436721, 0.0713598254620037, 0.579354656937843, 0.07135982546200345, 0.06965037419662028, 0.09350639130578306, -0.003770802139533552, 0.18408659863511784, 0.09350639130578355, 0.06965037419662089], [0.19934270270436846, 0.07135982546200406, 0.07135982546200345, 0.5793546569378444, 0.06965037419662055, -0.0037708021395335784, 0.09350639130578273, 0.06965037419662104, 0.09350639130578355, 0.18408659863511756], [-0.126668731936538, 0.1840865986351184, 0.06965037419662028, 0.06965037419662055, 0.4408414097248967, -0.017329871552466212, -0.017329871552466486, 0.08452824982079242, 0.010215114536429589, 0.08452824982079286], [-0.08090580150240877, 0.09350639130578284, 0.09350639130578306, -0.0037708021395335784, -0.017329871552466212, 0.571982000714053, -0.013985916675963531, -0.017329871552465865, -0.01398591667596313, 0.010215114536428834], [-0.08090580150240986, 0.09350639130578355, -0.003770802139533552, 0.09350639130578273, -0.017329871552466486, -0.013985916675963531, 0.5719820007140523, 0.010215114536429232, -0.013985916675962544, -0.01732987155246577], [-0.1266687319365374, 0.06965037419662086, 0.18408659863511784, 0.06965037419662104, 0.08452824982079242, -0.017329871552465865, 0.010215114536429232, 0.44084140972489844, -0.01732987155246604, 0.08452824982079178], [-0.0809058015024099, -0.0037708021395336357, 0.09350639130578355, 0.09350639130578355, 0.010215114536429589, -0.01398591667596313, -0.013985916675962544, -0.01732987155246604, 0.5719820007140518, -0.017329871552466142], [-0.12666873193653844, 0.06965037419662046, 0.06965037419662089, 0.18408659863511756, 0.08452824982079286, 0.010215114536428834, -0.01732987155246577, 0.08452824982079178, -0.017329871552466142, 0.4408414097248989]]",
    "monomial_list": "[1, x3, x2, x1, x3**2, x2*x3, x1*x3, x2**2, x1*x2, x1**2]"
}