{
    "name": "Total Decomposition",
    "rational_expression": "87*x1**4/200 - 341*x1**3*x2/10000 - 43*x1**3*x3/1250 + 91*x1**3/250 + 729*x1**2*x2**2/1000 - 99*x1**2*x2*x3/12500 + 161*x1**2*x2/500 + 73*x1**2*x3**2/100 + 161*x1**2*x3/500 + 323*x1**2/1000 - 43*x1*x2**3/1250 - 713*x1*x2**2*x3/100000 + 321*x1*x2**2/1000 - 79*x1*x2*x3**2/10000 - 113*x1*x2*x3/5000 - 183*x1*x2/10000 - 69*x1*x3**3/2000 + 161*x1*x3**2/500 - 7*x1*x3/400 + 393*x1/1000 + 217*x2**4/500 - 17*x2**3*x3/500 + 363*x2**3/1000 + 73*x2**2*x3**2/100 + 161*x2**2*x3/500 + 161*x2**2/500 - 69*x2*x3**3/2000 + 161*x2*x3**2/500 - 7*x2*x3/400 + 393*x2/1000 + 87*x3**4/200 + 363*x3**3/1000 + 161*x3**2/500 + 393*x3/1000 + 499/500",
    "Q": "[[0.9979432225228614, 0.19646049332245658, 0.19646049332245633, 0.19646049332245621, -0.12423093823922694, -0.07906402072233266, -0.07906402072233244, -0.12423093823922769, -0.07906402072233366, -0.12423093823922643], [0.19646049332245658, 0.5699496852580019, 0.06980792227756753, 0.06980792227756803, 0.18142419483604014, 0.09225560123924184, 0.09225560123924104, 0.06843290064507263, -0.0038227299111437685, 0.06843290064507142], [0.19646049332245633, 0.06980792227756753, 0.5699496852580018, 0.06980792227756784, 0.06843290064507215, 0.0922556012392418, -0.0038227299111437624, 0.1814241948360397, 0.09225560123924167, 0.06843290064507261], [0.19646049332245621, 0.06980792227756803, 0.06980792227756784, 0.5699496852580039, 0.06843290064507164, -0.0038227299111426166, 0.09225560123924086, 0.06843290064507235, 0.09225560123924315, 0.1814241948360396], [-0.12423093823922694, 0.18142419483604014, 0.06843290064507215, 0.06843290064507164, 0.43428156765986836, -0.017167435005368097, -0.017167435005367587, 0.08333167521609239, 0.010139257470812341, 0.08333167521609237], [-0.07906402072233266, 0.09225560123924184, 0.0922556012392418, -0.0038227299111426166, -0.017167435005368097, 0.5632725940772848, -0.013961987381955606, -0.017167435005367156, -0.013961987381955046, 0.010139257470811645], [-0.07906402072233244, 0.09225560123924104, -0.0038227299111437624, 0.09225560123924086, -0.017167435005367587, -0.013961987381955606, 0.5632725940772845, 0.01013925747081157, -0.013961987381955844, -0.017167435005367986], [-0.12423093823922769, 0.06843290064507263, 0.1814241948360397, 0.06843290064507235, 0.08333167521609239, -0.017167435005367156, 0.01013925747081157, 0.43428156765986864, -0.01716743500536753, 0.08333167521609187], [-0.07906402072233366, -0.0038227299111437685, 0.09225560123924167, 0.09225560123924315, 0.010139257470812341, -0.013961987381955046, -0.013961987381955844, -0.01716743500536753, 0.563272594077284, -0.01716743500536794], [-0.12423093823922643, 0.06843290064507142, 0.06843290064507261, 0.1814241948360396, 0.08333167521609237, 0.010139257470811645, -0.017167435005367986, 0.08333167521609187, -0.01716743500536794, 0.4342815676598687]]",
    "monomial_list": "[1, x3, x2, x1, x3**2, x2*x3, x1*x3, x2**2, x1*x2, x1**2]"
}