{
    "name": "Total Decomposition",
    "rational_expression": "10717*x1**4/250 - 18231*x1**3*x2/2000 + 5159*x1**3/200 + 47683*x1**2*x2**2/500 - 8279*x1**2*x2/250 + 25019*x1**2/1000 - 5569*x1*x2**3/1250 + 46093*x1*x2**2/1000 + 36579*x1*x2/500 + 16983*x1/500 + 20191*x2**4/500 - 11709*x2**3/250 + 1053*x2**2/40 - 45961*x2/5000 + 26703/500",
    "Q": "[[53.40622533828705, -4.571030958567544, 17.004363118912366, -13.46714440470252, 29.143271695941497, -13.33914776387151], [-4.571030958567544, 53.24054860210713, 7.411508964055331, -23.408048754319882, 19.27990094118064, -10.211557881183152], [17.004363118912366, 7.411508964055331, 51.73098438805453, 3.792545045673193, -6.353910401330425, 12.913597943241998], [-13.46714440470252, -23.408048754319882, 3.792545045673193, 40.37717409454602, -2.2186817152313405, 9.53844890879226], [29.143271695941497, 19.27990094118064, -6.353910401330425, -2.2186817152313405, 76.29765344089415, -4.556428109983597], [-13.33914776387151, -10.211557881183152, 12.913597943241998, 9.53844890879226, -4.556428109983597, 42.86172134689335]]",
    "monomial_list": "[1, x2, x1, x2**2, x1*x2, x1**2]"
}