{
    "name": "Total Decomposition",
    "rational_expression": "8827*x1**4/1250 + 9001*x1**3*x2/1250 + 10483*x1**3/5000 + 6633*x1**2*x2**2/500 - 3549*x1**2*x2/200 + 34039*x1**2/1000 + 4819*x1*x2**3/2000 + 19697*x1*x2**2/5000 + 8747*x1*x2/200 - 13317*x1/20000 + 12239*x2**4/2500 - 72741*x2**3/10000 + 15253*x2**2/500 - 28453*x2/5000 + 54063/100000",
    "Q": "[[0.5383999794728003, -2.839447551004422, -0.3320499863392729, 0.8068935394479199, -1.1246907404084039, 0.6406875642405087], [-2.839447551004422, 28.879680815703225, 22.986012643016355, -3.631460264956755, 1.096422558300559, -2.13961153271093], [-0.3320499863392729, 22.986012643016355, 32.75163552644256, 0.8945412222449578, -6.7104262715687835, 1.062022344040448], [0.8068935394479199, -3.631460264956755, 0.8945412222449578, 4.895220248455901, 1.1990567019533986, 0.46721319300839964], [-1.1246907404084039, 1.096422558300559, -6.7104262715687835, 1.1990567019533986, 12.326402014219518, 3.5988123202743414], [0.6406875642405087, -2.13961153271093, 1.062022344040448, 0.46721319300839964, 3.5988123202743414, 7.060904320052431]]",
    "monomial_list": "[1, x2, x1, x2**2, x1*x2, x1**2]"
}