{
    "name": "Total Decomposition",
    "rational_expression": "19031*x1**4/500 + 12529*x1**3*x2/1000 + 19313*x1**3/500 + 91089*x1**2*x2**2/1000 - 17853*x1**2*x2/1000 + 17863*x1**2/200 + 3369*x1*x2**3/200 + 5441*x1*x2**2/250 + 2862*x1*x2/25 + 15023*x1/1000 + 18941*x2**4/500 - 236*x2**3/5 + 21421*x2**2/250 - 7371*x2/2500 + 83/4",
    "Q": "[[20.749729880326928, -1.467167596831465, 7.517101969080154, 1.0769131901241742, 16.06709614877334, 2.2335743771505423], [-1.467167596831465, 83.52616523993157, 41.176044772097185, -23.602738079957643, 12.226459427886633, -2.026553368436347], [7.517101969080154, 41.176044772097185, 84.83304131143294, -1.305534906973486, -6.9208853770910945, 19.302725879234114], [1.0769131901241742, -23.602738079957643, -1.305534906973486, 37.88993232559001, 8.398994303187582, 7.15737037803021], [16.06709614877334, 12.226459427886633, -6.9208853770910945, 8.398994303187582, 76.83823209952094, 6.230703795358588], [2.2335743771505423, -2.026553368436347, 19.302725879234114, 7.15737037803021, 6.230703795358588, 38.06128989300824]]",
    "monomial_list": "[1, x2, x1, x2**2, x1*x2, x1**2]"
}