{
    "name": "Total Decomposition",
    "rational_expression": "5217*x1**4/125 - 44057*x1**3*x2/5000 + 12881*x1**3/500 + 18691*x1**2*x2**2/200 - 8117*x1**2*x2/250 + 24249*x1**2/1000 - 42167*x1*x2**3/10000 + 11351*x1*x2**2/250 + 70597*x1*x2/1000 + 32247*x1/1000 + 39413*x2**4/1000 - 46507*x2**3/1000 + 12867*x2**2/500 - 18289*x2/2500 + 10607/200",
    "Q": "[[53.03494594781823, -3.662137932239019, 16.127438562063933, -13.343643753797938, 28.189042396975776, -13.053565290872937], [-3.662137932239019, 52.46559627217389, 7.06020836771321, -23.271103117771975, 18.969137693675858, -9.91711449785979], [16.127438562063933, 7.06020836771321, 50.33769551827648, 3.7333899937863997, -6.325975136755001, 12.878627213103096], [-13.343643753797938, -23.271103117771975, 3.7333899937863997, 39.42319559577969, -2.0943180058706288, 9.380291067226182], [28.189042396975776, 18.969137693675858, -6.325975136755001, -2.0943180058706288, 74.62886540445582, -4.384778881475672], [-13.053565290872937, -9.91711449785979, 12.878627213103096, 9.380291067226182, -4.384778881475672, 41.75866065454208]]",
    "monomial_list": "[1, x2, x1, x2**2, x1*x2, x1**2]"
}