include("utils/util.jl")
include("utils/newtonUpdate.jl")
include("utils/rationalSOS.jl")

X = nothing
eig_tol = 1e-4
tol = 1e-50

SOS_time = 0
Newton_time = 0
function solve(n, X, f, Q, mono,newton)
    global SOS_time, Newton_time
    Q = round.(Q, digits=2)
    rQ = symplify_rational.(Q)

    model = nothing
    if !newton
        model = rational_SOS(f, 1, 0, mono, rQ)
    else
        Newton_time+=@elapsed update_Q = newton_refine_update(f, mono, Q, eig_tol, 90, tol, X)
        Q_res = symplify_rational.(update_Q*update_Q')
        SOS_time+=@elapsed model = rational_SOS(f, 1, 0, mono, Q_res)
    end
    
    SOSrational_time, coeffs, terms = model[2:end]
    
    @show expand(f-(coeffs' * terms.^2))

    data = Dict(
        "n" => n,
        "expression" => f,
        "coeff" => join([string(c) for c in coeffs], ","),
        "term" => join([string(t) for t in terms], ","),
        "SOSrational_time" => SOSrational_time,
        "SOS_expression" => string(coeffs' * terms.^2)
    )

    # save("src/output/data.json", data)    
end

n = 6
@Symbolics.variables X[1:n]

#C14
# init
## Multiplier-6
P0 = 69*X[1]^2//250 + 21*X[1]*X[2]//1000 + 121*X[1]*X[3]//5000 + 27*X[1]*X[4]//1250 + 19*X[1]*X[5]//1000 - 223*X[1]*X[6]//5000 - 39*X[1]//2500 + 277*X[2]^2//1000 + 69*X[2]*X[3]//2500 + 51*X[2]*X[4]//2000 + 219*X[2]*X[5]//10000 - 477*X[2]*X[6]//10000 - 29*X[2]//1000 + 281*X[3]^2//1000 + 299*X[3]*X[4]//10000 + 123*X[3]*X[5]//5000 - 107*X[3]*X[6]//2000 - 237*X[3]//5000 + 279*X[4]^2//1000 + 219*X[4]*X[5]//10000 - 527*X[4]*X[6]//10000 - 519*X[4]//10000 + 69*X[5]^2//250 - 479*X[5]*X[6]//10000 - 173*X[5]//5000 + 42*X[6]^2//125 + 247*X[6]//1000 + 279//1000
M0 = [1, X[6], X[5], X[4], X[3], X[2], X[1]]
Q0 = [0.2787632292902371 0.12317172482101615 -0.017383355661342866 -0.025965179348777994 -0.023641514464499854 -0.014460236699041232 -0.007769758563007661;
 0.12317172482101615 0.33498537067617606 -0.023970788399240182 -0.026249677388618584 -0.026582203025674565 -0.02379655064472612 -0.022248847722251473;
 -0.017383355661342866 -0.023970788399240182 0.2757893158600258 0.011037971999086996 0.012162609024196858 0.011030317355455637 0.009416463330128617;
 -0.025965179348777994 -0.026249677388618584 0.011037971999086996 0.27955102034095436 0.0150598438653305 0.01276091199814598 0.01079290852687975;
 -0.023641514464499854 -0.026582203025674565 0.012162609024196858 0.0150598438653305 0.28058885466417355 0.013806810158299144 0.012209808948280623;
 -0.014460236699041232 -0.02379655064472612 0.011030317355455637 0.01276091199814598 0.013806810158299144 0.2770933771677294 0.01049713097916054;
 -0.007769758563007661 -0.022248847722251473 0.009416463330128617 0.01079290852687975 0.012209808948280623 0.01049713097916054 0.2752589808727554;
]
solve(n, X, P0, Q0, M0, true)
## Multiplier-4
P1 = 133*X[1]^2//500 + 131*X[1]*X[2]//20000 + 171*X[1]*X[3]//20000 - 289*X[1]*X[4]//5000 + 867*X[1]*X[5]//100000 + 193*X[1]*X[6]//1000000 - 39*X[1]//2500 + 53*X[2]^2//200 + 339*X[2]*X[3]//50000 - 607*X[2]*X[4]//10000 + 871*X[2]*X[5]//100000 + 39*X[2]*X[6]//25000 - X[2]//50 + 267*X[3]^2//1000 - 669*X[3]*X[4]//10000 + 723*X[3]*X[5]//100000 + 503*X[3]*X[6]//100000 - 159*X[3]//5000 + 13*X[4]^2//40 - 111*X[4]*X[5]//2000 - 693*X[4]*X[6]//10000 + 237*X[4]//1000 + 67*X[5]^2//250 + 847*X[5]*X[6]//100000 - 219*X[5]//50000 + 32*X[6]^2//125 - 487*X[6]//10000 + 39//125
M1 = [1, X[6], X[5], X[4], X[3], X[2], X[1]]
Q1 = [0.31161482004618224 -0.024262475996439076 -0.0022696719330134365 0.11796619608728777 -0.015847623440641823 -0.010091687743202096 -0.007710274712271569;
 -0.024262475996439076 0.2557955007429194 0.00421760165819641 -0.03464171538744675 0.002420595158020366 0.0008470400120728301 0.0001592552636814963;
 -0.0022696719330134365 0.00421760165819641 0.26812114247696966 -0.027859201622643964 0.003581053694985844 0.004230878476211583 0.0043466277726429674;
 0.11796619608728777 -0.03464171538744675 -0.027859201622643964 0.3248621669551573 -0.033328264247872615 -0.030499129739934832 -0.028855347099036244;
 -0.015847623440641823 0.002420595158020366 0.003581053694985844 -0.033328264247872615 0.26610517246556004 0.0034152174179220393 0.004182496681653165;
 -0.010091687743202096 0.0008470400120728301 0.004230878476211583 -0.030499129739934832 0.0034152174179220393 0.2650757046553919 0.0031990567450566765;
 -0.007710274712271569 0.0001592552636814963 0.0043466277726429674 -0.028855347099036244 0.004182496681653165 0.0031990567450566765 0.26597031110156155;
]
solve(n, X, P1, Q1, M1, true)
## Multiplier-5
P2 = 269*X[1]^2//1000 + 297*X[1]*X[2]//50000 + 419*X[1]*X[3]//50000 + 43*X[1]*X[4]//5000 - 36*X[1]*X[5]//625 + 93*X[1]*X[6]//125000 - 69*X[1]//5000 + 267*X[2]^2//1000 + 657*X[2]*X[3]//100000 + 26*X[2]*X[4]//3125 - 61*X[2]*X[5]//1000 + 13*X[2]*X[6]//6250 - 191*X[2]//10000 + 269*X[3]^2//1000 + 37*X[3]*X[4]//4000 - 651*X[3]*X[5]//10000 + 73*X[3]*X[6]//12500 - 43*X[3]//2000 + 271*X[4]^2//1000 - 611*X[4]*X[5]//10000 + 121*X[4]*X[6]//10000 - 63*X[4]//5000 + 331*X[5]^2//1000 - 663*X[5]*X[6]//10000 + 6*X[5]//25 + 13*X[6]^2//50 - 323*X[6]//10000 + 299//1000
M2 = [1, X[6], X[5], X[4], X[3], X[2], X[1]]
Q2 = [0.2994105938736746 -0.0160831042643711 0.12009431953875523 -0.006338751360764294 -0.010635235677970086 -0.009509102600649801 -0.006826388831401288;
 -0.0160831042643711 0.2595533355797605 -0.03305897474906821 0.005946209264279648 0.0029332924158194072 0.0009564551106033077 0.00024576677545176765;
 0.12009431953875523 -0.03305897474906821 0.33083322419878136 -0.03045594759810961 -0.03244291470109673 -0.030320972589205117 -0.028708576480918097;
 -0.006338751360764294 0.005946209264279648 -0.03045594759810961 0.2710029435845569 0.0045882104908203615 0.004086954612752195 0.00433766937661897;
 -0.010635235677970086 0.0029332924158194072 -0.03244291470109673 0.0045882104908203615 0.26888745453607515 0.0033725965860889897 0.00410620538355421;
 -0.009509102600649801 0.0009564551106033077 -0.030320972589205117 0.004086954612752195 0.0033725965860889897 0.2671561601214841 0.0029571385194502543;
 -0.006826388831401288 0.00024576677545176765 -0.028708576480918097 0.00433766937661897 0.00410620538355421 0.0029571385194502543 0.2681060744694204;
]
solve(n, X, P2, Q2, M2, true)
## Multiplier-3
P3 = 53*X[1]^2//200 + 391*X[1]*X[2]//50000 - 597*X[1]*X[3]//10000 + 109*X[1]*X[4]//10000 + 47*X[1]*X[5]//5000 + 199*X[1]*X[6]//100000 - 149*X[1]//5000 + 33*X[2]^2//125 - 127*X[2]*X[3]//2000 + X[2]*X[4]//100 + 949*X[2]*X[5]//100000 + 11*X[2]*X[6]//4000 - 41*X[2]//1250 + 319*X[3]^2//1000 - 159*X[3]*X[4]//2500 - 287*X[3]*X[5]//5000 - 73*X[3]*X[6]//1000 + 219*X[3]//1000 + 67*X[4]^2//250 + 27*X[4]*X[5]//3125 + X[4]*X[6]//80 - 173*X[4]//5000 + 267*X[5]^2//1000 + 477*X[5]*X[6]//50000 - 173*X[5]//10000 + 51*X[6]^2//200 - X[6]//20 + 149//500
M3 = [1, X[6], X[5], X[4], X[3], X[2], X[1]]
Q3 = [0.29810150028767934 -0.02516552880441415 -0.008776232815906577 -0.017187372131725512 0.10927052200822278 -0.01650593835375403 -0.014832080627964159;
 -0.02516552880441415 0.2548610988142276 0.004671973540552687 0.006308588082812595 -0.03647489285780595 0.0014084212588712094 0.0009882778860645259;
 -0.008776232815906577 0.004671973540552687 0.26723463567308453 0.004364307352317304 -0.028708039381311203 0.004629521392436003 0.004758667222424186;
 -0.017187372131725512 0.006308588082812595 0.004364307352317304 0.26820804526155717 -0.03164579874624176 0.005027227762056668 0.005319183904937721;
 0.10927052200822278 -0.03647489285780595 -0.028708039381311203 -0.03164579874624176 0.3187415210020547 -0.031725133738569666 -0.029897083613773953;
 -0.01650593835375403 0.0014084212588712094 0.004629521392436003 0.005027227762056668 -0.031725133738569666 0.26454924144217556 0.003918586718184517;
 -0.014832080627964159 0.0009882778860645259 0.004758667222424186 0.005319183904937721 -0.029897083613773953 0.003918586718184517 0.26542437339831215;
]
solve(n, X, P3, Q3, M3, true)
## Multiplier-2
P4 = 267*X[1]^2//1000 - 611*X[1]*X[2]//10000 + 179*X[1]*X[3]//25000 + 833*X[1]*X[4]//100000 + 737*X[1]*X[5]//100000 - 51*X[1]*X[6]//50000 - 229*X[1]//10000 + 81*X[2]^2//250 - 359*X[2]*X[3]//5000 - 329*X[2]*X[4]//5000 - 603*X[2]*X[5]//10000 - 737*X[2]*X[6]//10000 + 28*X[2]//125 + 267*X[3]^2//1000 + 21*X[3]*X[4]//2500 + 663*X[3]*X[5]//100000 + 23*X[3]*X[6]//12500 - 429*X[3]//10000 + 27*X[4]^2//100 + 733*X[4]*X[5]//100000 + 933*X[4]*X[6]//100000 - 163*X[4]//5000 + 269*X[5]^2//1000 + 311*X[5]*X[6]//50000 - 3*X[5]//125 + 32*X[6]^2//125 - 383*X[6]//10000 + 143//500
M4 = [1, X[6], X[5], X[4], X[3], X[2], X[1]]
Q4 = [0.2864346658023834 -0.019131805047460215 -0.011987224741725346 -0.01635322946066987 -0.021397273010302115 0.11228281719266667 -0.011549889074559403;
 -0.019131805047460215 0.2560831173863132 0.0031623305595957956 0.004592150084872651 0.0009327742617865432 -0.036850529709442165 -0.00043683727975830894;
 -0.011987224741725346 0.0031623305595957956 0.26876985365586076 0.003586048356743377 0.0032160059372278445 -0.030160046491761 0.003791334092909415;
 -0.01635322946066987 0.004592150084872651 0.003586048356743377 0.26966700639288604 0.004276324825536203 -0.0328211001260823 0.004069494185993709;
 -0.021397273010302115 0.0009327742617865432 0.0032160059372278445 0.004276324825536203 0.26672023545434986 -0.03579184162057274 0.0035568980018500247;
 0.11228281719266667 -0.036850529709442165 -0.030160046491761 -0.0328211001260823 -0.03579184162057274 0.3240580243171798 -0.030605969806177677;
 -0.011549889074559403 -0.00043683727975830894 0.003791334092909415 0.004069494185993709 0.0035568980018500247 -0.030605969806177677 0.26708123572763803;
]
solve(n, X, P4, Q4, M4, true)
## Total Decomposition
P5 = 3283*X[1]^4//10000 - 6391*X[1]^3*X[2]//100000 - 883*X[1]^3*X[3]//12500 - 1621*X[1]^3*X[4]//25000 - 5949*X[1]^3*X[5]//100000 - 341*X[1]^3*X[6]//5000 - 4263*X[1]^3//10000 + 5343*X[1]^2*X[2]^2//10000 + 2067*X[1]^2*X[2]*X[3]//500000 + 743*X[1]^2*X[2]*X[4]//125000 + 263*X[1]^2*X[2]*X[5]//40000 - 739*X[1]^2*X[2]*X[6]//2000000 - 539*X[1]^2*X[2]//1250 + 333*X[1]^2*X[3]^2//625 + 7921*X[1]^2*X[3]*X[4]//1000000 + 1237*X[1]^2*X[3]*X[5]//250000 + 1083*X[1]^2*X[3]*X[6]//1000000 - 4297*X[1]^2*X[3]//10000 + 5361*X[1]^2*X[4]^2//10000 + 3169*X[1]^2*X[4]*X[5]//500000 + 7627*X[1]^2*X[4]*X[6]//1000000 - 4311*X[1]^2*X[4]//10000 + 2683*X[1]^2*X[5]^2//5000 + 5909*X[1]^2*X[5]*X[6]//1000000 - 4377*X[1]^2*X[5]//10000 + 1069*X[1]^2*X[6]^2//2000 - 271*X[1]^2*X[6]//625 + 121*X[1]^2//100 - 3061*X[1]*X[2]^3//50000 + 7109*X[1]*X[2]^2*X[3]//1000000 + 1037*X[1]*X[2]^2*X[4]//125000 + 7301*X[1]*X[2]^2*X[5]//1000000 - 8503*X[1]*X[2]^2*X[6]//10000000 - 4343*X[1]*X[2]^2//10000 + 757*X[1]*X[2]*X[3]^2//100000 - 2017*X[1]*X[2]*X[3]*X[4]//10000000 + 713*X[1]*X[2]*X[3]*X[5]//5000000 + 2079*X[1]*X[2]*X[3]*X[6]//10000000 - 99*X[1]*X[2]*X[3]//2500 + 1393*X[1]*X[2]*X[4]^2//200000 + 993*X[1]*X[2]*X[4]*X[5]//2500000 + 103*X[1]*X[2]*X[4]*X[6]//500000 - 1049*X[1]*X[2]*X[4]//25000 + 6243*X[1]*X[2]*X[5]^2//1000000 - 103*X[1]*X[2]*X[5]*X[6]//400000 - 521*X[1]*X[2]*X[5]//12500 + 2137*X[1]*X[2]*X[6]^2//100000 - 4063*X[1]*X[2]*X[6]//100000 + 1397*X[1]*X[2]//10000 - 2999*X[1]*X[3]^3//50000 + 511*X[1]*X[3]^2*X[4]//50000 + 9779*X[1]*X[3]^2*X[5]//1000000 + 2169*X[1]*X[3]^2*X[6]//1000000 - 278*X[1]*X[3]^2//625 + 4437*X[1]*X[3]*X[4]^2//500000 + 8583*X[1]*X[3]*X[4]*X[5]//100000000 - 2213*X[1]*X[3]*X[4]*X[6]//10000000 - 5327*X[1]*X[3]*X[4]//100000 + 8277*X[1]*X[3]*X[5]^2//1000000 + 3233*X[1]*X[3]*X[5]*X[6]//10000000 - 119*X[1]*X[3]*X[5]//2500 + 2437*X[1]*X[3]*X[6]^2//100000 - 111*X[1]*X[3]*X[6]//2000 + 1991*X[1]*X[3]//25000 - 5779*X[1]*X[4]^3//100000 + 9001*X[1]*X[4]^2*X[5]//1000000 + 961*X[1]*X[4]^2*X[6]//1000000 - 4413*X[1]*X[4]^2//10000 + 4461*X[1]*X[4]*X[5]^2//500000 - 1049*X[1]*X[4]*X[5]*X[6]//50000000 - 4773*X[1]*X[4]*X[5]//100000 + 2103*X[1]*X[4]*X[6]^2//100000 - 757*X[1]*X[4]*X[6]//12500 + 2359*X[1]*X[4]//10000 - 5751*X[1]*X[5]^3//100000 + 129*X[1]*X[5]^2*X[6]//125000 - 2187*X[1]*X[5]^2//5000 + 483*X[1]*X[5]*X[6]^2//25000 - 5107*X[1]*X[5]*X[6]//100000 + 241*X[1]*X[5]//1000 - 441*X[1]*X[6]^3//10000 - 1113*X[1]*X[6]^2//2500 - 3631*X[1]*X[6]//50000 + 249*X[1]//10000 + 649*X[2]^4//2000 - 7161*X[2]^3*X[3]//100000 - 821*X[2]^3*X[4]//12500 - 1197*X[2]^3*X[5]//20000 - 1849*X[2]^3*X[6]//25000 - 4233*X[2]^3//10000 + 2657*X[2]^2*X[3]^2//5000 + 8883*X[2]^2*X[3]*X[4]//1000000 + 6921*X[2]^2*X[3]*X[5]//1000000 + 2029*X[2]^2*X[3]*X[6]//1000000 - 2143*X[2]^2*X[3]//5000 + 2677*X[2]^2*X[4]^2//5000 + 7599*X[2]^2*X[4]*X[5]//1000000 + 8677*X[2]^2*X[4]*X[6]//1000000 - 541*X[2]^2*X[4]//1250 + 2679*X[2]^2*X[5]^2//5000 + 5519*X[2]^2*X[5]*X[6]//1000000 - 4379*X[2]^2*X[5]//10000 + 2667*X[2]^2*X[6]^2//5000 - 891*X[2]^2*X[6]//2000 + 47*X[2]^2//40 - 199*X[2]*X[3]^3//3125 + 2413*X[2]*X[3]^2*X[4]//250000 + 891*X[2]*X[3]^2*X[5]//100000 + 2447*X[2]*X[3]^2*X[6]//1000000 - 4383*X[2]*X[3]^2//10000 + 471*X[2]*X[3]*X[4]^2//62500 + 323*X[2]*X[3]*X[4]*X[5]//1250000 + 2289*X[2]*X[3]*X[4]*X[6]//10000000 - 5267*X[2]*X[3]*X[4]//100000 + 6817*X[2]*X[3]*X[5]^2//1000000 + 2689*X[2]*X[3]*X[5]*X[6]//10000000 - 4567*X[2]*X[3]*X[5]//100000 + 1379*X[2]*X[3]*X[6]^2//50000 - 1633*X[2]*X[3]*X[6]//25000 + 799*X[2]*X[3]//12500 - 763*X[2]*X[4]^3//12500 + 2203*X[2]*X[4]^2*X[5]//250000 + 219*X[2]*X[4]^2*X[6]//125000 - 547*X[2]*X[4]^2//1250 + 4269*X[2]*X[4]*X[5]^2//500000 + 309*X[2]*X[4]*X[5]*X[6]//4000000 - 2493*X[2]*X[4]*X[5]//50000 + 311*X[2]*X[4]*X[6]^2//12500 - 143*X[2]*X[4]*X[6]//2000 + 129*X[2]*X[4]//625 - 757*X[2]*X[5]^3//12500 + 2111*X[2]*X[5]^2*X[6]//1000000 - 2179*X[2]*X[5]^2//5000 + 9*X[2]*X[5]*X[6]^2//400 - 3067*X[2]*X[5]*X[6]//50000 + 2037*X[2]*X[5]//10000 - 951*X[2]*X[6]^3//20000 - 1117*X[2]*X[6]^2//2500 - 277*X[2]*X[6]//1250 + 1429*X[2]//50000 + 1597*X[3]^4//5000 - 6293*X[3]^3*X[4]//100000 - 5757*X[3]^3*X[5]//100000 - 1459*X[3]^3*X[6]//20000 - 4191*X[3]^3//10000 + 5339*X[3]^2*X[4]^2//10000 + 4081*X[3]^2*X[4]*X[5]//500000 + 1227*X[3]^2*X[4]*X[6]//100000 - 1099*X[3]^2*X[4]//2500 + 5363*X[3]^2*X[5]^2//10000 + 9183*X[3]^2*X[5]*X[6]//1000000 - 4407*X[3]^2*X[5]//10000 + 1071*X[3]^2*X[6]^2//2000 - 233*X[3]^2*X[6]//500 + 1143*X[3]^2//1000 - 208*X[3]*X[4]^3//3125 + 7567*X[3]*X[4]^2*X[5]//1000000 + 5589*X[3]*X[4]^2*X[6]//1000000 - 4361*X[3]*X[4]^2//10000 + 9427*X[3]*X[4]*X[5]^2//1000000 + 329*X[3]*X[4]*X[5]*X[6]//5000000 - 2561*X[3]*X[4]*X[5]//50000 + 61*X[3]*X[4]*X[6]^2//2000 - 9621*X[3]*X[4]*X[6]//100000 + 257*X[3]*X[4]//1250 - 6483*X[3]*X[5]^3//100000 + 5807*X[3]*X[5]^2*X[6]//1000000 - 1063*X[3]*X[5]^2//2500 + 617*X[3]*X[5]*X[6]^2//25000 - 1981*X[3]*X[5]*X[6]//25000 + 1257*X[3]*X[5]//5000 - 1051*X[3]*X[6]^3//20000 - 2257*X[3]*X[6]^2//5000 - 89*X[3]*X[6]//250 + 479*X[3]//2500 + 3253*X[4]^4//10000 - 5557*X[4]^3*X[5]//100000 - 3453*X[4]^3*X[6]//50000 - 1037*X[4]^3//2500 + 2693*X[4]^2*X[5]^2//5000 + 1679*X[4]^2*X[5]*X[6]//200000 - 1089*X[4]^2*X[5]//2500 + 669*X[4]^2*X[6]^2//1250 - 1171*X[4]^2*X[6]//2500 + 643*X[4]^2//500 - 3041*X[4]*X[5]^3//50000 + 237*X[4]*X[5]^2*X[6]//20000 - 4273*X[4]*X[5]^2//10000 + 68*X[4]*X[5]*X[6]^2//3125 - 8381*X[4]*X[5]*X[6]//100000 + 201*X[4]*X[5]//500 - 2623*X[4]*X[6]^3//50000 - 4581*X[4]*X[6]^2//10000 - 2999*X[4]*X[6]//10000 + 149*X[4]//400 + 827*X[5]^4//2500 - 6599*X[5]^3*X[6]//100000 - 1053*X[5]^3//2500 + 5351*X[5]^2*X[6]^2//10000 - 4509*X[5]^2*X[6]//10000 + 129*X[5]^2//100 - 597*X[5]*X[6]^3//12500 - 4587*X[5]*X[6]^2//10000 - 1839*X[5]*X[6]//10000 + 1047*X[5]//5000 + 67*X[6]^4//200 - 849*X[6]^3//2000 + 9613*X[6]^2//10000 - 306*X[6]//625 + 887//500
M5 = [1, X[6], X[5], X[4], X[3], X[2], X[1], X[6]^2, X[5]*X[6], X[4]*X[6], X[3]*X[6], X[2]*X[6], X[1]*X[6], X[5]^2, X[4]*X[5], X[3]*X[5], X[2]*X[5], X[1]*X[5], X[4]^2, X[3]*X[4], X[2]*X[4], X[1]*X[4], X[3]^2, X[2]*X[3], X[1]*X[3], X[2]^2, X[1]*X[2], X[1]^2]
Q5 = [1.773526078713382 -0.2447804969379063 0.10423629354961111 0.185909745569507 0.09569064118971476 0.013840901933746118 0.012114005363412422 0.07910638786778372 -0.18274608067529285 -0.21609831192068013 -0.2376985708504767 -0.19918831421955954 -0.15484391137240763 0.16579621886456022 -0.08810688170214108 -0.11167825990940543 -0.11764370663684086 -0.10866379632316397 0.15516982821508152 -0.13385991639551295 -0.12190551695696013 -0.1151784861352762 0.12726706358294376 -0.14931585872803974 -0.14624707125602152 0.14500999947974744 -0.12285388568244285 0.1545828642977976;
 -0.2447804969379063 0.8015818648640578 0.09047158304472129 0.06622098231317436 0.06005555597365216 0.08810366012387814 0.11837743087898962 -0.21181364585403956 -0.0815780846554627 -0.08379889518568814 -0.09199696367631874 -0.08809371208464944 -0.08327896455684347 -0.08724787393905428 0.03431215524880921 0.032474890129127354 0.02731301300115005 0.02441660753554545 -0.08203865205035085 0.03624906707526284 0.031925595899079146 0.028642431130555368 -0.08540074871252158 0.028596023538963795 0.026051458143997744 -0.0892457733298781 0.023481301881782574 -0.09101242304834124;
 0.10423629354961111 0.09047158304472129 0.9602036023116235 0.28912099190319024 0.2378528638108711 0.21849137277847472 0.22874744950595421 -0.14741702978604235 -0.13850659668608822 -0.03790674768483724 -0.04798301861913474 -0.04013583380474644 -0.027913845716919794 -0.21073890465890832 -0.1099200388072019 -0.11707322425174684 -0.11683516398746574 -0.11381952210445279 -0.10781479545150029 -0.012977855863362002 -0.011610175304228705 -0.011518824806968374 -0.11468413376330334 -0.018981040117700642 -0.019689739527854862 -0.11390480691667454 -0.015375795429838631 -0.11289195616667784;
 0.185909745569507 0.06622098231317436 0.28912099190319024 0.976972381205773 0.2354281657419848 0.2251096422690762 0.23331369136685415 -0.14546243012765625 -0.03880897340709617 -0.15249141351103124 -0.05582426795097978 -0.04732385727232559 -0.03340738984879179 -0.10362795983319571 -0.10973941681966509 -0.014350677097664652 -0.019499417403636733 -0.01810171747848783 -0.20689597086675102 -0.12454390240131069 -0.12006598268603584 -0.1173980265202232 -0.10931437290380698 -0.02449288301379259 -0.024934406470897355 -0.10915936894953451 -0.021061555060977084 -0.10769738261665278;
 0.09569064118971476 0.06005555597365216 0.2378528638108711 0.2354281657419848 0.8881893915322786 0.1811728928124234 0.18551573037340446 -0.1333412435499434 -0.024027621471134304 -0.028002853336609925 -0.14740384903931159 -0.031258834504336364 -0.019705396492949254 -0.09591081769599576 0.0022613898847815028 -0.10556347482493555 -0.007001584341269228 -0.005832213185238173 -0.09285523780402691 -0.1106865741998703 -0.003324224836745007 -0.0028400776646560918 -0.2094709989927154 -0.11582594767769819 -0.11402279462486278 -0.09993523547444152 -0.007730698163821698 -0.0988924835404909;
 0.013840901933746118 0.08810366012387814 0.21849137277847472 0.2251096422690762 0.1811728928124234 0.8835491109163909 0.19264415962252357 -0.1348565407101321 -0.017475385247717832 -0.02100194281693257 -0.029633200392544926 -0.1332783494653117 -0.014708971831340968 -0.10080184708951578 0.007301829816451295 0.0035463766274676477 -0.10491848496189511 -0.0011924447003436808 -0.09869445196906262 0.0023795678395041654 -0.10662736491324708 0.0006640807230483122 -0.10394995865215446 -0.11442759573578005 -0.0053837697950511465 -0.21177520712340306 -0.1070166995046221 -0.1050050044629469;
 0.012114005363412422 0.11837743087898962 0.22874744950595421 0.23331369136685415 0.18551573037340446 0.19264415962252357 0.9012507171418902 -0.13920016895268822 -0.021628946988865732 -0.025487432917837543 -0.03381646067644606 -0.02849728995440595 -0.12566665822966058 -0.10499247124582942 0.0059728964761440965 0.002297395513498572 -0.003373272826992643 -0.10573182198395878 -0.10278186472714469 0.0011851571142696778 -0.0007443712449241037 -0.10805677829716258 -0.10818284270232296 -0.006312353300159927 -0.11646082440893282 -0.10987622177852371 -0.11058420669589773 -0.21296620035759664;
 0.07910638786778372 -0.21181364585403956 -0.14741702978604235 -0.14546243012765625 -0.1333412435499434 -0.1348565407101321 -0.13920016895268822 0.3349853706761768 -0.023970788399240096 -0.026249677388619507 -0.02658220302567132 -0.0237965506447267 -0.022248847722252326 0.07474428099725872 -0.007033266884398457 -0.00646358348444823 -0.0026625901196230084 -0.0003669680126826093 0.07181350857196345 -0.007771611012662213 -0.005414673620546341 -0.00247277521984463 0.07043340048229356 -0.005056012032773944 -0.0008794069468323722 0.07428156837406566 7.299491337462063e-06 0.07824748226894822;
 -0.18274608067529285 -0.0815780846554627 -0.13850659668608822 -0.03880897340709617 -0.024027621471134304 -0.017475385247717832 -0.021628946988865732 -0.023970788399240096 0.3858540894441511 0.018071238883485226 0.0186261925086439 0.013692907475078047 0.009783431342810924 -0.03305897474906816 0.006547461022826025 0.005065013998643412 0.004010087113856483 0.0032218414753008872 -0.0005700734004356699 0.0016471939120882453 0.0009815656792085932 0.001797445733108334 6.390934025851195e-05 0.0018910423635589793 0.003581915686996582 -0.0012066011324504346 0.0018353667384062805 -1.1684570556459704e-05;
 -0.21609831192068013 -0.08379889518568814 -0.03790674768483724 -0.15249141351103124 -0.028002853336609925 -0.02100194281693257 -0.025487432917837543 -0.026249677388619507 0.018071238883485226 0.39171950393882954 0.022831454877991552 0.018175585618690784 0.013265683746724932 -0.0006012517585467381 0.00478767505863213 0.0014700727828994308 0.004070874506851797 0.004249654281372036 -0.03464171538744646 0.006167549283230246 0.004238055651292075 0.003799050725081691 -0.000844049665783497 0.0034909464962080564 0.005160019123935401 -0.0006542048746451226 0.0040626683330764034 5.5932647486038824e-05;
 -0.2376985708504767 -0.09199696367631874 -0.04798301861913474 -0.05582426795097978 -0.14740384903931159 -0.029633200392544926 -0.03381646067644606 -0.02658220302567132 0.0186261925086439 0.022831454877991552 0.39458315251270437 0.018862822191072732 0.013089215895111904 -0.002131721582824185 -0.0031172666949872523 0.0046080642002945486 0.002105506766572252 0.002376066661838657 -0.003746954125209858 0.007152637748596729 -0.0005680058113139721 0.0003877378134297814 -0.03647489285780592 0.004600646998088726 0.005658114406347844 -0.002370612197534232 0.002002074798890768 -0.001463356283897969;
 -0.19918831421955954 -0.08809371208464944 -0.04013583380474644 -0.04732385727232559 -0.031258834504336364 -0.1332783494653117 -0.02849728995440595 -0.0237965506447267 0.013692907475078047 0.018175585618690784 0.018862822191072732 0.38461335780480116 0.010489831487823372 -0.003053632003253265 -0.005052440186059655 -0.003996549130131157 0.004368931692046145 0.0005730909657185356 -0.0033910156392200153 -0.0029229406848946923 0.005246354959518193 -0.00028783770100558153 -0.003192225739217482 0.0033033864593202227 0.0019076166739196525 -0.03685052970944266 0.002056270132417629 -0.0003555313704744652;
 -0.15484391137240763 -0.08327896455684347 -0.027913845716919794 -0.03340738984879179 -0.019705396492949254 -0.014708971831340968 -0.12566665822966058 -0.022248847722252326 0.009783431342810924 0.013265683746724932 0.013089215895111904 0.010489831487823372 0.3779710867258882 -0.0029760746998488837 -0.0060471000144800054 -0.005957982348835312 -0.0024084577041245422 0.002912547050096375 -0.0036397954613998956 -0.0055477569373654275 -0.0037748306320713847 0.004118099379987139 -0.00466983652028243 -0.003909691472812378 0.002000468962248927 -0.0024931074121767767 0.00015771762306032478 -0.03437215776273425;
 0.16579621886456022 -0.08724787393905428 -0.21073890465890832 -0.10362795983319571 -0.09591081769599576 -0.10080184708951578 -0.10499247124582942 0.07474428099725872 -0.03305897474906816 -0.0006012517585467381 -0.002131721582824185 -0.003053632003253265 -0.0029760746998488837 0.3308332241987816 -0.03045594759810963 -0.032442914701096885 -0.03032097258920534 -0.028708576480918097 0.07653667730839493 -0.0010223784661743036 -0.000763480556430059 -0.0002557821035312948 0.07573255137696798 -0.0014566717912244456 -0.0007913260424163012 0.07624826931594522 -0.0010118692756305645 0.07702901298875285;
 -0.08810688170214108 0.03431215524880921 -0.1099200388072019 -0.10973941681966509 0.0022613898847815028 0.007301829816451295 0.0059728964761440965 -0.007033266884398457 0.006547461022826025 0.00478767505863213 -0.0031172666949872523 -0.005052440186059655 -0.0060471000144800054 -0.03045594759810963 0.3860507314436195 0.005610588956994707 0.004850435169181842 0.004593451480150354 -0.027859201622644072 0.00416420110145658 0.0036543468154276674 0.0034776858088762775 -0.0005018895990834215 -0.0010903796073722582 -0.0007194292124595078 -0.0015265196056798206 -0.001781383201284608 -0.0016084579317213513;
 -0.11167825990940543 0.032474890129127354 -0.11707322425174684 -0.014350677097664652 -0.10556347482493555 0.0035463766274676477 0.002297395513498572 -0.00646358348444823 0.005065013998643412 0.0014700727828994308 0.0046080642002945486 -0.003996549130131157 -0.005957982348835312 -0.032442914701096885 0.005610588956994707 0.38465698745410987 0.004829268377312808 0.0048975314259701004 -0.0005831474064707942 0.004866196951400536 -0.00040547879192618947 -0.0003930148815695706 -0.02870803938131082 0.003968933527691068 0.004016364232600324 -0.0022180867950460205 -0.0020141005622099795 -0.002488553424313472;
 -0.11764370663684086 0.02731301300115005 -0.11683516398746574 -0.019499417403636733 -0.007001584341269228 -0.10491848496189511 -0.003373272826992643 -0.0026625901196230084 0.004010087113856483 0.004070874506851797 0.002105506766572252 0.004368931692046145 -0.0024084577041245422 -0.03032097258920534 0.004850435169181842 0.004829268377312808 0.38342947514433684 0.003969007795080749 0.0005765316607837627 0.0014958583992983401 0.005112567962423644 0.0010030946368348845 0.0006605878647452217 0.005434092732274401 0.0013774657769762002 -0.03016004649176074 0.0038919759173383296 -0.0007168246231502609;
 -0.10866379632316397 0.02441660753554545 -0.11381952210445279 -0.01810171747848783 -0.005832213185238173 -0.0011924447003436808 -0.10573182198395878 -0.0003669680126826093 0.0032218414753008872 0.004249654281372036 0.002376066661838657 0.0005730909657185356 0.002912547050096375 -0.028708576480918097 0.004593451480150354 0.0048975314259701004 0.003969007795080749 0.38345080597263126 0.0008689419637667178 0.001112444094029118 0.0007782885644499046 0.004747983687115763 0.0007423029898236114 0.0006366347852334271 0.0052359594181343545 -0.00010064182442893182 0.003939108489378383 -0.02976736183850403;
 0.15516982821508152 -0.08203865205035085 -0.10781479545150029 -0.20689597086675102 -0.09285523780402691 -0.09869445196906262 -0.10278186472714469 0.07181350857196345 -0.0005700734004356699 -0.03464171538744646 -0.003746954125209858 -0.0033910156392200153 -0.0036397954613998956 0.07653667730839493 -0.027859201622644072 -0.0005831474064707942 0.0005765316607837627 0.0008689419637667178 0.32486216695515785 -0.03332826424787238 -0.030499129739934783 -0.028855347099035866 0.0739957720084911 -0.0014063799475309343 -0.0008434311906789866 0.07528180069269046 -0.00045169373825483316 0.07579820402766427;
 -0.13385991639551295 0.03624906707526284 -0.012977855863362002 -0.12454390240131069 -0.1106865741998703 0.0023795678395041654 0.0011851571142696778 -0.007771611012662213 0.0016471939120882453 0.006167549283230246 0.007152637748596729 -0.0029229406848946923 -0.0055477569373654275 -0.0010223784661743036 0.00416420110145658 0.004866196951400536 0.0014958583992983401 0.001112444094029118 -0.03332826424787238 0.3863216737090169 0.004821597365452769 0.005025927872331617 -0.03164579874624126 0.005948500147910507 0.005967679601846429 -0.0021563851380772643 -0.0007313312961465063 -0.002756504630396668;
 -0.12190551695696013 0.031925595899079146 -0.011610175304228705 -0.12006598268603584 -0.003324224836745007 -0.10662736491324708 -0.0007443712449241037 -0.005414673620546341 0.0009815656792085932 0.004238055651292075 -0.0005680058113139721 0.005246354959518193 -0.0037748306320713847 -0.000763480556430059 0.0036543468154276674 -0.00040547879192618947 0.005112567962423644 0.0007782885644499046 -0.030499129739934783 0.004821597365452769 0.3841791096617752 0.003650750483311498 -0.0009212723858546052 0.006432709963613918 0.0005929884188856318 -0.03282110012608227 0.004694775753710497 -0.0015168052475344922;
 -0.1151784861352762 0.028642431130555368 -0.011518824806968374 -0.1173980265202232 -0.0028400776646560918 0.0006640807230483122 -0.10805677829716258 -0.00247277521984463 0.001797445733108334 0.003799050725081691 0.0003877378134297814 -0.00028783770100558153 0.004118099379987139 -0.0002557821035312948 0.0034776858088762775 -0.0003930148815695706 0.0010030946368348845 0.004747983687115763 -0.028855347099035866 0.005025927872331617 0.003650750483311498 0.3845542137793996 -0.0006484956969084717 0.00013834287726112657 0.006549487554450861 -0.0006252815677162335 0.0048191771079102155 -0.032518356111185434;
 0.12726706358294376 -0.08540074871252158 -0.11468413376330334 -0.10931437290380698 -0.2094709989927154 -0.10394995865215446 -0.10818284270232296 0.07043340048229356 6.390934025851195e-05 -0.000844049665783497 -0.03647489285780592 -0.003192225739217482 -0.00466983652028243 0.07573255137696798 -0.0005018895990834215 -0.02870803938131082 0.0006605878647452217 0.0007423029898236114 0.0739957720084911 -0.03164579874624126 -0.0009212723858546052 -0.0006484956969084717 0.3187415210020551 -0.03172513373856893 -0.029897083613774907 0.07391011808831467 -0.001077390253330019 0.0741346616895283;
 -0.14931585872803974 0.028596023538963795 -0.018981040117700642 -0.02449288301379259 -0.11582594767769819 -0.11442759573578005 -0.006312353300159927 -0.005056012032773944 0.0018910423635589793 0.0034909464962080564 0.004600646998088726 0.0033033864593202227 -0.003909691472812378 -0.0014566717912244456 -0.0010903796073722582 0.003968933527691068 0.005434092732274401 0.0006366347852334271 -0.0014063799475309343 0.005948500147910507 0.006432709963613918 0.00013834287726112657 -0.03172513373856893 0.3834492407187784 0.004995976971514915 -0.035791841620573445 0.004625295917400524 -0.0024742138536596667;
 -0.14624707125602152 0.026051458143997744 -0.019689739527854862 -0.024934406470897355 -0.11402279462486278 -0.0053837697950511465 -0.11646082440893282 -0.0008794069468323722 0.003581915686996582 0.005160019123935401 0.005658114406347844 0.0019076166739196525 0.002000468962248927 -0.0007913260424163012 -0.0007194292124595078 0.004016364232600324 0.0013774657769762002 0.0052359594181343545 -0.0008434311906789866 0.005967679601846429 0.0005929884188856318 0.006549487554450861 -0.029897083613774907 0.004995976971514915 0.38432277394602365 -0.001068397915550869 0.004712139763146981 -0.035362656748566104;
 0.14500999947974744 -0.0892457733298781 -0.11390480691667454 -0.10915936894953451 -0.09993523547444152 -0.21177520712340306 -0.10987622177852371 0.07428156837406566 -0.0012066011324504346 -0.0006542048746451226 -0.002370612197534232 -0.03685052970944266 -0.0024931074121767767 0.07624826931594522 -0.0015265196056798206 -0.0022180867950460205 -0.03016004649176074 -0.00010064182442893182 0.07528180069269046 -0.0021563851380772643 -0.03282110012608227 -0.0006252815677162335 0.07391011808831467 -0.035791841620573445 -0.001068397915550869 0.32405802431718 -0.03060596980617763 0.07634459222310959;
 -0.12285388568244285 0.023481301881782574 -0.015375795429838631 -0.021061555060977084 -0.007730698163821698 -0.1070166995046221 -0.11058420669589773 7.299491337462063e-06 0.0018353667384062805 0.0040626683330764034 0.002002074798890768 0.002056270132417629 0.00015771762306032478 -0.0010118692756305645 -0.001781383201284608 -0.0020141005622099795 0.0038919759173383296 0.003939108489378383 -0.00045169373825483316 -0.0007313312961465063 0.004694775753710497 0.0048191771079102155 -0.001077390253330019 0.004625295917400524 0.004712139763146981 -0.03060596980617763 0.3809470231023556 -0.03196034412298182;
 0.1545828642977976 -0.09101242304834124 -0.11289195616667784 -0.10769738261665278 -0.0988924835404909 -0.1050050044629469 -0.21296620035759664 0.07824748226894822 -1.1684570556459704e-05 5.5932647486038824e-05 -0.001463356283897969 -0.0003555313704744652 -0.03437215776273425 0.07702901298875285 -0.0016084579317213513 -0.002488553424313472 -0.0007168246231502609 -0.02976736183850403 0.07579820402766427 -0.002756504630396668 -0.0015168052475344922 -0.032518356111185434 0.0741346616895283 -0.0024742138536596667 -0.035362656748566104 0.07634459222310959 -0.03196034412298182 0.32841299712944944;
]
solve(n, X, P5, Q5, M5, true)
## Multiplier-1
P6 = 41*X[1]^2//125 - 319*X[1]*X[2]//5000 - 707*X[1]*X[3]//10000 - 13*X[1]*X[4]//200 - 299*X[1]*X[5]//5000 - 687*X[1]*X[6]//10000 + 231*X[1]//1000 + 267*X[2]^2//1000 + 91*X[2]*X[3]//20000 + 671*X[2]*X[4]//100000 + 623*X[2]*X[5]//100000 - 11*X[2]*X[6]//62500 - 31*X[2]//1250 + 267*X[3]^2//1000 + 757*X[3]*X[4]//100000 + 289*X[3]*X[5]//50000 + 59*X[3]*X[6]//62500 - 83*X[3]//2000 + 27*X[4]^2//100 + 651*X[4]*X[5]//100000 + 83*X[4]*X[6]//10000 - 3*X[4]//100 + 269*X[5]^2//1000 + 589*X[5]*X[6]//100000 - 201*X[5]//10000 + 259*X[6]^2//1000 - 201*X[6]//10000 + 36//125
M6 = [1, X[6], X[5], X[4], X[3], X[2], X[1]]
Q6 = [0.28761619447538445 -0.01016441593182908 -0.010052427359341263 -0.014820562035743222 -0.0206542480493573 -0.012428663678294113 0.11544679677073676;
 -0.01016441593182908 0.2592070703921481 0.0029008624795403763 0.004174032027473452 0.0005371126783517305 -0.00019781374741402577 -0.03437215776273409;
 -0.010052427359341263 0.0029008624795403763 0.26940275748183423 0.003139525755394481 0.002747405993820718 0.0032222838662280557 -0.029767361838504196;
 -0.014820562035743222 0.004174032027473452 0.003139525755394481 0.2701803107342833 0.0037929829240541117 0.0033023718603758185 -0.032518356111185906;
 -0.0206542480493573 0.0005371126783517305 0.002747405993820718 0.0037929829240541117 0.26716772392788757 0.0022379259094866986 -0.03536265674856588;
 -0.012428663678294113 -0.00019781374741402577 0.0032222838662280557 0.0033023718603758185 0.0022379259094866986 0.2665549718220558 -0.03196034412298214;
 0.11544679677073676 -0.03437215776273409 -0.029767361838504196 -0.032518356111185906 -0.03536265674856588 -0.03196034412298214 0.32841299712944805;
]
solve(n, X, P6, Q6, M6, true)
# unsafe
## Multiplier-6
P7 = 19*X[1]^2//125 + 41*X[1]*X[2]//2000 + 49*X[1]*X[3]//2500 + 49*X[1]*X[4]//2000 + 241*X[1]*X[5]//10000 - 229*X[1]*X[6]//5000 + 237*X[1]//5000 + 19*X[2]^2//125 + 203*X[2]*X[3]//10000 + 49*X[2]*X[4]//2000 + 239*X[2]*X[5]//10000 - 451*X[2]*X[6]//10000 + 221*X[2]//5000 + 19*X[3]^2//125 + X[3]*X[4]//40 + 129*X[3]*X[5]//5000 - 93*X[3]*X[6]//2000 + 223*X[3]//5000 + 39*X[4]^2//250 + 307*X[4]*X[5]//10000 - 59*X[4]*X[6]//1250 + 9*X[4]//200 + 39*X[5]^2//250 - 459*X[5]*X[6]//10000 + 221*X[5]//5000 + 123*X[6]^2//500 - 339*X[6]//1000 + 201//1000
M7 = [1, X[6], X[5], X[4], X[3], X[2], X[1]]
Q7 = [0.20104170003977767 -0.16953535707597697 0.022053054207055563 0.02244074369712764 0.022244554542609814 0.022034291416844917 0.02379153440930292;
 -0.16953535707597697 0.24636901685282556 -0.022941994338661672 -0.023600422776076303 -0.023217795412477045 -0.022560873553584323 -0.022924835845200664;
 0.022053054207055563 -0.022941994338661672 0.15568154449585525 0.015308825851259755 0.012853638687593325 0.01196521217344175 0.01201926001635011;
 0.02244074369712764 -0.023600422776076303 0.015308825851259755 0.15548519965188573 0.012407846027421556 0.01218734177841479 0.012131251738003328;
 0.022244554542609814 -0.023217795412477045 0.012853638687593325 0.012407846027421556 0.1516808094801872 0.010067575273664489 0.009807756543879146;
 0.022034291416844917 -0.022560873553584323 0.01196521217344175 0.01218734177841479 0.010067575273664489 0.15194990136218306 0.010304943945451605;
 0.02379153440930292 -0.022924835845200664 0.01201926001635011 0.012131251738003328 0.009807756543879146 0.010304943945451605 0.15199384587851797;
]
solve(n, X, P7, Q7, M7, true)
## Multiplier-4
P8 = 37*X[1]^2//250 + 33*X[1]*X[2]//2000 + 153*X[1]*X[3]//10000 - 97*X[1]*X[4]//2000 + 17*X[1]*X[5]//1000 + 37*X[1]*X[6]//2500 + 109*X[1]//2000 + 147*X[2]^2//1000 + 153*X[2]*X[3]//10000 - 481*X[2]*X[4]//10000 + 167*X[2]*X[5]//10000 + 3*X[2]*X[6]//250 + 549*X[2]//10000 + 147*X[3]^2//1000 - 99*X[3]*X[4]//2000 + 91*X[3]*X[5]//5000 + 917*X[3]*X[6]//100000 + 297*X[3]//5000 + 231*X[4]^2//1000 - 129*X[4]*X[5]//2500 - 101*X[4]*X[6]//2500 - 159*X[4]//500 + 37*X[5]^2//250 + 53*X[5]*X[6]//5000 + 63*X[5]//1000 + 73*X[6]^2//500 + 87*X[6]//2500 + 101//500
M8 = [1, X[6], X[5], X[4], X[3], X[2], X[1]]
Q8 = [0.20161028079465773 0.01734935066835077 0.031376433609957614 -0.158902835353811 0.02962800082891502 0.02742169962648306 0.027153919974515175;
 0.01734935066835077 0.14695261791782058 0.005304366871958117 -0.020168946450994287 0.0045241657034186655 0.005983629457203626 0.007498975238956868;
 0.031376433609957614 0.005304366871958117 0.1479397484937336 -0.025758881306160854 0.009142789780750206 0.008323168716127633 0.008511340223398505;
 -0.158902835353811 -0.020168946450994287 -0.025758881306160854 0.23032376994885176 -0.02477234809456656 -0.0239992047736986 -0.024131760383284673;
 0.02962800082891502 0.0045241657034186655 0.009142789780750206 -0.02477234809456656 0.14672186698871678 0.007660427066070573 0.0076219114678539686;
 0.02742169962648306 0.005983629457203626 0.008323168716127633 -0.0239992047736986 0.007660427066070573 0.14726580961228536 0.008231709528465124;
 0.027153919974515175 0.007498975238956868 0.008511340223398505 -0.024131760383284673 0.0076219114678539686 0.008231709528465124 0.14774183820811582;
]
solve(n, X, P8, Q8, M8, true)
## Multiplier-5
P9 = 151*X[1]^2//1000 + 53*X[1]*X[2]//2500 + 19*X[1]*X[3]//1000 + 221*X[1]*X[4]//10000 - 217*X[1]*X[5]//5000 + 173*X[1]*X[6]//10000 + 543*X[1]//10000 + 3*X[2]^2//20 + 19*X[2]*X[3]//1000 + 109*X[2]*X[4]//5000 - 87*X[2]*X[5]//2000 + 9*X[2]*X[6]//625 + 547*X[2]//10000 + 149*X[3]^2//1000 + 43*X[3]*X[4]//2000 - 57*X[3]*X[5]//1250 + 11*X[3]*X[6]//1000 + 611*X[3]//10000 + 19*X[4]^2//125 - 241*X[4]*X[5]//5000 + 107*X[4]*X[6]//10000 + 671*X[4]//10000 + 59*X[5]^2//250 - 379*X[5]*X[6]//10000 - 81*X[5]//250 + 37*X[6]^2//250 + 197*X[6]//5000 + 201//1000
M9 = [1, X[6], X[5], X[4], X[3], X[2], X[1]]
Q9 = [0.20056337112606618 0.019563441098059655 -0.1618406569625382 0.03342324466049146 0.03057055645338569 0.027197100071117572 0.02707556658047252;
 0.019563441098059655 0.14773805437420762 -0.018891409244224507 0.005328956534583958 0.005392499625773068 0.007127266722148308 0.008644588554368381;
 -0.1618406569625382 -0.018891409244224507 0.2357031838409687 -0.02399949715665935 -0.022803693856621173 -0.021577699893369735 -0.021681237008818213;
 0.03342324466049146 0.005328956534583958 -0.02399949715665935 0.15133634577841237 0.010735524138491747 0.01087120233405946 0.011036665287673228;
 0.03057055645338569 0.005392499625773068 -0.022803693856621173 0.010735524138491747 0.14911788023907138 0.009553106198868854 0.009591915043637695;
 0.027197100071117572 0.007127266722148308 -0.021577699893369735 0.01087120233405946 0.009553106198868854 0.1504445061023632 0.010541013325093192;
 0.02707556658047252 0.008644588554368381 -0.021681237008818213 0.011036665287673228 0.009591915043637695 0.010541013325093192 0.1510480973607686;
]
solve(n, X, P9, Q9, M9, true)
## Multiplier-3
P10 = 147*X[1]^2//1000 + 69*X[1]*X[2]//5000 - 129*X[1]*X[3]//2500 + 147*X[1]*X[4]//10000 + 7*X[1]*X[5]//500 + 129*X[1]*X[6]//10000 + 517*X[1]//10000 + 147*X[2]^2//1000 - 129*X[2]*X[3]//2500 + 143*X[2]*X[4]//10000 + 17*X[2]*X[5]//1250 + 491*X[2]*X[6]//50000 + 529*X[2]//10000 + 117*X[3]^2//500 - 563*X[3]*X[4]//10000 - 69*X[3]*X[5]//1250 - 43*X[3]*X[6]//1000 - 327*X[3]//1000 + 147*X[4]^2//1000 + 87*X[4]*X[5]//5000 + 19*X[4]*X[6]//3125 + 631*X[4]//10000 + 37*X[5]^2//250 + 847*X[5]*X[6]//100000 + 607*X[5]//10000 + 147*X[6]^2//1000 + 357*X[6]//10000 + 41//200
M10 = [1, X[6], X[5], X[4], X[3], X[2], X[1]]
Q10 = [0.2048662699271763 0.017913023374231375 0.03031042454846957 0.03156138748225017 -0.16352018944184243 0.02643520407908221 0.025823632762697973;
