include("utils/util.jl")
include("utils/newtonUpdate.jl")
include("utils/rationalSOS.jl")

X = nothing
eig_tol = 1e-4
tol = 1e-50

SOS_time = 0
Newton_time = 0
function solve(n, X, f, Q, mono,newton)
    global SOS_time, Newton_time
    Q = round.(Q, digits=2)
    rQ = symplify_rational.(Q)

    model = nothing
    if !newton
        model = rational_SOS(f, 1, 0, mono, rQ)
    else
        Newton_time+=@elapsed update_Q = newton_refine_update(f, mono, Q, eig_tol, 90, tol, X)
        Q_res = symplify_rational.(update_Q*update_Q')
        SOS_time+=@elapsed model = rational_SOS(f, 1, 0, mono, Q_res)
    end
    
    SOSrational_time, coeffs, terms = model[2:end]
    
    @show expand(f-(coeffs' * terms.^2))

    data = Dict(
        "n" => n,
        "expression" => f,
        "coeff" => join([string(c) for c in coeffs], ","),
        "term" => join([string(t) for t in terms], ","),
        "SOSrational_time" => SOSrational_time,
        "SOS_expression" => string(coeffs' * terms.^2)
    )

    # save("src/output/data.json", data)    
end

n = 6
@Symbolics.variables X[1:n]

#C15
# init
## Multiplier-6
P0 = 891*X[1]^2//2500 + 6407*X[1]*X[2]//1000000 - 6481*X[1]*X[3]//100000 + 81*X[1]*X[4]//5000 + 931*X[1]*X[5]//25000 - 2269*X[1]*X[6]//10000 - 3011*X[1]//10000 + 3719*X[2]^2//10000 + 8929*X[2]*X[3]//10000000 - 317*X[2]*X[4]//250000 - 2063*X[2]*X[5]//100000 - 2171*X[2]*X[6]//10000 - 249*X[2]//1000 + 321*X[3]^2//1000 - 1277*X[3]*X[4]//100000 - 613*X[3]*X[5]//500000 - 1609*X[3]*X[6]//500000 + 2037*X[3]//10000 + 3137*X[4]^2//10000 + 3661*X[4]*X[5]//100000 - 1349*X[4]*X[6]//10000 - 2491*X[4]//50000 + 391*X[5]^2//1000 - 1617*X[5]*X[6]//10000 - 521*X[5]//10000 + 1393*X[6]^2//2500 + 533*X[6]//500 + 283//250
M0 = [1, X[6], X[5], X[4], X[3], X[2], X[1]]
Q0 = [1.131731423777889 0.5330715356307424 -0.026536312748477137 -0.024486391970277153 0.10198540387380248 -0.12426894131216154 -0.15091057320150691;
 0.5330715356307424 0.5573875005585746 -0.08124795484143607 -0.06733886940187943 -0.001475246055899491 -0.10858301309602324 -0.11365696441731243;
 -0.026536312748477137 -0.08124795484143607 0.3906797604648129 0.018526472106329826 -0.0007838656179690047 -0.01011993490871892 0.018550869882982816;
 -0.024486391970277153 -0.06733886940187943 0.018526472106329826 0.3136264780289 -0.00623862206576412 -0.0005539159744773636 0.008170236751569878;
 0.10198540387380248 -0.001475246055899491 -0.0007838656179690047 -0.00623862206576412 0.3210851083026103 0.0005561686266236385 -0.032578371715485416;
 -0.12426894131216154 -0.10858301309602324 -0.01011993490871892 -0.0005539159744773636 0.0005561686266236385 0.3718386568980214 0.0032837845560611187;
 -0.15091057320150691 -0.11365696441731243 0.018550869882982816 0.008170236751569878 -0.032578371715485416 0.0032837845560611187 0.3568189300810549;
]
solve(n, X, P0, Q0, M0, true)
## Multiplier-4
P1 = 177*X[1]^2//500 + 19*X[1]*X[2]//1250 - 191*X[1]*X[3]//2500 - 53*X[1]*X[4]//200 + 24*X[1]*X[5]//625 + 21*X[1]*X[6]//1250 - 79*X[1]//200 + 371*X[2]^2//1000 - 9*X[2]*X[3]//500 - 13*X[2]*X[4]//50 - 77*X[2]*X[5]//5000 + 247*X[2]*X[6]//50000 - 339*X[2]//1000 + 38*X[3]^2//125 - 109*X[3]*X[4]//1000 - 263*X[3]*X[5]//5000 - 837*X[3]*X[6]//100000 + 273*X[3]//10000 + 489*X[4]^2//1000 - 237*X[4]*X[5]//1000 - 49*X[4]*X[6]//250 + 431*X[4]//500 + 363*X[5]^2//1000 - 189*X[5]*X[6]//10000 - 337*X[5]//1000 + 81*X[6]^2//250 - 21*X[6]//100 + 171//200
M1 = [1, X[6], X[5], X[4], X[3], X[2], X[1]]
Q1 = [0.8553231899680726 -0.10477736683334073 -0.16842368695469948 0.43097417318751696 0.013795412522386271 -0.1693656438078538 -0.19748144633226875;
 -0.10477736683334073 0.32338686917700915 -0.00954264070492141 -0.0977240059785202 -0.004313884279481551 0.0023856790045695274 0.008410705627343352;
 -0.16842368695469948 -0.00954264070492141 0.3632769159066787 -0.11848656316030716 -0.02622026787741136 -0.007661389158884402 0.01906998638296503;
 0.43097417318751696 -0.0977240059785202 -0.11848656316030716 0.4889600773034403 -0.054492417969287534 -0.13013634270629312 -0.1323044520789733;
 0.013795412522386271 -0.004313884279481551 -0.02622026787741136 -0.054492417969287534 0.3036653592396779 -0.008995495778169632 -0.038254214320657995;
 -0.1693656438078538 0.0023856790045695274 -0.007661389158884402 -0.13013634270629312 -0.008995495778169632 0.37027976288385095 0.007475057982990102;
 -0.19748144633226875 0.008410705627343352 0.01906998638296503 -0.1323044520789733 -0.038254214320657995 0.007475057982990102 0.35435695080324303;
]
solve(n, X, P1, Q1, M1, true)
## Multiplier-5
P2 = 3453*X[1]^2//10000 + 749*X[1]*X[2]//200000 - 647*X[1]*X[3]//12500 + 4299*X[1]*X[4]//500000 - 1887*X[1]*X[5]//10000 + 1599*X[1]*X[6]//100000 - 2221*X[1]//10000 + 3827*X[2]^2//10000 + 489*X[2]*X[3]//6250 + 1269*X[2]*X[4]//100000 - 377*X[2]*X[5]//2500 + 1597*X[2]*X[6]//50000 + 4761*X[2]//100000 + 3983*X[3]^2//10000 + 801*X[3]*X[4]//50000 + 4213*X[3]*X[5]//100000 + 377*X[3]*X[6]//4000 + 3067*X[3]//5000 + 3029*X[4]^2//10000 - 119*X[4]*X[5]//1000 + 19*X[4]*X[6]//1250 + 1977*X[4]//250000 + 2451*X[5]^2//5000 - 1197*X[5]*X[6]//12500 + 1937*X[5]//2500 + 3393*X[6]^2//10000 + 114*X[6]//625 + 661//500
M2 = [1, X[6], X[5], X[4], X[3], X[2], X[1]]
Q2 = [1.3220053666953928 0.09127691027244225 0.38707899704856 0.003346635502217927 0.30643348995358377 0.023669454134792028 -0.1113627352216379;
 0.09127691027244225 0.3394736318412584 -0.0480021064601038 0.007722429264193863 0.047291287840527704 0.01606507317562647 0.00794539413311599;
 0.38707899704856 -0.0480021064601038 0.49042996141424516 -0.05974023533439986 0.020669408013545467 -0.07555181479886806 -0.09459059990430682;
 0.003346635502217927 0.007722429264193863 -0.05974023533439986 0.3024386321918602 0.007855959714660701 0.006421608872720197 0.004508262297811349;
 0.30643348995358377 0.047291287840527704 0.020669408013545467 0.007855959714660701 0.39838227447351227 0.03899881207259112 -0.025804554283016985;
 0.023669454134792028 0.01606507317562647 -0.07555181479886806 0.006421608872720197 0.03899881207259112 0.3822766338209867 0.0018371868174376492;
 -0.1113627352216379 0.00794539413311599 -0.09459059990430682 0.004508262297811349 -0.025804554283016985 0.0018371868174376492 0.3452397363099876;
]
solve(n, X, P2, Q2, M2, true)
## Multiplier-3
P3 = 191*X[1]^2//500 + 387*X[1]*X[2]//100000 - 129*X[1]*X[3]//500 + 491*X[1]*X[4]//10000 + 291*X[1]*X[5]//5000 + 139*X[1]*X[6]//5000 - 49*X[1]//200 + 48*X[2]^2//125 - 143*X[2]*X[3]//500 - 261*X[2]*X[4]//50000 - 269*X[2]*X[5]//10000 + 7*X[2]*X[6]//500 - 379*X[2]//1000 + 571*X[3]^2//1000 - 99*X[3]*X[4]//500 - X[3]*X[5]//4 - 51*X[3]*X[6]//250 + 181*X[3]//200 + 327*X[4]^2//1000 + 11*X[4]*X[5]//400 + 89*X[4]*X[6]//25000 - X[4]//5 + 383*X[5]^2//1000 - 233*X[5]*X[6]//10000 - 263*X[5]//1000 + 167*X[6]^2//500 - 249*X[6]//1000 + 88//125
M3 = [1, X[6], X[5], X[4], X[3], X[2], X[1]]
Q3 = [0.7042462892616931 -0.12476281306739745 -0.13186270200760358 -0.10006391763384258 0.452592088637358 -0.18971079175781363 -0.1222675956929225;
 -0.12476281306739745 0.33434746481562516 -0.011486406217577638 0.001813083273320919 -0.10188923227238982 0.007133543543804547 0.013703304346233302;
 -0.13186270200760358 -0.011486406217577638 0.38347780229714495 0.01392709698122958 -0.1252235279041838 -0.013338993700808904 0.028988813802041748;
 -0.10006391763384258 0.001813083273320919 0.01392709698122958 0.3271993503315873 -0.09900654964719537 -0.002689219144344495 0.024675157551877772;
 0.452592088637358 -0.10188923227238982 -0.1252235279041838 -0.09900654964719537 0.5705507562084093 -0.14333828047151337 -0.12895797484380497;
 -0.18971079175781363 0.007133543543804547 -0.013338993700808904 -0.002689219144344495 -0.14333828047151337 0.38441623525104324 0.0018904698994268142;
 -0.1222675956929225 0.013703304346233302 0.028988813802041748 0.024675157551877772 -0.12895797484380497 0.0018904698994268142 0.38183226840057755;
]
solve(n, X, P3, Q3, M3, true)
## Multiplier-2
P4 = 1819*X[1]^2//5000 - 1457*X[1]*X[2]//10000 - 1049*X[1]*X[3]//100000 + 5121*X[1]*X[4]//100000 + 313*X[1]*X[5]//5000 + 411*X[1]*X[6]//12500 - 5777*X[1]//1000000 + 243*X[2]^2//500 + 2517*X[2]*X[3]//100000 - 1517*X[2]*X[4]//20000 - 1127*X[2]*X[5]//10000 - 9931*X[2]*X[6]//100000 + 493*X[2]//625 + 1731*X[3]^2//5000 + 513*X[3]*X[4]//12500 + 4309*X[3]*X[5]//100000 + 4653*X[3]*X[6]//100000 + 57*X[3]//125 + 163*X[4]^2//500 + 6583*X[4]*X[5]//100000 + 2557*X[4]*X[6]//100000 + 989*X[4]//5000 + 787*X[5]^2//2000 + 6819*X[5]*X[6]//1000000 + 1779*X[5]//10000 + 1627*X[6]^2//5000 + 8893*X[6]//100000 + 717//500
M4 = [1, X[6], X[5], X[4], X[3], X[2], X[1]]
Q4 = [1.4335193593108597 0.04477015478694924 0.08873140185926058 0.09839149394437248 0.22721680127337432 0.39416309373520736 -0.0026284520824962888;
 0.04477015478694924 0.32565550923313535 0.0034844203512496724 0.012880131705985124 0.02343674131763022 -0.049499277377536094 0.01653068485145605;
 0.08873140185926058 0.0034844203512496724 0.3932038904133584 0.032704182235469934 0.021640347231568994 -0.05647156551354168 0.03140312512771761;
 0.09839149394437248 0.012880131705985124 0.032704182235469934 0.32567713577502205 0.020510390687413282 -0.03809104778541683 0.025604974050866692;
 0.22721680127337432 0.02343674131763022 0.021640347231568994 0.020510390687413282 0.3457425435738492 0.012415905865990787 -0.005285356688973186;
 0.39416309373520736 -0.049499277377536094 -0.05647156551354168 -0.03809104778541683 0.012415905865990787 0.4858476464653768 -0.07289886603009832;
 -0.0026284520824962888 0.01653068485145605 0.03140312512771761 0.025604974050866692 -0.005285356688973186 -0.07289886603009832 0.3634846571748993;
]
solve(n, X, P4, Q4, M4, true)
## Total Decomposition
P5 = 2383*X[1]^4//5000 - 1853*X[1]^3*X[2]//10000 + 7591*X[1]^3*X[3]//10000000 - 1623*X[1]^3*X[4]//10000 - 457*X[1]^3*X[5]//2500 - 701*X[1]^3*X[6]//5000 - 627*X[1]^3//1000 + 3637*X[1]^2*X[2]^2//5000 + 1967*X[1]^2*X[2]*X[3]//100000 - 4181*X[1]^2*X[2]*X[4]//500000 - 2351*X[1]^2*X[2]*X[5]//100000 + 419*X[1]^2*X[2]*X[6]//250000 - 1727*X[1]^2*X[2]//2500 + 3923*X[1]^2*X[3]^2//5000 - 3037*X[1]^2*X[3]*X[4]//100000 - 3537*X[1]^2*X[3]*X[5]//100000 + 829*X[1]^2*X[3]*X[6]//50000 - 671*X[1]^2*X[3]//1250 + 647*X[1]^2*X[4]^2//1000 + 287*X[1]^2*X[4]*X[5]//250000 - 641*X[1]^2*X[4]*X[6]//50000 - 3573*X[1]^2*X[4]//5000 + 3499*X[1]^2*X[5]^2//5000 - 2147*X[1]^2*X[5]*X[6]//100000 - 7193*X[1]^2*X[5]//10000 + 1681*X[1]^2*X[6]^2//2500 - 1857*X[1]^2*X[6]//2500 + 87*X[1]^2//50 - 1457*X[1]*X[2]^3//10000 - 1093*X[1]*X[2]^2*X[3]//100000 + 2547*X[1]*X[2]^2*X[4]//50000 + 6367*X[1]*X[2]^2*X[5]//100000 + 201*X[1]*X[2]^2*X[6]//6250 - 263*X[1]*X[2]^2//400 + 4019*X[1]*X[2]*X[3]^2//1000000 - 821*X[1]*X[2]*X[3]*X[4]//2000000 - 6053*X[1]*X[2]*X[3]*X[5]//10000000 - 1023*X[1]*X[2]*X[3]*X[6]//5000000 - 1983*X[1]*X[2]*X[3]//50000 + 369*X[1]*X[2]*X[4]^2//25000 + 9191*X[1]*X[2]*X[4]*X[5]//100000000 + 611*X[1]*X[2]*X[4]*X[6]//2500000 - 431*X[1]*X[2]*X[4]//2500 + 1793*X[1]*X[2]*X[5]^2//500000 - 597*X[1]*X[2]*X[5]*X[6]//500000 - 163*X[1]*X[2]*X[5]//1250 + 207*X[1]*X[2]*X[6]^2//31250 - 1247*X[1]*X[2]*X[6]//10000 + 8071*X[1]*X[2]//10000 - 2567*X[1]*X[3]^3//10000 + 487*X[1]*X[3]^2*X[4]//10000 + 1471*X[1]*X[3]^2*X[5]//25000 + 107*X[1]*X[3]^2*X[6]//4000 - 6807*X[1]*X[3]^2//10000 - 7671*X[1]*X[3]*X[4]^2//100000 - 739*X[1]*X[3]*X[4]*X[5]//2500000 - 1563*X[1]*X[3]*X[4]*X[6]//10000000 + 69*X[1]*X[3]*X[4]//400 - 2593*X[1]*X[3]*X[5]^2//50000 + 667*X[1]*X[3]*X[5]*X[6]//20000000 + 2137*X[1]*X[3]*X[5]//25000 - 163*X[1]*X[3]*X[6]^2//2500 + 6277*X[1]*X[3]*X[6]//100000 + 4479*X[1]*X[3]//10000 - 331*X[1]*X[4]^3//1250 + 153*X[1]*X[4]^2*X[5]//4000 + 2*X[1]*X[4]^2*X[6]//125 - 1193*X[1]*X[4]^2//2500 + 8421*X[1]*X[4]*X[5]^2//1000000 - 1787*X[1]*X[4]*X[5]*X[6]//2500000 - 711*X[1]*X[4]*X[5]//5000 + 1629*X[1]*X[4]*X[6]^2//100000 - 241*X[1]*X[4]*X[6]//4000 + 199*X[1]*X[4]//3125 - 1889*X[1]*X[5]^3//10000 + 1551*X[1]*X[5]^2*X[6]//100000 - 7179*X[1]*X[5]^2//10000 + 463*X[1]*X[5]*X[6]^2//12500 - 3*X[1]*X[5]*X[6]//32 + 5239*X[1]*X[5]//10000 - 91*X[1]*X[6]^3//400 - 1421*X[1]*X[6]^2//2500 + 4609*X[1]*X[6]//10000 + 5987*X[1]//100000 + 973*X[2]^4//2000 + 2491*X[2]^3*X[3]//100000 - 1529*X[2]^3*X[4]//20000 - 141*X[2]^3*X[5]//1250 - 9909*X[2]^3*X[6]//100000 - 419*X[2]^3//625 + 1459*X[2]^2*X[3]^2//2000 + 4043*X[2]^2*X[3]*X[4]//100000 + 4347*X[2]^2*X[3]*X[5]//100000 + 2287*X[2]^2*X[3]*X[6]//50000 - 3853*X[2]^2*X[3]//5000 + 1391*X[2]^2*X[4]^2//2000 + 327*X[2]^2*X[4]*X[5]//5000 + 2537*X[2]^2*X[4]*X[6]//100000 - 3421*X[2]^2*X[4]//5000 + 7753*X[2]^2*X[5]^2//10000 + 923*X[2]^2*X[5]*X[6]//125000 - 633*X[2]^2*X[5]//1000 + 6979*X[2]^2*X[6]^2//10000 - 7293*X[2]^2*X[6]//10000 + 909*X[2]^2//500 - 717*X[2]*X[3]^3//2500 - 47*X[2]*X[3]^2*X[4]//8000 - 267*X[2]*X[3]^2*X[5]//10000 + 69*X[2]*X[3]^2*X[6]//5000 - 1391*X[2]*X[3]^2//2500 - 887*X[2]*X[3]*X[4]^2//50000 + 1899*X[2]*X[3]*X[4]*X[5]//2500000 + 367*X[2]*X[3]*X[4]*X[6]//400000 - 5253*X[2]*X[3]*X[4]//100000 + 193*X[2]*X[3]*X[5]^2//2500 + 363*X[2]*X[3]*X[5]*X[6]//625000 - 1407*X[2]*X[3]*X[5]//5000 + 4499*X[2]*X[3]*X[6]^2//5000000 - 923*X[2]*X[3]*X[6]//5000 - 347*X[2]*X[3]//1000 - 1297*X[2]*X[4]^3//5000 - 151*X[2]*X[4]^2*X[5]//10000 + 1101*X[2]*X[4]^2*X[6]//200000 - 5361*X[2]*X[4]^2//10000 + 1297*X[2]*X[4]*X[5]^2//100000 - 2737*X[2]*X[4]*X[5]*X[6]//10000000 - 1891*X[2]*X[4]*X[5]//10000 - 1301*X[2]*X[4]*X[6]^2//1000000 - 4349*X[2]*X[4]*X[6]//50000 + 1081*X[2]*X[4]//2500 - 753*X[2]*X[5]^3//5000 + 3209*X[2]*X[5]^2*X[6]//100000 - 6801*X[2]*X[5]^2//10000 - 249*X[2]*X[5]*X[6]^2//12500 - 5663*X[2]*X[5]*X[6]//100000 + 1231*X[2]*X[5]//1000 - 2169*X[2]*X[6]^3//10000 - 359*X[2]*X[6]^2//625 + 9173*X[2]*X[6]//10000 + 4137*X[2]//10000 + 1141*X[3]^4//2000 - 1981*X[3]^3*X[4]//10000 - 1251*X[3]^3*X[5]//5000 - 2037*X[3]^3*X[6]//10000 - 4037*X[3]^3//5000 + 6303*X[3]^2*X[4]^2//10000 + 2689*X[3]^2*X[4]*X[5]//100000 + 49*X[3]^2*X[4]*X[6]//15625 - 5149*X[3]^2*X[4]//10000 + 977*X[3]^2*X[5]^2//1250 - 291*X[3]^2*X[5]*X[6]//12500 - 7091*X[3]^2*X[5]//10000 + 3277*X[3]^2*X[6]^2//5000 - 6023*X[3]^2*X[6]//10000 + 2373*X[3]^2//1000 - 1091*X[3]*X[4]^3//10000 - 21*X[3]*X[4]^2*X[5]//400 - 8821*X[3]*X[4]^2*X[6]//1000000 - 783*X[3]*X[4]^2//1250 + 311*X[3]*X[4]*X[5]^2//20000 + 1359*X[3]*X[4]*X[5]*X[6]//5000000 + 271*X[3]*X[4]*X[5]//10000 - 161*X[3]*X[4]*X[6]^2//12500 + 5389*X[3]*X[4]*X[6]//100000 + 1967*X[3]*X[4]//10000 + 829*X[3]*X[5]^3//20000 + 9401*X[3]*X[5]^2*X[6]//100000 - 413*X[3]*X[5]^2//625 - 731*X[3]*X[5]*X[6]^2//500000 - 1051*X[3]*X[5]*X[6]//5000 + 601*X[3]*X[5]//5000 - 619*X[3]*X[6]^3//200000 - 493*X[3]*X[6]^2//625 - 311*X[3]*X[6]//2000 - 1707*X[3]//1000 + 2443*X[4]^4//5000 - 19*X[4]^3*X[5]//80 - 391*X[4]^3*X[6]//2000 - 6047*X[4]^3//10000 + 1331*X[4]^2*X[5]^2//2000 - 61*X[4]^2*X[5]*X[6]//3125 - 333*X[4]^2*X[5]//625 + 6361*X[4]^2*X[6]^2//10000 - 1407*X[4]^2*X[6]//2500 + 521*X[4]^2//250 - 1191*X[4]*X[5]^3//10000 + 739*X[4]*X[5]^2*X[6]//50000 - 181*X[4]*X[5]^2//250 + 753*X[4]*X[5]*X[6]^2//20000 - 1009*X[4]*X[5]*X[6]//10000 + 13*X[4]*X[5]//50 - 1349*X[4]*X[6]^3//10000 - 3077*X[4]*X[6]^2//5000 + 4247*X[4]*X[6]//10000 - 51*X[4]//100 + 49*X[5]^4//100 - 4813*X[5]^3*X[6]//50000 - 6959*X[5]^3//10000 + 7301*X[5]^2*X[6]^2//10000 - 438*X[5]^2*X[6]//625 + 171*X[5]^2//100 - 203*X[5]*X[6]^3//1250 - 1461*X[5]*X[6]^2//2500 + 543*X[5]*X[6]//500 + 1197*X[5]//10000 + 557*X[6]^4//1000 - 3027*X[6]^3//5000 + 437*X[6]^2//200 - 937*X[6]//20000 + 1301//1000
M5 = [1, X[6], X[5], X[4], X[3], X[2], X[1], X[6]^2, X[5]*X[6], X[4]*X[6], X[3]*X[6], X[2]*X[6], X[1]*X[6], X[5]^2, X[4]*X[5], X[3]*X[5], X[2]*X[5], X[1]*X[5], X[4]^2, X[3]*X[4], X[2]*X[4], X[1]*X[4], X[3]^2, X[2]*X[3], X[1]*X[3], X[2]^2, X[1]*X[2], X[1]^2]
Q5 = [1.301479822860247 -0.023111153227329897 0.06038169641089478 -0.25532059138609847 -0.8541886352923569 0.20631586111357567 0.030009421195649515 0.1618733191387612 -0.025686023286281275 -0.07192553879858027 -0.06842851008706924 -0.08304492065876004 -0.10810810276581155 0.03804327706370652 -0.10369555723858795 -0.027881759241085685 -0.014578825528128468 -0.10582499346434529 0.2240505438917699 -0.004891229991628373 -0.08709041409134397 -0.12734730682151632 0.25841246892389147 -0.1067099789149954 0.02157018454653198 0.03705409532173828 -0.07072526233285303 0.07273946144152012;
 -0.023111153227329897 1.8621428282171792 0.5693850902149288 0.28463650089806175 -0.009631324273140056 0.5418780917692608 0.3386111503674032 -0.3030097146923698 -0.15931164058779781 -0.18313064200518644 -0.21930268687551668 -0.17531742669190026 -0.18111175914948552 -0.205349037613194 -0.04772944572076482 -0.04611201625865522 0.015607221892264333 -0.030141148132051068 -0.13284257162910743 -0.027974053432375127 -0.017399604735214437 -0.04269479742895411 -0.2010596330130626 -0.06761706971608082 0.016034307851956267 -0.1843214756337339 0.004172599746202279 -0.19576032635879825;
 0.06038169641089478 0.5693850902149288 1.634483907586375 0.23359594292905594 0.08614789869441815 0.6299960126909213 0.36798392645435213 -0.13269125488345132 -0.14538737291647005 -0.02775795155847374 -0.08249328406261626 -0.03612674094008912 -0.03398410956079663 -0.34856594455806367 -0.20534989508657864 -0.18920868461729806 -0.1327975613723597 -0.18896192517748295 -0.1083881083479159 -0.03719488101789362 -0.03482185934885259 -0.05383863910070363 -0.20522604192575708 -0.09072672176672893 0.013015314746139999 -0.1823307570177053 -0.012507578255624553 -0.1779881598875788;
 -0.25532059138609847 0.28463650089806175 0.23359594292905594 1.63688028354003 0.10344764219059305 0.3038725263818874 0.15970208451494536 -0.12441944501004099 0.025368615282501422 -0.14920249379721873 -0.015037858750315745 0.012094349784969875 0.020594412666306267 -0.1569981367533698 -0.1582338368991413 -0.013016802330416728 0.02201401050544028 0.017630424318052677 -0.30246594225291484 -0.1696553257322353 -0.16189765672755235 -0.15115164467082362 -0.16227854813885248 -0.031064529043219484 0.028311295989278805 -0.1498250439236628 0.022925435734380786 -0.1462395682103193;
 -0.8541886352923569 -0.009631324273140056 0.08614789869441815 0.10344764219059305 1.856324242281288 -0.06634717341268019 0.20222000376174165 -0.1758073677918356 0.023542252306371664 0.0692301813990548 -0.09966314517633836 0.058373971866885505 0.07234886268452112 -0.14158275240088383 0.06352331689357694 -0.14853948756484472 0.010210324803530233 0.06471801574711909 -0.1438710328204094 -0.09626375889864834 0.052212937889989756 0.08635989118184254 -0.40323404516044753 -0.10420333100820096 -0.14008032427272574 -0.14426824643798905 0.04767673407498625 -0.1195327563132142;
 0.20631586111357567 0.5418780917692608 0.6299960126909213 0.3038725263818874 -0.06634717341268019 1.745237264109481 0.4737219031840623 -0.11168573866723115 -0.0077691568066138314 -0.03883042925756155 -0.08413626261461318 -0.180168522278931 -0.05318460193646383 -0.2066833752015871 -0.08158535700453165 -0.061384099847070286 -0.13293809479912136 -0.06915185503144138 -0.10557466210917865 -0.047625436141037404 -0.19292996258695258 -0.0867948659128209 -0.17410643418103303 -0.24238702224852812 0.00422895265795445 -0.334608375448031 -0.16822037433492365 -0.1876137174257339;
 0.030009421195649515 0.3386111503674032 0.36798392645435213 0.15970208451494536 0.20222000376174165 0.4737219031840623 1.594560273108974 -0.10349393381528964 0.015562038339176807 -0.00946611736829981 -0.05761199472619258 -0.014796399411154234 -0.17714365667105508 -0.16997057638911836 -0.03606932690896337 -0.03465565786304894 0.016412138588674335 -0.1818855010715829 -0.08874188078698242 -0.028104101147709337 -0.022879460120261694 -0.21051016002335565 -0.19931961740787166 -0.07262601410122019 -0.14834528083999787 -0.16032127822654868 -0.15794234240181398 -0.313415863118099;
 0.1618733191387612 -0.3030097146923698 -0.13269125488345132 -0.12441944501004099 -0.1758073677918356 -0.11168573866723115 -0.10349393381528964 0.5573875005585931 -0.08124795484143371 -0.0673388694018811 -0.0014752460558824236 -0.10858301309600683 -0.11365696441732365 0.1027174270344825 0.01685120815791517 0.0173209295338873 -0.0017653540677317673 0.010741092695330951 0.07814621495069869 0.007059433251682576 0.00310713810128629 0.008028639983191681 0.08304374541784128 0.009826338608649388 -0.008711611829214089 0.090119253279961 -0.0019316656430699748 0.08108783878642822;
 -0.025686023286281275 -0.15931164058779781 -0.14538737291647005 0.025368615282501422 0.023542252306371664 -0.0077691568066138314 0.015562038339176807 -0.08124795484143371 0.5247185378939463 0.00167526394843486 -0.018104795151847663 -0.008354580840964337 0.00780977718763701 -0.04800210646010266 -0.010664964741488646 0.012493971431344444 0.0024263648522018138 -0.009977145754711895 -0.010203399155170078 -0.011268219324770052 8.503551284374612e-05 -0.009373719019244801 -0.012013065163161826 0.0010666531431090052 -0.008671541457035279 0.00920719839465667 -0.00030599037021986525 -0.008146471596130262;
 -0.07192553879858027 -0.18313064200518644 -0.02775795155847374 -0.14920249379721873 0.0692301813990548 -0.03883042925756155 -0.00946611736829981 -0.0673388694018811 0.00167526394843486 0.48072091696135055 -0.013298055317413474 -0.0036610540757650908 0.0001415967683879196 0.01838739400566607 0.0006607584502384474 0.00015608482452452168 -0.0029334416212249415 0.004423006451180188 -0.09772400597852972 -0.02217197241129817 -0.0007373452833442342 0.006604917967874024 0.00631563816388828 0.002668995253247672 -0.012360388669321704 0.012506794979443247 -0.0029880658778625568 0.0027108127363523866;
 -0.06842851008706924 -0.21930268687551668 -0.08249328406261626 -0.015037858750315745 -0.09966314517633836 -0.08413626261461318 -0.05761199472619258 -0.0014752460558824236 -0.018104795151847663 -0.013298055317413474 0.4893450819393783 -0.00927016998202964 -0.023866759886257503 0.03479731640919815 0.011112134500251655 0.0005266589455726304 -0.005914499380337126 0.0072194831019879125 0.017858088131836553 -0.004502554890562147 -0.0002587856439402331 0.013001166906856836 -0.10188923227237962 0.012199125116692754 -0.0023525012676238904 0.021882015203217815 -0.0031300915939154214 0.02701781905349577;
 -0.08304492065876004 -0.17531742669190026 -0.03612674094008912 0.012094349784969875 0.058373971866885505 -0.180168522278931 -0.014796399411154234 -0.10858301309600683 -0.008354580840964337 -0.0036610540757650908 -0.00927016998202964 0.5172556592280875 0.005215450199125081 0.013638708323418021 0.0028484061083854915 0.004847846237213446 -0.0057227780434043075 0.0029016015429886182 0.0031230242879158603 -0.0024102096092961725 0.00037333672653173385 0.0021029508405866 -0.005065581572906463 0.0015547261144056685 -0.0032183882448136836 -0.049499277377541874 0.0017338425167921963 0.00649158733237224;
 -0.10810810276581155 -0.18111175914948552 -0.03398410956079663 0.020594412666306267 0.07234886268452112 -0.05318460193646383 -0.17714365667105508 -0.11365696441732365 0.00780977718763701 0.0001415967683879196 -0.023866759886257503 0.005215450199125081 0.5110872611849738 0.017922539887827667 0.004950712568065365 0.0014520583550462433 -0.0025956111727686456 -0.002162052635378259 0.0018057876594796704 -0.0006407782375377789 0.0008851150372792619 -0.008769587738265701 0.01605580561386494 0.006348479838723145 -0.01839981028766498 0.01479684233465583 -0.005036589539431576 -0.06986094917405343;
 0.03804327706370652 -0.205349037613194 -0.34856594455806367 -0.1569981367533698 -0.14158275240088383 -0.2066833752015871 -0.16997057638911836 0.1027174270344825 -0.04800210646010266 0.01838739400566607 0.03479731640919815 0.013638708323418021 0.017922539887827667 0.490429961414227 -0.059740235334378784 0.020669408013551282 -0.07555181479886773 -0.09459059990431175 0.07964584989610413 0.016063218141221306 0.01685864552156471 0.01462239707852887 0.10948431791771221 0.03362308659714203 -0.0012454153750190088 0.11309896224471365 0.009139239792633121 0.09549213386737468;
 -0.10369555723858795 -0.04772944572076482 -0.20534989508657864 -0.1582338368991413 0.06352331689357694 -0.08158535700453165 -0.03606932690896337 0.01685120815791517 -0.010664964741488646 0.0006607584502384474 0.011112134500251655 0.0028484061083854915 0.004950712568065365 -0.059740235334378784 0.5064238479633104 -0.008207258426541165 -0.010437036648874824 -0.010114134780719269 -0.11848656316035429 -0.012598184075875056 0.008735392831520979 0.014060553035988514 0.027370816916239434 0.011907088645067742 -0.008818952722978035 0.021141511642878343 0.002168061261127409 0.005454401734680642;
 -0.027881759241085685 -0.04611201625865522 -0.18920868461729806 -0.013016802330416728 -0.14853948756484472 -0.061384099847070286 -0.03465565786304894 0.0173209295338873 0.012493971431344444 0.00015608482452452168 0.0005266589455726304 0.004847846237213446 0.0014520583550462433 0.020669408013551282 -0.008207258426541165 0.562891440591922 0.005375725475453281 -0.024559138908034232 -0.013622083801523372 -0.013443719935034324 0.001977170574724494 -0.00037885254514532406 -0.1252235279042139 0.01187709469160401 0.0028170016910969682 0.025110883980119063 -0.0017421371852981704 0.008704284595602248;
 -0.014578825528128468 0.015607221892264333 -0.1327975613723597 0.02201401050544028 0.010210324803530233 -0.13293809479912136 0.016412138588674335 -0.0017653540677317673 0.0024263648522018138 -0.0029334416212249415 -0.005914499380337126 -0.0057227780434043075 -0.0025956111727686456 -0.07555181479886773 -0.010437036648874824 0.005375725475453281 0.5492825994017908 -0.007302052975193957 -0.01639678199041588 -0.013884259219811972 0.01156267059256973 -0.009399582742171408 -0.025216088392423466 -0.0034705367485550476 -0.007012218284985358 -0.05647156551354277 0.012994997367748886 -0.010804737014547785;
 -0.10582499346434529 -0.030141148132051068 -0.18896192517748295 0.017630424318052677 0.06471801574711909 -0.06915185503144138 -0.1818855010715829 0.010741092695330951 -0.009977145754711895 0.004423006451180188 0.0072194831019879125 0.0029016015429886182 -0.002162052635378259 -0.09459059990431175 -0.010114134780719269 -0.024559138908034232 -0.007302052975193957 0.5084831792805412 0.005009433346970733 0.00919780526812704 0.007231521481046637 -0.004940136518151628 0.026171812110917934 0.00875435547029477 -0.026247768324816012 0.018408127759955255 -0.0006864766977549145 -0.09130932496401785;
 0.2240505438917699 -0.13284257162910743 -0.1083881083479159 -0.30246594225291484 -0.1438710328204094 -0.10557466210917865 -0.08874188078698242 0.07814621495069869 -0.010203399155170078 -0.09772400597852972 0.017858088131836553 0.0031230242879158603 0.0018057876594796704 0.07964584989610413 -0.11848656316035429 -0.013622083801523372 -0.01639678199041588 0.005009433346970733 0.4889600773034795 -0.05449241796921666 -0.13013634270631497 -0.13230445207893637 0.1092239426091001 0.010680270819298041 -0.024514486346308876 0.08008286335141547 -0.007671527734788107 0.07428293500695203;
 -0.004891229991628373 -0.027974053432375127 -0.03719488101789362 -0.1696553257322353 -0.09626375889864834 -0.047625436141037404 -0.028104101147709337 0.007059433251682576 -0.011268219324770052 -0.02217197241129817 -0.004502554890562147 -0.0024102096092961725 -0.0006407782375377789 0.016063218141221306 -0.012598184075875056 -0.013443719935034324 -0.013884259219811972 0.00919780526812704 -0.05449241796921666 0.4124168240098473 -0.019675766597484216 -0.013739727974350803 -0.09900654964719705 0.0038011609277180474 -0.017952505321431517 0.011596845087277093 -0.007061466654686265 0.0230318768455605;
 -0.08709041409134397 -0.017399604735214437 -0.03482185934885259 -0.16189765672755235 0.052212937889989756 -0.19292996258695258 -0.022879460120261694 0.00310713810128629 8.503551284374612e-05 -0.0007373452833442342 -0.0002587856439402331 0.00037333672653173385 0.0008851150372792619 0.01685864552156471 0.008735392831520979 0.001977170574724494 0.01156267059256973 0.007231521481046637 -0.13013634270631497 -0.019675766597484216 0.5357911716128041 0.015146585717790812 -0.00649038007208249 0.008913545600164031 -0.006867314996450753 -0.03809104778540591 0.0076414898316994485 0.0049620593813017805;
 -0.12734730682151632 -0.04269479742895411 -0.05383863910070363 -0.15115164467082362 0.08635989118184254 -0.0867948659128209 -0.21051016002335565 0.008028639983191681 -0.009373719019244801 0.006604917967874024 0.013001166906856836 0.0021029508405866 -0.008769587738265701 0.01462239707852887 0.014060553035988514 -0.00037885254514532406 -0.009399582742171408 -0.004940136518151628 -0.13230445207893637 -0.013739727974350803 0.015146585717790812 0.4986747043641313 0.042627662873339696 0.013928781651161645 -0.03830851541777896 0.017963484219169438 -0.009125794648771376 -0.08110506701667546;
 0.25841246892389147 -0.2010596330130626 -0.20522604192575708 -0.16227854813885248 -0.40323404516044753 -0.17410643418103303 -0.19931961740787166 0.08304374541784128 -0.012013065163161826 0.00631563816388828 -0.10188923227237962 -0.005065581572906463 0.01605580561386494 0.10948431791771221 0.027370816916239434 -0.1252235279042139 -0.025216088392423466 0.026171812110917934 0.1092239426091001 -0.09900654964719705 -0.00649038007208249 0.042627662873339696 0.5705507562085985 -0.14333828047151015 -0.12895797484388064 0.0873912509738089 -0.005907138383237651 0.13307774879903259;
 -0.1067099789149954 -0.06761706971608082 -0.09072672176672893 -0.031064529043219484 -0.10420333100820096 -0.24238702224852812 -0.07262601410122019 0.009826338608649388 0.0010666531431090052 0.002668995253247672 0.012199125116692754 0.0015547261144056685 0.006348479838723145 0.03362308659714203 0.011907088645067742 0.01187709469160401 -0.0034705367485550476 0.00875435547029477 0.010680270819298041 0.0038011609277180474 0.008913545600164031 0.013928781651161645 -0.14333828047151015 0.5553762765340214 0.007797608282680599 0.012415905865981576 -0.00877986810914499 0.026129288988384763;
 0.02157018454653198 0.016034307851956267 0.013015314746139999 0.028311295989278805 -0.14008032427272574 0.00422895265795445 -0.14834528083999787 -0.008711611829214089 -0.008671541457035279 -0.012360388669321704 -0.0023525012676238904 -0.0032183882448136836 -0.01839981028766498 -0.0012454153750190088 -0.008818952722978035 0.0028170016910969682 -0.007012218284985358 -0.026247768324816012 -0.024514486346308876 -0.017952505321431517 -0.006867314996450753 -0.03830851541777896 -0.12895797484388064 0.007797608282680599 0.5183476178152081 0.0034945114201654194 -0.015827626409439542 0.0002685765251421343;
 0.03705409532173828 -0.1843214756337339 -0.1823307570177053 -0.1498250439236628 -0.14426824643798905 -0.334608375448031 -0.16032127822654868 0.090119253279961 0.00920719839465667 0.012506794979443247 0.021882015203217815 -0.049499277377541874 0.01479684233465583 0.11309896224471365 0.021141511642878343 0.025110883980119063 -0.05647156551354277 0.018408127759955255 0.08008286335141547 0.011596845087277093 -0.03809104778540591 0.017963484219169438 0.0873912509738089 0.012415905865981576 0.0034945114201654194 0.4858476464653799 -0.07289886603010029 0.0984753103212466;
 -0.07072526233285303 0.004172599746202279 -0.012507578255624553 0.022925435734380786 0.04767673407498625 -0.16822037433492365 -0.15794234240181398 -0.0019316656430699748 -0.00030599037021986525 -0.0029880658778625568 -0.0031300915939154214 0.0017338425167921963 -0.005036589539431576 0.009139239792633121 0.002168061261127409 -0.0017421371852981704 0.012994997367748886 -0.0006864766977549145 -0.007671527734788107 -0.007061466654686265 0.0076414898316994485 -0.009125794648771376 -0.005907138383237651 -0.00877986810914499 -0.015827626409439542 -0.07289886603010029 0.5296072355785431 -0.09277406581917241;
 0.07273946144152012 -0.19576032635879825 -0.1779881598875788 -0.1462395682103193 -0.1195327563132142 -0.1876137174257339 -0.313415863118099 0.08108783878642822 -0.008146471596130262 0.0027108127363523866 0.02701781905349577 0.00649158733237224 -0.06986094917405343 0.09549213386737468 0.005454401734680642 0.008704284595602248 -0.010804737014547785 -0.09130932496401785 0.07428293500695203 0.0230318768455605 0.0049620593813017805 -0.08110506701667546 0.13307774879903259 0.026129288988384763 0.0002685765251421343 0.0984753103212466 -0.09277406581917241 0.4767989129517721;
]
solve(n, X, P5, Q5, M5, true)
## Multiplier-1
P6 = 4763*X[1]^2//10000 - 93*X[1]*X[2]//500 + 4559*X[1]*X[3]//10000000 - 811*X[1]*X[4]//5000 - 911*X[1]*X[5]//5000 - 699*X[1]*X[6]//5000 + 4017*X[1]//5000 + 909*X[2]^2//2500 + 259*X[2]*X[3]//12500 - 421*X[2]*X[4]//50000 - 72*X[2]*X[5]//3125 + 3149*X[2]*X[6]//1000000 - 79*X[2]//500 + 503*X[3]^2//1250 - 3029*X[3]*X[4]//100000 - 7*X[3]*X[5]//200 + 1707*X[3]*X[6]//100000 + 6111*X[3]//10000 + 2929*X[4]^2//10000 + 59*X[4]*X[5]//50000 - 151*X[4]*X[6]//12500 - 137*X[4]//1000 + 3539*X[5]^2//10000 - 129*X[5]*X[6]//6250 - 1159*X[5]//5000 + 3167*X[6]^2//10000 - 1897*X[6]//20000 + 1317//1000
M6 = [1, X[6], X[5], X[4], X[3], X[2], X[1]]
Q6 = [1.3166232242640696 -0.0472584359450769 -0.11594203190094375 -0.06852950359330703 0.3056760945082093 -0.0786512720376234 0.40178250579495434;
 -0.0472584359450769 0.3164440090199795 -0.010308524231509094 -0.006058775001880435 0.008618008765821554 0.0014549977929398609 -0.06986094917406123;
 -0.11594203190094375 -0.010308524231509094 0.3542277110484844 0.0005142652165247542 -0.017543483729242658 -0.011491213712302852 -0.09130932496401752;
 -0.06852950359330703 -0.006058775001880435 0.0005142652165247542 0.29288362391813694 -0.015276638572253367 -0.004163735267493655 -0.08110506701667258;
 0.3056760945082093 0.008618008765821554 -0.017543483729242658 -0.015276638572253367 0.4026708473558068 0.010301662578933616 0.0002685765251498424;
 -0.0786512720376234 0.0014549977929398609 -0.011491213712302852 -0.004163735267493655 0.010301662578933616 0.36307319938927823 -0.09277406581918435;
 0.40178250579495434 -0.06986094917406123 -0.09130932496401752 -0.08110506701667258 0.0002685765251498424 -0.09277406581918435 0.4767989129517944;
]
solve(n, X, P6, Q6, M6, true)
# unsafe
## Multiplier-6
P7 = 923*X[1]^2//250 + 1539*X[1]*X[2]//10000 + 1317*X[1]*X[3]//10000 + 251*X[1]*X[4]//2500 + 1191*X[1]*X[5]//10000 - 2399*X[1]*X[6]//5000 - 1271*X[1]//10000 + 3689*X[2]^2//1000 + 67*X[2]*X[3]//800 + 16*X[2]*X[4]//125 + 891*X[2]*X[5]//5000 - 5121*X[2]*X[6]//10000 - 4223*X[2]//100000 + 1833*X[3]^2//500 + 3097*X[3]*X[4]//50000 + 9303*X[3]*X[5]//100000 - 399*X[3]*X[6]//1250 - 917*X[3]//2000 + 3691*X[4]^2//1000 + 237*X[4]*X[5]//2500 - 4141*X[4]*X[6]//10000 - 1059*X[4]//5000 + 1837*X[5]^2//500 - 5093*X[5]*X[6]//10000 + 711*X[5]//100000 + 889*X[6]^2//200 - 401*X[6]//200 + 353//100
M7 = [1, X[6], X[5], X[4], X[3], X[2], X[1]]
Q7 = [3.529518157467491 -1.0038676664101527 0.004035187116342071 -0.10627256834325412 -0.2302080004456117 -0.021325915309194865 -0.06360215363028665;
 -1.0038676664101527 4.4452244712738676 -0.25368934453794484 -0.20860348626229605 -0.15890594290428137 -0.25609632915033487 -0.24046691040623847;
 0.004035187116342071 -0.25368934453794484 3.674665200786419 0.04899179751119396 0.047152145801351825 0.08851890434938695 0.058781716154760764;
 -0.10627256834325412 -0.20860348626229605 0.04899179751119396 3.6913876082475263 0.03256949729798332 0.06354241404598679 0.04885682894559145;
 -0.2302080004456117 -0.15890594290428137 0.047152145801351825 0.03256949729798332 3.6665939415377964 0.04262583733577271 0.06675075949431923;
 -0.021325915309194865 -0.25609632915033487 0.08851890434938695 0.06354241404598679 0.04262583733577271 3.6892139206231156 0.07610467538243955;
 -0.06360215363028665 -0.24046691040623847 0.058781716154760764 0.04885682894559145 0.06675075949431923 0.07610467538243955 3.6912987364358467;
]
solve(n, X, P7, Q7, M7, true)
## Multiplier-4
P8 = 3707*X[1]^2//1000 + 1407*X[1]*X[2]//10000 + 1267*X[1]*X[3]//10000 - 2399*X[1]*X[4]//5000 + 1093*X[1]*X[5]//10000 + 1083*X[1]*X[6]//10000 - 347*X[1]//2000 + 37*X[2]^2//10 + 6949*X[2]*X[3]//100000 - 521*X[2]*X[4]//1000 + 1659*X[2]*X[5]//10000 + 159*X[2]*X[6]//1250 - 4871*X[2]//100000 + 3667*X[3]^2//1000 - 1721*X[3]*X[4]//5000 + 9823*X[3]*X[5]//100000 + 4013*X[3]*X[6]//100000 - 989*X[3]//2500 + 893*X[4]^2//200 - 2443*X[4]*X[5]//5000 - 2299*X[4]*X[6]//5000 - 1971*X[4]//1000 + 462*X[5]^2//125 + 86*X[5]*X[6]//625 - 1597*X[5]//10000 + 3707*X[6]^2//1000 - 451*X[6]//2500 + 347//100
M8 = [1, X[6], X[5], X[4], X[3], X[2], X[1]]
Q8 = [3.4704840084664736 -0.08910998998104917 -0.08152333999245492 -0.9851754440512585 -0.19761934703068657 -0.0235060994899911 -0.08587137364501518;
 -0.08910998998104917 3.7071198604017734 0.06970814326921555 -0.22921214908817208 0.020584420764502117 0.062241994962738446 0.053293284984829443;
 -0.08152333999245492 0.06970814326921555 3.696145195940041 -0.24350688533962064 0.04795553454532823 0.08360121380892684 0.05628128615602105;
 -0.9851754440512585 -0.22921214908817208 -0.24350688533962064 4.464941152877268 -0.17066853657656691 -0.2620926481616482 -0.24200389242309892;
 -0.19761934703068657 0.020584420764502117 0.04795553454532823 -0.17066853657656691 3.666905697549686 0.0364370537730516 0.06222130327720951;
 -0.0235060994899911 0.062241994962738446 0.08360121380892684 -0.2620926481616482 0.0364370537730516 3.699942321811982 0.07145777896796492;
 -0.08587137364501518 0.053293284984829443 0.05628128615602105 -0.24200389242309892 0.06222130327720951 0.07145777896796492 3.7067995125770397;
]
solve(n, X, P8, Q8, M8, true)
## Multiplier-5
P9 = 3681*X[1]^2//1000 + 243*X[1]*X[2]//2000 + 227*X[1]*X[3]//2500 + 249*X[1]*X[4]//3125 - 1271*X[1]*X[5]//2500 + 273*X[1]*X[6]//3125 - 201*X[1]//2000 + 733*X[2]^2//200 + 13*X[2]*X[3]//400 + 2207*X[2]*X[4]//25000 - 5893*X[2]*X[5]//10000 + 517*X[2]*X[6]//5000 + 1579*X[2]//10000 + 1809*X[3]^2//500 + 2611*X[3]*X[4]//100000 - 3959*X[3]*X[5]//10000 - 521*X[3]*X[6]//500000 - 26*X[3]//125 + 919*X[4]^2//250 - 4477*X[4]*X[5]//10000 + 1631*X[4]*X[6]//25000 - 373*X[4]//2000 + 2233*X[5]^2//500 - 1047*X[5]*X[6]//2000 - 2217*X[5]//1000 + 3663*X[6]^2//1000 + 359*X[6]//10000 + 3587//1000
M9 = [1, X[6], X[5], X[4], X[3], X[2], X[1]]
Q9 = [3.5871521446206978 0.01681396419587293 -1.1075557731917123 -0.09296156655460065 -0.1030416666280285 0.0798766168905287 -0.04943478274391559;
 0.01681396419587293 3.66301277885007 -0.26133814415017037 0.03077054864369082 -0.00023469038859593553 0.050590527385066905 0.043231629276047456;
 -1.1075557731917123 -0.26133814415017037 4.465573976698557 -0.22331794360242402 -0.19630729865387697 -0.29608373732853216 -0.25668518147035224;
 -0.09296156655460065 0.03077054864369082 -0.22331794360242402 3.67555883141141 0.011251259195649782 0.04529210490253793 0.038475959166457234;
 -0.1030416666280285 -0.00023469038859593553 -0.19630729865387697 0.011251259195649782 3.6176543615635257 0.017649722569134687 0.04606689141377889;
 0.0798766168905287 0.050590527385066905 -0.29608373732853216 0.04529210490253793 0.017649722569134687 3.6656857276380106 0.0626617898984777;
 -0.04943478274391559 0.043231629276047456 -0.25668518147035224 0.038475959166457234 0.04606689141377889 0.0626617898984777 3.6815031926489596;
]
solve(n, X, P9, Q9, M9, true)
## Multiplier-3
P10 = 379*X[1]^2//100 + 1947*X[1]*X[2]//10000 - 913*X[1]*X[3]//2000 + 719*X[1]*X[4]//5000 + 343*X[1]*X[5]//2000 + 421*X[1]*X[6]//2500 - 33*X[1]//2500 + 3801*X[2]^2//1000 - 4393*X[2]*X[3]//10000 + 1837*X[2]*X[4]//10000 + 1141*X[2]*X[5]//5000 + 1923*X[2]*X[6]//10000 - 1837*X[2]//10000 + 1161*X[3]^2//250 - 1731*X[3]*X[4]//5000 - 4311*X[3]*X[5]//10000 - 359*X[3]*X[6]//1000 - 2183*X[3]//1000 + 761*X[4]^2//200 + 101*X[4]*X[5]//625 + 403*X[4]*X[6]//2500 - 629*X[4]//2000 + 474*X[5]^2//125 + 1063*X[5]*X[6]//5000 - 131*X[5]//1000 + 3819*X[6]^2//1000 - 3409*X[6]//10000 + 1639//500
M10 = [1, X[6], X[5], X[4], X[3], X[2], X[1]]
Q10 = [3.2775410006376178 -0.17179749003776174 -0.06626615740701348 -0.1587500206490113 -1.0909224120417091 -0.09192529169165761 -0.007138641768236192;
 -0.17179749003776174 3.8194299395770073 0.10474668614418223 0.08195897510000306 -0.18069661964439798 0.09731052414388565 0.08274357116535593;
 -0.06626615740701348 0.10474668614418223 3.791963803760607 0.08022538205950358 -0.21396357056861398 0.11430662704290444 0.08556553122839378;
