include("utils/util.jl")
include("utils/newtonUpdate.jl")
include("utils/rationalSOS.jl")

X = nothing
eig_tol = 1e-4
tol = 1e-50


SOS_time = 0
Newton_time = 0
function solve(n, X, f, Q, mono,newton)
    global SOS_time, Newton_time
    Q = round.(Q, digits=2)
    rQ = symplify_rational.(Q)

    model = nothing
    if !newton
        model = rational_SOS(f, 1, 0, mono, rQ)
    else
        Newton_time+=@elapsed update_Q = newton_refine_update(f, mono, Q, eig_tol, 90, tol, X)
        Q_res = symplify_rational.(update_Q*update_Q')
        SOS_time+=@elapsed model = rational_SOS(f, 1, 0, mono, Q_res)
    end
    
    SOSrational_time, coeffs, terms = model[2:end]
    
    @show expand(f-(coeffs' * terms.^2))

    data = Dict(
        "n" => n,
        "expression" => f,
        "coeff" => join([string(c) for c in coeffs], ","),
        "term" => join([string(t) for t in terms], ","),
        "SOSrational_time" => SOSrational_time,
        "SOS_expression" => string(coeffs' * terms.^2)
    )

    # save("src/output/data.json", data)    
end

n = 6
@Symbolics.variables X[1:n]

#C16
# init
## Multiplier-6
P0 = 261*X[1]^2//1000 + 39*X[1]*X[2]//1000 + 109*X[1]*X[3]//2500 + 431*X[1]*X[4]//10000 + 89*X[1]*X[5]//2000 - 393*X[1]*X[6]//5000 - 873*X[1]//10000 + 257*X[2]^2//1000 + 191*X[2]*X[3]//5000 + 213*X[2]*X[4]//5000 + 211*X[2]*X[5]//5000 - 107*X[2]*X[6]//1250 - 949*X[2]//10000 + 13*X[3]^2//50 + 391*X[3]*X[4]//10000 + 437*X[3]*X[5]//10000 - 869*X[3]*X[6]//10000 - 101*X[3]//1000 + 261*X[4]^2//1000 + 111*X[4]*X[5]//2500 - 407*X[4]*X[6]//5000 - 37*X[4]//400 + 13*X[5]^2//50 - 399*X[5]*X[6]//5000 - 227*X[5]//2500 + 53*X[6]^2//125 + 68*X[6]//125 + 291//1000
M0 = [1, X[6], X[5], X[4], X[3], X[2], X[1]]
Q0 = [0.2910744371579485 0.272132747975046 -0.04526785412268023 -0.0461827294505536 -0.05052427587173691 -0.047360971385639515 -0.04364687820483427;
 0.272132747975046 0.42397431627156357 -0.03973395774259611 -0.0406740678752598 -0.04325200739422994 -0.04273770032392015 -0.03929750121578213;
 -0.04526785412268023 -0.03973395774259611 0.26056890029982194 0.022119869325095208 0.021832297210358075 0.021084480773844456 0.02237879654745495;
 -0.0461827294505536 -0.0406740678752598 0.022119869325095208 0.2610035557011815 0.019555641983204756 0.02129036874624186 0.021626527633173142;
 -0.05052427587173691 -0.04325200739422994 0.021832297210358075 0.019555641983204756 0.2603960002415771 0.019013527391998235 0.02191902421245212;
 -0.047360971385639515 -0.04273770032392015 0.021084480773844456 0.02129036874624186 0.019013527391998235 0.2567847136443962 0.019504465177441293;
 -0.04364687820483427 -0.03929750121578213 0.02237879654745495 0.021626527633173142 0.02191902421245212 0.019504465177441293 0.2612586325121957;
]
solve(n, X, P0, Q0, M0, true)
## Multiplier-4
P1 = 51*X[1]^2//200 + 11*X[1]*X[2]//400 + 171*X[1]*X[3]//5000 - 221*X[1]*X[4]//2500 + 329*X[1]*X[5]//10000 + 79*X[1]*X[6]//2500 - 873*X[1]//10000 + 251*X[2]^2//1000 + 289*X[2]*X[3]//10000 - 59*X[2]*X[4]//625 + 153*X[2]*X[5]//5000 + 19*X[2]*X[6]//625 - 191*X[2]//2000 + 257*X[3]^2//1000 - 487*X[3]*X[4]//5000 + 43*X[3]*X[5]//1250 + 9*X[3]*X[6]//250 - 249*X[3]//2500 + 211*X[4]^2//500 - 223*X[4]*X[5]//2500 - 23*X[4]*X[6]//250 + 11*X[4]//20 + 127*X[5]^2//500 + 17*X[5]*X[6]//500 - 903*X[5]//10000 + 257*X[6]^2//1000 - 949*X[6]//10000 + 293//1000
M1 = [1, X[6], X[5], X[4], X[3], X[2], X[1]]
Q1 = [0.29308921729927895 -0.04747518794875253 -0.045191106840462035 0.27480738457810927 -0.04982400641747758 -0.047665466948032795 -0.04373740815454611;
 -0.04747518794875253 0.2571765126121042 0.01693456823724664 -0.04602178745912451 0.018105828935285385 0.015112752276416693 0.015805478782608625;
 -0.045191106840462035 0.01693456823724664 0.2545036521045747 -0.0447749061662068 0.017171249838559017 0.015372902852925823 0.016395274251587065;
 0.27480738457810927 -0.04602178745912451 -0.0447749061662068 0.4216312311437181 -0.048612713126334334 -0.04711587681187417 -0.04420550122449478;
 -0.04982400641747758 0.018105828935285385 0.017171249838559017 -0.048612713126334334 0.2569850484233309 0.014485428936094372 0.017166046864074545;
 -0.047665466948032795 0.015112752276416693 0.015372902852925823 -0.04711587681187417 0.014485428936094372 0.25106753072976884 0.013700943278868878;
 -0.04373740815454611 0.015805478782608625 0.016395274251587065 -0.04420550122449478 0.017166046864074545 0.013700943278868878 0.25493109840512984;
]
solve(n, X, P1, Q1, M1, true)
## Multiplier-5
P2 = 13*X[1]^2//50 + 353*X[1]*X[2]//10000 + 407*X[1]*X[3]//10000 + 391*X[1]*X[4]//10000 - 407*X[1]*X[5]//5000 + 79*X[1]*X[6]//2000 - 447*X[1]//5000 + 32*X[2]^2//125 + 353*X[2]*X[3]//10000 + 49*X[2]*X[4]//1250 - 887*X[2]*X[5]//10000 + 191*X[2]*X[6]//5000 - 971*X[2]//10000 + 13*X[3]^2//50 + 23*X[3]*X[4]//625 - 181*X[3]*X[5]//2000 + 427*X[3]*X[6]//10000 - 103*X[3]//1000 + 13*X[4]^2//50 - 169*X[4]*X[5]//2000 + 413*X[4]*X[6]//10000 - 941*X[4]//10000 + 107*X[5]^2//250 - 853*X[5]*X[6]//10000 + 279*X[5]//500 + 131*X[6]^2//500 - 971*X[6]//10000 + 149//500
M2 = [1, X[6], X[5], X[4], X[3], X[2], X[1]]
Q2 = [0.29760748188807123 -0.048521114047702485 0.27867258871109374 -0.047130562268139366 -0.05134645197604712 -0.04847815848592393 -0.044756160832446046;
 -0.048521114047702485 0.2622111395804765 -0.04266062036954786 0.02056063717314964 0.021423326007691087 0.01908831831212026 0.01977418639439156;
 0.27867258871109374 -0.04266062036954786 0.4278623261821738 -0.04228481952154243 -0.04505910702770975 -0.044262801305740604 -0.04075617557260564;
 -0.047130562268139366 0.02056063717314964 -0.04228481952154243 0.26011026325515785 0.018283613632090433 0.019617088814518107 0.019690018260261094;
 -0.05134645197604712 0.021423326007691087 -0.04505910702770975 0.018283613632090433 0.2602335590663454 0.017696774898962944 0.02034871200098546;
 -0.04847815848592393 0.01908831831212026 -0.044262801305740604 0.019617088814518107 0.017696774898962944 0.25579083213420056 0.01755385749294974;
 -0.044756160832446046 0.01977418639439156 -0.04075617557260564 0.019690018260261094 0.02034871200098546 0.01755385749294974 0.2596825236872043;
]
solve(n, X, P2, Q2, M2, true)
## Multiplier-3
P3 = 63*X[1]^2//250 + 27*X[1]*X[2]//1000 - 869*X[1]*X[3]//10000 + 39*X[1]*X[4]//1250 + 39*X[1]*X[5]//1250 + 59*X[1]*X[6]//2000 - 847*X[1]//10000 + 251*X[2]^2//1000 - 467*X[2]*X[3]//5000 + 331*X[2]*X[4]//10000 + 311*X[2]*X[5]//10000 + 3*X[2]*X[6]//100 - 909*X[2]//10000 + 83*X[3]^2//200 - 909*X[3]*X[4]//10000 - 11*X[3]*X[5]//125 - 903*X[3]*X[6]//10000 + 67*X[3]//125 + 51*X[4]^2//200 + 41*X[4]*X[5]//1250 + 13*X[4]*X[6]//400 - 881*X[4]//10000 + 253*X[5]^2//1000 + 323*X[5]*X[6]//10000 - 869*X[5]//10000 + 51*X[6]^2//200 - 921*X[6]//10000 + 143//500
M3 = [1, X[6], X[5], X[4], X[3], X[2], X[1]]
Q3 = [0.2862041735926216 -0.046049624882704907 -0.04361633063081786 -0.0441248533688046 0.2680869999934182 -0.04551188147905043 -0.04237148993639517;
 -0.046049624882704907 0.25509573524245244 0.016174280356207327 0.016306460647871984 -0.04505540146155887 0.014987343388453972 0.014743798631870015;
 -0.04361633063081786 0.016174280356207327 0.2529893391610881 0.016429412582895733 -0.04405485736532934 0.015510649893291532 0.015586188097160815;
 -0.0441248533688046 0.016306460647871984 0.016429412582895733 0.2550933388037828 -0.045374794459623224 0.016419240490072883 0.015524945029732907;
 0.2680869999934182 -0.04505540146155887 -0.04405485736532934 -0.045374794459623224 0.41523267857555285 -0.046786689103177063 -0.04344487163531588;
 -0.04551188147905043 0.014987343388453972 0.015510649893291532 0.016419240490072883 -0.046786689103177063 0.25108180260956275 0.01356827613082307;
 -0.04237148993639517 0.014743798631870015 0.015586188097160815 0.015524945029732907 -0.04344487163531588 0.01356827613082307 0.2527989907164577;
]
solve(n, X, P3, Q3, M3, true)
## Multiplier-2
P4 = 257*X[1]^2//1000 - 841*X[1]*X[2]//10000 + 3*X[1]*X[3]//80 + 347*X[1]*X[4]//10000 + 37*X[1]*X[5]//1000 + 363*X[1]*X[6]//10000 - 419*X[1]//5000 + 211*X[2]^2//500 - 233*X[2]*X[3]//2500 - 173*X[2]*X[4]//2000 - 847*X[2]*X[5]//10000 - 871*X[2]*X[6]//10000 + 69*X[2]//125 + 257*X[3]^2//1000 + 317*X[3]*X[4]//10000 + 371*X[3]*X[5]//10000 + 197*X[3]*X[6]//5000 - 973*X[3]//10000 + 32*X[4]^2//125 + 177*X[4]*X[5]//5000 + 181*X[4]*X[6]//5000 - 897*X[4]//10000 + 32*X[5]^2//125 + 383*X[5]*X[6]//10000 - 873*X[5]//10000 + 259*X[6]^2//1000 - 457*X[6]//5000 + 293//1000
M4 = [1, X[6], X[5], X[4], X[3], X[2], X[1]]
Q4 = [0.29275895872043645 -0.04580556673642458 -0.043664780298314484 -0.04488866166534977 -0.04849790118236852 0.2754820241570073 -0.04195584477384868;
 -0.04580556673642458 0.2590996875097559 0.01914536118907245 0.018140073725034307 0.019702164876576198 -0.04355462260995922 0.018235175393941566;
 -0.043664780298314484 0.01914536118907245 0.2559424285764111 0.017783104848402693 0.018567365358949636 -0.042286977800875966 0.01860686255621397;
 -0.04488866166534977 0.018140073725034307 0.017783104848402693 0.2555770263375925 0.01591187161254567 -0.043257488706234054 0.017407628420575017;
 -0.04849790118236852 0.019702164876576198 0.018567365358949636 0.01591187161254567 0.25743019503409365 -0.04637433316028121 0.01880096923635152;
 0.2754820241570073 -0.04355462260995922 -0.042286977800875966 -0.043257488706234054 -0.04637433316028121 0.42198747880383064 -0.042086335266770754;
 -0.04195584477384868 0.018235175393941566 0.01860686255621397 0.017407628420575017 0.01880096923635152 -0.042086335266770754 0.2569887610271341;
]
solve(n, X, P4, Q4, M4, true)
## Total Decomposition
P5 = 42511*X[1]^4//100000 - 4797*X[1]^3*X[2]//50000 - 23939*X[1]^3*X[3]//250000 - 729*X[1]^3*X[4]//8000 - 2283*X[1]^3*X[5]//25000 - 92907*X[1]^3*X[6]//1000000 - 5099*X[1]^3//2500 + 25481*X[1]^2*X[2]^2//50000 + 1897*X[1]^2*X[2]*X[3]//62500 + 3431*X[1]^2*X[2]*X[4]//100000 + 32743*X[1]^2*X[2]*X[5]//1000000 + 34743*X[1]^2*X[2]*X[6]//1000000 - 668*X[1]^2*X[2]//625 + 25353*X[1]^2*X[3]^2//50000 + 15453*X[1]^2*X[3]*X[4]//500000 + 34861*X[1]^2*X[3]*X[5]//1000000 + 18603*X[1]^2*X[3]*X[6]//500000 - 5267*X[1]^2*X[3]//5000 + 409*X[1]^2*X[4]^2//800 + 34021*X[1]^2*X[4]*X[5]//1000000 + 36577*X[1]^2*X[4]*X[6]//1000000 - 2733*X[1]^2*X[4]//2500 + 1606*X[1]^2*X[5]^2//3125 + 36711*X[1]^2*X[5]*X[6]//1000000 - 1389*X[1]^2*X[5]//1250 + 25937*X[1]^2*X[6]^2//50000 - 11163*X[1]^2*X[6]//10000 + 2509*X[1]^2//200 - 83183*X[1]*X[2]^3//1000000 + 2239*X[1]*X[2]^2*X[3]//62500 + 34821*X[1]*X[2]^2*X[4]//1000000 + 36639*X[1]*X[2]^2*X[5]//1000000 + 9241*X[1]*X[2]^2*X[6]//250000 - 5619*X[1]*X[2]^2//5000 + 28581*X[1]*X[2]*X[3]^2//1000000 + 10909*X[1]*X[2]*X[3]*X[4]//25000000 + 17627*X[1]*X[2]*X[3]*X[5]//100000000 + 3839*X[1]*X[2]*X[3]*X[6]//6250000 - 57513*X[1]*X[2]*X[3]//100000 + 29543*X[1]*X[2]*X[4]^2//1000000 + 22919*X[1]*X[2]*X[4]*X[5]//10000000 + 2037*X[1]*X[2]*X[4]*X[6]//2000000 - 59677*X[1]*X[2]*X[4]//100000 + 38319*X[1]*X[2]*X[5]^2//1000000 + 30199*X[1]*X[2]*X[5]*X[6]//10000000 - 65919*X[1]*X[2]*X[5]//100000 + 1731*X[1]*X[2]*X[6]^2//40000 - 34599*X[1]*X[2]*X[6]//50000 + 2703*X[1]*X[2]//2500 - 863*X[1]*X[3]^3//10000 + 16259*X[1]*X[3]^2*X[4]//500000 + 15007*X[1]*X[3]^2*X[5]//500000 + 14753*X[1]*X[3]^2*X[6]//500000 - 5621*X[1]*X[3]^2//5000 + 35351*X[1]*X[3]*X[4]^2//1000000 - 33461*X[1]*X[3]*X[4]*X[5]//1000000000 + 541*X[1]*X[3]*X[4]*X[6]//400000 - 1846*X[1]*X[3]*X[4]//3125 + 40443*X[1]*X[3]*X[5]^2//1000000 - 233*X[1]*X[3]*X[5]*X[6]//1562500 - 63653*X[1]*X[3]*X[5]//100000 + 22259*X[1]*X[3]*X[6]^2//500000 - 66443*X[1]*X[3]*X[6]//100000 + 67867*X[1]*X[3]//100000 - 11003*X[1]*X[4]^3//125000 + 6379*X[1]*X[4]^2*X[5]//200000 + 32529*X[1]*X[4]^2*X[6]//1000000 - 2821*X[1]*X[4]^2//2500 + 38953*X[1]*X[4]*X[5]^2//1000000 + 627*X[1]*X[4]*X[5]*X[6]//400000 - 64227*X[1]*X[4]*X[5]//100000 + 10981*X[1]*X[4]*X[6]^2//250000 - 67131*X[1]*X[4]*X[6]//100000 + 68939*X[1]*X[4]//100000 - 203*X[1]*X[5]^3//2500 + 39681*X[1]*X[5]^2*X[6]//1000000 - 2329*X[1]*X[5]^2//2000 + 11481*X[1]*X[5]*X[6]^2//250000 - 36819*X[1]*X[5]*X[6]//50000 + 22101*X[1]*X[5]//50000 - 4881*X[1]*X[6]^3//62500 - 12007*X[1]*X[6]^2//10000 + 63323*X[1]*X[6]//100000 - 667*X[1]//2000 + 21117*X[2]^4//50000 - 46299*X[2]^3*X[3]//500000 - 86977*X[2]^3*X[4]//1000000 - 85423*X[2]^3*X[5]//1000000 - 17403*X[2]^3*X[6]//200000 - 2023*X[2]^3//1000 + 50793*X[2]^2*X[3]^2//100000 + 32739*X[2]^2*X[3]*X[4]//1000000 + 4671*X[2]^2*X[3]*X[5]//125000 + 2421*X[2]^2*X[3]*X[6]//62500 - 2647*X[2]^2*X[3]//2500 + 50749*X[2]^2*X[4]^2//100000 + 37393*X[2]^2*X[4]*X[5]//1000000 + 36117*X[2]^2*X[4]*X[6]//1000000 - 11083*X[2]^2*X[4]//10000 + 12793*X[2]^2*X[5]^2//25000 + 9477*X[2]^2*X[5]*X[6]//250000 - 453*X[2]^2*X[5]//400 + 259*X[2]^2*X[6]^2//500 - 1421*X[2]^2*X[6]//1250 + 12957*X[2]^2//1000 - 23291*X[2]*X[3]^3//250000 + 16209*X[2]*X[3]^2*X[4]//500000 + 30763*X[2]*X[3]^2*X[5]//1000000 + 30473*X[2]*X[3]^2*X[6]//1000000 - 10867*X[2]*X[3]^2//10000 + 14737*X[2]*X[3]*X[4]^2//500000 + 1563*X[2]*X[3]*X[4]*X[5]//1250000 - 13823*X[2]*X[3]*X[4]*X[6]//100000000 - 11471*X[2]*X[3]*X[4]//20000 + 37489*X[2]*X[3]*X[5]^2//1000000 + 1517*X[2]*X[3]*X[5]*X[6]//1250000 - 64867*X[2]*X[3]*X[5]//100000 + 7959*X[2]*X[3]*X[6]^2//200000 - 32823*X[2]*X[3]*X[6]//50000 + 2637*X[2]*X[3]//2000 - 9523*X[2]*X[4]^3//100000 + 7827*X[2]*X[4]^2*X[5]//250000 + 3003*X[2]*X[4]^2*X[6]//100000 - 10697*X[2]*X[4]^2//10000 + 9839*X[2]*X[4]*X[5]^2//250000 + 20063*X[2]*X[4]*X[5]*X[6]//10000000 - 32943*X[2]*X[4]*X[5]//50000 + 41223*X[2]*X[4]*X[6]^2//1000000 - 64841*X[2]*X[4]*X[6]//100000 + 73659*X[2]*X[4]//100000 - 11059*X[2]*X[5]^3//125000 + 9651*X[2]*X[5]^2*X[6]//250000 - 11209*X[2]*X[5]^2//10000 + 2139*X[2]*X[5]*X[6]^2//50000 - 14473*X[2]*X[5]*X[6]//20000 + 69623*X[2]*X[5]//100000 - 42883*X[2]*X[6]^3//500000 - 5801*X[2]*X[6]^2//5000 + 8553*X[2]*X[6]//10000 + 74531*X[2]//100000 + 41459*X[3]^4//100000 - 90687*X[3]^3*X[4]//1000000 - 21791*X[3]^3*X[5]//250000 - 89267*X[3]^3*X[6]//1000000 - 19983*X[3]^3//10000 + 6393*X[3]^2*X[4]^2//12500 + 8197*X[3]^2*X[4]*X[5]//250000 + 32639*X[3]^2*X[4]*X[6]//1000000 - 692*X[3]^2*X[4]//625 + 1279*X[3]^2*X[5]^2//2500 + 32407*X[3]^2*X[5]*X[6]//1000000 - 1419*X[3]^2*X[5]//1250 + 10303*X[3]^2*X[6]^2//20000 - 1419*X[3]^2*X[6]//1250 + 2527*X[3]^2//200 - 97801*X[3]*X[4]^3//1000000 + 4309*X[3]*X[4]^2*X[5]//125000 + 18133*X[3]*X[4]^2*X[6]//500000 - 10503*X[3]*X[4]^2//10000 + 2271*X[3]*X[4]*X[5]^2//62500 - 31461*X[3]*X[4]*X[5]*X[6]//1000000000 - 62919*X[3]*X[4]*X[5]//100000 + 8021*X[3]*X[4]*X[6]^2//200000 - 32843*X[3]*X[4]*X[6]//50000 + 12051*X[3]*X[4]//10000 - 88701*X[3]*X[5]^3//1000000 + 21491*X[3]*X[5]^2*X[6]//500000 - 5511*X[3]*X[5]^2//5000 + 45399*X[3]*X[5]*X[6]^2//1000000 - 72979*X[3]*X[5]*X[6]//100000 + 67147*X[3]*X[5]//100000 - 85343*X[3]*X[6]^3//1000000 - 57*X[3]*X[6]^2//50 + 29037*X[3]*X[6]//50000 + 11597*X[3]//10000 + 5257*X[4]^4//12500 - 9071*X[4]^3*X[5]//100000 - 90659*X[4]^3*X[6]//1000000 - 2021*X[4]^3//1000 + 51169*X[4]^2*X[5]^2//100000 + 17097*X[4]^2*X[5]*X[6]//500000 - 1393*X[4]^2*X[5]//1250 + 51701*X[4]^2*X[6]^2//100000 - 11383*X[4]^2*X[6]//10000 + 2513*X[4]^2//200 - 10721*X[4]*X[5]^3//125000 + 4097*X[4]*X[5]^2*X[6]//100000 - 698*X[4]*X[5]^2//625 + 44341*X[4]*X[5]*X[6]^2//1000000 - 2919*X[4]*X[5]*X[6]//4000 + 54609*X[4]*X[5]//100000 - 10211*X[4]*X[6]^3//125000 - 2901*X[4]*X[6]^2//2500 + 61611*X[4]*X[6]//100000 + 20717*X[4]//100000 + 42589*X[5]^4//100000 - 86141*X[5]^3*X[6]//1000000 - 20411*X[5]^3//10000 + 26063*X[5]^2*X[6]^2//50000 - 11589*X[5]^2*X[6]//10000 + 6293*X[5]^2//500 - 999*X[5]*X[6]^3//12500 - 2409*X[5]*X[6]^2//2000 + 39937*X[5]*X[6]//100000 - 667*X[5]//4000 + 21187*X[6]^4//50000 - 2043*X[6]^3//1000 + 6181*X[6]^2//500 + 5811*X[6]//20000 + 20697//1000
M5 = [1, X[6], X[5], X[4], X[3], X[2], X[1], X[6]^2, X[5]*X[6], X[4]*X[6], X[3]*X[6], X[2]*X[6], X[1]*X[6], X[5]^2, X[4]*X[5], X[3]*X[5], X[2]*X[5], X[1]*X[5], X[4]^2, X[3]*X[4], X[2]*X[4], X[1]*X[4], X[3]^2, X[2]*X[3], X[1]*X[3], X[2]^2, X[1]*X[2], X[1]^2]
Q5 = [20.69656112240946 0.14215151495453296 -0.08954199225036849 0.10941742634303175 0.5779332227221549 0.3773485474824782 -0.15611285474663478 0.8338794542994894 -0.5343837683777678 -0.5179648306015088 -0.5386728501519863 -0.5345402660553804 -0.5084902718636012 0.8760789826618116 -0.5104741959427903 -0.5244840388197605 -0.5318485569771194 -0.5074892628497293 0.8573945396765924 -0.49496924679524934 -0.5277740238506525 -0.49153599309374985 0.8138195792338074 -0.5221299576452945 -0.5126486113080161 0.8385243142904539 -0.5041739306118332 0.8794079492475687;
 0.14215151495453296 10.708206619006253 0.7364504585112237 0.822835178975595 0.8308646112136067 0.9612174771455613 0.8378811945414206 -1.0209888964360285 -0.5536450876386937 -0.5311140329845576 -0.5266204780463364 -0.5195487425113103 -0.5338118408247731 -0.030828945879839347 -0.11232082551649747 -0.0996771459909904 -0.10199221429583473 -0.12128365496210697 -0.023484924757943806 -0.07304178551494321 -0.0893167159097127 -0.09956024834372791 -0.01541839218345742 -0.06968789130893131 -0.0914816611901217 -0.01646837292099491 -0.08649037387428557 -0.02981821961643916;
 -0.08954199225036849 0.7364504585112237 10.84777694754413 0.7875896727121257 0.8541911701433605 0.8811861123050037 0.7399508072637332 -0.048989591261342544 -0.5521975214726417 -0.1069811427023684 -0.09865968471326085 -0.09327481195185362 -0.11179041901383835 -1.0263074857424257 -0.5263797797727264 -0.5194833842543963 -0.5175880289650663 -0.5316958763215709 -0.030031448195237134 -0.06739963146922925 -0.08118282478922527 -0.09124520786930736 -0.025918168842202764 -0.06310974648772505 -0.08424805404394117 -0.020373497263861975 -0.07740161150967007 -0.032461143268091026;
 0.10941742634303175 0.822835178975595 0.7875896727121257 10.867165268776183 1.1018710818394482 0.9083741656611645 0.8403086021368443 -0.051345237510096405 -0.1443499819826298 -0.5393181965231755 -0.11480615442699608 -0.10427837740544132 -0.12562135681861467 -0.0390495142284178 -0.535369025827374 -0.10922094658672875 -0.10474149781135311 -0.1264670850608161 -1.0111678503044634 -0.5012718335149086 -0.5117271707270669 -0.5191452642700519 -0.0369357975508406 -0.07548194600979434 -0.09964322714718343 -0.015948837771389147 -0.08762253661218965 -0.034576734251712885;
 0.5779332227221549 0.8308646112136067 0.8541911701433605 1.1018710818394482 11.022556073326166 1.1730730417661865 0.8542232276369072 -0.03810853717239873 -0.1641855754330057 -0.1413564374640836 -0.5500010763998405 -0.12452205115880001 -0.1428516477089903 -0.028619991529361493 -0.13987350092180356 -0.5426758788063216 -0.12614030298033183 -0.14477642237888041 -0.030049298657997877 -0.5142071993775432 -0.11521002140899395 -0.12339158341638481 -0.9983726498623184 -0.5101305746618708 -0.5298078383957592 -0.01589875285617837 -0.10636244230094763 -0.020101690686757743;
 0.3773485474824782 0.9612174771455613 0.8811861123050037 0.9083741656611645 1.1730730417661865 11.25681229805048 1.032137778337146 -0.057366295525297414 -0.16657374577438777 -0.139118389444329 -0.13337856992013508 -0.5468473644199063 -0.14779522850684848 -0.04151144073122191 -0.13599156111818045 -0.12657616551338416 -0.5455027482968636 -0.14809461141602054 -0.028041370304221477 -0.09488892845630505 -0.5308251036656695 -0.12213379443942686 -0.035144590330194736 -0.5155152064592595 -0.1179040769851729 -1.0115797660726684 -0.5252635479256251 -0.042301787565089274;
 -0.15611285474663478 0.8378811945414206 0.7399508072637332 0.8403086021368443 0.8542232276369072 1.032137778337146 10.804771749535858 -0.060497922928657105 -0.13419726931655232 -0.11136217432416497 -0.10176165157113314 -0.09879377609769811 -0.5345048748877079 -0.044930633413331686 -0.10817915384829771 -0.095424966101097 -0.09809631566104919 -0.5335740640431199 -0.038156600856713546 -0.06909176440046187 -0.08557061552593205 -0.512327317401838 -0.030168028111264688 -0.0660169212881287 -0.5088718166191685 -0.033943318718186274 -0.5000895932177818 -1.020421319105763;
 0.8338794542994894 -1.0209888964360285 -0.048989591261342544 -0.051345237510096405 -0.03810853717239873 -0.057366295525297414 -0.060497922928657105 0.4239743162716622 -0.03973395774258232 -0.04067406787529586 -0.043252007394266274 -0.042737700324014055 -0.039297501215656325 0.03761939381137179 -0.010755014935823379 -0.010780041776248663 -0.008856967455663467 -0.010517724333172633 0.0393522136257488 -0.010273445912749226 -0.007515049453557367 -0.009412985121137344 0.039051268659646525 -0.00838224801805265 -0.009205589053288612 0.040290266883082154 -0.00800155242096375 0.039648047734721956;
 -0.5343837683777678 -0.5536450876386937 -0.5521975214726417 -0.1443499819826298 -0.1641855754330057 -0.16657374577438777 -0.13419726931655232 -0.03973395774258232 0.4475412522575311 0.03287488426092699 0.03261233898661884 0.029941448229566025 0.032896520880527434 -0.042660620369618686 0.03333365714596184 0.03341404936366663 0.030373491807283572 0.033073090692729276 -0.011815629399352781 -0.0020330607352796117 0.0013774952157988094 0.00018565823605949146 -0.011320799406184348 -0.0009394140769488248 0.000600933720184969 -0.012012104166097413 -0.0005599194562886898 -0.01215961414127208;
 -0.5179648306015088 -0.5311140329845576 -0.1069811427023684 -0.5393181965231755 -0.1413564374640836 -0.139118389444329 -0.11136217432416497 -0.04067406787529586 0.03287488426092699 0.43947564106190884 0.029829087895934792 0.028805418199885247 0.03103951275426159 -0.012773019972951157 0.028750197636555397 0.000538718865456114 -0.00034289710433415524 0.0003711913176191408 -0.04602178745905517 0.027344718498364402 0.025425673831338674 0.026845566601578982 -0.009388844215680087 -0.0006311035863474754 0.0013617898253742316 -0.011634055952564245 -0.000969147303552576 -0.010950055033229794;
 -0.5386728501519863 -0.5266204780463364 -0.09865968471326085 -0.11480615442699608 -0.5500010763998405 -0.13337856992013508 -0.10176165157113314 -0.043252007394266274 0.03261233898661884 0.029829087895934792 0.4373891981644144 0.027395775409881664 0.031124613265683516 -0.0119907233559255 0.001494341869888239 0.027495079762413253 0.0012258727895535506 0.0006363949907800799 -0.009238889563009372 0.0256953048634993 0.002711001595458178 0.0012443915783406656 -0.04505540146152357 0.02377715056359455 0.025809057178377566 -0.010002878173223465 0.00020831232899988153 -0.010851827642078773;
 -0.5345402660553804 -0.5195487425113103 -0.09327481195185362 -0.10427837740544132 -0.12452205115880001 -0.5468473644199063 -0.09879377609769811 -0.042737700324014055 0.029941448229566025 0.028805418199885247 0.027395775409881664 0.43530386738772686 0.027506017598399275 -0.01128517349514128 -0.0010345981113857204 -0.0002864587126683438 0.03115746535510393 0.000342295884604284 -0.010312921554899704 -0.0020798980090944628 0.02977412967750933 -0.00030908450622407264 -0.008789807175171483 0.02970504304974068 0.0009230258749460814 -0.043554622609935346 0.028864220142247113 -0.009124827279211462;
 -0.5084902718636012 -0.5338118408247731 -0.11179041901383835 -0.12562135681861467 -0.1428516477089903 -0.14779522850684848 -0.5345048748877079 -0.039297501215656325 0.032896520880527434 0.03103951275426159 0.031124613265683516 0.027506017598399275 0.4411027506727876 -0.013298904298242873 -0.0005568495536430964 -0.00123732871085819 0.00021762357167378994 0.030215049073716332 -0.011040087819102097 -0.002606181403668733 0.0012782318097502598 0.028689160870599015 -0.011065258546418476 -0.0011313382039494987 0.029286540162093266 -0.010629044748232846 0.025988364361184697 -0.04600631354601076;
 0.8760789826618116 -0.030828945879839347 -1.0263074857424257 -0.0390495142284178 -0.028619991529361493 -0.04151144073122191 -0.044930633413331686 0.03761939381137179 -0.042660620369618686 -0.012773019972951157 -0.0119907233559255 -0.01128517349514128 -0.013298904298242873 0.4278623261821136 -0.042284819521428034 -0.04505910702776081 -0.044262801305802645 -0.040756175572609306 0.03928161181992688 -0.01122243221784978 -0.009342421827503616 -0.011426032499832532 0.039519103934845784 -0.009638471904881839 -0.010705973745627225 0.03989192729887366 -0.010214430737433838 0.039015224184217344;
 -0.5104741959427903 -0.11232082551649747 -0.5263797797727264 -0.535369025827374 -0.13987350092180356 -0.13599156111818045 -0.10817915384829771 -0.010755014935823379 0.03333365714596184 0.028750197636555397 0.001494341869888239 -0.0010345981113857204 -0.0005568495536430964 -0.042284819521428034 0.43605069171997457 0.029506045849941504 0.028959510641981455 0.03111605076017033 -0.04477490616627784 0.026313414523659255 0.025276935728328436 0.026968471589843897 -0.008720353884947301 -0.0005390247075473148 0.001372487326667284 -0.011626726184467648 -0.0014115833379664345 -0.011066374032719015;
 -0.5244840388197605 -0.0996771459909904 -0.5194833842543963 -0.10922094658672875 -0.5426758788063216 -0.12657616551338416 -0.095424966101097 -0.010780041776248663 0.03341404936366663 0.000538718865456114 0.027495079762413253 -0.0002864587126683438 -0.00123732871085819 -0.04505910702776081 0.029506045849941504 0.4341846903572152 0.027335246803811 0.031054685746625992 -0.009142164685065667 0.025149766467893173 0.0019623818337632442 0.0003968161495389062 -0.04405485736533981 0.02354444162398556 0.025784503543537143 -0.01013090507863598 -0.0007442886332271833 -0.011152823855289;
 -0.5318485569771194 -0.10199221429583473 -0.5175880289650663 -0.10474149781135311 -0.12614030298033183 -0.5455027482968636 -0.09809631566104919 -0.008856967455663467 0.030373491807283572 -0.00034289710433415524 0.0012258727895535506 0.03115746535510393 0.00021762357167378994 -0.044262801305802645 0.028959510641981455 0.027335246803811 0.4319494061132252 0.027768288230424664 -0.009904032875385806 -0.0014233571262163161 0.029409831032872924 -0.00014157970792267398 -0.008033791730849744 0.028698270437490597 0.0013207658100015433 -0.042286977800939825 0.029101597453617154 -0.009102863411285704;
 -0.5074892628497293 -0.12128365496210697 -0.5316958763215709 -0.1264670850608161 -0.14477642237888041 -0.14809461141602054 -0.5335740640431199 -0.010517724333172633 0.033073090692729276 0.0003711913176191408 0.0006363949907800799 0.000342295884604284 0.030215049073716332 -0.040756175572609306 0.03111605076017033 0.031054685746625992 0.027768288230424664 0.4375481501415278 -0.01057319733822938 -0.0017693034761892337 0.0015531630458863258 0.02840590969706956 -0.010198315446391692 -0.0005764771768163614 0.02840635778861073 -0.01049473489736437 0.025990101336115356 -0.04459344719487336;
 0.8573945396765924 -0.023484924757943806 -0.030031448195237134 -1.0111678503044634 -0.030049298657997877 -0.028041370304221477 -0.038156600856713546 0.0393522136257488 -0.011815629399352781 -0.04602178745905517 -0.009238889563009372 -0.010312921554899704 -0.011040087819102097 0.03928161181992688 -0.04477490616627784 -0.009142164685065667 -0.009904032875385806 -0.01057319733822938 0.42163123114368944 -0.048612713126322864 -0.047115876811953006 -0.04420550122449188 0.04152294807333227 -0.008111435487544663 -0.00821061262003942 0.040054806362528075 -0.009324552555131685 0.040433274026533315;
 -0.49496924679524934 -0.07304178551494321 -0.06739963146922925 -0.5012718335149086 -0.5142071993775432 -0.09488892845630505 -0.06909176440046187 -0.010273445912749226 -0.0020330607352796117 0.027344718498364402 0.0256953048634993 -0.0020798980090944628 -0.002606181403668733 -0.01122243221784978 0.026313414523659255 0.025149766467893173 -0.0014233571262163161 -0.0017693034761892337 -0.048612713126322864 0.4290324910799179 0.022596864423680835 0.025376659484231213 -0.045374794459704555 0.02267264895650534 0.023939759175614115 -0.010143396111552235 -0.0022651781724234545 -0.010508745309838675;
 -0.5277740238506525 -0.0893167159097127 -0.08118282478922527 -0.5117271707270669 -0.11521002140899395 -0.5308251036656695 -0.08557061552593205 -0.007515049453557367 0.0013774952157988094 0.025425673831338674 0.002711001595458178 0.02977412967750933 0.0012782318097502598 -0.009342421827503616 0.025276935728328436 0.0019623818337632442 0.029409831032872924 0.0015531630458863258 -0.047115876811953006 0.022596864423680835 0.4265349443419643 0.023025495833978213 -0.006253408466571463 0.026055267724150715 0.002673529773715374 -0.04325748870623109 0.02758718935920314 -0.007878509703943935;
 -0.49153599309374985 -0.09956024834372791 -0.09124520786930736 -0.5191452642700519 -0.12339158341638481 -0.12213379443942686 -0.512327317401838 -0.009412985121137344 0.00018565823605949146 0.026845566601578982 0.0012443915783406656 -0.00030908450622407264 0.028689160870599015 -0.011426032499832532 0.026968471589843897 0.0003968161495389062 -0.00014157970792267398 0.02840590969706956 -0.04420550122449188 0.025376659484231213 0.023025495833978213 0.43085734460481595 -0.008414814145857964 -0.0004083516012530205 0.02570735661692246 -0.010179560938641292 0.025184192298853623 -0.045500095258449585;
 0.8138195792338074 -0.01541839218345742 -0.025918168842202764 -0.0369357975508406 -0.9983726498623184 -0.035144590330194736 -0.030168028111264688 0.039051268659646525 -0.011320799406184348 -0.009388844215680087 -0.04505540146152357 -0.008789807175171483 -0.011065258546418476 0.039519103934845784 -0.008720353884947301 -0.04405485736533981 -0.008033791730849744 -0.010198315446391692 0.04152294807333227 -0.045374794459704555 -0.006253408466571463 -0.008414814145857964 0.4152326785754244 -0.04678668910314214 -0.043444871635364465 0.041341868383680064 -0.007953738293572777 0.03996406883068069;
 -0.5221299576452945 -0.06968789130893131 -0.06310974648772505 -0.07548194600979434 -0.5101305746618708 -0.5155152064592595 -0.0660169212881287 -0.00838224801805265 -0.0009394140769488248 -0.0006311035863474754 0.02377715056359455 0.02970504304974068 -0.0011313382039494987 -0.009638471904881839 -0.0005390247075473148 0.02354444162398556 0.028698270437490597 -0.0005764771768163614 -0.008111435487544663 0.02267264895650534 0.026055267724150715 -0.0004083516012530205 -0.04678668910314214 0.42582826087604736 0.021522014424329727 -0.04637433316020842 0.027483653327317576 -0.008586743657597165;
 -0.5126486113080161 -0.0914816611901217 -0.08424805404394117 -0.09964322714718343 -0.5298078383957592 -0.1179040769851729 -0.5088718166191685 -0.009205589053288612 0.000600933720184969 0.0013617898253742316 0.025809057178377566 0.0009230258749460814 0.029286540162093266 -0.010705973745627225 0.001372487326667284 0.025784503543537143 0.0013207658100015433 0.02840635778861073 -0.00821061262003942 0.023939759175614115 0.002673529773715374 0.02570735661692246 -0.043444871635364465 0.021522014424329727 0.42946695195281503 -0.008682684090981822 0.02380494830931179 -0.048092281752104525;
 0.8385243142904539 -0.01646837292099491 -0.020373497263861975 -0.015948837771389147 -0.01589875285617837 -1.0115797660726684 -0.033943318718186274 0.040290266883082154 -0.012012104166097413 -0.011634055952564245 -0.010002878173223465 -0.043554622609935346 -0.010629044748232846 0.03989192729887366 -0.011626726184467648 -0.01013090507863598 -0.042286977800939825 -0.01049473489736437 0.040054806362528075 -0.010143396111552235 -0.04325748870623109 -0.010179560938641292 0.041341868383680064 -0.04637433316020842 -0.008682684090981822 0.42198747880386 -0.04208633526677183 0.04154811503174735;
 -0.5041739306118332 -0.08649037387428557 -0.07740161150967007 -0.08762253661218965 -0.10636244230094763 -0.5252635479256251 -0.5000895932177818 -0.00800155242096375 -0.0005599194562886898 -0.000969147303552576 0.00020831232899988153 0.028864220142247113 0.025988364361184697 -0.010214430737433838 -0.0014115833379664345 -0.0007442886332271833 0.029101597453617154 0.025990101336115356 -0.009324552555131685 -0.0022651781724234545 0.02758718935920314 0.025184192298853623 -0.007953738293572777 0.027483653327317576 0.02380494830931179 -0.04208633526677183 0.4276557031221957 -0.04743733488682262;
 0.8794079492475687 -0.02981821961643916 -0.032461143268091026 -0.034576734251712885 -0.020101690686757743 -0.042301787565089274 -1.020421319105763 0.039648047734721956 -0.01215961414127208 -0.010950055033229794 -0.010851827642078773 -0.009124827279211462 -0.04600631354601076 0.039015224184217344 -0.011066374032719015 -0.011152823855289 -0.009102863411285704 -0.04459344719487336 0.040433274026533315 -0.010508745309838675 -0.007878509703943935 -0.045500095258449585 0.03996406883068069 -0.008586743657597165 -0.048092281752104525 0.04154811503174735 -0.04743733488682262 0.42599589885847516;
]
solve(n, X, P5, Q5, M5, true)
## Multiplier-1
P6 = 213*X[1]^2//500 - 189*X[1]*X[2]//2000 - 481*X[1]*X[3]//5000 - 57*X[1]*X[4]//625 - 89*X[1]*X[5]//1000 - 459*X[1]*X[6]//5000 + 279*X[1]//500 + 127*X[2]^2//500 + 151*X[2]*X[3]//5000 + 69*X[2]*X[4]//2000 + 339*X[2]*X[5]//10000 + 21*X[2]*X[6]//625 - 239*X[2]//2500 + 257*X[3]^2//1000 + 307*X[3]*X[4]//10000 + 173*X[3]*X[5]//5000 + 367*X[3]*X[6]//10000 - 103*X[3]//1000 + 257*X[4]^2//1000 + 347*X[4]*X[5]//10000 + 353*X[4]*X[6]//10000 - 469*X[4]//5000 + 32*X[5]^2//125 + 9*X[5]*X[6]//250 - 921*X[5]//10000 + 259*X[6]^2//1000 - 481*X[6]//5000 + 297//1000
M6 = [1, X[6], X[5], X[4], X[3], X[2], X[1]]
Q6 = [0.29709137755894605 -0.04812278603961835 -0.0460235460813842 -0.04691479041463052 -0.05129951177425646 -0.04794341019013461 0.2788661520996333;
 -0.04812278603961835 0.25914021363063705 0.01805543493261054 0.01773910583739416 0.01843471251995681 0.01686353708196668 -0.046006313545848436;
 -0.0460235460813842 0.01805543493261054 0.25589607482271004 0.017339535664388235 0.017253533933349767 0.016887237924897824 -0.04459344719482314;
 -0.04691479041463052 0.01773910583739416 0.017339535664388235 0.2567927942525676 0.015198611307108936 0.017305682594858644 -0.04550009525857127;
 -0.05129951177425646 0.01843471251995681 0.017253533933349767 0.015198611307108936 0.25659609889829066 0.015218204651672394 -0.048092281752129165;
 -0.04794341019013461 0.01686353708196668 0.016887237924897824 0.017305682594858644 0.015218204651672394 0.2537631721584411 -0.047437334886836414;
 0.2788661520996333 -0.046006313545848436 -0.04459344719482314 -0.04550009525857127 -0.048092281752129165 -0.047437334886836414 0.42599589885857264;
]
solve(n, X, P6, Q6, M6, true)
# unsafe
## Multiplier-6
P7 = 39*X[1]^2//1000 + 161*X[1]*X[2]//10000 + 167*X[1]*X[3]//10000 + 3*X[1]*X[4]//200 + 37*X[1]*X[5]//2500 - 17*X[1]*X[6]//10000 - 27*X[1]//2500 + 211*X[2]^2//5000 + 49*X[2]*X[3]//2500 + 21*X[2]*X[4]//1250 + 157*X[2]*X[5]//10000 + 399*X[2]*X[6]//100000 - 7*X[2]//1250 + 423*X[3]^2//10000 + 87*X[3]*X[4]//5000 + 163*X[3]*X[5]//10000 + 69*X[3]*X[6]//12500 - 53*X[3]//10000 + 201*X[4]^2//5000 + 149*X[4]*X[5]//10000 + 117*X[4]*X[6]//50000 - 47*X[4]//5000 + 99*X[5]^2//2500 + 719*X[5]*X[6]//1000000 - 123*X[5]//10000 + 659*X[6]^2//10000 + 791*X[6]//10000 + 49//1000
M7 = [1, X[6], X[5], X[4], X[3], X[2], X[1]]
Q7 = [0.04898016042294545 0.03951246447545797 -0.006101130535105182 -0.0046929769104641405 -0.0026459818577282525 -0.002788875466067153 -0.005377636376999183;
 0.03951246447545797 0.06624300583990192 0.0004455099388939162 0.0012477051298512723 0.002824768157147286 0.0020510872127008674 -0.0007825616340170968;
 -0.006101130535105182 0.0004455099388939162 0.03990021917014019 0.007483552897992376 0.008212434399989525 0.007900951193752592 0.007444961211612073;
 -0.0046929769104641405 0.0012477051298512723 0.007483552897992376 0.04040664406994263 0.008726577059090747 0.008455544328583416 0.007551676121169349;
 -0.0026459818577282525 0.002824768157147286 0.008212434399989525 0.008726577059090747 0.04210203188424137 0.009790989494613598 0.00832610128823563;
 -0.002788875466067153 0.0020510872127008674 0.007900951193752592 0.008455544328583416 0.009790989494613598 0.041786800339221226 0.00800523143247311;
 -0.005377636376999183 -0.0007825616340170968 0.007444961211612073 0.007551676121169349 0.00832610128823563 0.00800523143247311 0.039227051434151776;
]
solve(n, X, P7, Q7, M7, true)
## Multiplier-4
P8 = 19*X[1]^2//500 + 49*X[1]*X[2]//10000 + 2*X[1]*X[3]//625 - 133*X[1]*X[4]//10000 + 363*X[1]*X[5]//100000 + X[1]*X[6]//400 - 11*X[1]//1000 + 19*X[2]^2//500 + X[2]*X[3]//200 - 729*X[2]*X[4]//100000 + 3*X[2]*X[5]//800 + 2*X[2]*X[6]//625 - 13*X[2]//2500 + 19*X[3]^2//500 - 89*X[3]*X[4]//10000 + 87*X[3]*X[5]//50000 + 13*X[3]*X[6]//10000 - 51*X[3]//10000 + 339*X[4]^2//5000 - 23*X[4]*X[5]//2000 - 27*X[4]*X[6]//2500 + 899*X[4]//10000 + 377*X[5]^2//10000 + 131*X[5]*X[6]//100000 - 121*X[5]//10000 + 9*X[6]^2//250 - 11*X[6]//1000 + 11//200
M8 = [1, X[6], X[5], X[4], X[3], X[2], X[1]]
Q8 = [0.055204576913301995 -0.005277258174605634 -0.006080847328108425 0.0451197898549078 -0.002555262707207012 -0.0026176271114526886 -0.005386329070162856;
 -0.005277258174605634 0.03688773388073378 0.0006709975036662335 -0.0053924853185431665 0.0006449768027565986 0.0015887859286480453 0.0012700838246393722;
 -0.006080847328108425 0.0006709975036662335 0.0373504319166822 -0.005796760166683331 0.0008869292591276633 0.0018581559984077382 0.0018156548279335695;
 0.0451197898549078 -0.0053924853185431665 -0.005796760166683331 0.06772926208646993 -0.004460934338717393 -0.003674395784092436 -0.006616823977747173;
 -0.002555262707207012 0.0006449768027565986 0.0008869292591276633 -0.004460934338717393 0.03791591716979538 0.002440718014198242 0.0015919750280625495;
 -0.0026176271114526886 0.0015887859286480453 0.0018581559984077382 -0.003674395784092436 0.002440718014198242 0.03880104175993858 0.002472263695086623;
 -0.005386329070162856 0.0012700838246393722 0.0018156548279335695 -0.006616823977747173 0.0015919750280625495 0.002472263695086623 0.0374248891966564;
]
solve(n, X, P8, Q8, M8, true)
## Multiplier-5
P9 = X[1]^2//25 + 7*X[1]*X[2]//500 + 27*X[1]*X[3]//2000 + 63*X[1]*X[4]//5000 - 467*X[1]*X[5]//100000 + 119*X[1]*X[6]//10000 - 19*X[1]//2000 + 421*X[2]^2//10000 + 33*X[2]*X[3]//2000 + 9*X[2]*X[4]//625 + 619*X[2]*X[5]//1000000 + 67*X[2]*X[6]//5000 - 21*X[2]//5000 + 419*X[3]^2//10000 + 137*X[3]*X[4]//10000 + 977*X[3]*X[5]//1000000 + 129*X[3]*X[6]//10000 - 19*X[3]//5000 + 403*X[4]^2//10000 - 113*X[4]*X[5]//100000 + 59*X[4]*X[6]//5000 - 81*X[4]//10000 + 657*X[5]^2//10000 - 17*X[5]*X[6]//12500 + 827*X[5]//10000 + X[6]^2//25 - 93*X[6]//10000 + 51//1000
M9 = [1, X[6], X[5], X[4], X[3], X[2], X[1]]
Q9 = [0.05073268771820989 -0.004603149988894643 0.04108396132157796 -0.004027728367009163 -0.0018742262851212717 -0.0020910393843452564 -0.004702993515281885;
 -0.004603149988894643 0.04000849145336118 -0.0006971795268577232 0.005863813642613506 0.006366055380584768 0.00665436478293172 0.005876940211343029;
 0.04108396132157796 -0.0006971795268577232 0.06578846701416365 -0.0005431186745429235 0.0005021748274996276 0.00031069986666440626 -0.0022828137136111527;
 -0.004027728367009163 0.005863813642613506 -0.0005431186745429235 0.04057468091845573 0.0069011464701326936 0.007278679332809467 0.006304394642113052;
 -0.0018742262851212717 0.006366055380584768 0.0005021748274996276 0.0069011464701326936 0.04198745299419468 0.00827435771263359 0.006749927696711964;
 -0.0020910393843452564 0.00665436478293172 0.00031069986666440626 0.007278679332809467 0.00827435771263359 0.04252859144411672 0.007065670553315412;
 -0.004702993515281885 0.005876940211343029 -0.0022828137136111527 0.006304394642113052 0.006749927696711964 0.007065670553315412 0.03965108375712405;
]
solve(n, X, P9, Q9, M9, true)
## Multiplier-3
P10 = X[1]^2//25 + 9*X[1]*X[2]//2000 - 69*X[1]*X[3]//5000 + 21*X[1]*X[4]//5000 + 103*X[1]*X[5]//25000 + 33*X[1]*X[6]//10000 - 11*X[1]//1000 + X[2]^2//25 - 813*X[2]*X[3]//100000 + 39*X[2]*X[4]//10000 + 77*X[2]*X[5]//25000 + 7*X[2]*X[6]//2500 - 57*X[2]//10000 + 763*X[3]^2//10000 - X[3]*X[4]//100 - 61*X[3]*X[5]//5000 - 53*X[3]*X[6]//5000 + 101*X[3]//1000 + X[4]^2//25 + 273*X[4]*X[5]//100000 + 21*X[4]*X[6]//10000 - 93*X[4]//10000 + 99*X[5]^2//2500 + 73*X[5]*X[6]//50000 - 61*X[5]//5000 + 19*X[6]^2//500 - X[6]//100 + 61//1000
M10 = [1, X[6], X[5], X[4], X[3], X[2], X[1]]
Q10 = [0.06066028647797361 -0.004987852603905666 -0.006083530307856231 -0.004639933188158734 0.050476332898828774 -0.002829936631061225 -0.005613737455921799;
