include("utils/util.jl")
include("utils/newtonUpdate.jl")
include("utils/rationalSOS.jl")

X = nothing
eig_tol = 1e-4
tol = 1e-50


SOS_time = 0
Newton_time = 0
function solve(n, X, f, Q, mono,newton)
    global SOS_time, Newton_time
    Q = round.(Q, digits=2)
    rQ = symplify_rational.(Q)

    model = nothing
    if !newton
        model = rational_SOS(f, 1, 0, mono, rQ)
    else
        Newton_time+=@elapsed update_Q = newton_refine_update(f, mono, Q, eig_tol, 90, tol, X)
        Q_res = symplify_rational.(update_Q*update_Q')
        SOS_time+=@elapsed model = rational_SOS(f, 1, 0, mono, Q_res)
    end
    
    SOSrational_time, coeffs, terms = model[2:end]
    
    @show expand(f-(coeffs' * terms.^2))

    data = Dict(
        "n" => n,
        "expression" => f,
        "coeff" => join([string(c) for c in coeffs], ","),
        "term" => join([string(t) for t in terms], ","),
        "SOSrational_time" => SOSrational_time,
        "SOS_expression" => string(coeffs' * terms.^2)
    )

    # save("src/output/data.json", data)    
end

n = 6
@Symbolics.variables X[1:n]
#C16
# init
## Multiplier-6
P0 = 79*X[1]^2//250 + 479*X[1]*X[2]//10000 + 267*X[1]*X[3]//5000 + 53*X[1]*X[4]//1000 + 277*X[1]*X[5]//5000 - 231*X[1]*X[6]//2500 - 21*X[1]//200 + 311*X[2]^2//1000 + 471*X[2]*X[3]//10000 + 537*X[2]*X[4]//10000 + 269*X[2]*X[5]//5000 - 101*X[2]*X[6]//1000 - 57*X[2]//500 + 79*X[3]^2//250 + 253*X[3]*X[4]//5000 + 139*X[3]*X[5]//2500 - 107*X[3]*X[6]//1000 - 131*X[3]//1000 + 317*X[4]^2//1000 + 279*X[4]*X[5]//5000 - 487*X[4]*X[6]//5000 - 57*X[4]//500 + 79*X[5]^2//250 - 191*X[5]*X[6]//2000 - 14*X[5]//125 + 127*X[6]^2//250 + 163*X[6]//250 + 353//1000
M0 = [1, X[6], X[5], X[4], X[3], X[2], X[1]]
Q0 = [0.3533541319903321 0.3266558919262246 -0.056325223821092694 -0.05724111507961481 -0.06557437224251882 -0.0567674899318959 -0.05237212256541692;
 0.3266558919262246 0.5094275310410137 -0.04799335224848828 -0.04884355369578294 -0.05358020900643992 -0.0505488734484794 -0.046437605766064954;
 -0.056325223821092694 -0.04799335224848828 0.31578989862153667 0.027804098401773142 0.027797062843154995 0.027004983276523675 0.02761052127533213;
 -0.05724111507961481 -0.04884355369578294 0.027804098401773142 0.3165581908315764 0.025217680489518734 0.02693147696784008 0.026582735296633592;
 -0.06557437224251882 -0.05358020900643992 0.027797062843154995 0.025217680489518734 0.31642906564239703 0.023401686624844754 0.026877279847471888;
 -0.0567674899318959 -0.0505488734484794 0.027004983276523675 0.02693147696784008 0.023401686624844754 0.31102042895912585 0.02386920362145918;
 -0.05237212256541692 -0.046437605766064954 0.02761052127533213 0.026582735296633592 0.026877279847471888 0.02386920362145918 0.31586001240939676;
]
solve(n, X, P0, Q0, M0, true)
## Multiplier-4
P1 = 309*X[1]^2//1000 + 349*X[1]*X[2]//10000 + 439*X[1]*X[3]//10000 - 13*X[1]*X[4]//125 + 213*X[1]*X[5]//5000 + 207*X[1]*X[6]//5000 - 21*X[1]//200 + 61*X[2]^2//200 + 369*X[2]*X[3]//10000 - 111*X[2]*X[4]//1000 + 41*X[2]*X[5]//1000 + 393*X[2]*X[6]//10000 - 57*X[2]//500 + 313*X[3]^2//1000 - 3*X[3]*X[4]//25 + 231*X[3]*X[5]//5000 + 63*X[3]*X[6]//1250 - 13*X[3]//100 + 51*X[4]^2//100 - 107*X[4]*X[5]//1000 - 14*X[4]*X[6]//125 + 333*X[4]//500 + 309*X[5]^2//1000 + 89*X[5]*X[6]//2000 - 113*X[5]//1000 + 313*X[6]^2//1000 - 121*X[6]//1000 + 359//1000
M1 = [1, X[6], X[5], X[4], X[3], X[2], X[1]]
Q1 = [0.3586868829772104 -0.060491800808183394 -0.05632030018065428 0.332767692584568 -0.06498395997335318 -0.05720075399572776 -0.05244740715200529;
 -0.060491800808183394 0.3136127458289667 0.022180385770879118 -0.05573610678552303 0.025136725793403415 0.019669121225821908 0.020569124527004837;
 -0.05632030018065428 0.022180385770879118 0.309350832275793 -0.05355748828989312 0.022997338002788328 0.020570790576959996 0.021187899107292962;
 0.332767692584568 -0.05573610678552303 -0.05355748828989312 0.5095871953090646 -0.0598846114098099 -0.05543753814469559 -0.05183963727315535;
 -0.06498395997335318 0.025136725793403415 0.022997338002788328 -0.0598846114098099 0.3133070492108135 0.01855614229359364 0.022099503090291087;
 -0.05720075399572776 0.019669121225821908 0.020570790576959996 -0.05543753814469559 0.01855614229359364 0.30462822832339453 0.017444874656333268;
 -0.05244740715200529 0.020569124527004837 0.021187899107292962 -0.05183963727315535 0.022099503090291087 0.017444874656333268 0.30940982350713725;
]
solve(n, X, P1, Q1, M1, true)
## Multiplier-5
P2 = 313*X[1]^2//1000 + 203*X[1]*X[2]//5000 + 61*X[1]*X[3]//1250 + 93*X[1]*X[4]//2000 - 491*X[1]*X[5]//5000 + 47*X[1]*X[6]//1000 - 107*X[1]//1000 + 309*X[2]^2//1000 + 419*X[2]*X[3]//10000 + 473*X[2]*X[4]//10000 - 107*X[2]*X[5]//1000 + 91*X[2]*X[6]//2000 - 29*X[2]//250 + 79*X[3]^2//250 + 461*X[3]*X[4]//10000 - 57*X[3]*X[5]//500 + 551*X[3]*X[6]//10000 - 133*X[3]//1000 + 157*X[4]^2//500 - 13*X[4]*X[5]//125 + 63*X[4]*X[6]//1250 - 29*X[4]//250 + 129*X[5]^2//250 - 53*X[5]*X[6]//500 + 673*X[5]//1000 + 317*X[6]^2//1000 - 123*X[6]//1000 + 91//250
M2 = [1, X[6], X[5], X[4], X[3], X[2], X[1]]
Q2 = [0.3644158136951983 -0.061659925499323934 0.3369129583865102 -0.058384911506013104 -0.06665483470782373 -0.05828530828089844 -0.05363271430711983;
 -0.061659925499323934 0.31789976407713993 -0.05341605044061888 0.02533699347830211 0.027628250907739366 0.022888553890981315 0.023636610492399502;
 0.3369129583865102 -0.05341605044061888 0.5151712625025023 -0.05198517540664933 -0.05722672869557222 -0.05335046607584871 -0.049248089352148895;
 -0.058384911506013104 0.02533699347830211 -0.05198517540664933 0.31462673222487847 0.023021063046339846 0.023809386978801524 0.023339578981797598;
 -0.06665483470782373 0.027628250907739366 -0.05722672869557222 0.023021063046339846 0.31579768066823527 0.020981589365128183 0.02432718327595939;
 -0.05828530828089844 0.022888553890981315 -0.05335046607584871 0.023809386978801524 0.020981589365128183 0.3085807105663263 0.020407653444752066;
 -0.05363271430711983 0.023636610492399502 -0.049248089352148895 0.023339578981797598 0.02432718327595939 0.020407653444752066 0.31311039739997076;
]
solve(n, X, P2, Q2, M2, true)
## Multiplier-3
P3 = 153*X[1]^2//500 + 171*X[1]*X[2]//5000 - 101*X[1]*X[3]//1000 + 391*X[1]*X[4]//10000 + 39*X[1]*X[5]//1000 + 93*X[1]*X[6]//2500 - 997*X[1]//10000 + 61*X[2]^2//200 - 11*X[2]*X[3]//100 + 211*X[2]*X[4]//5000 + 409*X[2]*X[5]//10000 + 19*X[2]*X[6]//500 - 27*X[2]//250 + 249*X[3]^2//500 - 107*X[3]*X[4]//1000 - 21*X[3]*X[5]//200 - 107*X[3]*X[6]//1000 + 16*X[3]//25 + 31*X[4]^2//100 + 417*X[4]*X[5]//10000 + 417*X[4]*X[6]//10000 - 109*X[4]//1000 + 307*X[5]^2//1000 + 51*X[5]*X[6]//1250 - 107*X[5]//1000 + 31*X[6]^2//100 - 29*X[6]//250 + 43//125
M3 = [1, X[6], X[5], X[4], X[3], X[2], X[1]]
Q3 = [0.34448439056338886 -0.05804279228115816 -0.05374842491498745 -0.05433229338295579 0.32037841725066785 -0.053974734814016705 -0.05007399167058403;
 -0.05804279228115816 0.3098800139638478 0.02040331245898136 0.02094777812390389 -0.05382067729391621 0.01898547562598403 0.01849762137096922;
 -0.05374842491498745 0.02040331245898136 0.30660907349944644 0.020940899604180205 -0.052219988294295853 0.02041231135693229 0.01960886101261583;
 -0.05433229338295579 0.02094777812390389 0.020940899604180205 0.3093701853840514 -0.053621532696027374 0.021192291749366234 0.019429943602790226;
 0.32037841725066785 -0.05382067729391621 -0.052219988294295853 -0.053621532696027374 0.49790421089186765 -0.054857144054018175 -0.050649451677196304;
 -0.053974734814016705 0.01898547562598403 0.02041231135693229 0.021192291749366234 -0.054857144054018175 0.3044204840901728 0.017029287399010235;
 -0.05007399167058403 0.01849762137096922 0.01960886101261583 0.019429943602790226 -0.050649451677196304 0.017029287399010235 0.30616638030730964;
]
solve(n, X, P3, Q3, M3, true)
## Multiplier-2
P4 = 31*X[1]^2//100 - 103*X[1]*X[2]//1000 + 113*X[1]*X[3]//2500 + 409*X[1]*X[4]//10000 + 433*X[1]*X[5]//10000 + 109*X[1]*X[6]//2500 - 51*X[1]//500 + 511*X[2]^2//1000 - 119*X[2]*X[3]//1000 - 107*X[2]*X[4]//1000 - 21*X[2]*X[5]//200 - 11*X[2]*X[6]//100 + 671*X[2]//1000 + 313*X[3]^2//1000 + 401*X[3]*X[4]//10000 + 461*X[3]*X[5]//10000 + 257*X[3]*X[6]//5000 - 127*X[3]//1000 + 309*X[4]^2//1000 + 53*X[4]*X[5]//1250 + 447*X[4]*X[6]//10000 - 14*X[4]//125 + 309*X[5]^2//1000 + 91*X[5]*X[6]//2000 - 11*X[5]//100 + 63*X[6]^2//200 - 59*X[6]//500 + 9//25
M4 = [1, X[6], X[5], X[4], X[3], X[2], X[1]]
Q4 = [0.35988088261315937 -0.059086128427474044 -0.055204619230612186 -0.05623271305284956 -0.063736896162011 0.33549613618909263 -0.05098867254494575;
 -0.059086128427474044 0.31446736582425705 0.022837597246783657 0.02227523657739631 0.025689166701846282 -0.05496600410405697 0.021639643567733517;
 -0.055204619230612186 0.022837597246783657 0.30872744876748615 0.021100381948838128 0.022913144811356895 -0.05263030571185414 0.021581460168568736;
 -0.05623271305284956 0.02227523657739631 0.021100381948838128 0.30913558107280553 0.020096910470229813 -0.05360840605389302 0.02030125504466618;
 -0.063736896162011 0.025689166701846282 0.022913144811356895 0.020096910470229813 0.3128910690538082 -0.059541094660964966 0.02246336786409657;
 0.33549613618909263 -0.05496600410405697 -0.05263030571185414 -0.05360840605389302 -0.059541094660964966 0.5104209810746695 -0.05148669723292002;
 -0.05098867254494575 0.021639643567733517 0.021581460168568736 0.02030125504466618 0.02246336786409657 -0.05148669723292002 0.3099068019692179;
]
solve(n, X, P4, Q4, M4, true)
## Total Decomposition
P5 = 51703*X[1]^4//100000 - 5731*X[1]^3*X[2]//50000 - 6137*X[1]^3*X[3]//50000 - 11179*X[1]^3*X[4]//100000 - 2761*X[1]^3*X[5]//25000 - 11439*X[1]^3*X[6]//100000 - 24733*X[1]^3//10000 + 15371*X[1]^2*X[2]^2//25000 + 9403*X[1]^2*X[2]*X[3]//250000 + 643*X[1]^2*X[2]*X[4]//15625 + 8693*X[1]^2*X[2]*X[5]//200000 + 9763*X[1]^2*X[2]*X[6]//250000 - 3237*X[1]^2*X[2]//2500 + 61751*X[1]^2*X[3]^2//100000 + 7289*X[1]^2*X[3]*X[4]//200000 + 44399*X[1]^2*X[3]*X[5]//1000000 + 23529*X[1]^2*X[3]*X[6]//500000 - 2491*X[1]^2*X[3]//2000 + 62161*X[1]^2*X[4]^2//100000 + 43129*X[1]^2*X[4]*X[5]//1000000 + 5527*X[1]^2*X[4]*X[6]//125000 - 13183*X[1]^2*X[4]//10000 + 12493*X[1]^2*X[5]^2//20000 + 20789*X[1]^2*X[5]*X[6]//500000 - 1361*X[1]^2*X[5]//1000 + 3943*X[1]^2*X[6]^2//6250 - 13561*X[1]^2*X[6]//10000 + 15231*X[1]^2//1000 - 10349*X[1]*X[2]^3//100000 + 4723*X[1]*X[2]^2*X[3]//100000 + 41237*X[1]*X[2]^2*X[4]//1000000 + 11167*X[1]*X[2]^2*X[5]//250000 + 42339*X[1]*X[2]^2*X[6]//1000000 - 13389*X[1]*X[2]^2//10000 + 34323*X[1]*X[2]*X[3]^2//1000000 - 11867*X[1]*X[2]*X[3]*X[4]//10000000 + 21513*X[1]*X[2]*X[3]*X[5]//10000000 - 79907*X[1]*X[2]*X[3]*X[6]//100000000 - 36583*X[1]*X[2]*X[3]//50000 + 35399*X[1]*X[2]*X[4]^2//1000000 + 66113*X[1]*X[2]*X[4]*X[5]//100000000 - 24803*X[1]*X[2]*X[4]*X[6]//50000000 - 17873*X[1]*X[2]*X[4]//25000 + 5113*X[1]*X[2]*X[5]^2//125000 - 5021*X[1]*X[2]*X[5]*X[6]//20000000 - 78271*X[1]*X[2]*X[5]//100000 + 9459*X[1]*X[2]*X[6]^2//200000 - 9811*X[1]*X[2]*X[6]//12500 + 13781*X[1]*X[2]//10000 - 2023*X[1]*X[3]^3//20000 + 38791*X[1]*X[3]^2*X[4]//1000000 + 39227*X[1]*X[3]^2*X[5]//1000000 + 38001*X[1]*X[3]^2*X[6]//1000000 - 172*X[1]*X[3]^2//125 + 45159*X[1]*X[3]*X[4]^2//1000000 + 16497*X[1]*X[3]*X[4]*X[5]//50000000 + 37899*X[1]*X[3]*X[4]*X[6]//100000000 - 1481*X[1]*X[3]*X[4]//2000 + 25471*X[1]*X[3]*X[5]^2//500000 + 9421*X[1]*X[3]*X[5]*X[6]//5000000 - 821*X[1]*X[3]*X[5]//1000 + 27629*X[1]*X[3]*X[6]^2//500000 - 42991*X[1]*X[3]*X[6]//50000 + 9729*X[1]*X[3]//10000 - 409*X[1]*X[4]^3//4000 + 5403*X[1]*X[4]^2*X[5]//125000 + 10443*X[1]*X[4]^2*X[6]//250000 - 3457*X[1]*X[4]^2//2500 + 2889*X[1]*X[4]*X[5]^2//62500 + 813*X[1]*X[4]*X[5]*X[6]//3125000 - 20167*X[1]*X[4]*X[5]//25000 + 53963*X[1]*X[4]*X[6]^2//1000000 - 1707*X[1]*X[4]*X[6]//2000 + 2771*X[1]*X[4]//3125 - 49363*X[1]*X[5]^3//500000 + 48023*X[1]*X[5]^2*X[6]//1000000 - 13983*X[1]*X[5]^2//10000 + 6813*X[1]*X[5]*X[6]^2//125000 - 10989*X[1]*X[5]*X[6]//12500 + 29623*X[1]*X[5]//50000 - 11651*X[1]*X[6]^3//125000 - 14471*X[1]*X[6]^2//10000 + 8363*X[1]*X[6]//10000 - 3771*X[1]//12500 + 6397*X[2]^4//12500 - 11861*X[2]^3*X[3]//100000 - 5297*X[2]^3*X[4]//50000 - 5183*X[2]^3*X[5]//50000 - 2207*X[2]^3*X[6]//20000 - 4909*X[2]^3//2000 + 61503*X[2]^2*X[3]^2//100000 + 5069*X[2]^2*X[3]*X[4]//125000 + 2913*X[2]^2*X[3]*X[5]//62500 + 48599*X[2]^2*X[3]*X[6]//1000000 - 12523*X[2]^2*X[3]//10000 + 61667*X[2]^2*X[4]^2//100000 + 9067*X[2]^2*X[4]*X[5]//200000 + 738*X[2]^2*X[4]*X[6]//15625 - 2669*X[2]^2*X[4]//2000 + 61581*X[2]^2*X[5]^2//100000 + 44727*X[2]^2*X[5]*X[6]//1000000 - 13549*X[2]^2*X[5]//10000 + 62483*X[2]^2*X[6]^2//100000 - 3331*X[2]^2*X[6]//2500 + 15711*X[2]^2//1000 - 68*X[2]*X[3]^3//625 + 20453*X[2]*X[3]^2*X[4]//500000 + 39447*X[2]*X[3]^2*X[5]//1000000 + 36937*X[2]*X[3]^2*X[6]//1000000 - 13367*X[2]*X[3]^2//10000 + 3771*X[2]*X[3]*X[4]^2//100000 - 1019*X[2]*X[3]*X[4]*X[5]//1000000 + 63957*X[2]*X[3]*X[4]*X[6]//100000000 - 72269*X[2]*X[3]*X[4]//100000 + 42671*X[2]*X[3]*X[5]^2//1000000 - 1199*X[2]*X[3]*X[5]*X[6]//6250000 - 15681*X[2]*X[3]*X[5]//20000 + 46387*X[2]*X[3]*X[6]^2//1000000 - 80709*X[2]*X[3]*X[6]//100000 + 18509*X[2]*X[3]//10000 - 2227*X[2]*X[4]^3//20000 + 67*X[2]*X[4]^2*X[5]//1600 + 10157*X[2]*X[4]^2*X[6]//250000 - 13313*X[2]*X[4]^2//10000 + 45261*X[2]*X[4]*X[5]^2//1000000 + 1407*X[2]*X[4]*X[5]*X[6]//1000000 - 3989*X[2]*X[4]*X[5]//5000 + 13689*X[2]*X[4]*X[6]^2//250000 - 21317*X[2]*X[4]*X[6]//25000 + 44803*X[2]*X[4]//50000 - 10753*X[2]*X[5]^3//100000 + 45761*X[2]*X[5]^2*X[6]//1000000 - 13359*X[2]*X[5]^2//10000 + 55779*X[2]*X[5]*X[6]^2//1000000 - 44427*X[2]*X[5]*X[6]//50000 + 19537*X[2]*X[5]//25000 - 10039*X[2]*X[6]^3//100000 - 14249*X[2]*X[6]^2//10000 + 2809*X[2]*X[6]//2500 + 1059*X[2]//1000 + 12453*X[3]^4//25000 - 5361*X[3]^3*X[4]//50000 - 1033*X[3]^3*X[5]//10000 - 5397*X[3]^3*X[6]//50000 - 2403*X[3]^3//1000 + 31203*X[3]^2*X[4]^2//50000 + 10723*X[3]^2*X[4]*X[5]//250000 + 43231*X[3]^2*X[4]*X[6]//1000000 - 13673*X[3]^2*X[4]//10000 + 62227*X[3]^2*X[5]^2//100000 + 42701*X[3]^2*X[5]*X[6]//1000000 - 14007*X[3]^2*X[5]//10000 + 62537*X[3]^2*X[6]^2//100000 - 3481*X[3]^2*X[6]//2500 + 15363*X[3]^2//1000 - 5953*X[3]*X[4]^3//50000 + 24333*X[3]*X[4]^2*X[5]//500000 + 50409*X[3]*X[4]^2*X[6]//1000000 - 813*X[3]*X[4]^2//625 + 44927*X[3]*X[4]*X[5]^2//1000000 + 12241*X[3]*X[4]*X[5]*X[6]//10000000 - 40911*X[3]*X[4]*X[5]//50000 + 52233*X[3]*X[4]*X[6]^2//1000000 - 88393*X[3]*X[4]*X[6]//100000 + 14587*X[3]*X[4]//10000 - 5663*X[3]*X[5]^3//50000 + 55617*X[3]*X[5]^2*X[6]//1000000 - 13139*X[3]*X[5]^2//10000 + 3701*X[3]*X[5]*X[6]^2//62500 - 18959*X[3]*X[5]*X[6]//20000 + 83447*X[3]*X[5]//100000 - 1089*X[3]*X[6]^3//10000 - 13589*X[3]*X[6]^2//10000 + 60947*X[3]*X[6]//100000 + 24719*X[3]//10000 + 25429*X[4]^4//50000 - 10517*X[4]^3*X[5]//100000 - 2789*X[4]^3*X[6]//25000 - 24353*X[4]^3//10000 + 31159*X[4]^2*X[5]^2//50000 + 44261*X[4]^2*X[5]*X[6]//1000000 - 559*X[4]^2*X[5]//400 + 62803*X[4]^2*X[6]^2//100000 - 13663*X[4]^2*X[6]//10000 + 15191*X[4]^2//1000 - 5221*X[4]*X[5]^3//50000 + 10227*X[4]*X[5]^2*X[6]//200000 - 3383*X[4]*X[5]^2//2500 + 57111*X[4]*X[5]*X[6]^2//1000000 - 46337*X[4]*X[5]*X[6]//50000 + 66959*X[4]*X[5]//100000 - 96537*X[4]*X[6]^3//1000000 - 7169*X[4]*X[6]^2//5000 + 701*X[4]*X[6]//1000 + 65569*X[4]//100000 + 10287*X[5]^4//20000 - 2703*X[5]^3*X[6]//25000 - 24643*X[5]^3//10000 + 63411*X[5]^2*X[6]^2//100000 - 6983*X[5]^2*X[6]//5000 + 15249*X[5]^2//1000 - 96729*X[5]*X[6]^3//1000000 - 2939*X[5]*X[6]^2//2000 + 51111*X[5]*X[6]//100000 + 20317*X[5]//100000 + 6363*X[6]^4//12500 - 24511*X[6]^3//10000 + 149*X[6]^2//10 + 5041*X[6]//5000 + 12609//500
M5 = [1, X[6], X[5], X[4], X[3], X[2], X[1], X[6]^2, X[5]*X[6], X[4]*X[6], X[3]*X[6], X[2]*X[6], X[1]*X[6], X[5]^2, X[4]*X[5], X[3]*X[5], X[2]*X[5], X[1]*X[5], X[4]^2, X[3]*X[4], X[2]*X[4], X[1]*X[4], X[3]^2, X[2]*X[3], X[1]*X[3], X[2]^2, X[1]*X[2], X[1]^2]
Q5 = [25.2183196283107 0.5017322043937379 0.10504609400482456 0.31694892774590294 1.2258296263517736 0.526120308233592 -0.14819315313588566 0.964623137338369 -0.6723097788911176 -0.6585029824411036 -0.6965562827553005 -0.6548135460834307 -0.6331869124653753 1.0348189740052973 -0.640250404007769 -0.6646910803153808 -0.652821924637029 -0.6253246745058914 1.010849602531567 -0.6309264037158216 -0.64662232488981 -0.6072365492051264 0.9366126004021644 -0.6365521871638625 -0.6376171694619611 1.0105762389128976 -0.60345700007565 1.048616327113363;
 0.5017322043937379 12.983071911888537 0.9388976854836174 1.0032635267793373 1.0052513127333726 1.221583950374154 1.045885802746353 -1.2270980530310107 -0.6752358880662931 -0.6568331470047444 -0.6515098320362535 -0.6314376440938281 -0.6491820588484841 -0.025685543946694478 -0.14531642651803317 -0.12478648725599019 -0.1294377059770579 -0.1484414232702074 -0.02153789329602617 -0.09783105344503759 -0.1177093410198803 -0.12825467710760677 -0.005536318309696721 -0.08327594772045473 -0.11267873771327667 -0.010131597120358994 -0.10628823478847327 -0.025686982905603544;
 0.10504609400482456 0.9388976854836174 13.180649708315956 0.9690825643373234 1.0778906515741098 1.0526870126061254 0.9225819175589949 -0.05792415646472903 -0.6732956542715219 -0.14016755842524029 -0.12809479556629352 -0.11227024360358125 -0.13657158222892887 -1.2343593672550441 -0.6461760634791064 -0.6360847782364837 -0.6287070853146588 -0.642926481580054 -0.03417692765742293 -0.08958127655871512 -0.10353322399245093 -0.11574680688330655 -0.025627155597322274 -0.07191579475776294 -0.10211677470543667 -0.01411631067806118 -0.09093287654456177 -0.03280235657608922;
 0.31694892774590294 1.0032635267793373 0.9690825643373234 13.1753973417073 1.3572179430784288 1.1098036107390123 1.0442939994974327 -0.058981154586451846 -0.17397702154390604 -0.6644661279501518 -0.14561746419713648 -0.1236360379989715 -0.15101734621147117 -0.03861930626764105 -0.6550542169191573 -0.132593722969434 -0.12663310231912384 -0.14992090846898515 -1.2214732283819623 -0.618463203434286 -0.623721990966991 -0.6321218436930423 -0.038490445998346834 -0.08547634598398912 -0.11898721129684257 -0.010846856897845621 -0.10195868719437383 -0.03588473984755479;
 1.2258296263517736 1.0052513127333726 1.0778906515741098 1.3572179430784288 13.494990901900595 1.5609747040466868 1.1140782033256957 -0.03235929776426539 -0.20967332982591028 -0.19149480043941008 -0.689308982304273 -0.16071659967359228 -0.18281336305108278 -0.016644676011831824 -0.1862767280716426 -0.6727622562560872 -0.16627506416859006 -0.18359602942563738 -0.02480368289357826 -0.6443369877795815 -0.15717410107449858 -0.16428043337922324 -1.1982294018009103 -0.6252227340211448 -0.6522233425765963 -0.007249749843492755 -0.13699937494951978 -0.010421226600784648;
 0.526120308233592 1.221583950374154 1.0526870126061254 1.1098036107390123 1.5609747040466868 13.697663641908267 1.298157257267709 -0.07610717296640945 -0.201951963410707 -0.17879720651560282 -0.17127305272450902 -0.6622742045835591 -0.1792046340029625 -0.04575908858408259 -0.16926508042110228 -0.1540821126942963 -0.661214600816074 -0.17552322908896378 -0.03817329273771705 -0.12240614876282231 -0.6474906657726911 -0.15137002539598823 -0.048441172562859416 -0.6217689360967398 -0.14195604574182516 -1.2212878313238453 -0.6303990640076486 -0.05203308069740795;
 -0.14819315313588566 1.045885802746353 0.9225819175589949 1.0442939994974327 1.1140782033256957 1.298157257267709 13.113051629898246 -0.07844019547002481 -0.16192955206939938 -0.14320444210292374 -0.12923464254323105 -0.11674473503873521 -0.6480870390089166 -0.053534030953827284 -0.13547422464441314 -0.11511511662384732 -0.11782386861490012 -0.6435466629834337 -0.05200121446527528 -0.08924047716658925 -0.10679503649065133 -0.6240815689474158 -0.039658541650736664 -0.07346444474980292 -0.6165051009480361 -0.04116054835785874 -0.5997385083602688 -1.2329769671755944;
 0.964623137338369 -1.2270980530310107 -0.05792415646472903 -0.058981154586451846 -0.03235929776426539 -0.07610717296640945 -0.07844019547002481 0.5094275310408419 -0.04799335224846021 -0.048843553695756076 -0.053580209006417405 -0.05054887344849634 -0.046437605766007854 0.04626860431507104 -0.012407225119807288 -0.013200165215101204 -0.009457402067040183 -0.011169571178933066 0.04765055302698484 -0.013445927066667121 -0.008679703924493532 -0.01076210534578622 0.04663940691676923 -0.011042544354223818 -0.011300230807515988 0.04938476382726815 -0.008808176068182651 0.04893087370584165;
 -0.6723097788911176 -0.6752358880662931 -0.6732956542715219 -0.17397702154390604 -0.20967332982591028 -0.201951963410707 -0.16192955206939938 -0.04799335224846021 0.5411524539289775 0.04021132352156472 0.04099722805831814 0.03646238534350572 0.0387800924542327 -0.053416050440656636 0.040741476317556945 0.04217598846755401 0.036929654214329394 0.03894392895690551 -0.01411746808187103 -0.0029287793352522937 0.0015208875416096077 -8.078651075062794e-05 -0.013825665861391638 -0.0025985463999954744 -6.029760748182224e-05 -0.01416702323658894 -0.00103078331553845 -0.013912807852898779;
 -0.6585029824411036 -0.6568331470047444 -0.14016755842524029 -0.6644661279501518 -0.19149480043941008 -0.17879720651560282 -0.14320444210292374 -0.048843553695756076 0.04021132352156472 0.5348698304667392 0.038663607556218386 0.03561118089238411 0.03734484064246135 -0.015404482839233555 0.03629785385279787 0.0005039096921021207 0.0004063485460481627 0.0007738999485660562 -0.05573610678553229 0.03665954857800766 0.03253970586566864 0.03350582567625195 -0.011878744040208241 -0.001797177728500802 0.001207489990728984 -0.013954941459380064 -0.0010530713754234773 -0.012905800345359776;
 -0.6965562827553005 -0.6515098320362535 -0.12809479556629352 -0.14561746419713648 -0.689308982304273 -0.17127305272450902 -0.12923464254323105 -0.053580209006417405 0.04099722805831814 0.038663607556218386 0.5330302656328584 0.034444230979017464 0.03817751065498915 -0.014547737559775668 0.002424869643170872 0.034228978320336584 0.0031685995937047714 0.001655376236639059 -0.01152282278456191 0.03282652216412488 0.004361096482321016 0.0020378225228594726 -0.053820677293938544 0.02957618680569251 0.03161436096634484 -0.011739367072357898 0.0012697951371276005 -0.012867724941145067;
 -0.6548135460834307 -0.6314376440938281 -0.11227024360358125 -0.1236360379989715 -0.16071659967359228 -0.6622742045835591 -0.11674473503873521 -0.05054887344849634 0.03646238534350572 0.03561118089238411 0.034444230979017464 0.5267182669891172 0.03267737968957457 -0.014041100323346397 -0.0019272360876338387 -0.0005700531937325191 0.03700462048337279 -1.3719085169148728e-05 -0.012870584639866938 -0.002563918753787153 0.036230178036817634 -0.0007764542172727712 -0.01059071117972721 0.03742853377424143 0.0008373038182777832 -0.05496600410408102 0.033665979174137356 -0.010906741223338175;
 -0.6331869124653753 -0.6491820588484841 -0.13657158222892887 -0.15101734621147117 -0.18281336305108278 -0.1792046340029625 -0.6480870390089166 -0.046437605766007854 0.0387800924542327 0.03734484064246135 0.03817751065498915 0.03267737968957457 0.5322669658119846 -0.015307318464545633 -0.0006931134378232567 -0.0015950786291594277 0.0010445024006920077 0.03593494896304401 -0.012936701149215295 -0.0032453125135609093 0.0018295255926996528 0.03501237855896788 -0.013116739595387752 -0.002107098955390024 0.03712015978001635 -0.01202633560645752 0.0313384858571238 -0.05752432985812999;
 1.0348189740052973 -0.025685543946694478 -1.2343593672550441 -0.03861930626764105 -0.016644676011831824 -0.04575908858408259 -0.053534030953827284 0.04626860431507104 -0.053416050440656636 -0.015404482839233555 -0.014547737559775668 -0.014041100323346397 -0.015307318464545633 0.5151712625026047 -0.051985175406694284 -0.05722672869558693 -0.05335046607582621 -0.04924808935214176 0.047632243789271785 -0.014374895485560129 -0.01180639647207929 -0.013537767339895682 0.04761251571553904 -0.012961208439645247 -0.013067988393832 0.048297217839316384 -0.012361288240447316 0.048126098206549554;
 -0.640250404007769 -0.14531642651803317 -0.6461760634791064 -0.6550542169191573 -0.1862767280716426 -0.16926508042110228 -0.13547422464441314 -0.012407225119807288 0.040741476317556945 0.03629785385279787 0.002424869643170872 -0.0019272360876338387 -0.0006931134378232567 -0.051985175406694284 0.5287130767820158 0.03739595853186158 0.03561578345082276 0.03687734632172997 -0.05355748828994304 0.034374140373101165 0.03231248721629582 0.033164101635397514 -0.010530132222424335 -0.001825389715722338 0.0013293508783275712 -0.01424508882929296 -0.002042678700846933 -0.012913871160266795;
 -0.6646910803153808 -0.12478648725599019 -0.6360847782364837 -0.132593722969434 -0.6727622562560872 -0.1540821126942963 -0.11511511662384732 -0.013200165215101204 0.04217598846755401 0.0005039096921021207 0.034228978320336584 -0.0005700531937325191 -0.0015950786291594277 -0.05722672869558693 0.03739595853186158 0.5271817225968993 0.033942797804720044 0.03739517166979359 -0.011376802370309672 0.031471031826632544 0.0026280414844463487 0.00047783374722556597 -0.052219988294254394 0.029331758102627756 0.0310342569764588 -0.01229111426791246 -0.0006223994872626003 -0.013279461088869071;
 -0.652821924637029 -0.1294377059770579 -0.6287070853146588 -0.12663310231912384 -0.16627506416859006 -0.661214600816074 -0.11782386861490012 -0.009457402067040183 0.036929654214329394 0.0004063485460481627 0.0031685995937047714 0.03700462048337279 0.0010445024006920077 -0.05335046607582621 0.03561578345082276 0.033942797804720044 0.5207137235153396 0.032768941685245884 -0.011741696639312208 -0.000802651768696518 0.035345470778139036 0.00021002411998394485 -0.008919446745719543 0.03520425907925457 0.002145409979101538 -0.05263030571184032 0.033671450042829884 -0.01041719993735097;
 -0.6253246745058914 -0.1484414232702074 -0.642926481580054 -0.14992090846898515 -0.18359602942563738 -0.17552322908896378 -0.6435466629834337 -0.011169571178933066 0.03894392895690551 0.0007738999485660562 0.001655376236639059 -1.3719085169148728e-05 0.03593494896304401 -0.04924808935214176 0.03687734632172997 0.03739517166979359 0.032768941685245884 0.5261175955200446 -0.011976202528071344 -0.0018071846255406897 0.0018326545808859795 0.03414736786924837 -0.011425395963754808 -0.0015230104918390697 0.035052913033251934 -0.012089989874240061 0.03142480439867305 -0.05507495663239398;
 1.010849602531567 -0.02153789329602617 -0.03417692765742293 -1.2214732283819623 -0.02480368289357826 -0.03817329273771705 -0.05200121446527528 0.04765055302698484 -0.01411746808187103 -0.05573610678553229 -0.01152282278456191 -0.012870584639866938 -0.012936701149215295 0.047632243789271785 -0.05355748828994304 -0.011376802370309672 -0.011741696639312208 -0.011976202528071344 0.5095871953090445 -0.05988461140972835 -0.05543753814470911 -0.05183963727321995 0.04969591934204658 -0.01093812264045591 -0.010115157650341988 0.048450308780627845 -0.011107240297478657 0.049440035722273665;
 -0.6309264037158216 -0.09783105344503759 -0.08958127655871512 -0.618463203434286 -0.6443369877795815 -0.12240614876282231 -0.08924047716658925 -0.013445927066667121 -0.0029287793352522937 0.03665954857800766 0.03282652216412488 -0.002563918753787153 -0.0032453125135609093 -0.014374895485560129 0.034374140373101165 0.031471031826632544 -0.000802651768696518 -0.0018071846255406897 -0.05988461140972835 0.5232853957711494 0.02949426493405197 0.0322146607406719 -0.05362153269602059 0.02856137404424746 0.0293102139144124 -0.012625458263544899 -0.002150756527718424 -0.013041218587472064;
 -0.64662232488981 -0.1177093410198803 -0.10353322399245093 -0.623721990966991 -0.15717410107449858 -0.6474906657726911 -0.10679503649065133 -0.008679703924493532 0.0015208875416096077 0.03253970586566864 0.004361096482321016 0.036230178036817634 0.0018295255926996528 -0.01180639647207929 0.03231248721629582 0.0026280414844463487 0.035345470778139036 0.0018326545808859795 -0.05543753814470911 0.02949426493405197 0.5168631916951999 0.028552114953751553 -0.007369082294843356 0.03272236873380823 0.0033917836245457166 -0.05360840605384218 0.0323454095106212 -0.009478334721707699;
 -0.6072365492051264 -0.12825467710760677 -0.11574680688330655 -0.6321218436930423 -0.16428043337922324 -0.15137002539598823 -0.6240815689474158 -0.01076210534578622 -8.078651075062794e-05 0.03350582567625195 0.0020378225228594726 -0.0007764542172727712 0.03501237855896788 -0.013537767339895682 0.033164101635397514 0.00047783374722556597 0.00021002411998394485 0.03414736786924837 -0.05183963727321995 0.0322146607406719 0.028552114953751553 0.5213158006692465 -0.009880270311633804 -0.0012410270968296905 0.03257867806934396 -0.012044154465992957 0.03076888612103273 -0.05604486091795903;
 0.9366126004021644 -0.005536318309696721 -0.025627155597322274 -0.038490445998346834 -1.1982294018009103 -0.048441172562859416 -0.039658541650736664 0.04663940691676923 -0.013825665861391638 -0.011878744040208241 -0.053820677293938544 -0.01059071117972721 -0.013116739595387752 0.04761251571553904 -0.010530132222424335 -0.052219988294254394 -0.008919446745719543 -0.011425395963754808 0.04969591934204658 -0.05362153269602059 -0.007369082294843356 -0.009880270311633804 0.4979042108919152 -0.05485714405396886 -0.05064945167723559 0.050086265163635346 -0.008804783757915276 0.048628574729605446;
 -0.6365521871638625 -0.08327594772045473 -0.07191579475776294 -0.08547634598398912 -0.6252227340211448 -0.6217689360967398 -0.07346444474980292 -0.011042544354223818 -0.0025985463999954744 -0.001797177728500802 0.02957618680569251 0.03742853377424143 -0.002107098955390024 -0.012961208439645247 -0.001825389715722338 0.029331758102627756 0.03520425907925457 -0.0015230104918390697 -0.01093812264045591 0.02856137404424746 0.03272236873380823 -0.0012410270968296905 -0.05485714405396886 0.51713902267658 0.0258340711569077 -0.059541094660942054 0.03272346970735494 -0.010996783551416875;
 -0.6376171694619611 -0.11267873771327667 -0.10211677470543667 -0.11898721129684257 -0.6522233425765963 -0.14195604574182516 -0.6165051009480361 -0.011300230807515988 -6.029760748182224e-05 0.001207489990728984 0.03161436096634484 0.0008373038182777832 0.03712015978001635 -0.013067988393832 0.0013293508783275712 0.0310342569764588 0.002145409979101538 0.035052913033251934 -0.010115157650341988 0.0293102139144124 0.0033917836245457166 0.03257867806934396 -0.05064945167723559 0.0258340711569077 0.5206369547243841 -0.010260101843247646 0.029277877624847213 -0.06121072318734936;
 1.0105762389128976 -0.010131597120358994 -0.01411631067806118 -0.010846856897845621 -0.007249749843492755 -1.2212878313238453 -0.04116054835785874 0.04938476382726815 -0.01416702323658894 -0.013954941459380064 -0.011739367072357898 -0.05496600410408102 -0.01202633560645752 0.048297217839316384 -0.01424508882929296 -0.01229111426791246 -0.05263030571184032 -0.012089989874240061 0.048450308780627845 -0.012625458263544899 -0.05360840605384218 -0.012044154465992957 0.050086265163635346 -0.059541094660942054 -0.010260101843247646 0.5104209810746236 -0.05148669723293757 0.05081361235208266;
 -0.60345700007565 -0.10628823478847327 -0.09093287654456177 -0.10195868719437383 -0.13699937494951978 -0.6303990640076486 -0.5997385083602688 -0.008808176068182651 -0.00103078331553845 -0.0010530713754234773 0.0012697951371276005 0.033665979174137356 0.0313384858571238 -0.012361288240447316 -0.002042678700846933 -0.0006223994872626003 0.033671450042829884 0.03142480439867305 -0.011107240297478657 -0.002150756527718424 0.0323454095106212 0.03076888612103273 -0.008804783757915276 0.03272346970735494 0.029277877624847213 -0.05148669723293757 0.5147188568203074 -0.057552338542740056;
 1.048616327113363 -0.025686982905603544 -0.03280235657608922 -0.03588473984755479 -0.010421226600784648 -0.05203308069740795 -1.2329769671755944 0.04893087370584165 -0.013912807852898779 -0.012905800345359776 -0.012867724941145067 -0.010906741223338175 -0.05752432985812999 0.048126098206549554 -0.012913871160266795 -0.013279461088869071 -0.01041719993735097 -0.05507495663239398 0.049440035722273665 -0.013041218587472064 -0.009478334721707699 -0.05604486091795903 0.048628574729605446 -0.010996783551416875 -0.06121072318734936 0.05081361235208266 -0.057552338542740056 0.515648840122525;
]
solve(n, X, P5, Q5, M5, true)
## Multiplier-1
P6 = 129*X[1]^2//250 - 23*X[1]*X[2]//200 - 123*X[1]*X[3]//1000 - 14*X[1]*X[4]//125 - 11*X[1]*X[5]//100 - 23*X[1]*X[6]//200 + 17*X[1]//25 + 307*X[2]^2//1000 + 73*X[2]*X[3]//2000 + 53*X[2]*X[4]//1250 + 419*X[2]*X[5]//10000 + 407*X[2]*X[6]//10000 - 29*X[2]//250 + 311*X[3]^2//1000 + 197*X[3]*X[4]//5000 + 109*X[3]*X[5]//2500 + 243*X[3]*X[6]//5000 - 133*X[3]//1000 + 311*X[4]^2//1000 + 427*X[4]*X[5]//10000 + 89*X[4]*X[6]//2000 - 29*X[4]//250 + 31*X[5]^2//100 + 443*X[5]*X[6]//10000 - 23*X[5]//200 + 157*X[6]^2//500 - 123*X[6]//1000 + 183//500
M6 = [1, X[6], X[5], X[4], X[3], X[2], X[1]]
Q6 = [0.36573034813089833 -0.0612994062021504 -0.057319553050948595 -0.058140008534037016 -0.06650428824341005 -0.05762511787722684 0.3397519701835504;
 -0.0612994062021504 0.3142687009539674 0.022022141110153888 0.02210657821363292 0.02425243483881307 0.020431744633780464 -0.05752432985813042;
 -0.057319553050948595 0.022022141110153888 0.3092593946729969 0.02123349670896903 0.021773451944388258 0.021007604461380548 -0.055074956632361616;
 -0.058140008534037016 0.02210657821363292 0.02123349670896903 0.31078604874632615 0.01953745948191658 0.02129055139929524 -0.05604486091791882;
 -0.06650428824341005 0.02425243483881307 0.021773451944388258 0.01953745948191658 0.3117277240158032 0.01828109407343037 -0.06121072318740447;
 -0.05762511787722684 0.020431744633780464 0.021007604461380548 0.02129055139929524 0.01828109407343037 0.3064392796950918 -0.057552338542703786;
 0.3397519701835504 -0.05752432985813042 -0.055074956632361616 -0.05604486091791882 -0.06121072318740447 -0.057552338542703786 0.5156488401225113;
]
solve(n, X, P6, Q6, M6, true)
# unsafe
## Multiplier-6
P7 = 101*X[1]^2//1000 + 179*X[1]*X[2]//5000 + 81*X[1]*X[3]//2000 + 9*X[1]*X[4]//250 + 361*X[1]*X[5]//10000 - 761*X[1]*X[6]//100000 - 53*X[1]//2000 + 13*X[2]^2//125 + 107*X[2]*X[3]//2500 + 49*X[2]*X[4]//1250 + 369*X[2]*X[5]//10000 - 63*X[2]*X[6]//50000 - 13*X[2]//625 + 27*X[3]^2//250 + 101*X[3]*X[4]//2500 + 401*X[3]*X[5]//10000 + 691*X[3]*X[6]//100000 - 121*X[3]//5000 + 103*X[4]^2//1000 + 91*X[4]*X[5]//2500 + 557*X[4]*X[6]//1000000 - 17*X[4]//625 + 101*X[5]^2//1000 - 433*X[5]*X[6]//500000 - 31*X[5]//1000 + 81*X[6]^2//500 + 159*X[6]//1000 + 107//1000
M7 = [1, X[6], X[5], X[4], X[3], X[2], X[1]]
Q7 = [0.10713353689849295 0.07985652604283668 -0.015559944863034414 -0.013567479007899735 -0.012114331989087464 -0.010345346249063577 -0.013290766479473899;
 0.07985652604283668 0.1624561664332729 -0.000496888106563225 0.0002970546488892999 0.00337424132782457 -0.0005857688044412476 -0.0037903253902686917;
 -0.015559944863034414 -0.000496888106563225 0.10187855455465164 0.018212308066024214 0.02011359510032582 0.018509172482498303 0.018107767215782705;
 -0.013567479007899735 0.0002970546488892999 0.018212308066024214 0.10341213164461145 0.02020027832656362 0.019639966458939596 0.018072214155812845;
 -0.012114331989087464 0.00337424132782457 0.02011359510032582 0.02020027832656362 0.1079653206495454 0.021436230306025695 0.020180633840267897;
 -0.010345346249063577 -0.0005857688044412476 0.018509172482498303 0.019639966458939596 0.021436230306025695 0.10390548192821812 0.01793197005461455;
 -0.013290766479473899 -0.0037903253902686917 0.018107767215782705 0.018072214155812845 0.020180633840267897 0.01793197005461455 0.10132810384961757;
]
solve(n, X, P7, Q7, M7, true)
## Multiplier-4
P8 = 497*X[1]^2//5000 + 13*X[1]*X[2]//1000 + 8*X[1]*X[3]//625 - 3*X[1]*X[4]//100 + 31*X[1]*X[5]//2500 + 237*X[1]*X[6]//25000 - 59*X[1]//2500 + X[2]^2//10 + 27*X[2]*X[3]//2000 - 13*X[2]*X[4]//625 + 3*X[2]*X[5]//250 + 961*X[2]*X[6]//100000 - 21*X[2]//1250 + 51*X[3]^2//500 - 31*X[3]*X[4]//1250 + 11*X[3]*X[5]//1000 + 121*X[3]*X[6]//10000 - 21*X[3]//1000 + 169*X[4]^2//1000 - 251*X[4]*X[5]//10000 - 16*X[4]*X[6]//625 + 193*X[4]//1000 + 987*X[5]^2//10000 + 783*X[5]*X[6]//100000 - 69*X[5]//2500 + 247*X[6]^2//2500 - 18*X[6]//625 + 59//500
M8 = [1, X[6], X[5], X[4], X[3], X[2], X[1]]
Q8 = [0.11815096927314529 -0.01441287035016167 -0.013839631691557984 0.09642829638440634 -0.010551281379661912 -0.008353575435896645 -0.01179116605902843;
 -0.01441287035016167 0.09914574736680921 0.0038835064566821874 -0.012805183678015022 0.0060845941520734186 0.004823026765075562 0.004748083400269962;
 -0.013839631691557984 0.0038835064566821874 0.09819279188783558 -0.012577778209531196 0.0054576257014842585 0.006011069881370612 0.006192430322359463;
 0.09642829638440634 -0.012805183678015022 -0.012577778209531196 0.17015295401969566 -0.012430357343710962 -0.010389841908227814 -0.015001698399069271;
 -0.010551281379661912 0.0060845941520734186 0.0054576257014842585 -0.012430357343710962 0.10299453648770512 0.006799780180714826 0.006437701366165883;
 -0.008353575435896645 0.004823026765075562 0.006011069881370612 -0.010389841908227814 0.006799780180714826 0.10091695544127015 0.006567147903685638;
 -0.01179116605902843 0.004748083400269962 0.006192430322359463 -0.015001698399069271 0.006437701366165883 0.006567147903685638 0.0993538299685837;
]
solve(n, X, P8, Q8, M8, true)
## Multiplier-5
P9 = 101*X[1]^2//1000 + 281*X[1]*X[2]//10000 + 147*X[1]*X[3]//5000 + 67*X[1]*X[4]//2500 - 19*X[1]*X[5]//1250 + 31*X[1]*X[6]//1250 - 14*X[1]//625 + 13*X[2]^2//125 + 321*X[2]*X[3]//10000 + 303*X[2]*X[4]//10000 - 469*X[2]*X[5]//50000 + 263*X[2]*X[6]//10000 - 161*X[2]//10000 + 107*X[3]^2//1000 + 18*X[3]*X[4]//625 - 779*X[3]*X[5]//100000 + 151*X[3]*X[6]//5000 - 197*X[3]//10000 + 103*X[4]^2//1000 - 91*X[4]*X[5]//10000 + 51*X[4]*X[6]//2000 - 229*X[4]//10000 + 163*X[5]^2//1000 - 107*X[5]*X[6]//10000 + 89*X[5]//500 + 103*X[6]^2//1000 - 141*X[6]//5000 + 14//125
M9 = [1, X[6], X[5], X[4], X[3], X[2], X[1]]
Q9 = [0.11191593814604694 -0.014047951363548 0.08884473358308195 -0.011464201364950797 -0.00988885684693347 -0.008041934701728013 -0.011167949735546644;
 -0.014047951363548 0.1024157611693106 -0.005301540565939676 0.012724954589603025 0.015054598912581414 0.01308869623077297 0.0123689555665702;
 0.08884473358308195 -0.005301540565939676 0.16293937687669877 -0.0045876188524511165 -0.0039016732214578473 -0.0046634572970429234 -0.0076207106053539;
 -0.011464201364950797 0.012724954589603025 -0.0045876188524511165 0.10265398986960324 0.014395554091239845 0.01516763341882645 0.013442519051914978;
 -0.00988885684693347 0.015054598912581414 -0.0039016732214578473 0.014395554091239845 0.10723599038935594 0.016087163936347647 0.014693618929450813;
 -0.008041934701728013 0.01308869623077297 -0.0046634572970429234 0.01516763341882645 0.016087163936347647 0.1044547083000019 0.01407980301328102;
 -0.011167949735546644 0.0123689555665702 -0.0076207106053539 0.013442519051914978 0.014693618929450813 0.01407980301328102 0.10116759174568628;
]
solve(n, X, P9, Q9, M9, true)
## Multiplier-3
P10 = 21*X[1]^2//200 + 127*X[1]*X[2]//10000 - 19*X[1]*X[3]//625 + 151*X[1]*X[4]//10000 + 3*X[1]*X[5]//200 + 31*X[1]*X[6]//2500 - 239*X[1]//10000 + 53*X[2]^2//500 - 61*X[2]*X[3]//2500 + 39*X[2]*X[4]//2500 + 33*X[2]*X[5]//2500 + 23*X[2]*X[6]//2000 - 189*X[2]//10000 + 19*X[3]^2//100 - 119*X[3]*X[4]//5000 - 3*X[3]*X[5]//125 - 197*X[3]*X[6]//10000 + 41*X[3]//200 + 27*X[4]^2//250 + 71*X[4]*X[5]//5000 + 8*X[4]*X[6]//625 - 239*X[4]//10000 + 53*X[5]^2//500 + 107*X[5]*X[6]//10000 - 27*X[5]//1000 + 13*X[6]^2//125 - 53*X[6]//2000 + 63//500
M10 = [1, X[6], X[5], X[4], X[3], X[2], X[1]]
Q10 = [0.12610229137886378 -0.013244582500885062 -0.013435865496899506 -0.011967088123661512 0.10274330508204528 -0.009510714382982701 -0.012034006574299884;
 -0.013244582500885062 0.10483855516386209 0.005383140973618378 0.006451021236604741 -0.009829984903868431 0.005732717266165619 0.006229267091183417;
 -0.013435865496899506 0.005383140973618378 0.10533136258579132 0.0070285750011352816 -0.011972497040562545 0.006582832996999231 0.007538534849539024;
