include("utils/util.jl")
include("utils/newtonUpdate.jl")
include("utils/rationalSOS.jl")

X = nothing
eig_tol = 1e-4
tol = 1e-50


SOS_time = 0
Newton_time = 0
function solve(n, X, f, Q, mono,newton)
    global SOS_time, Newton_time
    Q = round.(Q, digits=2)
    rQ = symplify_rational.(Q)

    model = nothing
    if !newton
        SOS_time+=@elapsed model = rational_SOS(f, 1, 0, mono, rQ)
    else
        Newton_time+=@elapsed update_Q = newton_refine_update(f, mono, Q, eig_tol, 90, tol, X)
        Q_res = symplify_rational.(update_Q*update_Q')
        SOS_time+=@elapsed model = rational_SOS(f, 1, 0, mono, Q_res)
    end
    
    SOSrational_time, coeffs, terms = model[2:end]
    
    @show expand(f-(coeffs' * terms.^2))

    data = Dict(
        "n" => n,
        "expression" => f,
        "coeff" => join([string(c) for c in coeffs], ","),
        "term" => join([string(t) for t in terms], ","),
        "SOSrational_time" => SOSrational_time,
        "SOS_expression" => string(coeffs' * terms.^2)
    )

    # save("src/output/data.json", data)    
end

n = 7
@Symbolics.variables X[1:n]
#C17
# init
## Total Decomposition
P0 = 13563*X[1]^4//2000 + 13151*X[1]^3*X[2]//50000 + 1617*X[1]^3*X[3]//6250 + 11921*X[1]^3*X[4]//50000 + 15569*X[1]^3*X[5]//50000 + 19137*X[1]^3*X[6]//100000 + 1659*X[1]^3*X[7]//5000 - 1398*X[1]^3//125 + 6713*X[1]^2*X[2]^2//500 + 27359*X[1]^2*X[2]*X[3]//100000 + 24781*X[1]^2*X[2]*X[4]//100000 + 27249*X[1]^2*X[2]*X[5]//100000 + 40979*X[1]^2*X[2]*X[6]//100000 + 1191*X[1]^2*X[2]*X[7]//3125 - 11791*X[1]^2*X[2]//1000 + 2719*X[1]^2*X[3]^2//200 + 13999*X[1]^2*X[3]*X[4]//50000 + 26137*X[1]^2*X[3]*X[5]//100000 + 4491*X[1]^2*X[3]*X[6]//20000 + 26147*X[1]^2*X[3]*X[7]//100000 - 11799*X[1]^2*X[3]//1000 + 13599*X[1]^2*X[4]^2//1000 + 2799*X[1]^2*X[4]*X[5]//10000 + 11871*X[1]^2*X[4]*X[6]//50000 + 7399*X[1]^2*X[4]*X[7]//25000 - 5907*X[1]^2*X[4]//500 + 2717*X[1]^2*X[5]^2//200 + 15247*X[1]^2*X[5]*X[6]//50000 + 23753*X[1]^2*X[5]*X[7]//100000 - 6029*X[1]^2*X[5]//500 + 13439*X[1]^2*X[6]^2//1000 + 97149*X[1]^2*X[6]*X[7]//1000000 - 11573*X[1]^2*X[6]//1000 + 1693*X[1]^2*X[7]^2//125 - 12067*X[1]^2*X[7]//1000 + 48981*X[1]^2//1000 + 22767*X[1]*X[2]^3//100000 + 22599*X[1]*X[2]^2*X[3]//100000 + 10503*X[1]*X[2]^2*X[4]//50000 + 7321*X[1]*X[2]^2*X[5]//25000 + 2143*X[1]*X[2]^2*X[6]//12500 + 30251*X[1]*X[2]^2*X[7]//100000 - 11359*X[1]*X[2]^2//1000 + 24619*X[1]*X[2]*X[3]^2//100000 - 10861*X[1]*X[2]*X[3]*X[4]//1000000 - 45353*X[1]*X[2]*X[3]*X[5]//100000000 + 1913*X[1]*X[2]*X[3]*X[6]//250000 + 11311*X[1]*X[2]*X[3]*X[7]//1000000 - 15357*X[1]*X[2]*X[3]//10000 + 12493*X[1]*X[2]*X[4]^2//50000 - 13979*X[1]*X[2]*X[4]*X[5]//1000000 - 58029*X[1]*X[2]*X[4]*X[6]//10000000 + 23053*X[1]*X[2]*X[4]*X[7]//5000000 - 913*X[1]*X[2]*X[4]//625 + 24959*X[1]*X[2]*X[5]^2//100000 - 41393*X[1]*X[2]*X[5]*X[6]//10000000 + 9899*X[1]*X[2]*X[5]*X[7]//2500000 - 1661*X[1]*X[2]*X[5]//1000 + 23179*X[1]*X[2]*X[6]^2//100000 - 6857*X[1]*X[2]*X[6]*X[7]//1000000 - 8587*X[1]*X[2]*X[6]//5000 + 5039*X[1]*X[2]*X[7]^2//20000 - 3863*X[1]*X[2]*X[7]//2000 - 14937*X[1]*X[2]//2500 + 12829*X[1]*X[3]^3//50000 + 20117*X[1]*X[3]^2*X[4]//100000 + 15149*X[1]*X[3]^2*X[5]//50000 + 19139*X[1]*X[3]^2*X[6]//100000 + 15527*X[1]*X[3]^2*X[7]//50000 - 2929*X[1]*X[3]^2//250 + 12599*X[1]*X[3]*X[4]^2//50000 - 10073*X[1]*X[3]*X[4]*X[5]//2000000 - 7*X[1]*X[3]*X[4]*X[6]//200 - 1861*X[1]*X[3]*X[4]*X[7]//125000 - 2947*X[1]*X[3]*X[4]//2000 + 24319*X[1]*X[3]*X[5]^2//100000 + 3133*X[1]*X[3]*X[5]*X[6]//200000 + 26907*X[1]*X[3]*X[5]*X[7]//1000000 - 16449*X[1]*X[3]*X[5]//10000 + 5677*X[1]*X[3]*X[6]^2//25000 - 13909*X[1]*X[3]*X[6]*X[7]//1000000 - 6339*X[1]*X[3]*X[6]//5000 + 12899*X[1]*X[3]*X[7]^2//50000 - 683*X[1]*X[3]*X[7]//400 - 17817*X[1]*X[3]//2500 + 11347*X[1]*X[4]^3//50000 + 32581*X[1]*X[4]^2*X[5]//100000 + 4461*X[1]*X[4]^2*X[6]//25000 + 30747*X[1]*X[4]^2*X[7]//100000 - 5841*X[1]*X[4]^2//500 + 22909*X[1]*X[4]*X[5]^2//100000 - 3941*X[1]*X[4]*X[5]*X[6]//125000 - 7061*X[1]*X[4]*X[5]*X[7]//500000 - 3327*X[1]*X[4]*X[5]//2000 + 2489*X[1]*X[4]*X[6]^2//12500 - 11173*X[1]*X[4]*X[6]*X[7]//2000000 - 12291*X[1]*X[4]*X[6]//10000 + 5279*X[1]*X[4]*X[7]^2//25000 - 8333*X[1]*X[4]*X[7]//5000 - 25719*X[1]*X[4]//5000 + 79*X[1]*X[5]^3//250 + 8317*X[1]*X[5]^2*X[6]//50000 + 30371*X[1]*X[5]^2*X[7]//100000 - 11817*X[1]*X[5]^2//1000 + 14671*X[1]*X[5]*X[6]^2//50000 + 71071*X[1]*X[5]*X[6]*X[7]//10000000 - 3979*X[1]*X[5]*X[6]//2500 + 3091*X[1]*X[5]*X[7]^2//10000 - 17189*X[1]*X[5]*X[7]//10000 - 5818*X[1]*X[5]//625 + 17789*X[1]*X[6]^3//100000 + 14999*X[1]*X[6]^2*X[7]//50000 - 11273*X[1]*X[6]^2//1000 + 4131*X[1]*X[6]*X[7]^2//25000 - 1201*X[1]*X[6]*X[7]//1000 - 30081*X[1]*X[6]//5000 + 7913*X[1]*X[7]^3//25000 - 11743*X[1]*X[7]^2//1000 - 10029*X[1]*X[7]//1000 - 26927*X[1]//10000 + 13333*X[2]^4//2000 + 2649*X[2]^3*X[3]//10000 + 5099*X[2]^3*X[4]//20000 + 5227*X[2]^3*X[5]//20000 + 9757*X[2]^3*X[6]//25000 + 38691*X[2]^3*X[7]//100000 - 5523*X[2]^3//500 + 3373*X[2]^2*X[3]^2//250 + 25241*X[2]^2*X[3]*X[4]//100000 + 5183*X[2]^2*X[3]*X[5]//20000 + 10409*X[2]^2*X[3]*X[6]//50000 + 24693*X[2]^2*X[3]*X[7]//100000 - 11583*X[2]^2*X[3]//1000 + 3371*X[2]^2*X[4]^2//250 + 27503*X[2]^2*X[4]*X[5]//100000 + 24843*X[2]^2*X[4]*X[6]//100000 + 14561*X[2]^2*X[4]*X[7]//50000 - 11563*X[2]^2*X[4]//1000 + 3371*X[2]^2*X[5]^2//250 + 7189*X[2]^2*X[5]*X[6]//25000 + 24111*X[2]^2*X[5]*X[7]//100000 - 11779*X[2]^2*X[5]//1000 + 3333*X[2]^2*X[6]^2//250 + 14561*X[2]^2*X[6]*X[7]//100000 - 11849*X[2]^2*X[6]//1000 + 13451*X[2]^2*X[7]^2//1000 - 12021*X[2]^2*X[7]//1000 + 55679*X[2]^2//1000 + 1107*X[2]*X[3]^3//4000 + 25397*X[2]*X[3]^2*X[4]//100000 + 3401*X[2]*X[3]^2*X[5]//12500 + 41229*X[2]*X[3]^2*X[6]//100000 + 19263*X[2]*X[3]^2*X[7]//50000 - 5971*X[2]*X[3]^2//500 + 27023*X[2]*X[3]*X[4]^2//100000 - 15733*X[2]*X[3]*X[4]*X[5]//10000000 + 12331*X[2]*X[3]*X[4]*X[6]//1000000 - 37197*X[2]*X[3]*X[4]*X[7]//5000000 - 986*X[2]*X[3]*X[4]//625 + 13429*X[2]*X[3]*X[5]^2//50000 + 9639*X[2]*X[3]*X[5]*X[6]//500000 + 30143*X[2]*X[3]*X[5]*X[7]//10000000 - 16789*X[2]*X[3]*X[5]//10000 + 26301*X[2]*X[3]*X[6]^2//100000 + 97201*X[2]*X[3]*X[6]*X[7]//10000000 - 9097*X[2]*X[3]*X[6]//5000 + 27013*X[2]*X[3]*X[7]^2//100000 - 1837*X[2]*X[3]*X[7]//1000 - 72643*X[2]*X[3]//10000 + 2703*X[2]*X[4]^3//10000 + 3373*X[2]*X[4]^2*X[5]//12500 + 2607*X[2]*X[4]^2*X[6]//6250 + 40549*X[2]*X[4]^2*X[7]//100000 - 11947*X[2]*X[4]^2//1000 + 27693*X[2]*X[4]*X[5]^2//100000 - 11183*X[2]*X[4]*X[5]*X[6]//10000000 + 42237*X[2]*X[4]*X[5]*X[7]//5000000 - 1653*X[2]*X[4]*X[5]//1000 + 4741*X[2]*X[4]*X[6]^2//20000 - 501*X[2]*X[4]*X[6]*X[7]//400000 - 19079*X[2]*X[4]*X[6]//10000 + 5363*X[2]*X[4]*X[7]^2//20000 - 19561*X[2]*X[4]*X[7]//10000 - 11243*X[2]*X[4]//2000 + 3399*X[2]*X[5]^3//12500 + 40041*X[2]*X[5]^2*X[6]//100000 + 20513*X[2]*X[5]^2*X[7]//50000 - 11903*X[2]*X[5]^2//1000 + 24891*X[2]*X[5]*X[6]^2//100000 - 22943*X[2]*X[5]*X[6]*X[7]//10000000 - 9551*X[2]*X[5]*X[6]//5000 + 5817*X[2]*X[5]*X[7]^2//20000 - 18169*X[2]*X[5]*X[7]//10000 - 63391*X[2]*X[5]//10000 + 9953*X[2]*X[6]^3//25000 + 9201*X[2]*X[6]^2*X[7]//25000 - 11799*X[2]*X[6]^2//1000 + 254*X[2]*X[6]*X[7]^2//625 - 9277*X[2]*X[6]*X[7]//5000 - 19357*X[2]*X[6]//1000 + 19989*X[2]*X[7]^3//50000 - 1516*X[2]*X[7]^2//125 - 14513*X[2]*X[7]//1000 + 47829*X[2]//10000 + 68219*X[3]^4//10000 + 6733*X[3]^3*X[4]//25000 + 3217*X[3]^3*X[5]//12500 + 10707*X[3]^3*X[6]//50000 + 12843*X[3]^3*X[7]//50000 - 11367*X[3]^3//1000 + 2727*X[3]^2*X[4]^2//200 + 6331*X[3]^2*X[4]*X[5]//25000 + 24691*X[3]^2*X[4]*X[6]//100000 + 1879*X[3]^2*X[4]*X[7]//6250 - 11931*X[3]^2*X[4]//1000 + 1703*X[3]^2*X[5]^2//125 + 229*X[3]^2*X[5]*X[6]//800 + 5567*X[3]^2*X[5]*X[7]//25000 - 5997*X[3]^2*X[5]//500 + 3371*X[3]^2*X[6]^2//250 + 1753*X[3]^2*X[6]*X[7]//12500 - 471*X[3]^2*X[6]//40 + 1359*X[3]^2*X[7]^2//100 - 3003*X[3]^2*X[7]//250 + 47337*X[3]^2//1000 + 14301*X[3]*X[4]^3//50000 + 12749*X[3]*X[4]^2*X[5]//50000 + 10447*X[3]*X[4]^2*X[6]//50000 + 12341*X[3]*X[4]^2*X[7]//50000 - 11921*X[3]*X[4]^2//1000 + 2701*X[3]*X[4]*X[5]^2//10000 - 4591*X[3]*X[4]*X[5]*X[6]//125000 - 24043*X[3]*X[4]*X[5]*X[7]//1000000 - 1539*X[3]*X[4]*X[5]//1000 + 307*X[3]*X[4]*X[6]^2//1250 - 559*X[3]*X[4]*X[6]*X[7]//40000 - 1477*X[3]*X[4]*X[6]//1000 + 14113*X[3]*X[4]*X[7]^2//50000 - 3269*X[3]*X[4]*X[7]//2000 - 70797*X[3]*X[4]//10000 + 26651*X[3]*X[5]^3//100000 + 21203*X[3]*X[5]^2*X[6]//100000 + 26507*X[3]*X[5]^2*X[7]//100000 - 1482*X[3]*X[5]^2//125 + 24861*X[3]*X[5]*X[6]^2//100000 + 19093*X[3]*X[5]*X[6]*X[7]//500000 - 787*X[3]*X[5]*X[6]//500 + 5243*X[3]*X[5]*X[7]^2//20000 - 15167*X[3]*X[5]*X[7]//10000 - 16073*X[3]*X[5]//2500 + 20913*X[3]*X[6]^3//100000 + 251*X[3]*X[6]^2*X[7]//1000 - 2863*X[3]*X[6]^2//250 + 22191*X[3]*X[6]*X[7]^2//100000 - 797*X[3]*X[6]*X[7]//625 - 8063*X[3]*X[6]//1000 + 24991*X[3]*X[7]^3//100000 - 2947*X[3]*X[7]^2//250 - 71463*X[3]*X[7]//10000 + 5237*X[3]//2500 + 34137*X[4]^4//5000 + 2811*X[4]^3*X[5]//10000 + 24589*X[4]^3*X[6]//100000 + 5787*X[4]^3*X[7]//20000 - 11421*X[4]^3//1000 + 13647*X[4]^2*X[5]^2//1000 + 7501*X[4]^2*X[5]*X[6]//25000 + 2493*X[4]^2*X[5]*X[7]//10000 - 12107*X[4]^2*X[5]//1000 + 13483*X[4]^2*X[6]^2//1000 + 13953*X[4]^2*X[6]*X[7]//100000 - 2961*X[4]^2*X[6]//250 + 13597*X[4]^2*X[7]^2//1000 - 3037*X[4]^2*X[7]//250 + 473*X[4]^2//10 + 27921*X[4]*X[5]^3//100000 + 24081*X[4]*X[5]^2*X[6]//100000 + 7589*X[4]*X[5]^2*X[7]//25000 - 11983*X[4]*X[5]^2//1000 + 12819*X[4]*X[5]*X[6]^2//50000 - 13579*X[4]*X[5]*X[6]*X[7]//1000000 - 15721*X[4]*X[5]*X[6]//10000 + 13587*X[4]*X[5]*X[7]^2//50000 - 16313*X[4]*X[5]*X[7]//10000 - 6417*X[4]*X[5]//1000 + 4779*X[4]*X[6]^3//20000 + 7193*X[4]*X[6]^2*X[7]//25000 - 11509*X[4]*X[6]^2//1000 + 977*X[4]*X[6]*X[7]^2//4000 - 6979*X[4]*X[6]*X[7]//5000 - 18269*X[4]*X[6]//2000 + 28353*X[4]*X[7]^3//100000 - 237*X[4]*X[7]^2//20 - 40437*X[4]*X[7]//5000 + 47829*X[4]//10000 + 4256*X[5]^4//625 + 14259*X[5]^3*X[6]//50000 + 152*X[5]^3*X[7]//625 - 11501*X[5]^3//1000 + 13457*X[5]^2*X[6]^2//1000 + 2533*X[5]^2*X[6]*X[7]//20000 - 5917*X[5]^2*X[6]//500 + 13587*X[5]^2*X[7]^2//1000 - 1504*X[5]^2*X[7]//125 + 48179*X[5]^2//1000 + 28419*X[5]*X[6]^3//100000 + 4451*X[5]*X[6]^2*X[7]//20000 - 5867*X[5]*X[6]^2//500 + 7717*X[5]*X[6]*X[7]^2//25000 - 13901*X[5]*X[6]*X[7]//10000 - 2317*X[5]*X[6]//200 + 24089*X[5]*X[7]^3//100000 - 5959*X[5]*X[7]^2//500 - 583*X[5]*X[7]//100 + 3589*X[5]//400 + 4169*X[6]^4//625 + 12233*X[6]^3*X[7]//100000 - 11049*X[6]^3//1000 + 13427*X[6]^2*X[7]^2//1000 - 11431*X[6]^2*X[7]//1000 + 13089*X[6]^2//250 + 12763*X[6]*X[7]^3//100000 - 11457*X[6]*X[7]^2//1000 - 3889*X[6]*X[7]//1250 - 46369*X[6]//10000 + 33841*X[7]^4//5000 - 1428*X[7]^3//125 + 4949*X[7]^2//100 + 3589*X[7]//400 + 37387//500
M0 = [1, X[7], X[6], X[5], X[4], X[3], X[2], X[1], X[7]^2, X[6]*X[7], X[5]*X[7], X[4]*X[7], X[3]*X[7], X[2]*X[7], X[1]*X[7], X[6]^2, X[5]*X[6], X[4]*X[6], X[3]*X[6], X[2]*X[6], X[1]*X[6], X[5]^2, X[4]*X[5], X[3]*X[5], X[2]*X[5], X[1]*X[5], X[4]^2, X[3]*X[4], X[2]*X[4], X[1]*X[4], X[3]^2, X[2]*X[3], X[1]*X[3], X[2]^2, X[1]*X[2], X[1]^2]
Q0 = [74.77364565617883 4.506694882687902 -2.3103146996029102 4.492485261818035 2.3678684166407535 1.0381986128824432 2.370259889371183 -1.3426672913214672 3.5941974460510275 -3.8254283405483016 -4.785015777915795 -5.154364783248102 -4.829003463996826 -6.400422769113716 -5.332949257111541 4.524567376919055 -5.5360677553330415 -4.948765124576669 -4.713692735523813 -6.906565517597383 -4.20926201651748 3.3440260131952644 -4.799655036099615 -4.672617017955102 -4.830854891866409 -5.146232123877545 3.3192206265466457 -4.735587618410699 -4.546561514771162 -4.132926437868085 3.4042889553371034 -4.763115710973441 -4.528264512375171 4.975223073535293 -4.370032377039746 3.907858174231321;
 4.506694882687902 42.31384513766355 2.245521322912588 1.8859028538933877 1.1192459787321736 1.2780290740903038 -0.8393928737676745 0.3028563176912262 -5.722227458956151 -5.072264533050062 -5.402375401334621 -5.4030341112902125 -5.316289785689633 -5.595278614667373 -5.3294046611574455 -0.5767276432450851 -0.670971803424975 -0.5899946972500967 -0.5720060444222599 -1.0128764729879538 -0.5122078391767872 -0.6217908978135162 -0.31227680466074126 -0.34553189774439164 -0.24349745557699629 -0.4958039485809512 -0.6885068541682879 -0.4160162857647506 -0.2601125652892225 -0.3389149857383019 -0.7317414450138989 -0.38390414401839357 -0.48105717757749716 -0.25092252151211414 -0.38030298906157034 -0.6910377300574011;
 -2.3103146996029102 2.245521322912588 43.234839826651566 -0.27504808268841724 0.3584229644589482 0.6722074467814886 -2.7890490920679007 1.1757382917481554 -0.6752490992776725 -5.169049788896283 0.17186006117810734 0.046886356848144906 0.04015083650227789 0.0688801691027886 -0.0954092905780438 -5.505974614248175 -5.328951230637218 -5.17351931973678 -5.093046031644412 -5.347084967696287 -4.932878051379393 -0.5933484080045358 0.1497421004396188 0.10298790666330536 0.2662262969772022 -0.06714209559420006 -0.712326878650801 0.010161512831593639 0.16260909979302615 -0.022479613084062957 -0.7553347405440269 0.0703669669214292 -0.09973827207886406 -0.440895840732397 -0.03180847795374489 -0.7851616053235773;
 4.492485261818035 1.8859028538933877 -0.27504808268841724 41.45859616990791 1.5568133505066908 1.4109208347492037 1.6905852183487222 0.48990526103732046 -0.5460203639531375 -0.1690868282792428 -5.374692723888667 -0.3898353853567755 -0.36729586021033583 -0.6590384204391487 -0.525818248592632 -0.5627863536361185 -5.348213232869932 -0.5063659699880614 -0.5107212844885887 -0.9233994352909967 -0.48437954262653393 -5.739334194573461 -5.329168377797908 -5.280564039609646 -5.332941228018806 -5.299983808019421 -0.7009198124053665 -0.4274639355805925 -0.34107948916534925 -0.34546934495673354 -0.7322304612733688 -0.4339495377373037 -0.48246128580143044 -0.3292500998377563 -0.3992999001835665 -0.6895874374110117;
 2.3678684166407535 1.1192459787321736 0.3584229644589482 1.5568133505066908 40.71989076784471 1.1644697953202696 1.743078143047799 1.5241063856905652 -0.5403669673243563 -0.13372513474836403 -0.10487396394198083 -5.382042670066905 -0.24267972210505293 -0.4930259863922459 -0.4590850820226145 -0.6179447405172319 -0.4597561299322823 -5.208021827411523 -0.42737566160613616 -0.7651759928244652 -0.412933697386392 -0.6249258086316047 -5.332234963231757 -0.23988844825982514 -0.24742842069497792 -0.4443781079173868 -5.704491668463463 -5.2466185010131055 -5.246282706257847 -5.1026593643926175 -0.7420401672017379 -0.336386196489555 -0.42010811221072025 -0.40973043405596393 -0.36046659728347286 -0.7357671379068123;
 1.0381986128824432 1.2780290740903038 0.6722074467814886 1.4109208347492037 1.1644697953202696 40.449297763656425 1.134461937347163 1.0059963247524244 -0.5708750829176374 -0.07632160386735941 -0.03922671210029402 -0.1678600756561239 -5.287690128355526 -0.35595312313799404 -0.32857224715057665 -0.6458086176499499 -0.3573417367964961 -0.3270837419720318 -5.117522813698634 -0.6187253634154936 -0.323945864523762 -0.6346457153154961 -0.13274710178785845 -5.267158142001406 -0.1434893252701908 -0.31586070959791485 -0.7132450279474043 -5.222941620899505 -0.1613310717384301 -0.20826147441172227 -5.669420969999568 -5.224265995658321 -5.10527358538643 -0.44034044004479334 -0.25233986853690016 -0.7412118446673179;
 2.370259889371183 -0.8393928737676745 -2.7890490920679007 1.6905852183487222 1.743078143047799 1.134461937347163 45.658535806769756 1.3480401909347244 -0.4487722203228197 0.011279954649395497 -0.010745722130339056 -0.20013246565072285 -0.1866027958379432 -5.761771908248613 -0.4176395654992541 -0.5968634777194526 -0.3173369341383835 -0.31665376126080025 -0.3476781025071646 -5.473432399638569 -0.3725081816370917 -0.6240499136729023 -0.22320192995758484 -0.22481180097566153 -5.548296780209939 -0.41628438927885053 -0.7208500151838048 -0.31511068644147716 -5.398897436532831 -0.287702209203589 -0.7372212829889059 -5.357523728610045 -0.3969984435140578 -5.543238085064165 -5.178870599994572 -0.727843572810758;
 -1.3426672913214672 0.3028563176912262 1.1757382917481554 0.48990526103732046 1.5241063856905652 1.0059963247524244 1.3480401909347244 41.19908994708325 -0.5587104029531198 -0.025134838334773577 0.1460780757669722 -0.04625493737347621 -0.028676469599519597 -0.16921223300543364 -5.358499102740285 -0.7062408631836475 -0.23635719751749554 -0.2258975716506236 -0.23530443375932328 -0.43172863374642195 -5.017115278110885 -0.6144047072255472 -0.02617951917723496 -0.029107644349874284 -0.025589663907600778 -5.338134990107355 -0.7505921951440871 -0.13835880835606093 -0.09779170782711927 -5.151757744694639 -0.7631943748876553 -0.13614559952946836 -5.156411179530558 -0.5353774021979382 -5.179182603299622 -5.575215338394932;
 3.5941974460510275 -5.722227458956151 -0.6752490992776725 -0.5460203639531375 -0.5403669673243563 -0.5708750829176374 -0.4487722203228197 -0.5587104029531198 6.772754373398521 0.06627224781629076 0.12082943336502656 0.14680786885749186 0.1287370032555136 0.197819930182677 0.16005227488931367 1.0090155681180761 -0.35308766978086165 -0.3700974051861534 -0.37617228996751084 -0.35042315764363324 -0.394092351315446 1.031836986768436 -0.3937964641047928 -0.3935694980225028 -0.4354803347396538 -0.3740683136429221 1.0387968498804034 -0.3892049605144508 -0.4503034527082534 -0.4132620201454955 1.0403956994251857 -0.4369184429961778 -0.39502437800592094 0.9209822651786811 -0.46143639313200113 1.017958559687179;
 -3.8254283405483016 -5.072264533050062 -5.169049788896283 -0.1690868282792428 -0.13372513474836403 -0.07632160386735941 0.011279954649395497 -0.025134838334773577 0.06627224781629076 11.418483088113877 0.500085273862915 0.4954340260875412 0.4852514447903452 0.5526891542623178 0.4841438126546939 0.06627224781616414 0.5714240995385093 0.5479160402882687 0.5390536727768978 0.6249293325073494 0.5183961857149871 -0.44873123868383236 -0.11253069489481789 -0.10048680487640084 -0.23508721560432957 -0.08022584090445052 -0.44244357303288306 -0.09406278118352959 -0.25328019053197665 -0.1368360470284227 -0.4288488104070587 -0.21793586561125255 -0.09481486020564582 -0.6956173775351958 -0.25622212839493136 -0.4623362962054708;
 -4.785015777915795 -5.402375401334621 0.17186006117810734 -5.374692723888667 -0.10487396394198083 -0.03922671210029402 -0.010745722130339056 0.1460780757669722 0.12082943336502656 0.500085273862915 11.514432069275832 0.5296522388620081 0.5200302964295176 0.5734717702652917 0.5309586660916232 -0.4505946661734888 0.5150034865001175 -0.007491689306822321 -0.004874105891575309 0.0599116294485743 -0.08503024487857525 0.12082943336508972 0.4986586866776154 0.49399662875768546 0.5094537778532989 0.5000568589670298 -0.3968228440423527 -0.01877604336555731 -0.09108188187789376 -0.09938620569840852 -0.38734650558083905 -0.06265657334599606 -0.05762012995032995 -0.5522057039633635 -0.1375758146076182 -0.4632926786601976;
 -5.154364783248102 -5.4030341112902125 0.046886356848144906 -0.3898353853567755 -5.382042670066905 -0.1678600756561239 -0.20013246565072285 -0.04625493737347621 0.14680786885749186 0.4954340260875412 0.5296522388620081 11.52262137460092 0.5269381301642694 0.5823111623343145 0.5285293789651296 -0.4011081714304636 0.12002238420170658 0.5087158208492609 0.05432378805701596 0.15789187880867786 0.007393380374970054 -0.3518508178197261 0.5176522774075015 0.020239992356924464 -0.01762378307131982 0.06198537054408956 0.14680786885765748 0.5049717235438209 0.5031463987309697 0.4700228674617864 -0.351533612011164 -0.025600018514257653 0.010473956036265789 -0.5195574442463381 -0.044280839084891714 -0.3844913313264047;
 -4.829003463996826 -5.316289785689633 0.04015083650227789 -0.36729586021033583 -0.24267972210505293 -5.287690128355526 -0.1866027958379432 -0.028676469599519597 0.1287370032555136 0.4852514447903452 0.5200302964295176 0.5269381301642694 11.504447455849602 0.5735915410557461 0.5253880470252913 -0.4103166695214444 0.10536091076824397 0.039738993126469065 0.49512105822335806 0.1287969744974787 -0.019676334636503985 -0.36525962550248614 -0.0014639489912016653 0.5081759389459789 -0.04366377554933774 0.028232301975762358 -0.3762347202886612 0.49834148086892 -0.08568651997721333 -0.07022424154718995 0.12873700325524323 0.5025621068522013 0.47764678585994863 -0.5463776287357167 -0.10163495460840902 -0.42018117663524596;
 -6.400422769113716 -5.595278614667373 0.0688801691027886 -0.6590384204391487 -0.4930259863922459 -0.35595312313799404 -5.761771908248613 -0.16921223300543364 0.197819930182677 0.5526891542623178 0.5734717702652917 0.5823111623343145 0.5735915410557461 11.598371326878718 0.5871415818428429 -0.42710940232467826 0.1751755861557344 0.09538831172335435 0.08913889111406857 0.7618896253515255 0.012154781259561449 -0.31163384767060265 0.10870566494905014 0.106320348895277 0.6730351373284701 0.15713849847296923 -0.30532646854807666 0.11128653849160486 0.6663653131040778 0.04870868330503561 -0.3047421766694261 0.6751146319910827 0.0963977768097698 0.1978199301827119 0.6668450709285669 -0.3571391089722887;
 -5.332949257111541 -5.3294046611574455 -0.0954092905780438 -0.525818248592632 -0.4590850820226145 -0.32857224715057665 -0.4176395654992541 -5.358499102740285 0.16005227488931367 0.4841438126546939 0.5309586660916232 0.5285293789651296 0.5253880470252913 0.5871415818428429 11.516796451485304 -0.35834391082556644 0.16525608578303233 0.12944266665346252 0.11449119484235323 0.2440673471354618 0.5286085440213772 -0.3400045840775737 0.03740083515413133 0.029387827974713714 -0.019562683865490177 0.5841221120253026 -0.3099705925723838 0.05975028551078629 -0.004427844220273996 0.5312992001838951 -0.3175945109706098 0.005237177798742451 0.5489181798902749 -0.506792796039343 0.5549590391549599 0.16005227488932885;
 4.524567376919055 -0.5767276432450851 -5.505974614248175 -0.5627863536361185 -0.6179447405172319 -0.6458086176499499 -0.5968634777194526 -0.7062408631836475 1.0090155681180761 0.06627224781616414 -0.4505946661734888 -0.4011081714304636 -0.4103166695214444 -0.42710940232467826 -0.35834391082556644 6.663759850951839 0.14699760408159776 0.12533662090131512 0.10907915482212886 0.20226599661881162 0.09005146133903826 0.9552627086842921 -0.4836149447672949 -0.48603131761621354 -0.5783177670848894 -0.42754323641644254 1.0023193842462774 -0.44260846773682083 -0.534880241404212 -0.4223157642637028 1.0002548578301222 -0.5276965525239897 -0.41095576597320616 0.841954711115542 -0.491855873629225 1.0208324781720781;
 -5.5360677553330415 -0.670971803424975 -5.328951230637218 -5.348213232869932 -0.4597561299322823 -0.3573417367964961 -0.3173369341383835 -0.23635719751749554 -0.35308766978086165 0.5714240995385093 0.5150034865001175 0.12002238420170658 0.10536091076824397 0.1751755861557344 0.16525608578303233 0.14699760408159776 11.558586102996697 0.6194707195248483 0.6124921160230314 0.7163092026103298 0.5844335888651282 0.14699760408163012 0.5201513860222727 0.5161287568356293 0.5343495984069496 0.5280140777318495 -0.3548925641813878 0.0580097845536822 -0.045908592966293744 -0.0018245639223350878 -0.3465163882663808 -0.009809229251962107 0.05363408384742663 -0.585641766516501 -0.061193695127097464 -0.3925356388479102;
 -4.948765124576669 -0.5899946972500967 -5.17351931973678 -0.5063659699880614 -5.208021827411523 -0.3270837419720318 -0.31665376126080025 -0.2258975716506236 -0.3700974051861534 0.5479160402882687 -0.007491689306822321 0.5087158208492609 0.039738993126469065 0.09538831172335435 0.12944266665346252 0.12533662090131512 0.6194707195248483 11.486581783422514 0.5803416373869611 0.6668879510301395 0.5375831230835807 -0.3948147651208478 0.5018901682631829 -0.02338573285203383 -0.07722062498417064 0.07102108731663614 0.12533662090139033 0.4895725150811758 0.4865938538609135 0.4522181239053647 -0.36101363683083953 -0.05381546681046491 0.04792951759724979 -0.5661892490774989 -0.03149820979729613 -0.36020520743898304;
 -4.713692735523813 -0.5720060444222599 -5.093046031644412 -0.5107212844885887 -0.42737566160613616 -5.117522813698634 -0.3476781025071646 -0.23530443375932328 -0.37617228996751084 0.5390536727768978 -0.004874105891575309 0.05432378805701596 0.49512105822335806 0.08913889111406857 0.11449119484235323 0.10907915482212886 0.6124921160230314 0.5803416373869611 11.47573461659318 0.6643696505833818 0.5413194349924935 -0.4070496020133963 -0.034624051701491236 0.49351399234798704 -0.10213571728848639 0.03758171668165174 -0.38049336025881864 0.4863502577321508 -0.10894044568384402 -0.031355025302305474 0.10907915482237084 0.4896534131099902 0.4674015774116514 -0.5990774229070711 -0.08673516030031692 -0.39138195999604136;
 -6.906565517597383 -1.0128764729879538 -5.347084967696287 -0.9233994352909967 -0.7651759928244652 -0.6187253634154936 -5.473432399638569 -0.43172863374642195 -0.35042315764363324 0.6249293325073494 0.0599116294485743 0.15789187880867786 0.1287969744974787 0.7618896253515255 0.2440673471354618 0.20226599661881162 0.7163092026103298 0.6668879510301395 0.6643696505833818 11.647431912557845 0.6175610623401793 -0.33208360178824436 0.12312921795015931 0.11194494654051293 0.7326393705981402 0.22229805770265623 -0.28432785724205084 0.16275591249423058 0.6915258699788669 0.1276479761149334 -0.2873874164911708 0.7081565777294195 0.18782095564427972 0.2022659966186618 0.6627093213103319 -0.3094114464481371;
 -4.20926201651748 -0.5122078391767872 -4.932878051379393 -0.48437954262653393 -0.412933697386392 -0.323945864523762 -0.3725081816370917 -5.017115278110885 -0.394092351315446 0.5183961857149871 -0.08503024487857525 0.007393380374970054 -0.019676334636503985 0.012154781259561449 0.5286085440213772 0.09005146133903826 0.5844335888651282 0.5375831230835807 0.5413194349924935 0.6175610623401793 11.402054092068953 -0.4379626163927519 -0.06919652339442887 -0.09121580052898304 -0.16110436257554928 0.5395332429295575 -0.3621666625663672 -0.01657449229498788 -0.09614976631786379 0.48554182834040616 -0.3773501160727477 -0.10108579534405385 0.5004611148180902 -0.572657859971256 0.5116774430668213 0.09005146133903863;
 3.3440260131952644 -0.6217908978135162 -0.5933484080045358 -5.739334194573461 -0.6249258086316047 -0.6346457153154961 -0.6240499136729023 -0.6144047072255472 1.031836986768436 -0.44873123868383236 0.12082943336508972 -0.3518508178197261 -0.36525962550248614 -0.31163384767060265 -0.3400045840775737 0.9552627086842921 0.14699760408163012 -0.3948147651208478 -0.4070496020133963 -0.33208360178824436 -0.4379626163927519 6.805351669414557 0.13585577475750152 0.12646079840679797 0.13799143552550397 0.1568903524486909 1.0634037289096643 -0.351961193938761 -0.36380949452527794 -0.37576740574543976 1.058682733090538 -0.35772026763213505 -0.36224734408974646 0.9875044413983917 -0.37245316633166436 1.0359731836091166;
 -4.799655036099615 -0.31227680466074126 0.1497421004396188 -5.329168377797908 -5.332234963231757 -0.13274710178785845 -0.22320192995758484 -0.02617951917723496 -0.3937964641047928 -0.11253069489481789 0.4986586866776154 0.5176522774075015 -0.0014639489912016653 0.10870566494905014 0.03740083515413133 -0.4836149447672949 0.5201513860222727 0.5018901682631829 -0.034624051701491236 0.12312921795015931 -0.06919652339442887 0.13585577475750152 11.506004912557842 0.48969436358885804 0.49581720415118075 0.4910347645653245 0.13585577475749516 0.49515879244953914 0.4930138049644293 0.46188685121540923 -0.3600430658971403 0.011423292694724071 -0.0048360858703838695 -0.47255336367059375 -0.01199604574574004 -0.3903123518479394;
 -4.672617017955102 -0.34553189774439164 0.10298790666330536 -5.280564039609646 -0.23988844825982514 -5.267158142001406 -0.22481180097566153 -0.029107644349874284 -0.3935694980225028 -0.10048680487640084 0.49399662875768546 0.020239992356924464 0.5081759389459789 0.106320348895277 0.029387827974713714 -0.48603131761621354 0.5161287568356293 -0.02338573285203383 0.49351399234798704 0.11194494654051293 -0.09121580052898304 0.12646079840679797 0.48969436358885804 11.500470684534859 0.49439336569160813 0.4926110131089838 -0.3686979940427064 0.4958988406545769 -0.0242439106036369 -0.06012836356834456 0.12646079840677793 0.5010614556103037 0.4752615998982129 -0.4917885021309742 -0.045312178307297696 -0.4180160568848749;
 -4.830854891866409 -0.24349745557699629 0.2662262969772022 -5.332941228018806 -0.24742842069497792 -0.1434893252701908 -5.548296780209939 -0.025589663907600778 -0.4354803347396538 -0.23508721560432957 0.5094537778532989 -0.01762378307131982 -0.04366377554933774 0.6730351373284701 -0.019562683865490177 -0.5783177670848894 0.5343495984069496 -0.07722062498417064 -0.10213571728848639 0.7326393705981402 -0.16110436257554928 0.13799143552550397 0.49581720415118075 0.49439336569160813 11.497924270455028 0.49815835504265227 -0.3550223694388548 0.012820617908954559 0.6084091384281621 -0.03493481132878884 -0.3630700200846969 0.6182493005379758 -0.012134663056551658 0.1379914355255125 0.6134101072182285 -0.4035723752393505;
 -5.146232123877545 -0.4958039485809512 -0.06714209559420006 -5.299983808019421 -0.4443781079173868 -0.31586070959791485 -0.41628438927885053 -5.338134990107355 -0.3740683136429221 -0.08022584090445052 0.5000568589670298 0.06198537054408956 0.028232301975762358 0.15713849847296923 0.5841221120253026 -0.42754323641644254 0.5280140777318495 0.07102108731663614 0.03758171668165174 0.22229805770265623 0.5395332429295575 0.1568903524486909 0.4910347645653245 0.4926110131089838 0.49815835504265227 11.513364499657397 -0.30499649876668666 0.06496444943851698 0.04693085707456186 0.5261681266054885 -0.3183712474496045 0.0574468413641018 0.5444768552913369 -0.45651975476947576 0.5415638107649232 0.15689035244872854;
 3.3192206265466457 -0.6885068541682879 -0.712326878650801 -0.7009198124053665 -5.704491668463463 -0.7132450279474043 -0.7208500151838048 -0.7505921951440871 1.0387968498804034 -0.44244357303288306 -0.3968228440423527 0.14680786885765748 -0.3762347202886612 -0.30532646854807666 -0.3099705925723838 1.0023193842462774 -0.3548925641813878 0.12533662090139033 -0.38049336025881864 -0.28432785724205084 -0.3621666625663672 1.0634037289096643 0.13585577475749516 -0.3686979940427064 -0.3550223694388548 -0.30499649876668666 6.8274607009633534 0.13773316964997823 0.13200770962606523 0.11526735881974336 1.0794226032391685 -0.34322950909859845 -0.32005329959342477 1.014263135087979 -0.32024415393932276 1.0955245147714654;
 -4.735587618410699 -0.4160162857647506 0.010161512831593639 -0.4274639355805925 -5.2466185010131055 -5.222941620899505 -0.31511068644147716 -0.13835880835606093 -0.3892049605144508 -0.09406278118352959 -0.01877604336555731 0.5049717235438209 0.49834148086892 0.11128653849160486 0.05975028551078629 -0.44260846773682083 0.0580097845536822 0.4895725150811758 0.4863502577321508 0.16275591249423058 -0.01657449229498788 -0.351961193938761 0.49515879244953914 0.4958988406545769 0.012820617908954559 0.06496444943851698 0.13773316964997823 11.48109997578649 0.4799026071581702 0.4504169686126903 0.1377331696499792 0.49196830760793037 0.46761192627831566 -0.4673088968561896 0.010400485334124696 -0.35832141620933267;
 -4.546561514771162 -0.2601125652892225 0.16260909979302615 -0.34107948916534925 -5.246282706257847 -0.1613310717384301 -5.398897436532831 -0.09779170782711927 -0.4503034527082534 -0.25328019053197665 -0.09108188187789376 0.5031463987309697 -0.08568651997721333 0.6663653131040778 -0.004427844220273996 -0.534880241404212 -0.045908592966293744 0.4865938538609135 -0.10894044568384402 0.6915258699788669 -0.09614976631786379 -0.36380949452527794 0.4930138049644293 -0.0242439106036369 0.6084091384281621 0.04693085707456186 0.13200770962606523 0.4799026071581702 11.466515914624718 0.4459493426502437 -0.3599605979818707 0.6050420665060156 0.00510013557298001 0.1320077096260475 0.5621528455413864 -0.35959684180999996;
 -4.132926437868085 -0.3389149857383019 -0.022479613084062957 -0.34546934495673354 -5.1026593643926175 -0.20826147441172227 -0.287702209203589 -5.151757744694639 -0.4132620201454955 -0.1368360470284227 -0.09938620569840852 0.4700228674617864 -0.07022424154718995 0.04870868330503561 0.5312992001838951 -0.4223157642637028 -0.0018245639223350878 0.4522181239053647 -0.031355025302305474 0.1276479761149334 0.48554182834040616 -0.37576740574543976 0.46188685121540923 -0.06012836356834456 -0.03493481132878884 0.5261681266054885 0.11526735881974336 0.4504169686126903 0.4459493426502437 11.416370868881863 -0.3523445674585042 -0.01550062090724149 0.4960545858594837 -0.44688548672144585 0.49160455143612053 0.11526735881978581;
 3.4042889553371034 -0.7317414450138989 -0.7553347405440269 -0.7322304612733688 -0.7420401672017379 -5.669420969999568 -0.7372212829889059 -0.7631943748876553 1.0403956994251857 -0.4288488104070587 -0.38734650558083905 -0.351533612011164 0.12873700325524323 -0.3047421766694261 -0.3175945109706098 1.0002548578301222 -0.3465163882663808 -0.36101363683083953 0.10907915482237084 -0.2873874164911708 -0.3773501160727477 1.058682733090538 -0.3600430658971403 0.12646079840677793 -0.3630700200846969 -0.3183712474496045 1.0794226032391685 0.1377331696499792 -0.3599605979818707 -0.3523445674585042 6.812484481301781 0.1366730980593994 0.13036366901923485 0.9953220723822155 -0.3466553573742059 1.0732902910043896;
 -4.763115710973441 -0.38390414401839357 0.0703669669214292 -0.4339495377373037 -0.336386196489555 -5.224265995658321 -5.357523728610045 -0.13614559952946836 -0.4369184429961778 -0.21793586561125255 -0.06265657334599606 -0.025600018514257653 0.5025621068522013 0.6751146319910827 0.005237177798742451 -0.5276965525239897 -0.009809229251962107 -0.05381546681046491 0.4896534131099902 0.7081565777294195 -0.10108579534405385 -0.35772026763213505 0.011423292694724071 0.5010614556103037 0.6182493005379758 0.0574468413641018 -0.34322950909859845 0.49196830760793037 0.6050420665060156 -0.01550062090724149 0.1366730980593994 11.489421820374675 0.4723605460851578 0.13667309805953926 0.592451548227932 -0.3723013398602546;
 -4.528264512375171 -0.48105717757749716 -0.09973827207886406 -0.48246128580143044 -0.42010811221072025 -5.10527358538643 -0.3969984435140578 -5.156411179530558 -0.39502437800592094 -0.09481486020564582 -0.05762012995032995 0.010473956036265789 0.47764678585994863 0.0963977768097698 0.5489181798902749 -0.41095576597320616 0.05363408384742663 0.04792951759724979 0.4674015774116514 0.18782095564427972 0.5004611148180902 -0.36224734408974646 -0.0048360858703838695 0.4752615998982129 -0.012134663056551658 0.5444768552913369 -0.32005329959342477 0.46761192627831566 0.00510013557298001 0.4960545858594837 0.13036366901923485 0.4723605460851578 11.445863096753701 -0.4620878792084849 0.5089744379198085 0.13036366901925125;
 4.975223073535293 -0.25092252151211414 -0.440895840732397 -0.3292500998377563 -0.40973043405596393 -0.44034044004479334 -5.543238085064165 -0.5353774021979382 0.9209822651786811 -0.6956173775351958 -0.5522057039633635 -0.5195574442463381 -0.5463776287357167 0.1978199301827119 -0.506792796039343 0.841954711115542 -0.585641766516501 -0.5661892490774989 -0.5990774229070711 0.2022659966186618 -0.572657859971256 0.9875044413983917 -0.47255336367059375 -0.4917885021309742 0.1379914355255125 -0.45651975476947576 1.014263135087979 -0.4673088968561896 0.1320077096260475 -0.44688548672144585 0.9953220723822155 0.13667309805953926 -0.4620878792084849 6.66758148383792 0.1257051887109881 1.015915156143773;
 -4.370032377039746 -0.38030298906157034 -0.03180847795374489 -0.3992999001835665 -0.36046659728347286 -0.25233986853690016 -5.178870599994572 -5.179182603299622 -0.46143639313200113 -0.25622212839493136 -0.1375758146076182 -0.044280839084891714 -0.10163495460840902 0.6668450709285669 0.5549590391549599 -0.491855873629225 -0.061193695127097464 -0.03149820979729613 -0.08673516030031692 0.6627093213103319 0.5116774430668213 -0.37245316633166436 -0.01199604574574004 -0.045312178307297696 0.6134101072182285 0.5415638107649232 -0.32024415393932276 0.010400485334124696 0.5621528455413864 0.49160455143612053 -0.3466553573742059 0.592451548227932 0.5089744379198085 0.1257051887109881 11.415710369011531 0.1257051887108475;
 3.907858174231321 -0.6910377300574011 -0.7851616053235773 -0.6895874374110117 -0.7357671379068123 -0.7412118446673179 -0.727843572810758 -5.575215338394932 1.017958559687179 -0.4623362962054708 -0.4632926786601976 -0.3844913313264047 -0.42018117663524596 -0.3571391089722887 0.16005227488932885 1.0208324781720781 -0.3925356388479102 -0.36020520743898304 -0.39138195999604136 -0.3094114464481371 0.09005146133903863 1.0359731836091166 -0.3903123518479394 -0.4180160568848749 -0.4035723752393505 0.15689035244872854 1.0955245147714654 -0.35832141620933267 -0.35959684180999996 0.11526735881978581 1.0732902910043896 -0.3723013398602546 0.13036366901925125 1.015915156143773 0.1257051887108475 6.77995919746153;
]

rational_SOS(P0, 1, 0, M0, Q0)
solve(n, X, P0, Q0, M0, false)
## Multiplier-1
P1 = 339*X[1]^2//50 + 319*X[1]*X[2]//1250 + 329*X[1]*X[3]//1250 + 1159*X[1]*X[4]//5000 + 3149*X[1]*X[5]//10000 + 873*X[1]*X[6]//5000 + 3253*X[1]*X[7]//10000 + 2409*X[1]//1000 + 6667*X[2]^2//1000 + 267*X[2]*X[3]//1000 + 1337*X[2]*X[4]//5000 + 697*X[2]*X[5]//2500 + 4047*X[2]*X[6]//10000 + 3933*X[2]*X[7]//10000 + 449*X[2]//200 + 1703*X[3]^2//250 + 1407*X[3]*X[4]//5000 + 501*X[3]*X[5]//2000 + 1119*X[3]*X[6]//5000 + 33*X[3]*X[7]//125 + 286*X[3]//125 + 6827*X[4]^2//1000 + 2739*X[4]*X[5]//10000 + 154*X[4]*X[6]//625 + 29*X[4]*X[7]//100 + 449*X[4]//200 + 1361*X[5]^2//200 + 743*X[5]*X[6]//2500 + 1217*X[5]*X[7]//5000 + 533*X[5]//250 + 1333*X[6]^2//200 + 81*X[6]*X[7]//625 + 579*X[6]//250 + 6773*X[7]^2//1000 + 263*X[7]//125 + 3553//1000
M1 = [1, X[7], X[6], X[5], X[4], X[3], X[2], X[1]]
Q1 = [3.553120718922819 1.050526914442091 1.157785236703397 1.0660174748403843 1.12296903249985 1.1430635113019731 1.1243433987733742 1.2047438590663115;
 1.050526914442091 6.772754373398814 0.06627224781623357 0.1208294333649674 0.1468078688579301 0.12873700325520668 0.19781993018292393 0.16005227488916227;
 1.157785236703397 0.06627224781623357 6.663759850951601 0.14699760408182838 0.1253366209011926 0.10907915482253393 0.2022659966189617 0.0900514613389404;
 1.0660174748403843 0.1208294333649674 0.14699760408182838 6.8053516694144935 0.13585577475748317 0.12646079840678637 0.13799143552541923 0.15689035244862007;
 1.12296903249985 0.1468078688579301 0.1253366209011926 0.13585577475748317 6.827460700963657 0.13773316965005655 0.13200770962590613 0.11526735882005926;
 1.1430635113019731 0.12873700325520668 0.10907915482253393 0.12646079840678637 0.13773316965005655 6.812484481302339 0.13667309805955005 0.13036366901923466;
 1.1243433987733742 0.19781993018292393 0.2022659966189617 0.13799143552541923 0.13200770962590613 0.13667309805955005 6.667581483838027 0.1257051887108479;
 1.2047438590663115 0.16005227488916227 0.0900514613389404 0.15689035244862007 0.11526735882005926 0.13036366901923466 0.1257051887108479 6.779959197461672;
]
solve(n, X, P1, Q1, M1, false)
# unsafe
## Total Decomposition
