include("utils/util.jl")
include("utils/newtonUpdate.jl")
include("utils/rationalSOS.jl")

X = nothing
eig_tol = 1e-4
tol = 1e-50


SOS_time = 0
Newton_time = 0
function solve(n, X, f, Q, mono,newton)
    global SOS_time, Newton_time
    Q = round.(Q, digits=2)
    rQ = symplify_rational.(Q)

    model = nothing
    if !newton
        model = rational_SOS(f, 1, 0, mono, rQ)
    else
        Newton_time+=@elapsed update_Q = newton_refine_update(f, mono, Q, eig_tol, 90, tol, X)
        Q_res = symplify_rational.(update_Q*update_Q')
        SOS_time+=@elapsed model = rational_SOS(f, 1, 0, mono, Q_res)
    end
    
    SOSrational_time, coeffs, terms = model[2:end]
    
    @show expand(f-(coeffs' * terms.^2))

    data = Dict(
        "n" => n,
        "expression" => f,
        "coeff" => join([string(c) for c in coeffs], ","),
        "term" => join([string(t) for t in terms], ","),
        "SOSrational_time" => SOSrational_time,
        "SOS_expression" => string(coeffs' * terms.^2)
    )

    # save("src/output/data.json", data)    
end

n = 8
@Symbolics.variables X[1:n]

#C18
# init
## Multiplier-6
P0 = 137*X[1]^2//1000 + 363*X[1]*X[2]//500000 + 33*X[1]*X[3]//25000 + 13*X[1]*X[4]//10000 + 87*X[1]*X[5]//250000 - 33*X[1]*X[6]//1000 - 11*X[1]*X[7]//40000 - 14*X[1]*X[8]//15625 - 63*X[1]//5000 + 137*X[2]^2//1000 + 6*X[2]*X[3]//3125 + 81*X[2]*X[4]//50000 + 131*X[2]*X[5]//200000 - 333*X[2]*X[6]//10000 + 223*X[2]*X[7]//10000000 - 3*X[2]*X[8]//5000 - 67*X[2]//5000 + 69*X[3]^2//500 + 257*X[3]*X[4]//100000 + 129*X[3]*X[5]//100000 - 173*X[3]*X[6]//5000 + 459*X[3]*X[7]//500000 + 73*X[3]*X[8]//250000 - 153*X[3]//10000 + 69*X[4]^2//500 + 127*X[4]*X[5]//100000 - 43*X[4]*X[6]//1250 + 633*X[4]*X[7]//1000000 + 281*X[4]*X[8]//1000000 - 3*X[4]//200 + 137*X[5]^2//1000 - 329*X[5]*X[6]//10000 - 143*X[5]*X[7]//500000 - 181*X[5]*X[8]//200000 - 123*X[5]//10000 + 169*X[6]^2//1000 - 321*X[6]*X[7]//10000 - 39*X[6]*X[8]//1250 + 107*X[6]//1000 + 17*X[7]^2//125 - 149*X[7]*X[8]//100000 - 113*X[7]//10000 + 17*X[8]^2//125 - 991*X[8]//100000 + 67//500
M0 = [1, X[8], X[7], X[6], X[5], X[4], X[3], X[2], X[1]]
Q0 = [0.13416344469959707 -0.0049068927439196944 -0.005571012541974864 0.053796073827441934 -0.006202141308395107 -0.007559061687920018 -0.007684100244351452 -0.006730208881868248 -0.006286700908513793;
 -0.0049068927439196944 0.13576697176719038 -0.0006851793928259381 -0.015588076181439293 -0.00043667341422938473 9.311535076055766e-05 0.00014106292136783263 -0.00022906309933548206 -0.0004033793685718213;
 -0.005571012541974864 -0.0006851793928259381 0.13619335470963184 -0.015978843500457803 -0.00017788417109831396 0.000361467325740835 0.00041051418901582063 3.291119098346184e-05 -0.00014412620175971398;
 0.053796073827441934 -0.015588076181439293 -0.015978843500457803 0.1688782407169977 -0.016353199522999774 -0.017160919182748806 -0.017235462638428234 -0.016667225046003216 -0.016403448614049746;
 -0.006202141308395107 -0.00043667341422938473 -0.00017788417109831396 -0.016353199522999774 0.13665140856585986 0.0006287523679633934 0.0006791056023259371 0.0002924445790325852 0.00011190748706743495;
 -0.007559061687920018 9.311535076055766e-05 0.000361467325740835 -0.017160919182748806 0.0006287523679633934 0.13771945624192114 0.0012664697344723602 0.0008552466271786129 0.0006648829084281952;
 -0.007684100244351452 0.00014106292136783263 0.00041051418901582063 -0.017235462638428234 0.0006791056023259371 0.0012664697344723602 0.13782296545235492 0.0009068469545575083 0.0007154268490719986;
 -0.006730208881868248 -0.00022906309933548206 3.291119098346184e-05 -0.016667225046003216 0.0002924445790325852 0.0008552466271786129 0.0009068469545575083 0.13705427461717226 0.00032743320385061436;
 -0.006286700908513793 -0.0004033793685718213 -0.00014412620175971398 -0.016403448614049746 0.00011190748706743495 0.0006648829084281952 0.0007154268490719986 0.00032743320385061436 0.1367147452003751;
]
solve(n, X, P0, Q0, M0, false)
## Multiplier-8
P1 = 69*X[1]^2//500 + 107*X[1]*X[2]//100000 + 99*X[1]*X[3]//50000 + 169*X[1]*X[4]//100000 + 351*X[1]*X[5]//500000 + 3*X[1]*X[6]//8000 + 337*X[1]*X[7]//1000000 - 81*X[1]*X[8]//2500 - 121*X[1]//10000 + 69*X[2]^2//500 + 231*X[2]*X[3]//100000 + 203*X[2]*X[4]//100000 + 51*X[2]*X[5]//50000 + 699*X[2]*X[6]//1000000 + 329*X[2]*X[7]//500000 - 331*X[2]*X[8]//10000 - 8*X[2]//625 + 139*X[3]^2//1000 + 269*X[3]*X[4]//100000 + 169*X[3]*X[5]//100000 + 67*X[3]*X[6]//50000 + 131*X[3]*X[7]//100000 - 341*X[3]*X[8]//10000 - 147*X[3]//10000 + 139*X[4]^2//1000 + 167*X[4]*X[5]//100000 + 133*X[4]*X[6]//100000 + 13*X[4]*X[7]//10000 - 17*X[4]*X[8]//500 - 9*X[4]//625 + 69*X[5]^2//500 + 367*X[5]*X[6]//1000000 + 163*X[5]*X[7]//500000 - 323*X[5]*X[8]//10000 - 59*X[5]//5000 + 69*X[6]^2//500 + 101*X[6]*X[7]//5000000 - 4*X[6]*X[8]//125 - 11*X[6]//1000 + 137*X[7]^2//1000 - 319*X[7]*X[8]//10000 - 107*X[7]//10000 + 17*X[8]^2//100 + 107*X[8]//1000 + 131//1000
M1 = [1, X[8], X[7], X[6], X[5], X[4], X[3], X[2], X[1]]
Q1 = [0.1310398255734644 0.05335005635647631 -0.005352695728807483 -0.005531762762284067 -0.005929316041794679 -0.007164050846017499 -0.007277666780050357 -0.006410418616939382 -0.006006424012110041;
 0.05335005635647631 0.17005034602558433 -0.0159026198292561 -0.01601184603655313 -0.016256223196486418 -0.01702703282562563 -0.017098711928190773 -0.01655463490020542 -0.016303864983340438;
 -0.005352695728807483 -0.0159026198292561 0.13722339566463276 -5.729601144507025e-05 0.00010923585474422025 0.0006227561394833407 0.000669172624324341 0.0003106263512062677 0.00014155240737491766;
 -0.005531762762284067 -0.01601184603655313 -5.729601144507025e-05 0.13735514181536324 0.00018294663790076877 0.000694867849782391 0.0007412085114544631 0.000383547613715115 0.0002151223787306159;
 -0.005929316041794679 -0.016256223196486418 0.00010923585474422025 0.00018294663790076877 0.13765203539255322 0.0008563890963222408 0.0009026449894592109 0.0005463121767464909 0.0003790429677560545;
 -0.007164050846017499 -0.01702703282562563 0.0006227561394833407 0.000694867849782391 0.0008563890963222408 0.13860779993060576 0.0014109945023055715 0.0010538233302363862 0.0008879169776462273;
 -0.007277666780050357 -0.017098711928190773 0.000669172624324341 0.0007412085114544631 0.0009026449894592109 0.0014109945023055715 0.13869773511959993 0.001100115192626926 0.0009341686204160003;
 -0.006410418616939382 -0.01655463490020542 0.0003106263512062677 0.000383547613715115 0.0005463121767464909 0.0010538233302363862 0.001100115192626926 0.13801897164258103 0.0005780020237383896;
 -0.006006424012110041 -0.016303864983340438 0.00014155240737491766 0.0002151223787306159 0.0003790429677560545 0.0008879169776462273 0.0009341686204160003 0.0005780020237383896 0.13771030435620368;
]
solve(n, X, P1, Q1, M1, false)
## Multiplier-4
P2 = 27*X[1]^2//200 + 213*X[1]*X[2]//500000 + 101*X[1]*X[3]//100000 - 321*X[1]*X[4]//10000 - 119*X[1]*X[5]//500000 - 281*X[1]*X[6]//500000 - 37*X[1]*X[7]//62500 - 3*X[1]*X[8]//2500 - X[1]//80 + 17*X[2]^2//125 + 81*X[2]*X[3]//50000 - 327*X[2]*X[4]//10000 + 343*X[2]*X[5]//1000000 - 121*X[2]*X[6]//500000 - 273*X[2]*X[7]//1000000 - 453*X[2]*X[8]//500000 - 17*X[2]//1250 + 17*X[3]^2//125 - 21*X[3]*X[4]//625 + 991*X[3]*X[5]//1000000 + 327*X[3]*X[6]//500000 + 9*X[3]*X[7]//25000 - 71*X[3]*X[8]//250000 - 81*X[3]//5000 + 167*X[4]^2//1000 - 161*X[4]*X[5]//5000 - 157*X[4]*X[6]//5000 - 313*X[4]*X[7]//10000 - 153*X[4]*X[8]//5000 + 11*X[4]//100 + 27*X[5]^2//200 - 561*X[5]*X[6]//1000000 - 853*X[5]*X[7]//1000000 - 3*X[5]*X[8]//2500 - X[5]//80 + 67*X[6]^2//500 - 29*X[6]*X[7]//25000 - 19*X[6]*X[8]//12500 - 57*X[6]//5000 + 67*X[7]^2//500 - 181*X[7]*X[8]//100000 - 27*X[7]//2500 + 67*X[8]^2//500 - 227*X[8]//25000 + 71//500
M2 = [1, X[8], X[7], X[6], X[5], X[4], X[3], X[2], X[1]]
Q2 = [0.14200403224919014 -0.004585307834559592 -0.005414798799046544 -0.0056610396791683575 -0.0062106208159164195 0.05496446016249355 -0.00809263075854516 -0.006879765442305949 -0.006317604499628079;
 -0.004585307834559592 0.13394896888739827 -0.0008846836539232515 -0.0008146087222420195 -0.0006576108899312506 -0.015229131630328054 -0.00011843571312244704 -0.00046555694013142394 -0.0006269498409196697;
 -0.005414798799046544 -0.0008846836539232515 0.13434292325900143 -0.0005572918631331995 -0.00038461982079746607 -0.01563059473930943 0.00021044984399545423 -0.00017308487038885715 -0.0003508731604355133;
 -0.0056610396791683575 -0.0008146087222420195 -0.0005572918631331995 0.13448060052255634 -0.00030067229104936737 -0.015748913801935143 0.0003115859720417442 -8.313745966660884e-05 -0.00026597452140470835;
 -0.0062106208159164195 -0.0006576108899312506 -0.00038461982079746607 -0.00030067229104936737 0.1348078733492509 -0.01601153957623236 0.000538988497257012 0.00011890892381223554 -7.536608998894347e-05;
 0.05496446016249355 -0.015229131630328054 -0.01563059473930943 -0.015748913801935143 -0.01601153957623236 0.16691443127452477 -0.01689597320470961 -0.016328572658065248 -0.016062427514222103;
 -0.00809263075854516 -0.00011843571312244704 0.00021044984399545423 0.0003115859720417442 0.000538988497257012 -0.01689597320470961 0.13612931945162177 0.0008184834438088946 0.0005835049717627423;
 -0.006879765442305949 -0.00046555694013142394 -0.00017308487038885715 -8.313745966660884e-05 0.00011890892381223554 -0.016328572658065248 0.0008184834438088946 0.135243067897329 0.0001584353423652032;
 -0.006317604499628079 -0.0006269498409196697 -0.0003508731604355133 -0.00026597452140470835 -7.536608998894347e-05 -0.016062427514222103 0.0005835049717627423 0.0001584353423652032 0.13487477443362889;
]
solve(n, X, P2, Q2, M2, false)
## Multiplier-7
P3 = 137*X[1]^2//1000 + 41*X[1]*X[2]//62500 + 31*X[1]*X[3]//20000 + X[1]*X[4]//800 + 281*X[1]*X[5]//1000000 - 613*X[1]*X[6]//10000000 - 163*X[1]*X[7]//5000 - 633*X[1]*X[8]//1000000 - X[1]//80 + 69*X[2]^2//500 + 19*X[2]*X[3]//10000 + 189*X[2]*X[4]//100000 + 19*X[2]*X[5]//31250 + 133*X[2]*X[6]//500000 - 333*X[2]*X[7]//10000 - 161*X[2]*X[8]//500000 - 133*X[2]//10000 + 69*X[3]^2//500 + 127*X[3]*X[4]//50000 + 19*X[3]*X[5]//12500 + 117*X[3]*X[6]//100000 - 43*X[3]*X[7]//1250 + 37*X[3]*X[8]//125000 - 19*X[3]//1250 + 69*X[4]^2//500 + 123*X[4]*X[5]//100000 + 179*X[4]*X[6]//200000 - 343*X[4]*X[7]//10000 + 57*X[4]*X[8]//200000 - 149*X[4]//10000 + 137*X[5]^2//1000 - 181*X[5]*X[6]//2500000 - 13*X[5]*X[7]//400 - 643*X[5]*X[8]//1000000 - 61*X[5]//5000 + 137*X[6]^2//1000 - 161*X[6]*X[7]//5000 - 3*X[6]*X[8]//2500 - 57*X[6]//5000 + 169*X[7]^2//1000 - 39*X[7]*X[8]//1250 + 107*X[7]//1000 + 17*X[8]^2//125 - 123*X[8]//12500 + 133//1000
M3 = [1, X[8], X[7], X[6], X[5], X[4], X[3], X[2], X[1]]
Q3 = [0.13335905802646755 -0.004905353961882797 0.053643397898067595 -0.005748232320137292 -0.006174531608450733 -0.007502065187385763 -0.00762434487777761 -0.006691308671370494 -0.006257299682606629;
 -0.004905353961882797 0.13599311299365324 -0.01560181708479788 -0.0005547942214346754 -0.0003835098939186327 0.00014491360360310414 0.00019267900431866868 -0.0001762770842446493 -0.0003502613509116058;
 0.053643397898067595 -0.01560181708479788 0.16909661800623155 -0.016104041966176527 -0.01636053033555808 -0.017163525535953156 -0.017237734508025272 -0.016672473667398827 -0.01641042504640005;
 -0.005748232320137292 -0.0005547942214346754 -0.016104041966176527 0.13655518196137692 -5.065480931105604e-05 0.00048548249631191835 0.0005342501735988177 0.0001588714557060596 -1.709984714771743e-05;
 -0.006174531608450733 -0.0003835098939186327 -0.01636053033555808 -5.065480931105604e-05 0.1368695241097428 0.0006649720171453654 0.0007144235439593718 0.00033446828151971367 0.00015687547548266448;
 -0.007502065187385763 0.00014491360360310414 -0.017163525535953156 0.00048548249631191835 0.0006649720171453654 0.13791327178623727 0.001283627208217102 0.0008847839089576519 0.0007000428471661075;
 -0.00762434487777761 0.00019267900431866868 -0.017237734508025272 0.0005342501735988177 0.0007144235439593718 0.001283627208217102 0.13801378281201163 0.0009351930315207727 0.0007496384975616337;
 -0.006691308671370494 -0.0001762770842446493 -0.016672473667398827 0.0001588714557060596 0.00033446828151971367 0.0008847839089576519 0.0009351930315207727 0.13726478011507404 0.00036870907625465645;
 -0.006257299682606629 -0.0003502613509116058 -0.01641042504640005 -1.709984714771743e-05 0.00015687547548266448 0.0007000428471661075 0.0007496384975616337 0.00036870907625465645 0.13693180539523012;
]
solve(n, X, P3, Q3, M3, false)
## Multiplier-5
P4 = 137*X[1]^2//1000 + 457*X[1]*X[2]//1000000 + 33*X[1]*X[3]//25000 + 33*X[1]*X[4]//25000 - 41*X[1]*X[5]//1250 - 31*X[1]*X[6]//125000 - 277*X[1]*X[7]//500000 - 891*X[1]*X[8]//1000000 - 8*X[1]//625 + 137*X[2]^2//1000 + 33*X[2]*X[3]//20000 + 41*X[2]*X[4]//25000 - 83*X[2]*X[5]//2500 + 239*X[2]*X[6]//5000000 + 21*X[2]*X[7]//1000000 - 299*X[2]*X[8]//500000 - 17*X[2]//1250 + 69*X[3]^2//500 + 129*X[3]*X[4]//50000 - 69*X[3]*X[5]//2000 + 189*X[3]*X[6]//200000 + 2*X[3]*X[7]//3125 + 143*X[3]*X[8]//10000000 - 31*X[3]//2000 + 137*X[4]^2//1000 - 343*X[4]*X[5]//10000 + 659*X[4]*X[6]//1000000 + 157*X[4]*X[7]//250000 + 501*X[4]*X[8]//100000000 - 19*X[4]//1250 + 169*X[5]^2//1000 - 323*X[5]*X[6]//10000 - 159*X[5]*X[7]//5000 - 39*X[5]*X[8]//1250 + 27*X[5]//250 + 17*X[6]^2//125 - 429*X[6]*X[7]//500000 - 147*X[6]*X[8]//100000 - 117*X[6]//10000 + 27*X[7]^2//200 - 149*X[7]*X[8]//100000 - 7*X[7]//625 + 27*X[8]^2//200 - 979*X[8]//100000 + 17//125
M4 = [1, X[8], X[7], X[6], X[5], X[4], X[3], X[2], X[1]]
Q4 = [0.13599420542947102 -0.00488256533278971 -0.005579537120337066 -0.005785359451389618 0.05412515889724822 -0.007673990329039497 -0.007805897039962008 -0.006799945777847409 -0.006332650095546746;
 -0.00488256533278971 0.13528581234872405 -0.0007791664772695189 -0.0007027002402775228 -0.015536078559849918 -3.693251323892369e-06 4.429452336153861e-05 -0.0003255502532641452 -0.0004992163621262057;
 -0.005579537120337066 -0.0007791664772695189 0.13571227957503132 -0.0004426025271401932 -0.01593346350325173 0.00028059743022605004 0.00033053894340995385 -5.33653950772006e-05 -0.00023286315287264202;
 -0.005785359451389618 -0.0007027002402775228 -0.0004426025271401932 0.13585346951319788 -0.016051133643855648 0.0003678991824123766 0.0004184745854282705 2.999906628897077e-05 -0.00015142056394004666;
 0.05412515889724822 -0.015536078559849918 -0.01593346350325173 -0.016051133643855648 0.16839434218102137 -0.017128949711234336 -0.017204013256070537 -0.016630833339343905 -0.016363998218047793;
 -0.007673990329039497 -3.693251323892369e-06 0.00028059743022605004 0.0003678991824123766 -0.017128949711234336 0.13729370642484104 0.001241073109956963 0.0008041739186481994 0.0006021951236750772;
 -0.007805897039962008 4.429452336153861e-05 0.00033053894340995385 0.0004184745854282705 -0.017204013256070537 0.001241073109956963 0.13740324411447366 0.0008581487953996944 0.0006545517345926954;
 -0.006799945777847409 -0.0003255502532641452 -5.33653950772006e-05 2.999906628897077e-05 -0.016630833339343905 0.0008041739186481994 0.0008581487953996944 0.1365959697526748 0.00025318497612197784;
 -0.006332650095546746 -0.0004992163621262057 -0.00023286315287264202 -0.00015142056394004666 -0.016363998218047793 0.0006021951236750772 0.0006545517345926954 0.00025318497612197784 0.1362445099208145;
]
solve(n, X, P4, Q4, M4, false)
## Multiplier-3
P5 = 27*X[1]^2//200 + 447*X[1]*X[2]//1000000 - 161*X[1]*X[3]//5000 + 491*X[1]*X[4]//500000 - 241*X[1]*X[5]//1000000 - 559*X[1]*X[6]//1000000 - 147*X[1]*X[7]//250000 - 3*X[1]*X[8]//2500 - 63*X[1]//5000 + 27*X[2]^2//200 - 163*X[2]*X[3]//5000 + 79*X[2]*X[4]//50000 + 21*X[2]*X[5]//62500 - 239*X[2]*X[6]//1000000 - 269*X[2]*X[7]//1000000 - 903*X[2]*X[8]//1000000 - 137*X[2]//10000 + 167*X[3]^2//1000 - 21*X[3]*X[4]//625 - 4*X[3]*X[5]//125 - 157*X[3]*X[6]//5000 - 313*X[3]*X[7]//10000 - 153*X[3]*X[8]//5000 + 11*X[3]//100 + 27*X[4]^2//200 + 193*X[4]*X[5]//200000 + 81*X[4]*X[6]//125000 + 173*X[4]*X[7]//500000 - 289*X[4]*X[8]//1000000 - 2*X[4]//125 + 67*X[5]^2//500 - 71*X[5]*X[6]//125000 - 43*X[5]*X[7]//50000 - 121*X[5]*X[8]//100000 - 123*X[5]//10000 + 67*X[6]^2//500 - 23*X[6]*X[7]//20000 - 19*X[6]*X[8]//12500 - 57*X[6]//5000 + 67*X[7]^2//500 - 181*X[7]*X[8]//100000 - 109*X[7]//10000 + 67*X[8]^2//500 - 183*X[8]//20000 + 143//1000
M5 = [1, X[8], X[7], X[6], X[5], X[4], X[3], X[2], X[1]]
Q5 = [0.14257660876914782 -0.004541513230205701 -0.005385355454495278 -0.005635962147076469 -0.006195391850246445 -0.00794968792991767 0.055021667931677155 -0.006876672542635521 -0.006304306976137981;
 -0.004541513230205701 0.13383762550331674 -0.0008810034838685883 -0.000811836081391563 -0.0006567799074374069 -0.00016830034191512935 -0.015192138137807017 -0.0004669477519054615 -0.0006264845812419684;
 -0.005385355454495278 -0.0008810034838685883 0.1342262242339188 -0.0005557415144809007 -0.00038399262991463667 0.00015864793129242543 -0.015592527741979372 -0.00017345422239513852 -0.00035041469727827766;
 -0.005635962147076469 -0.000811836081391563 -0.0005557415144809007 0.13436288522748488 -0.00030005356789947066 0.00025920864562989837 -0.015710483235909678 -8.315188942551703e-05 -0.00026546610110215866;
 -0.006195391850246445 -0.0006567799074374069 -0.00038399262991463667 -0.00030005356789947066 0.13468877721890932 0.00048532503765334734 -0.015972242529021654 0.00011974552070932127 -7.468125941628388e-05;
 -0.00794968792991767 -0.00016830034191512935 0.00015864793129242543 0.00025920864562989837 0.00048532503765334734 0.13589041564016252 -0.016779460263114956 0.0007632559039601709 0.0005295911046047078;
 0.055021667931677155 -0.015192138137807017 -0.015592527741979372 -0.015710483235909678 -0.015972242529021654 -0.016779460263114956 0.16678160377511636 -0.016288114757532307 -0.016022953082991974;
 -0.006876672542635521 -0.0004669477519054615 -0.00017345422239513852 -8.315188942551703e-05 0.00011974552070932127 0.0007632559039601709 -0.016288114757532307 0.13512391060964762 0.00015944634748333629;
 -0.006304306976137981 -0.0006264845812419684 -0.00035041469727827766 -0.00026546610110215866 -7.468125941628388e-05 0.0005295911046047078 -0.016022953082991974 0.00015944634748333629 0.13475554998559325;
]
solve(n, X, P5, Q5, M5, false)
## Multiplier-2
P6 = 17*X[1]^2//125 - 13*X[1]*X[2]//400 + 4*X[1]*X[3]//3125 + 991*X[1]*X[4]//1000000 + 29*X[1]*X[5]//625000 - 537*X[1]*X[6]//1000000 - 567*X[1]*X[7]//1000000 - 117*X[1]*X[8]//100000 - 127*X[1]//10000 + 21*X[2]^2//125 - 341*X[2]*X[3]//10000 - 17*X[2]*X[4]//500 - 323*X[2]*X[5]//10000 - 4*X[2]*X[6]//125 - 317*X[2]*X[7]//10000 - 311*X[2]*X[8]//10000 + 109*X[2]//1000 + 17*X[3]^2//125 + 251*X[3]*X[4]//100000 + X[3]*X[5]//800 + 133*X[3]*X[6]//200000 + 633*X[3]*X[7]//1000000 + 679*X[3]*X[8]//100000000 - 157*X[3]//10000 + 17*X[4]^2//125 + 487*X[4]*X[5]//500000 + 657*X[4]*X[6]//1000000 + 361*X[4]*X[7]//1000000 - 133*X[4]*X[8]//500000 - 31*X[4]//2000 + 27*X[5]^2//200 - 549*X[5]*X[6]//1000000 - 289*X[5]*X[7]//500000 - 59*X[5]*X[8]//50000 - 31*X[5]//2500 + 27*X[6]^2//200 - 57*X[6]*X[7]//50000 - 149*X[6]*X[8]//100000 - 29*X[6]//2500 + 27*X[7]^2//200 - 179*X[7]*X[8]//100000 - 11*X[7]//1000 + 27*X[8]^2//200 - 193*X[8]//20000 + 69//500
M6 = [1, X[8], X[7], X[6], X[5], X[4], X[3], X[2], X[1]]
Q6 = [0.13828294538809424 -0.004806402031205841 -0.0055496714724724274 -0.005769656832874692 -0.006259928551991207 -0.007793102655912424 -0.00793459425660458 0.0544924961079951 -0.006355272182289705;
 -0.004806402031205841 0.13473689892361942 -0.0008529623498529311 -0.0007782031798062531 -0.0006113008961471266 -9.074877863855461e-05 -4.3320663210888956e-05 -0.015439944626536393 -0.000578792838183331;
 -0.0055496714724724274 -0.0008529623498529311 0.13515647102083647 -0.0005168267276558068 -0.00034079067833176857 0.00021079339240020833 0.000261264340765304 -0.015842132961664653 -0.0003064612688344707;
 -0.005769656832874692 -0.0007782031798062531 -0.0005168267276558068 0.1352979656451235 -0.0002579323272885866 0.0003034207801725617 0.00035484769557436957 -0.015960994899218834 -0.00022302629306066623;
 -0.006259928551991207 -0.0006113008961471266 -0.00034079067833176857 -0.0002579323272885866 0.13562803830354134 0.0005114836304889001 0.0005651050033260378 -0.01622526853256387 -3.6101237139068675e-05;
 -0.007793102655912424 -9.074877863855461e-05 0.00021079339240020833 0.0003034207801725617 0.0005114836304889001 0.13678573307299535 0.001231809135571501 -0.01704509086112009 0.0005521822417549646;
 -0.00793459425660458 -4.3320663210888956e-05 0.000261264340765304 0.00035484769557436957 0.0005651050033260378 0.001231809135571501 0.136901481889686 -0.017120263614761027 0.0006062396024497207;
 0.0544924961079951 -0.015439944626536393 -0.015842132961664653 -0.015960994899218834 -0.01622526853256387 -0.01704509086112009 -0.017120263614761027 0.1678117912410309 -0.016276546090602067;
 -0.006355272182289705 -0.000578792838183331 -0.0003064612688344707 -0.00022302629306066623 -3.6101237139068675e-05 0.0005521822417549646 0.0006062396024497207 -0.016276546090602067 0.13569457529451445;
]
solve(n, X, P6, Q6, M6, false)
## Total Decomposition
P7 = 1679*X[1]^4//10000 - 133*X[1]^3*X[2]//4000 - 3457*X[1]^3*X[3]//100000 - 108*X[1]^3*X[4]//3125 - 3277*X[1]^3*X[5]//100000 - 3193*X[1]^3*X[6]//100000 - 4*X[1]^3*X[7]//125 - 1563*X[1]^3*X[8]//50000 - 1139*X[1]^3//5000 + 34*X[1]^2*X[2]^2//125 + 803*X[1]^2*X[2]*X[3]//500000 + 1461*X[1]^2*X[2]*X[4]//1000000 + 3437*X[1]^2*X[2]*X[5]//10000000 + 1211*X[1]^2*X[2]*X[6]//2500000 - 5093*X[1]^2*X[2]*X[7]//10000000 - 1731*X[1]^2*X[2]*X[8]//2500000 - 2183*X[1]^2*X[2]//10000 + 2723*X[1]^2*X[3]^2//10000 + 653*X[1]^2*X[3]*X[4]//250000 + 51*X[1]^2*X[3]*X[5]//40000 + 9441*X[1]^2*X[3]*X[6]//10000000 + 1473*X[1]^2*X[3]*X[7]//5000000 + 1073*X[1]^2*X[3]*X[8]//5000000 - 2163*X[1]^2*X[3]//10000 + 109*X[1]^2*X[4]^2//400 + 1811*X[1]^2*X[4]*X[5]//2000000 + 1459*X[1]^2*X[4]*X[6]//2500000 + 3189*X[1]^2*X[4]*X[7]//10000000 - 1297*X[1]^2*X[4]*X[8]//20000000 - 2169*X[1]^2*X[4]//10000 + 2729*X[1]^2*X[5]^2//10000 - 3257*X[1]^2*X[5]*X[6]//5000000 - 1637*X[1]^2*X[5]*X[7]//2500000 - 9113*X[1]^2*X[5]*X[8]//10000000 - 441*X[1]^2*X[5]//2000 + 34*X[1]^2*X[6]^2//125 - 57*X[1]^2*X[6]*X[7]//50000 - 269*X[1]^2*X[6]*X[8]//200000 - 2207*X[1]^2*X[6]//10000 + 1363*X[1]^2*X[7]^2//5000 - 1793*X[1]^2*X[7]*X[8]//1000000 - 2211*X[1]^2*X[7]//10000 + 1363*X[1]^2*X[8]^2//5000 - 2227*X[1]^2*X[8]//10000 + 7609*X[1]^2//10000 - 1621*X[1]*X[2]^3//50000 + 1529*X[1]*X[2]^2*X[3]//1000000 + 509*X[1]*X[2]^2*X[4]//500000 - 9969*X[1]*X[2]^2*X[5]//100000000 - 6357*X[1]*X[2]^2*X[6]//10000000 - 681*X[1]*X[2]^2*X[7]//2000000 - 1373*X[1]*X[2]^2*X[8]//1000000 - 11*X[1]*X[2]^2//50 + 1337*X[1]*X[2]*X[3]^2//2500000 + 2537*X[1]*X[2]*X[3]*X[4]//5000000 + 5147*X[1]*X[2]*X[3]*X[5]//10000000 - 1073*X[1]*X[2]*X[3]*X[6]//100000000 - 1141*X[1]*X[2]*X[3]*X[7]//5000000 + 9227*X[1]*X[2]*X[3]*X[8]//100000000 - 1683*X[1]*X[2]*X[3]//250000 + 1779*X[1]*X[2]*X[4]^2//10000000 + 1333*X[1]*X[2]*X[4]*X[5]//10000000 + 7701*X[1]*X[2]*X[4]*X[6]//100000000 - 1073*X[1]*X[2]*X[4]*X[7]//100000000 + 1597*X[1]*X[2]*X[4]*X[8]//100000000 - 5763*X[1]*X[2]*X[4]//1000000 + 5259*X[1]*X[2]*X[5]^2//10000000 + 469*X[1]*X[2]*X[5]*X[6]//2500000 + 3707*X[1]*X[2]*X[5]*X[7]//10000000 + 1973*X[1]*X[2]*X[5]*X[8]//5000000 - 409*X[1]*X[2]*X[5]//200000 + 891*X[1]*X[2]*X[6]^2//2500000 - 3889*X[1]*X[2]*X[6]*X[7]//10000000 - 2277*X[1]*X[2]*X[6]*X[8]//10000000 - 1441*X[1]*X[2]*X[6]//2000000 + 1027*X[1]*X[2]*X[7]^2//2500000 + 2897*X[1]*X[2]*X[7]*X[8]//50000000 + 111*X[1]*X[2]*X[7]//400000 + 1689*X[1]*X[2]*X[8]^2//2500000 + 2411*X[1]*X[2]*X[8]//1000000 + 27*X[1]*X[2]//6250 - 3183*X[1]*X[3]^3//100000 + 8979*X[1]*X[3]^2*X[4]//10000000 - 651*X[1]*X[3]^2*X[5]//2500000 - 251*X[1]*X[3]^2*X[6]//2500000 - 1163*X[1]*X[3]^2*X[7]//2500000 - 1581*X[1]*X[3]^2*X[8]//1000000 - 223*X[1]*X[3]^2//1000 + 1003*X[1]*X[3]*X[4]^2//1000000 + 1941*X[1]*X[3]*X[4]*X[5]//10000000 - 1943*X[1]*X[3]*X[4]*X[6]//10000000 - 1523*X[1]*X[3]*X[4]*X[7]//10000000 + 5031*X[1]*X[3]*X[4]*X[8]//100000000 - 2387*X[1]*X[3]*X[4]//250000 + 301*X[1]*X[3]*X[5]^2//200000 + 7701*X[1]*X[3]*X[5]*X[6]//100000000 - 247*X[1]*X[3]*X[5]*X[7]//1250000 + 577*X[1]*X[3]*X[5]*X[8]//20000000 - 1249*X[1]*X[3]*X[5]//250000 + 67*X[1]*X[3]*X[6]^2//50000 - 469*X[1]*X[3]*X[6]*X[7]//1000000 + 1109*X[1]*X[3]*X[6]*X[8]//10000000 - 3551*X[1]*X[3]*X[6]//1000000 + 869*X[1]*X[3]*X[7]^2//500000 + 149*X[1]*X[3]*X[7]*X[8]//125000000 - 691*X[1]*X[3]*X[7]//250000 + 953*X[1]*X[3]*X[8]^2//500000 - 1707*X[1]*X[3]*X[8]//2000000 + 161*X[1]*X[3]//12500 - 1599*X[1]*X[4]^3//50000 - 2239*X[1]*X[4]^2*X[5]//10000000 - 5007*X[1]*X[4]^2*X[6]//10000000 - 6399*X[1]*X[4]^2*X[7]//10000000 - 773*X[1]*X[4]^2*X[8]//500000 - 89*X[1]*X[4]^2//400 + 243*X[1]*X[4]*X[5]^2//200000 + 593*X[1]*X[4]*X[5]*X[6]//2500000 + 4649*X[1]*X[4]*X[5]*X[7]//100000000 + 1633*X[1]*X[4]*X[5]*X[8]//50000000 - 431*X[1]*X[4]*X[5]//125000 + 2367*X[1]*X[4]*X[6]^2//2500000 - 1323*X[1]*X[4]*X[6]*X[7]//50000000 - 2363*X[1]*X[4]*X[6]*X[8]//10000000 - 1483*X[1]*X[4]*X[6]//500000 + 39*X[1]*X[4]*X[7]^2//31250 + 3*X[1]*X[4]*X[7]*X[8]//20000 - 519*X[1]*X[4]*X[7]//250000 + 1759*X[1]*X[4]*X[8]^2//1000000 - 8283*X[1]*X[4]*X[8]//10000000 + 38*X[1]*X[4]//3125 - 1653*X[1]*X[5]^3//50000 + 3861*X[1]*X[5]^2*X[6]//50000000 - 197*X[1]*X[5]^2*X[7]//625000 - 1071*X[1]*X[5]^2*X[8]//1000000 - 137*X[1]*X[5]^2//625 + 497*X[1]*X[5]*X[6]^2//2500000 + 4041*X[1]*X[5]*X[6]*X[7]//50000000 + 949*X[1]*X[5]*X[6]*X[8]//20000000 + 27*X[1]*X[5]*X[6]//50000 + 6047*X[1]*X[5]*X[7]^2//100000000 + 1731*X[1]*X[5]*X[7]*X[8]//20000000 + 1871*X[1]*X[5]*X[7]//1000000 + 8587*X[1]*X[5]*X[8]^2//10000000 + 171*X[1]*X[5]*X[8]//50000 + 801*X[1]*X[5]//20000000 - 409*X[1]*X[6]^3//12500 - 1083*X[1]*X[6]^2*X[7]//10000000 - 517*X[1]*X[6]^2*X[8]//500000 - 273*X[1]*X[6]^2//1250 - 209*X[1]*X[6]*X[7]^2//6250000 + 39*X[1]*X[6]*X[7]*X[8]//156250 + 2227*X[1]*X[6]*X[7]//1000000 + 2689*X[1]*X[6]*X[8]^2//5000000 + 823*X[1]*X[6]*X[8]//200000 + 4101*X[1]*X[6]//10000000 - 3251*X[1]*X[7]^3//100000 - 1089*X[1]*X[7]^2*X[8]//1000000 - 2183*X[1]*X[7]^2//10000 + 2371*X[1]*X[7]*X[8]^2//5000000 + 359*X[1]*X[7]*X[8]//100000 - 2303*X[1]*X[7]//2500000 - 3289*X[1]*X[8]^3//100000 - 2163*X[1]*X[8]^2//10000 - 1119*X[1]*X[8]//100000 - 147*X[1]//5000 + 67*X[2]^4//400 - 857*X[2]^3*X[3]//25000 - 681*X[2]^3*X[4]//20000 - 3247*X[2]^3*X[5]//100000 - 3193*X[2]^3*X[6]//100000 - 787*X[2]^3*X[7]//25000 - 1553*X[2]^3*X[8]//50000 - 2269*X[2]^3//10000 + 1359*X[2]^2*X[3]^2//5000 + 2857*X[2]^2*X[3]*X[4]//1000000 + 551*X[2]^2*X[3]*X[5]//500000 + 11*X[2]^2*X[3]*X[6]//12500 + 5343*X[2]^2*X[3]*X[7]//10000000 - 1809*X[2]^2*X[3]*X[8]//10000000 - 1087*X[2]^2*X[3]//5000 + 2717*X[2]^2*X[4]^2//10000 + 219*X[2]^2*X[4]*X[5]//200000 + 1039*X[2]^2*X[4]*X[6]//2500000 + 1737*X[2]^2*X[4]*X[7]//5000000 + 481*X[2]^2*X[4]*X[8]//2500000 - 2183*X[2]^2*X[4]//10000 + 273*X[2]^2*X[5]^2//1000 - 1299*X[2]^2*X[5]*X[6]//2000000 - 1609*X[2]^2*X[5]*X[7]//2000000 - 1181*X[2]^2*X[5]*X[8]//1000000 - 2213*X[2]^2*X[5]//10000 + 2727*X[2]^2*X[6]^2//10000 - 317*X[2]^2*X[6]*X[7]//250000 - 277*X[2]^2*X[6]*X[8]//200000 - 277*X[2]^2*X[6]//1250 + 1359*X[2]^2*X[7]^2//5000 - 261*X[2]^2*X[7]*X[8]//125000 - 1109*X[2]^2*X[7]//5000 + 273*X[2]^2*X[8]^2//1000 - 447*X[2]^2*X[8]//2000 + 7623*X[2]^2//10000 - 3231*X[2]*X[3]^3//100000 + 323*X[2]*X[3]^2*X[4]//200000 + 313*X[2]*X[3]^2*X[5]//2500000 - 5957*X[2]*X[3]^2*X[6]//100000000 - 5073*X[2]*X[3]^2*X[7]//10000000 - 9571*X[2]*X[3]^2*X[8]//10000000 - 139*X[2]*X[3]^2//625 + 1547*X[2]*X[3]*X[4]^2//1000000 + 639*X[2]*X[3]*X[4]*X[5]//2500000 - 29*X[2]*X[3]*X[4]*X[6]//125000 + 1067*X[2]*X[3]*X[4]*X[7]//25000000 - 1957*X[2]*X[3]*X[4]*X[8]//10000000 - 1107*X[2]*X[3]*X[4]//100000 + 1687*X[2]*X[3]*X[5]^2//1000000 + 891*X[2]*X[3]*X[5]*X[6]//2500000 - 329*X[2]*X[3]*X[5]*X[7]//4000000 + 4203*X[2]*X[3]*X[5]*X[8]//10000000 - 81*X[2]*X[3]*X[5]//12500 + 159*X[2]*X[3]*X[6]^2//100000 - 769*X[2]*X[3]*X[6]*X[7]//25000000 + 1109*X[2]*X[3]*X[6]*X[8]//10000000 - 4933*X[2]*X[3]*X[6]//1000000 + 747*X[2]*X[3]*X[7]^2//500000 - 217*X[2]*X[3]*X[7]*X[8]//10000000 - 313*X[2]*X[3]*X[7]//100000 + 1961*X[2]*X[3]*X[8]^2//1000000 - 2003*X[2]*X[3]*X[8]//1000000 + 1641*X[2]*X[3]//100000 - 3257*X[2]*X[4]^3//100000 + 49*X[2]*X[4]^2*X[5]//250000 - 1303*X[2]*X[4]^2*X[6]//5000000 - 1953*X[2]*X[4]^2*X[7]//10000000 - 9221*X[2]*X[4]^2*X[8]//10000000 - 1111*X[2]*X[4]^2//5000 + 843*X[2]*X[4]*X[5]^2//500000 + 319*X[2]*X[4]*X[5]*X[6]//2500000 + 853*X[2]*X[4]*X[5]*X[7]//2500000 + 3469*X[2]*X[4]*X[5]*X[8]//50000000 - 5319*X[2]*X[4]*X[5]//1000000 + 341*X[2]*X[4]*X[6]^2//250000 - 2787*X[2]*X[4]*X[6]*X[7]//10000000 - 751*X[2]*X[4]*X[6]*X[8]//50000000 - 1903*X[2]*X[4]*X[6]//500000 + 1361*X[2]*X[4]*X[7]^2//1000000 + 2377*X[2]*X[4]*X[7]*X[8]//10000000 - 3647*X[2]*X[4]*X[7]//1000000 + 2003*X[2]*X[4]*X[8]^2//1000000 - 1089*X[2]*X[4]*X[8]//500000 + 149*X[2]*X[4]//10000 - 839*X[2]*X[5]^3//25000 + 1559*X[2]*X[5]^2*X[6]//5000000 - 7659*X[2]*X[5]^2*X[7]//1000000000 - 103*X[2]*X[5]^2*X[8]//500000 - 2191*X[2]*X[5]^2//10000 + 647*X[2]*X[5]*X[6]^2//2500000 + 5031*X[2]*X[5]*X[6]*X[7]//100000000 + 19*X[2]*X[5]*X[6]*X[8]//1562500 - 317*X[2]*X[5]*X[6]//1250000 + 4171*X[2]*X[5]*X[7]^2//10000000 + 1123*X[2]*X[5]*X[7]*X[8]//10000000 + 233*X[2]*X[5]*X[7]//200000 + 8749*X[2]*X[5]*X[8]^2//10000000 + 303*X[2]*X[5]*X[8]//200000 + 4259*X[2]*X[5]//1000000 - 3321*X[2]*X[6]^3//100000 + 137*X[2]*X[6]^2*X[7]//1562500 - 853*X[2]*X[6]^2*X[8]//1250000 - 87*X[2]*X[6]^2//400 + 1969*X[2]*X[6]*X[7]^2//5000000 - 1137*X[2]*X[6]*X[7]*X[8]//10000000 + 141*X[2]*X[6]*X[7]//100000 + 8039*X[2]*X[6]*X[8]^2//10000000 + 2009*X[2]*X[6]*X[8]//1000000 + 3717*X[2]*X[6]//1000000 - 83*X[2]*X[7]^3//2500 - 473*X[2]*X[7]^2*X[8]//1250000 - 433*X[2]*X[7]^2//2000 + 171*X[2]*X[7]*X[8]^2//400000 + 2*X[2]*X[7]*X[8]//625 + 1417*X[2]*X[7]//1000000 - 133*X[2]*X[8]^3//4000 - 2159*X[2]*X[8]^2//10000 - 2803*X[2]*X[8]//500000 + 3783*X[2]//100000 + 333*X[3]^4//2000 - 3343*X[3]^3*X[4]//100000 - 199*X[3]^3*X[5]//6250 - 3123*X[3]^3*X[6]//100000 - 39*X[3]^3*X[7]//1250 - 3009*X[3]^3*X[8]//100000 - 2239*X[3]^3//10000 + 2719*X[3]^2*X[4]^2//10000 + 1103*X[3]^2*X[4]*X[5]//1000000 + 1357*X[3]^2*X[4]*X[6]//2000000 + 2717*X[3]^2*X[4]*X[7]//10000000 - 4439*X[3]^2*X[4]*X[8]//10000000 - 2211*X[3]^2*X[4]//10000 + 2723*X[3]^2*X[5]^2//10000 - 227*X[3]^2*X[5]*X[6]//500000 - 9151*X[3]^2*X[5]*X[7]//10000000 - 1381*X[3]^2*X[5]*X[8]//1000000 - 1117*X[3]^2*X[5]//5000 + 679*X[3]^2*X[6]^2//2500 - 501*X[3]^2*X[6]*X[7]//500000 - 1413*X[3]^2*X[6]*X[8]//1000000 - 1121*X[3]^2*X[6]//5000 + 1363*X[3]^2*X[7]^2//5000 - 939*X[3]^2*X[7]*X[8]//500000 - 2247*X[3]^2*X[7]//10000 + 2727*X[3]^2*X[8]^2//10000 - 113*X[3]^2*X[8]//500 + 7677*X[3]^2//10000 - 1681*X[3]*X[4]^3//50000 + 1051*X[3]*X[4]^2*X[5]//1000000 + 3459*X[3]*X[4]^2*X[6]//10000000 + 2149*X[3]*X[4]^2*X[7]//5000000 - 3117*X[3]*X[4]^2*X[8]//5000000 - 2199*X[3]*X[4]^2//10000 + 711*X[3]*X[4]*X[5]^2//250000 + 2873*X[3]*X[4]*X[5]*X[6]//10000000 + 1651*X[3]*X[4]*X[5]*X[7]//25000000 + 1571*X[3]*X[4]*X[5]*X[8]//10000000 - 4861*X[3]*X[4]*X[5]//500000 + 2309*X[3]*X[4]*X[6]^2//1000000 + 3123*X[3]*X[4]*X[6]*X[7]//100000000 - 2859*X[3]*X[4]*X[6]*X[8]//10000000 - 3559*X[3]*X[4]*X[6]//500000 + 651*X[3]*X[4]*X[7]^2//250000 + 251*X[3]*X[4]*X[7]*X[8]//2500000 - 1561*X[3]*X[4]*X[7]//250000 + 2389*X[3]*X[4]*X[8]^2//1000000 - 3453*X[3]*X[4]*X[8]//1000000 + 1281*X[3]*X[4]//50000 - 3471*X[3]*X[5]^3//100000 + 137*X[3]*X[5]^2*X[6]//125000 + 6561*X[3]*X[5]^2*X[7]//10000000 + 589*X[3]*X[5]^2*X[8]//2500000 - 2163*X[3]*X[5]^2//10000 + 623*X[3]*X[5]*X[6]^2//500000 + 3669*X[3]*X[5]*X[6]*X[7]//10000000 + 483*X[3]*X[5]*X[6]*X[8]//2000000 - 3969*X[3]*X[5]*X[6]//1000000 + 63*X[3]*X[5]*X[7]^2//50000 + 633*X[3]*X[5]*X[7]*X[8]//5000000 - 963*X[3]*X[5]*X[7]//500000 + 1783*X[3]*X[5]*X[8]^2//1000000 - 1517*X[3]*X[5]*X[8]//1000000 + 591*X[3]*X[5]//50000 - 3449*X[3]*X[6]^3//100000 + 1067*X[3]*X[6]^2*X[7]//1000000 + 59*X[3]*X[6]^2*X[8]//312500 - 537*X[3]*X[6]^2//2500 + 1473*X[3]*X[6]*X[7]^2//1000000 - 31*X[3]*X[6]*X[7]*X[8]//2000000 - 1871*X[3]*X[6]*X[7]//1000000 + 1471*X[3]*X[6]*X[8]^2//1000000 - 1313*X[3]*X[6]*X[8]//1000000 + 1859*X[3]*X[6]//200000 - 1717*X[3]*X[7]^3//50000 + 359*X[3]*X[7]^2*X[8]//2000000 - 2149*X[3]*X[7]^2//10000 + 681*X[3]*X[7]*X[8]^2//500000 + 639*X[3]*X[7]*X[8]//2500000 + 5911*X[3]*X[7]//1000000 - 3401*X[3]*X[8]^3//100000 - 2137*X[3]*X[8]^2//10000 - 967*X[3]*X[8]//1000000 + 1843*X[3]//10000 + 104*X[4]^4//625 - 1611*X[4]^3*X[5]//50000 - 3149*X[4]^3*X[6]//100000 - 787*X[4]^3*X[7]//25000 - 1537*X[4]^3*X[8]//50000 - 447*X[4]^3//2000 + 2717*X[4]^2*X[5]^2//10000 - 8309*X[4]^2*X[5]*X[6]//10000000 - 271*X[4]^2*X[5]*X[7]//312500 - 169*X[4]^2*X[5]*X[8]//100000 - 2227*X[4]^2*X[5]//10000 + 1363*X[4]^2*X[6]^2//5000 - 631*X[4]^2*X[6]*X[7]//500000 - 23*X[4]^2*X[6]*X[8]//12500 - 559*X[4]^2*X[6]//2500 + 109*X[4]^2*X[7]^2//400 - 1059*X[4]^2*X[7]*X[8]//500000 - 2241*X[4]^2*X[7]//10000 + 341*X[4]^2*X[8]^2//1250 - 2253*X[4]^2*X[8]//10000 + 3847*X[4]^2//5000 - 3441*X[4]*X[5]^3//100000 + 761*X[4]*X[5]^2*X[6]//1000000 + 1521*X[4]*X[5]^2*X[7]//2500000 + 9823*X[4]*X[5]^2*X[8]//100000000 - 2167*X[4]*X[5]^2//10000 + 167*X[4]*X[5]*X[6]^2//125000 + 2067*X[4]*X[5]*X[6]*X[7]//10000000 + 1919*X[4]*X[5]*X[6]*X[8]//10000000 - 2801*X[4]*X[5]*X[6]//1000000 + 1251*X[4]*X[5]*X[7]^2//1000000 + 711*X[4]*X[5]*X[7]*X[8]//2000000 - 851*X[4]*X[5]*X[7]//500000 + 1639*X[4]*X[5]*X[8]^2//1000000 - 497*X[4]*X[5]*X[8]//2500000 + 107*X[4]*X[5]//10000 - 1717*X[4]*X[6]^3//50000 + 3967*X[4]*X[6]^2*X[7]//5000000 + 591*X[4]*X[6]^2*X[8]//10000000 - 2159*X[4]*X[6]^2//10000 + 8783*X[4]*X[6]*X[7]^2//10000000 + 1371*X[4]*X[6]*X[7]*X[8]//10000000 - 23*X[4]*X[6]*X[7]//15625 + 271*X[4]*X[6]*X[8]^2//200000 + 1137*X[4]*X[6]*X[8]//12500000 + 1717*X[4]*X[6]//200000 - 1707*X[4]*X[7]^3//50000 + 2023*X[4]*X[7]^2*X[8]//5000000 - 2151*X[4]*X[7]^2//10000 + 1103*X[4]*X[7]*X[8]^2//1000000 + 8719*X[4]*X[7]*X[8]//10000000 + 1387*X[4]*X[7]//250000 - 341*X[4]*X[8]^3//10000 - 2137*X[4]*X[8]^2//10000 - 6657*X[4]*X[8]//10000000 + 1633*X[4]//10000 + 169*X[5]^4//1000 - 3219*X[5]^3*X[6]//100000 - 801*X[5]^3*X[7]//25000 - 779*X[5]^3*X[8]//25000 - 2291*X[5]^3//10000 + 2729*X[5]^2*X[6]^2//10000 - 259*X[5]^2*X[6]*X[7]//312500 - 273*X[5]^2*X[6]*X[8]//250000 - 2207*X[5]^2*X[6]//10000 + 2727*X[5]^2*X[7]^2//10000 - 829*X[5]^2*X[7]*X[8]//500000 - 277*X[5]^2*X[7]//1250 + 2731*X[5]^2*X[8]^2//10000 - 559*X[5]^2*X[8]//2500 + 7607*X[5]^2//10000 - 3287*X[5]*X[6]^3//100000 - 38*X[5]*X[6]^2*X[7]//78125 - 9237*X[5]*X[6]^2*X[8]//10000000 - 2189*X[5]*X[6]^2//10000 - 1131*X[5]*X[6]*X[7]^2//10000000 + 419*X[5]*X[6]*X[7]*X[8]//2500000 + 3479*X[5]*X[6]*X[7]//1000000 + 251*X[5]*X[6]*X[8]^2//500000 + 3959*X[5]*X[6]*X[8]//1000000 - 479*X[5]*X[6]//125000 - 3259*X[5]*X[7]^3//100000 - 8271*X[5]*X[7]^2*X[8]//10000000 - 437*X[5]*X[7]^2//2000 + 2057*X[5]*X[7]*X[8]^2//10000000 + 2263*X[5]*X[7]*X[8]//500000 - 5957*X[5]*X[7]//1000000 - 163*X[5]*X[8]^3//5000 - 1089*X[5]*X[8]^2//5000 - 1043*X[5]*X[8]//100000 - 131*X[5]//3125 + 423*X[6]^4//2500 - 639*X[6]^3*X[7]//20000 - 311*X[6]^3*X[8]//10000 - 1153*X[6]^3//5000 + 2727*X[6]^2*X[7]^2//10000 - 643*X[6]^2*X[7]*X[8]//500000 - 221*X[6]^2*X[7]//1000 + 2733*X[6]^2*X[8]^2//10000 - 557*X[6]^2*X[8]//2500 + 3789*X[6]^2//5000 - 3201*X[6]*X[7]^3//100000 - 3153*X[6]*X[7]^2*X[8]//5000000 - 2201*X[6]*X[7]^2//10000 - 737*X[6]*X[7]*X[8]^2//10000000 + 4661*X[6]*X[7]*X[8]//1000000 - 1863*X[6]*X[7]//250000 - 159*X[6]*X[8]^3//5000 - 219*X[6]*X[8]^2//1000 - 1073*X[6]*X[8]//100000 - 1047*X[6]//10000 + 843*X[7]^4//5000 - 3153*X[7]^3*X[8]//100000 - 577*X[7]^3//2500 + 1367*X[7]^2*X[8]^2//5000 - 553*X[7]^2*X[8]//2500 + 7563*X[7]^2//10000 - 793*X[7]*X[8]^3//25000 - 2197*X[7]*X[8]^2//10000 - 1523*X[7]*X[8]//100000 - 1339*X[7]//10000 + 849*X[8]^4//5000 - 2333*X[8]^3//10000 + 7539*X[8]^2//10000 - 2303*X[8]//10000 + 1047//500
M7 = [1, X[8], X[7], X[6], X[5], X[4], X[3], X[2], X[1], X[8]^2, X[7]*X[8], X[6]*X[8], X[5]*X[8], X[4]*X[8], X[3]*X[8], X[2]*X[8], X[1]*X[8], X[7]^2, X[6]*X[7], X[5]*X[7], X[4]*X[7], X[3]*X[7], X[2]*X[7], X[1]*X[7], X[6]^2, X[5]*X[6], X[4]*X[6], X[3]*X[6], X[2]*X[6], X[1]*X[6], X[5]^2, X[4]*X[5], X[3]*X[5], X[2]*X[5], X[1]*X[5], X[4]^2, X[3]*X[4], X[2]*X[4], X[1]*X[4], X[3]^2, X[2]*X[3], X[1]*X[3], X[2]^2, X[1]*X[2], X[1]^2]
Q7 = [2.093861416657822 -0.11585343307779025 -0.06764367221945192 -0.05312546637107606 -0.020571650141971543 0.08238973145803731 0.09193018733426453 0.019301803358014253 -0.014211962504611743 0.13183983159324184 -0.09113152910521594 -0.09054706190182296 -0.08932116542764126 -0.08607720074818953 -0.08582006633775593 -0.0879571323752666 -0.08909379455690332 0.13226824737601398 -0.08961399100054636 -0.08903555453753467 -0.08775345889767071 -0.08767236231951456 -0.08844588646080864 -0.08893302357181149 0.13217417183690686 -0.08902427153295374 -0.08832396581863115 -0.08829502740850256 -0.0886641762317945 -0.08895874410089825 0.1316298026272093 -0.08964068882247084 -0.08972654153853936 -0.08920579689513299 -0.08907637877305956 0.12706071209242323 -0.09452621006418342 -0.09131591187063308 -0.08990341179447296 0.12643002027601066 -0.09153883576825957 -0.09001137553767638 0.1303590856233365 -0.08931919024771594 0.1314709564484269;
 -0.11585343307779025 0.49007128182271315 0.08436162920105124 0.08443959646046575 0.08463053704485196 0.08535038300952157 0.08542357877407189 0.08489133915871402 0.08467029880233469 -0.11670028962212457 -0.05287050208147051 -0.05286103775831179 -0.05285914679079659 -0.05299108048050099 -0.05301268855047435 -0.052886889978812676 -0.05286143302271341 -0.05640638750630441 0.0034624022234875707 0.004015074432701421 0.005620701308949288 0.005759643069350267 0.004661105137200836 0.004120322547890959 -0.05609666022746323 0.004246668017347369 0.005807081813756026 0.00594215812434404 0.004874379168908495 0.004348916853816307 -0.055425170432908885 0.006214004890540102 0.006340877094051671 0.005338336739175639 0.0048454616900601676 -0.053469233132805855 0.007512402924549323 0.006692795588519492 0.006291798398681185 -0.05329765460082652 0.006810285350600129 0.006417129324314725 -0.054641511001953774 0.005426852451687506 -0.05529752016666187;
 -0.06764367221945192 0.08436162920105124 0.4924283700312835 0.08625015376922798 0.08722864259790629 0.0904178219899032 0.09071859980406856 0.08844913077953072 0.0874218093224036 -0.056670066935494624 -0.054518727903632 8.804103320699867e-05 0.0007280706393116633 0.00258351314598612 0.0027440691762253477 0.001475112214949911 0.000849843224353841 -0.11545322006118006 -0.05445954977511356 -0.0544877519240042 -0.054702930384002736 -0.05473144434293459 -0.05454979709284536 -0.05449569292951863 -0.055223230126489345 0.0018348204348512555 0.003450038775835394 0.0035897480311787642 0.0024850466914964984 0.0019407917836094838 -0.054537493007498064 0.0038520309828030236 0.003981796133324031 0.002955615397610743 0.002450110184400629 -0.052566604851336525 0.005124862303949515 0.0043230575343010755 0.00392870311622534 -0.05239576079228261 0.004441328081031478 0.00405658882129237 -0.05374282880960362 0.0030452537670695 -0.054407623317375656;
 -0.05312546637107606 0.08443959646046575 0.08625015376922798 0.49354040786099557 0.08800130669044573 0.09193163136538185 0.09230070946273121 0.08950979655161466 0.08824050605452115 -0.05641400465107306 -0.0009559040052836457 -0.05498922192195775 -7.006895672994418e-06 0.0018744813306420642 0.0020373318988540774 0.0007504519767356706 0.00011646190362631365 -0.055273953275318775 -0.0549452773289635 0.0008686098972668219 0.0025553580340104565 0.0027012513278480386 0.001547679730626732 0.0009792937473568797 -0.11508216684257139 -0.0549969226901095 -0.05524838014289908 -0.05527998162356204 -0.05507366483860683 -0.05500726574142054 -0.05426385468343554 0.0031395537279386623 0.003270112292470875 0.0022374540974186277 0.0017285318638913757 -0.052288328182668486 0.0044039353743951445 0.0036079081650902964 0.0032158292098878583 -0.05211767316801253 0.0037263475882914994 0.003344408399325881 -0.053465897507996775 0.0023273583939793603 -0.05413332681332405;
