include("utils/util.jl")
include("utils/newtonUpdate.jl")
include("utils/rationalSOS.jl")

X = nothing
eig_tol = 1e-4
tol = 1e-50


SOS_time = 0
Newton_time = 0
function solve(n, X, f, Q, mono,newton)
    global SOS_time, Newton_time
    Q = round.(Q, digits=2)
    rQ = symplify_rational.(Q)

    model = nothing
    if !newton
        SOS_time+=@elapsed model = rational_SOS(f, 1, 0, mono, rQ)
    else
        Newton_time+=@elapsed update_Q = newton_refine_update(f, mono, Q, eig_tol, 90, tol, X)
        Q_res = symplify_rational.(update_Q*update_Q')
        SOS_time+=@elapsed model = rational_SOS(f, 1, 0, mono, Q_res)
    end

    SOSrational_time, coeffs, terms = model[2:end]

    @show expand(f-(coeffs' * terms.^2))

    data = Dict(
        "n" => n,
        "expression" => f,
        "coeff" => join([string(c) for c in coeffs], ","),
        "term" => join([string(t) for t in terms], ","),
        "SOSrational_time" => SOSrational_time,
        "SOS_expression" => string(coeffs' * terms.^2)
    )

    # save("src/output/data.json", data)
end


n = 13
@Symbolics.variables X[1:n]
# C21_1\init
## Multiplier-1
P0 = 638*X[1]^2//125 - 204*X[1]*X[10]//3125 - 2557*X[1]*X[11]//50000 - 5931*X[1]*X[12]//100000 - 1357*X[1]*X[13]//20000 - 341*X[1]*X[2]//5000 - 957*X[1]*X[3]//25000 - 1393*X[1]*X[4]//20000 - 6329*X[1]*X[5]//100000 - 7963*X[1]*X[6]//100000 - 3233*X[1]*X[7]//100000 - 6489*X[1]*X[8]//100000 - 6613*X[1]*X[9]//100000 - 2817*X[1]//100000 + 4007*X[10]^2//1000 - 6553*X[10]*X[11]//100000 - 189*X[10]*X[12]//2500 - 7139*X[10]*X[13]//100000 - 7923*X[10]*X[2]//100000 - 4463*X[10]*X[3]//100000 - 383*X[10]*X[4]//5000 - 7451*X[10]*X[5]//100000 - 7801*X[10]*X[6]//100000 - 4871*X[10]*X[7]//100000 - 1643*X[10]*X[8]//20000 - 1449*X[10]*X[9]//20000 + 1993*X[10]//5000 + 2009*X[11]^2//500 - 1257*X[11]*X[12]//20000 - 5081*X[11]*X[13]//100000 - 2261*X[11]*X[2]//25000 - 301*X[11]*X[3]//10000 - 1793*X[11]*X[4]//25000 - 1143*X[11]*X[5]//25000 - 909*X[11]*X[6]//12500 - 2579*X[11]*X[7]//100000 - 763*X[11]*X[8]//10000 - 43*X[11]*X[9]//1000 + 909*X[11]//2500 + 4001*X[12]^2//1000 - 1911*X[12]*X[13]//25000 - 367*X[12]*X[2]//6250 - 2387*X[12]*X[3]//50000 - 291*X[12]*X[4]//4000 - 3969*X[12]*X[5]//50000 - 7433*X[12]*X[6]//100000 - 431*X[12]*X[7]//10000 - 6987*X[12]*X[8]//100000 - 429*X[12]*X[9]//6250 + 1643*X[12]//5000 + 4009*X[13]^2//1000 - 4347*X[13]*X[2]//50000 - 179*X[13]*X[3]//5000 - 7597*X[13]*X[4]//100000 - 6553*X[13]*X[5]//100000 - 1707*X[13]*X[6]//20000 - 2413*X[13]*X[7]//50000 - 1631*X[13]*X[8]//20000 - 199*X[13]*X[9]//3125 + 4127*X[13]//10000 + 4009*X[2]^2//1000 - 7229*X[2]*X[3]//100000 - 59*X[2]*X[4]//800 - 1051*X[2]*X[5]//10000 - 947*X[2]*X[6]//12500 - 1363*X[2]*X[7]//20000 - 1427*X[2]*X[8]//20000 - 379*X[2]*X[9]//4000 + 367*X[2]//1250 + 4017*X[3]^2//1000 - 5397*X[3]*X[4]//100000 - 1809*X[3]*X[5]//50000 - 2737*X[3]*X[6]//50000 - 1469*X[3]*X[7]//50000 - 2877*X[3]*X[8]//50000 - 1589*X[3]*X[9]//50000 + 2727*X[3]//10000 + 3999*X[4]^2//1000 - 2307*X[4]*X[5]//25000 - 3573*X[4]*X[6]//50000 - 2483*X[4]*X[7]//50000 - 2087*X[4]*X[8]//25000 - 1027*X[4]*X[9]//12500 + 463*X[4]//1250 + 4013*X[5]^2//1000 - 4193*X[5]*X[6]//50000 - 3893*X[5]*X[7]//100000 - 8011*X[5]*X[8]//100000 - 6203*X[5]*X[9]//100000 + 1101*X[5]//2500 + 1001*X[6]^2//250 - 6443*X[6]*X[7]//100000 - 6609*X[6]*X[8]//100000 - 161*X[6]*X[9]//2000 + 1993*X[6]//5000 + 1003*X[7]^2//250 - 317*X[7]*X[8]//6250 - 4131*X[7]*X[9]//100000 + 1259*X[7]//5000 + 4*X[8]^2 - 4149*X[8]*X[9]//50000 + 223*X[8]//625 + 4013*X[9]^2//1000 + 4127*X[9]//10000 + 437//125
M0 = [1, X[9], X[8], X[7], X[6], X[5], X[4], X[3], X[2], X[13], X[12], X[11], X[10], X[1]]
Q0 = [3.496058377952148 0.20604466063167542 0.17902798768370307 0.127523120906985 0.20027917787071217 0.2193062857851454 0.1846711207468117 0.13629988514777103 0.14677466458239216 0.20568283577296728 0.162795330730628 0.1818942088816963 0.19954058932852858 -0.014224377962223906;
 0.20604466063167542 4.0135611704322685 -0.042349601193869504 -0.020853364976068135 -0.040207154062839805 -0.030356236679669163 -0.03973234912044426 -0.01545941904974743 -0.047886844732323824 -0.03016560113222163 -0.035789600377874174 -0.020289669285755534 -0.03563319652484239 -0.031211082917421466;
 0.17902798768370307 -0.042349601193869504 3.9995286925415994 -0.0242108565002071 -0.03399849315644759 -0.041240362453062236 -0.040218330195169086 -0.027489788911066723 -0.03545203521836493 -0.03956612365847042 -0.03317994833169717 -0.036160186300093905 -0.03947752731901976 -0.031831954963914916;
 0.127523120906985 -0.020853364976068135 -0.0242108565002071 4.012147585037522 -0.030391243308010886 -0.020446770956223173 -0.02571146926321838 -0.01342788769123035 -0.03298248021738411 -0.02346490579872789 -0.022736058646249013 -0.01399782332320258 -0.02483848169565968 -0.015949605402725078;
 0.20027917787071217 -0.040207154062839805 -0.03399849315644759 -0.030391243308010886 4.003862786360587 -0.04142493042078348 -0.0377064226967253 -0.02567256010944873 -0.03751547314357676 -0.04154717439425353 -0.03548611198213348 -0.03448383656152849 -0.03935706765319758 -0.039216453138829266;
 0.2193062857851454 -0.030356236679669163 -0.041240362453062236 -0.020446770956223173 -0.04142493042078348 4.013036298336128 -0.04448336472101784 -0.019063379142928463 -0.05150657857145301 -0.031310658175037025 -0.03899700709408158 -0.024260389929420652 -0.03640312058050844 -0.03198503159797087;
 0.1846711207468117 -0.03973234912044426 -0.040218330195169086 -0.02571146926321838 -0.0377064226967253 -0.04448336472101784 3.9991973238925156 -0.02756966988107236 -0.037976120405326344 -0.039672988449950305 -0.035090818137510305 -0.03447470267412219 -0.04013601730182251 -0.03510960021672687;
 0.13629988514777103 -0.01545941904974743 -0.027489788911066723 -0.01342788769123035 -0.02567256010944873 -0.019063379142928463 -0.02756966988107236 4.016917054326403 -0.036233443203043586 -0.019310020271578094 -0.02194283298338934 -0.013554435466394323 -0.021151970801886022 -0.018306332270009693;
 0.14677466458239216 -0.047886844732323824 -0.03545203521836493 -0.03298248021738411 -0.03751547314357676 -0.05150657857145301 -0.037976120405326344 -0.036233443203043586 4.009252781993378 -0.04507643610678341 -0.03140368861621975 -0.0437508003049595 -0.039702254850400874 -0.03365568853849293;
 0.20568283577296728 -0.03016560113222163 -0.03956612365847042 -0.02346490579872789 -0.04154717439425353 -0.031310658175037025 -0.039672988449950305 -0.019310020271578094 -0.04507643610678341 4.008510097525115 -0.038828803759622735 -0.024519442080385898 -0.03654702366969473 -0.03266212505413865;
 0.162795330730628 -0.035789600377874174 -0.03317994833169717 -0.022736058646249013 -0.03548611198213348 -0.03899700709408158 -0.035090818137510305 -0.02194283298338934 -0.03140368861621975 -0.038828803759622735 4.001264135068369 -0.03343426597302363 -0.03592941540792107 -0.027707608694656875;
 0.1818942088816963 -0.020289669285755534 -0.036160186300093905 -0.01399782332320258 -0.03448383656152849 -0.024260389929420652 -0.03447470267412219 -0.013554435466394323 -0.0437508003049595 -0.024519442080385898 -0.03343426597302363 4.017702301928458 -0.03125789593377664 -0.026158195393553404;
 0.19954058932852858 -0.03563319652484239 -0.03947752731901976 -0.02483848169565968 -0.03935706765319758 -0.03640312058050844 -0.04013601730182251 -0.021151970801886022 -0.039702254850400874 -0.03654702366969473 -0.03592941540792107 -0.03125789593377664 4.006980988996734 -0.03292693509113223;
 -0.014224377962223906 -0.031211082917421466 -0.031831954963914916 -0.015949605402725078 -0.039216453138829266 -0.03198503159797087 -0.03510960021672687 -0.018306332270009693 -0.03365568853849293 -0.03266212505413865 -0.027707608694656875 -0.026158195393553404 -0.03292693509113223 5.104260014551723;
]
solve(n, X, P0, Q0, M0,  false)
## Multiplier-10
P1 = 813*X[1]^2//200 + 1693*X[1]*X[10]//50000 + 3089*X[1]*X[11]//100000 + 1663*X[1]*X[12]//50000 + 3321*X[1]*X[13]//100000 + 6099*X[1]*X[2]//100000 + 6489*X[1]*X[3]//1000000 + 2297*X[1]*X[4]//50000 + 56*X[1]*X[5]//3125 + 4657*X[1]*X[6]//100000 + 1403*X[1]*X[7]//50000 + 53*X[1]*X[8]//1250 + 2731*X[1]*X[9]//100000 - 657*X[1]//2500 + 207*X[10]^2//40 - 1489*X[10]*X[11]//500000 + 4127*X[10]*X[12]//100000 + 1129*X[10]*X[13]//100000 + 5007*X[10]*X[2]//100000 - 1421*X[10]*X[3]//100000 + 1721*X[10]*X[4]//50000 - 2431*X[10]*X[5]//500000 + 4223*X[10]*X[6]//100000 - 927*X[10]*X[7]//200000 + 2059*X[10]*X[8]//50000 + 691*X[10]*X[9]//250000 - 823*X[10]//12500 + 2023*X[11]^2//500 + 3989*X[11]*X[12]//100000 + 3971*X[11]*X[13]//100000 + 3951*X[11]*X[2]//50000 - 141*X[11]*X[3]//5000 + 1647*X[11]*X[4]//25000 - 751*X[11]*X[5]//50000 + 417*X[11]*X[6]//5000 - 3081*X[11]*X[7]//1000000 + 2179*X[11]*X[8]//50000 + 1179*X[11]*X[9]//100000 - 4689*X[11]//10000 + 1019*X[12]^2//250 - 7671*X[12]*X[13]//1000000 + 3481*X[12]*X[2]//100000 + 3927*X[12]*X[3]//100000 + 6591*X[12]*X[4]//100000 + 3973*X[12]*X[5]//100000 - 7767*X[12]*X[6]//1000000 + 3211*X[12]*X[7]//50000 + 8959*X[12]*X[8]//100000 + 943*X[12]*X[9]//20000 + 561*X[12]//20000 + 811*X[13]^2//200 + 873*X[13]*X[2]//12500 - 4639*X[13]*X[3]//500000 + 2323*X[13]*X[4]//50000 + 537*X[13]*X[5]//20000 + 9559*X[13]*X[6]//100000 + 49*X[13]*X[7]//4000 + 849*X[13]*X[8]//20000 + 2769*X[13]*X[9]//100000 - 2719*X[13]//10000 + 813*X[2]^2//200 + 327*X[2]*X[3]//12500 + 7671*X[2]*X[4]//100000 + 5231*X[2]*X[5]//100000 + 1529*X[2]*X[6]//20000 + 1523*X[2]*X[7]//25000 + 579*X[2]*X[8]//10000 + 863*X[2]*X[9]//12500 - 9389*X[2]//100000 + 4029*X[3]^2//1000 + 507*X[3]*X[4]//25000 - 3181*X[3]*X[5]//100000 + 3719*X[3]*X[6]//100000 - 3011*X[3]*X[7]//100000 + 1283*X[3]*X[8]//50000 - 231*X[3]*X[9]//10000 - 9*X[3]//40 + 4073*X[4]^2//1000 - 359*X[4]*X[5]//20000 + 8561*X[4]*X[6]//100000 + 69*X[4]*X[7]//1250 + 159*X[4]*X[8]//6250 + 6341*X[4]*X[9]//100000 - 797*X[4]//5000 + 4041*X[5]^2//1000 + 8023*X[5]*X[6]//100000 - 577*X[5]*X[7]//500000 + 1689*X[5]*X[8]//25000 - 1877*X[5]*X[9]//100000 - 41*X[5]//125 + 1019*X[6]^2//250 + 52*X[6]*X[7]//3125 + 1777*X[6]*X[8]//100000 + 2429*X[6]*X[9]//25000 - 1969*X[6]//10000 + 807*X[7]^2//200 + 851*X[7]*X[8]//12500 - 6829*X[7]*X[9]//1000000 - 258*X[7]//625 + 163*X[8]^2//40 + 1863*X[8]*X[9]//100000 - 5611*X[8]//100000 + 506*X[9]^2//125 - 3939*X[9]//10000 + 469//100
M1 = [1, X[9], X[8], X[7], X[6], X[5], X[4], X[3], X[2], X[13], X[12], X[11], X[10], X[1]]
Q1 = [4.689824259082319 -0.1946952231856661 -0.02749730458423732 -0.20533973048796159 -0.09619346904817021 -0.16522676070186681 -0.08095461192955854 -0.11400723386148087 -0.04670249890331514 -0.13810746948093416 0.0117755868545787 -0.23292634241237345 -0.031883463970872446 -0.1325060288887012;
 -0.1946952231856661 4.0477686386576 0.010004841756067868 -0.0023536878036101703 0.04949986993977161 -0.008803256356325916 0.03282637265229419 -0.011319368467233332 0.03330078164537268 0.0146594268391669 0.022540823165974742 0.007509466695109537 -0.00034079899393572887 0.014145979320713972;
 -0.02749730458423732 0.010004841756067868 4.074816866683381 0.03332845780863324 0.009133169583804168 0.034018952116741163 0.013854960428656386 0.013833129574323859 0.02832241652648271 0.02014788556879637 0.04502388754500406 0.02248084819635223 0.021304030001960825 0.021154788423768774;
 -0.20533973048796159 -0.0023536878036101703 0.03332845780863324 4.0355748920697225 0.0071716665035760005 -0.0023065130347516634 0.027494119598126737 -0.013251815573259003 0.0300472159835138 0.005522451113112442 0.030974788619810165 -0.0017718599719126979 -0.0023571968560432382 0.015909642546043712;
 -0.09619346904817021 0.04949986993977161 0.009133169583804168 0.0071716665035760005 4.07576266215952 0.03917388284763523 0.041198377908916624 0.018412100559427894 0.03704618518844934 0.048126215735702776 -0.001913835463710666 0.043378786503919374 0.02202911959284739 0.02325070985594766;
 -0.16522676070186681 -0.008803256356325916 0.034018952116741163 -0.0023065130347516634 0.03917388284763523 4.041353088296436 -0.007876049161675669 -0.01728588186535322 0.027378664823315635 0.013227184740580128 0.020801876421015063 -0.005706641515015506 -0.0014625559714317542 0.010155208416076781;
 -0.08095461192955854 0.03282637265229419 0.013854960428656386 0.027494119598126737 0.041198377908916624 -0.007876049161675669 4.0732848569422035 0.008532699766452304 0.038500717987245345 0.022360614291618085 0.03406869183629228 0.03307390010406948 0.018026962554340175 0.023550402623621784;
 -0.11400723386148087 -0.011319368467233332 0.013833129574323859 -0.013251815573259003 0.018412100559427894 -0.01728588186535322 0.008532699766452304 4.028928035213776 0.011934088357418797 -0.003616751763116517 0.019800875963437086 -0.015585604567431141 -0.008594494403313432 0.0021293362317488422;
 -0.04670249890331514 0.03330078164537268 0.02832241652648271 0.0300472159835138 0.03704618518844934 0.027378664823315635 0.038500717987245345 0.011934088357418797 4.065309130568081 0.03296072934716599 0.01771782177640169 0.03738273172239925 0.023609502922140854 0.02994023246519643;
 -0.13810746948093416 0.0146594268391669 0.02014788556879637 0.005522451113112442 0.048126215735702776 0.013227184740580128 0.022360614291618085 -0.003616751763116517 0.03296072934716599 4.055435545532071 -0.0032639992380714324 0.01817350466306182 0.0035898425553724995 0.0158600055628999;
 0.0117755868545787 0.022540823165974742 0.04502388754500406 0.030974788619810165 -0.001913835463710666 0.020801876421015063 0.03406869183629228 0.019800875963437086 0.01771782177640169 -0.0032639992380714324 4.076337387072092 0.018992145890827157 0.018648459194656183 0.017345111552887694;
 -0.23292634241237345 0.007509466695109537 0.02248084819635223 -0.0017718599719126979 0.043378786503919374 -0.005706641515015506 0.03307390010406948 -0.015585604567431141 0.03738273172239925 0.01817350466306182 0.018992145890827157 4.045585333455778 -0.0012305566596827007 0.015410572171232536;
 -0.031883463970872446 -0.00034079899393572887 0.021304030001960825 -0.0023571968560432382 0.02202911959284739 -0.0014625559714317542 0.018026962554340175 -0.008594494403313432 0.023609502922140854 0.0035898425553724995 0.018648459194656183 -0.0012305566596827007 5.174501382426363 0.01516457579346557;
 -0.1325060288887012 0.014145979320713972 0.021154788423768774 0.015909642546043712 0.02325070985594766 0.010155208416076781 0.023550402623621784 0.0021293362317488422 0.02994023246519643 0.0158600055628999 0.017345111552887694 0.015410572171232536 0.01516457579346557 4.065456541170294;
]
solve(n, X, P1, Q1, M1,  false)
## Multiplier-11
P2 = 4031*X[1]^2//1000 - 401*X[1]*X[10]//12500 - 6581*X[1]*X[11]//1000000 - 78*X[1]*X[12]//3125 - 1003*X[1]*X[13]//25000 - 333*X[1]*X[2]//20000 - 3043*X[1]*X[3]//100000 - 1661*X[1]*X[4]//50000 - 4361*X[1]*X[5]//100000 - 3381*X[1]*X[6]//100000 - 2179*X[1]*X[7]//100000 - 1347*X[1]*X[8]//50000 - 553*X[1]*X[9]//12500 + 8681*X[1]//100000 + 1003*X[10]^2//250 - 7041*X[10]*X[11]//1000000 - 733*X[10]*X[12]//25000 - 7657*X[10]*X[13]//100000 - 164*X[10]*X[2]//3125 - 579*X[10]*X[3]//200000 - 1259*X[10]*X[4]//20000 - 1567*X[10]*X[5]//50000 - 1339*X[10]*X[6]//25000 - 293*X[10]*X[7]//12500 - 33*X[10]*X[8]//1000 - 3169*X[10]*X[9]//50000 + 811*X[10]//2000 + 1287*X[11]^2//250 - 281*X[11]*X[12]//25000 - 47*X[11]*X[13]//2500 - 1867*X[11]*X[2]//100000 - 2973*X[11]*X[3]//100000 - 173*X[11]*X[4]//6250 - 2417*X[11]*X[5]//100000 - 2881*X[11]*X[6]//1000000 - 1961*X[11]*X[7]//100000 - 1243*X[11]*X[8]//100000 - 597*X[11]*X[9]//25000 + 507*X[11]//2500 + 503*X[12]^2//125 - 511*X[12]*X[13]//5000 - 1357*X[12]*X[2]//25000 + 2229*X[12]*X[3]//500000 - 4071*X[12]*X[4]//100000 - 4069*X[12]*X[5]//100000 - 7123*X[12]*X[6]//100000 + 231*X[12]*X[7]//500000 - 227*X[12]*X[8]//12500 - 2823*X[12]*X[9]//50000 + 767*X[12]//2000 + 801*X[13]^2//200 - 3813*X[13]*X[2]//50000 - 433*X[13]*X[3]//12500 - 4333*X[13]*X[4]//50000 - 349*X[13]*X[5]//6250 - 4593*X[13]*X[6]//100000 - 4757*X[13]*X[7]//100000 - 1633*X[13]*X[8]//20000 - 1797*X[13]*X[9]//25000 + 391*X[13]//1000 + 1003*X[2]^2//250 - 1867*X[2]*X[3]//100000 - 267*X[2]*X[4]//5000 - 1177*X[2]*X[5]//25000 - 4419*X[2]*X[6]//100000 - 3081*X[2]*X[7]//100000 - 959*X[2]*X[8]//20000 - 6247*X[2]*X[9]//100000 + 267*X[2]//625 + 3997*X[3]^2//1000 - 3499*X[3]*X[4]//100000 - 663*X[3]*X[5]//12500 - 663*X[3]*X[6]//200000 - 579*X[3]*X[7]//12500 - 1237*X[3]*X[8]//100000 - 4541*X[3]*X[9]//100000 + 5831*X[3]//100000 + 4011*X[4]^2//1000 - 559*X[4]*X[5]//5000 - 4619*X[4]*X[6]//100000 - 197*X[4]*X[7]//6250 - 7367*X[4]*X[8]//100000 - 6383*X[4]*X[9]//100000 + 391*X[4]//1000 + 4007*X[5]^2//1000 - 1119*X[5]*X[6]//50000 - 209*X[5]*X[7]//5000 - 1227*X[5]*X[8]//50000 - 9321*X[5]*X[9]//100000 + 1303*X[5]//5000 + 502*X[6]^2//125 - 11*X[6]*X[7]//200 - 1369*X[6]*X[8]//25000 - 471*X[6]*X[9]//12500 + 561*X[6]//1250 + 801*X[7]^2//200 + 2241*X[7]*X[8]//2500000 - 1169*X[7]*X[9]//20000 + 1447*X[7]//10000 + 4019*X[8]^2//1000 - 7953*X[8]*X[9]//100000 + 199*X[8]//500 + 2001*X[9]^2//500 + 2969*X[9]//10000 + 3619//1000
M2 = [1, X[9], X[8], X[7], X[6], X[5], X[4], X[3], X[2], X[13], X[12], X[11], X[10], X[1]]
Q2 = [3.6193979576863944 0.14958933363723897 0.1984070272558544 0.07295155080575917 0.22444454152751417 0.1299603543931451 0.1945144902075113 0.028495411615888318 0.21397265137212682 0.19592544937971212 0.19327746685521932 0.10143349314968454 0.20338648603707388 0.04185347531116976;
 0.14958933363723897 4.001758393205561 -0.04129311197572465 -0.0298822951424051 -0.017867624459960603 -0.044980006576711085 -0.032003281349229404 -0.02320412297674362 -0.030901621495337716 -0.03420611644792741 -0.026077387616120024 -0.012414438360107399 -0.029735449619864296 -0.022913580345544436;
 0.1984070272558544 -0.04129311197572465 4.019797803982274 0.0010188364053523656 -0.028157644165634457 -0.012951496516906942 -0.036951617527977876 -0.005507666710873499 -0.022022744097378942 -0.03922909738739867 -0.009030115777275406 -0.007271999206243362 -0.015828996267578496 -0.012840151856529342;
 0.07295155080575917 -0.0298822951424051 0.0010188364053523656 4.00448618142281 -0.02677514940634441 -0.022160265988470724 -0.017189828356540638 -0.022896171115295703 -0.014623309355998721 -0.025619437503559436 0.001433494914975229 -0.009051458229278128 -0.009817975280554178 -0.011580545611581549;
 0.22444454152751417 -0.017867624459960603 -0.028157644165634457 -0.02677514940634441 4.016121523051588 -0.011894933668887634 -0.0232471308944602 -0.0017406834350908412 -0.02116865009322452 -0.023741490544111104 -0.036550333151504494 -0.0023077678672188207 -0.0260859557110521 -0.016697445230877055;
 0.1299603543931451 -0.044980006576711085 -0.012951496516906942 -0.022160265988470724 -0.011894933668887634 4.00663573833539 -0.05447644320663233 -0.028262179463900593 -0.025331478119139408 -0.029479600996794034 -0.021571971515211306 -0.011989096858069878 -0.014983571294736533 -0.0207618780707016;
 0.1945144902075113 -0.032003281349229404 -0.036951617527977876 -0.017189828356540638 -0.0232471308944602 -0.05447644320663233 4.0106851840844975 -0.016260587917360007 -0.025069127717050055 -0.0430805534537526 -0.021282018285132355 -0.0142320466177935 -0.0321221346393487 -0.016142011164782578;
 0.028495411615888318 -0.02320412297674362 -0.005507666710873499 -0.022896171115295703 -0.0017406834350908412 -0.028262179463900593 -0.016260587917360007 3.9970172268144895 -0.011096739358175818 -0.018098154678347626 0.003827732760205521 -0.013916201629511666 0.000378233801221082 -0.014867688139626967;
 0.21397265137212682 -0.030901621495337716 -0.022022744097378942 -0.014623309355998721 -0.02116865009322452 -0.025331478119139408 -0.025069127717050055 -0.011096739358175818 4.011013491220393 -0.036213294302993713 -0.025423067478030005 -0.008567687763983567 -0.027152699474690276 -0.010170978771761638;
 0.19592544937971212 -0.03420611644792741 -0.03922909738739867 -0.025619437503559436 -0.023741490544111104 -0.029479600996794034 -0.0430805534537526 -0.018098154678347626 -0.036213294302993713 4.004716920815871 -0.051406403654278385 -0.009092266516488876 -0.037980561913219524 -0.021266345725919875;
 0.19327746685521932 -0.026077387616120024 -0.009030115777275406 0.001433494914975229 -0.036550333151504494 -0.021571971515211306 -0.021282018285132355 0.003827732760205521 -0.025423067478030005 -0.051406403654278385 4.024511153015798 -0.006389686129872349 -0.0164416867748382 -0.012623025453346608;
 0.10143349314968454 -0.012414438360107399 -0.007271999206243362 -0.009051458229278128 -0.0023077678672188207 -0.011989096858069878 -0.0142320466177935 -0.013916201629511666 -0.008567687763983567 -0.009092266516488876 -0.006389686129872349 5.148324948115008 -0.004438039643037536 -0.005547897141769225;
 0.20338648603707388 -0.029735449619864296 -0.015828996267578496 -0.009817975280554178 -0.0260859557110521 -0.014983571294736533 -0.0321221346393487 0.000378233801221082 -0.027152699474690276 -0.037980561913219524 -0.0164416867748382 -0.004438039643037536 4.0126803233123685 -0.01605565857404013;
 0.04185347531116976 -0.022913580345544436 -0.012840151856529342 -0.011580545611581549 -0.016697445230877055 -0.0207618780707016 -0.016142011164782578 -0.014867688139626967 -0.010170978771761638 -0.021266345725919875 -0.012623025453346608 -0.005547897141769225 -0.01605565857404013 4.030991303214416;
]
solve(n, X, P2, Q2, M2,  false)
## Multiplier-12
P3 = 1009*X[1]^2//250 - 9151*X[1]*X[10]//1000000 + 887*X[1]*X[11]//500000 + 133*X[1]*X[12]//15625 + 2649*X[1]*X[13]//100000 + 1161*X[1]*X[2]//50000 - 1569*X[1]*X[3]//100000 - 107*X[1]*X[4]//100000 + 1281*X[1]*X[5]//1000000 + 4383*X[1]*X[6]//500000 - 3703*X[1]*X[7]//500000 - 9337*X[1]*X[8]//1000000 - 7193*X[1]*X[9]//1000000 - 3563*X[1]//100000 + 4017*X[10]^2//1000 - 1597*X[10]*X[11]//100000 + 733*X[10]*X[12]//25000 - 58*X[10]*X[13]//3125 - 977*X[10]*X[2]//50000 + 6703*X[10]*X[3]//1000000 + 5193*X[10]*X[4]//1000000 + 21*X[10]*X[5]//2000 - 4281*X[10]*X[6]//100000 - 107*X[10]*X[7]//10000 + 101*X[10]*X[8]//2500 - 1923*X[10]*X[9]//100000 + 1851*X[10]//10000 + 399*X[11]^2//100 - 4317*X[11]*X[12]//100000 - 41*X[11]*X[13]//3125 + 1661*X[11]*X[2]//100000 - 7547*X[11]*X[3]//100000 + 2413*X[11]*X[4]//100000 - 479*X[11]*X[5]//6250 + 641*X[11]*X[6]//50000 - 929*X[11]*X[7]//12500 - 1257*X[11]*X[8]//100000 - 133*X[11]*X[9]//3125 - 383*X[11]//1250 + 5147*X[12]^2//1000 - 1643*X[12]*X[13]//20000 - 4347*X[12]*X[2]//500000 - 1939*X[12]*X[3]//200000 + 1281*X[12]*X[4]//50000 - 133*X[12]*X[5]//4000 - 8463*X[12]*X[6]//100000 - 1233*X[12]*X[7]//100000 + 2277*X[12]*X[8]//50000 - 2909*X[12]*X[9]//100000 + 383*X[12]//1250 + 504*X[13]^2//125 + 3079*X[13]*X[2]//100000 - 6787*X[13]*X[3]//100000 - 3557*X[13]*X[4]//1000000 - 1829*X[13]*X[5]//100000 + 8667*X[13]*X[6]//100000 - 253*X[13]*X[7]//3125 - 2433*X[13]*X[8]//100000 - 3331*X[13]*X[9]//100000 - 783*X[13]//2000 + 4019*X[2]^2//1000 - 1267*X[2]*X[3]//50000 + 5361*X[2]*X[4]//1000000 + 93*X[2]*X[5]//40000 + 3317*X[2]*X[6]//500000 - 137*X[2]*X[7]//12500 - 417*X[2]*X[8]//25000 - 121*X[2]*X[9]//40000 + 89*X[2]//500 + 997*X[3]^2//250 - 8963*X[3]*X[4]//1000000 - 847*X[3]*X[5]//10000 - 3091*X[3]*X[6]//100000 - 627*X[3]*X[7]//10000 - 83*X[3]*X[8]//40000 - 1377*X[3]*X[9]//25000 - 717*X[3]//12500 + 4039*X[4]^2//1000 - 1031*X[4]*X[5]//10000 - 453*X[4]*X[6]//25000 + 4189*X[4]*X[7]//1000000 - 3949*X[4]*X[8]//100000 + 81*X[4]*X[9]//4000 + 267*X[4]//1250 + 3993*X[5]^2//1000 + 227*X[5]*X[6]//20000 - 269*X[5]*X[7]//4000 + 471*X[5]*X[8]//20000 - 9191*X[5]*X[9]//100000 - 2277*X[5]//10000 + 809*X[6]^2//200 - 269*X[6]*X[7]//2000 - 1083*X[6]*X[8]//10000 + 9373*X[6]*X[9]//1000000 - 7833*X[6]//100000 + 199*X[7]^2//50 + 1409*X[7]*X[8]//50000 - 351*X[7]*X[9]//5000 - 1139*X[7]//10000 + 1011*X[8]^2//250 - 1057*X[8]*X[9]//20000 + 299*X[8]//1000 + 1997*X[9]^2//500 - 121*X[9]//1000 + 89//25
M3 = [1, X[9], X[8], X[7], X[6], X[5], X[4], X[3], X[2], X[13], X[12], X[11], X[10], X[1]]
Q3 = [3.5604505987678934 -0.06171070704757959 0.15092396327368016 -0.055333689905804756 -0.039938429773797836 -0.11367967326036746 0.10536313782056346 -0.03007408373249386 0.0892050280970556 -0.19466427040015818 0.15149176276669576 -0.15356147711725163 0.09206722378216896 -0.01665096339961631;
 -0.06171070704757959 3.994440159848883 -0.027791931140010728 -0.03576694382727441 0.005520898970107311 -0.04404056630065254 0.010142337548338197 -0.02899653039691049 -0.0027585014370478094 -0.01602156014570743 -0.014388314410420886 -0.02262046435221363 -0.007587070889573458 -0.0026761571927585164;
 0.15092396327368016 -0.027791931140010728 4.044651450110867 0.012838898560127432 -0.05222613603712201 0.0119760785640223 -0.019329240981866537 -0.0008479308862851332 -0.006608247181445576 -0.013366168504694033 0.02376503360750189 -0.005335110688818113 0.021407880289980936 -0.004669820398740262;
 -0.055333689905804756 -0.03576694382727441 0.012838898560127432 3.9797974186202665 -0.06678306317869452 -0.03464673291127393 0.0018073637439912683 -0.031092285143204324 -0.006234295519442015 -0.042336435014205115 -0.005676902878226838 -0.03548716872087927 -0.005659950479989709 -0.005002198756507636;
 -0.039938429773797836 0.005520898970107311 -0.05222613603712201 -0.06678306317869452 4.044778171522798 0.006453826772290663 -0.007044120702734007 -0.01671751887724828 0.0031262734807234677 0.04478349324128654 -0.04156229643596792 0.0057873733107532705 -0.02268053542244197 0.004041822043334159;
 -0.11367967326036746 -0.04404056630065254 0.0119760785640223 -0.03464673291127393 0.006453826772290663 3.992320499963956 -0.0498052186616836 -0.04268750162338254 0.0006453538422439305 -0.007613817799740567 -0.018308275287386523 -0.03716149888992796 0.005709566804616436 -0.0012203869405208526;
 0.10536313782056346 0.010142337548338197 -0.019329240981866537 0.0018073637439912683 -0.007044120702734007 -0.0498052186616836 4.03861424258676 -0.005071851597693458 0.003546304278000153 -0.002989639409137044 0.013663098375096364 0.010869627108122629 0.0013132975462429104 0.00022808788812607412;
 -0.03007408373249386 -0.02899653039691049 -0.0008479308862851332 -0.031092285143204324 -0.01671751887724828 -0.04268750162338254 -0.005071851597693458 3.988518621970217 -0.014607031713305019 -0.03479551619734154 -0.006713222883330653 -0.03736731973328919 0.00252431699607657 -0.009585459557992235;
 0.0892050280970556 -0.0027585014370478094 -0.006608247181445576 -0.006234295519442015 0.0031262734807234677 0.0006453538422439305 0.003546304278000153 -0.014607031713305019 4.019512928143187 0.01665212299683114 -0.006133340798580467 0.00856854673712854 -0.009124462444342295 0.012905502810739855;
 -0.19466427040015818 -0.01602156014570743 -0.013366168504694033 -0.042336435014205115 0.04478349324128654 -0.007613817799740567 -0.002989639409137044 -0.03479551619734154 0.01665212299683114 4.032462846381145 -0.04150338465576282 -0.004500101072786898 -0.008810577056658199 0.012118795242913642;
 0.15149176276669576 -0.014388314410420886 0.02376503360750189 -0.005676902878226838 -0.04156229643596792 -0.018308275287386523 0.013663098375096364 -0.006713222883330653 -0.006133340798580467 -0.04150338465576282 5.147636340915534 -0.02107277046329124 0.013024067930843868 0.0024285936422013083;
 -0.15356147711725163 -0.02262046435221363 -0.005335110688818113 -0.03548716872087927 0.0057873733107532705 -0.03716149888992796 0.010869627108122629 -0.03736731973328919 0.00856854673712854 -0.004500101072786898 -0.02107277046329124 3.990417767983753 -0.007833740519853081 0.0011789351208180677;
 0.09206722378216896 -0.007587070889573458 0.021407880289980936 -0.005659950479989709 -0.02268053542244197 0.005709566804616436 0.0013132975462429104 0.00252431699607657 -0.009124462444342295 -0.008810577056658199 0.013024067930843868 -0.007833740519853081 4.017101617590749 -0.005175636081267129;
 -0.01665096339961631 -0.0026761571927585164 -0.004669820398740262 -0.005002198756507636 0.004041822043334159 -0.0012203869405208526 0.00022808788812607412 -0.009585459557992235 0.012905502810739855 0.012118795242913642 0.0024285936422013083 0.0011789351208180677 -0.005175636081267129 4.035855129304756;
]
solve(n, X, P3, Q3, M3,  false)
## Multiplier-13
P4 = 40392522943439*X[1]^2//10000000000000 - 171148907393217*X[1]*X[10]//20000000000000000 - 28403332689777*X[1]*X[11]//1250000000000000 - 1843*X[1]*X[12]//2500000 - 51904732827097*X[1]*X[13]//5000000000000000 + 1527*X[1]*X[2]//100000 - 146221895702183*X[1]*X[3]//10000000000000000 - 93003618530929*X[1]*X[4]//250000000000000000 - 231514968909323*X[1]*X[5]//10000000000000000 - 801*X[1]*X[6]//1000000 - 1629*X[1]*X[7]//250000 - 121*X[1]*X[8]//250000 - 2361*X[1]*X[9]//100000 - 157*X[1]//4000 + 402618131984491*X[10]^2//100000000000000 - 253177862614393*X[10]*X[11]//10000000000000000 + 2147*X[10]*X[12]//50000 - 188758280128241*X[10]*X[13]//10000000000000000 + 2829*X[10]*X[2]//1000000 + 131797159556299*X[10]*X[3]//10000000000000000 - 607953802682459*X[10]*X[4]//100000000000000000 - 446199264843017*X[10]*X[5]//50000000000000000 - 5681*X[10]*X[6]//1000000 + 1301*X[10]*X[7]//100000 + 2619*X[10]*X[8]//100000 - 1251*X[10]*X[9]//50000 + 147*X[10]//1250 + 50000456521957*X[11]^2//12500000000000 - 33*X[11]*X[12]//3125 - 416407829616219*X[11]*X[13]//10000000000000000 - 1301*X[11]*X[2]//500000 - 680007585324347*X[11]*X[3]//10000000000000000 - 34704752266407*X[11]*X[4]//4000000000000000 - 937696644105017*X[11]*X[5]//10000000000000000 - 347*X[11]*X[6]//200000 - 1329*X[11]*X[7]//25000 - 79*X[11]*X[8]//3125 - 637*X[11]*X[9]//10000 - 1881*X[11]//20000 + 2037*X[12]^2//500 - 2307*X[12]*X[13]//250000 + 61*X[12]*X[2]//3125 + 221*X[12]*X[3]//5000 + 2107*X[12]*X[4]//50000 - 939*X[12]*X[5]//500000 - 277*X[12]*X[6]//12500 + 3461*X[12]*X[7]//50000 + 6693*X[12]*X[8]//100000 + 7007*X[12]*X[9]//1000000 + 147*X[12]//1250 + 64341620617779*X[13]^2//12500000000000 - 2623*X[13]*X[2]//500000 - 69265577942133*X[13]*X[3]//2000000000000000 - 140245966613293*X[13]*X[4]//10000000000000000 - 102051761932671*X[13]*X[5]//2500000000000000 + 2603*X[13]*X[6]//1000000 - 447*X[13]*X[7]//12500 - 44*X[13]*X[8]//3125 - 3341*X[13]*X[9]//100000 + 627*X[13]//5000 + 4033*X[2]^2//1000 + 1123*X[2]*X[3]//100000 + 1903*X[2]*X[4]//100000 - 109*X[2]*X[5]//50000 + 289*X[2]*X[6]//25000 + 2711*X[2]*X[7]//100000 + 479*X[2]*X[8]//25000 - 163*X[2]*X[9]//100000 + 451*X[2]//2500 + 400147019326687*X[3]^2//100000000000000 - 120125734247267*X[3]*X[4]//50000000000000000 - 765880318358541*X[3]*X[5]//10000000000000000 + 2013*X[3]*X[6]//100000 - 1247*X[3]*X[7]//25000 + 5213*X[3]*X[8]//1000000 - 5439*X[3]*X[9]//100000 - 2039*X[3]//10000 + 12616818848619*X[4]^2//3125000000000 - 815316429361701*X[4]*X[5]//10000000000000000 + 927*X[4]*X[6]//50000 + 1021*X[4]*X[7]//50000 - 557*X[4]*X[8]//25000 - 531*X[4]*X[9]//500000 + 147*X[4]//1250 + 16005069934763*X[5]^2//4000000000000 + 1453*X[5]*X[6]//100000 - 5301*X[5]*X[7]//100000 + 1833*X[5]*X[8]//250000 - 9531*X[5]*X[9]//100000 - 8627*X[5]//100000 + 504*X[6]^2//125 - 3701*X[6]*X[7]//100000 - 1387*X[6]*X[8]//100000 + 46*X[6]*X[9]//3125 + 98*X[6]//625 + 4009*X[7]^2//1000 + 1857*X[7]*X[8]//50000 - 2709*X[7]*X[9]//50000 - 1137*X[7]//5000 + 4041*X[8]^2//1000 - 2453*X[8]*X[9]//50000 + 627*X[8]//5000 + 2003*X[9]^2//500 - 1771*X[9]//25000 + 3921//1000
M4 = [1, X[9], X[8], X[7], X[6], X[5], X[4], X[3], X[2], X[13], X[12], X[11], X[10], X[1]]
Q4 = [3.9209413719125945 -0.03510847542805025 0.06112719254286963 -0.11531490393020769 0.07743611292281272 -0.04205496835709454 0.059106783375173014 -0.10318987160544121 0.09095253164843876 0.060924556886290206 0.05936599900730279 -0.04801386581078181 0.05949103394153194 -0.019817767471509436;
 -0.03510847542805025 4.006510782898711 -0.023432256807390323 -0.028505141363284147 0.008460501878451425 -0.0467434192440888 -0.0015410240194214983 -0.026961885570117868 -0.0004140821582924627 -0.017351245650989895 0.004073025983148547 -0.030986376237596498 -0.011448016765198308 -0.011152463091913057;
 0.06112719254286963 -0.023432256807390323 4.041556822754922 0.02055706133856216 -0.008187532009201505 0.002808820362762753 -0.010651055354782358 0.004495264034336295 0.008429977208108402 -0.006758791224280193 0.032954512405780075 -0.011370557678167938 0.012054833840435602 -0.0009479985784445055;
 -0.11531490393020769 -0.028505141363284147 0.02055706133856216 4.008411678462449 -0.016456442146934803 -0.02794913923380772 0.008996390066963367 -0.02640544696096983 0.011822158821066736 -0.018236884778522717 0.034007591234893095 -0.026503560819865817 0.004585417817663092 -0.0020980101995637475;
 0.07743611292281272 0.008460501878451425 -0.008187532009201505 -0.016456442146934803 4.03143849402359 0.0055060057449624585 0.009784546724029794 0.01030270459524509 0.006513225794732685 -0.0005914560396720034 -0.01177956232107334 0.00041396543820046785 -0.0022380374278979814 -0.0015116878080640164;
 -0.04205496835709454 -0.0467434192440888 0.002808820362762753 -0.02794913923380772 0.0055060057449624585 4.0008582636053545 -0.03918124691748609 -0.03889091171554288 -0.001201596401337435 -0.01932180357813599 -0.0011769289248168273 -0.044923264117022015 -0.003928887276288052 -0.012676200463793823;
 0.059106783375173014 -0.0015410240194214983 -0.010651055354782358 0.008996390066963367 0.009784546724029794 -0.03918124691748609 4.03734057940263 0.0004080612539170356 0.010531276695296675 -0.007400545346843711 0.02247784873566482 -0.004499879490402907 -0.002166012073528468 -0.001405108734328335;
 -0.10318987160544121 -0.026961885570117868 0.004495264034336295 -0.02640544696096983 0.01030270459524509 -0.03889091171554288 0.0004080612539170356 4.001179564834784 0.005633096573441661 -0.017321771191617298 0.02246079161594718 -0.035087967227119446 0.007417755938652046 -0.008493021648391375;
 0.09095253164843876 -0.0004140821582924627 0.008429977208108402 0.011822158821066736 0.006513225794732685 -0.001201596401337435 0.010531276695296675 0.005633096573441661 4.033249658323931 -0.002030161003127219 0.008169406453259063 0.00042286301172265897 0.000277695046766599 0.008128699157361436;
 0.060924556886290206 -0.017351245650989895 -0.006758791224280193 -0.018236884778522717 -0.0005914560396720034 -0.01932180357813599 -0.007400545346843711 -0.017321771191617298 -0.002030161003127219 5.1477328707284755 -0.005131250760531719 -0.0187259977748281 -0.007033118251825706 -0.0036185836833031483;
 0.05936599900730279 0.004073025983148547 0.032954512405780075 0.034007591234893095 -0.01177956232107334 -0.0011769289248168273 0.02247784873566482 0.02246079161594718 0.008169406453259063 -0.005131250760531719 4.073542043637887 -0.0035688661540011174 0.02208315077470212 0.0008939189131642125;
 -0.04801386581078181 -0.030986376237596498 -0.011370557678167938 -0.026503560819865817 0.00041396543820046785 -0.044923264117022015 -0.004499879490402907 -0.035087967227119446 0.00042286301172265897 -0.0187259977748281 -0.0035688661540011174 4.000068000656243 -0.013987473482563207 -0.012146587713531389;
 0.05949103394153194 -0.011448016765198308 0.012054833840435602 0.004585417817663092 -0.0022380374278979814 -0.003928887276288052 -0.002166012073528468 0.007417755938652046 0.000277695046766599 -0.007033118251825706 0.02208315077470212 -0.013987473482563207 4.026088393174447 -0.00573098534913285;
 -0.019817767471509436 -0.011152463091913057 -0.0009479985784445055 -0.0020980101995637475 -0.0015116878080640164 -0.012676200463793823 -0.001405108734328335 -0.008493021648391375 0.008128699157361436 -0.0036185836833031483 0.0008939189131642125 -0.012146587713531389 -0.00573098534913285 4.039744515075419;
]
solve(n, X, P4, Q4, M4,  false)
## Multiplier-2
P5 = 2029*X[1]^2//500 + 5971*X[1]*X[10]//100000 + 2513*X[1]*X[11]//50000 + 1603*X[1]*X[12]//25000 + 59*X[1]*X[13]//1000 + 116*X[1]*X[2]//3125 + 5953*X[1]*X[3]//100000 + 1429*X[1]*X[4]//20000 + 6097*X[1]*X[5]//100000 + 1061*X[1]*X[6]//20000 + 2247*X[1]*X[7]//50000 + 433*X[1]*X[8]//6250 + 5791*X[1]*X[9]//100000 - 2389*X[1]//10000 + 4113*X[10]^2//1000 + 111*X[10]*X[11]//1000 + 161*X[10]*X[12]//1000 + 273*X[10]*X[13]//2000 + 3867*X[10]*X[2]//50000 + 1307*X[10]*X[3]//10000 + 713*X[10]*X[4]//5000 + 199*X[10]*X[5]//1250 + 609*X[10]*X[6]//5000 + 4057*X[10]*X[7]//50000 + 341*X[10]*X[8]//2000 + 677*X[10]*X[9]//5000 - 3187*X[10]//5000 + 2037*X[11]^2//500 + 4709*X[11]*X[12]//50000 + 527*X[11]*X[13]//5000 + 4591*X[11]*X[2]//100000 + 6181*X[11]*X[3]//100000 + 169*X[11]*X[4]//1250 + 1851*X[11]*X[5]//25000 + 699*X[11]*X[6]//5000 + 443*X[11]*X[7]//12500 + 289*X[11]*X[8]//2500 + 8353*X[11]*X[9]//100000 - 3527*X[11]//5000 + 2059*X[12]^2//500 + 4381*X[12]*X[13]//50000 + 1503*X[12]*X[2]//20000 + 1297*X[12]*X[3]//10000 + 1609*X[12]*X[4]//10000 + 1327*X[12]*X[5]//10000 + 3767*X[12]*X[6]//50000 + 1247*X[12]*X[7]//12500 + 1729*X[12]*X[8]//10000 + 84*X[12]*X[9]//625 - 5117*X[12]//10000 + 4103*X[13]^2//1000 + 1363*X[13]*X[2]//20000 + 513*X[13]*X[3]//5000 + 1533*X[13]*X[4]//10000 + 279*X[13]*X[5]//2000 + 1811*X[13]*X[6]//10000 + 5941*X[13]*X[7]//100000 + 371*X[13]*X[8]//2500 + 617*X[13]*X[9]//5000 - 867*X[13]//1250 + 1297*X[2]^2//250 + 4923*X[2]*X[3]//100000 + 1079*X[2]*X[4]//12500 + 583*X[2]*X[5]//10000 + 1681*X[2]*X[6]//20000 + 921*X[2]*X[7]//50000 + 4189*X[2]*X[8]//50000 + 6257*X[2]*X[9]//100000 - 967*X[2]//5000 + 4077*X[3]^2//1000 + 33*X[3]*X[4]//250 + 8219*X[3]*X[5]//100000 + 289*X[3]*X[6]//2000 + 4063*X[3]*X[7]//100000 + 1367*X[3]*X[8]//10000 + 258*X[3]*X[9]//3125 - 4041*X[3]//5000 + 1031*X[4]^2//250 + 1029*X[4]*X[5]//10000 + 1261*X[4]*X[6]//10000 + 581*X[4]*X[7]//6250 + 1173*X[4]*X[8]//10000 + 847*X[4]*X[9]//5000 - 5457*X[4]//10000 + 2051*X[5]^2//500 + 1807*X[5]*X[6]//10000 + 2627*X[5]*X[7]//50000 + 1811*X[5]*X[8]//10000 + 4793*X[5]*X[9]//50000 - 8763*X[5]//10000 + 512*X[6]^2//125 + 4267*X[6]*X[7]//100000 + 2093*X[6]*X[8]//25000 + 1841*X[6]*X[9]//10000 - 1047*X[6]//2000 + 203*X[7]^2//50 + 217*X[7]*X[8]//2000 + 4833*X[7]*X[9]//100000 - 223*X[7]//400 + 103*X[8]^2//25 + 599*X[8]*X[9]//5000 - 2673*X[8]//5000 + 819*X[9]^2//200 - 8193*X[9]//10000 + 711//125
M5 = [1, X[9], X[8], X[7], X[6], X[5], X[4], X[3], X[2], X[13], X[12], X[11], X[10], X[1]]
Q5 = [5.688102796573062 -0.40994404598041356 -0.2679084204646672 -0.28058393925273883 -0.2616804566429739 -0.43735636573262515 -0.2741354818574081 -0.4016103621296553 -0.09622886530668955 -0.34510851088983124 -0.2551028215905185 -0.34988251638239454 -0.3195647946065536 -0.11752117286758368;
 -0.40994404598041356 4.095896878197081 0.06064344399003874 0.023135026944671892 0.09093737113197395 0.04794587574286738 0.08567653111722881 0.041896952068704085 0.0296040260012345 0.06285525538766595 0.06571477844553444 0.04196806439293581 0.0694930818258473 0.030310166993884897;
 -0.2679084204646672 0.06064344399003874 4.119998942548565 0.053009373527071135 0.040324516517528435 0.08916977327277194 0.05835427089655205 0.06639389471373205 0.04318454664684063 0.07338850133495453 0.08483285945312839 0.05819116865494411 0.08418183950130616 0.03356702658380283;
 -0.28058393925273883 0.023135026944671892 0.053009373527071135 4.06005029608927 0.02223601488962207 0.02762732902172238 0.047185156454614054 0.020149281630263246 0.01026302485743218 0.028681087669771108 0.04800473196770422 0.01871585592865072 0.041588792775515415 0.02259985269428519;
 -0.2616804566429739 0.09093737113197395 0.040324516517528435 0.02223601488962207 4.095293211163581 0.0905950330870075 0.06420823027891603 0.07166325563465113 0.03992475838246359 0.09216192127425914 0.03877320050380538 0.06907244321029475 0.061936580958412535 0.024525972984171356;
 -0.43735636573262515 0.04794587574286738 0.08916977327277194 0.02762732902172238 0.0905950330870075 4.102256647746436 0.050373540548316956 0.04054830351740953 0.030663442472251952 0.07036455007276977 0.06738640804079377 0.03796230808640657 0.08122176248103032 0.03179685653874229;
 -0.2741354818574081 0.08567653111722881 0.05835427089655205 0.047185156454614054 0.06420823027891603 0.050373540548316956 4.123746205229534 0.06650409686628748 0.04295339570805622 0.07655636020815149 0.07997920076612963 0.06879429535197142 0.07344940872889458 0.033836953529308454;
