include("utils/util.jl")
include("utils/newtonUpdate.jl")
include("utils/rationalSOS.jl")

X = nothing
eig_tol = 1e-4
tol = 1e-50


SOS_time = 0
Newton_time = 0
function solve(n, X, f, Q, mono,newton)
    global SOS_time, Newton_time
    Q = round.(Q, digits=2)
    rQ = symplify_rational.(Q)

    model = nothing
    if !newton
        model = rational_SOS(f, 1, 0, mono, rQ)
    else
        Newton_time+=@elapsed update_Q = newton_refine_update(f, mono, Q, eig_tol, 90, tol, X)
        Q_res = symplify_rational.(update_Q*update_Q')
        SOS_time+=@elapsed model = rational_SOS(f, 1, 0, mono, Q_res)
    end

    SOSrational_time, coeffs, terms = model[2:end]

    @show expand(f-(coeffs' * terms.^2))

    data = Dict(
        "n" => n,
        "expression" => f,
        "coeff" => join([string(c) for c in coeffs], ","),
        "term" => join([string(t) for t in terms], ","),
        "SOSrational_time" => SOSrational_time,
        "SOS_expression" => string(coeffs' * terms.^2)
    )

    # save("src/output/data.json", data)
end

n = 17
@Symbolics.variables X[1:n]
# C23\init
## Multiplier-1
P0 = 3491*X[1]^2//1000 + 2623*X[1]*X[10]//100000 - 141*X[1]*X[11]//20000 + 6761*X[1]*X[12]//1000000 + 2093*X[1]*X[13]//500000 - 7061*X[1]*X[14]//1000000 + 9481*X[1]*X[15]//1000000 - 863*X[1]*X[16]//500000 + 2489*X[1]*X[17]//500000 + 2793*X[1]*X[2]//500000 + 257*X[1]*X[3]//25000 + 679*X[1]*X[4]//50000 - 3283*X[1]*X[5]//1000000 + 503*X[1]*X[6]//62500 + 1601*X[1]*X[7]//500000 + 197*X[1]*X[8]//31250 + 1699*X[1]*X[9]//500000 - 193*X[1]//1000 + 2741*X[10]^2//1000 - 599*X[10]*X[11]//500000 + 1201*X[10]*X[12]//100000 - 589*X[10]*X[13]//625000 - 3333*X[10]*X[14]//500000 - 1089*X[10]*X[15]//1000000 - 6603*X[10]*X[16]//1000000 + 5179*X[10]*X[17]//1000000 + 5603*X[10]*X[2]//1000000 - 1111*X[10]*X[3]//2000000 + 367*X[10]*X[4]//12500 - 67*X[10]*X[5]//5000 + 2393*X[10]*X[6]//100000 - 7139*X[10]*X[7]//1000000 + 579*X[10]*X[8]//50000 - 171*X[10]*X[9]//25000 - 1351*X[10]//10000 + 2743*X[11]^2//1000 + 82*X[11]*X[12]//15625 + 373*X[11]*X[13]//62500 + 3*X[11]*X[14]//500 + 4719*X[11]*X[15]//10000000 + 6083*X[11]*X[16]//1000000 + 2859*X[11]*X[17]//500000 + 111*X[11]*X[2]//10000 + 2889*X[11]*X[3]//500000 - 1833*X[11]*X[4]//2500000 + 1203*X[11]*X[5]//100000 + 1197*X[11]*X[6]//250000 + 1743*X[11]*X[7]//2500000 + 5293*X[11]*X[8]//1000000 + 77*X[11]*X[9]//12500 + 1453*X[11]//25000 + 1371*X[12]^2//500 + 2641*X[12]*X[13]//500000 - 801*X[12]*X[14]//2500000 - 3043*X[12]*X[15]//10000000 + 2591*X[12]*X[16]//500000 + 5457*X[12]*X[17]//1000000 + 1113*X[12]*X[2]//100000 + 5379*X[12]*X[3]//1000000 + 233*X[12]*X[4]//20000 - 6873*X[12]*X[5]//10000000 + 53*X[12]*X[6]//3125 - 4617*X[12]*X[7]//10000000 + 7*X[12]*X[8]//625 - 2117*X[12]*X[9]//5000000 - 481*X[12]//12500 + 137*X[13]^2//50 + 5887*X[13]*X[14]//1000000 + 1853*X[13]*X[15]//5000000 + 267*X[13]*X[16]//625000 + 1417*X[13]*X[17]//250000 + 5553*X[13]*X[2]//1000000 + 5717*X[13]*X[3]//1000000 - 1453*X[13]*X[4]//2500000 + 6291*X[13]*X[5]//1000000 - 2851*X[13]*X[6]//5000000 + 1083*X[13]*X[7]//2000000 + 2669*X[13]*X[8]//500000 + 497*X[13]*X[9]//1000000 + 1129*X[13]//25000 + 342*X[14]^2//125 + 593*X[14]*X[15]//100000 + 3*X[14]*X[16]//500 + 299*X[14]*X[17]//2000000 + 2757*X[14]*X[2]//500000 + 2197*X[14]*X[3]//10000000 - 1247*X[14]*X[4]//200000 + 321*X[14]*X[5]//50000 - 1209*X[14]*X[6]//200000 + 6141*X[14]*X[7]//1000000 - 1043*X[14]*X[8]//5000000 + 2853*X[14]*X[9]//5000000 + 162*X[14]//3125 + 2737*X[15]^2//1000 + 4719*X[15]*X[16]//10000000 + 321*X[15]*X[17]//2000000 + 1111*X[15]*X[2]//100000000 + 5731*X[15]*X[3]//1000000 - 3371*X[15]*X[4]//5000000 + 1761*X[15]*X[5]//2000000 - 3371*X[15]*X[6]//5000000 + 311*X[15]*X[7]//500000 - 1043*X[15]*X[8]//5000000 + 2853*X[15]*X[9]//5000000 + 162*X[15]//3125 + 2739*X[16]^2//1000 + 89*X[16]*X[17]//15625 + 2771*X[16]*X[2]//500000 + 5767*X[16]*X[3]//1000000 - 3061*X[16]*X[4]//500000 + 1629*X[16]*X[5]//250000 - 761*X[16]*X[6]//1000000 + 1743*X[16]*X[7]//2500000 - 569*X[16]*X[8]//2500000 + 77*X[16]*X[9]//12500 + 1453*X[16]//25000 + 2739*X[17]^2//1000 + 1391*X[17]*X[2]//250000 + 2803*X[17]*X[3]//500000 + 83*X[17]*X[4]//15625 + 79*X[17]*X[5]//250000 + 5299*X[17]*X[6]//1000000 + 2309*X[17]*X[7]//10000000 + 5443*X[17]*X[8]//1000000 + 2117*X[17]*X[9]//10000000 + 481*X[17]//25000 + 2743*X[2]^2//1000 + 1107*X[2]*X[3]//100000 + 559*X[2]*X[4]//100000 + 2753*X[2]*X[5]//500000 + 1109*X[2]*X[6]//100000 + 221*X[2]*X[8]//20000 + 5521*X[2]*X[9]//1000000 + 1371*X[3]^2//500 - 1713*X[3]*X[4]//5000000 + 2987*X[3]*X[5]//500000 - 663*X[3]*X[6]//2000000 + 583*X[3]*X[7]//100000 + 2711*X[3]*X[8]//500000 + 2903*X[3]*X[9]//500000 + 81*X[3]//3125 + 2743*X[4]^2//1000 - 1753*X[4]*X[5]//250000 + 2863*X[4]*X[6]//100000 - 3261*X[4]*X[7]//500000 + 1137*X[4]*X[8]//100000 - 6441*X[4]*X[9]//1000000 - 1673*X[4]//20000 + 2743*X[5]^2//1000 - X[5]*X[6]//80 + 683*X[5]*X[7]//100000 - 4347*X[5]*X[8]//10000000 + 6723*X[5]*X[9]//1000000 + 547*X[5]//5000 + 687*X[6]^2//250 - 1271*X[6]*X[7]//200000 + 1673*X[6]*X[8]//100000 - 6441*X[6]*X[9]//1000000 - 1673*X[6]//20000 + 137*X[7]^2//50 - 311*X[7]*X[8]//1000000 + 8483*X[7]*X[9]//10000000 + 7717*X[7]//100000 + 2741*X[8]^2//1000 + 1047*X[8]*X[9]//200000 - 81*X[8]//3125 + 2741*X[9]^2//1000 + 3539*X[9]//50000 + 3217//1000
M0 = [1, X[9], X[8], X[7], X[6], X[5], X[4], X[3], X[2], X[17], X[16], X[15], X[14], X[13], X[12], X[11], X[10], X[1]]
Q0 = [3.216802432812219 0.03672361030225674 -0.011516116283970564 0.03884415718347536 -0.04320156785726645 0.0538751308690766 -0.04258360582760803 0.012706140108020549 0.0014094825161699459 0.009368908623958009 0.02940212702164155 0.02475105233519432 0.02602557146272834 0.02104486740697177 -0.018035854753607274 0.029378654660662352 -0.0661098041408376 -0.09623044071703846;
 0.03672361030225674 2.741117431987915 0.0014572265090934215 0.0011808805416845764 -0.0036911927501918056 0.0036145597094976506 -0.0036452051220513828 0.0033208812104497947 0.001550609501182476 0.0002487680637064049 0.0027588304331863786 0.0006913360572798935 0.0016615458092105234 0.001414643294805556 0.00024886440321627385 0.002122566620815784 -0.003415754057273231 0.0013256974882417058;
 -0.011516116283970564 0.0014572265090934215 2.741089227211585 -0.001261468038069689 0.007946018630864016 -0.0014098377343702668 0.006504588607246279 0.0013848613071388268 0.004892770692934049 0.0021059752689877582 0.0008095329556853407 -0.0005345574974316242 -9.919146756013795e-05 0.0018754304040691282 0.004746850026314836 0.0024316979540234375 0.006165821432266203 0.00408957503392157;
 0.03884415718347536 0.0011808805416845764 -0.001261468038069689 2.7409581675696852 -0.0031219347286056422 0.0025137606641738725 -0.004283029044347189 0.0023886096573568607 0.00019263728493658881 -0.0001740423165235533 0.0012901434605098819 -0.0007869523963294332 0.002030241432743513 0.0009833111916972442 -0.0013857487092322927 0.001216688803396702 -0.003615960102138809 0.0009506851107047978;
 -0.04320156785726645 -0.0036911927501918056 0.007946018630864016 -0.0031219347286056422 2.7476908065165495 -0.005564522278349059 0.013764732338523001 -0.00040041142370860915 0.005290352890257805 0.0027869396699538728 -0.0009630529296340619 -0.001172231895179476 -0.0020870053871626677 0.0002726614318068999 0.009305299908985652 0.002151655910596437 0.01255841255579351 0.003554897285761347;
 0.0538751308690766 0.0036145597094976506 -0.0014098377343702668 0.0025137606641738725 -0.005564522278349059 2.7428789824064603 -0.003767965923349648 0.0023682573415188713 0.0026528906711338444 -7.058309324931282e-05 0.003680725495688125 -0.00021927151996969688 0.003116000650340034 0.00212714114407322 -0.0009292750681441485 0.005430110645599677 -0.005958040756875682 -0.0016825305582814595;
 -0.04258360582760803 -0.0036452051220513828 0.006504588607246279 -0.004283029044347189 0.013764732338523001 -0.003767965923349648 2.743012392115332 0.0007246741836757999 0.003205502241990458 0.002349435434043724 -0.002270524955651188 -0.00027734707910710677 -0.0036495765453108493 -0.00022314652194865804 0.006419881861088515 -0.0004679142385405298 0.013395837354246567 0.0079107292028106;
 0.012706140108020549 0.0033208812104497947 0.0013848613071388268 0.0023886096573568607 -0.00040041142370860915 0.0023682573415188713 0.0007246741836757999 2.742052406271622 0.0051649732879494046 0.0020047567449436835 0.0027405188679536785 0.002481307377775525 0.0003942686093802381 0.0038004728574355467 0.0014069898956297969 0.0016437223807726155 0.0007023407771359718 0.005259295249827662;
 0.0014094825161699459 0.001550609501182476 0.004892770692934049 0.00019263728493658881 0.005290352890257805 0.0026528906711338444 0.003205502241990458 0.0051649732879494046 2.743038411556773 0.0024405055522230003 0.0034920502222221643 -0.0006578546281149221 0.0031836652739910777 0.0027628373893556703 0.0065737189636012935 0.004645597439711758 0.0032295409961071884 0.0018684097876426062;
 0.009368908623958009 0.0002487680637064049 0.0021059752689877582 -0.0001740423165235533 0.0027869396699538728 -7.058309324931282e-05 0.002349435434043724 0.0020047567449436835 0.0024405055522230003 2.739528495828674 0.003547388119696925 -0.00017027619066972883 0.0007165440935320335 0.001992268776294995 0.0017688485859156718 0.002182968441617879 0.0018004123445204308 0.003280569339920619;
 0.02940212702164155 0.0027588304331863786 0.0008095329556853407 0.0012901434605098819 -0.0009630529296340619 0.003680725495688125 -0.002270524955651188 0.0027405188679536785 0.0034920502222221643 0.003547388119696925 2.739491155666918 -0.00010542460205685222 0.0024680124656444847 0.0012816156421943435 0.002767192917268829 0.002572977928921841 -0.0023876504829725385 0.0001789181393564455;
 0.02475105233519432 0.0006913360572798935 -0.0005345574974316242 -0.0007869523963294332 -0.001172231895179476 -0.00021927151996969688 -0.00027734707910710677 0.002481307377775525 -0.0006578546281149221 -0.00017027619066972883 -0.00010542460205685222 2.7376637818456606 0.0016611951390612288 0.00040309636617669083 -0.0007620557631583686 -0.0003666183548480779 -5.0380253116842965e-05 0.005525838879387842;
 0.02602557146272834 0.0016615458092105234 -9.919146756013795e-05 0.002030241432743513 -0.0020870053871626677 0.003116000650340034 -0.0036495765453108493 0.0003942686093802381 0.0031836652739910777 0.0007165440935320335 0.0024680124656444847 0.0016611951390612288 2.7359704324850522 0.0017838419163899166 0.0007950994880628617 0.0035016830578485517 -0.004264828667921551 -0.0036321361770656263;
 0.02104486740697177 0.001414643294805556 0.0018754304040691282 0.0009833111916972442 0.0002726614318068999 0.00212714114407322 -0.00022314652194865804 0.0038004728574355467 0.0027628373893556703 0.001992268776294995 0.0012816156421943435 0.00040309636617669083 0.0017838419163899166 2.7404025723608854 0.0035962359446439344 0.0023968518852055935 -0.0001831229146472676 0.0032018396541210223;
 -0.018035854753607274 0.00024886440321627385 0.004746850026314836 -0.0013857487092322927 0.009305299908985652 -0.0009292750681441485 0.006419881861088515 0.0014069898956297969 0.0065737189636012935 0.0017688485859156718 0.002767192917268829 -0.0007620557631583686 0.0007950994880628617 0.0035962359446439344 2.7426125657760045 0.0030443995772066147 0.00613175666990802 0.00208157556365254;
 0.029378654660662352 0.002122566620815784 0.0024316979540234375 0.001216688803396702 0.002151655910596437 0.005430110645599677 -0.0004679142385405298 0.0016437223807726155 0.004645597439711758 0.002182968441617879 0.002572977928921841 -0.0003666183548480779 0.0035016830578485517 0.0023968518852055935 0.0030443995772066147 2.743308908398679 0.00011369703525035547 -0.0023089529284282006;
 -0.0661098041408376 -0.003415754057273231 0.006165821432266203 -0.003615960102138809 0.01255841255579351 -0.005958040756875682 0.013395837354246567 0.0007023407771359718 0.0032295409961071884 0.0018004123445204308 -0.0023876504829725385 -5.0380253116842965e-05 -0.004264828667921551 -0.0001831229146472676 0.00613175666990802 0.00011369703525035547 2.7410468757490336 0.012415166482249352;
 -0.09623044071703846 0.0013256974882417058 0.00408957503392157 0.0009506851107047978 0.003554897285761347 -0.0016825305582814595 0.0079107292028106 0.005259295249827662 0.0018684097876426062 0.003280569339920619 0.0001789181393564455 0.005525838879387842 -0.0036321361770656263 0.0032018396541210223 0.00208157556365254 -0.0023089529284282006 0.012415166482249352 3.4911253357380843;
]
solve(n, X, P0, Q0, M0,false)
## Multiplier-10
P1 = 2727*X[1]^2//1000 + 4397*X[1]*X[10]//100000 - 1391*X[1]*X[11]//25000 + 181*X[1]*X[12]//31250 - 1607*X[1]*X[13]//100000 - 1109*X[1]*X[14]//50000 - 5343*X[1]*X[15]//1000000 - 399*X[1]*X[16]//25000 - 551*X[1]*X[17]//50000 - 663*X[1]*X[2]//125000 - 269*X[1]*X[3]//25000 + 1143*X[1]*X[4]//100000 - 81*X[1]*X[5]//2500 + 1941*X[1]*X[6]//20000000 - 1619*X[1]*X[7]//100000 - 2569*X[1]*X[8]//500000 - 2179*X[1]*X[9]//100000 + 3497*X[10]^2//1000 - 57*X[10]*X[11]//500 - 913*X[10]*X[12]//5000000 - 3931*X[10]*X[13]//100000 - 4491*X[10]*X[14]//100000 - 1089*X[10]*X[15]//100000 - 1923*X[10]*X[16]//100000 - 83*X[10]*X[17]//2500 - 99*X[10]*X[2]//4000 - 6511*X[10]*X[3]//100000 + 541*X[10]*X[4]//50000 - 4949*X[10]*X[5]//100000 - 137*X[10]*X[6]//6250 - 2237*X[10]*X[7]//100000 - 337*X[10]*X[8]//25000 - 393*X[10]*X[9]//10000 + 1891*X[10]//10000 + 1373*X[11]^2//500 - 1821*X[11]*X[12]//100000 + 3277*X[11]*X[13]//100000 + 1929*X[11]*X[14]//50000 + 1679*X[11]*X[15]//100000000 + 2107*X[11]*X[16]//500000 + 2761*X[11]*X[17]//100000 - 607*X[11]*X[2]//50000 + 7*X[11]*X[3]//125 - 181*X[11]*X[4]//10000 + 819*X[11]*X[5]//50000 + 1537*X[11]*X[6]//50000 + 111*X[11]*X[7]//10000 - 973*X[11]*X[8]//1000000 + 139*X[11]*X[9]//6250 - 6303*X[11]//100000 + 677*X[12]^2//250 - 1243*X[12]*X[13]//25000 + 407*X[12]*X[14]//25000 - 2173*X[12]*X[15]//100000 - 127*X[12]*X[16]//5000 - 1121*X[12]*X[17]//100000 - 723*X[12]*X[2]//20000 - 2511*X[12]*X[3]//100000 - 2457*X[12]*X[4]//100000 - 2613*X[12]*X[5]//10000000 - 37*X[12]*X[6]//800 - 609*X[12]*X[7]//2000000 - 407*X[12]*X[8]//20000 - 2251*X[12]*X[9]//100000 + 509*X[12]//5000 + 2709*X[13]^2//1000 - 1623*X[13]*X[14]//100000 + 1103*X[13]*X[15]//100000 - 1379*X[13]*X[16]//250000 + 983*X[13]*X[17]//5000000 - 2179*X[13]*X[2]//100000 - 741*X[13]*X[3]//50000 - 1029*X[13]*X[4]//1000000 + 177*X[13]*X[5]//1250000 + 4321*X[13]*X[6]//1000000 + 177*X[13]*X[7]//1250000 - 287*X[13]*X[8]//25000 + 3051*X[13]*X[9]//10000000 - 4379*X[13]//100000 + 341*X[14]^2//125 - 7069*X[14]*X[15]//100000 + 2203*X[14]*X[16]//100000 - 1611*X[14]*X[17]//100000 + 5811*X[14]*X[2]//1000000 - 1027*X[14]*X[3]//100000 - 167*X[14]*X[4]//5000 + 2721*X[14]*X[5]//100000 - 289*X[14]*X[6]//25000 + 2369*X[14]*X[7]//25000000 - 1131*X[14]*X[8]//100000 + 1107*X[14]*X[9]//100000 - 1213*X[14]//50000 + 339*X[15]^2//125 - 2193*X[15]*X[16]//100000 + 1623*X[15]*X[17]//100000 - 1081*X[15]*X[2]//100000 - 2583*X[15]*X[3]//500000 + 8253*X[15]*X[4]//1000000000 - 1091*X[15]*X[5]//100000 - 137*X[15]*X[6]//25000 + 109*X[15]*X[7]//20000 + 5431*X[15]*X[8]//1000000 - 2707*X[15]*X[9]//500000 - 2441*X[15]//500000 + 339*X[16]^2//125 - 4919*X[16]*X[17]//100000 - 9541*X[16]*X[2]//1000000 - 569*X[16]*X[3]//20000 - 2597*X[16]*X[4]//100000 - 11*X[16]*X[5]//1000 - 3701*X[16]*X[6]//100000 - 1111*X[16]*X[7]//10000000 - 53*X[16]*X[8]//2500 - 329*X[16]*X[9]//20000 + 1953*X[16]//50000 + 2711*X[17]^2//1000 - 1103*X[17]*X[2]//50000 + 569*X[17]*X[3]//50000 - 1497*X[17]*X[4]//250000 + 137*X[17]*X[5]//12500 + 211*X[17]*X[6]//20000 + 4883*X[17]*X[7]//100000000 - 567*X[17]*X[8]//2500000 + 111*X[17]*X[9]//20000 - 29*X[17]//2000 + 2701*X[2]^2//1000 - 6609*X[2]*X[3]//100000 - 3717*X[2]*X[4]//100000 - 2749*X[2]*X[5]//500000 - 5349*X[2]*X[6]//100000 + 2699*X[2]*X[7]//500000 - 1081*X[2]*X[8]//25000 - 1413*X[2]*X[9]//250000 + 29*X[2]//1000 + 2703*X[3]^2//1000 - 877*X[3]*X[4]//250000 + 891*X[3]*X[5]//2000000 + 3429*X[3]*X[6]//100000 - 2137*X[3]*X[7]//100000 + 3679*X[3]*X[8]//1000000 - 379*X[3]*X[9]//25000 - 727*X[3]//5000 + 2721*X[4]^2//1000 - 1307*X[4]*X[5]//20000 - 3849*X[4]*X[6]//500000 - 281*X[4]*X[7]//25000 - 731*X[4]*X[8]//50000 - 1171*X[4]*X[9]//100000 + 1163*X[4]//10000 + 2711*X[5]^2//1000 - 751*X[5]*X[6]//2000000 + 4351*X[5]*X[7]//100000000 - 701*X[5]*X[8]//125000 - 5181*X[5]*X[9]//1000000 - 29*X[5]//2000 + 1359*X[6]^2//500 - 343*X[6]*X[7]//12500 - 29*X[6]*X[8]//2000 - 9189*X[6]*X[9]//10000000 + 1309*X[6]//10000 + 338*X[7]^2//125 - 5683*X[7]*X[8]//1000000 + 111*X[7]*X[9]//20000 - 29*X[7]//2000 + 271*X[8]^2//100 - 3841*X[8]*X[9]//100000 + 6303*X[8]//100000 + 541*X[9]^2//200 - 3403*X[9]//100000 + 303//125
M1 = [1, X[9], X[8], X[7], X[6], X[5], X[4], X[3], X[2], X[17], X[16], X[15], X[14], X[13], X[12], X[11], X[10], X[1]]
Q1 = [2.4240424395948303 -0.0181544308320036 0.031844040379595366 -0.006955226592279125 0.06537582700710812 -0.00839907933038994 0.05873940273759021 -0.07347802204332976 0.014322112420721825 -0.006340090093210602 0.018403941672636332 -0.0027391682555026864 -0.012708471578945538 -0.022706192002369518 0.05005788903428712 -0.030738606028500648 0.09562438195106561 0.00048827750344911016;
 -0.0181544308320036 2.705398543025681 -0.018350716185388853 0.002023968315089852 -0.00012180903480554939 -0.0024494623322771835 -0.0061488974515685494 -0.008847398301616337 -0.003998204158996394 0.002513885568752461 -0.007664365792379208 -0.004025676101869799 0.004710503551826494 0.0011364969135677781 -0.01014157118414471 0.011334778031826562 -0.018330262118699595 -0.00992453533268425;
 0.031844040379595366 -0.018350716185388853 2.7092208406377547 -0.0037139384062157533 -0.00773470445085984 -0.0030902647307166063 -0.007779756104432419 0.0013234947573502322 -0.02045677112413258 -0.000999141034068086 -0.010322065345556915 0.0017556283148446568 -0.005664620611848 -0.006674862510354653 -0.00974086842245379 -0.000533586244367303 -0.006515466305475583 -0.0013421713957757946;
 -0.006955226592279125 0.002023968315089852 -0.0037139384062157533 2.7038788792217594 -0.01482823698903658 0.0004563829762292582 -0.005655202381834206 -0.009481718187005961 0.003364630287482885 -0.00030966880352965013 9.894376478203375e-05 0.003336293620210591 0.0013950141546146598 -0.0008708636275242498 -0.0003965593260059566 0.005561853947839424 -0.011611819634823016 -0.009081829489199502;
 0.06537582700710812 -0.00012180903480554939 -0.00773470445085984 -0.01482823698903658 2.7183039566118006 -0.001522483048785264 -0.003025488462145205 0.016724984356752785 -0.026186001942881083 0.0050013906349337745 -0.01736585108517112 -0.0020187040046517526 -0.0062230002276566065 0.0028885832949851575 -0.02441595044068556 0.014486982105536256 -0.011554518506750636 -0.0011316215016248996;
 -0.00839907933038994 -0.0024494623322771835 -0.0030902647307166063 0.0004563829762292582 -0.001522483048785264 2.7106622966960345 -0.03150590740663977 0.0012421780804947006 -0.003473725538113804 0.004756837059175066 -0.004583198683172762 -0.004880342252367103 0.014674642636105387 9.709491286957887e-05 -0.0011534131916344202 0.007223932272139834 -0.025109418356360755 -0.017315202548406346;
 0.05873940273759021 -0.0061488974515685494 -0.007779756104432419 -0.005655202381834206 -0.003025488462145205 -0.03150590740663977 2.7213136488550433 -0.001594507974351666 -0.01883302487425892 -0.004106620632373732 -0.0130461816894042 -0.0010047183129129936 -0.01601690307665841 -0.0018402219817493484 -0.013015481812600546 -0.007809451617381512 0.006052757563928668 0.005474177439955418;
 -0.07347802204332976 -0.008847398301616337 0.0013234947573502322 -0.009481718187005961 0.016724984356752785 0.0012421780804947006 -0.001594507974351666 2.702992569265287 -0.033746532996454734 0.006259256534277215 -0.014934886451441268 -0.0017345091534680718 -0.005688906672267792 -0.006053823165325667 -0.01361917205768294 0.02816428759119574 -0.03161483228801723 -0.0047636335154463555;
 0.014322112420721825 -0.003998204158996394 -0.02045677112413258 0.003364630287482885 -0.026186001942881083 -0.003473725538113804 -0.01883302487425892 -0.033746532996454734 2.701309126708685 -0.009825739865176585 -0.004600990831599759 -0.005972041324613071 0.003749650948462828 -0.01018160666371743 -0.0183998531508134 -0.004736813425246255 -0.013418396165997973 -0.0037873398381936254;
 -0.006340090093210602 0.002513885568752461 -0.000999141034068086 -0.00030966880352965013 0.0050013906349337745 0.004756837059175066 -0.004106620632373732 0.006259256534277215 -0.009825739865176585 2.7110658047522525 -0.02420887151955407 0.007988836746770506 -0.007314645661915109 0.000476986489402779 -0.006187913800199362 0.01465466755789611 -0.016657517527043714 -0.006121365643324971;
 0.018403941672636332 -0.007664365792379208 -0.010322065345556915 9.894376478203375e-05 -0.01736585108517112 -0.004583198683172762 -0.0130461816894042 -0.014934886451441268 -0.004600990831599759 -0.02420887151955407 2.7114158953681806 -0.010246980694558032 0.011755298098156447 -0.002288743774903576 -0.01257941135961533 0.002645141964037398 -0.009475482315402337 -0.008005108223491444;
 -0.0027391682555026864 -0.004025676101869799 0.0017556283148446568 0.003336293620210591 -0.0020187040046517526 -0.004880342252367103 -0.0010047183129129936 -0.0017345091534680718 -0.005972041324613071 0.007988836746770506 -0.010246980694558032 2.7117277944620355 -0.036515764115216 0.005079152308210063 -0.011639592660743677 -0.00012899048604936313 -0.004085968604114138 -0.0033321633267235774;
 -0.012708471578945538 0.004710503551826494 -0.005664620611848 0.0013950141546146598 -0.0062230002276566065 0.014674642636105387 -0.01601690307665841 -0.005688906672267792 0.003749650948462828 -0.007314645661915109 0.011755298098156447 -0.036515764115216 2.7274694178075816 -0.007561334851302513 0.008665972530664295 0.018190078332388462 -0.022766256690182923 -0.009767491982638649;
 -0.022706192002369518 0.0011364969135677781 -0.006674862510354653 -0.0008708636275242498 0.0028885832949851575 9.709491286957887e-05 -0.0018402219817493484 -0.006053823165325667 -0.01018160666371743 0.000476986489402779 -0.002288743774903576 0.005079152308210063 -0.007561334851302513 2.7088306367994153 -0.025825073217245524 0.01676697056201985 -0.020589579629952694 -0.008128936188516954;
 0.05005788903428712 -0.01014157118414471 -0.00974086842245379 -0.0003965593260059566 -0.02441595044068556 -0.0011534131916344202 -0.013015481812600546 -0.01361917205768294 -0.0183998531508134 -0.006187913800199362 -0.01257941135961533 -0.011639592660743677 0.008665972530664295 -0.025825073217245524 2.7075662340359252 -0.009416856891243953 -0.0006326640780801826 0.0016435254132077597;
 -0.030738606028500648 0.011334778031826562 -0.000533586244367303 0.005561853947839424 0.014486982105536256 0.007223932272139834 -0.007809451617381512 0.02816428759119574 -0.004736813425246255 0.01465466755789611 0.002645141964037398 -0.00012899048604936313 0.018190078332388462 0.01676697056201985 -0.009416856891243953 2.746354672560113 -0.05826176943373556 -0.027073006969379313;
 0.09562438195106561 -0.018330262118699595 -0.006515466305475583 -0.011611819634823016 -0.011554518506750636 -0.025109418356360755 0.006052757563928668 -0.03161483228801723 -0.013418396165997973 -0.016657517527043714 -0.009475482315402337 -0.004085968604114138 -0.022766256690182923 -0.020589579629952694 -0.0006326640780801826 -0.05826176943373556 3.497276892273647 0.023339692323934066;
 0.00048827750344911016 -0.00992453533268425 -0.0013421713957757946 -0.009081829489199502 -0.0011316215016248996 -0.017315202548406346 0.005474177439955418 -0.0047636335154463555 -0.0037873398381936254 -0.006121365643324971 -0.008005108223491444 -0.0033321633267235774 -0.009767491982638649 -0.008128936188516954 0.0016435254132077597 -0.027073006969379313 0.023339692323934066 2.726765002901602;
]
solve(n, X, P1, Q1, M1,false)
## Multiplier-11
P2 = 547*X[1]^2//200 + 2133*X[1]*X[10]//50000 + 7797*X[1]*X[11]//100000000 + 1511*X[1]*X[12]//250000 + 779*X[1]*X[13]//2500000 - 559*X[1]*X[14]//50000 + 2503*X[1]*X[15]//10000000 - 5367*X[1]*X[16]//1000000 + 3061*X[1]*X[17]//10000000 + 9701*X[1]*X[2]//10000000 + 2383*X[1]*X[3]//10000000 + 849*X[1]*X[4]//50000 - 9633*X[1]*X[5]//1000000 + 9*X[1]*X[6]//800 - 1013*X[1]*X[7]//200000 + 1517*X[1]*X[8]//250000 - 497*X[1]*X[9]//100000 - 9119*X[1]//100000 + 1397*X[10]^2//500 - 633*X[10]*X[11]//100000 + 917*X[10]*X[12]//20000 + 8967*X[10]*X[13]//10000000 - 1661*X[10]*X[14]//100000 + 1711*X[10]*X[15]//100000 + 1161*X[10]*X[16]//100000 + 3237*X[10]*X[17]//500000 + 2059*X[10]*X[2]//50000 - 537*X[10]*X[3]//25000 + 6191*X[10]*X[4]//100000 + 321*X[10]*X[5]//12500 + 3909*X[10]*X[6]//100000 + 389*X[10]*X[7]//62500 + 3981*X[10]*X[8]//100000 + 9173*X[10]*X[9]//10000000 - 2277*X[10]//10000 + 1753*X[11]^2//500 + 1117*X[11]*X[12]//100000 + 4693*X[11]*X[13]//100000000 + 139*X[11]*X[14]//12500 - 5303*X[11]*X[15]//1000000 + 557*X[11]*X[16]//100000 + 6901*X[11]*X[17]//100000000 + 5671*X[11]*X[2]//1000000 - 1097*X[11]*X[3]//100000 + 1033*X[11]*X[4]//10000000 + 1117*X[11]*X[5]//100000 + 277*X[11]*X[6]//25000 + 307*X[11]*X[7]//12500000 + 1111*X[11]*X[8]//200000 + 2561*X[11]*X[9]//100000000 - 6357*X[11]//1000000 + 1369*X[12]^2//500 - 543*X[12]*X[13]//50000 + 1107*X[12]*X[14]//100000 + 753*X[12]*X[15]//5000000 + 67*X[12]*X[16]//500000 + 1429*X[12]*X[17]//250000 + 6057*X[12]*X[2]//1000000 - 17*X[12]*X[3]//3125 + 1131*X[12]*X[4]//100000 + 227*X[12]*X[5]//10000 + 5633*X[12]*X[6]//1000000 + 88*X[12]*X[7]//15625 + 1127*X[12]*X[8]//100000 + 49*X[12]*X[9]//312500 - 1947*X[12]//50000 + 1367*X[13]^2//500 - 1113*X[13]*X[14]//200000 + 5583*X[13]*X[15]//1000000 + 79*X[13]*X[16]//1562500 + 1027*X[13]*X[17]//10000000 + 2639*X[13]*X[2]//10000000 - 5441*X[13]*X[3]//1000000 + 5691*X[13]*X[4]//1000000 + 2921*X[13]*X[5]//500000 + 1109*X[13]*X[6]//100000 + 291*X[13]*X[7]//5000000 + 291*X[13]*X[8]//2500000 + 3919*X[13]*X[9]//50000000 - 1947*X[13]//100000 + 2741*X[14]^2//1000 - 1641*X[14]*X[15]//50000 + 823*X[14]*X[16]//50000 - 5533*X[14]*X[17]//1000000 + 5617*X[14]*X[2]//1000000 - 221*X[14]*X[3]//20000 - 1653*X[14]*X[4]//100000 + 327*X[14]*X[5]//20000 - 1107*X[14]*X[6]//100000 + 1101*X[14]*X[7]//200000 - 1071*X[14]*X[8]//200000 + 1101*X[14]*X[9]//200000 + 342*X[15]^2//125 - 2757*X[15]*X[16]//500000 + 139*X[15]*X[17]//12500 + 833*X[15]*X[2]//5000000 + 751*X[15]*X[3]//20000000 + 1123*X[15]*X[4]//100000 + 103*X[15]*X[5]//400000 + 1111*X[15]*X[6]//100000 + 1111*X[15]*X[7]//200000 + 1111*X[15]*X[8]//100000 + 5277*X[15]*X[9]//100000000 - 1311*X[15]//100000 + 2737*X[16]^2//1000 - 1097*X[16]*X[17]//100000 + 1127*X[16]*X[2]//100000 - 11*X[16]*X[3]//1000 + 2281*X[16]*X[4]//100000000 + 561*X[16]*X[5]//50000 - 2669*X[16]*X[6]//500000 + 693*X[16]*X[7]//125000 + 3919*X[16]*X[8]//50000000 + 5277*X[16]*X[9]//100000000 - 1311*X[16]//100000 + 342*X[17]^2//125 + 1319*X[17]*X[2]//5000000 + 1979*X[17]*X[3]//50000000 + 1123*X[17]*X[4]//100000 + 569*X[17]*X[5]//50000 + 1111*X[17]*X[6]//100000 + 6929*X[17]*X[7]//100000000 + 1407*X[17]*X[8]//250000 + 5583*X[17]*X[9]//1000000 - 1947*X[17]//100000 + 2737*X[2]^2//1000 - 1361*X[2]*X[3]//50000 + 47*X[2]*X[4]//8000 + 1747*X[2]*X[5]//100000 + 1391*X[2]*X[6]//10000000 + 1123*X[2]*X[7]//100000 + 1057*X[2]*X[8]//2500000 + 5793*X[2]*X[9]//1000000 - 3581*X[2]//50000 + 2729*X[3]^2//1000 + 687*X[3]*X[4]//5000000 - 2571*X[3]*X[5]//500000 + 277*X[3]*X[6]//25000 - 549*X[3]*X[7]//50000 + 4473*X[3]*X[8]//50000000 - 137*X[3]*X[9]//12500 - 1311*X[3]//100000 + 2747*X[4]^2//1000 - 4897*X[4]*X[5]//1000000 + 1647*X[4]*X[6]//50000 + 1143*X[4]*X[7]//10000000 + 829*X[4]*X[8]//50000 + 1319*X[4]*X[9]//10000000 - 1629*X[4]//50000 + 137*X[5]^2//50 + 52*X[5]*X[6]//3125 + 2907*X[5]*X[7]//500000 + 1161*X[5]*X[8]//100000 + 2949*X[5]*X[9]//500000 - 1953*X[5]//20000 + 343*X[6]^2//125 - 5277*X[6]*X[7]//1000000 + 823*X[6]*X[8]//50000 + 5557*X[6]*X[9]//1000000 - 1311*X[6]//100000 + 2733*X[7]^2//1000 + 1407*X[7]*X[8]//250000 + 5583*X[7]*X[9]//1000000 - 1947*X[7]//100000 + 2739*X[8]^2//1000 - 1337*X[8]*X[9]//250000 - 1947*X[8]//50000 + 2733*X[9]^2//1000 - 1311*X[9]//50000 + 651//200
M2 = [1, X[9], X[8], X[7], X[6], X[5], X[4], X[3], X[2], X[17], X[16], X[15], X[14], X[13], X[12], X[11], X[10], X[1]]
Q2 = [3.254797267333738 -0.01408926760594164 -0.02101194969478405 -0.010446858997168218 -0.005476601371472773 -0.047231544315565435 -0.01765034053590273 -0.007429337210935981 -0.03597410383531511 -0.008744946597774611 -0.005873340313969831 -0.007973101768792156 0.0005955327764475129 -0.010226805976695263 -0.01833290940900998 -0.0021146446444315287 -0.11411479380471767 -0.045807988978063735;
 -0.01408926760594164 2.7333910465806177 -0.003777935347380587 0.0021995364478551694 0.002848778910472442 0.00248288937812016 0.0010564272978504988 -0.004691711728130604 0.002550850924335423 0.0017827477212343206 0.00011105275075135984 -0.0005086372278112102 0.002429305506447356 0.0010601000484264653 0.0005993778004876803 0.0007423374642290833 0.0009536335838868076 -0.002357822138471693;
 -0.02101194969478405 -0.003777935347380587 2.7393188461081746 0.0015424200270448734 0.008364339984592965 0.006811286123575008 0.009242579691541472 0.00047510726637631456 0.0011037946226955962 0.003866724553461179 0.000307687065711168 0.004676308409766821 -0.0024760623099589108 0.0007019495003683464 0.005404057766786787 0.00273060929731536 0.02022522083779689 0.0031658836266926843;
 -0.010446858997168218 0.0021995364478551694 0.0015424200270448734 2.7331544742110045 -0.0025924272799946273 0.0038732287833144205 0.0008720137064952102 -0.004248907703559351 0.0055672236109273136 0.0008962857114677032 0.0027979140749735416 0.0021217577961404636 0.0017341119617456141 0.0006458557283871978 0.003911905642154364 0.0009172942372122764 0.00350589260882659 -0.002430188425674034;
 -0.005476601371472773 0.002848778910472442 0.008364339984592965 -0.0025924272799946273 2.7441482106666224 0.006996513471597342 0.015558209983882588 0.004907227632136757 -0.0005607382032577804 0.006748104819285695 -0.0016912234625592046 0.004370585200596549 -0.004231350590218358 0.004364613986392484 0.0019126873301998878 0.006436443256888872 0.020716415700680522 0.004712190583758326;
 -0.047231544315565435 0.00248288937812016 0.006811286123575008 0.0038732287833144205 0.006996513471597342 2.739518422329538 -0.0036198439981016627 -0.002024771932336619 0.009244899599754467 0.004569728093808779 0.004640936835900891 0.00017347162345469287 0.00818326330020799 0.002185683082076198 0.010056769563947085 0.006327320206797377 0.012915001036279591 -0.0034756515292618823;
 -0.01765034053590273 0.0010564272978504988 0.009242579691541472 0.0008720137064952102 0.015558209983882588 -0.0036198439981016627 2.747617074212224 0.000362181985016393 0.002978856451193582 0.004500572383167159 -0.001306415532658047 0.005727903896203158 -0.008805374864340756 0.0037862274596260864 0.005545488543629807 0.0010720378870247944 0.03193860086994363 0.007716821326120754;
 -0.007429337210935981 -0.004691711728130604 0.00047510726637631456 -0.004248907703559351 0.004907227632136757 -0.002024771932336619 0.000362181985016393 2.7294455084136198 -0.013376330202860777 0.0008902841559289724 -0.0054687979393754 0.000213050884969614 -0.005292093825835888 -0.003989716285818139 -0.004060523785583048 -0.004650257401341182 -0.01043787984763483 0.0010416828759161442;
 -0.03597410383531511 0.002550850924335423 0.0011037946226955962 0.0055672236109273136 -0.0005607382032577804 0.009244899599754467 0.002978856451193582 -0.013376330202860777 2.7377687168776337 -0.00011182644357930488 0.004444094645935658 0.0007998263816320478 0.003781993429636565 -0.0006025553133994098 0.003622358083265906 0.0033211980633877283 0.021075893897390386 0.0015547719775011824;
 -0.008744946597774611 0.0017827477212343206 0.003866724553461179 0.0008962857114677032 0.006748104819285695 0.004569728093808779 0.004500572383167159 0.0008902841559289724 -0.00011182644357930488 2.7356232224980603 -0.006794155716056008 0.005154685345111268 -0.004057094252964012 0.0009923800145210445 0.0023151665201720825 0.0010163921739882202 0.0037035847105662037 0.000328112784242353;
 -0.005873340313969831 0.00011105275075135984 0.000307687065711168 0.0027979140749735416 -0.0016912234625592046 0.004640936835900891 -0.001306415532658047 -0.0054687979393754 0.004444094645935658 -0.006794155716056008 2.7373450661472467 -0.0030051435684765354 0.007602221500512528 0.0012530754171793904 0.0009235331496859983 0.0026119758157593684 0.00562261436539409 -0.003387415081506802;
 -0.007973101768792156 -0.0005086372278112102 0.004676308409766821 0.0021217577961404636 0.004370585200596549 0.00017347162345469287 0.005727903896203158 0.000213050884969614 0.0007998263816320478 0.005154685345111268 -0.0030051435684765354 2.736260574654726 -0.015524703560424062 0.003579032899438472 -0.001264289402889551 -0.002672494547205699 0.007718171502867222 0.0012065838248895928;
 0.0005955327764475129 0.002429305506447356 -0.0024760623099589108 0.0017341119617456141 -0.004231350590218358 0.00818326330020799 -0.008805374864340756 -0.005292093825835888 0.003781993429636565 -0.004057094252964012 0.007602221500512528 -0.015524703560424062 2.7408132996543477 -0.0038083804393365625 0.0059185334828308605 0.004169827245644813 -0.007874708554979829 -0.004890453298308761;
 -0.010226805976695263 0.0010601000484264653 0.0007019495003683464 0.0006458557283871978 0.004364613986392484 0.002185683082076198 0.0037862274596260864 -0.003989716285818139 -0.0006025553133994098 0.0009923800145210445 0.0012530754171793904 0.003579032899438472 -0.0038083804393365625 2.7341056856705426 -0.005594709658762578 -8.200794968178577e-05 0.00033708547371398984 -0.0008169777513689392;
 -0.01833290940900998 0.0005993778004876803 0.005404057766786787 0.003911905642154364 0.0019126873301998878 0.010056769563947085 0.005545488543629807 -0.004060523785583048 0.003622358083265906 0.0023151665201720825 0.0009235331496859983 -0.001264289402889551 0.0059185334828308605 -0.005594709658762578 2.738443756287814 0.00422093405936746 0.022772372743815553 0.002327245564072091;
 -0.0021146446444315287 0.0007423374642290833 0.00273060929731536 0.0009172942372122764 0.006436443256888872 0.006327320206797377 0.0010720378870247944 -0.004650257401341182 0.0033211980633877283 0.0010163921739882202 0.0026119758157593684 -0.002672494547205699 0.004169827245644813 -8.200794968178577e-05 0.00422093405936746 3.5064289814548486 -0.002958943242437391 -0.0016281404770636131;
 -0.11411479380471767 0.0009536335838868076 0.02022522083779689 0.00350589260882659 0.020716415700680522 0.012915001036279591 0.03193860086994363 -0.01043787984763483 0.021075893897390386 0.0037035847105662037 0.00562261436539409 0.007718171502867222 -0.007874708554979829 0.00033708547371398984 0.022772372743815553 -0.002958943242437391 2.7944461285833437 0.01999575999752224;
 -0.045807988978063735 -0.002357822138471693 0.0031658836266926843 -0.002430188425674034 0.004712190583758326 -0.0034756515292618823 0.007716821326120754 0.0010416828759161442 0.0015547719775011824 0.000328112784242353 -0.003387415081506802 0.0012065838248895928 -0.004890453298308761 -0.0008169777513689392 0.002327245564072091 -0.0016281404770636131 0.01999575999752224 2.735045803233186;
]
solve(n, X, P2, Q2, M2,false)
## Multiplier-12
P3 = 2731*X[1]^2//1000 + 2257*X[1]*X[10]//100000 - 161*X[1]*X[11]//10000 - 9599*X[1]*X[12]//100000000 - 1963*X[1]*X[13]//200000 - 1127*X[1]*X[14]//100000 + 5191*X[1]*X[15]//10000000 - 1029*X[1]*X[16]//100000 - 2471*X[1]*X[17]//500000 - 449*X[1]*X[2]//100000 + 43*X[1]*X[3]//40000 + 1169*X[1]*X[4]//100000 - 1609*X[1]*X[5]//100000 + 7553*X[1]*X[6]//10000000 - 1073*X[1]*X[7]//200000 + 371*X[1]*X[8]//625000 - 103*X[1]*X[9]//10000 - 4029*X[1]//100000 + 1377*X[10]^2//500 - 3193*X[10]*X[11]//100000 + 7291*X[10]*X[12]//1000000 + 97*X[10]*X[13]//50000 - 563*X[10]*X[14]//50000 + 297*X[10]*X[15]//25000 + 1213*X[10]*X[16]//100000 + 6201*X[10]*X[17]//1000000 + 1231*X[10]*X[2]//100000 - 4219*X[10]*X[3]//1000000 + 987*X[10]*X[4]//25000 - 2583*X[10]*X[5]//500000 + 1733*X[10]*X[6]//100000 + 397*X[10]*X[7]//2500000 + 2261*X[10]*X[8]//100000 + 6071*X[10]*X[9]//10000000 - 3371*X[10]//100000 + 2743*X[11]^2//1000 + 723*X[11]*X[12]//50000 + 467*X[11]*X[13]//12500 + 409*X[11]*X[14]//25000 + 321*X[11]*X[15]//25000 + 3009*X[11]*X[16]//100000 + 9*X[11]*X[17]//500 + 1259*X[11]*X[2]//50000 + X[11]*X[3]//40 + 231*X[11]*X[4]//12500 + 433*X[11]*X[5]//25000 + 4087*X[11]*X[6]//100000 + 573*X[11]*X[7]//50000 + 1177*X[11]*X[8]//50000 + 19*X[11]*X[9]//800 - 2359*X[11]//25000 + 701*X[12]^2//200 + 5907*X[12]*X[13]//1000000 + 277*X[12]*X[14]//50000 + 1031*X[12]*X[15]//5000000 + 1123*X[12]*X[16]//100000 + 2853*X[12]*X[17]//500000 + 279*X[12]*X[2]//25000 - 5199*X[12]*X[3]//1000000 + 417*X[12]*X[4]//25000 + 277*X[12]*X[5]//50000 + 111*X[12]*X[6]//5000 - 5087*X[12]*X[7]//1000000000 + 137*X[12]*X[8]//12500 + 5391*X[12]*X[9]//1000000 + 106*X[12]//15625 + 344*X[13]^2//125 - 5901*X[13]*X[14]//1000000 + 391*X[13]*X[15]//12500 + 241*X[13]*X[16]//6250 + 1271*X[13]*X[17]//50000 + 3981*X[13]*X[2]//100000 + 2317*X[13]*X[3]//100000 + 4867*X[13]*X[4]//100000 + 369*X[13]*X[5]//20000 + 6559*X[13]*X[6]//100000 + 6499*X[13]*X[7]//1000000 + 3093*X[13]*X[8]//100000 + 1309*X[13]*X[9]//50000 - 229*X[13]//1000 + 343*X[14]^2//125 - 1647*X[14]*X[15]//50000 + 2201*X[14]*X[16]//100000 - 2733*X[14]*X[17]//500000 + 217*X[14]*X[2]//20000 - 2911*X[14]*X[3]//500000 - 167*X[14]*X[4]//10000 + 1101*X[14]*X[5]//50000 - 7*X[14]*X[6]//625 + 11*X[14]*X[7]//2000 - 9069*X[14]*X[8]//100000000 + 109*X[14]*X[9]//10000 + 106*X[14]//15625 + 2739*X[15]^2//1000 + 49*X[15]*X[16]//6250 + 1777*X[15]*X[17]//100000 + 1917*X[15]*X[2]//100000 + 11*X[15]*X[3]//800 + 2933*X[15]*X[4]//100000 + 8229*X[15]*X[5]//10000000 + 591*X[15]*X[6]//20000 + 5891*X[15]*X[7]//1000000 + 2343*X[15]*X[8]//100000 + 709*X[15]*X[9]//100000 - 8757*X[15]//100000 + 1373*X[16]^2//500 + 2053*X[16]*X[17]//1000000 + 116*X[16]*X[2]//3125 + 4819*X[16]*X[3]//500000 + 619*X[16]*X[4]//25000 + 1767*X[16]*X[5]//100000 + 3067*X[16]*X[6]//100000 + 1163*X[16]*X[7]//100000 + 303*X[16]*X[8]//12500 + 473*X[16]*X[9]//25000 - 707*X[16]//5000 + 2739*X[17]^2//1000 + 1351*X[17]*X[2]//100000 + 3*X[17]*X[3]//160 + 1189*X[17]*X[4]//50000 + 1177*X[17]*X[5]//100000 + 867*X[17]*X[6]//25000 + 5853*X[17]*X[7]//1000000 + 877*X[17]*X[8]//50000 + 1771*X[17]*X[9]//100000 - 7411*X[17]//100000 + 1373*X[2]^2//500 - 517*X[2]*X[3]//5000000 + 77*X[2]*X[4]//2500 + 1801*X[2]*X[5]//100000 + 737*X[2]*X[6]//20000 + 857*X[2]*X[7]//50000 + 1917*X[2]*X[8]//100000 + 2533*X[2]*X[9]//100000 - 1819*X[2]//10000 + 2737*X[3]^2//1000 + 3081*X[3]*X[4]//100000 + 3537*X[3]*X[5]//500000 + 2407*X[3]*X[6]//50000 + 231*X[3]*X[7]//312500 + 1237*X[3]*X[8]//50000 + 8667*X[3]*X[9]//1000000 - 1751*X[3]//10000 + 1377*X[4]^2//500 - 9993*X[4]*X[5]//1000000 + 6303*X[4]*X[6]//100000 + 2989*X[4]*X[7]//500000 + 859*X[4]*X[8]//25000 + 1819*X[4]*X[9]//100000 - 101*X[4]//1000 + 2739*X[5]^2//1000 + 1233*X[5]*X[6]//100000 + 1439*X[5]*X[7]//250000 + 297*X[5]*X[8]//25000 + 3*X[5]*X[9]//250 - 5427*X[5]//100000 + 2761*X[6]^2//1000 - 4701*X[6]*X[7]//1000000 + 4057*X[6]*X[8]//100000 + 1491*X[6]*X[9]//50000 - 673*X[6]//5000 + 2733*X[7]^2//1000 + 1189*X[7]*X[8]//200000 + 1151*X[7]*X[9]//100000 - 2713*X[7]//100000 + 549*X[8]^2//200 + 7331*X[8]*X[9]//1000000 - 101*X[8]//1000 + 1369*X[9]^2//500 - 1213*X[9]//10000 + 421//125
M3 = [1, X[9], X[8], X[7], X[6], X[5], X[4], X[3], X[2], X[17], X[16], X[15], X[14], X[13], X[12], X[11], X[10], X[1]]
Q3 = [3.367500099349204 -0.061653720392769666 -0.05169570792555266 -0.013829238173655436 -0.06764863502753347 -0.02860207120523642 -0.05147330988256957 -0.0877992491070752 -0.08960148326073086 -0.038465108535446386 -0.0699521973952764 -0.04498427078041728 0.003399694996426088 -0.11599755155209993 0.0018626759826621908 -0.046691771339051266 -0.016724933000876928 -0.01988844289516106;
