include("utils/util.jl")
include("utils/newtonUpdate.jl")
include("utils/rationalSOS.jl")

X = nothing
eig_tol = 1e-4
tol = 1e-50


SOS_time = 0
Newton_time = 0
function solve(n, X, f, Q, mono,newton)
    global SOS_time, Newton_time
    Q = round.(Q, digits=2)
    rQ = symplify_rational.(Q)

    model = nothing
    if !newton
        SOS_time+=@elapsed model = rational_SOS(f, 1, 0, mono, rQ)
    else
        Newton_time+=@elapsed update_Q = newton_refine_update(f, mono, Q, eig_tol, 90, tol, X)
        Q_res = symplify_rational.(update_Q*update_Q')
        SOS_time+=@elapsed model = rational_SOS(f, 1, 0, mono, Q_res)
    end

    SOSrational_time, coeffs, terms = model[2:end]

    @show expand(f-(coeffs' * terms.^2))

    data = Dict(
        "n" => n,
        "expression" => f,
        "coeff" => join([string(c) for c in coeffs], ","),
        "term" => join([string(t) for t in terms], ","),
        "SOSrational_time" => SOSrational_time,
        "SOS_expression" => string(coeffs' * terms.^2)
    )

    # save("src/output/data.json", data)
end


n = 17
@Symbolics.variables X[1:n]
# C23_1\init
## Multiplier-1
P0 = 408*X[1]^2//125 + 163*X[1]*X[10]//12500 - 337*X[1]*X[11]//25000 - 6191*X[1]*X[12]//1000000 - 311*X[1]*X[13]//125000 - 1253*X[1]*X[14]//100000 + 613*X[1]*X[15]//200000 - 7363*X[1]*X[16]//1000000 - 1963*X[1]*X[17]//1000000 - 7233*X[1]*X[2]//1000000 + 3187*X[1]*X[3]//1000000 + 1607*X[1]*X[4]//10000000 - 8847*X[1]*X[5]//1000000 - 543*X[1]*X[6]//50000 - 2667*X[1]*X[7]//1000000 - 6211*X[1]*X[8]//1000000 - 281*X[1]*X[9]//100000 - 669*X[1]//5000 + 1281*X[10]^2//500 - 323*X[10]*X[11]//25000 - 7071*X[10]*X[12]//10000000 - 31*X[10]*X[13]//2500 - 1217*X[10]*X[14]//100000 - 603*X[10]*X[15]//50000 - 1229*X[10]*X[16]//100000 - 6739*X[10]*X[17]//1000000 - 611*X[10]*X[2]//50000 - 1201*X[10]*X[3]//100000 + 529*X[10]*X[4]//50000 - 2377*X[10]*X[5]//100000 + 2403*X[10]*X[6]//500000 - 627*X[10]*X[7]//50000 - 4881*X[10]*X[8]//5000000 - 1767*X[10]*X[9]//100000 - 223*X[10]//2000 + 1283*X[11]^2//500 - 4539*X[11]*X[12]//500000 - 621*X[11]*X[13]//250000 - 2583*X[11]*X[14]//1000000 - 2911*X[11]*X[15]//1000000 - 777*X[11]*X[16]//100000 - 3031*X[11]*X[17]//1000000 - 2773*X[11]*X[2]//1000000 - 1537*X[11]*X[3]//500000 - 1539*X[11]*X[4]//100000 - 1161*X[11]*X[5]//1000000 - 9739*X[11]*X[6]//1000000 - 123*X[11]*X[7]//50000 - 9097*X[11]*X[8]//1000000 - 147*X[11]*X[9]//62500 + 669*X[11]//5000 + 2561*X[12]^2//1000 - 4017*X[12]*X[13]//1000000 - 147*X[12]*X[14]//15625 - 949*X[12]*X[15]//100000 - 4217*X[12]*X[16]//1000000 - 9497*X[12]*X[17]//1000000 - 2147*X[12]*X[2]//500000 - 9579*X[12]*X[3]//1000000 - 511*X[12]*X[4]//50000 - 1399*X[12]*X[5]//100000 - 2449*X[12]*X[6]//500000 - 2349*X[12]*X[7]//250000 - 9891*X[12]*X[8]//1000000 - 469*X[12]*X[9]//50000 + 281*X[12]//6250 + 2563*X[13]^2//1000 - 153*X[13]*X[14]//50000 - 1601*X[13]*X[15]//500000 - 779*X[13]*X[16]//250000 - 1727*X[13]*X[17]//500000 - 3239*X[13]*X[2]//1000000 + 417*X[13]*X[3]//250000 - 48*X[13]*X[4]//3125 - 1929*X[13]*X[5]//1000000 - 743*X[13]*X[6]//50000 - 287*X[13]*X[7]//100000 - 419*X[13]*X[8]//100000 - 587*X[13]*X[9]//200000 + 1061*X[13]//10000 + 2559*X[14]^2//1000 + 1629*X[14]*X[15]//1000000 - 3147*X[14]*X[16]//1000000 - 3607*X[14]*X[17]//1000000 - 51*X[14]*X[2]//15625 - 73*X[14]*X[3]//20000 - 307*X[14]*X[4]//20000 - 223*X[14]*X[5]//100000 - 149*X[14]*X[6]//10000 - 3083*X[14]*X[7]//1000000 - 9449*X[14]*X[8]//1000000 - 793*X[14]*X[9]//250000 + 1897*X[14]//20000 + 1281*X[15]^2//500 - 3439*X[15]*X[16]//1000000 - 929*X[15]*X[17]//250000 - 1773*X[15]*X[2]//500000 + 703*X[15]*X[3]//500000 - 517*X[15]*X[4]//50000 - 321*X[15]*X[5]//125000 - 9919*X[15]*X[6]//1000000 - 1677*X[15]*X[7]//500000 - 19*X[15]*X[8]//2000 - 3133*X[15]*X[9]//1000000 + 8923*X[15]//100000 + 64*X[16]^2//25 - 881*X[16]*X[17]//250000 - 831*X[16]*X[2]//250000 - 3411*X[16]*X[3]//1000000 - 307*X[16]*X[4]//20000 - 2073*X[16]*X[5]//1000000 - 93*X[16]*X[6]//6250 - 391*X[16]*X[7]//125000 - 9399*X[16]*X[8]//1000000 - 181*X[16]*X[9]//62500 + 201*X[16]//2000 + 1281*X[17]^2//500 - 549*X[17]*X[2]//62500 - 919*X[17]*X[3]//250000 - 257*X[17]*X[4]//25000 - 7877*X[17]*X[5]//1000000 - 619*X[17]*X[6]//62500 - 431*X[17]*X[7]//50000 - 477*X[17]*X[8]//50000 - 1071*X[17]*X[9]//125000 + 837*X[17]//10000 + 2563*X[2]^2//1000 + 1511*X[2]*X[3]//1000000 - 307*X[2]*X[4]//20000 - 1193*X[2]*X[5]//500000 - 149*X[2]*X[6]//10000 - 3239*X[2]*X[7]//1000000 - 9449*X[2]*X[8]//1000000 - 793*X[2]*X[9]//250000 + 1897*X[2]//20000 + 2563*X[3]^2//1000 - 1037*X[3]*X[4]//100000 - 2579*X[3]*X[5]//1000000 - 9977*X[3]*X[6]//1000000 + 847*X[3]*X[7]//500000 - 9561*X[3]*X[8]//1000000 + 439*X[3]*X[9]//250000 + 837*X[3]//10000 + 64*X[4]^2//25 - 519*X[4]*X[5]//25000 + 2253*X[4]*X[6]//25000000 - 771*X[4]*X[7]//50000 - 2589*X[4]*X[8]//500000 - 309*X[4]*X[9]//20000 - 281*X[4]//50000 + 513*X[5]^2//200 - 2497*X[5]*X[6]//100000 - 923*X[5]*X[7]//500000 - 139*X[5]*X[8]//10000 - 861*X[5]*X[9]//500000 + 1563*X[5]//10000 + 2563*X[6]^2//1000 - 297*X[6]*X[7]//20000 - 2457*X[6]*X[8]//500000 - 1009*X[6]*X[9]//50000 + 281*X[6]//12500 + 641*X[7]^2//250 - 9299*X[7]*X[8]//1000000 - 333*X[7]*X[9]//125000 + 223*X[7]//2000 + 2561*X[8]^2//1000 - 4633*X[8]*X[9]//500000 + 5041*X[8]//100000 + 641*X[9]^2//250 + 293*X[9]//2500 + 279//100
M0 = [1, X[9], X[8], X[7], X[6], X[5], X[4], X[3], X[2], X[17], X[16], X[15], X[14], X[13], X[12], X[11], X[10], X[1]]
Q0 = [2.789777260876849 0.05917225291612172 0.02523707417297514 0.055216669403491604 0.011563152033755688 0.07724543053040304 -0.0036521999825478804 0.0426145951182078 0.04868961623257726 0.041255160808762424 0.049522542187862256 0.04402105573466886 0.04656980079672201 0.05225530509932805 0.0219837660396881 0.06590537991278315 -0.05488429227491295 -0.06822964670260874;
 0.05917225291612172 2.56387013270232 -0.003309731984378123 -0.0010016373415018506 -0.008870985224979946 7.666246410026574e-05 -0.008477574580300875 2.835951394097117e-05 -0.0024878486776214823 -0.0033688536129071003 -0.0011829749397551034 -0.0007248858033716036 -0.001746906021656707 -0.0017644414467522678 -0.004177480366492687 -0.0022752350186205444 -0.00834645174693275 -0.0015475454650146906;
 0.02523707417297514 -0.003309731984378123 2.5608944588540243 -0.004868386261787561 -0.002652051145056802 -0.006347760142634544 -0.0032041527520536924 -0.003480298644236691 -0.003852307065191128 -0.0038475829475510107 -0.00472397461876233 -0.0038963369515927367 -0.004182419336080284 -0.0033634678932926484 -0.004333956106855696 -0.004099589486477911 -0.0005730075934918177 -0.001961076188622932;
 0.055216669403491604 -0.0010016373415018506 -0.004868386261787561 2.5642254952299828 -0.007359272964885755 -0.0003904398479752649 -0.008363904401839045 -0.0002052214177385079 -0.0026369220810833183 -0.0033704779197993185 -0.0016101088283078276 -0.0018176113175406578 -0.0005127504333316606 -0.001396719819456686 -0.004521155598253237 -0.0023606661493390884 -0.00736840970758129 -0.0013643049313104816;
 0.011563152033755688 -0.008870985224979946 -0.002652051145056802 -0.007359272964885755 2.562687845556552 -0.01126871821686271 0.00020569853554817371 -0.00568739061586069 -0.00662069796557979 -0.004199379451685026 -0.0077251592318429855 -0.005546330243732771 -0.0069168708581772475 -0.006403129031124474 -0.003212094032001833 -0.005048414058132955 0.0033065387074254467 -0.004216160146605006;
 0.07724543053040304 7.666246410026574e-05 -0.006347760142634544 -0.0003904398479752649 -0.01126871821686271 2.5648794940006776 -0.009273657308547047 -0.00103769002216678 -0.00208564478729563 -0.004421834698620932 -0.0009160481037471456 -0.0017018424475424066 -0.0012123920997954784 -0.0009640411430352168 -0.006104481180200185 -0.00015109688729804773 -0.01059126284409264 -0.004737222969658236;
 -0.0036521999825478804 -0.008477574580300875 -0.0032041527520536924 -0.008363904401839045 0.00020569853554817371 -0.009273657308547047 2.5596367109823506 -0.004464173142698596 -0.007730536099873471 -0.004436825366561021 -0.008539223721713757 -0.005009749363176085 -0.0076502200004771835 -0.006612479692073911 -0.004426934041667781 -0.0071499396181652144 0.005205495596034966 0.0003127077042497972;
 0.0426145951182078 2.835951394097117e-05 -0.003480298644236691 -0.0002052214177385079 -0.00568739061586069 -0.00103769002216678 -0.004464173142698596 2.562888368210353 -0.00010317876750895394 -0.001742620080909672 -0.0013166306422650448 0.00010366589844637789 -0.0026353573169168214 8.945915491255265e-06 -0.0035594401149301176 -0.002174031090522828 -0.005454697312895348 0.0009198970259758489;
 0.04868961623257726 -0.0024878486776214823 -0.003852307065191128 -0.0026369220810833183 -0.00662069796557979 -0.00208564478729563 -0.007730536099873471 -0.00010317876750895394 2.5628531016662848 -0.0034159557177614397 -0.002195676836326458 -0.0029279930918693024 -0.0011157681419059812 -0.00227606251432918 -0.002899134920627285 -0.0024765468206432288 -0.004875576206270136 -0.003556281345117628;
 0.041255160808762424 -0.0033688536129071003 -0.0038475829475510107 -0.0033704779197993185 -0.004199379451685026 -0.004421834698620932 -0.004436825366561021 -0.001742620080909672 -0.0034159557177614397 2.561513812303739 -0.0017792595622219511 -0.0025636997043607043 -0.002983073595924253 -0.0018736925876392005 -0.004442502994695705 -0.002337029786038507 -0.0035932203374820404 -0.001723015718459212;
 0.049522542187862256 -0.0011829749397551034 -0.00472397461876233 -0.0016101088283078276 -0.0077251592318429855 -0.0009160481037471456 -0.008539223721713757 -0.0013166306422650448 -0.002195676836326458 -0.0017792595622219511 2.560025085872631 -0.0023180690270522726 -0.0013661751239516379 -0.002677560616726425 -0.0032320697044642146 -0.0033706810524044544 -0.006320306150703092 -0.003510710383461296;
 0.04402105573466886 -0.0007248858033716036 -0.0038963369515927367 -0.0018176113175406578 -0.005546330243732771 -0.0017018424475424066 -0.005009749363176085 0.00010366589844637789 -0.0029279930918693024 -0.0025636997043607043 -0.0023180690270522726 2.5613434023627373 3.684867732558291e-05 -0.0013847427613438595 -0.0035975333316541035 -0.002400552377170364 -0.00507891224560026 0.002409233147823058;
 0.04656980079672201 -0.001746906021656707 -0.004182419336080284 -0.0005127504333316606 -0.0069168708581772475 -0.0012123920997954784 -0.0076502200004771835 -0.0026353573169168214 -0.0011157681419059812 -0.002983073595924253 -0.0013661751239516379 3.684867732558291e-05 2.5584402407179114 -0.0013029017938099982 -0.0037874579685255546 -0.001287463718183023 -0.006632836836234681 -0.005577517765717344;
 0.05225530509932805 -0.0017644414467522678 -0.0033634678932926484 -0.001396719819456686 -0.006403129031124474 -0.0009640411430352168 -0.006612479692073911 8.945915491255265e-06 -0.00227606251432918 -0.0018736925876392005 -0.002677560616726425 -0.0013847427613438595 -0.0013029017938099982 2.562744394953871 -0.0020808888353953006 -0.0016666552413622054 -0.006371869696514595 -0.000932705090878478;
 0.0219837660396881 -0.004177480366492687 -0.004333956106855696 -0.004521155598253237 -0.003212094032001833 -0.006104481180200185 -0.004426934041667781 -0.0035594401149301176 -0.002899134920627285 -0.004442502994695705 -0.0032320697044642146 -0.0035975333316541035 -0.0037874579685255546 -0.0020808888353953006 2.5608690726676238 -0.004269498293995964 -0.0002802635251415317 -0.0034340371158351206;
 0.06590537991278315 -0.0022752350186205444 -0.004099589486477911 -0.0023606661493390884 -0.005048414058132955 -0.00015109688729804773 -0.0071499396181652144 -0.002174031090522828 -0.0024765468206432288 -0.002337029786038507 -0.0033706810524044544 -0.002400552377170364 -0.001287463718183023 -0.0016666552413622054 -0.004269498293995964 2.565280295238208 -0.0057363504328689615 -0.006776917857545886;
 -0.05488429227491295 -0.00834645174693275 -0.0005730075934918177 -0.00736840970758129 0.0033065387074254467 -0.01059126284409264 0.005205495596034966 -0.005454697312895348 -0.004875576206270136 -0.0035932203374820404 -0.006320306150703092 -0.00507891224560026 -0.006632836836234681 -0.006371869696514595 -0.0002802635251415317 -0.0057363504328689615 2.56246839827656 0.00647512135509679;
 -0.06822964670260874 -0.0015475454650146906 -0.001961076188622932 -0.0013643049313104816 -0.004216160146605006 -0.004737222969658236 0.0003127077042497972 0.0009198970259758489 -0.003556281345117628 -0.001723015718459212 -0.003510710383461296 0.002409233147823058 -0.005577517765717344 -0.000932705090878478 -0.0034340371158351206 -0.006776917857545886 0.00647512135509679 3.263516294861943;
]
solve(n, X, P0, Q0, M0, false)
## Multiplier-10
P1 = 2547*X[1]^2//1000 + 6747*X[1]*X[10]//100000 - 759*X[1]*X[11]//10000 + 3057*X[1]*X[12]//5000000 - 2463*X[1]*X[13]//100000 - 309*X[1]*X[14]//12500 - 9617*X[1]*X[15]//1000000 - 571*X[1]*X[16]//50000 - 2359*X[1]*X[17]//100000 - 1701*X[1]*X[2]//100000 - 417*X[1]*X[3]//25000 + 1343*X[1]*X[4]//250000 - 247*X[1]*X[5]//6250 - 159*X[1]*X[6]//6250 - 1983*X[1]*X[7]//100000 - 603*X[1]*X[8]//50000 - 501*X[1]*X[9]//20000 + 6531*X[1]//100000 + 3283*X[10]^2//1000 - 809*X[10]*X[11]//5000 + 63*X[10]*X[12]//3125 - 617*X[10]*X[13]//12500 - 4859*X[10]*X[14]//100000 - 1403*X[10]*X[15]//100000 + 1021*X[10]*X[16]//100000 - 5101*X[10]*X[17]//100000 - 199*X[10]*X[2]//12500 - 1421*X[10]*X[3]//20000 + 379*X[10]*X[4]//25000 - 2619*X[10]*X[5]//50000 - 457*X[10]*X[6]//10000 - 149*X[10]*X[7]//6250 - 2821*X[10]*X[8]//500000 - 3489*X[10]*X[9]//100000 + 2153*X[10]//10000 + 2557*X[11]^2//1000 - 57*X[11]*X[12]//1000 + 2053*X[11]*X[13]//100000 + 2633*X[11]*X[14]//100000 - 37*X[11]*X[15]//2500 - 1173*X[11]*X[16]//50000 + 589*X[11]*X[17]//50000 - 419*X[11]*X[2]//12500 + 4427*X[11]*X[3]//100000 - 4753*X[11]*X[4]//100000 - 4759*X[11]*X[5]//500000 + 4209*X[11]*X[6]//500000 + 1757*X[11]*X[7]//5000000 - 467*X[11]*X[8]//20000 + 129*X[11]*X[9]//25000 + 144*X[11]//3125 + 631*X[12]^2//250 - 3727*X[12]*X[13]//50000 + 4329*X[12]*X[14]//500000 - 3399*X[12]*X[15]//100000 - 3473*X[12]*X[16]//100000 - 4037*X[12]*X[17]//100000 - 1381*X[12]*X[2]//25000 - 3091*X[12]*X[3]//100000 - 4659*X[12]*X[4]//100000 - 213*X[12]*X[5]//12500 - 1841*X[12]*X[6]//20000 - 8801*X[12]*X[7]//1000000 - 919*X[12]*X[8]//25000 - 873*X[12]*X[9]//25000 + 999*X[12]//5000 + 2523*X[13]^2//1000 - 2537*X[13]*X[14]//100000 + 261*X[13]*X[15]//25000 - 709*X[13]*X[16]//50000 - 291*X[13]*X[17]//20000 - 689*X[13]*X[2]//20000 - 101*X[13]*X[3]//5000 - 2437*X[13]*X[4]//250000 - 501*X[13]*X[5]//50000 + 883*X[13]*X[6]//2500000 - 503*X[13]*X[7]//50000 - 1261*X[13]*X[8]//50000 + 1273*X[14]^2//500 - 1919*X[14]*X[15]//20000 + 1401*X[14]*X[16]//50000 - 2923*X[14]*X[17]//100000 - 97*X[14]*X[2]//40000 - 319*X[14]*X[3]//20000 - 5437*X[14]*X[4]//100000 + 96*X[14]*X[5]//3125 - 421*X[14]*X[6]//12500 + 2131*X[14]*X[7]//10000000 - 2431*X[14]*X[8]//100000 + 2557*X[14]*X[9]//500000 + 1149*X[14]//50000 + 101*X[15]^2//40 - 1223*X[15]*X[16]//50000 + 5493*X[15]*X[17]//1000000 - 281*X[15]*X[2]//20000 - 191*X[15]*X[3]//12500 - 9251*X[15]*X[4]//1000000 - 1487*X[15]*X[5]//100000 - 1461*X[15]*X[6]//100000 + 639*X[15]*X[7]//125000 + 4907*X[15]*X[8]//10000000 - 1503*X[15]*X[9]//100000 + 3869*X[15]//500000 + 633*X[16]^2//250 - 8249*X[16]*X[17]//100000 - 1271*X[16]*X[2]//100000 - 887*X[16]*X[3]//20000 - 579*X[16]*X[4]//12500 - 1807*X[16]*X[5]//100000 - 961*X[16]*X[6]//12500 + 4471*X[16]*X[7]//5000000 - 1999*X[16]*X[8]//50000 - 2001*X[16]*X[9]//100000 + 1269*X[16]//10000 + 631*X[17]^2//250 - 59*X[17]*X[2]//1250 + 827*X[17]*X[3]//250000 - 1277*X[17]*X[4]//50000 - 3871*X[17]*X[5]//1000000 - 101*X[17]*X[6]//10000 - 1457*X[17]*X[7]//100000 - 1729*X[17]*X[8]//100000 - 2499*X[17]*X[9]//250000 + 3459*X[17]//50000 + 1257*X[2]^2//500 - 1483*X[2]*X[3]//20000 - 2837*X[2]*X[4]//50000 - 361*X[2]*X[5]//20000 - 8229*X[2]*X[6]//100000 + 1817*X[2]*X[7]//2000000 - 1207*X[2]*X[8]//20000 - 1481*X[2]*X[9]//100000 + 1191*X[2]//10000 + 629*X[3]^2//250 - 7*X[3]*X[4]//625 - 6387*X[3]*X[5]//1000000 + 429*X[3]*X[6]//12500 - 307*X[3]*X[7]//10000 + 243*X[3]*X[8]//200000 - 303*X[3]*X[9]//10000 - 999*X[3]//10000 + 127*X[4]^2//50 - 2313*X[4]*X[5]//25000 - 1461*X[4]*X[6]//50000 - 473*X[4]*X[7]//20000 - 3049*X[4]*X[8]//100000 - 2471*X[4]*X[9]//100000 + 2343*X[4]//10000 + 2521*X[5]^2//1000 - 1093*X[5]*X[6]//50000 - 4561*X[5]*X[7]//1000000 - 289*X[5]*X[8]//12500 - 187*X[5]*X[9]//12500 + 144*X[5]//3125 + 507*X[6]^2//200 - 2429*X[6]*X[7]//50000 - 493*X[6]*X[8]//12500 - 9617*X[6]*X[9]//1000000 + 103*X[6]//400 + 503*X[7]^2//200 - 1411*X[7]*X[8]//100000 + 2313*X[7]*X[9]//50000000 + 1149*X[7]//50000 + 631*X[8]^2//250 - 5503*X[8]*X[9]//100000 + 1613*X[8]//10000 + 629*X[9]^2//250 + 3869*X[9]//500000 + 1921//1000
M1 = [1, X[9], X[8], X[7], X[6], X[5], X[4], X[3], X[2], X[17], X[16], X[15], X[14], X[13], X[12], X[11], X[10], X[1]]
Q1 = [1.9209385897766624 0.004022097503395971 0.08125437809938132 0.010790582168254808 0.12939273200538917 0.0235903006679547 0.11624670129914091 -0.049965608760378706 0.059238210096896955 0.03491003942525238 0.06424797670556512 0.003340857988134083 0.011894251021994293 0.0009343407039713055 0.09927639313313504 0.023418044241128456 0.1082526173493882 0.032210403925854;
 0.004022097503395971 2.5160840780712013 -0.02721831470667439 -5.323881231188495e-05 -0.005165615627471949 -0.007169621145074025 -0.011782378987741888 -0.015346171301859389 -0.008147192691169638 -0.004118746613786988 -0.01047741502412579 -0.006606234173977344 0.003370252505347191 -0.0002802116340122005 -0.017010560440682502 0.002673504828250958 -0.016448483818619186 -0.011267186046394815;
 0.08125437809938132 -0.02721831470667439 2.5233056359510706 -0.008152332404353872 -0.020589053488868754 -0.010883913480119299 -0.016149138329325467 0.0006325917801076382 -0.029179192192349084 -0.009441008516418969 -0.01943226064867409 9.541475509473677e-05 -0.01147055338756847 -0.012742584656473491 -0.017952438443744792 -0.011868392579688743 -0.003948320537039598 -0.005192991110800301;
 0.010790582168254808 -5.323881231188495e-05 -0.008152332404353872 2.515467805255884 -0.025401165246157216 -0.0012110831953252655 -0.011332415434846784 -0.014859400934724275 0.0006010474356172089 -0.006891137604687301 -0.0003943151669431743 0.002628684867550984 -0.00010523823728355248 -0.004413885659537273 -0.004917286525155194 -0.0007028306611290833 -0.010848002242294432 -0.010981555471566349;
 0.12939273200538917 -0.005165615627471949 -0.020589053488868754 -0.025401165246157216 2.5353264062912744 -0.010809098315935906 -0.013971053637875161 0.017272109052178946 -0.04230445046905039 -0.00497580944380568 -0.03885804698525085 -0.006281640985707926 -0.01735866434288129 -0.0003771303548173519 -0.04566736356910525 0.005128721901588794 -0.02274141581088595 -0.011694572862535765;
 0.0235903006679547 -0.007169621145074025 -0.010883913480119299 -0.0012110831953252655 -0.010809098315935906 2.521638916122153 -0.04619539664765072 -0.004029130239089538 -0.009263778969512705 -0.0014690653345233598 -0.007947808317176978 -0.00637585191995795 0.015165322747834028 -0.0047738291908398945 -0.007280749638545892 -0.0052745647385273875 -0.025238855279247734 -0.02037007679908222;
 0.11624670129914091 -0.011782378987741888 -0.016149138329325467 -0.011332415434846784 -0.013971053637875161 -0.04619539664765072 2.539836673489745 -0.006020163234323476 -0.028448632013165474 -0.013669428666729716 -0.022573921216326537 -0.0046386253701152895 -0.026004365692320255 -0.005276071600330959 -0.023606181961989863 -0.023605401515572288 0.008374097888870422 0.0016497712808400567;
 -0.049965608760378706 -0.015346171301859389 0.0006325917801076382 -0.014859400934724275 0.017272109052178946 -0.004029130239089538 -0.006020163234323476 2.5155185961369937 -0.0362846561368515 0.0004931181297005222 -0.02159680266990694 -0.00659833732557672 -0.0068403657187664935 -0.009346589896409201 -0.016478923344818132 0.021578117228592947 -0.036481327287404 -0.007744540291675539;
 0.059238210096896955 -0.008147192691169638 -0.029179192192349084 0.0006010474356172089 -0.04230445046905039 -0.009263778969512705 -0.028448632013165474 -0.0362846561368515 2.5144834594800325 -0.023496649254024855 -0.007050932943529541 -0.00819983334362128 -5.399390525082473e-05 -0.01590365863212516 -0.026502072182422547 -0.01726633414920905 -0.007930691184607803 -0.00929286101546393;
 0.03491003942525238 -0.004118746613786988 -0.009441008516418969 -0.006891137604687301 -0.00497580944380568 -0.0014690653345233598 -0.013669428666729716 0.0004931181297005222 -0.023496649254024855 2.5242160681464076 -0.04136130581032638 0.002582067455075718 -0.014025679939243777 -0.0066257757422638576 -0.020465480042579903 0.0052846577327856905 -0.025188838571388105 -0.011691378817098546;
 0.06424797670556512 -0.01047741502412579 -0.01943226064867409 -0.0003943151669431743 -0.03885804698525085 -0.007947808317176978 -0.022573921216326537 -0.02159680266990694 -0.007050932943529541 -0.04136130581032638 2.5322437930826176 -0.011700663670122536 0.012731816178327682 -0.006915554064789963 -0.016225549658065413 -0.012681607536859818 0.00593342438977068 -0.006106751697281449;
 0.003340857988134083 -0.006606234173977344 9.541475509473677e-05 0.002628684867550984 -0.006281640985707926 -0.00637585191995795 -0.0046386253701152895 -0.00659833732557672 -0.00819983334362128 0.002582067455075718 -0.011700663670122536 2.524677051213573 -0.048772143490207594 0.0044894131115681656 -0.017286092308006512 -0.006955348955256595 -0.006473348717082255 -0.005066597156622255;
 0.011894251021994293 0.003370252505347191 -0.01147055338756847 -0.00010523823728355248 -0.01735866434288129 0.015165322747834028 -0.026004365692320255 -0.0068403657187664935 -5.399390525082473e-05 -0.014025679939243777 0.012731816178327682 -0.048772143490207594 2.546145315574798 -0.013265964459886497 0.005572544607454832 0.013161878529735 -0.02442906464701292 -0.013384732887312572;
 0.0009343407039713055 -0.0002802116340122005 -0.012742584656473491 -0.004413885659537273 -0.0003771303548173519 -0.0047738291908398945 -0.005276071600330959 -0.009346589896409201 -0.01590365863212516 -0.0066257757422638576 -0.006915554064789963 0.0044894131115681656 -0.013265964459886497 2.523082453998307 -0.038386943615006726 0.00998026491142827 -0.02532868175450319 -0.012641096481921377;
 0.09927639313313504 -0.017010560440682502 -0.017952438443744792 -0.004917286525155194 -0.04566736356910525 -0.007280749638545892 -0.023606181961989863 -0.016478923344818132 -0.026502072182422547 -0.020465480042579903 -0.016225549658065413 -0.017286092308006512 0.005572544607454832 -0.038386943615006726 2.523262141606644 -0.02731934496361013 0.009267094123489231 -0.0007030932903065689;
 0.023418044241128456 0.002673504828250958 -0.011868392579688743 -0.0007028306611290833 0.005128721901588794 -0.0052745647385273875 -0.023605401515572288 0.021578117228592947 -0.01726633414920905 0.0052846577327856905 -0.012681607536859818 -0.006955348955256595 0.013161878529735 0.00998026491142827 -0.02731934496361013 2.5574853429064994 -0.08038454239815984 -0.037642554957964446;
 0.1082526173493882 -0.016448483818619186 -0.003948320537039598 -0.010848002242294432 -0.02274141581088595 -0.025238855279247734 0.008374097888870422 -0.036481327287404 -0.007930691184607803 -0.025188838571388105 0.00593342438977068 -0.006473348717082255 -0.02442906464701292 -0.02532868175450319 0.009267094123489231 -0.08038454239815984 3.283184306651855 0.032079502727346144;
 0.032210403925854 -0.011267186046394815 -0.005192991110800301 -0.010981555471566349 -0.011694572862535765 -0.02037007679908222 0.0016497712808400567 -0.007744540291675539 -0.00929286101546393 -0.011691378817098546 -0.006106751697281449 -0.005066597156622255 -0.013384732887312572 -0.012641096481921377 -0.0007030932903065689 -0.037642554957964446 0.032079502727346144 2.5473524650059223;
]
solve(n, X, P1, Q1, M1, false)
## Multiplier-11
P2 = 1283*X[1]^2//500 + 1403*X[1]*X[10]//25000 + 4427*X[1]*X[11]//500000 + 1951*X[1]*X[12]//200000 + 3713*X[1]*X[13]//1000000 - 281*X[1]*X[14]//125000 + 239*X[1]*X[15]//31250 - 2817*X[1]*X[16]//1000000 + 4909*X[1]*X[17]//500000 + 2321*X[1]*X[2]//500000 + 297*X[1]*X[3]//100000 + 1027*X[1]*X[4]//50000 + 1589*X[1]*X[5]//10000000 + 1573*X[1]*X[6]//100000 - 647*X[1]*X[7]//250000 + 9581*X[1]*X[8]//1000000 - 2349*X[1]*X[9]//1000000 - 1217*X[1]//10000 + 2653*X[10]^2//1000 + 3071*X[10]*X[11]//100000 + 1183*X[10]*X[12]//12500 + 1931*X[10]*X[13]//50000 + 1247*X[10]*X[14]//50000 + 469*X[10]*X[15]//12500 + 3*X[10]*X[16]//80 + 6313*X[10]*X[17]//100000 + 8327*X[10]*X[2]//100000 + 67*X[10]*X[3]//5000 + 277*X[10]*X[4]//2500 + 3719*X[10]*X[5]//50000 + 503*X[10]*X[6]//5000 + 181*X[10]*X[7]//5000 + 803*X[10]*X[8]//10000 + 159*X[10]*X[9]//5000 - 5027*X[10]//10000 + 3297*X[11]^2//1000 + 2721*X[11]*X[12]//100000 + 773*X[11]*X[13]//50000 + 489*X[11]*X[14]//25000 + 8517*X[11]*X[15]//1000000 + 137*X[11]*X[16]//10000 + 67*X[11]*X[17]//2500 + 667*X[11]*X[2]//25000 + 3699*X[11]*X[3]//1000000 + 1611*X[11]*X[4]//50000 + 3197*X[11]*X[5]//100000 + 1061*X[11]*X[6]//25000 + 131*X[11]*X[7]//10000 + 2557*X[11]*X[8]//100000 + 1321*X[11]*X[9]//100000 - 647*X[11]//5000 + 1297*X[12]^2//500 + 3137*X[12]*X[13]//100000 + 1257*X[12]*X[14]//25000 + 2233*X[12]*X[15]//100000 + 1891*X[12]*X[16]//50000 + 2703*X[12]*X[17]//50000 + 2693*X[12]*X[2]//50000 + 333*X[12]*X[3]//10000 + 5971*X[12]*X[4]//100000 + 6447*X[12]*X[5]//100000 + 2981*X[12]*X[6]//50000 + 183*X[12]*X[7]//5000 + 5677*X[12]*X[8]//100000 + 159*X[12]*X[9]//5000 - 2741*X[12]//10000 + 2583*X[13]^2//1000 + 2771*X[13]*X[14]//100000 + 2631*X[13]*X[15]//100000 + 627*X[13]*X[16]//20000 + 409*X[13]*X[17]//10000 + 2037*X[13]*X[2]//50000 + 269*X[13]*X[3]//12500 + 5221*X[13]*X[4]//100000 + 1031*X[13]*X[5]//25000 + 1429*X[13]*X[6]//25000 + 2543*X[13]*X[7]//100000 + 111*X[13]*X[8]//2500 + 1531*X[13]*X[9]//50000 - 2207*X[13]//10000 + 517*X[14]^2//200 - 2873*X[14]*X[15]//500000 + 4091*X[14]*X[16]//100000 + 727*X[14]*X[17]//25000 + 2221*X[14]*X[2]//50000 + 509*X[14]*X[3]//25000 + 589*X[14]*X[4]//20000 + 5011*X[14]*X[5]//100000 + 69*X[14]*X[6]//2000 + 77*X[14]*X[7]//3125 + 3767*X[14]*X[8]//100000 + 1489*X[14]*X[9]//50000 - 913*X[14]//5000 + 1287*X[15]^2//500 + 1411*X[15]*X[16]//100000 + 3257*X[15]*X[17]//100000 + 2737*X[15]*X[2]//100000 + 1947*X[15]*X[3]//100000 + 759*X[15]*X[4]//20000 + 1383*X[15]*X[5]//50000 + 3787*X[15]*X[6]//100000 + 37*X[15]*X[7]//2000 + 1813*X[15]*X[8]//50000 + 929*X[15]*X[9]//50000 - 1447*X[15]//10000 + 2583*X[16]^2//1000 + 2221*X[16]*X[17]//100000 + 4289*X[16]*X[2]//100000 + 97*X[16]*X[3]//5000 + 2777*X[16]*X[4]//100000 + 4307*X[16]*X[5]//100000 + 693*X[16]*X[6]//25000 + 1443*X[16]*X[7]//50000 + 1561*X[16]*X[8]//50000 + 299*X[16]*X[9]//12500 - 1447*X[16]//10000 + 2591*X[17]^2//1000 + 4849*X[17]*X[2]//100000 + 3337*X[17]*X[3]//100000 + 6477*X[17]*X[4]//100000 + 1089*X[17]*X[5]//20000 + 873*X[17]*X[6]//12500 + 1579*X[17]*X[7]//50000 + 5677*X[17]*X[8]//100000 + 159*X[17]*X[9]//5000 - 2741*X[17]//10000 + 2593*X[2]^2//1000 + 9*X[2]*X[3]//500 + 2741*X[2]*X[4]//50000 + 647*X[2]*X[5]//10000 + 5483*X[2]*X[6]//100000 + 1837*X[2]*X[7]//50000 + 5199*X[2]*X[8]//100000 + 1849*X[2]*X[9]//50000 - 563*X[2]//2000 + 2573*X[3]^2//1000 + 491*X[3]*X[4]//12500 + 29*X[3]*X[5]//1000 + 156*X[3]*X[6]//3125 + 703*X[3]*X[7]//50000 + 3733*X[3]*X[8]//100000 + 711*X[3]*X[9]//50000 - 219*X[3]//1250 + 521*X[4]^2//200 + 283*X[4]*X[5]//6250 + 4603*X[4]*X[6]//50000 + 3223*X[4]*X[7]//100000 + 1361*X[4]*X[8]//20000 + 1623*X[4]*X[9]//50000 - 3043*X[4]//10000 + 324*X[5]^2//125 + 3333*X[5]*X[6]//50000 + 3751*X[5]*X[7]//100000 + 5841*X[5]*X[8]//100000 + 41*X[5]*X[9]//1250 - 799*X[5]//2500 + 2609*X[6]^2//1000 + 2771*X[6]*X[7]//100000 + 1851*X[6]*X[8]//25000 + 19*X[6]*X[9]//500 - 131*X[6]//400 + 103*X[7]^2//40 + 3149*X[7]*X[8]//100000 + 301*X[7]*X[9]//12500 - 761*X[7]//5000 + 519*X[8]^2//200 + 2677*X[8]*X[9]//100000 - 2741*X[8]//10000 + 322*X[9]^2//125 - 67*X[9]//400 + 1903//500
M2 = [1, X[9], X[8], X[7], X[6], X[5], X[4], X[3], X[2], X[17], X[16], X[15], X[14], X[13], X[12], X[11], X[10], X[1]]
Q2 = [3.805689462294961 -0.08334622064428054 -0.13647909924694476 -0.07661271592355948 -0.16281260894815114 -0.15861163965193878 -0.15138851198074743 -0.08582037801563049 -0.1427072320170419 -0.13695492535140877 -0.0710881789906541 -0.07211675844073398 -0.09316099454600356 -0.10938411854578972 -0.13580643599083236 -0.06292114058237477 -0.251648686804018 -0.061262116383514385;
 -0.08334622064428054 2.5755749324220556 0.012972914555594956 0.011347804295085183 0.01988586569503374 0.016904713285465636 0.01692244996039174 0.0076397497789510846 0.017827939104746185 0.01680008485697986 0.012356513294169308 0.008244707626265531 0.014340652360213039 0.014968352542943607 0.016109465357792077 0.005786750738963053 0.01557390059844644 -0.0004836165377117063;
 -0.13647909924694476 0.012972914555594956 2.5947732840026823 0.01579409022851489 0.036570754693596746 0.02865298906266147 0.03412830842853941 0.01888204360028019 0.025413080908543637 0.029191791176120627 0.015833575880049675 0.016906321714316382 0.01770789226015322 0.022075452404755044 0.02866508219350821 0.013860629564939445 0.041368483251819174 0.004676755156154074;
 -0.07661271592355948 0.011347804295085183 0.01579409022851489 2.5742144778264526 0.014193899994718288 0.01766756920548252 0.015391422330680778 0.0068029846189227835 0.019192490598924028 0.014888009347719822 0.01360730504040507 0.009523230285639433 0.01329180546587416 0.012878869530787448 0.01779761867747957 0.00564415575422282 0.01708259702661143 -0.0004858735662603817;
 -0.16281260894815114 0.01988586569503374 0.036570754693596746 0.014193899994718288 2.608788463128985 0.032828148394459036 0.04665158788371819 0.02379793967350596 0.028362302326910244 0.03593878632867345 0.014585532882614303 0.01871294726429045 0.017499225114169046 0.02829917963438209 0.030200973649047464 0.021547388372489335 0.04923043356783404 0.007291521831867814;
 -0.15861163965193878 0.016904713285465636 0.02865298906266147 0.01766756920548252 0.032828148394459036 2.5919205341005376 0.022631393153151734 0.014437426437553868 0.03133484990157395 0.027968440185439633 0.020522434041273047 0.013407418210535309 0.025138855005822924 0.02161582147019674 0.03210452994959316 0.015530286206343205 0.03802330009049412 0.0012696980308585838;
 -0.15138851198074743 0.01692244996039174 0.03412830842853941 0.015391422330680778 0.04665158788371819 0.022631393153151734 2.6046688912633438 0.01911741619254859 0.027607343980171856 0.032584095425211235 0.01388739359353622 0.018136536485160736 0.013505437100884228 0.026045493940821444 0.030063015905824424 0.014843620940609807 0.05465425431313524 0.009255646370354519;
 -0.08582037801563049 0.0076397497789510846 0.01888204360028019 0.0068029846189227835 0.02379793967350596 0.014437426437553868 0.01911741619254859 2.5735620786043536 0.009567128724570865 0.016749927997076513 0.009521661531855283 0.008666880321178745 0.008976862324712197 0.011788160919470759 0.015520794055237251 0.002531979724737424 0.007732855791251552 0.0018534540466498203;
 -0.1427072320170419 0.017827939104746185 0.025413080908543637 0.019192490598924028 0.028362302326910244 0.03133484990157395 0.027607343980171856 0.009567128724570865 2.593026322183393 0.024737093506389432 0.020783209789978194 0.01410681583528753 0.02302858297283499 0.02072956566097007 0.02800217964756069 0.013627227743823401 0.04210420551276784 0.00282958489430087;
 -0.13695492535140877 0.01680008485697986 0.029191791176120627 0.014888009347719822 0.03593878632867345 0.027968440185439633 0.032584095425211235 0.016749927997076513 0.024737093506389432 2.591597146388036 0.010806561701580113 0.01673757016097738 0.01496668082339945 0.021367068114924167 0.02682007374999007 0.012531455135076702 0.03262727994379856 0.003820187339130133;
 -0.0710881789906541 0.012356513294169308 0.015833575880049675 0.01360730504040507 0.014585532882614303 0.020522434041273047 0.01388739359353622 0.009521661531855283 0.020783209789978194 0.010806561701580113 2.582520608619582 0.007473398904473148 0.021037837592218896 0.016126504070839497 0.017620525173147557 0.006617485758056938 0.019130071416859264 -0.0024292334782208126;
 -0.07211675844073398 0.008244707626265531 0.016906321714316382 0.009523230285639433 0.01871294726429045 0.013407418210535309 0.018136536485160736 0.008666880321178745 0.01410681583528753 0.01673757016097738 0.007473398904473148 2.573917187552192 -0.002163173103442437 0.01427267912345507 0.012341632297897956 0.00317869051361416 0.019639378856548616 0.0026015156966951343;
 -0.09316099454600356 0.014340652360213039 0.01770789226015322 0.01329180546587416 0.017499225114169046 0.025138855005822924 0.013505437100884228 0.008976862324712197 0.02302858297283499 0.01496668082339945 0.021037837592218896 -0.002163173103442437 2.585005207188616 0.012557884543891777 0.024482279833706464 0.009214008537508103 0.013449382003527816 -0.002267914811804693;
 -0.10938411854578972 0.014968352542943607 0.022075452404755044 0.012878869530787448 0.02829917963438209 0.02161582147019674 0.026045493940821444 0.011788160919470759 0.02072956566097007 0.021367068114924167 0.016126504070839497 0.01427267912345507 0.012557884543891777 2.5834439117509973 0.016701834416251237 0.007821193330312929 0.020409021008453064 0.001020769600089787;
 -0.13580643599083236 0.016109465357792077 0.02866508219350821 0.01779761867747957 0.030200973649047464 0.03210452994959316 0.030063015905824424 0.015520794055237251 0.02800217964756069 0.02682007374999007 0.017620525173147557 0.012341632297897956 0.024482279833706464 0.016701834416251237 2.5939364247469854 0.014270958123745712 0.046218419104403205 0.004231661381436052;
 -0.06292114058237477 0.005786750738963053 0.013860629564939445 0.00564415575422282 0.021547388372489335 0.015530286206343205 0.014843620940609807 0.002531979724737424 0.013627227743823401 0.012531455135076702 0.006617485758056938 0.00317869051361416 0.009214008537508103 0.007821193330312929 0.014270958123745712 3.296113709641077 0.016096282764157848 0.003003535962990018;
 -0.251648686804018 0.01557390059844644 0.041368483251819174 0.01708259702661143 0.04923043356783404 0.03802330009049412 0.05465425431313524 0.007732855791251552 0.04210420551276784 0.03262727994379856 0.019130071416859264 0.019639378856548616 0.013449382003527816 0.020409021008453064 0.046218419104403205 0.016096282764157848 2.6529690567543036 0.02706035872734883;
 -0.061262116383514385 -0.0004836165377117063 0.004676755156154074 -0.0004858735662603817 0.007291521831867814 0.0012696980308585838 0.009255646370354519 0.0018534540466498203 0.00282958489430087 0.003820187339130133 -0.0024292334782208126 0.0026015156966951343 -0.002267914811804693 0.001020769600089787 0.004231661381436052 0.003003535962990018 0.02706035872734883 2.566363840947808;
]
solve(n, X, P2, Q2, M2, false)
## Multiplier-12
P3 = 2559*X[1]^2//1000 + 3177*X[1]*X[10]//100000 - 8671*X[1]*X[11]//1000000 + 3463*X[1]*X[12]//500000 + 3349*X[1]*X[13]//1000000 - 253*X[1]*X[14]//25000 + 49*X[1]*X[15]//31250 - 3087*X[1]*X[16]//1000000 + 1987*X[1]*X[17]//1000000 + 2449*X[1]*X[2]//1000000 + 2117*X[1]*X[3]//1000000 + 869*X[1]*X[4]//50000 - 1857*X[1]*X[5]//200000 + 3649*X[1]*X[6]//500000 - 1141*X[1]*X[7]//250000 + 3483*X[1]*X[8]//500000 - 619*X[1]*X[9]//200000 - 3303*X[1]//50000 + 2593*X[10]^2//1000 - 2807*X[10]*X[11]//100000 + 699*X[10]*X[12]//50000 + 269*X[10]*X[13]//62500 + 5899*X[10]*X[14]//1000000 + 617*X[10]*X[15]//50000 + 3331*X[10]*X[16]//100000 + 129*X[10]*X[17]//10000 + 2859*X[10]*X[2]//100000 - 2859*X[10]*X[3]//1000000 + 4379*X[10]*X[4]//100000 + 319*X[10]*X[5]//50000 + 3753*X[10]*X[6]//500000 + 219*X[10]*X[7]//20000 + 3251*X[10]*X[8]//100000 + 1207*X[10]*X[9]//100000 - 5971*X[10]//100000 + 1289*X[11]^2//500 + 1491*X[11]*X[12]//100000 + 5741*X[11]*X[13]//100000 + 279*X[11]*X[14]//12500 + 509*X[11]*X[15]//25000 + 191*X[11]*X[16]//4000 + 2129*X[11]*X[17]//50000 + 4341*X[11]*X[2]//100000 + 1831*X[11]*X[3]//50000 + 4219*X[11]*X[4]//100000 + 2393*X[11]*X[5]//100000 + 6293*X[11]*X[6]//100000 + 1697*X[11]*X[7]//100000 + 4077*X[11]*X[8]//100000 + 3549*X[11]*X[9]//100000 - 413*X[11]//2500 + 3283*X[12]^2//1000 + 8*X[12]*X[13]//625 + 2783*X[12]*X[14]//500000 + 569*X[12]*X[15]//500000 + 67*X[12]*X[16]//4000 + 37*X[12]*X[17]//3125 + 1693*X[12]*X[2]//100000 - 3713*X[12]*X[3]//1000000 + 443*X[12]*X[4]//20000 + 11*X[12]*X[5]//1000 + 169*X[12]*X[6]//6250 + 2721*X[12]*X[7]//500000 + 1617*X[12]*X[8]//100000 + 5941*X[12]*X[9]//1000000 - 2663*X[12]//100000 + 1293*X[13]^2//500 + 2281*X[13]*X[14]//1000000 + 3933*X[13]*X[15]//100000 + 2353*X[13]*X[16]//50000 + 4729*X[13]*X[17]//100000 + 273*X[13]*X[2]//5000 + 1313*X[13]*X[3]//50000 + 1347*X[13]*X[4]//20000 + 2647*X[13]*X[5]//100000 + 9363*X[13]*X[6]//100000 + 267*X[13]*X[7]//20000 + 2511*X[13]*X[8]//50000 + 3989*X[13]*X[9]//100000 - 3171*X[13]//10000 + 322*X[14]^2//125 - 1479*X[14]*X[15]//50000 + 1889*X[14]*X[16]//50000 + 3299*X[14]*X[17]//500000 + 561*X[14]*X[2]//25000 + 6387*X[14]*X[3]//1000000 - 4131*X[14]*X[4]//1000000 + 787*X[14]*X[5]//25000 - 9001*X[14]*X[6]//1000000 + 537*X[14]*X[7]//50000 + 1151*X[14]*X[8]//100000 + 1649*X[14]*X[9]//100000 - 1977*X[14]//50000 + 1283*X[15]^2//500 + 309*X[15]*X[16]//20000 + 619*X[15]*X[17]//20000 + 2679*X[15]*X[2]//100000 + 1537*X[15]*X[3]//100000 + 3577*X[15]*X[4]//100000 + 7851*X[15]*X[5]//1000000 + 827*X[15]*X[6]//20000 + 1171*X[15]*X[7]//100000 + 1489*X[15]*X[8]//50000 + 291*X[15]*X[9]//20000 - 727*X[15]//5000 + 2579*X[16]^2//1000 + 853*X[16]*X[17]//50000 + 247*X[16]*X[2]//5000 + 67*X[16]*X[3]//4000 + 3193*X[16]*X[4]//100000 + 3423*X[16]*X[5]//100000 + 13*X[16]*X[6]//400 + 2249*X[16]*X[7]//100000 + 903*X[16]*X[8]//25000 + 781*X[16]*X[9]//25000 - 479*X[16]//2500 + 1289*X[17]^2//500 + 3381*X[17]*X[2]//100000 + 273*X[17]*X[3]//10000 + 1203*X[17]*X[4]//25000 + 1463*X[17]*X[5]//50000 + 6357*X[17]*X[6]//100000 + 243*X[17]*X[7]//20000 + 933*X[17]*X[8]//20000 + 1553*X[17]*X[9]//50000 - 463*X[17]//2500 + 2581*X[2]^2//1000 + 8037*X[2]*X[3]//1000000 + 1097*X[2]*X[4]//25000 + 1753*X[2]*X[5]//50000 + 2491*X[2]*X[6]//50000 + 2293*X[2]*X[7]//100000 + 3739*X[2]*X[8]//100000 + 3759*X[2]*X[9]//100000 - 119*X[2]//500 + 2563*X[3]^2//1000 + 747*X[3]*X[4]//20000 + 1891*X[3]*X[5]//100000 + 2673*X[3]*X[6]//50000 + 467*X[3]*X[7]//250000 + 453*X[3]*X[8]//12500 + 273*X[3]*X[9]//25000 - 1983*X[3]//10000 + 324*X[4]^2//125 - 1457*X[4]*X[5]//1000000 + 337*X[4]*X[6]//4000 + 1211*X[4]*X[7]//100000 + 1131*X[4]*X[8]//20000 + 1543*X[4]*X[9]//50000 - 357*X[4]//2000 + 2571*X[5]^2//1000 + 1233*X[5]*X[6]//50000 + 819*X[5]*X[7]//50000 + 1437*X[5]*X[8]//50000 + 1187*X[5]*X[9]//50000 - 1057*X[5]//10000 + 1301*X[6]^2//500 + 261*X[6]*X[7]//125000 + 6243*X[6]*X[8]//100000 + 4729*X[6]*X[9]//100000 - 2049*X[6]//10000 + 64*X[7]^2//25 + 241*X[7]*X[8]//20000 + 427*X[7]*X[9]//25000 - 5971*X[7]//100000 + 1291*X[8]^2//500 + 513*X[8]*X[9]//25000 - 357*X[8]//2000 + 2569*X[9]^2//1000 - 479*X[9]//2500 + 661//200
M3 = [1, X[9], X[8], X[7], X[6], X[5], X[4], X[3], X[2], X[17], X[16], X[15], X[14], X[13], X[12], X[11], X[10], X[1]]
Q3 = [3.304588787003305 -0.09446851400164322 -0.08794949797059291 -0.029679104301372224 -0.1022762057045032 -0.054037332602799366 -0.0884123407515358 -0.09794603244193549 -0.11744425976195204 -0.09190538966069543 -0.09647455977652517 -0.07182727954266925 -0.0182328053486288 -0.15699305804282915 -0.012586287654722958 -0.08128215333126838 -0.028596449384362867 -0.033366275390207666;
 -0.09446851400164322 2.5683184840102906 0.009922917148808027 0.007377992866900216 0.023503256733534688 0.01108516992369913 0.016549638236759086 0.0059184250563228315 0.01866783675436764 0.015898474322838647 0.014790643694574073 0.007852728784435554 0.009365744488680267 0.020737688198061537 0.0034708617794797585 0.018367756710524968 0.005229265235978567 -0.0014937005211894364;
 -0.08794949797059291 0.009922917148808027 2.582137132585139 0.0066228092539680535 0.030340066910488482 0.01350366153897081 0.027312529833697644 0.01691814303444274 0.018819931634121777 0.022205416766942047 0.01744403113481916 0.014614091073156461 0.00617945938112173 0.02447758624778329 0.008792209808994813 0.02110065205676644 0.01641343580328318 0.003143501997056648;
