include("utils/util.jl")
include("utils/newtonUpdate.jl")
include("utils/rationalSOS.jl")

X = nothing
eig_tol = 1e-3
tol = 1e-50

SOS_time = 0
Newton_time = 0
function solve(n, X, f, Q, mono,newton)
    global SOS_time, Newton_time
    # Q = round.(Q, digits=2)
    rQ = symplify_rational.(Q)

    model = nothing
    if !newton
        model = rational_SOS(f, 1, 0, mono, rQ)
    else
        Newton_time+=@elapsed update_Q = newton_refine_update(f, mono, Q, eig_tol, 90, tol, X)
        Q_res = symplify_rational.(update_Q*update_Q')
        SOS_time+=@elapsed model = rational_SOS(f, 1, 0, mono, Q_res)
    end
    
    SOSrational_time, coeffs, terms = model[2:end]
    
    @show expand(f-(coeffs' * terms.^2))

    data = Dict(
        "n" => n,
        "expression" => f,
        "coeff" => join([string(c) for c in coeffs], ","),
        "term" => join([string(t) for t in terms], ","),
        "SOSrational_time" => SOSrational_time,
        "SOS_expression" => string(coeffs' * terms.^2)
    )

    # save("src/output/data.json", data)    
end

n = 3
@Symbolics.variables X[1:n]

#H10
# third
## Multiplier-3
P0 = 0
M0 = [1, X[3], X[2], X[1]]
Q0 = [4.823980879378078e-08 -1.1643144462839332e-07 3.1438096441767463e-10 5.680408498485839e-11;
 -1.1643144462839332e-07 3.113186768681098e-07 -2.182475808418394e-09 -1.98925186760874e-09;
 3.1438096441767463e-10 -2.182475808418394e-09 1.1195159512615417e-08 1.8863383922135232e-10;
 5.680408498485839e-11 -1.98925186760874e-09 1.8863383922135232e-10 1.053115953509757e-08;
]
#solve(n, X, P0, Q0, M0, true)
## Multiplier-2
P1 = 0
M1 = [1, X[3], X[2], X[1]]
Q1 = [4.865672986080049e-08 1.4526947759071615e-10 -1.178333717103268e-07 -2.681487140569837e-11;
 1.4526947759071615e-10 1.107443762214976e-08 -2.01915343627521e-09 6.433663481183139e-11;
 -1.178333717103268e-07 -2.01915343627521e-09 3.165282590587226e-07 -1.637500084811601e-09;
 -2.681487140569837e-11 6.433663481183139e-11 -1.637500084811601e-09 1.0791754698484469e-08;
]
#solve(n, X, P1, Q1, M1, true)
## Total Decomposition
P2 = 0
M2 = [1, X[3], X[2], X[1], X[3]^2, X[2]*X[3], X[1]*X[3], X[2]^2, X[1]*X[2], X[1]^2, X[3]^3, X[2]*X[3]^2, X[1]*X[3]^2, X[2]^2*X[3], X[1]*X[2]*X[3], X[1]^2*X[3], X[2]^3, X[1]*X[2]^2, X[1]^2*X[2], X[1]^3]
Q2 = [7.49909262491295e-09 -2.0399523955087853e-08 -2.0493104463517582e-08 -2.0289457137070806e-08 1.7020640672067583e-08 6.612080599797937e-09 6.631017814843219e-09 1.715516632708543e-08 6.605703770079327e-09 1.6800687791957484e-08 2.2274960563375795e-09 -6.714532705269553e-10 -6.856388760926828e-10 -6.850167155589467e-10 -1.631994942182176e-09 -6.755421301118137e-10 2.212014133339309e-09 -6.889739788914099e-10 -6.751642592660758e-10 2.245455083458857e-09;
 -2.0399523955087853e-08 2.469466850035686e-07 -6.9331362544983665e-09 -7.0245872892421315e-09 -2.705687128230217e-07 -2.3394628441332712e-08 -2.3554350646403105e-08 2.4662611058092175e-08 5.308611476548232e-10 2.456727726391053e-08 -7.3894994936148005e-09 1.0217849175413973e-08 1.0224130847727646e-08 -4.714516657007499e-09 3.836928021560406e-09 -4.852512921426222e-09 -8.65151720085905e-09 -1.6854745744486316e-09 -1.6483045282002118e-09 -8.751418856655873e-09;
 -2.0493104463517582e-08 -6.9331362544983665e-09 2.5029033062763975e-07 -6.340535678131864e-09 2.477533710856646e-08 -2.366119135667907e-08 2.567560572549111e-10 -2.7457617782819066e-07 -2.3668804702075397e-08 2.424899923703933e-08 -8.792873818414049e-09 -4.896434649353431e-09 -1.719481003548024e-09 1.026091033891141e-08 3.881935630434877e-09 -1.6766624274987582e-09 -7.3823764595162055e-09 1.0247430399783187e-08 -4.912196893328736e-09 -8.846350985508311e-09;
 -2.0289457137070806e-08 -7.0245872892421315e-09 -6.340535678131864e-09 2.4498717003268544e-07 2.4575208155838945e-08 4.24186723128582e-10 -2.316844184499539e-08 2.4085600461379723e-08 -2.313306925309075e-08 -2.675134827317745e-07 -8.627173441398786e-09 -1.7081760756659366e-09 -4.7264106496165635e-09 -1.6656167405577381e-09 3.969949576066711e-09 1.0187949822662698e-08 -8.582891037230064e-09 -4.661343359188303e-09 1.020433465163033e-08 -7.441762905376942e-09;
 1.7020640672067583e-08 -2.705687128230217e-07 2.477533710856646e-08 2.4575208155838945e-08 3.2609772454217006e-07 -3.607404272394934e-09 -3.585959420179967e-09 -3.6654475703040596e-08 -7.020324049632148e-09 -3.619385516746955e-08 -1.3146356888424332e-20 -8.370122604139039e-09 -8.358312198236863e-09 1.2837885498879035e-08 2.636442690216952e-10 1.299637305029691e-08 8.345255796003588e-09 7.900077053476069e-10 7.386625397031158e-10 8.445165824731763e-09;
 6.612080599797937e-09 -2.3394628441332712e-08 -2.366119135667907e-08 4.24186723128582e-10 -3.607404272394934e-09 1.0730154376788346e-07 6.800009780970756e-09 -3.62091115747788e-09 6.404011997252284e-09 -6.9688397006558215e-09 8.386275454588891e-09 -2.1340381923211524e-08 3.859838883111446e-11 -2.135148128878678e-08 -9.180912567018484e-09 3.785588025432384e-09 8.401587478174033e-09 1.035730541496857e-10 3.811629244493996e-09 -2.99767990836834e-10;
 6.631017814843219e-09 -2.3554350646403105e-08 2.567560572549111e-10 -2.316844184499539e-08 -3.585959420179967e-09 6.800009780970756e-09 1.055006018328986e-07 -6.8702364970692955e-09 6.492236299428686e-09 -3.678275630385283e-09 8.358312198226715e-09 9.655712472573851e-12 -2.127482093371251e-08 3.757938738166096e-09 -9.159645926258268e-09 -2.1279834753065672e-08 -2.6988521482215335e-10 3.786613085072996e-09 7.829667879305363e-11 8.345683036894585e-09;
 1.715516632708543e-08 2.4662611058092175e-08 -2.7457617782819066e-07 2.4085600461379723e-08 -3.6654475703040596e-08 -3.62091115747788e-09 -6.8702364970692955e-09 3.312955250834871e-07 -3.4404190243062396e-09 -3.619665564237051e-08 8.502496424351043e-09 1.3063827695818432e-08 8.464065258172008e-10 -8.379924058889238e-09 2.4322035316382814e-10 7.670685558239568e-10 2.6133499893970696e-21 -8.376037624077152e-09 1.305900551549854e-08 8.547455367253458e-09;
 6.605703770079327e-09 5.308611476548232e-10 -2.3668804702075397e-08 -2.313306925309075e-08 -7.020324049632148e-09 6.404011997252284e-09 6.492236299428686e-09 -3.4404190243062396e-09 1.0609935580819442e-07 -3.3587972407819625e-09 -3.1189837027961316e-10 3.786559597693453e-09 3.7765242612152376e-09 8.316025658360907e-11 -9.166373403797567e-09 1.086121638503587e-10 8.37603762406336e-09 -2.128918014084157e-08 -2.1278114516035067e-08 8.376460438585834e-09;
 1.6800687791957484e-08 2.456727726391053e-08 2.424899923703933e-08 -2.675134827317745e-07 -3.619385516746955e-08 -6.9688397006558215e-09 -3.678275630385283e-09 -3.619665564237051e-08 -3.3587972407819625e-09 3.2101463423600526e-07 8.278447883426006e-09 8.58871099970296e-10 1.2834668928316415e-08 8.010625183981061e-10 1.1285914823252909e-10 -8.34568303690302e-09 8.230174625338121e-09 1.2730659148782845e-08 -8.376460438608352e-09 5.0510130191562605e-21;
 2.2274960563375795e-09 -7.3894994936148005e-09 -8.792873818414049e-09 -8.627173441398786e-09 -1.3146356888424332e-20 8.386275454588891e-09 8.358312198226715e-09 8.502496424351043e-09 -3.1189837027961316e-10 8.278447883426006e-09 7.498976162826042e-09 2.166341929363793e-11 5.212353007747026e-21 -4.555216751370893e-09 -2.87841903074845e-10 -4.543804853866713e-09 3.077027038046746e-10 3.755775346922207e-10 3.776760186757622e-10 3.205660864280124e-10;
 -6.714532705269553e-10 1.0217849175413973e-08 -4.896434649353431e-09 -1.7081760756659366e-09 -8.370122604139039e-09 -2.1340381923211524e-08 9.655712472573851e-12 1.3063827695818432e-08 3.786559597693453e-09 8.58871099970296e-10 2.166341929363793e-11 1.660691263925641e-08 4.263743778529901e-10 -3.0770270380823435e-10 2.464163720014044e-10 -6.363608961876997e-10 -4.552087808728171e-09 -6.102897963469698e-10 -2.350215641429225e-09 3.5842434115663294e-10;
 -6.856388760926828e-10 1.0224130847727646e-08 -1.719481003548024e-09 -4.7264106496165635e-09 -8.358312198236863e-09 3.859838883111446e-11 -2.127482093371251e-08 8.464065258172008e-10 3.7765242612152376e-09 1.2834668928316415e-08 5.212353007747026e-21 4.263743778529901e-10 1.658658587055289e-08 -6.219939066915714e-10 2.586848775104134e-10 -3.205660864314503e-10 3.518068078493854e-10 -2.358322914900128e-09 -6.072488446026092e-10 -4.5415622607191784e-09;
 -6.850167155589467e-10 -4.714516657007499e-09 1.026091033891141e-08 -1.6656167405577381e-09 1.2837885498879035e-08 -2.135148128878678e-08 3.757938738166096e-09 -8.379924058889238e-09 8.316025658360907e-11 8.010625183981061e-10 -4.555216751370893e-09 -3.0770270380823435e-10 -6.219939066915714e-10 1.6603151780290766e-08 2.5848298849790396e-10 -2.348262984174237e-09 -1.9197659816258997e-22 3.2878733868993306e-10 -6.277177111713396e-10 3.7893561243337937e-10;
 -1.631994942182176e-09 3.836928021560406e-09 3.881935630434877e-09 3.969949576066711e-09 2.636442690216952e-10 -9.180912567018484e-09 -9.159645926258268e-09 2.4322035316382814e-10 -9.166373403797567e-09 1.1285914823252909e-10 -2.87841903074845e-10 2.464163720014044e-10 2.586848775104134e-10 2.5848298849790396e-10 2.161257924381111e-08 2.4882450344608346e-10 -3.287873386946692e-10 2.4729183400696827e-10 2.406451695371152e-10 -3.3576477306530877e-10;
 -6.755421301118137e-10 -4.852512921426222e-09 -1.6766624274987582e-09 1.0187949822662698e-08 1.299637305029691e-08 3.785588025432384e-09 -2.1279834753065672e-08 7.670685558239568e-10 1.086121638503587e-10 -8.34568303690302e-09 -4.543804853866713e-09 -6.363608961876997e-10 -3.205660864314503e-10 -2.348262984174237e-09 2.4882450344608346e-10 1.6582100684264566e-08 3.8042587718080154e-10 -6.195807819647389e-10 3.3576477305698553e-10 3.038673962420444e-21;
 2.212014133339309e-09 -8.65151720085905e-09 -7.3823764595162055e-09 -8.582891037230064e-09 8.345255796003588e-09 8.401587478174033e-09 -2.6988521482215335e-10 2.6133499893970696e-21 8.37603762406336e-09 8.230174625338121e-09 3.077027038046746e-10 -4.552087808728171e-09 3.518068078493854e-10 -1.9197659816258997e-22 -3.287873386946692e-10 3.8042587718080154e-10 7.49897616282111e-09 -1.1591195409800048e-21 -4.549784060039122e-09 3.2065068022576613e-10;
 -6.889739788914099e-10 -1.6854745744486316e-09 1.0247430399783187e-08 -4.661343359188303e-09 7.900077053476069e-10 1.035730541496857e-10 3.786613085072996e-09 -8.376037624077152e-09 -2.128918014084157e-08 1.2730659148782845e-08 3.755775346922207e-10 -6.102897963469698e-10 -2.358322914900128e-09 3.2878733868993306e-10 2.4729183400696827e-10 -6.195807819647389e-10 -1.1591195409800048e-21 1.6598544282907217e-08 -3.2065068021886377e-10 -4.548241335204176e-09;
 -6.751642592660758e-10 -1.6483045282002118e-09 -4.912196893328736e-09 1.020433465163033e-08 7.386625397031158e-10 3.811629244493996e-09 7.829667879305363e-11 1.305900551549854e-08 -2.1278114516035067e-08 -8.376460438608352e-09 3.776760186757622e-10 -2.350215641429225e-09 -6.072488446026092e-10 -6.277177111713396e-10 2.406451695371152e-10 3.3576477305698553e-10 -4.549784060039122e-09 -3.2065068021886377e-10 1.6595458833225405e-08 -4.904879817833975e-22;
 2.245455083458857e-09 -8.751418856655873e-09 -8.846350985508311e-09 -7.441762905376942e-09 8.445165824731763e-09 -2.99767990836834e-10 8.345683036894585e-09 8.547455367253458e-09 8.376460438585834e-09 5.0510130191562605e-21 3.205660864280124e-10 3.5842434115663294e-10 -4.5415622607191784e-09 3.7893561243337937e-10 -3.3576477306530877e-10 3.038673962420444e-21 3.2065068022576613e-10 -4.548241335204176e-09 -4.904879817833975e-22 7.498976162821033e-09;
]
#solve(n, X, P2, Q2, M2, true)
## Multiplier-1
P3 = 0
M3 = [1, X[3], X[2], X[1]]
Q3 = [4.80466202518545e-08 1.5610516477214724e-10 2.234332793123353e-10 -1.1540817148414179e-07;
 1.5610516477214724e-10 1.092178126601043e-08 1.6790006579446786e-10 -2.0822721564225135e-09;
 2.234332793123353e-10 1.6790006579446786e-10 1.1265400547667827e-08 -1.8628145689739573e-09;
 -1.1540817148414179e-07 -2.0822721564225135e-09 -1.8628145689739573e-09 3.0704937371944987e-07;
]
#solve(n, X, P3, Q3, M3, true)
# second
## Multiplier-3
P4 = 25233*X[1]^2//5000 - 11171*X[1]*X[2]//100000 - 13377*X[1]*X[3]//250000 + 5871*X[1]//5000 + 12579*X[2]^2//2500 - 21311*X[2]*X[3]//100000 - 55517*X[2]//100000 + 2457*X[3]^2//400 - 2991*X[3]//2500 + 2669//250
M4 = [1, X[3], X[2], X[1]]
Q4 = [10.67587452351863 -0.5973786173269393 -0.2813134768059087 0.5843767968750945;
 -0.5973786173269393 6.141938992438714 -0.10754841156030338 -0.026207739985263375;
 -0.2813134768059087 -0.10754841156030338 5.032240294091911 -0.05745024527974694;
 0.5843767968750945 -0.026207739985263375 -0.05745024527974694 5.046358845079718;
]
solve(n, X, P4, Q4, M4, true)
## Multiplier-2
P5 = 247*X[1]^2//50 - 2003*X[1]*X[2]//10000 - 1943*X[1]*X[3]//250000 - 213*X[1]//1250 + 2903*X[2]^2//500 - 699*X[2]*X[3]//5000 + 1333*X[2]//10000 + 4939*X[3]^2//1000 - 4073*X[3]//50000 + 1851//500
M5 = [1, X[3], X[2], X[1]]
Q5 = [3.7022590443581094 -0.040952305582818316 0.0679177777656372 -0.08364567058709357;
 -0.040952305582818316 4.939357321261519 -0.06783927695658094 -0.0019289683880333586;
 0.0679177777656372 -0.06783927695658094 5.80570764491173 -0.09762477157934912;
 -0.08364567058709357 -0.0019289683880333586 -0.09762477157934912 4.939953229104769;
]
solve(n, X, P5, Q5, M5, true)
## Total Decomposition
P6 = 6187*X[1]^4//1000 + 2573*X[1]^3*X[2]//5000 - 297*X[1]^3*X[3]//25000 + 7567*X[1]^3//10000 + 1063*X[1]^2*X[2]^2//100 + 1817*X[1]^2*X[2]*X[3]//2000 + 1689*X[1]^2*X[2]//2500 + 101*X[1]^2*X[3]^2//10 - 2179*X[1]^2*X[3]//100000 + 2091*X[1]^2//250 + 3057*X[1]*X[2]^3//5000 + 1161*X[1]*X[2]^2*X[3]//5000 + 97*X[1]*X[2]^2//250 + 9387*X[1]*X[2]*X[3]^2//10000 - 661*X[1]*X[2]*X[3]//5000 + 3319*X[1]*X[2]//5000 - 3351*X[1]*X[3]^3//50000 + 4857*X[1]*X[3]^2//10000 - 697*X[1]*X[3]//500 - 517*X[1]//1000 + 6593*X[2]^4//1000 + 1497*X[2]^3*X[3]//2500 + 4587*X[2]^3//10000 + 261*X[2]^2*X[3]^2//25 - 2217*X[2]^2*X[3]//10000 + 3677*X[2]^2//500 + 4227*X[2]*X[3]^3//10000 + 823*X[2]*X[3]^2//1000 + 4661*X[2]*X[3]//10000 + 729*X[2]//1000 + 6053*X[3]^4//1000 + 1019*X[3]^3//2000 + 163*X[3]^2//20 - 69*X[3]//100 + 51//125
M6 = [1, X[3], X[2], X[1], X[3]^2, X[2]*X[3], X[1]*X[3], X[2]^2, X[1]*X[2], X[1]^2]
Q6 = [0.40791537589557425 -0.34514964346670113 0.36423922765114164 -0.2587384755075824 0.16203968605342095 0.014448372107371366 -0.0643028927517603 0.15437931130001575 0.02762745935655948 0.1682764452196151;
 -0.34514964346670113 7.826328247518725 0.22297127231790365 -0.6301519635017575 0.2541346226860007 0.2616230062307533 0.14804324734913615 -0.06511566227508002 -0.03128941459603079 -0.028773505530066013;
 0.36423922765114164 0.22297127231790365 7.045353557968032 0.30259391120256707 0.1513333086479835 -0.04641399640061321 -0.012520990826617857 0.22941667801329962 0.0889131337789028 0.12737605476351793;
 -0.2587384755075824 -0.6301519635017575 0.30259391120256707 8.026319635626441 0.09609402373346637 -0.027702917308027066 0.019049736869156942 0.09948196427456014 0.21176647287379644 0.3784773093540722;
 0.16203968605342095 0.2541346226860007 0.1513333086479835 0.09609402373346637 6.052870501141609 0.21344299614980508 -0.0345863266862101 0.9636329935340034 0.21257288448987843 0.875305412199514;
 0.014448372107371366 0.2616230062307533 -0.04641399640061321 -0.027702917308027066 0.21344299614980508 8.513941519616347 0.2523614785875508 0.29566136734290666 0.08002456522907661 0.2121353223510222;
 -0.0643028927517603 0.14804324734913615 -0.012520990826617857 0.019049736869156942 -0.0345863266862101 0.2523614785875508 8.347266454734854 0.029185591473891395 0.24207211922911037 -0.005896794346061227;
 0.15437931130001575 -0.06511566227508002 0.22941667801329962 0.09948196427456014 0.9636329935340034 0.29566136734290666 0.029185591473891395 6.592486579313085 0.30450520919482277 1.0210283094831345;
 0.02762745935655948 -0.03128941459603079 0.0889131337789028 0.21176647287379644 0.21257288448987843 0.08002456522907661 0.24207211922911037 0.30450520919482277 8.577694793951785 0.2579803248987214;
 0.1682764452196151 -0.028773505530066013 0.12737605476351793 0.3784773093540722 0.875305412199514 0.2121353223510222 -0.005896794346061227 1.0210283094831345 0.2579803248987214 6.186103171818718;
]
solve(n, X, P6, Q6, M6, true)
## Multiplier-1
P7 = 6089*X[1]^2//1000 - 2211*X[1]*X[2]//10000 - 8817*X[1]*X[3]//100000 - 673*X[1]//500 + 2493*X[2]^2//500 - 553*X[2]*X[3]//5000 - 2583*X[2]//5000 + 2519*X[3]^2//500 + 1069*X[3]//1000 + 461//50
M7 = [1, X[3], X[2], X[1]]
Q7 = [9.219531260546837 0.537035382133476 -0.2593277263153922 -0.6769288787149136;
 0.537035382133476 5.038252532017968 -0.05405006924799053 -0.04447898847933545;
 -0.2593277263153922 -0.05405006924799053 4.985489595198924 -0.10908996209767806;
 -0.6769288787149136 -0.04447898847933545 -0.10908996209767806 6.090145906058112;
]
solve(n, X, P7, Q7, M7, true)
# seventh
## Multiplier-3
P8 = 371*X[1]^2//1000 - 729*X[1]*X[2]//100000 - 351*X[1]*X[3]//10000 - 957*X[1]//100000 + 371*X[2]^2//1000 - 351*X[2]*X[3]//10000 - 957*X[2]//100000 + 441*X[3]^2//1000 - 363*X[3]//5000 + 399//1000
M8 = [1, X[3], X[2], X[1]]
Q8 = [0.3986854054640828 -0.03633410619965725 -0.004772988020203648 -0.004772988020203407;
 -0.03633410619965725 0.44084140972489894 -0.017329871552465605 -0.017329871552465966;
 -0.004772988020203648 -0.017329871552465605 0.37051925020549253 -0.0037708021395336006;
 -0.004772988020203407 -0.017329871552465966 -0.0037708021395336006 0.37051925020549203;
]
solve(n, X, P8, Q8, M8, true)
## Multiplier-2
P9 = 371*X[1]^2//1000 - 173*X[1]*X[2]//5000 - 91*X[1]*X[3]//12500 - 957*X[1]//100000 + 441*X[2]^2//1000 - 173*X[2]*X[3]//5000 - 363*X[2]//5000 + 37*X[3]^2//100 - 957*X[3]//100000 + 399//1000
M9 = [1, X[3], X[2], X[1]]
Q9 = [0.39868540546408215 -0.004772988020203438 -0.0363341061996556 -0.0047729880202028565;
 -0.004772988020203438 0.3705192502054922 -0.01732987155246614 -0.0037708021395337714;
 -0.0363341061996556 -0.01732987155246614 0.44084140972489705 -0.01732987155246634;
 -0.0047729880202028565 -0.0037708021395337714 -0.01732987155246634 0.3705192502054926;
]
solve(n, X, P9, Q9, M9, true)
## Total Decomposition
P10 = 881*X[1]^4//2000 - 3423*X[1]^3*X[2]//100000 - 108*X[1]^3*X[3]//3125 + 921*X[1]^3//2500 + 7413*X[1]^2*X[2]^2//10000 - 1967*X[1]^2*X[2]*X[3]//250000 + 327*X[1]^2*X[2]//1000 + 3707*X[1]^2*X[3]^2//5000 + 327*X[1]^2*X[3]//1000 + 3263*X[1]^2//10000 - 857*X[1]*X[2]^3//25000 - 2007*X[1]*X[2]^2*X[3]//250000 + 327*X[1]*X[2]^2//1000 - 3991*X[1]*X[2]*X[3]^2//500000 - 2299*X[1]*X[2]*X[3]//100000 - 1841*X[1]*X[2]//100000 - 139*X[1]*X[3]^3//4000 + 204*X[1]*X[3]^2//625 - 941*X[1]*X[3]//50000 + 1991*X[1]//5000 + 881*X[2]^4//2000 - 3473*X[2]^3*X[3]//100000 + 919*X[2]^3//2500 + 3703*X[2]^2*X[3]^2//5000 + 817*X[2]^2*X[3]//2500 + 651*X[2]^2//2000 - 871*X[2]*X[3]^3//25000 + 3259*X[2]*X[3]^2//10000 - 941*X[2]*X[3]//50000 + 1991*X[2]//5000 + 4407*X[3]^4//10000 + 147*X[3]^3//400 + 3257*X[3]^2//10000 + 1991*X[3]//5000 + 1021//1000
M10 = [1, X[3], X[2], X[1], X[3]^2, X[2]*X[3], X[1]*X[3], X[2]^2, X[1]*X[2], X[1]^2]
Q10 = [1.021076679228569 0.1993427027043669 0.19934270270436721 0.19934270270436846 -0.126668731936538 -0.08090580150240877 -0.08090580150240986 -0.1266687319365374 -0.0809058015024099 -0.12666873193653844;
 0.1993427027043669 0.5793546569378434 0.0713598254620037 0.07135982546200406 0.1840865986351184 0.09350639130578284 0.09350639130578355 0.06965037419662086 -0.0037708021395336357 0.06965037419662046;
 0.19934270270436721 0.0713598254620037 0.579354656937843 0.07135982546200345 0.06965037419662028 0.09350639130578306 -0.003770802139533552 0.18408659863511784 0.09350639130578355 0.06965037419662089;
 0.19934270270436846 0.07135982546200406 0.07135982546200345 0.5793546569378444 0.06965037419662055 -0.0037708021395335784 0.09350639130578273 0.06965037419662104 0.09350639130578355 0.18408659863511756;
 -0.126668731936538 0.1840865986351184 0.06965037419662028 0.06965037419662055 0.4408414097248967 -0.017329871552466212 -0.017329871552466486 0.08452824982079242 0.010215114536429589 0.08452824982079286;
 -0.08090580150240877 0.09350639130578284 0.09350639130578306 -0.0037708021395335784 -0.017329871552466212 0.571982000714053 -0.013985916675963531 -0.017329871552465865 -0.01398591667596313 0.010215114536428834;
 -0.08090580150240986 0.09350639130578355 -0.003770802139533552 0.09350639130578273 -0.017329871552466486 -0.013985916675963531 0.5719820007140523 0.010215114536429232 -0.013985916675962544 -0.01732987155246577;
 -0.1266687319365374 0.06965037419662086 0.18408659863511784 0.06965037419662104 0.08452824982079242 -0.017329871552465865 0.010215114536429232 0.44084140972489844 -0.01732987155246604 0.08452824982079178;
 -0.0809058015024099 -0.0037708021395336357 0.09350639130578355 0.09350639130578355 0.010215114536429589 -0.01398591667596313 -0.013985916675962544 -0.01732987155246604 0.5719820007140518 -0.017329871552466142;
 -0.12666873193653844 0.06965037419662046 0.06965037419662089 0.18408659863511756 0.08452824982079286 0.010215114536428834 -0.01732987155246577 0.08452824982079178 -0.017329871552466142 0.4408414097248989;
]
solve(n, X, P10, Q10, M10, true)
## Multiplier-1
P11 = 441*X[1]^2//1000 - 343*X[1]*X[2]//10000 - 173*X[1]*X[3]//5000 - 363*X[1]//5000 + 37*X[2]^2//100 - 91*X[2]*X[3]//12500 - 957*X[2]//100000 + 37*X[3]^2//100 - 957*X[3]//100000 + 399//1000
M11 = [1, X[3], X[2], X[1]]
Q11 = [0.3986854054640829 -0.0047729880202034185 -0.0047729880202037715 -0.03633410619965665;
 -0.0047729880202034185 0.37051925020549237 -0.0037708021395334713 -0.017329871552466018;
 -0.0047729880202037715 -0.0037708021395334713 0.37051925020549337 -0.017329871552465584;
 -0.03633410619965665 -0.017329871552466018 -0.017329871552465584 0.4408414097248981;
]
solve(n, X, P11, Q11, M11, true)
# eighth
## Multiplier-3
P12 = 0
M12 = [1, X[3], X[2], X[1]]
Q12 = [3.9721622695269854e-05 -6.194435254518815e-05 -5.211091434059842e-06 -5.2955467955612415e-06;
 -6.194435254518815e-05 0.00012273163919549352 -4.957918391287489e-06 -4.8321764869432336e-06;
 -5.211091434059842e-06 -4.957918391287489e-06 2.2826056713010283e-05 -8.212836212590298e-06;
 -5.2955467955612415e-06 -4.8321764869432336e-06 -8.212836212590298e-06 2.290874782496538e-05;
]
#solve(n, X, P12, Q12, M12, true)
## Multiplier-2
P13 = 0
M13 = [1, X[3], X[2], X[1]]
Q13 = [3.9700869047865696e-05 -5.226956390111583e-06 -6.192451273211347e-05 -5.266591281845729e-06;
 -5.226956390111583e-06 2.275939935151571e-05 -4.949066282485374e-06 -8.142768450737841e-06;
 -6.192451273211347e-05 -4.949066282485374e-06 0.00012280890771421797 -4.9320236908776216e-06;
 -5.266591281845729e-06 -8.142768450737841e-06 -4.9320236908776216e-06 2.288867576399321e-05;
]
#solve(n, X, P13, Q13, M13, true)
## Total Decomposition
P14 = 0
M14 = [1, X[3], X[2], X[1], X[3]^2, X[2]*X[3], X[1]*X[3], X[2]^2, X[1]*X[2], X[1]^2]
Q14 = [3.574718028424539e-05 -4.357591037457684e-05 -4.354026231398862e-05 -4.362736215631329e-05 3.425832477874525e-05 5.39274469090024e-06 5.449367040789438e-06 3.424252497702677e-05 5.41959579306973e-06 3.429862320607565e-05;
 -4.357591037457684e-05 0.00015796336974401265 6.522782051616351e-07 8.212685598896044e-07 -0.00012944654878960653 -1.4253703419524455e-05 -1.4406743660921757e-05 1.9796378305468515e-06 8.986694109438138e-06 1.8972727336483426e-06;
 -4.354026231398862e-05 6.522782051616351e-07 0.00015798733077606613 6.8690056352699e-07 1.9788756201768472e-06 -1.4316403454869316e-05 9.043538438722253e-06 -0.00012946871019025067 -1.4360609124766975e-05 1.9627074569858526e-06;
 -4.362736215631329e-05 8.212685598896044e-07 6.8690056352699e-07 0.00015818978340407987 1.8976814769149036e-06 8.997252723743988e-06 -1.4446124617835655e-05 1.963949502435188e-06 -1.4336802407690442e-05 -0.00012962393328311148;
 3.425832477874525e-05 -0.00012944654878960653 1.9788756201768472e-06 1.8976814769149036e-06 0.00012273178132421163 -4.957935642480949e-06 -4.832148838767986e-06 5.71475985658343e-06 -9.972770750814418e-06 5.731618826841822e-06;
 5.39274469090024e-06 -1.4253703419524455e-05 -1.4316403454869316e-05 8.997252723743988e-06 -4.957935642480949e-06 3.4155169602361615e-05 1.7598722783024823e-06 -4.9493117198187616e-06 1.8420811835606693e-06 -9.983513411767192e-06;
 5.449367040789438e-06 -1.4406743660921757e-05 9.043538438722253e-06 -1.4446124617835655e-05 -4.832148838767986e-06 1.7598722783024823e-06 3.422546258410565e-05 -9.98486220168555e-06 1.7682193902705827e-06 -4.827772550662185e-06;
 3.424252497702677e-05 1.9796378305468515e-06 -0.00012946871019025067 1.963949502435188e-06 5.71475985658343e-06 -4.9493117198187616e-06 -9.98486220168555e-06 0.0001228089322907125 -4.931993769806646e-06 5.728301670100156e-06;
 5.41959579306973e-06 8.986694109438138e-06 -1.4360609124766975e-05 -1.4336802407690442e-05 -9.972770750814418e-06 1.8420811835606693e-06 1.7682193902705827e-06 -4.931993769806646e-06 3.425957388264033e-05 -4.936804140763835e-06;
 3.429862320607565e-05 1.8972727336483426e-06 1.9627074569858526e-06 -0.00012962393328311148 5.731618826841822e-06 -9.983513411767192e-06 -4.827772550662185e-06 5.728301670100156e-06 -4.936804140763835e-06 0.0001229228766439256;
]
#solve(n, X, P14, Q14, M14, true)
## Multiplier-1
P15 = 0
M15 = [1, X[3], X[2], X[1]]
Q15 = [3.973522594093246e-05 -5.2609020510316306e-06 -5.2163305323728255e-06 -6.201699587505951e-05;
 -5.2609020510316306e-06 2.278089614174029e-05 -8.21507541319075e-06 -4.8281625267850306e-06;
 -5.2163305323728255e-06 -8.21507541319075e-06 2.2828373239377036e-05 -4.936769868447642e-06;
 -6.201699587505951e-05 -4.8281625267850306e-06 -4.936769868447642e-06 0.00012292306639832644;
]
#solve(n, X, P15, Q15, M15, true)
# first
## Total Decomposition
P16 = 1677*X[1]^4//1000 - 579*X[1]^3*X[2]//100000 + 1577*X[1]^3*X[3]//200000 + 233*X[1]^3//200 + 3349*X[1]^2*X[2]^2//1000 - 6453*X[1]^2*X[2]*X[3]//1000000 + 561*X[1]^2*X[2]//500 + 3363*X[1]^2*X[3]^2//1000 + 1251*X[1]^2*X[3]//1000 + 3263*X[1]^2//1000 - 2371*X[1]*X[2]^3//500000 + 1653*X[1]*X[2]^2*X[3]//250000 + 577*X[1]*X[2]^2//500 - 213*X[1]*X[2]*X[3]^2//40000 - 5207*X[1]*X[2]*X[3]//10000000 - 5619*X[1]*X[2]//10000 + 6599*X[1]*X[3]^3//1000000 + 148*X[1]*X[3]^2//125 - 4613*X[1]*X[3]//5000 - 3193*X[1]//5000 + 1671*X[2]^4//1000 - 1689*X[2]^3*X[3]//500000 + 559*X[2]^3//500 + 671*X[2]^2*X[3]^2//200 + 307*X[2]^2*X[3]//250 + 721*X[2]^2//200 - 1687*X[2]*X[3]^3//500000 + 563*X[2]*X[3]^2//500 - 5421*X[2]*X[3]//10000 - 7663*X[2]//10000 + 337*X[3]^4//200 + 156*X[3]^3//125 + 643*X[3]^2//200 - 501*X[3]//500 + 387//200
M16 = [1, X[3], X[2], X[1], X[3]^2, X[2]*X[3], X[1]*X[3], X[2]^2, X[1]*X[2], X[1]^2]
Q16 = [1.935107388165742 -0.5010905888457817 -0.3831131107428234 -0.31858721942970186 -0.04492188718151896 -0.29324556114429606 -0.35934159393879334 0.054600569269388693 -0.26262110440700437 0.0009400147946898299;
 -0.5010905888457817 3.3042193658698458 0.022172153558686045 -0.1027150540948814 0.6231593148627148 0.3799542571350992 0.41860307988572315 0.1701603645207587 0.002381779322999831 0.18284517216553584;
 -0.3831131107428234 0.022172153558686045 3.496914897760616 -0.017539321242608204 0.18381363748468094 0.44394642017015196 0.014359344744013845 0.5589006558357873 0.4108227270869696 0.18424403722857444;
 -0.31858721942970186 -0.1027150540948814 -0.017539321242608204 3.2635172513764643 0.17095498743685497 -0.018608202449597516 0.4399206076965114 0.1662964552336577 0.3757439675603913 0.5834599644865373;
 -0.04492188718151896 0.6231593148627148 0.18381363748468094 0.17095498743685497 1.684309067638702 -0.002092645693905214 0.0028522839176870467 0.20666186303408235 -0.009476617547230462 0.2056012870830773;
 -0.29324556114429606 0.3799542571350992 0.44394642017015196 -0.018608202449597516 -0.002092645693905214 2.9413746402534446 0.0068499009408648625 -0.002092645693905156 0.015279874547314576 -0.013234270234998192;
 -0.35934159393879334 0.41860307988572315 0.014359344744013845 0.4399206076965114 0.0028522839176870467 0.0068499009408648625 2.9509239232745417 -0.012427590629627738 0.011141624541092944 0.002852283917687098;
 0.054600569269388693 0.1701603645207587 0.5589006558357873 0.1662964552336577 0.20666186303408235 -0.002092645693905156 -0.012427590629627738 1.6703892986829028 -0.002626716606365737 0.20861095996017842;
 -0.26262110440700437 0.002381779322999831 0.4108227270869696 0.3757439675603913 -0.009476617547230462 0.015279874547314576 0.011141624541092944 -0.002626716606365737 2.930984808564538 -0.0026267166063657097;
 0.0009400147946898299 0.18284517216553584 0.18424403722857444 0.5834599644865373 0.2056012870830773 -0.013234270234998192 0.002852283917687098 0.20861095996017842 -0.0026267166063657097 1.6778174298019946;
]
solve(n, X, P16, Q16, M16, true)
## Multiplier-1
P17 = 839*X[1]^2//500 - 2361*X[1]*X[2]//500000 + 2659*X[1]*X[3]//500000 - 2543*X[1]//5000 + 167*X[2]^2//100 - 4039*X[2]*X[3]//1000000 - 5531*X[2]//10000 + 337*X[3]^2//200 - 2197*X[3]//5000 + 2469//1000
M17 = [1, X[3], X[2], X[1]]
Q17 = [2.4694086306037573 -0.2189952189566359 -0.2762939935056653 -0.2554487504144592;
 -0.2189952189566359 1.6843090676387018 -0.002092645693905372 0.002852283917686946;
 -0.2762939935056653 -0.002092645693905372 1.670389298682904 -0.0026267166063656546;
 -0.2554487504144592 0.002852283917686946 -0.0026267166063656546 1.6778174298019939;
]
solve(n, X, P17, Q17, M17, true)
# fifth
## Multiplier-3
P18 = 187*X[1]^2//125 - 449*X[1]*X[2]//125000 - 647*X[1]*X[3]//5000 - 1209*X[1]//25000 + 189*X[2]^2//125 - 93*X[2]*X[3]//1000 - 1561*X[2]//10000 + 1803*X[3]^2//1000 - 3211*X[3]//5000 + 3001//1000
M18 = [1, X[3], X[2], X[1]]
Q18 = [3.0012154853519726 -0.32100785468253595 -0.07865863794008596 -0.023406958514000605;
 -0.32100785468253595 1.803065775470796 -0.04614311993609151 -0.06500964353382471;
 -0.07865863794008596 -0.04614311993609151 1.5114496186011492 -0.0015844940550374014;
 -0.023406958514000605 -0.06500964353382471 -0.0015844940550374014 1.4962519939268275;
]
solve(n, X, P18, Q18, M18, true)
## Multiplier-2
P19 = 151*X[1]^2//100 - 1007*X[1]*X[2]//10000 - 2287*X[1]*X[3]//1000000 - 703*X[1]//5000 + 911*X[2]^2//500 - 1949*X[2]*X[3]//20000 - 1609*X[2]//2500 + 189*X[3]^2//125 - 1461*X[3]//10000 + 338//125
M19 = [1, X[3], X[2], X[1]]
Q19 = [2.703787637491376 -0.0738484463838003 -0.321855708357807 -0.07036680585522705;
 -0.0738484463838003 1.5117341886819353 -0.04784451281012585 -0.0013342234605463743;
 -0.321855708357807 -0.04784451281012585 1.8224420732948619 -0.05009131542807305;
 -0.07036680585522705 -0.0013342234605463743 -0.05009131542807305 1.5095172740580023;
]
solve(n, X, P19, Q19, M19, true)
## Total Decomposition
P20 = 447*X[1]^4//250 - 8707*X[1]^3*X[2]//100000 - 23*X[1]^3*X[3]//200 + 257*X[1]^3//200 + 3023*X[1]^2*X[2]^2//1000 + 1009*X[1]^2*X[2]*X[3]//1000000 + 629*X[1]^2*X[2]//500 + 3*X[1]^2*X[3]^2 + 651*X[1]^2*X[3]//500 + 443*X[1]^2//200 - 503*X[1]*X[2]^3//5000 - 527*X[1]*X[2]^2*X[3]//500000 + 1273*X[1]*X[2]^2//1000 - 2467*X[1]*X[2]*X[3]^2//1000000 + 2153*X[1]*X[2]*X[3]//10000000 + 2033*X[1]*X[2]//10000 - 1287*X[1]*X[3]^3//10000 + 53*X[1]*X[3]^2//40 - 1033*X[1]*X[3]//10000 - 379*X[1]//5000 + 911*X[2]^4//500 - 4657*X[2]^3*X[3]//50000 + 589*X[2]^3//500 + 378*X[2]^2*X[3]^2//125 + 127*X[2]^2*X[3]//100 + 2513*X[2]^2//1000 - 4563*X[2]*X[3]^3//50000 + 631*X[2]*X[3]^2//500 + 291*X[2]*X[3]//2000 - 123*X[2]//1000 + 1803*X[3]^4//1000 + 1163*X[3]^3//1000 + 287*X[3]^2//125 - 147*X[3]//1000 + 27//250
M20 = [1, X[3], X[2], X[1], X[3]^2, X[2]*X[3], X[1]*X[3], X[2]^2, X[1]*X[2], X[1]^2]
Q20 = [0.10774500264999294 -0.07313069808267791 -0.06146605094703624 -0.03786534958745048 0.013233303616180572 -0.04228828971038672 -0.05716457431499948 0.02777995198816768 -0.03785024688927655 0.004437987842998044;
 -0.07313069808267791 2.2693018575986255 0.11554556779050099 0.005009343062186672 0.580525032419057 0.32924836155426385 0.3710367476622035 0.27146073878459653 -0.010555626118397464 0.29272714196885374;
 -0.06146605094703624 0.11554556779050099 2.4577236279065637 0.1399410610509798 0.3018169742767221 0.36257111068824827 0.011606711192775449 0.5893653276558182 0.36329878471974836 0.310813949609706;
 -0.03786534958745048 0.005009343062186672 0.1399410610509798 2.206412980432843 0.29157848338846254 -0.003121790371215429 0.358219485265544 0.27361839385739284 0.31949099059390873 0.642833857387033;
 0.013233303616180572 0.580525032419057 0.3018169742767221 0.29157848338846254 1.803065775470798 -0.04614311993609083 -0.06500964353382523 0.2841124612921356 0.01292791707243497 0.28430143672226893;
 -0.04228828971038672 0.32924836155426385 0.36257111068824827 -0.003121790371215429 -0.04614311993609083 2.454958883431201 -0.014512411127471826 -0.04784451281012547 -0.019844446852056642 0.018392652869366866;
 -0.05716457431499948 0.3710367476622035 0.011606711192775449 0.358219485265544 -0.06500964353382523 -0.014512411127471826 2.429712786679282 0.018510223391510466 -0.01754464065062291 -0.0581544651310951;
 0.02777995198816768 0.27146073878459653 0.5893653276558182 0.27361839385739284 0.2841124612921356 -0.04784451281012547 0.018510223391510466 1.8224420732948612 -0.050091315428072346 0.29039664867108317;
 -0.03785024688927655 -0.010555626118397464 0.36329878471974836 0.31949099059390873 0.01292791707243497 -0.019844446852056642 -0.01754464065062291 -0.050091315428072346 2.443474576436713 -0.04338522797066309;
 0.004437987842998044 0.29272714196885374 0.310813949609706 0.642833857387033 0.28430143672226893 0.018392652869366866 -0.0581544651310951 0.29039664867108317 -0.04338522797066309 1.7884682304613644;
]
solve(n, X, P20, Q20, M20, true)
## Multiplier-1
P21 = 447*X[1]^2//250 - 4359*X[1]*X[2]//50000 - 289*X[1]*X[3]//2500 - 5039*X[1]//10000 + 303*X[2]^2//200 + 2467*X[2]*X[3]//1000000 - 329*X[2]//2000 + 751*X[3]^2//500 - 7959*X[3]//100000 + 2653//1000
M21 = [1, X[3], X[2], X[1]]
Q21 = [2.6527882174837707 -0.03902490396411616 -0.08106846822091905 -0.2514002572098435;
 -0.03902490396411616 1.5020636674646002 0.000848012218743141 -0.05815446513109579;
 -0.08106846822091905 0.000848012218743141 1.514750600988496 -0.04338522797066279;
 -0.2514002572098435 -0.05815446513109579 -0.04338522797066279 1.788468230461364;
]
solve(n, X, P21, Q21, M21, true)
# fourth
## Multiplier-3
P22 = 221*X[1]^2//1000 + 57*X[1]*X[2]//125 + 513*X[1]*X[3]//1000 - 87*X[1]//5000 + 47*X[2]^2//200 + 66*X[2]*X[3]//125 - 9*X[2]//500 + 297*X[3]^2//1000 - 101*X[3]//5000 + 343//1000000
M22 = [1, X[3], X[2], X[1]]
Q22 = [0.0003473954020226205 -0.010165112256700007 -0.009035209087841592 -0.008776010302698218;
 -0.010165112256700007 0.2974950831544558 0.2643187430369286 0.2567381836047661;
 -0.009035209087841592 0.2643187430369286 0.23527948514135302 0.22835986338451777;
 -0.008776010302698218 0.2567381836047661 0.22835986338451777 0.2219717133190627;
]
solve(n, X, P22, Q22, M22, true)
## Multiplier-2
P23 = 117*X[1]^2//500 + 121*X[1]*X[2]//250 + 27*X[1]*X[3]//50 - 23*X[1]//1250 + X[2]^2//4 + 279*X[2]*X[3]//500 - 19*X[2]//1000 + 311*X[3]^2//1000 - 211*X[3]//10000 + 359//1000000
M23 = [1, X[3], X[2], X[1]]
Q23 = [0.00036733403424658444 -0.01068436480008658 -0.009588316506767874 -0.009272494369575389;
 -0.01068436480008658 0.31108809124944425 0.27883558891185184 0.26975929002140325;
 -0.009588316506767874 0.27883558891185184 0.2503148632536961 0.24200107505528431;
 -0.009272494369575389 0.26975929002140325 0.24200107505528431 0.23428507558273537;
]
solve(n, X, P23, Q23, M23, true)
## Total Decomposition
P24 = 223*X[1]^4//1000 + 413*X[1]^3*X[2]//1000 + 64*X[1]^3*X[3]//125 - 17*X[1]^3//1250 + 339*X[1]^2*X[2]^2//1000 + 389*X[1]^2*X[2]*X[3]//1000 - 217*X[1]^2*X[2]//5000 + 13*X[1]^2*X[3]^2//25 + 51*X[1]^2*X[3]//5000 + 7*X[1]^2//25 + 89*X[1]*X[2]^3//250 + 11*X[1]*X[2]^2*X[3]//40 - 169*X[1]*X[2]^2//2000 + 41*X[1]*X[2]*X[3]^2//125 - 129*X[1]*X[2]*X[3]//5000 + 579*X[1]*X[2]//1000 + 523*X[1]*X[3]^3//1000 + 347*X[1]*X[3]^2//10000 + 129*X[1]*X[3]//200 - 11*X[1]//500 + 209*X[2]^4//1000 + 43*X[2]^3*X[3]//100 - 559*X[2]^3//10000 + 421*X[2]^2*X[3]^2//1000 - 51*X[2]^2*X[3]//625 + 301*X[2]^2//1000 + 99*X[2]*X[3]^3//200 - 163*X[2]*X[3]^2//10000 + 167*X[2]*X[3]//250 - 227*X[2]//10000 + 303*X[3]^4//1000 + 111*X[3]^3//20000 + 373*X[3]^2//1000 - 127*X[3]//5000 + 431//1000000
M24 = [1, X[3], X[2], X[1], X[3]^2, X[2]*X[3], X[1]*X[3], X[2]^2, X[1]*X[2], X[1]^2]
Q24 = [0.0004379312343173292 -0.012786070002791722 -0.01144777803556396 -0.011076320854122796 -0.0004496592061789067 0.00042475423098688793 -0.0005134578167102114 0.0007644557579153424 0.0006528705029717423 -7.91190372201292e-05;
 -0.012786070002791722 0.3736663965812308 0.33420739729637094 0.3233873186974014 0.0027285366112950794 -0.020936694721539067 0.006016185464680159 -0.02157091701329321 -0.018326082277777222 0.002398915135546352;
 -0.01144777803556396 0.33420739729637094 0.29955889699979354 0.2895053615509121 0.012591359055120979 -0.019354496710494412 0.015109728363648729 -0.0279519624564017 -0.023890084827950585 0.002994824231126005;
 -0.011076320854122796 0.3233873186974014 0.2895053615509121 0.28049624912331184 0.011471464504601046 -0.009694569892724896 0.0028463274424224264 -0.018383005169362716 -0.024714603089349203 -0.006813328090089138;
 -0.0004496592061789067 0.0027285366112950794 0.012591359055120979 0.011471464504601046 0.30386271704406803 0.24773065167468233 0.26165903286430825 -0.02332449100432168 -0.023330409565223642 -0.003088025773116424;
 0.00042475423098688793 -0.020936694721539067 -0.019354496710494412 -0.009694569892724896 0.24773065167468233 0.4668592803766923 0.1875696640271234 0.21465928933455344 0.18325908192845947 -0.027666973688974843;
 -0.0005134578167102114 0.006016185464680159 0.015109728363648729 0.0028463274424224264 0.26165903286430825 0.1875696640271234 0.5258600649351569 -0.04590682038908253 0.22222485178588858 0.2556713011947887;
 0.0007644557579153424 -0.02157091701329321 -0.0279519624564017 -0.018383005169362716 -0.02332449100432168 0.21465928933455344 -0.04590682038908253 0.2086257352429892 0.17816411575262708 -0.024686870804433943;
 0.0006528705029717423 -0.018326082277777222 -0.023890084827950585 -0.024714603089349203 -0.023330409565223642 0.18325908192845947 0.22222485178588858 0.17816411575262708 0.3886468299469539 0.20659820051505007;
 -7.91190372201292e-05 0.002398915135546352 0.002994824231126005 -0.006813328090089138 -0.003088025773116424 -0.027666973688974843 0.2556713011947887 -0.024686870804433943 0.20659820051505007 0.22271534203396068;
]
solve(n, X, P24, Q24, M24, true)
## Multiplier-1
P25 = 57*X[1]^2//250 + 469*X[1]*X[2]//1000 + 21*X[1]*X[3]//40 - 89*X[1]//5000 + 241*X[2]^2//1000 + 539*X[2]*X[3]//1000 - 183*X[2]//10000 + 151*X[3]^2//500 - 41*X[3]//2000 + 349//1000000
M25 = [1, X[3], X[2], X[1]]
Q25 = [0.0003562824820484353 -0.010377243628872164 -0.009269767766995755 -0.009021005570114878;
 -0.010377243628872164 0.3025609034531205 0.27003666520582364 0.2627007352780471;
 -0.009269767766995755 0.27003666520582364 0.24140959921375926 0.23467551427823388;
 -0.009021005570114878 0.2627007352780471 0.23467551427823388 0.2284436183350835;
]
solve(n, X, P25, Q25, M25, true)
# sixth
## Multiplier-3
P26 = 81*X[1]^2//200 - 721*X[1]*X[2]//100000 - 93*X[1]*X[3]//2500 + 113*X[1]//10000 + 81*X[2]^2//200 - 93*X[2]*X[3]//2500 + 113*X[2]//10000 + 241*X[3]^2//500 + 799*X[3]//10000 + 217//500
M26 = [1, X[3], X[2], X[1]]
Q26 = [0.43448414075631003 0.04005056729266056 0.005628751281678667 0.005628751281678004;
 0.04005056729266056 0.48164515674694525 -0.018413683433683155 -0.018413683433682715;
 0.005628751281678667 -0.018413683433683155 0.40505286252479805 -0.0035048675905027136;
 0.005628751281678004 -0.018413683433682715 -0.0035048675905027136 0.4050528625247976;
]
solve(n, X, P26, Q26, M26, true)
## Multiplier-2
P27 = 81*X[1]^2//200 - 23*X[1]*X[2]//625 - 717*X[1]*X[3]//100000 + 113*X[1]//10000 + 241*X[2]^2//500 - 37*X[2]*X[3]//1000 + 799*X[2]//10000 + 81*X[3]^2//200 + 113*X[3]//10000 + 217//500
M27 = [1, X[3], X[2], X[1]]
Q27 = [0.4344841407563095 0.0056287512816784275 0.0400505672926615 0.005628751281679084;
 0.0056287512816784275 0.4050528625247978 -0.018413683433682795 -0.00350486759050297;
 0.0400505672926615 -0.018413683433682795 0.4816451567469462 -0.018413683433682198;
