include("utils/util.jl")
include("utils/newtonUpdate.jl")
include("utils/rationalSOS.jl")

X = nothing
eig_tol = 1e-3
tol = 1e-50

SOS_time = 0
Newton_time = 0
function solve(n, X, f, Q, mono,newton)
    global SOS_time, Newton_time
    Q = round.(Q, digits=2)
    rQ = symplify_rational.(Q)

    model = nothing
    if !newton
        model = rational_SOS(f, 1, 0, mono, rQ)
    else
        Newton_time+=@elapsed update_Q = newton_refine_update(f, mono, Q, eig_tol, 90, tol, X)
        Q_res = symplify_rational.(update_Q*update_Q')
        SOS_time+=@elapsed model = rational_SOS(f, 1, 0, mono, Q_res)
    end
    
    SOSrational_time, coeffs, terms = model[2:end]
    
    @show expand(f-(coeffs' * terms.^2))

    data = Dict(
        "n" => n,
        "expression" => f,
        "coeff" => join([string(c) for c in coeffs], ","),
        "term" => join([string(t) for t in terms], ","),
        "SOSrational_time" => SOSrational_time,
        "SOS_expression" => string(coeffs' * terms.^2)
    )

    # save("src/output/data.json", data)    
end

n = 3
@Symbolics.variables X[1:n]
#H10
# third
## Multiplier-3
P0 = 0
M0 = [1, X[3], X[2], X[1]]
Q0 = [2.086044307583929e-06 -4.897198496250984e-06 -1.7864267887934605e-07 -2.0682828641077817e-07;
 -4.897198496250984e-06 1.4287997479199699e-05 -2.3013333795141646e-07 -1.9524847482575365e-07;
 -1.7864267887934605e-07 -2.3013333795141646e-07 2.1703091525052704e-06 6.1012497240526e-08;
 -2.0682828641077817e-07 -1.9524847482575365e-07 6.1012497240526e-08 1.9953335706824225e-06;
]
# solve(n, X, P0, Q0, M0, true)
## Multiplier-2
P1 = 0
M1 = [1, X[3], X[2], X[1]]
Q1 = [2.121237179411285e-06 -1.9457396292157563e-07 -4.986196640797717e-06 -2.090124086765102e-07;
 -1.9457396292157563e-07 2.1824040296782796e-06 -2.2320083883483767e-07 6.236982562026638e-08;
 -4.986196640797717e-06 -2.2320083883483767e-07 1.462974225691262e-05 -2.0750100629420283e-07;
 -2.090124086765102e-07 6.236982562026638e-08 -2.0750100629420283e-07 2.0331572333258824e-06;
]
# solve(n, X, P1, Q1, M1, true)
## Total Decomposition
P2 = 0
M2 = [1, X[3], X[2], X[1], X[3]^2, X[2]*X[3], X[1]*X[3], X[2]^2, X[1]*X[2], X[1]^2, X[3]^3, X[2]*X[3]^2, X[1]*X[3]^2, X[2]^2*X[3], X[1]*X[2]*X[3], X[1]^2*X[3], X[2]^3, X[1]*X[2]^2, X[1]^2*X[2], X[1]^3]
Q2 = [2.3656876418604554e-07 -8.017030098267939e-07 -7.993557547191759e-07 -7.93023745373175e-07 7.447785831596985e-07 1.8861139796209581e-07 1.9449053555214142e-07 7.428009494330763e-07 1.9012285891863577e-07 7.296458098924368e-07 3.982318001612354e-09 1.8192682999598114e-09 -3.6277607015043683e-09 -7.133409813813972e-10 -5.143733712428361e-09 -2.2818481181653376e-09 3.7834834875693276e-09 -2.470419105973672e-09 -2.7440809031831752e-09 4.830230909230116e-09;
 -8.017030098267939e-07 1.0774641854651537e-05 5.377926936547094e-07 5.251658688013552e-07 -1.1957867741546609e-05 -7.492185359741582e-07 -7.730266652366968e-07 -1.2003283076087026e-07 -2.1275717214871828e-09 -1.0746808671366687e-07 -8.72239309531804e-09 6.063954804505454e-09 4.031241206209959e-08 -3.0580217658693536e-08 8.416170630779325e-09 -2.681220260555331e-08 -5.887815396709411e-09 2.285872164001998e-10 1.5550863663796426e-09 -1.5497592917967093e-08;
 -7.993557547191759e-07 5.377926936547094e-07 1.1029257509615694e-05 5.389362851671091e-07 -1.1945320420315156e-07 -7.642487266861436e-07 1.1803671900405642e-08 -1.2230618661520877e-05 -7.606772563181252e-07 -1.2996144099114953e-07 -1.4439430402114814e-08 -4.1004904080951374e-08 -2.669817209280339e-09 2.6650265282956685e-08 4.860620506515593e-09 -3.1788445035095924e-09 -1.1955663742821076e-08 3.424816114191929e-08 -2.4406175058197076e-08 -1.3727740664002483e-08;
 -7.93023745373175e-07 5.251658688013552e-07 5.389362851671091e-07 1.0432580050455514e-05 -1.1521515851137353e-07 4.521401864698138e-08 -7.324701330090378e-07 -1.348362095418606e-07 -7.067428452367679e-07 -1.15158814425293e-05 -1.4699848452170358e-08 -2.8384152603906248e-08 -2.1275266592814546e-08 -1.341956496835993e-08 6.530575078346604e-09 3.782071959515457e-08 -9.797436530642165e-09 -2.3658772390594573e-08 3.7015055214241054e-08 -1.2930731836416357e-08;
 7.447785831596985e-07 -1.1957867741546609e-05 -1.1945320420315156e-07 -1.1521515851137353e-07 1.435293475326598e-05 -1.6528325716853858e-07 -1.676619543039445e-07 -7.537491093312895e-08 -3.076043376063436e-07 -7.695340677763339e-08 1.541413361099355e-20 5.801510310430921e-09 -2.5972720103255203e-08 5.4050606475533494e-08 9.492557058054153e-09 5.015258670427284e-08 2.20094464780639e-09 -6.506031235344052e-10 -1.7846040202342424e-09 1.1518249801801233e-08;
 1.8861139796209581e-07 -7.492185359741582e-07 -7.642487266861436e-07 4.521401864698138e-08 -1.6528325716853858e-07 4.769278637178348e-06 4.837750686622217e-07 -1.879250488300762e-07 4.886702271007968e-07 -3.530427835755799e-07 5.670833996389628e-09 -7.128687897744147e-08 -1.5870916409130016e-08 -6.265448522903646e-08 -2.635643552588887e-08 1.4799811732906955e-08 2.4433005676328845e-08 -1.4528881174002566e-09 9.340542832569951e-09 5.442888011293589e-10;
 1.9449053555214142e-07 -7.730266652366968e-07 1.1803671900405642e-08 -7.324701330090378e-07 -1.676619543039445e-07 4.837750686622217e-07 4.458354469221889e-06 -3.266742877526196e-07 5.187678499669257e-07 -1.6809658504722262e-07 2.59727201032555e-08 6.4811878146174425e-09 -6.13460383896059e-08 9.098996680017985e-09 -3.970902493778083e-08 -6.028429035288214e-08 -1.355396760101085e-09 1.8444354869342156e-09 -8.066063274133134e-09 2.602090220987716e-08;
 7.428009494330763e-07 -1.2003283076087026e-07 -1.2230618661520877e-05 -1.348362095418606e-07 -7.537491093312895e-08 -1.879250488300762e-07 -3.266742877526196e-07 1.4676561077744093e-05 -1.8988544317357796e-07 -4.752888477139639e-08 1.7236272501859868e-08 7.160592989589277e-08 9.64103729386786e-09 -1.3529177225435197e-08 1.1648398772722423e-08 6.889021864724657e-10 -5.06288697063219e-21 -2.3757925666370947e-08 4.716519973111799e-08 9.127054075729141e-09;
 1.9012285891863577e-07 -2.1275717214871828e-09 -7.606772563181252e-07 -7.067428452367679e-07 -3.076043376063436e-07 4.886702271007968e-07 5.187678499669257e-07 -1.8988544317357796e-07 4.461509296261197e-06 -1.7927477624821123e-07 -1.0282846352983506e-10 8.267004675590025e-09 -4.941921319066575e-09 1.2262463652672945e-09 -2.5171768548324744e-08 -6.68147064071577e-09 2.3757925666362063e-08 -5.2851235354716474e-08 -5.6526070904893836e-08 2.5441692389178077e-08;
 7.296458098924368e-07 -1.0746808671366687e-07 -1.2996144099114953e-07 -1.15158814425293e-05 -7.695340677763339e-08 -3.530427835755799e-07 -1.6809658504722262e-07 -4.752888477139639e-08 -1.7927477624821123e-07 1.3713579226357095e-05 1.1193451685288564e-08 3.163573854417644e-08 4.8766040551067884e-08 1.3297888042386693e-08 1.4203245113709902e-08 -2.60209022098641e-08 5.68603562358746e-09 4.739901682913565e-08 -2.544169238918863e-08 1.155376770221192e-20;
 3.982318001612354e-09 -8.72239309531804e-09 -1.4439430402114814e-08 -1.4699848452170358e-08 1.541413361099355e-20 5.670833996389628e-09 2.59727201032555e-08 1.7236272501859868e-08 -1.0282846352983506e-10 1.1193451685288564e-08 9.781300192980325e-09 1.0903828450892444e-08 -3.2817380540914624e-22 -3.6529338469729682e-09 2.054335357831553e-09 -7.820522997645397e-09 -2.3019420727912762e-09 2.2233234932297893e-10 -1.0556779224501117e-09 -3.378795607407223e-11;
 1.8192682999598114e-09 6.063954804505454e-09 -4.1004904080951374e-08 -2.8384152603906248e-08 5.801510310430921e-09 -7.128687897744147e-08 6.4811878146174425e-09 7.160592989589277e-08 8.267004675590025e-09 3.163573854417644e-08 1.0903828450892444e-08 3.8938793528179047e-08 8.093447441452201e-09 2.301942072787698e-09 5.246851180790186e-10 -7.954249239233365e-09 -8.162250885455593e-09 4.0951656981632757e-10 -6.145136785474417e-09 -1.6457660745759272e-09;
 -3.6277607015043683e-09 4.031241206209959e-08 -2.669817209280339e-09 -2.1275266592814546e-08 -2.5972720103255203e-08 -1.5870916409130016e-08 -6.13460383896059e-08 9.64103729386786e-09 -4.941921319066575e-09 4.8766040551067884e-08 -3.2817380540914624e-22 8.093447441452201e-09 2.542234618828458e-08 -7.470174673962258e-10 9.009927161690317e-09 3.378795607268273e-11 -1.7548503266890775e-09 -1.2894833448297595e-09 2.3475585361843215e-10 -7.695406277144989e-09;
 -7.133409813813972e-10 -3.0580217658693536e-08 2.6650265282956685e-08 -1.341956496835993e-08 5.4050606475533494e-08 -6.265448522903646e-08 9.098996680017985e-09 -1.3529177225435197e-08 1.2262463652672945e-09 1.3297888042386693e-08 -3.6529338469729682e-09 2.301942072787698e-09 -7.470174673962258e-10 2.6105801963909642e-08 1.3453337568611618e-09 -6.0641051825771e-09 2.2034831957204878e-21 4.5670484099811897e-10 -1.909675965335555e-09 3.462829592996213e-10;
 -5.143733712428361e-09 8.416170630779325e-09 4.860620506515593e-09 6.530575078346604e-09 9.492557058054153e-09 -2.635643552588887e-08 -3.970902493778083e-08 1.1648398772722423e-08 -2.5171768548324744e-08 1.4203245113709902e-08 2.054335357831553e-09 5.246851180790186e-10 9.009927161690317e-09 1.3453337568611618e-09 3.6778750818705003e-08 1.4110102209534268e-09 -4.56704840996971e-10 7.954527442740977e-10 4.868856504098324e-10 -2.699950308162604e-09;
 -2.2818481181653376e-09 -2.681220260555331e-08 -3.1788445035095924e-09 3.782071959515457e-08 5.015258670427284e-08 1.4799811732906955e-08 -6.028429035288214e-08 6.889021864724657e-10 -6.68147064071577e-09 -2.60209022098641e-08 -7.820522997645397e-09 -7.954249239233365e-09 3.378795607268273e-11 -6.0641051825771e-09 1.4110102209534268e-09 2.517211274729651e-08 1.114223221053823e-09 -8.331686097101809e-10 2.6999503081609417e-09 4.31483431789898e-21;
 3.7834834875693276e-09 -5.887815396709411e-09 -1.1955663742821076e-08 -9.797436530642165e-09 2.20094464780639e-09 2.4433005676328845e-08 -1.355396760101085e-09 -5.06288697063219e-21 2.3757925666362063e-08 5.68603562358746e-09 -2.3019420727912762e-09 -8.162250885455593e-09 -1.7548503266890775e-09 2.2034831957204878e-21 -4.56704840996971e-10 1.114223221053823e-09 9.781300192990413e-09 2.6054934383990225e-22 -6.706885916150543e-09 2.3481940164457256e-10;
 -2.470419105973672e-09 2.285872164001998e-10 3.424816114191929e-08 -2.3658772390594573e-08 -6.506031235344052e-10 -1.4528881174002566e-09 1.8444354869342156e-09 -2.3757925666370947e-08 -5.2851235354716474e-08 4.739901682913565e-08 2.2233234932297893e-10 4.0951656981632757e-10 -1.2894833448297595e-09 4.5670484099811897e-10 7.954527442740977e-10 -8.331686097101809e-10 2.6054934383990225e-22 2.319507202529397e-08 -2.3481940164321376e-10 -7.2046469035687415e-09;
 -2.7440809031831752e-09 1.5550863663796426e-09 -2.4406175058197076e-08 3.7015055214241054e-08 -1.7846040202342424e-09 9.340542832569951e-09 -8.066063274133134e-09 4.716519973111799e-08 -5.6526070904893836e-08 -2.544169238918863e-08 -1.0556779224501117e-09 -6.145136785474417e-09 2.3475585361843215e-10 -1.909675965335555e-09 4.868856504098324e-10 2.6999503081609417e-09 -6.706885916150543e-09 -2.3481940164321376e-10 2.4190594000144523e-08 -2.8109356852383934e-22;
 4.830230909230116e-09 -1.5497592917967093e-08 -1.3727740664002483e-08 -1.2930731836416357e-08 1.1518249801801233e-08 5.442888011293589e-10 2.602090220987716e-08 9.127054075729141e-09 2.5441692389178077e-08 1.155376770221192e-20 -3.378795607407223e-11 -1.6457660745759272e-09 -7.695406277144989e-09 3.462829592996213e-10 -2.699950308162604e-09 4.31483431789898e-21 2.3481940164457256e-10 -7.2046469035687415e-09 -2.8109356852383934e-22 9.781300192985758e-09;
]
# solve(n, X, P2, Q2, M2, true)
## Multiplier-1
P3 = 0
M3 = [1, X[3], X[2], X[1]]
Q3 = [2.044191877531212e-06 -1.9732800514063968e-07 -1.8626910350258167e-07 -4.749304221682513e-06;
 -1.9732800514063968e-07 2.094641949605233e-06 7.683607737367155e-08 -1.8803487692704993e-07;
 -1.8626910350258167e-07 7.683607737367155e-08 2.121677173610522e-06 -1.9855618714946133e-07;
 -4.749304221682513e-06 -1.8803487692704993e-07 -1.9855618714946133e-07 1.3664042692155043e-05;
]
# solve(n, X, P3, Q3, M3, true)
# second
## Multiplier-3
P4 = 3441*X[1]^2//500 + 3511*X[1]*X[2]//10000 + 3003*X[1]*X[3]//50000 + 1089*X[1]//10000 + 7*X[2]^2 + 1053*X[2]*X[3]//1000 - 1567*X[2]//10000 + 4353*X[3]^2//500 - 1073*X[3]//1000 + 1507//250
M4 = [1, X[3], X[2], X[1]]
Q4 = [6.028191412750888 -0.5351046755428687 -0.07555092783392729 0.055103100848304915;
 -0.5351046755428687 8.705781151866598 0.5281964704574534 0.025658342582275166;
 -0.07555092783392729 0.5281964704574534 7.000374520015742 0.17653391101775132;
 0.055103100848304915 0.025658342582275166 0.17653391101775132 6.881610658102661;
]
solve(n, X, P4, Q4, M4, true)
## Multiplier-2
P5 = 68689*X[1]^2//10000 - 3199*X[1]*X[2]//25000 + 28709*X[1]*X[3]//100000 - 34237*X[1]//100000 + 84429*X[2]^2//10000 + 34387*X[2]*X[3]//50000 - 9473*X[2]//12500 + 70149*X[3]^2//10000 - 48857*X[3]//100000 + 12221//1000
M5 = [1, X[3], X[2], X[1]]
Q5 = [12.22083932265524 -0.23931642434569805 -0.37410633175411345 -0.16555461215199557;
 -0.23931642434569805 7.014992273901981 0.3411127755083151 0.1468059888272481;
 -0.37410633175411345 0.3411127755083151 8.44279639329616 -0.06055604574802807;
 -0.16555461215199557 0.1468059888272481 -0.06055604574802807 6.868691420713063;
]
solve(n, X, P5, Q5, M5, true)
## Total Decomposition
P6 = 80949*X[1]^4//10000 - 16561*X[1]^3*X[2]//50000 - 70479*X[1]^3*X[3]//100000 + 10241*X[1]^3//5000 + 12007*X[1]^2*X[2]^2//1000 - 31393*X[1]^2*X[2]*X[3]//10000 - 97459*X[1]^2*X[2]//100000 + 1439*X[1]^2*X[3]^2//125 + 23887*X[1]^2*X[3]//25000 + 6277*X[1]^2//500 - 1672*X[1]*X[2]^3//3125 - 59447*X[1]*X[2]^2*X[3]//100000 + 4979*X[1]*X[2]^2//2000 - 8007*X[1]*X[2]*X[3]^2//10000 - 32739*X[1]*X[2]*X[3]//10000 + 863*X[1]*X[2]//2500 - 46823*X[1]*X[3]^3//50000 + 26569*X[1]*X[3]^2//10000 - 1909*X[1]*X[3]//1000 - 61*X[1]//50 + 72281*X[2]^4//10000 - 5893*X[2]^3*X[3]//2500 + 637*X[2]^3//500 + 1341*X[2]^2*X[3]^2//125 + 871*X[2]^2*X[3]//500 + 2397*X[2]^2//250 - 12583*X[2]*X[3]^3//5000 + 8561*X[2]*X[3]^2//10000 + 4717*X[2]*X[3]//10000 - 783*X[2]//1000 + 13711*X[3]^4//2000 + 2221*X[3]^3//1000 + 9953*X[3]^2//1000 + 263*X[3]//500 + 53//100
M6 = [1, X[3], X[2], X[1], X[3]^2, X[2]*X[3], X[1]*X[3], X[2]^2, X[1]*X[2], X[1]^2]
Q6 = [0.530221305270074 0.2630094630479333 -0.39166408433717376 -0.6086569844767855 0.1776990191168171 0.0698136128457154 -0.02730777007376824 0.1163324275410712 -0.01787226882715163 0.17657851940445118;
 0.2630094630479333 9.597645463264044 0.16888081092416152 -0.9309037427787309 1.1152765114160117 0.16830091500391647 0.720138148516032 0.2685317318559993 -0.5034211414776028 0.11518099422267036;
 -0.39166408433717376 0.16888081092416152 9.35592659844211 0.1882455490539924 0.2575188366830436 0.6041609561393209 -0.4246420212377905 0.6412089740169253 0.6971563383828558 -0.2456812483012574;
 -0.6086569844767855 -0.9309037427787309 0.1882455490539924 12.201310076162365 0.6096297838969813 -0.7082757570600661 0.355886021786538 0.5434398598390389 -0.2398152639883876 1.0243858499128156;
 0.1776990191168171 1.1152765114160117 0.2575188366830436 0.6096297838969813 6.855377289466534 -1.2573842647058135 -0.46501366367414293 0.38555889792878384 -0.24140574304402873 0.6344085399850289;
 0.0698136128457154 0.16830091500391647 0.6041609561393209 -0.7082757570600661 -1.2573842647058135 9.961849612476419 -0.16689108929428603 -1.1761762584303432 -0.15875253381143498 -0.7025265939096782;
 -0.02730777007376824 0.720138148516032 -0.4246420212377905 0.355886021786538 -0.46501366367414293 -0.16689108929428603 10.242708228846574 -0.14366427964991096 -0.8661047270865502 -0.35618396430903904;
 0.1163324275410712 0.2685317318559993 0.6412089740169253 0.5434398598390389 0.38555889792878384 -1.1761762584303432 -0.14366427964991096 7.228691096406569 -0.2690044223066294 0.7476345119541812;
 -0.01787226882715163 -0.5034211414776028 0.6971563383828558 -0.2398152639883876 -0.24140574304402873 -0.15875253381143498 -0.8661047270865502 -0.2690044223066294 10.51698057506181 -0.16691492968396013;
 0.17657851940445118 0.11518099422267036 -0.2456812483012574 1.0243858499128156 0.6344085399850289 -0.7025265939096782 -0.35618396430903904 0.7476345119541812 -0.16691492968396013 8.09555848481907;
]
solve(n, X, P6, Q6, M6, true)
## Multiplier-1
P7 = 81273*X[1]^2//10000 + 15053*X[1]*X[2]//100000 - 12609*X[1]*X[3]//500000 - 20647*X[1]//5000 + 16717*X[2]^2//2500 + 3687*X[2]*X[3]//6250 + 36771*X[2]//100000 + 67429*X[3]^2//10000 + 41*X[3]//50 + 7071//500
M7 = [1, X[3], X[2], X[1]]
Q7 = [14.14219831076885 0.4102201781343497 0.17725437885403697 -2.060550275621101;
 0.4102201781343497 6.742577262800285 0.296595484970649 -0.012020035894283479;
 0.17725437885403697 0.296595484970649 6.686969637185065 0.0795210455852442;
 -2.060550275621101 -0.012020035894283479 0.0795210455852442 8.126030329176597;
]
solve(n, X, P7, Q7, M7, true)
# seventh
## Multiplier-3
P8 = 73*X[1]^2//200 - 79*X[1]*X[2]//10000 - 69*X[1]*X[3]//2000 - 943*X[1]//100000 + 73*X[2]^2//200 - 69*X[2]*X[3]//2000 - 943*X[2]//100000 + 217*X[3]^2//500 - 143*X[3]//2000 + 393//1000
M8 = [1, X[3], X[2], X[1]]
Q8 = [0.39292098670612385 -0.03571658896328765 -0.004628049222382096 -0.004628049222381814;
 -0.03571658896328765 0.43428156765986864 -0.01716743500536792 -0.01716743500536822;
 -0.004628049222382096 -0.01716743500536792 0.36496797228533967 -0.003822729911144021;
 -0.004628049222381814 -0.01716743500536822 -0.003822729911144021 0.3649679722853401;
]
solve(n, X, P8, Q8, M8, true)
## Multiplier-2
P9 = 73*X[1]^2//200 - 17*X[1]*X[2]//500 - 99*X[1]*X[3]//12500 - 943*X[1]//100000 + 217*X[2]^2//500 - 171*X[2]*X[3]//5000 - 143*X[2]//2000 + 73*X[3]^2//200 - 943*X[3]//100000 + 393//1000
M9 = [1, X[3], X[2], X[1]]
Q9 = [0.39292098670612513 -0.004628049222383164 -0.035716588963289136 -0.004628049222382843;
 -0.004628049222383164 0.36496797228534056 -0.017167435005367694 -0.003822729911142967;
 -0.035716588963289136 -0.017167435005367694 0.4342815676598688 -0.0171674350053676;
 -0.004628049222382843 -0.003822729911142967 -0.0171674350053676 0.3649679722853407;
]
solve(n, X, P9, Q9, M9, true)
## Total Decomposition
P10 = 87*X[1]^4//200 - 341*X[1]^3*X[2]//10000 - 43*X[1]^3*X[3]//1250 + 91*X[1]^3//250 + 729*X[1]^2*X[2]^2//1000 - 99*X[1]^2*X[2]*X[3]//12500 + 161*X[1]^2*X[2]//500 + 73*X[1]^2*X[3]^2//100 + 161*X[1]^2*X[3]//500 + 323*X[1]^2//1000 - 43*X[1]*X[2]^3//1250 - 713*X[1]*X[2]^2*X[3]//100000 + 321*X[1]*X[2]^2//1000 - 79*X[1]*X[2]*X[3]^2//10000 - 113*X[1]*X[2]*X[3]//5000 - 183*X[1]*X[2]//10000 - 69*X[1]*X[3]^3//2000 + 161*X[1]*X[3]^2//500 - 7*X[1]*X[3]//400 + 393*X[1]//1000 + 217*X[2]^4//500 - 17*X[2]^3*X[3]//500 + 363*X[2]^3//1000 + 73*X[2]^2*X[3]^2//100 + 161*X[2]^2*X[3]//500 + 161*X[2]^2//500 - 69*X[2]*X[3]^3//2000 + 161*X[2]*X[3]^2//500 - 7*X[2]*X[3]//400 + 393*X[2]//1000 + 87*X[3]^4//200 + 363*X[3]^3//1000 + 161*X[3]^2//500 + 393*X[3]//1000 + 499//500
M10 = [1, X[3], X[2], X[1], X[3]^2, X[2]*X[3], X[1]*X[3], X[2]^2, X[1]*X[2], X[1]^2]
Q10 = [0.9979432225228614 0.19646049332245658 0.19646049332245633 0.19646049332245621 -0.12423093823922694 -0.07906402072233266 -0.07906402072233244 -0.12423093823922769 -0.07906402072233366 -0.12423093823922643;
 0.19646049332245658 0.5699496852580019 0.06980792227756753 0.06980792227756803 0.18142419483604014 0.09225560123924184 0.09225560123924104 0.06843290064507263 -0.0038227299111437685 0.06843290064507142;
 0.19646049332245633 0.06980792227756753 0.5699496852580018 0.06980792227756784 0.06843290064507215 0.0922556012392418 -0.0038227299111437624 0.1814241948360397 0.09225560123924167 0.06843290064507261;
 0.19646049332245621 0.06980792227756803 0.06980792227756784 0.5699496852580039 0.06843290064507164 -0.0038227299111426166 0.09225560123924086 0.06843290064507235 0.09225560123924315 0.1814241948360396;
 -0.12423093823922694 0.18142419483604014 0.06843290064507215 0.06843290064507164 0.43428156765986836 -0.017167435005368097 -0.017167435005367587 0.08333167521609239 0.010139257470812341 0.08333167521609237;
 -0.07906402072233266 0.09225560123924184 0.0922556012392418 -0.0038227299111426166 -0.017167435005368097 0.5632725940772848 -0.013961987381955606 -0.017167435005367156 -0.013961987381955046 0.010139257470811645;
 -0.07906402072233244 0.09225560123924104 -0.0038227299111437624 0.09225560123924086 -0.017167435005367587 -0.013961987381955606 0.5632725940772845 0.01013925747081157 -0.013961987381955844 -0.017167435005367986;
 -0.12423093823922769 0.06843290064507263 0.1814241948360397 0.06843290064507235 0.08333167521609239 -0.017167435005367156 0.01013925747081157 0.43428156765986864 -0.01716743500536753 0.08333167521609187;
 -0.07906402072233366 -0.0038227299111437685 0.09225560123924167 0.09225560123924315 0.010139257470812341 -0.013961987381955046 -0.013961987381955844 -0.01716743500536753 0.563272594077284 -0.01716743500536794;
 -0.12423093823922643 0.06843290064507142 0.06843290064507261 0.1814241948360396 0.08333167521609237 0.010139257470811645 -0.017167435005367986 0.08333167521609187 -0.01716743500536794 0.4342815676598687;
]
solve(n, X, P10, Q10, M10, true)
## Multiplier-1
P11 = 217*X[1]^2//500 - 69*X[1]*X[2]//2000 - 171*X[1]*X[3]//5000 - 143*X[1]//2000 + 73*X[2]^2//200 - 99*X[2]*X[3]//12500 - 943*X[2]//100000 + 73*X[3]^2//200 - 943*X[3]//100000 + 393//1000
M11 = [1, X[3], X[2], X[1]]
Q11 = [0.39292098670612435 -0.004628049222382401 -0.004628049222382864 -0.03571658896328887;
 -0.004628049222382401 0.36496797228534017 -0.003822729911143408 -0.017167435005367698;
 -0.004628049222382864 -0.003822729911143408 0.3649679722853406 -0.017167435005367854;
 -0.03571658896328887 -0.017167435005367698 -0.017167435005367854 0.43428156765986786;
]
solve(n, X, P11, Q11, M11, true)
# eighth
## Multiplier-3
P12 = 0
M12 = [1, X[3], X[2], X[1]]
Q12 = [3.9721622695269854e-05 -6.194435254518815e-05 -5.211091434059842e-06 -5.2955467955612415e-06;
 -6.194435254518815e-05 0.00012273163919549352 -4.957918391287489e-06 -4.8321764869432336e-06;
 -5.211091434059842e-06 -4.957918391287489e-06 2.2826056713010283e-05 -8.212836212590298e-06;
 -5.2955467955612415e-06 -4.8321764869432336e-06 -8.212836212590298e-06 2.290874782496538e-05;
]
# solve(n, X, P12, Q12, M12, true)
## Multiplier-2
P13 = 0
M13 = [1, X[3], X[2], X[1]]
Q13 = [3.9700869047865696e-05 -5.226956390111583e-06 -6.192451273211347e-05 -5.266591281845729e-06;
 -5.226956390111583e-06 2.275939935151571e-05 -4.949066282485374e-06 -8.142768450737841e-06;
 -6.192451273211347e-05 -4.949066282485374e-06 0.00012280890771421797 -4.9320236908776216e-06;
 -5.266591281845729e-06 -8.142768450737841e-06 -4.9320236908776216e-06 2.288867576399321e-05;
]
# solve(n, X, P13, Q13, M13, true)
## Total Decomposition
P14 = 0
M14 = [1, X[3], X[2], X[1], X[3]^2, X[2]*X[3], X[1]*X[3], X[2]^2, X[1]*X[2], X[1]^2]
Q14 = [3.574718028424539e-05 -4.357591037457684e-05 -4.354026231398862e-05 -4.362736215631329e-05 3.425832477874525e-05 5.39274469090024e-06 5.449367040789438e-06 3.424252497702677e-05 5.41959579306973e-06 3.429862320607565e-05;
 -4.357591037457684e-05 0.00015796336974401265 6.522782051616351e-07 8.212685598896044e-07 -0.00012944654878960653 -1.4253703419524455e-05 -1.4406743660921757e-05 1.9796378305468515e-06 8.986694109438138e-06 1.8972727336483426e-06;
 -4.354026231398862e-05 6.522782051616351e-07 0.00015798733077606613 6.8690056352699e-07 1.9788756201768472e-06 -1.4316403454869316e-05 9.043538438722253e-06 -0.00012946871019025067 -1.4360609124766975e-05 1.9627074569858526e-06;
 -4.362736215631329e-05 8.212685598896044e-07 6.8690056352699e-07 0.00015818978340407987 1.8976814769149036e-06 8.997252723743988e-06 -1.4446124617835655e-05 1.963949502435188e-06 -1.4336802407690442e-05 -0.00012962393328311148;
 3.425832477874525e-05 -0.00012944654878960653 1.9788756201768472e-06 1.8976814769149036e-06 0.00012273178132421163 -4.957935642480949e-06 -4.832148838767986e-06 5.71475985658343e-06 -9.972770750814418e-06 5.731618826841822e-06;
 5.39274469090024e-06 -1.4253703419524455e-05 -1.4316403454869316e-05 8.997252723743988e-06 -4.957935642480949e-06 3.4155169602361615e-05 1.7598722783024823e-06 -4.9493117198187616e-06 1.8420811835606693e-06 -9.983513411767192e-06;
 5.449367040789438e-06 -1.4406743660921757e-05 9.043538438722253e-06 -1.4446124617835655e-05 -4.832148838767986e-06 1.7598722783024823e-06 3.422546258410565e-05 -9.98486220168555e-06 1.7682193902705827e-06 -4.827772550662185e-06;
 3.424252497702677e-05 1.9796378305468515e-06 -0.00012946871019025067 1.963949502435188e-06 5.71475985658343e-06 -4.9493117198187616e-06 -9.98486220168555e-06 0.0001228089322907125 -4.931993769806646e-06 5.728301670100156e-06;
 5.41959579306973e-06 8.986694109438138e-06 -1.4360609124766975e-05 -1.4336802407690442e-05 -9.972770750814418e-06 1.8420811835606693e-06 1.7682193902705827e-06 -4.931993769806646e-06 3.425957388264033e-05 -4.936804140763835e-06;
 3.429862320607565e-05 1.8972727336483426e-06 1.9627074569858526e-06 -0.00012962393328311148 5.731618826841822e-06 -9.983513411767192e-06 -4.827772550662185e-06 5.728301670100156e-06 -4.936804140763835e-06 0.0001229228766439256;
]
# solve(n, X, P14, Q14, M14, true)
## Multiplier-1
P15 = 0
M15 = [1, X[3], X[2], X[1]]
Q15 = [3.973522594093246e-05 -5.2609020510316306e-06 -5.2163305323728255e-06 -6.201699587505951e-05;
 -5.2609020510316306e-06 2.278089614174029e-05 -8.21507541319075e-06 -4.8281625267850306e-06;
 -5.2163305323728255e-06 -8.21507541319075e-06 2.2828373239377036e-05 -4.936769868447642e-06;
 -6.201699587505951e-05 -4.8281625267850306e-06 -4.936769868447642e-06 0.00012292306639832644;
]
# solve(n, X, P15, Q15, M15, true)
# first
## Total Decomposition
P16 = 1727*X[1]^4//500 - 1129*X[1]^3*X[2]//10000 - 1733*X[1]^3*X[3]//20000 + 1803*X[1]^3//1000 + 6997*X[1]^2*X[2]^2//1000 + 901*X[1]^2*X[2]*X[3]//5000 + 2979*X[1]^2*X[2]//1000 + 3483*X[1]^2*X[3]^2//500 + 571*X[1]^2*X[3]//200 + 3301*X[1]^2//500 - 1133*X[1]*X[2]^3//10000 - 69*X[1]*X[2]^2*X[3]//800 + 893*X[1]*X[2]^2//500 - 1147*X[1]*X[2]*X[3]^2//10000 - 92*X[1]*X[2]*X[3]//3125 - 2633*X[1]*X[2]//1000 - 549*X[1]*X[3]^3//6250 + 441*X[1]*X[3]^2//250 - 1487*X[1]*X[3]//500 + 1171*X[1]//500 + 709*X[2]^4//200 + 1853*X[2]^3*X[3]//10000 + 3193*X[2]^3//1000 + 353*X[2]^2*X[3]^2//50 + 3223*X[2]^2*X[3]//1000 + 3181*X[2]^2//500 + 943*X[2]*X[3]^3//5000 + 1677*X[2]*X[3]^2//500 - 4683*X[2]*X[3]//1000 - 1721*X[2]//500 + 703*X[3]^4//200 + 3019*X[3]^3//1000 + 2847*X[3]^2//500 - 97*X[3]//50 + 447//100
M16 = [1, X[3], X[2], X[1], X[3]^2, X[2]*X[3], X[1]*X[3], X[2]^2, X[1]*X[2], X[1]^2]
Q16 = [4.469704267277515 -0.9712447158626416 -1.7223004576047771 1.1703184456792068 -0.3471012956088015 -1.6568544831688607 -0.7174972150343167 -0.3677933253946902 -0.5701361695043944 0.06847587174526869;
 -0.9712447158626416 6.391596195703591 -0.6797734615930571 -0.7659826658825697 1.5074831704949332 1.222452451758137 0.7048385170035852 0.30917745367671556 0.08328655369237027 0.48780437445408364;
 -1.7223004576047771 -0.6797734615930571 7.0955963412393075 -0.7454528753518147 0.4501447094436377 1.30534680977546 0.3009423104761768 1.5952479030360152 0.7056714690916724 0.5020242978819521;
 1.1703184456792068 -0.7659826658825697 -0.7454528753518147 6.466622450981964 0.17877989629481833 -0.3948085044202958 0.9439379564199031 0.180876359802343 0.990720346337245 0.8987358876905818;
 -0.3471012956088015 1.5074831704949332 0.4501447094436377 0.17877989629481833 3.5145068979780305 0.0921951755615036 -0.04542915700656305 0.3568452074781111 -0.0813803922324817 0.43351612709354503;
 -1.6568544831688607 1.222452451758137 1.30534680977546 -0.3948085044202958 0.0921951755615036 6.34501521524435 0.024034733425791245 0.09219517556150361 -0.025764067030051897 -0.011255815427045441;
 -0.7174972150343167 0.7048385170035852 0.3009423104761768 0.9439379564199031 -0.04542915700656305 0.024034733425791245 6.101358175993236 -0.01966508997651111 0.1034509909885486 -0.0454291570065629;
 -0.3677933253946902 0.30917745367671556 1.5952479030360152 0.180876359802343 0.3568452074781111 0.09219517556150361 -0.01966508997651111 3.5441987327695093 -0.05734565880669001 0.44404802165219254;
 -0.5701361695043944 0.08328655369237027 0.7056714690916724 0.990720346337245 -0.0813803922324817 -0.025764067030051897 0.1034509909885486 -0.05734565880669001 6.109986221667419 -0.05734565880668991;
 0.06847587174526869 0.48780437445408364 0.5020242978819521 0.8987358876905818 0.43351612709354503 -0.011255815427045441 -0.0454291570065629 0.44404802165219254 -0.05734565880668991 3.45388353274926;
]
solve(n, X, P16, Q16, M16, true)
## Multiplier-1
P17 = 1727*X[1]^2//500 - 577*X[1]*X[2]//5000 - 4427*X[1]*X[3]//50000 - 413*X[1]//250 + 709*X[2]^2//200 + 1837*X[2]*X[3]//10000 - 1779*X[2]//5000 + 703*X[3]^2//200 - 5049*X[3]//10000 + 5737//1000
M17 = [1, X[3], X[2], X[1]]
Q17 = [5.7372913591034775 -0.24977027822059972 -0.17685146307525867 -0.8282058784105677;
 -0.24977027822059972 3.5145068979780296 0.09219517556150338 -0.04542915700656274;
 -0.17685146307525867 0.09219517556150338 3.5441987327695097 -0.05734565880668956;
 -0.8282058784105677 -0.04542915700656274 -0.05734565880668956 3.4538835327492605;
]
solve(n, X, P17, Q17, M17, true)
# fifth
## Multiplier-3
P18 = 66*X[1]^2//25 - 1041*X[1]*X[2]//12500 - 651*X[1]*X[3]//1250 + 4133*X[1]//5000 + 2781*X[2]^2//1000 - 4419*X[2]*X[3]//10000 + 7147*X[2]//10000 + 823*X[3]^2//250 - 427*X[3]//500 + 7003//1000
M18 = [1, X[3], X[2], X[1]]
Q18 = [7.002904954116893 -0.4285294990404341 0.3552903842572348 0.4125808608604289;
 -0.4285294990404341 3.292453391538019 -0.22010077362604835 -0.2594521266169175;
 0.3552903842572348 -0.22010077362604835 2.7806294559039366 -0.04237076491607662;
 0.4125808608604289 -0.2594521266169175 -0.04237076491607662 2.6400739685807055;
]
solve(n, X, P18, Q18, M18, true)
## Multiplier-2
P19 = 2647*X[1]^2//1000 - 5189*X[1]*X[2]//10000 - 1141*X[1]*X[3]//10000 + 4707*X[1]//5000 + 683*X[2]^2//200 - 3111*X[2]*X[3]//5000 - 1751*X[2]//1000 + 277*X[3]^2//100 + 1421*X[3]//1000 + 8257//1000
M19 = [1, X[3], X[2], X[1]]
Q19 = [8.25667712680177 0.7067827518276311 -0.8742888233452968 0.4707051542358663;
 0.7067827518276311 2.7699493161047437 -0.3114798789361366 -0.05849175105290617;
 -0.8742888233452968 -0.3114798789361366 3.415133458740304 -0.2606477385930999;
 0.4707051542358663 -0.05849175105290617 -0.2606477385930999 2.6471914371918928;
]
solve(n, X, P19, Q19, M19, true)
## Total Decomposition
P20 = 611*X[1]^4//200 - 2193*X[1]^3*X[2]//10000 - 383*X[1]^3*X[3]//1250 + 3347*X[1]^3//1000 + 1373*X[1]^2*X[2]^2//250 - 4729*X[1]^2*X[2]*X[3]//50000 + 571*X[1]^2*X[2]//250 + 5433*X[1]^2*X[3]^2//1000 + 2301*X[1]^2*X[3]//1000 + 2889*X[1]^2//1000 - 259*X[1]*X[2]^3//500 - 1187*X[1]*X[2]^2*X[3]//10000 + 3263*X[1]*X[2]^2//1000 - 8633*X[1]*X[2]*X[3]^2//100000 - 293*X[1]*X[2]*X[3]//1000 + 2623*X[1]*X[2]//10000 - 5163*X[1]*X[3]^3//10000 + 31*X[1]*X[3]^2//10 + 4639*X[1]*X[3]//100000 + 459*X[1]//1000 + 3417*X[2]^4//1000 - 6261*X[2]^3*X[3]//10000 + 1669*X[2]^3//1000 + 5553*X[2]^2*X[3]^2//1000 + 447*X[2]^2*X[3]//125 + 4861*X[2]^2//1000 - 2199*X[2]*X[3]^3//5000 + 3037*X[2]*X[3]^2//1000 - 183*X[2]*X[3]//100 - 83*X[2]//125 + 1647*X[3]^4//500 + 1219*X[3]^3//500 + 1001*X[3]^2//250 - 307*X[3]//1000 + 28//125
M20 = [1, X[3], X[2], X[1], X[3]^2, X[2]*X[3], X[1]*X[3], X[2]^2, X[1]*X[2], X[1]^2]
Q20 = [0.22410866152405748 -0.1536079141877206 -0.3317374932326278 0.2293476678800977 -0.06988760238292926 -0.26578257160472996 -0.0982332058758048 0.0275309325656164 -0.10024552598329199 -0.08664056446492108;
 -0.1536079141877206 4.144528857362811 -0.6503749267672579 0.12088822353182006 1.2176971967269095 0.8626275292983391 0.9312671717141247 0.6794025749186731 -0.09049851106746643 0.5932410742873904;
 -0.3317374932326278 -0.6503749267672579 4.806751809737388 0.2296228908948521 0.657536739383557 1.1062150259231154 -0.11622154435947256 0.8332779060231869 1.0074785331300031 0.6355133412325371;
 0.2293476678800977 0.12088822353182006 0.2296228908948521 3.0621920598943313 0.6177440732958258 0.05920787370085148 0.5570304863849648 0.6232393309217409 0.5058562232780921 1.6734700508033022;
 -0.06988760238292926 1.2176971967269095 0.657536739383557 0.6177440732958258 3.2924533915380194 -0.22010077362604888 -0.25945212661691536 0.4180638750801523 -0.006286000482157551 0.568262113208793;
 -0.26578257160472996 0.8626275292983391 1.1062150259231154 0.05920787370085148 -0.22010077362604888 4.714451021845048 -0.036084764433917275 -0.3114798789361373 -0.031955950929363104 0.160865176548488;
 -0.0982332058758048 0.9312671717141247 -0.11622154435947256 0.5570304863849648 -0.25945212661691536 -0.036084764433917275 4.295314763696029 -0.02653580012354265 -0.2075148423055803 -0.151725728714806;
 0.0275309325656164 0.6794025749186731 0.8332779060231869 0.6232393309217409 0.4180638750801523 -0.3114798789361373 -0.02653580012354265 3.415133458740311 -0.26064773859310086 0.531617299468678;
 -0.10024552598329199 -0.09049851106746643 1.0074785331300031 0.5058562232780921 -0.006286000482157551 -0.031955950929363104 -0.2075148423055803 -0.26064773859310086 4.425277735072477 -0.10899428075839253;
 -0.08664056446492108 0.5932410742873904 0.6355133412325371 1.6734700508033022 0.568262113208793 0.160865176548488 -0.151725728714806 0.531617299468678 -0.10899428075839253 3.0544550530819228;
]
solve(n, X, P20, Q20, M20, true)
## Multiplier-1
P21 = 611*X[1]^2//200 - 219*X[1]*X[2]//1000 - 3037*X[1]*X[3]//10000 + 2947*X[1]//10000 + 2841*X[2]^2//1000 - 2347*X[2]*X[3]//25000 - 737*X[2]//5000 + 349*X[3]^2//125 - 923*X[3]//25000 + 263//100
M21 = [1, X[3], X[2], X[1]]
Q21 = [2.6296051040939084 -0.018039694901508998 -0.07323187332524893 0.1462425242640198;
 -0.018039694901508998 2.791765021536223 -0.046649665757098294 -0.15172572871481182;
 -0.07323187332524893 -0.046649665757098294 2.8413208968212746 -0.10899428075839604;
 0.1462425242640198 -0.15172572871481182 -0.10899428075839604 3.0544550530819126;
]
solve(n, X, P21, Q21, M21, true)
# fourth
## Multiplier-3
P22 = 247*X[1]^2//100000 + 97*X[1]*X[2]//5000 + 171*X[1]*X[3]//10000 - 521*X[1]//1000000 + 41*X[2]^2//1000 + 659*X[2]*X[3]//10000 - X[2]//500 + 323*X[3]^2//10000 - 19*X[3]//10000 + 7//250000
M22 = [1, X[3], X[2], X[1]]
Q22 = [2.8025257858015675e-05 -0.0009430621937834729 -0.0010026810885317933 -0.00025853992953866453;
 -0.0009430621937834729 0.03219249988410041 0.03277219490706618 0.008522941128544726;
 -0.0010026810885317933 0.03277219490706618 0.041072548482106896 0.009669077599203222;
 -0.00025853992953866453 0.008522941128544726 0.009669077599203222 0.0026612040861435657;
]
solve(n, X, P22, Q22, M22, true)
## Multiplier-2
P23 = 9*X[1]^2//4000 + 49*X[1]*X[2]//2500 + 151*X[1]*X[3]//10000 - 477*X[1]//1000000 + 453*X[2]^2//10000 + 309*X[2]*X[3]//5000 - 11*X[2]//5000 + 27*X[3]^2//1000 - 77*X[3]//50000 + 13//500000
M23 = [1, X[3], X[2], X[1]]
Q23 = [2.7020578770648627e-05 -0.0007904102096945027 -0.0011067399097232282 -0.0002451020253272813;
 -0.0007904102096945027 0.027314142171479937 0.031119870733915707 0.007645288469823081;
 -0.0011067399097232282 0.031119870733915707 0.046186135640911875 0.009796828702363215;
 -0.0002451020253272813 0.007645288469823081 0.009796828702363215 0.0025695182793061505;
]
solve(n, X, P23, Q23, M23, true)
## Total Decomposition
P24 = 139*X[1]^4//50000 + 227*X[1]^3*X[2]//10000 + 191*X[1]^3*X[3]//10000 - 3*X[1]^3//2500 + 523*X[1]^2*X[2]^2//10000 + 41*X[1]^2*X[2]*X[3]//500 - 203*X[1]^2*X[2]//25000 + 389*X[1]^2*X[3]^2//10000 - 657*X[1]^2*X[3]//100000 + 93*X[1]^2//25000 + 277*X[1]*X[2]^3//10000 + 411*X[1]*X[2]^2*X[3]//10000 - 81*X[1]*X[2]^2//5000 + 229*X[1]*X[2]*X[3]^2//5000 - 127*X[1]*X[2]*X[3]//5000 + 301*X[1]*X[2]//10000 + 53*X[1]*X[3]^3//2000 - 51*X[1]*X[3]^2//5000 + 247*X[1]*X[3]//10000 - 93*X[1]//125000 + 101*X[2]^4//2000 + 31*X[2]^3*X[3]//400 - 3*X[2]^3//250 + 889*X[2]^2*X[3]^2//10000 - 123*X[2]^2*X[3]//5000 + 61*X[2]^2//1000 + 403*X[2]*X[3]^3//5000 - 23*X[2]*X[3]^2//1250 + 101*X[2]*X[3]//1000 - 3*X[2]//1000 + 371*X[3]^4//10000 - 507*X[3]^3//100000 + 413*X[3]^2//10000 - 251*X[3]//100000 + 19//500000
M24 = [1, X[3], X[2], X[1], X[3]^2, X[2]*X[3], X[1]*X[3], X[2]^2, X[1]*X[2], X[1]^2]
Q24 = [3.829158874645421e-05 -0.00126150260936806 -0.0015340538983134816 -0.0003748532780866953 4.357684287015551e-05 0.00019174573099842393 0.00012724251278224403 0.00011293330407087488 0.00016718256374858618 3.2440157685957154e-05;
 -0.00126150260936806 0.04160013232150082 0.050534722359156924 0.012351324448859618 -0.0025473887801993685 -0.007550012173276147 -0.004602545178910837 -0.003686511369830489 -0.0056035874573150245 -0.0010884387657407431;
 -0.0015340538983134816 0.050534722359156924 0.06149834067243043 0.015017904750062878 -0.0017170833200900089 -0.008673903408475542 -0.005127062833588626 -0.005781320099524289 -0.007054629839000287 -0.001306050771661212;
 -0.0003748532780866953 0.012351324448859618 0.015017904750062878 0.003699415863584425 -0.0004907630880168397 -0.002081953046314405 -0.002218631031424685 -0.001133310408397307 -0.0027894303563063124 -0.0006033854709310238;
 4.357684287015551e-05 -0.0025473887801993685 -0.0017170833200900089 -0.0004907630880168397 0.03719340796357722 0.04017333696055786 0.013229716235129777 -0.0008945842592473934 0.0033574403041744176 0.0006322792424732817;
 0.00019174573099842393 -0.007550012173276147 -0.008673903408475542 -0.002081953046314405 0.04017333696055786 0.09046333017884958 0.01941706451705757 0.03895469723403694 0.01884373402754269 0.002182554937101264;
 0.00012724251278224403 -0.004602545178910837 -0.005127062833588626 -0.002218631031424685 0.013229716235129777 0.01941706451705757 0.03759287355444532 0.0016892045802735119 0.038769525723118335 0.009551518440339447;
 0.00011293330407087488 -0.003686511369830489 -0.005781320099524289 -0.001133310408397307 -0.0008945842592473934 0.03895469723403694 0.0016892045802735119 0.05092702131336309 0.013968083831130034 0.00034890355264142006;
 0.00016718256374858618 -0.0056035874573150245 -0.007054629839000287 -0.0027894303563063124 0.0033574403041744176 0.01884373402754269 0.038769525723118335 0.013968083831130034 0.0513540400784054 0.011328259504682851;
 3.2440157685957154e-05 -0.0010884387657407431 -0.001306050771661212 -0.0006033854709310238 0.0006322792424732817 0.002182554937101264 0.009551518440339447 0.00034890355264142006 0.011328259504682851 0.002820723404235638;
]
solve(n, X, P24, Q24, M24, true)
## Multiplier-1
P25 = 69*X[1]^2//25000 + 219*X[1]*X[2]//10000 + 181*X[1]*X[3]//10000 - 143*X[1]//250000 + 9*X[2]^2//200 + 727*X[2]*X[3]//10000 - 23*X[2]//10000 + 313*X[3]^2//10000 - 19*X[3]//10000 + 3//100000
M25 = [1, X[3], X[2], X[1]]
Q25 = [2.9009417109640812e-05 -0.0009395585474904374 -0.0011323674758754567 -0.0002836307859675898;
 -0.0009395585474904374 0.031383602642495484 0.036500891708764985 0.009132757585255813;
 -0.0011323674758754567 0.036500891708764985 0.04558206473681634 0.011000741683267713;
 -0.0002836307859675898 0.009132757585255813 0.011000741683267713 0.002788668612314571;
]
solve(n, X, P25, Q25, M25, true)
# sixth
## Multiplier-3
P26 = 189*X[1]^2//500 - 3*X[1]*X[2]//400 - 87*X[1]*X[3]//2500 + 487*X[1]//50000 + 189*X[2]^2//500 - 87*X[2]*X[3]//2500 + 487*X[2]//50000 + 449*X[3]^2//1000 + 739*X[3]//10000 + 203//500
M26 = [1, X[3], X[2], X[1]]
Q26 = [0.4058590021345716 0.037095412241000186 0.0049502214749120475 0.00495022147491192;
 0.037095412241000186 0.4490101319754294 -0.017537004710091217 -0.017537004710091147;
 0.0049502214749120475 -0.017537004710091217 0.37743186971356696 -0.003709987077532949;
 0.00495022147491192 -0.017537004710091147 -0.003709987077532949 0.3774318697135657;
]
solve(n, X, P26, Q26, M26, true)
## Multiplier-2
P27 = 189*X[1]^2//500 - 353*X[1]*X[2]//10000 - 743*X[1]*X[3]//100000 + 487*X[1]//50000 + 449*X[2]^2//1000 - 353*X[2]*X[3]//10000 + 739*X[2]//10000 + 377*X[3]^2//1000 + 487*X[3]//50000 + 203//500
M27 = [1, X[3], X[2], X[1]]
Q27 = [0.4058590021345702 0.004950221474911341 0.037095412240999145 0.004950221474911114;
 0.004950221474911341 0.3774318697135663 -0.01753700471009183 -0.0037099870775331644;
 0.037095412240999145 -0.01753700471009183 0.44901013197542905 -0.017537004710091644;
