include("utils/util.jl")
include("utils/newtonUpdate.jl")
include("utils/rationalSOS.jl")

X = nothing
eig_tol = 1e-6
tol = 1e-50

SOS_time = 0
Newton_time = 0
function solve(n, X, f, Q, mono,newton)
    global SOS_time, Newton_time
    Q = round.(Q, digits=2)
    rQ = symplify_rational.(Q)

    model = nothing
    if !newton
        model = rational_SOS(f, 1, 0, mono, rQ)
    else
        Newton_time+=@elapsed update_Q = newton_refine_update(f, mono, Q, eig_tol, 90, tol, X)
        Q_res = symplify_rational.(update_Q*update_Q')
        SOS_time+=@elapsed model = rational_SOS(f, 1, 0, mono, Q_res)
    end
    
    SOSrational_time, coeffs, terms = model[2:end]
    
    @show expand(f-(coeffs' * terms.^2))

    data = Dict(
        "n" => n,
        "expression" => f,
        "coeff" => join([string(c) for c in coeffs], ","),
        "term" => join([string(t) for t in terms], ","),
        "SOSrational_time" => SOSrational_time,
        "SOS_expression" => string(coeffs' * terms.^2)
    )

    # save("src/output/data.json", data)    
end

n = 3
@Symbolics.variables X[1:n]

#H9
# third
## Multiplier-3
P0 = 18*X[1]^2//625 - 39*X[1]*X[2]//2500 + 507*X[1]*X[3]//10000000 + 37*X[1]//2500 + 41*X[2]^2//5000 - 97*X[2]*X[3]//12500 - 23*X[2]//2500 + 51*X[3]^2//10000 + 39*X[3]//10000 + 9//125
M0 = [1, X[3], X[2], X[1]]
Q0 = [0.07180370295326344 0.0019033570914055683 -0.004627351384049864 0.007396598221031367;
 0.0019033570914055683 0.00542088038851238 -0.0041522340871995665 7.948609652094777e-06;
 -0.004627351384049864 -0.0041522340871995665 0.008249017642396177 -0.007579576134656268;
 0.007396598221031367 7.948609652094777e-06 -0.007579576134656268 0.028788931062736955;
]
solve(n, X, P0, Q0, M0, true)
## Multiplier-2
P1 = 23*X[1]^2//1250 - 151*X[1]*X[2]//10000 + 763*X[1]*X[3]//100000 - 31*X[1]//4000 + 49*X[2]^2//6250 - 657*X[2]*X[3]//100000 - 129*X[2]//50000 + X[3]^2//250 + 27*X[3]//100000 + 9//1000
M1 = [1, X[3], X[2], X[1]]
Q1 = [0.00937329181595211 0.00013820217345651383 -0.0013416200621437487 -0.004019641182434206;
 0.00013820217345651383 0.004186208709570461 -0.0034140018497587077 0.003964308984399995;
 -0.0013416200621437487 -0.0034140018497587077 0.007612895182896234 -0.007337857120434861;
 -0.004019641182434206 0.003964308984399995 -0.007337857120434861 0.01837089827232766;
]
solve(n, X, P1, Q1, M1, true)
## Total Decomposition
P2 = 643*X[1]^4//10000 + 199*X[1]^3*X[2]//10000 + 287*X[1]^3*X[3]//5000 - 117*X[1]^3//500 + 67*X[1]^2*X[2]^2//5000 + 109*X[1]^2*X[2]*X[3]//10000 - 4*X[1]^2*X[2]//25 + 409*X[1]^2*X[3]^2//5000 - 211*X[1]^2*X[3]//1000 + 76*X[1]^2//125 - 107*X[1]*X[2]^3//5000 - 139*X[1]*X[2]^2*X[3]//10000 + 43*X[1]*X[2]^2//2500 - 11*X[1]*X[2]*X[3]^2//625 + 107*X[1]*X[2]*X[3]//10000 + 221*X[1]*X[2]//1000 + 141*X[1]*X[3]^3//10000 - 929*X[1]*X[3]^2//10000 + 43*X[1]*X[3]//200 - 29*X[1]//50 + 159*X[2]^4//25000 - 177*X[2]^3*X[3]//50000 - 953*X[2]^3//100000 + 53*X[2]^2*X[3]^2//5000 + 13*X[2]^2*X[3]//1250 + 51*X[2]^2//500 - 23*X[2]*X[3]^3//2000 - 8*X[2]*X[3]^2//625 + 177*X[2]*X[3]//2500 - 17*X[2]//100 + 739*X[3]^4//100000 - 277*X[3]^3//5000 + 33*X[3]^2//125 - 157*X[3]//1000 + 209//1000
M2 = [1, X[3], X[2], X[1], X[3]^2, X[2]*X[3], X[1]*X[3], X[2]^2, X[1]*X[2], X[1]^2]
Q2 = [0.20883642727216725 -0.07863616869785026 -0.08493783042128779 -0.2896938756759296 0.016183421866880446 -0.00777089379682813 0.03487189167595499 -0.006838937947210954 0.03260890926405181 0.0645402748768113;
 -0.07863616869785026 0.2311860150381176 0.0433679176713707 0.07304398667654419 -0.027583483330022574 0.0028733147236039243 -0.02712030822608363 0.003269920576782111 -0.008034798347110522 -0.03405154265964167;
 -0.08493783042128779 0.0433679176713707 0.11638245635502747 0.0778371443361374 -0.009373418116860729 0.0019125674108794325 0.0006080316528054891 -0.004844091775362939 -0.012238786029356914 -0.021847707802543425;
 -0.2896938756759296 0.07304398667654419 0.0778371443361374 0.4788568778779454 -0.019394878889690038 0.01276025790271517 -0.07175432130289519 0.020697392893599363 -0.057657345956564576 -0.11672068923185507;
 0.016183421866880446 -0.027583483330022574 -0.009373418116860729 -0.019394878889690038 0.007367477019531383 -0.005743922301547808 0.007034134263595109 -0.00040165706579877277 0.003486290799814491 0.006827472446257735;
 -0.00777089379682813 0.0028733147236039243 0.0019125674108794325 0.01276025790271517 -0.005743922301547808 0.011512944445091567 -0.012380304125258205 -0.0017963724874961104 0.0003001011797044832 -0.0017336942850260798;
 0.03487189167595499 -0.02712030822608363 0.0006080316528054891 -0.07175432130289519 0.007034134263595109 -0.012380304125258205 0.06870081178044146 -0.007221649162854923 0.0071381184589600615 0.02876261425377856;
 -0.006838937947210954 0.003269920576782111 -0.004844091775362939 0.020697392893599363 -0.00040165706579877277 -0.0017963724874961104 -0.007221649162854923 0.006368591521357198 -0.010657371918749908 -0.00921157729302491;
 0.03260890926405181 -0.008034798347110522 -0.012238786029356914 -0.057657345956564576 0.003486290799814491 0.0003001011797044832 0.0071381184589600615 -0.010657371918749908 0.03151440551523058 0.010161390588881434;
 0.0645402748768113 -0.03405154265964167 -0.021847707802543425 -0.11672068923185507 0.006827472446257735 -0.0017336942850260798 0.02876261425377856 -0.00921157729302491 0.010161390588881434 0.0641822530919331;
]
solve(n, X, P2, Q2, M2, true)
## Multiplier-1
P3 = 47*X[1]^2//2000 - 17*X[1]*X[2]//1000 - 427*X[1]*X[3]//100000 - 9*X[1]//500 + 493*X[2]^2//100000 - 179*X[2]*X[3]//50000 + 3*X[2]//500 + 3*X[3]^2//250 - 503*X[3]//1000000 + 673//100000
M3 = [1, X[3], X[2], X[1]]
Q3 = [0.0065320054357269385 -0.00024050638453256384 0.002912461337211542 -0.008724440355578273;
 -0.00024050638453256384 0.012036383178088195 -0.0017929707237014916 -0.0021565477630676078;
 0.002912461337211542 -0.0017929707237014916 0.005064050300529377 -0.008646405728996151;
 -0.008724440355578273 -0.0021565477630676078 -0.008646405728996151 0.023054759958106984;
]
solve(n, X, P3, Q3, M3, true)
# second
## Multiplier-3
P4 = 3*X[1]^2//2500 - 751*X[1]*X[2]//100000000 + 439*X[1]*X[3]//1000000 + 79*X[1]//100000 + 309*X[2]^2//1000000 + 37*X[2]*X[3]//25000 - 53*X[2]//100000 + 41*X[3]^2//20000 - 9*X[3]//25000 + 1//1000
M4 = [1, X[3], X[2], X[1]]
Q4 = [0.0005925937414267503 -0.0001063508919916192 -0.0001557943742708435 0.00023244495290498766;
 -0.0001063508919916192 0.001580986335671993 0.0005671201818716301 0.00018267558885698198;
 -0.0001557943742708435 0.0005671201818716301 0.0006538676635291849 0.0004122394028682994;
 0.00023244495290498766 0.00018267558885698198 0.0004122394028682994 0.00106496292804259;
]
solve(n, X, P4, Q4, M4, true)
## Multiplier-2
P5 = 43*X[1]^2//200000 - 41*X[1]*X[2]//2000000 + 109*X[1]*X[3]//500000 + 14*X[1]//15625 + 183*X[2]^2//1000000 + 119*X[2]*X[3]//100000 - 137*X[2]//500000 + 51*X[3]^2//25000 - 77*X[3]//250000 + 1//1000
M5 = [1, X[3], X[2], X[1]]
Q5 = [0.0005600214800615428 -8.590757881473014e-05 -7.637555402670822e-05 0.0002491226031479163;
 -8.590757881473014e-05 0.0017100035769875017 0.0004971851790983192 0.00011048671347666703;
 -7.637555402670822e-05 0.0004971851790983192 0.00042688753822006073 0.0003670750150467545;
 0.0002491226031479163 0.00011048671347666703 0.0003670750150467545 0.0010672544956314253;
]
solve(n, X, P5, Q5, M5, true)
## Total Decomposition
P6 = 907*X[1]^4//10000 + 161*X[1]^3*X[2]//1000000 + 573*X[1]^3*X[3]//100000 + 137*X[1]^3//5000 + 303*X[1]^2*X[2]^2//10000 + 143*X[1]^2*X[2]*X[3]//2500 - 113*X[1]^2*X[2]//2500 + 3*X[1]^2*X[3]^2//25 - 87*X[1]^2*X[3]//25000 + 14*X[1]^2//625 + 211*X[1]*X[2]^3//10000 - 153*X[1]*X[2]^2*X[3]//100000 + 71*X[1]*X[2]^2//5000 + 201*X[1]*X[2]*X[3]^2//2500 - 9*X[1]*X[2]*X[3]//500 + 67*X[1]*X[2]//2000 + 23*X[1]*X[3]^3//200 - 131*X[1]*X[3]^2//10000 + X[1]*X[3]//400 + 3*X[1]//250 + 231*X[2]^4//25000 - 123*X[2]^3*X[3]//250000 + 743*X[2]^3//100000 + 171*X[2]^2*X[3]^2//1000 + 431*X[2]^2*X[3]//100000 + 39*X[2]^2//2500 + 57*X[2]*X[3]^3//100 + 547*X[2]*X[3]^2//10000 + 4*X[2]*X[3]//125 - 3*X[2]//200 + 12*X[3]^4//25 + 23*X[3]^3//400 + 551*X[3]^2//10000 - 21*X[3]//2500 + 19//250
M6 = [1, X[3], X[2], X[1], X[3]^2, X[2]*X[3], X[1]*X[3], X[2]^2, X[1]*X[2], X[1]^2]
Q6 = [0.07618827592294572 -0.004226267582841156 -0.007290428931148644 0.006064181762060584 -0.01760305888383398 -0.008545679313592146 0.000604654349015507 -0.006786408112511792 0.0014169121456473121 -0.02662864213245949;
 -0.004226267582841156 0.09031886302682235 0.024510527084135834 0.000657948377497164 0.02881385728674424 0.018768887794119126 0.00798558490659838 -0.0011664297670586697 -0.0013845440998340721 0.0007442822871263021;
 -0.007290428931148644 0.024510527084135834 0.029348828392345774 0.01546836418151699 0.008598945433076714 0.0033032827438883956 0.00047431147115154637 0.0037447998421230783 0.009276178529055813 -0.010368692942078348;
 0.006064181762060584 0.000657948377497164 0.01546836418151699 0.07587647786115803 -0.014569008967093821 -0.00813672559988892 -0.002491007562795722 -0.002109548357910675 -0.012326998852760099 0.013700547665663232;
 -0.01760305888383398 0.02881385728674424 0.008598945433076714 -0.014569008967093821 0.4806035161704341 0.28530135652479194 0.057617445727957795 -0.015476157556714781 -0.010740253759844897 0.012414009132802559;
 -0.008545679313592146 0.018768887794119126 0.0033032827438883956 -0.00813672559988892 0.28530135652479194 0.2019920752243707 0.051367472056267266 -0.00021009064155587463 -0.001285770334552742 0.009479536639750622;
 0.000604654349015507 0.00798558490659838 0.00047431147115154637 -0.002491007562795722 0.057617445727957795 0.051367472056267266 0.09543175293279021 0.0007164611203183114 0.019335950764719636 0.002875780100683828;
 -0.006786408112511792 -0.0011664297670586697 0.0037447998421230783 -0.002109548357910675 -0.015476157556714781 -0.00021009064155587463 0.0007164611203183114 0.009307620455873107 0.01059410207310219 -0.006553185246906285;
 0.0014169121456473121 -0.0013845440998340721 0.009276178529055813 -0.012326998852760099 -0.010740253759844897 -0.001285770334552742 0.019335950764719636 0.01059410207310219 0.04321829855643341 -0.00015294497733203184;
 -0.02662864213245949 0.0007442822871263021 -0.010368692942078348 0.013700547665663232 0.012414009132802559 0.009479536639750622 0.002875780100683828 -0.006553185246906285 -0.00015294497733203184 0.0909151607630319;
]
solve(n, X, P6, Q6, M6, true)
## Multiplier-1
P7 = 89*X[1]^2//1000 + 393*X[1]*X[2]//10000 - 51*X[1]*X[3]//10000 + 87*X[1]//10000 + 481*X[2]^2//10000 + 71*X[2]*X[3]//2000 - 153*X[2]//10000 + 49*X[3]^2//500 - 31*X[3]//10000 + 59//1000
M7 = [1, X[3], X[2], X[1]]
Q7 = [0.05945383558147464 -0.0015304827125657402 -0.007750998856863323 0.004376758741150328;
 -0.0015304827125657402 0.09808658902265946 0.01770707817800987 -0.0025516443617036185;
 -0.007750998856863323 0.01770707817800987 0.0482767486560569 0.019690441291064283;
 0.004376758741150328 -0.0025516443617036185 0.019690441291064283 0.08876038380342496;
]
solve(n, X, P7, Q7, M7, true)
# seventh
## Multiplier-3
P8 = 99*X[1]^2//200 + 33*X[1]*X[2]//12500 - 103*X[1]*X[3]//50000 + 263*X[1]//10000 + 99*X[2]^2//200 - 103*X[2]*X[3]//50000 + 263*X[2]//10000 + 301*X[3]^2//500 + 637*X[3]//10000 + 549//1000
M8 = [1, X[3], X[2], X[1]]
Q8 = [0.5490012140737824 0.03191805414697064 0.01344350348929293 0.01344350348929287;
 0.03191805414697064 0.6020830459419859 -0.0009139693532022005 -0.0009139693532022841;
 0.01344350348929293 -0.0009139693532022005 0.4950761077532858 0.0013704687294091597;
 0.01344350348929287 -0.0009139693532022841 0.0013704687294091597 0.4950761077532858;
]
solve(n, X, P8, Q8, M8, true)
## Multiplier-2
P9 = 99*X[1]^2//200 - 207*X[1]*X[2]//100000 + 263*X[1]*X[3]//100000 + 263*X[1]//10000 + 301*X[2]^2//500 - 143*X[2]*X[3]//100000 + 637*X[2]//10000 + 99*X[3]^2//200 + 263*X[3]//10000 + 549//1000
M9 = [1, X[3], X[2], X[1]]
Q9 = [0.5490012140737826 0.013443503489293001 0.03191805414697049 0.013443503489292866;
 0.013443503489293001 0.4950761077532863 -0.0009139693532019757 0.0013704687294094106;
 0.03191805414697049 -0.0009139693532019757 0.6020830459419864 -0.000913969353202122;
 0.013443503489292866 0.0013704687294094106 -0.000913969353202122 0.495076107753286;
]
solve(n, X, P9, Q9, M9, true)
## Total Decomposition
P10 = 301*X[1]^4//500 - 159*X[1]^3*X[2]//100000 - 117*X[1]^3*X[3]//50000 - 89*X[1]^3//500 + 991*X[1]^2*X[2]^2//1000 + 179*X[1]^2*X[2]*X[3]//50000 - 17*X[1]^2*X[2]//100 + 991*X[1]^2*X[3]^2//1000 - 17*X[1]^2*X[3]//100 + 293*X[1]^2//500 - 189*X[1]*X[2]^3//100000 + 363*X[1]*X[2]^2*X[3]//100000 - 17*X[1]*X[2]^2//100 + 73*X[1]*X[2]*X[3]^2//25000 - 273*X[1]*X[2]*X[3]//100000 - 223*X[1]*X[2]//10000 - 211*X[1]*X[3]^3//100000 - 17*X[1]*X[3]^2//100 - 53*X[1]*X[3]//2500 - 43*X[1]//200 + 603*X[2]^4//1000 - 233*X[2]^3*X[3]//100000 - 89*X[2]^3//500 + 99*X[2]^2*X[3]^2//100 - 17*X[2]^2*X[3]//100 + 293*X[2]^2//500 - 51*X[2]*X[3]^3//25000 - 17*X[2]*X[3]^2//100 - 53*X[2]*X[3]//2500 - 43*X[2]//200 + 301*X[3]^4//500 - 177*X[3]^3//1000 + 293*X[3]^2//500 - 43*X[3]//200 + 123//200
M10 = [1, X[3], X[2], X[1], X[3]^2, X[2]*X[3], X[1]*X[3], X[2]^2, X[1]*X[2], X[1]^2]
Q10 = [0.6148488250568734 -0.10750096641245069 -0.1075009664124504 -0.10750096641245065 -0.044968508231423725 -0.020790842411827815 -0.020790842411827656 -0.044968508231423905 -0.02079084241182806 -0.04496850823142407;
 -0.10750096641245069 0.6756601872969895 0.010018152383521255 0.01001815238352102 -0.08849855675322126 -0.049534789271925485 -0.049534789271925575 -0.03567134243559924 -0.0005481874999323475 -0.03567134243559924;
 -0.1075009664124504 0.010018152383521255 0.6756601872969893 0.010018152383521044 -0.03567134243559937 -0.04953478927192576 -0.0005481874999323225 -0.08849855675322137 -0.049534789271925506 -0.035671342435599114;
 -0.10750096641245065 0.01001815238352102 0.010018152383521044 0.6756601872969896 -0.03567134243559909 -0.0005481874999323365 -0.04953478927192559 -0.03567134243559907 -0.049534789271925415 -0.08849855675322121;
 -0.044968508231423725 -0.08849855675322126 -0.03567134243559937 -0.03567134243559909 0.6020830459419863 -0.0009139693532020809 -0.0009139693532021393 0.08569841485411156 0.0027564345286129168 0.08569841485411135;
 -0.020790842411827815 -0.049534789271925485 -0.04953478927192576 -0.0005481874999323365 -0.0009139693532020809 0.8187553853855847 -0.0013859657992039 -0.0009139693532020819 -0.0013859657992034643 0.002756434528613104;
 -0.020790842411827656 -0.049534789271925575 -0.0005481874999323225 -0.04953478927192559 -0.0009139693532021393 -0.0013859657992039 0.8187553853855846 0.0027564345286127845 -0.001385965799203611 -0.0009139693532020927;
 -0.044968508231423905 -0.03567134243559924 -0.08849855675322137 -0.03567134243559907 0.08569841485411156 -0.0009139693532020819 0.0027564345286127845 0.6020830459419869 -0.0009139693532021479 0.08569841485411107;
 -0.02079084241182806 -0.0005481874999323475 -0.049534789271925506 -0.049534789271925415 0.0027564345286129168 -0.0013859657992034643 -0.001385965799203611 -0.0009139693532021479 0.818755385385585 -0.000913969353201993;
 -0.04496850823142407 -0.03567134243559924 -0.035671342435599114 -0.08849855675322121 0.08569841485411135 0.002756434528613104 -0.0009139693532020927 0.08569841485411107 -0.000913969353201993 0.6020830459419866;
]
solve(n, X, P10, Q10, M10, true)
## Multiplier-1
P11 = 301*X[1]^2//500 - 9*X[1]*X[2]//6250 - 143*X[1]*X[3]//100000 + 637*X[1]//10000 + 99*X[2]^2//200 + 263*X[2]*X[3]//100000 + 263*X[2]//10000 + 99*X[3]^2//200 + 263*X[3]//10000 + 549//1000
M11 = [1, X[3], X[2], X[1]]
Q11 = [0.5490012140737835 0.013443503489292904 0.013443503489292907 0.03191805414697064;
 0.013443503489292904 0.495076107753286 0.001370468729409578 -0.0009139693532020854;
 0.013443503489292907 0.001370468729409578 0.49507610775328603 -0.0009139693532021064;
 0.03191805414697064 -0.0009139693532020854 -0.0009139693532021064 0.6020830459419869;
]
solve(n, X, P11, Q11, M11, true)
# eighth
## Total Decomposition
P12 = 259*X[1]^4//10000 + 57*X[1]^3*X[2]//25000 - 69*X[1]^3*X[3]//50000 - 51*X[1]^3//200 + 271*X[1]^2*X[2]^2//10000 - 133*X[1]^2*X[2]*X[3]//50000 - 3*X[1]^2*X[2]//250 + 16*X[1]^2*X[3]^2//625 + 59*X[1]^2*X[3]//5000 + 181*X[1]^2//250 - 137*X[1]*X[2]^2//500 + 7*X[1]*X[2]*X[3]//250 + 127*X[1]*X[2]//10000 - 259*X[1]*X[3]^2//1000 + 809*X[1]*X[3]//10000 + 507*X[1]//10000 + 699*X[2]^2//1000 - 959*X[2]*X[3]//10000 - 167*X[2]//500 + 679*X[3]^2//1000 + 91*X[3]//2500 + 99//125
M12 = [1, X[3], X[2], X[1], X[3]^2, X[2]*X[3], X[1]*X[3], X[2]^2, X[1]*X[2], X[1]^2]
Q12 = [0.7922023002403704 0.01799285939031507 -0.16717411565952656 0.0254545426404336 -1.2074543343800116e-06 -2.1837178192948986e-06 0.0035389661726687423 -1.3414762320124545e-06 0.0290540908315454 -0.018155455453169215;
 0.01799285939031507 0.6793571279986326 -0.04800038734178056 0.03742411063019417 6.0900693211598154e-18 -3.52222813119623e-06 -0.1297073953122119 -6.397639288214553e-06 0.010248945622978373 0.003719934101542065;
 -0.16717411565952656 -0.04800038734178056 0.6987894472488424 -0.022998063761641988 3.5222281312753213e-06 6.397639288224103e-06 0.0038968744847200335 -6.1652553621617886e-18 -0.13672674707694996 -0.004269349930180727;
 0.0254545426404336 0.03742411063019417 -0.022998063761641988 0.7597793316525563 -1.9046460582026545e-06 -2.160309690623644e-06 0.0023911140095071396 -2.5042693183848005e-06 -0.0019772879767271084 -0.12723634366850498;
 -1.2074543343800116e-06 6.0900693211598154e-18 3.5222281312753213e-06 -1.9046460582026545e-06 7.036620032592767e-09 4.679624347641724e-21 3.685878181932662e-18 -4.097852798909683e-09 -4.826016172312975e-07 6.044278374373293e-08;
 -2.1837178192948986e-06 -3.52222813119623e-06 6.397639288224103e-06 -2.160309690623644e-06 4.679624347641724e-21 1.5232325630431808e-08 4.826016172267596e-07 6.479943177633577e-21 -9.343702286654732e-07 -2.0115727829082247e-07;
 0.0035389661726687423 -0.1297073953122119 0.0038968744847200335 0.0023911140095071396 3.685878181932662e-18 4.826016172267596e-07 0.02568489605705238 9.343702286408193e-07 -0.0014001611985436275 -0.0005963887528286036;
 -1.3414762320124545e-06 -6.397639288214553e-06 -6.1652553621617886e-18 -2.5042693183848005e-06 -4.097852798909683e-09 6.479943177633577e-21 9.343702286408193e-07 7.036620032591954e-09 7.253103392909085e-18 -2.1673159105197295e-07;
 0.0290540908315454 0.010248945622978373 -0.13672674707694996 -0.0019772879767271084 -4.826016172312975e-07 -9.343702286654732e-07 -0.0014001611985436275 7.253103392909085e-18 0.027075539777445843 0.0010947483932558552;
 -0.018155455453169215 0.003719934101542065 -0.004269349930180727 -0.12723634366850498 6.044278374373293e-08 -2.0115727829082247e-07 -0.0005963887528286036 -2.1673159105197295e-07 0.0010947483932558552 0.026317489260111324;
]
solve(n, X, P12, Q12, M12, true)
## Multiplier-1
P13 = 263*X[1]^2//10000 + 111*X[1]*X[2]//50000 - 3*X[1]*X[3]//2500 + 57*X[1]//5000 + 27*X[2]^2//1000 - 141*X[2]*X[3]//50000 + 193*X[2]//20000 + 13*X[3]^2//500 + X[3]//5000 + 1//40
M13 = [1, X[3], X[2], X[1]]
Q13 = [0.024875526828840925 8.752171933483477e-05 0.004810320864369526 0.005666941564774541;
 8.752171933483477e-05 0.025685016941682955 -0.0014003623559977628 -0.0005963887534990254;
 0.004810320864369526 -0.0014003623559977628 0.027075106315204853 0.0010947483931955735;
 0.005666941564774541 -0.0005963887534990254 0.0010947483931955735 0.026317489260963056;
]
solve(n, X, P13, Q13, M13, true)
# first
## Total Decomposition
P14 = 273*X[1]^4//500 + 231*X[1]^3*X[2]//50000 - 149*X[1]^3*X[3]//100000 - 7*X[1]^3//2500 + 11*X[1]^2*X[2]^2//10 - 271*X[1]^2*X[2]*X[3]//100000 + 941*X[1]^2*X[2]//100000 + 109*X[1]^2*X[3]^2//100 - 31*X[1]^2*X[3]//20000 + 153*X[1]^2//250 + 39*X[1]*X[2]^3//10000 + 253*X[1]*X[2]^2*X[3]//1000000 - 237*X[1]*X[2]^2//100000 + 479*X[1]*X[2]*X[3]^2//100000 - 117*X[1]*X[2]*X[3]//100000 - 71*X[1]*X[2]//500 - 421*X[1]*X[3]^3//500000 - 17*X[1]*X[3]^2//6250 + 199*X[1]*X[3]//5000 + 353*X[1]//5000 + 11*X[2]^4//20 - 113*X[2]^3*X[3]//50000 + X[2]^3//100 + 109*X[2]^2*X[3]^2//100 - 599*X[2]^2*X[3]//1000000 + 62*X[2]^2//125 - 191*X[2]*X[3]^3//100000 + 61*X[2]*X[3]^2//6250 + 861*X[2]*X[3]//10000 - 3*X[2]//20 + 543*X[3]^4//1000 - 199*X[3]^3//250000 + 343*X[3]^2//500 + 37*X[3]//2000 + 68//125
M14 = [1, X[3], X[2], X[1], X[3]^2, X[2]*X[3], X[1]*X[3], X[2]^2, X[1]*X[2], X[1]^2]
Q14 = [0.543867817514898 0.009245222102567154 -0.07499692230795828 0.03546538093195642 -0.02333093793445236 0.02212447835230155 0.009666411004524013 -0.07287357644706124 -0.0334633795756226 -0.04115175789648149;
 0.009245222102567154 0.732812093629263 0.020664361770435548 0.010210051416055872 -0.0006918037807631073 4.693772656304327e-05 0.0008588190528972698 -0.00010854267087744612 -0.00042114822405668985 -0.0010944468675985035;
 -0.07499692230795828 0.020664361770435548 0.6416270938148664 -0.03723186697588541 0.004762256481269277 -0.000583261109885851 -0.001195414991352808 0.004809194207832798 0.004765815952088046 0.007524675598185476;
 0.03546538093195642 0.010210051416055872 -0.03723186697588541 0.6953504612981339 -0.002148540441280779 0.0016165632154094152 0.00040264308683539705 -0.006055537340471527 -0.002715481390352731 -0.0012897213883835718;
 -0.02333093793445236 -0.0006918037807631073 0.004762256481269277 -0.002148540441280779 0.5431974185015127 -0.0011174600324604042 -0.0004855324721085897 0.07925371813322682 0.0017909939053026695 0.07703767987630607;
 0.02212447835230155 4.693772656304327e-05 -0.000583261109885851 0.0016165632154094152 -0.0011174600324604042 0.9347064651715448 7.807156645614784e-05 -0.0011174600324603287 0.00028995834361790165 -0.0015642425343635347;
 0.009666411004524013 0.0008588190528972698 -0.001195414991352808 0.00040264308683539705 -0.0004855324721085897 7.807156645614784e-05 0.9345748916869417 -0.0007754908157262486 0.00044678250190315994 -0.00048553247210868445;
 -0.07287357644706124 -0.00010854267087744612 0.004809194207832798 -0.006055537340471527 0.07925371813322682 -0.0011174600324603287 -0.0007754908157262486 0.5500164829464373 0.0018690654717594096 0.08162420301229847;
 -0.0334633795756226 -0.00042114822405668985 0.004765815952088046 -0.002715481390352731 0.0017909939053026695 0.00028995834361790165 0.00044678250190315994 0.0018690654717594096 0.9322209098598807 0.001869065471759562;
 -0.04115175789648149 -0.0010944468675985035 0.007524675598185476 -0.0012897213883835718 0.07703767987630607 -0.0015642425343635347 -0.00048553247210868445 0.08162420301229847 0.001869065471759562 0.5454528329479917;
]
solve(n, X, P14, Q14, M14, true)
## Multiplier-1
P15 = 109*X[1]^2//200 + 327*X[1]*X[2]//100000 - 53*X[1]*X[3]//50000 - 123*X[1]//50000 + 11*X[2]^2//20 - 11*X[2]*X[3]//5000 + 123*X[2]//12500 + 543*X[3]^2//1000 - 123*X[3]//100000 + 611//1000
M15 = [1, X[3], X[2], X[1]]
Q15 = [0.6107009453432898 -0.0006918037807632255 0.0048091942078323695 -0.0012897213883836494;
 -0.0006918037807632255 0.5431974185015129 -0.0011174600324603914 -0.000485532472108419;
 0.0048091942078323695 -0.0011174600324603914 0.550016482946438 0.0018690654717596746;
 -0.0012897213883836494 -0.000485532472108419 0.0018690654717596746 0.5454528329479921;
]
solve(n, X, P15, Q15, M15, true)
# fifth
## Multiplier-3
P16 = 503*X[1]^2//1000 + 73*X[1]*X[2]//20000 - 217*X[1]*X[3]//100000 + 63*X[1]//2500 + 503*X[2]^2//1000 - 33*X[2]*X[3]//10000 + 273*X[2]//10000 + 609*X[3]^2//1000 + 317*X[3]//5000 + 547//1000
M16 = [1, X[3], X[2], X[1]]
Q16 = [0.5472662208070099 0.03193707838321959 0.013933890023346484 0.012579171615648812;
 0.03193707838321959 0.609305967320347 -0.0016661670262231598 -0.0008943017452158602;
 0.013933890023346484 -0.0016661670262231598 0.5032685768557954 0.002029953245335913;
 0.012579171615648812 -0.0008943017452158602 0.002029953245335913 0.5028001674865844;
]
solve(n, X, P16, Q16, M16, true)
## Multiplier-2
P17 = 63*X[1]^2//125 + 231*X[1]*X[2]//100000 + 71*X[1]*X[3]//20000 + 119*X[1]//5000 + 613*X[2]^2//1000 - 383*X[2]*X[3]//100000 + 521*X[2]//10000 + 251*X[3]^2//500 + 261*X[3]//10000 + 283//500
M17 = [1, X[3], X[2], X[1]]
Q17 = [0.5663595608989709 0.01329171108954804 0.025935064050792652 0.011828117178341131;
 0.01329171108954804 0.502060606224789 -0.001908779934475225 0.0017141358301711299;
 0.025935064050792652 -0.001908779934475225 0.6127405878459767 0.0012777381379626101;
 0.011828117178341131 0.0017141358301711299 0.0012777381379626101 0.5038979334071262;
]
solve(n, X, P17, Q17, M17, true)
## Total Decomposition
P18 = 153*X[1]^4//250 - 483*X[1]^3*X[2]//100000 - 37*X[1]^3*X[3]//12500 - 89*X[1]^3//500 + 993*X[1]^2*X[2]^2//1000 - 9*X[1]^2*X[2]*X[3]//1250 - 189*X[1]^2*X[2]//1000 + 999*X[1]^2*X[3]^2//1000 - 83*X[1]^2*X[3]//500 + 59*X[1]^2//100 - 17*X[1]*X[2]^3//6250 - 499*X[1]*X[2]^2*X[3]//50000 - 4*X[1]*X[2]^2//25 - 7*X[1]*X[2]*X[3]^2//3125 - 79*X[1]*X[2]*X[3]//25000 - 177*X[1]*X[2]//1000 - 287*X[1]*X[3]^3//50000 - 171*X[1]*X[3]^2//1000 - 411*X[1]*X[3]//1000000 - 153*X[1]//1000 + 153*X[2]^4//250 - 53*X[2]^3*X[3]//25000 - 67*X[2]^3//500 + X[2]^2*X[3]^2 - 31*X[2]^2*X[3]//200 + 263*X[2]^2//500 - 387*X[2]*X[3]^3//100000 - 31*X[2]*X[3]^2//200 + 41*X[2]*X[3]//1250 - 149*X[2]//500 + 76*X[3]^4//125 - 9*X[3]^3//50 + 659*X[3]^2//1000 - 193*X[3]//1000 + 74//125
M18 = [1, X[3], X[2], X[1], X[3]^2, X[2]*X[3], X[1]*X[3], X[2]^2, X[1]*X[2], X[1]^2]
Q18 = [0.5922536787502115 -0.09655892539823786 -0.14912698686586956 -0.07663133709793624 -0.02570458139506293 -0.006427809542447657 -0.011221531010313522 -0.06874736744098384 -0.057643650935935487 -0.044525353772389455;
 -0.09655892539823786 0.7096740587240885 0.02287789622784125 0.011131988502943507 -0.08988466731583841 -0.052003598591268074 -0.048458635673731536 -0.03198068020962254 0.003432965394283043 -0.036098566952247606;
 -0.14912698686586956 0.02287789622784125 0.6634250340248764 -0.03048361218208296 -0.02605549050967545 -0.04603260725363476 -0.001451030810034389 -0.06712569830759198 -0.04164106468788334 -0.03200489274178515;
 -0.07663133709793624 0.011131988502943507 -0.03048361218208296 0.6793651354911154 -0.036999763806110544 -0.0035468379165223968 -0.04729295605522813 -0.03803976990683777 -0.0624701677856782 -0.08932304123665476;
 -0.02570458139506293 -0.08988466731583841 -0.02605549050967545 -0.036999763806110544 0.6084865102408838 -0.0016352546916688418 -0.0030040151342931943 0.08518199829570625 0.003055493769311424 0.08360337345004439;
 -0.006427809542447657 -0.052003598591268074 -0.04603260725363476 -0.0035468379165223968 -0.0016352546916688418 0.8329468696526521 -0.004063224404323446 -0.0007759020009196148 -0.0039027001876758573 -0.0005954703261924291;
 -0.011221531010313522 -0.048458635673731536 -0.001451030810034389 -0.04729295605522813 -0.0030040151342931943 -0.004063224404323446 0.8319585481775424 -0.0006035438043113399 -0.002900079533849526 -0.0013707665783593056;
 -0.06874736744098384 -0.03198068020962254 -0.06712569830759198 -0.03803976990683777 0.08518199829570625 -0.0007759020009196148 -0.0006035438043113399 0.6118797578556576 -0.001657486840680742 0.08302219601441835;
 -0.057643650935935487 0.003432965394283043 -0.04164106468788334 -0.0624701677856782 0.003055493769311424 -0.0039027001876758573 -0.002900079533849526 -0.001657486840680742 0.8272465148279137 -0.0023616466370969874;
 -0.044525353772389455 -0.036098566952247606 -0.03200489274178515 -0.08932304123665476 0.08360337345004439 -0.0005954703261924291 -0.0013707665783593056 0.08302219601441835 -0.0023616466370969874 0.6120312996739171;
]
solve(n, X, P18, Q18, M18, true)
## Multiplier-1
P19 = 61*X[1]^2//100 + 27*X[1]*X[2]//31250 - 31*X[1]*X[3]//12500 + 327*X[1]//5000 + 253*X[2]^2//500 + 379*X[2]*X[3]//100000 + 327*X[2]//10000 + 251*X[3]^2//500 + 271*X[3]//10000 + 141//250
M19 = [1, X[3], X[2], X[1]]
Q19 = [0.5644644176893661 0.013634798399847183 0.016484407686650417 0.03299305076476528;
 0.013634798399847183 0.5025832591164614 0.001882591675284765 -0.0010785249476721955;
 0.016484407686650417 0.001882591675284765 0.5062609416971142 0.0004262906409847666;
 0.03299305076476528 -0.0010785249476721955 0.0004262906409847666 0.6099694570105179;
]
solve(n, X, P19, Q19, M19, true)
# fourth
## Multiplier-3
P20 = 121*X[1]^2//10000 + 729*X[1]*X[2]//100000 - 609*X[1]*X[3]//100000 - 3*X[1]//5000 + 91*X[2]^2//10000 - 33*X[2]*X[3]//20000 - 7*X[2]//5000 + 7*X[3]^2//625 + 9*X[3]//3125 + 1//100
M20 = [1, X[3], X[2], X[1]]
Q20 = [0.01010774765628545 0.0014549306505548156 -0.0007001919801022089 -0.00030767798610773834;
 0.0014549306505548156 0.010878837728942697 -0.0008077658183082035 -0.002956962979594104;
 -0.0007001919801022089 -0.0008077658183082035 0.008883490483717572 0.0035422663804123285;
 -0.00030767798610773834 -0.002956962979594104 0.0035422663804123285 0.011592105213892223;
]
solve(n, X, P20, Q20, M20, true)
## Multiplier-2
P21 = 121*X[1]^2//10000 - 153*X[1]*X[2]//20000 + 77*X[1]*X[3]//12500 - X[1]//10000 + 3*X[2]^2//250 - 9*X[2]*X[3]//10000 + 43*X[2]//50000 + X[3]^2//100 - X[3]//10000 + 1//100
M21 = [1, X[3], X[2], X[1]]
Q21 = [0.009635060026672486 -4.337765122489415e-05 0.0004133726539295634 -4.71647282739876e-05;
 -4.337765122489415e-05 0.01032231575589121 -0.0004666271757201245 0.0031845240457815042;
 0.0004133726539295634 -0.0004666271757201245 0.011810851828764367 -0.0037636995069310402;
 -4.71647282739876e-05 0.0031845240457815042 -0.0037636995069310402 0.012085678880923913;
]
solve(n, X, P21, Q21, M21, true)
## Total Decomposition
P22 = 4699*X[1]^4//10000 - 227*X[1]^3*X[2]//100000 - 1597*X[1]^3*X[3]//50000 - 2837*X[1]^3//5000 + 1029*X[1]^2*X[2]^2//2500 - 5589*X[1]^2*X[2]*X[3]//100000 - 301*X[1]^2*X[2]//2500 + 3761*X[1]^2*X[3]^2//10000 - 2019*X[1]^2*X[3]//10000 + 1041*X[1]^2//500 + 287*X[1]*X[2]^3//4000 - 7339*X[1]*X[2]^2*X[3]//100000 - 6561*X[1]*X[2]^2//10000 - 1417*X[1]*X[2]*X[3]^2//50000 - 949*X[1]*X[2]*X[3]//5000 - 309*X[1]*X[2]//200000 + 1353*X[1]*X[3]^3//100000 - 1561*X[1]*X[3]^2//2500 - 5573*X[1]*X[3]//100000 - 899*X[1]//2000 + 939*X[2]^4//12500 - 9203*X[2]^3*X[3]//100000 - 1601*X[2]^3//10000 - 193*X[2]^2*X[3]^2//5000 - 1093*X[2]^2*X[3]//5000 + 2143*X[2]^2//1000 + 789*X[2]*X[3]^3//12500 - 1099*X[2]*X[3]^2//5000 - 2757*X[2]*X[3]//50000 + 4303*X[2]//10000 + 4309*X[3]^4//100000 - 1029*X[3]^3//5000 + 2617*X[3]^2//1000 + 619*X[3]//20000 + 1921//1000
M22 = [1, X[3], X[2], X[1], X[3]^2, X[2]*X[3], X[1]*X[3], X[2]^2, X[1]*X[2], X[1]^2]
Q22 = [1.9213195693781342 0.015809540955096124 0.215805431770591 -0.22486816511935465 -0.010370157127222083 -0.05486244451427974 -0.10034225535490886 0.025535859559693695 -0.0388909215319269 0.4694007813605881;
 0.015809540955096124 2.6364357452332112 0.02793697685154963 0.07070766265837747 -0.10383096976947326 -0.10690793749846116 -0.30937954100741627 -0.013179348186440589 -0.05170570428874169 -0.0666684423214074;
 0.215805431770591 0.02793697685154963 2.0939880693283826 0.036835124030414494 -0.003564330572638704 -0.09560602436359412 -0.04640399056451596 -0.07973114358328248 -0.3233398041716814 -0.009925461999769689;
 -0.22486816511935465 0.07070766265837747 0.036835124030414494 1.1437361337723548 -0.002869081741402157 0.0008676344009393366 -0.033546953997373154 -0.005157498715592297 -0.04920381197538457 -0.2840232972594735;
 -0.010370157127222083 -0.10383096976947326 -0.003564330572638704 -0.002869081741402157 0.04338459078176618 0.03177310337823724 0.006889554306411431 -0.04570175824320293 -0.02321175559679452 0.0047370802525689235;
 -0.05486244451427974 -0.10690793749846116 -0.09560602436359412 0.0008676344009393366 0.03177310337823724 0.05224512745763891 0.009019744668589949 -0.04611641868299634 -0.026767943246121792 -0.011181096303613105;
 -0.10034225535490886 -0.30937954100741627 -0.04640399056451596 -0.033546953997373154 0.006889554306411431 0.009019744668589949 0.3666767912452092 -0.009793035925755063 -0.01610305558662526 -0.01609900104294706;
 0.025535859559693695 -0.013179348186440589 -0.07973114358328248 -0.005157498715592297 -0.04570175824320293 -0.04611641868299634 -0.009793035925755063 0.07531655959608807 0.035751099409903786 0.008566502459072723;
 -0.0388909215319269 -0.05170570428874169 -0.3233398041716814 -0.04920381197538457 -0.02321175559679452 -0.026767943246121792 -0.01610305558662526 0.035751099409903786 0.39545605183778115 -0.0015485255910759842;
 0.4694007813605881 -0.0666684423214074 -0.009925461999769689 -0.2840232972594735 0.0047370802525689235 -0.011181096303613105 -0.01609900104294706 0.008566502459072723 -0.0015485255910759842 0.47051274571556173;
]
solve(n, X, P22, Q22, M22, true)
## Multiplier-1
P23 = 473*X[1]^2//1000 - 57*X[1]*X[2]//1250 - 209*X[1]*X[3]//10000 + 199*X[1]//500 + 377*X[2]^2//1000 - 267*X[2]*X[3]//10000 - 109*X[2]//5000 + 48*X[3]^2//125 - 567*X[3]//100000 + 44//125
M23 = [1, X[3], X[2], X[1]]
Q23 = [0.35235745152036013 -0.0029186248461796098 -0.010755198037396519 0.19951925013687977;
 -0.0029186248461796098 0.38358922747382107 -0.01338781691447915 -0.010383473660822902;
 -0.010755198037396519 -0.01338781691447915 0.37659231138076305 -0.022624836012575526;
 0.19951925013687977 -0.010383473660822902 -0.022624836012575526 0.47282678142288065;
]
solve(n, X, P23, Q23, M23, true)
# sixth
## Multiplier-3
P24 = 127*X[1]^2//10000 + 649*X[1]*X[2]//100000 - 651*X[1]*X[3]//100000 - 7*X[1]//5000 + 121*X[2]^2//10000 - 179*X[2]*X[3]//250000 - 191*X[2]//100000 + 127*X[3]^2//10000 + 493*X[3]//100000 + 9//1000
M24 = [1, X[3], X[2], X[1]]
Q24 = [0.009183512249942476 0.0025083279624247465 -0.0009750895138387447 -0.0007390613999085265;
 0.0025083279624247465 0.012930242532929374 -0.0003591753527715774 -0.0033183636001486863;
 -0.0009750895138387447 -0.0003591753527715774 0.012452135777791447 0.0033401653182854305;
 -0.0007390613999085265 -0.0033183636001486863 0.0033401653182854305 0.0125028531542526;
]
solve(n, X, P24, Q24, M24, true)
## Multiplier-2
P25 = 127*X[1]^2//10000 - 651*X[1]*X[2]//100000 + 649*X[1]*X[3]//100000 - 7*X[1]//5000 + 127*X[2]^2//10000 - 179*X[2]*X[3]//250000 + 493*X[2]//100000 + 121*X[3]^2//10000 - 191*X[3]//100000 + 9//1000
M25 = [1, X[3], X[2], X[1]]
Q25 = [0.00918351225011781 -0.0009750895134131285 0.0025083279632696375 -0.0007390613998890508;
 -0.0009750895134131285 0.01245213579541433 -0.0003591753458203248 0.0033401653200070412;
 0.0025083279632696375 -0.0003591753458203248 0.012930242538113134 -0.0033183635991586675;
 -0.0007390613998890508 0.0033401653200070412 -0.0033183635991586675 0.012502853154177464;
]
solve(n, X, P25, Q25, M25, true)
## Total Decomposition
P26 = 5201*X[1]^4//10000 - 2431*X[1]^3*X[2]//100000 - 97*X[1]^3*X[3]//4000 - 6641*X[1]^3//10000 + 419*X[1]^2*X[2]^2//1000 - 2839*X[1]^2*X[2]*X[3]//100000 - 2013*X[1]^2*X[2]//10000 + 419*X[1]^2*X[3]^2//1000 - 2013*X[1]^2*X[3]//10000 + 328*X[1]^2//125 - 3301*X[1]*X[2]^3//500000 + 49*X[1]*X[2]^2*X[3]//8000 - 6813*X[1]*X[2]^2//10000 + 1239*X[1]*X[2]*X[3]^2//200000 - 209*X[1]*X[2]*X[3]//1000 + 1749*X[1]*X[2]//100000 - 847*X[1]*X[3]^3//125000 - 6813*X[1]*X[3]^2//10000 + 157*X[1]*X[3]//12500 - 3151*X[1]//5000 + 651*X[2]^4//50000 - 2139*X[2]^3*X[3]//2500000 - 637*X[2]^3//2500 + 77*X[2]^2*X[3]^2//3125 - 583*X[2]^2*X[3]//2500 + 2853*X[2]^2//1000 - 1103*X[2]*X[3]^3//1250000 - 583*X[2]*X[3]^2//2500 - 1189*X[2]*X[3]//12500 + 237*X[2]//2000 + 1303*X[3]^4//100000 - 637*X[3]^3//2500 + 2853*X[3]^2//1000 + 237*X[3]//2000 + 2693//1000
M26 = [1, X[3], X[2], X[1], X[3]^2, X[2]*X[3], X[1]*X[3], X[2]^2, X[1]*X[2], X[1]^2]
Q26 = [2.693189109799596 0.060497260112701984 0.060497260175729144 -0.3156520805391711 0.008070845789001847 -0.040862547863718963 -0.08922766063056423 0.008070845782699976 -0.08922766067473023 0.6199506556736659;
 0.060497260112701984 2.8371149320503766 -0.00613035720523057 0.09623109901677186 -0.12679409698250382 -0.12067689436660545 -0.33648759529494154 0.0023639542992393418 -0.04871666974345994 -0.052509041231382926;
 0.060497260175729144 -0.00613035720523057 2.8371149315346544 0.0962310989134396 0.002363954498523272 -0.1206768943843295 -0.04871666969033603 -0.12679409711531597 -0.3364875952948443 -0.052509041213728354;
 -0.3156520805391711 0.09623109901677186 0.0962310989134396 1.3852929091449344 -0.0041566831301859284 -0.007844015453526641 -0.04963810381472669 -0.004156683168219203 -0.04963810382779888 -0.33244093737678865;
 0.008070845789001847 -0.12679409698250382 0.002363954498523272 -0.0041566831301859284 0.012930242529270077 -0.00035917535224251775 -0.003318363600060361 -9.985264328449783e-05 0.002279174817460239 0.006176010480936002;
 -0.040862547863718963 -0.12067689436660545 -0.1206768943843295 -0.007844015453526641 -0.00035917535224251775 0.025103976820488517 0.0010609905004048054 -0.0003591753442230595 0.0010609905039667103 -0.007757253713886142;
 -0.08922766063056423 -0.33648759529494154 -0.04871666969033603 -0.04963810381472669 -0.003318363600060361 0.0010609905004048054 0.40642332122269176 0.0022791748160359395 -0.006407375229723747 -0.011934557227719182;
 0.008070845782699976 0.0023639542992393418 -0.12679409711531597 -0.004156683168219203 -9.985264328449783e-05 -0.0003591753442230595 0.0022791748160359395 0.012930242542179638 -0.0033183635994779846 0.006176010492745194;
 -0.08922766067473023 -0.04871666974345994 -0.3364875952948443 -0.04963810382779888 0.002279174817460239 0.0010609905039667103 -0.006407375229723747 -0.0033183635994779846 0.40642332121437585 -0.01193455723237052;
 0.6199506556736659 -0.052509041231382926 -0.052509041213728354 -0.33244093737678865 0.006176010480936002 -0.007757253713886142 -0.011934557227719182 0.006176010492745194 -0.01193455723237052 0.5202046998054229;
]
solve(n, X, P26, Q26, M26, true)
## Multiplier-1
P27 = 13*X[1]^2//25 - 239*X[1]*X[2]//10000 - 239*X[1]*X[3]//10000 + 47*X[1]//125 + 203*X[2]^2//500 - 71*X[2]*X[3]//2500 - 213*X[2]//100000 + 203*X[3]^2//500 - 213*X[3]//100000 + 89//250
M27 = [1, X[3], X[2], X[1]]
Q27 = [0.355588481980757 -0.000987728330068053 -0.0009877283350366146 0.18776376239166087;
 -0.000987728330068053 0.4062724890675294 -0.014164628943671018 -0.01193455722771772;
 -0.0009877283350366146 -0.014164628943671018 0.40627248908279406 -0.011934557232377112;
 0.18776376239166087 -0.01193455722771772 -0.011934557232377112 0.5202046998056277;
]
solve(n, X, P27, Q27, M27, true)

@show SOS_time Newton_time
