include("utils/util.jl")
include("utils/newtonUpdate.jl")
include("utils/rationalSOS.jl")

X = nothing
eig_tol = 1e-6
tol = 1e-50

SOS_time = 0
Newton_time = 0
function solve(n, X, f, Q, mono,newton)
    global SOS_time, Newton_time
    Q = round.(Q, digits=2)
    rQ = symplify_rational.(Q)

    model = nothing
    if !newton
        model = rational_SOS(f, 1, 0, mono, rQ)
    else
        Newton_time+=@elapsed update_Q = newton_refine_update(f, mono, Q, eig_tol, 90, tol, X)
        Q_res = symplify_rational.(update_Q*update_Q')
        SOS_time+=@elapsed model = rational_SOS(f, 1, 0, mono, Q_res)
    end
    
    SOSrational_time, coeffs, terms = model[2:end]
    
    @show expand(f-(coeffs' * terms.^2))

    data = Dict(
        "n" => n,
        "expression" => f,
        "coeff" => join([string(c) for c in coeffs], ","),
        "term" => join([string(t) for t in terms], ","),
        "SOSrational_time" => SOSrational_time,
        "SOS_expression" => string(coeffs' * terms.^2)
    )

    # save("src/output/data.json", data)    
end

n = 3
@Symbolics.variables X[1:n]
#H9
# third
## Multiplier-3
P0 = 21*X[1]^2//625 - 141*X[1]*X[2]//10000 - 187*X[1]*X[3]//500000 + 23*X[1]//2000 + 387*X[2]^2//50000 - 753*X[2]*X[3]//100000 - 3*X[2]//500 + X[3]^2//200 + 13*X[3]//10000 + 57//1000
M0 = [1, X[3], X[2], X[1]]
Q0 = [0.05738680413536995 0.0006104184263931212 -0.003023802469224851 0.005804440536774779;
 0.0006104184263931212 0.0054168356636505235 -0.00406964607699661 -0.00020692254292948813;
 -0.003023802469224851 -0.00406964607699661 0.008008409898988177 -0.007084684850096984;
 0.005804440536774779 -0.00020692254292948813 -0.007084684850096984 0.03339984475853367;
]
solve(n, X, P0, Q0, M0, true)
## Multiplier-2
P1 = 103*X[1]^2//5000 - 7*X[1]*X[2]//500 + 751*X[1]*X[3]//100000 - 61*X[1]//5000 + 143*X[2]^2//20000 - 3*X[2]*X[3]//500 + 413*X[2]//500000 + 21*X[3]^2//5000 - X[3]//625 + 37//10000
M1 = [1, X[3], X[2], X[1]]
Q1 = [0.0037918298802623257 -0.0008249281815252167 0.0004229188347693427 -0.006231451141635132;
 -0.0008249281815252167 0.004218364320421796 -0.0030082377942547427 0.003798428163529886;
 0.0004229188347693427 -0.0030082377942547427 0.006698176565861463 -0.006590142321842593;
 -0.006231451141635132 0.003798428163529886 -0.006590142321842593 0.020750424452679998;
]
solve(n, X, P1, Q1, M1, true)
## Total Decomposition
P2 = 41*X[1]^4//500 + 67*X[1]^3*X[2]//2500 + 719*X[1]^3*X[3]//10000 - 269*X[1]^3//1000 + 3*X[1]^2*X[2]^2//200 + 27*X[1]^2*X[2]*X[3]//2000 - 23*X[1]^2*X[2]//125 + 247*X[1]^2*X[3]^2//2500 - 23*X[1]^2*X[3]//100 + 163*X[1]^2//250 - X[1]*X[2]^3//50 - 163*X[1]*X[2]^2*X[3]//10000 - 11*X[1]*X[2]^2//1000 - 169*X[1]*X[2]*X[3]^2//10000 - 363*X[1]*X[2]*X[3]//100000 + 167*X[1]*X[2]//500 + 171*X[1]*X[3]^3//10000 - 121*X[1]*X[3]^2//1000 + 293*X[1]*X[3]//1000 - 109*X[1]//200 + 151*X[2]^4//25000 - 351*X[2]^3*X[3]//100000 - 61*X[2]^3//5000 + 107*X[2]^2*X[3]^2//10000 + 119*X[2]^2*X[3]//10000 + 16*X[2]^2//125 - 59*X[2]*X[3]^3//5000 - 141*X[2]*X[3]^2//10000 + 229*X[2]*X[3]//2500 - 213*X[2]//1000 + 783*X[3]^4//100000 - 151*X[3]^3//2500 + 279*X[3]^2//1000 - 199*X[3]//1000 + 163//1000
M2 = [1, X[3], X[2], X[1], X[3]^2, X[2]*X[3], X[1]*X[3], X[2]^2, X[1]*X[2], X[1]^2]
Q2 = [0.1627399037355636 -0.09971495034150044 -0.10646127028035172 -0.27248397527741564 0.018317955586539626 -0.006773957755784016 0.027011078608540028 -0.0008435388614867936 0.03023253815940492 0.060017844078231866;
 -0.09971495034150044 0.2417501874836096 0.05254675813967158 0.11970360350689696 -0.030141525513795824 0.004239032511305636 -0.034296277346577156 0.003119750134507074 -0.013965472875956812 -0.04244163001508266;
 -0.10646127028035172 0.05254675813967158 0.12949696958144746 0.13697911360470846 -0.011229208262374545 0.0029083424185661496 -0.0012856991866209014 -0.0060545776120247705 -0.018297203803708022 -0.028786765293391317;
 -0.27248397527741564 0.11970360350689696 0.13697911360470846 0.5318497557841965 -0.026522650957437433 0.013313366679827621 -0.07255626685303694 0.012667296785898239 -0.06304971720717598 -0.1342839115102574;
 0.018317955586539626 -0.030141525513795824 -0.011229208262374545 -0.026522650957437433 0.007725989423772192 -0.00576411274949828 0.008457689939771276 -0.00032382350551475304 0.004533443842466156 0.0084355518510147;
 -0.006773957755784016 0.004239032511305636 0.0029083424185661496 0.013313366679827621 -0.00576411274949828 0.011194583110446101 -0.013072001714676991 -0.0017986560530659488 -0.00015945129774858118 -0.001845865703974367;
 0.027011078608540028 -0.034296277346577156 -0.0012856991866209014 -0.07255626685303694 0.008457689939771276 -0.013072001714676991 0.0822046634337027 -0.0077123930184176456 0.008395135600622954 0.03565394889077259;
 -0.0008435388614867936 0.003119750134507074 -0.0060545776120247705 0.012667296785898239 -0.00032382350551475304 -0.0017986560530659488 -0.0077123930184176456 0.005981858288337817 -0.009856930869042987 -0.00970423570081224;
 0.03023253815940492 -0.013965472875956812 -0.018297203803708022 -0.06304971720717598 0.004533443842466156 -0.00015945129774858118 0.008395135600622954 -0.009856930869042987 0.034104560275757805 0.01348352304217704;
 0.060017844078231866 -0.04244163001508266 -0.028786765293391317 -0.1342839115102574 0.0084355518510147 -0.001845865703974367 0.03565394889077259 -0.00970423570081224 0.01348352304217704 0.0816584728909083;
]
solve(n, X, P2, Q2, M2, true)
## Multiplier-1
P3 = 283*X[1]^2//10000 - 193*X[1]*X[2]//10000 - 321*X[1]*X[3]//50000 - 17*X[1]//1000 + 547*X[2]^2//100000 - 417*X[2]*X[3]//100000 + 539*X[2]//100000 + 3*X[3]^2//200 - 51*X[3]//50000 + 19//5000
M3 = [1, X[3], X[2], X[1]]
Q3 = [0.003899736596294173 -0.0005233731701306904 0.0027655479812137684 -0.00871991546847897;
 -0.0005233731701306904 0.014663128832135422 -0.002054734174744966 -0.00305710535524764;
 0.0027655479812137684 -0.002054734174744966 0.005265147952399391 -0.009490417784333545;
 -0.00871991546847897 -0.00305710535524764 -0.009490417784333545 0.0279638838524586;
]
solve(n, X, P3, Q3, M3, true)
# second
## Multiplier-3
P4 = 3*X[1]^2//2500 - 589*X[1]*X[2]//10000000 + 39*X[1]*X[3]//125000 + 81*X[1]//100000 + 31*X[2]^2//100000 + 3*X[2]*X[3]//2000 - 143*X[2]//250000 + 207*X[3]^2//100000 - 97*X[3]//200000 + 1//1000
M4 = [1, X[3], X[2], X[1]]
Q4 = [0.0006072051008639157 -0.0001466173381335573 -0.0001724213653426513 0.00024401506728958145;
 -0.0001466173381335573 0.0015657136938167654 0.000557683522417392 0.00013415164916508816;
 -0.0001724213653426513 0.000557683522417392 0.0006575092270740303 0.0004161539347404315;
 0.00024401506728958145 0.00013415164916508816 0.0004161539347404315 0.001070809363796059;
]
solve(n, X, P4, Q4, M4, true)
## Multiplier-2
P5 = 233*X[1]^2//1000000 - 309*X[1]*X[2]//5000000 + 89*X[1]*X[3]//2000000 + 957*X[1]//1000000 + 153*X[2]^2//1000000 + 11*X[2]*X[3]//10000 - 63*X[2]//250000 + 41*X[3]^2//20000 - 373*X[3]//1000000 + 1//1000
M5 = [1, X[3], X[2], X[1]]
Q5 = [0.0005630481236132559 -0.00010427330219593712 -7.063952831450456e-05 0.00026757142111284737;
 -0.00010427330219593712 0.0016633819322915708 0.00044298478100167127 4.0828704603750436e-05;
 -7.063952831450456e-05 0.00044298478100167127 0.0003977150031622049 0.0003579598715799363;
 0.00026757142111284737 4.0828704603750436e-05 0.0003579598715799363 0.0010691509317446606;
]
solve(n, X, P5, Q5, M5, true)
## Total Decomposition
P6 = 923*X[1]^4//10000 - 67*X[1]^3*X[2]//500000 + 27*X[1]^3*X[3]//10000 + 61*X[1]^3//2500 + 149*X[1]^2*X[2]^2//5000 + 57*X[1]^2*X[2]*X[3]//1000 - 93*X[1]^2*X[2]//2000 + 119*X[1]^2*X[3]^2//1000 - 263*X[1]^2*X[3]//50000 + 211*X[1]^2//10000 + 109*X[1]*X[2]^3//5000 - 14*X[1]*X[2]^2*X[3]//15625 + 169*X[1]*X[2]^2//10000 + 639*X[1]*X[2]*X[3]^2//10000 - 41*X[1]*X[2]*X[3]//2000 + 369*X[1]*X[2]//10000 + 879*X[1]*X[3]^3//10000 - 7*X[1]*X[3]^2//625 + 13*X[1]*X[3]//20000 + 3*X[1]//250 + 983*X[2]^4//100000 + 29*X[2]^3*X[3]//50000 + 809*X[2]^3//100000 + 7*X[2]^2*X[3]^2//40 + X[2]^2*X[3]//250 + 161*X[2]^2//10000 + 143*X[2]*X[3]^3//250 + 513*X[2]*X[3]^2//10000 + 331*X[2]*X[3]//10000 - 2*X[2]//125 + 479*X[3]^4//1000 + 243*X[3]^3//5000 + 29*X[3]^2//500 - 11*X[3]//1000 + 2//25
M6 = [1, X[3], X[2], X[1], X[3]^2, X[2]*X[3], X[1]*X[3], X[2]^2, X[1]*X[2], X[1]^2]
Q6 = [0.07953473909824373 -0.005221571416333608 -0.007782638903773921 0.0059629774005187375 -0.016054920448034398 -0.0072605066834723515 0.0007049264105701886 -0.007338028186502006 0.0022932883909050996 -0.026895971925038075;
 -0.005221571416333608 0.08999798085124287 0.023736338601979087 -0.000385358197107932 0.024189530691740804 0.016146867676714607 0.008971725794524018 -0.0011436758088656427 -0.0013865369181899475 0.0006073283890220175;
 -0.007782638903773921 0.023736338601979087 0.03036502582226131 0.015872041812564474 0.009346799581384046 0.003151099419196921 0.0001913461018507175 0.003986405404155326 0.009835836869967092 -0.011447515439220875;
 0.0059629774005187375 -0.000385358197107932 0.015872041812564474 0.07522024423185636 -0.014700512990755865 -0.009041804236087105 -0.0032471789877402965 -0.0015871832261366927 -0.01179906580090641 0.012501969407726377;
 -0.016054920448034398 0.024189530691740804 0.009346799581384046 -0.014700512990755865 0.4791426984933033 0.28651588500766084 0.043865563014791324 -0.015284676990971868 -0.011943763568475681 0.013268584357344642;
 -0.0072605066834723515 0.016146867676714607 0.003151099419196921 -0.009041804236087105 0.28651588500766084 0.20520170879727453 0.04391719255504628 0.0002801314794219347 -0.0019618431270231303 0.009406515470090913;
 0.0007049264105701886 0.008971725794524018 0.0001913461018507175 -0.0032471789877402965 0.043865563014791324 0.04391719255504628 0.0927729673110625 0.0015690123741460944 0.019065373125107327 0.0013447010000862054;
 -0.007338028186502006 -0.0011436758088656427 0.003986405404155326 -0.0015871832261366927 -0.015284676990971868 0.0002801314794219347 0.0015690123741460944 0.009714202661337885 0.01070120785498753 -0.00714776296931893;
 0.0022932883909050996 -0.0013865369181899475 0.009835836869967092 -0.01179906580090641 -0.011943763568475681 -0.0019618431270231303 0.019065373125107327 0.01070120785498753 0.04380159156551183 -0.0001174960661287404;
 -0.026895971925038075 0.0006073283890220175 -0.011447515439220875 0.012501969407726377 0.013268584357344642 0.009406515470090913 0.0013447010000862054 -0.00714776296931893 -0.0001174960661287404 0.09124504791903565;
]
solve(n, X, P6, Q6, M6, true)
## Multiplier-1
P7 = 447*X[1]^2//5000 + 389*X[1]*X[2]//10000 - 53*X[1]*X[3]//10000 + 99*X[1]//10000 + 249*X[2]^2//5000 + 89*X[2]*X[3]//2500 - 127*X[2]//10000 + 97*X[3]^2//1000 - 61*X[3]//10000 + 61//1000
M7 = [1, X[3], X[2], X[1]]
Q7 = [0.06145453123900869 -0.003065907702694137 -0.006408770892616678 0.004967023124129765;
 -0.003065907702694137 0.09735625698246654 0.01777130757530623 -0.002688433072128665;
 -0.006408770892616678 0.01777130757530623 0.04970999043903449 0.0193597461014091;
 0.004967023124129765 -0.002688433072128665 0.0193597461014091 0.08902512754617851;
]
solve(n, X, P7, Q7, M7, true)
# seventh
## Multiplier-3
P8 = 241*X[1]^2//500 + 131*X[1]*X[2]//50000 - 97*X[1]*X[3]//50000 + 67*X[1]//2500 + 241*X[2]^2//500 - 97*X[2]*X[3]//50000 + 67*X[2]//2500 + 587*X[3]^2//1000 + 623*X[3]//10000 + 537//1000
M8 = [1, X[3], X[2], X[1]]
Q8 = [0.5365511017573746 0.031162302788188014 0.01324208819872384 0.013242088198723644;
 0.031162302788188014 0.5871352318287592 -0.0008483788060415792 -0.0008483788060416555;
 0.01324208819872384 -0.0008483788060415792 0.4828080581594045 0.0013606211554372566;
 0.013242088198723644 -0.0008483788060416555 0.0013606211554372566 0.48280805815940403;
]
solve(n, X, P8, Q8, M8, true)
## Multiplier-2
P9 = 241*X[1]^2//500 - 39*X[1]*X[2]//20000 + 261*X[1]*X[3]//100000 + 67*X[1]//2500 + 587*X[2]^2//1000 - 133*X[2]*X[3]//100000 + 623*X[2]//10000 + 241*X[3]^2//500 + 67*X[3]//2500 + 537//1000
M9 = [1, X[3], X[2], X[1]]
Q9 = [0.536551101757375 0.013242088198723611 0.03116230278818773 0.013242088198723629;
 0.013242088198723611 0.4828080581594038 -0.000848378806041482 0.0013606211554371547;
 0.03116230278818773 -0.000848378806041482 0.58713523182876 -0.0008483788060415127;
 0.013242088198723629 0.0013606211554371547 -0.0008483788060415127 0.4828080581594045;
]
solve(n, X, P9, Q9, M9, true)
## Total Decomposition
P10 = 587*X[1]^4//1000 - 121*X[1]^3*X[2]//100000 - 199*X[1]^3*X[3]//100000 - 173*X[1]^3//1000 + 193*X[1]^2*X[2]^2//200 + 119*X[1]^2*X[2]*X[3]//50000 - 33*X[1]^2*X[2]//200 + 483*X[1]^2*X[3]^2//500 - 33*X[1]^2*X[3]//200 + 573*X[1]^2//1000 - 19*X[1]*X[2]^3//12500 + 417*X[1]*X[2]^2*X[3]//100000 - 83*X[1]*X[2]^2//500 + 6*X[1]*X[2]*X[3]^2//3125 - 381*X[1]*X[2]*X[3]//100000 - 109*X[1]*X[2]//5000 - 9*X[1]*X[3]^3//5000 - 167*X[1]*X[3]^2//1000 - 13*X[1]*X[3]//625 - 21*X[1]//100 + 587*X[2]^4//1000 - 109*X[2]^3*X[3]//50000 - 43*X[2]^3//250 + 483*X[2]^2*X[3]^2//500 - 83*X[2]^2*X[3]//500 + 143*X[2]^2//250 - 19*X[2]*X[3]^3//10000 - 83*X[2]*X[3]^2//500 - 13*X[2]*X[3]//625 - 21*X[2]//100 + 587*X[3]^4//1000 - 43*X[3]^3//250 + 143*X[3]^2//250 - 21*X[3]//100 + 23//40
M10 = [1, X[3], X[2], X[1], X[3]^2, X[2]*X[3], X[1]*X[3], X[2]^2, X[1]*X[2], X[1]^2]
Q10 = [0.5750040489360502 -0.10505624444762976 -0.10505624444762966 -0.10505624444763029 -0.042057013750714876 -0.020056796779155322 -0.020056796779155537 -0.042057013750715196 -0.02005679677915552 -0.042057013750715175;
 -0.10505624444762976 0.6564478660493984 0.009449983126487059 0.009449983126487245 -0.08626474522522722 -0.04850295638013415 -0.04850295638013447 -0.03447721686229271 -0.0005442484702852969 -0.034477216862292874;
 -0.10505624444762966 0.009449983126487059 0.6564478660493994 0.009449983126486849 -0.03447721686229308 -0.04850295638013467 -0.000544248470284786 -0.08626474522522715 -0.04850295638013445 -0.034477216862293145;
 -0.10505624444763029 0.009449983126487245 0.009449983126486849 0.656447866049399 -0.034477216862292805 -0.0005442484702850014 -0.048502956380134576 -0.03447721686229293 -0.04850295638013402 -0.08626474522522724;
 -0.042057013750714876 -0.08626474522522722 -0.03447721686229308 -0.034477216862292805 0.58713523182876 -0.000848378806041493 -0.0008483788060414373 0.08362243554587652 0.0027805643530468237 0.08362243554587626;
 -0.020056796779155322 -0.04850295638013415 -0.04850295638013467 -0.0005442484702850014 -0.000848378806041493 0.7983712447163726 -0.0014199431976095608 -0.0008483788060415028 -0.0014199431976098596 0.0027805643530466177;
 -0.020056796779155537 -0.04850295638013447 -0.000544248470284786 -0.048502956380134576 -0.0008483788060414373 -0.0014199431976095608 0.7983712447163721 0.002780564353046713 -0.0014199431976085388 -0.0008483788060413927;
 -0.042057013750715196 -0.03447721686229271 -0.08626474522522715 -0.03447721686229293 0.08362243554587652 -0.0008483788060415028 0.002780564353046713 0.5871352318287595 -0.0008483788060413567 0.0836224355458769;
 -0.02005679677915552 -0.0005442484702852969 -0.04850295638013445 -0.04850295638013402 0.0027805643530468237 -0.0014199431976098596 -0.0014199431976085388 -0.0008483788060413567 0.7983712447163716 -0.0008483788060414844;
 -0.042057013750715175 -0.034477216862292874 -0.034477216862293145 -0.08626474522522724 0.08362243554587626 0.0027805643530466177 -0.0008483788060413927 0.0836224355458769 -0.0008483788060414844 0.58713523182876;
]
solve(n, X, P10, Q10, M10, true)
## Multiplier-1
P11 = 587*X[1]^2//1000 - 133*X[1]*X[2]//100000 - 133*X[1]*X[3]//100000 + 623*X[1]//10000 + 241*X[2]^2//500 + 261*X[2]*X[3]//100000 + 67*X[2]//2500 + 241*X[3]^2//500 + 67*X[3]//2500 + 537//1000
M11 = [1, X[3], X[2], X[1]]
Q11 = [0.5365511017573746 0.013242088198723573 0.013242088198723573 0.03116230278818775;
 0.013242088198723573 0.4828080581594045 0.0013606211554373585 -0.0008483788060414413;
 0.013242088198723573 0.0013606211554373585 0.48280805815940436 -0.000848378806041421;
 0.03116230278818775 -0.0008483788060414413 -0.000848378806041421 0.5871352318287598;
]
solve(n, X, P11, Q11, M11, true)
# eighth
## Total Decomposition
P12 = 283*X[1]^4//10000 + 33*X[1]^3*X[2]//62500 - 483*X[1]^3*X[3]//10000000 - 137*X[1]^3//500 + 283*X[1]^2*X[2]^2//10000 - 17*X[1]^2*X[2]*X[3]//40000 + 131*X[1]^2*X[2]//500000 + 137*X[1]^2*X[3]^2//5000 + 57*X[1]^2*X[3]//20000 + 79*X[1]^2//100 - 287*X[1]*X[2]^2//1000 + 187*X[1]*X[2]*X[3]//50000 - 341*X[1]*X[2]//50000 - 277*X[1]*X[3]^2//1000 + 57*X[1]*X[3]//500 + 27*X[1]//625 + 73*X[2]^2//100 - 287*X[2]*X[3]//10000 - 61*X[2]//200 + 363*X[3]^2//500 + 27*X[3]//1250 + 83//100
M12 = [1, X[3], X[2], X[1], X[3]^2, X[2]*X[3], X[1]*X[3], X[2]^2, X[1]*X[2], X[1]^2]
Q12 = [0.8304665325799581 0.010968724201540048 -0.1526874268908405 0.02174904051556006 -1.3552529282233852e-08 -2.7550102559115484e-07 0.004729956958362684 -9.267528824867525e-07 0.027508698433502527 -0.01776222671854212;
 0.010968724201540048 0.7266246676274057 -0.01435181984980074 0.05199132415846077 -6.0249049750231e-17 -4.56065500590966e-07 -0.13890766274773933 -1.5531672965044532e-06 0.002423321064020422 0.0012529263703289952;
 -0.1526874268908405 -0.01435181984980074 0.7304860163490301 -0.03113590985357399 4.560655005626371e-07 1.5531672966551603e-06 -0.0007663702415160382 -8.294344848741725e-17 -0.14361120998484037 -0.001709295062194925;
 0.02174904051556006 0.05199132415846077 -0.03113590985357399 0.8256950025813714 -3.5129948993080956e-07 5.573976356166429e-07 0.0001898049648327803 -8.602307968553078e-07 0.0016805196939952422 -0.1368940606740652;
 -1.3552529282233852e-08 -6.0249049750231e-17 4.560655005626371e-07 -3.5129948993080956e-07 3.5638020503354923e-09 4.180989085764845e-21 5.4257364224020664e-18 -1.4378058359455774e-09 -7.543402566442835e-08 4.5316427966615326e-08;
 -2.7550102559115484e-07 -4.56065500590966e-07 1.5531672966551603e-06 5.573976356166429e-07 4.180989085764845e-21 6.439413722208674e-09 7.543402566402409e-08 6.053198625613648e-21 -2.2064885946626318e-07 -1.8424363164362326e-07;
 0.004729956958362684 -0.13890766274773933 -0.0007663702415160382 0.0001898049648327803 5.4257364224020664e-18 7.543402566402409e-08 0.02750645036368689 2.206488594530872e-07 -0.00016392550044971678 -7.468586341036453e-05;
 -9.267528824867525e-07 -1.5531672965044532e-06 -8.294344848741725e-17 -8.602307968553078e-07 -1.4378058359455774e-09 6.053198625613648e-21 2.206488594530872e-07 3.5638020503360714e-09 1.597579727990888e-17 -2.038637709584667e-07;
 0.027508698433502527 0.002423321064020422 -0.14361120998484037 0.0016805196939952422 -7.543402566442835e-08 -2.2064885946626318e-07 -0.00016392550044971678 1.597579727990888e-17 0.02843844500456418 0.0004116049901771334;
 -0.01776222671854212 0.0012529263703289952 -0.001709295062194925 -0.1368940606740652 4.5316427966615326e-08 -1.8424363164362326e-07 -7.468586341036453e-05 -2.038637709584667e-07 0.0004116049901771334 0.028344451816459747;
]
solve(n, X, P12, Q12, M12, true)
## Multiplier-1
P13 = 57*X[1]^2//2000 + 423*X[1]*X[2]//500000 - 117*X[1]*X[3]//1000000 + 127*X[1]//10000 + 143*X[2]^2//5000 - 331*X[2]*X[3]//1000000 + 21*X[2]//2500 + 27*X[3]^2//1000 + 7*X[3]//5000 + 7//250
M13 = [1, X[3], X[2], X[1]]
Q13 = [0.02753402262857296 0.0006884040978001074 0.004128435028000379 0.006245402995034821;
 0.0006884040978001074 0.027506540945639913 -0.0001641097407419407 -7.468585742227202e-05;
 0.004128435028000379 -0.0001641097407419407 0.028438037264970926 0.0004116049895093914;
 0.006245402995034821 -7.468585742227202e-05 0.0004116049895093914 0.02834445181395718;
]
solve(n, X, P13, Q13, M13, true)
# first
## Total Decomposition
P14 = 557*X[1]^4//1000 + 93*X[1]^3*X[2]//20000 - 7*X[1]^3*X[3]//6250 - 183*X[1]^3//100000 + 28*X[1]^2*X[2]^2//25 - 29*X[1]^2*X[2]*X[3]//12500 + 57*X[1]^2*X[2]//5000 + 111*X[1]^2*X[3]^2//100 - 33*X[1]^2*X[3]//100000 + 313*X[1]^2//500 + 423*X[1]*X[2]^3//100000 + 51*X[1]*X[2]^2*X[3]//50000 - 169*X[1]*X[2]^2//100000 + 237*X[1]*X[2]*X[3]^2//50000 - 237*X[1]*X[2]*X[3]//250000 - 71*X[1]*X[2]//500 - 659*X[1]*X[3]^3//1000000 - 113*X[1]*X[3]^2//100000 + 293*X[1]*X[3]//10000 + 599*X[1]//10000 + 563*X[2]^4//1000 - 59*X[2]^3*X[3]//25000 + 57*X[2]^3//5000 + 28*X[2]^2*X[3]^2//25 - 23*X[2]^2*X[3]//62500 + 249*X[2]^2//500 - 49*X[2]*X[3]^3//25000 + 59*X[2]*X[3]^2//5000 + 431*X[2]*X[3]//5000 - 167*X[2]//1000 + 111*X[3]^4//200 - 659*X[3]^3//1000000 + 349*X[3]^2//500 + 3*X[3]//200 + 72//125
M14 = [1, X[3], X[2], X[1], X[3]^2, X[2]*X[3], X[1]*X[3], X[2]^2, X[1]*X[2], X[1]^2]
Q14 = [0.5755034733091509 0.007494865160990104 -0.08347473417757147 0.0296694417410332 -0.025530631547642693 0.022726101618462384 0.0076212033109009794 -0.07887847356739862 -0.034549430687782046 -0.043290144073840034;
 0.007494865160990104 0.7491748155519155 0.020718887422009988 0.0074484816428857245 -0.0006666417876504151 6.523063704690053e-05 0.0008071260972442515 0.00017073372443197757 -0.000334653186818059 -0.0008731994199295731;
 -0.08347473417757147 0.020718887422009988 0.6561567556927611 -0.036546437367005254 0.005390941039949692 -0.0008373755120825821 -0.0009661378488877815 0.005456171676996655 0.004557963141031731 0.008104012640671563;
 0.0296694417410332 0.0074484816428857245 -0.036546437367005254 0.7122279526552424 -0.0017438456444841847 0.0013007910357057749 0.00020655763227926097 -0.005494682688272014 -0.002647840963675509 -0.0009367195472399982;
 -0.025530631547642693 -0.0006666417876504151 0.005390941039949692 -0.0017438456444841847 0.5550320765984892 -0.0011319307023655828 -0.00038773331778227697 0.0811297560647135 0.0018445927246237542 0.07868522335505887;
 0.022726101618462384 6.523063704690053e-05 -0.0008373755120825821 0.0013007910357057749 -0.0011319307023655828 0.9551155009290843 4.9661836010708236e-05 -0.0011319307023656669 0.00011736985913569895 -0.001618050981329774;
 0.0076212033109009794 0.0008071260972442515 -0.0009661378488877815 0.00020655763227926097 -0.00038773331778227697 4.9661836010708236e-05 0.954948832794345 -0.0005051031769181129 0.0004861202789642215 -0.00038773331778225886;
 -0.07887847356739862 0.00017073372443197757 0.005456171676996655 -0.005494682688272014 0.0811297560647135 -0.0011319307023656669 -0.0005051031769181129 0.5623429364711641 0.0018942545606345563 0.08353066942151093;
 -0.034549430687782046 -0.000334653186818059 0.004557963141031731 -0.002647840963675509 0.0018445927246237542 0.00011736985913569895 0.0004861202789642215 0.0018942545606345563 0.9525688005341151 0.0018942545606344715;
 -0.043290144073840034 -0.0008731994199295731 0.008104012640671563 -0.0009367195472399982 0.07868522335505887 -0.001618050981329774 -0.00038773331778225886 0.08353066942151093 0.0018942545606344715 0.5572872029171173;
]
solve(n, X, P14, Q14, M14, true)
## Multiplier-1
P15 = 557*X[1]^2//1000 + 167*X[1]*X[2]//50000 - 27*X[1]*X[3]//25000 - 251*X[1]//100000 + 281*X[2]^2//500 - 9*X[2]*X[3]//4000 + 113*X[2]//10000 + 111*X[3]^2//200 - 63*X[3]//50000 + 623//1000
M15 = [1, X[3], X[2], X[1]]
Q15 = [0.6229795257331936 -0.0006666417876505275 0.005456171676996538 -0.000936719547240114;
 -0.0006666417876505275 0.5550320765984901 -0.0011319307023657324 -0.00038773331778241054;
 0.005456171676996538 -0.0011319307023657324 0.5623429364711646 0.0018942545606345771;
 -0.000936719547240114 -0.00038773331778241054 0.0018942545606345771 0.5572872029171168;
]
solve(n, X, P15, Q15, M15, true)
# fifth
## Multiplier-3
P16 = 129*X[1]^2//250 + 481*X[1]*X[2]//100000 - 101*X[1]*X[3]//100000 + 129*X[1]//5000 + 129*X[2]^2//250 - 339*X[2]*X[3]//100000 + 7*X[2]//250 + 5*X[3]^2//8 + 651*X[3]//10000 + 561//1000
M16 = [1, X[3], X[2], X[1]]
Q16 = [0.5614110133952882 0.03267841393436242 0.014173319685516403 0.012872373695066764;
 0.03267841393436242 0.624839980511504 -0.0017807879040535378 -0.0006403822482404033;
 0.014173319685516403 -0.0017807879040535378 0.5162784171722797 0.0021715557454401184;
 0.012872373695066764 -0.0006403822482404033 0.0021715557454401184 0.5160173682425122;
]
solve(n, X, P16, Q16, M16, true)
## Multiplier-2
P17 = 517*X[1]^2//1000 + 49*X[1]*X[2]//20000 + 367*X[1]*X[3]//100000 + 16*X[1]//625 + 157*X[2]^2//250 - 39*X[2]*X[3]//10000 + 273*X[2]//5000 + 103*X[3]^2//200 + 267*X[3]//10000 + 581//1000
M17 = [1, X[3], X[2], X[1]]
Q17 = [0.5814794794415615 0.01365154151196635 0.027522856711287392 0.012832416124301917;
 0.01365154151196635 0.5150877187745868 -0.002037646178265538 0.0020472622578780407;
 0.027522856711287392 -0.002037646178265538 0.6284526025616803 0.0014857841223028755;
 0.012832416124301917 0.0020472622578780407 0.0014857841223028755 0.5173669217517584;
]
solve(n, X, P17, Q17, M17, true)
## Total Decomposition
P18 = 157*X[1]^4//250 - 101*X[1]^3*X[2]//20000 - 373*X[1]^3*X[3]//100000 - 91*X[1]^3//500 + 51*X[1]^2*X[2]^2//50 - 487*X[1]^2*X[2]*X[3]//50000 - 49*X[1]^2*X[2]//250 + 51*X[1]^2*X[3]^2//50 - 171*X[1]^2*X[3]//1000 + 601*X[1]^2//1000 - 63*X[1]*X[2]^3//20000 - 33*X[1]*X[2]^2*X[3]//2500 - 41*X[1]*X[2]^2//250 - 9*X[1]*X[2]*X[3]^2//2500 + X[1]*X[2]*X[3]//800 - 181*X[1]*X[2]//1000 - 383*X[1]*X[3]^3//50000 - 7*X[1]*X[3]^2//40 - 41*X[1]*X[3]//2500 - 21*X[1]//125 + 157*X[2]^4//250 - 137*X[2]^3*X[3]//50000 - 69*X[2]^3//500 + 103*X[2]^2*X[3]^2//100 - 157*X[2]^2*X[3]//1000 + 53*X[2]^2//100 - 359*X[2]*X[3]^3//100000 - 31*X[2]*X[3]^2//200 + 429*X[2]*X[3]//10000 - 8*X[2]//25 + 78*X[3]^4//125 - 183*X[3]^3//1000 + 671*X[3]^2//1000 - 197*X[3]//1000 + 157//250
M18 = [1, X[3], X[2], X[1], X[3]^2, X[2]*X[3], X[1]*X[3], X[2]^2, X[1]*X[2], X[1]^2]
Q18 = [0.628139549359321 -0.09873255327019169 -0.16024580062294974 -0.08416864785366271 -0.028436103056276692 -0.004370196675577963 -0.015553386326512167 -0.0756101137716123 -0.06064447797761238 -0.048652055678096905;
 -0.09873255327019169 0.7270875422356382 0.02613711573474777 0.007776463587310781 -0.09147405947254152 -0.05225254822447861 -0.049700806079025835 -0.031772401850666064 0.003660827203445874 -0.03715295835086515;
 -0.16024580062294974 0.02613711573474777 0.6805919786250154 -0.02943384464640876 -0.02532350244870644 -0.04710513696148284 -9.278700114305926e-05 -0.06909522301933721 -0.043259368068239816 -0.032781601948625394;
 -0.08416864785366271 0.007776463587310781 -0.02943384464640876 0.6971697904111445 -0.03759782623218785 -0.0036391520381839366 -0.048597918508567886 -0.038499789263926235 -0.0647543073959338 -0.09092536286291604;
 -0.028436103056276692 -0.09147405947254152 -0.02532350244870644 -0.03759782623218785 0.6236948168611439 -0.0017235847498845902 -0.0039146673590765985 0.08748476128442403 0.0029911722982652383 0.08494570990156658;
 -0.004370196675577963 -0.05225254822447861 -0.04710513696148284 -0.0036391520381839366 -0.0017235847498845902 0.8539474117371358 -0.004538343432896406 -0.0009691442339611639 -0.005038485987609044 -0.0014310131746873625;
 -0.015553386326512167 -0.049700806079025835 -9.278700114305926e-05 -0.048597918508567886 -0.0039146673590765985 -0.004538343432896406 0.8518246324756742 -0.0008210288354334865 -0.00304191803158594 -0.0016101617495188044;
 -0.0756101137716123 -0.031772401850666064 -0.06909522301933721 -0.038499789263926235 0.08748476128442403 -0.0009691442339611639 -0.0008210288354334865 0.6278495190958402 -0.001769596517275525 0.08468556513143354;
 -0.06064447797761238 0.003660827203445874 -0.043259368068239816 -0.0647543073959338 0.0029911722982652383 -0.005038485987609044 -0.00304191803158594 -0.001769596517275525 0.8464940277776639 -0.0027206491229779866;
 -0.048652055678096905 -0.03715295835086515 -0.032781601948625394 -0.09092536286291604 0.08494570990156658 -0.0014310131746873625 -0.0016101617495188044 0.08468556513143354 -0.0027206491229779866 0.6282359354514494;
]
solve(n, X, P18, Q18, M18, true)
## Multiplier-1
P19 = 5*X[1]^2//8 + 11*X[1]*X[2]//10000 - 9*X[1]*X[3]//6250 + 683*X[1]//10000 + 13*X[2]^2//25 + 197*X[2]*X[3]//50000 + 359*X[2]//10000 + 103*X[3]^2//200 + 139*X[3]//5000 + 579//1000
M19 = [1, X[3], X[2], X[1]]
Q19 = [0.5787560126577749 0.014015350612018694 0.017681107741111795 0.0342689804184752;
 0.014015350612018694 0.5158215278113496 0.002149829606019181 -0.0009411165742887937;
 0.017681107741111795 0.002149829606019181 0.5198533375917712 0.0006853967364554868;
 0.0342689804184752 -0.0009411165742887937 0.0006853967364554868 0.625009357356083;
]
solve(n, X, P19, Q19, M19, true)
# fourth
## Multiplier-3
P20 = 7*X[1]^2//625 + 7*X[1]*X[2]//1000 - 19*X[1]*X[3]//3125 - 61*X[1]//100000 + 819*X[2]^2//100000 - 43*X[2]*X[3]//20000 - 3*X[2]//2500 + 51*X[3]^2//5000 + 229*X[3]//100000 + 9//1000
M20 = [1, X[3], X[2], X[1]]
Q20 = [0.009328143100636399 0.0011886762473133769 -0.0006005346557540778 -0.00031404754943013965;
 0.0011886762473133769 0.00980966234053116 -0.001043980204822653 -0.002937062910646557;
 -0.0006005346557540778 -0.001043980204822653 0.007791093243357632 0.0033363069402787115;
 -0.00031404754943013965 -0.002937062910646557 0.0033363069402787115 0.010811692327801896;
]
solve(n, X, P20, Q20, M20, true)
## Multiplier-2
P21 = 7*X[1]^2//625 - 179*X[1]*X[2]//25000 + 669*X[1]*X[3]//100000 - X[1]//50000 + 11*X[2]^2//1000 - 11*X[2]*X[3]//10000 + 9*X[2]//25000 + X[3]^2//100 - X[3]//10000 + 9//1000
M21 = [1, X[3], X[2], X[1]]
Q21 = [0.008901451581517552 -6.203296305586679e-05 0.0001754368760134407 -9.25923886093875e-06;
 -6.203296305586679e-05 0.009548824956431516 -0.0005493474271421897 0.0031878848731236344;
 0.0001754368760134407 -0.0005493474271421897 0.010815691737795011 -0.0035003787496316005;
 -9.25923886093875e-06 0.0031878848731236344 -0.0035003787496316005 0.0114461069279612;
]
solve(n, X, P21, Q21, M21, true)
## Total Decomposition
P22 = 271*X[1]^4//625 + 1883*X[1]^3*X[2]//1000000 - 299*X[1]^3*X[3]//10000 - 2613*X[1]^3//5000 + 3869*X[1]^2*X[2]^2//10000 - 1257*X[1]^2*X[2]*X[3]//25000 - 107*X[1]^2*X[2]//1000 + 691*X[1]^2*X[3]^2//2000 - 373*X[1]^2*X[3]//2000 + 951*X[1]^2//500 + 7293*X[1]*X[2]^3//100000 - 6207*X[1]*X[2]^2*X[3]//100000 - 241*X[1]*X[2]^2//400 - 1417*X[1]*X[2]*X[3]^2//50000 - 991*X[1]*X[2]*X[3]//5000 + 149*X[1]*X[2]//62500 + 7503*X[1]*X[3]^3//1000000 - 577*X[1]*X[3]^2//1000 - 9*X[1]*X[3]//125 - 254*X[1]//625 + 3989*X[2]^4//50000 - 9319*X[2]^3*X[3]//100000 - 267*X[2]^3//2000 - 2047*X[2]^2*X[3]^2//50000 - 122*X[2]^2*X[3]//625 + 1903*X[2]^2//1000 + 5731*X[2]*X[3]^3//100000 - 197*X[2]*X[3]^2//1000 - 1239*X[2]*X[3]//10000 + 91*X[2]//250 + 1929*X[3]^4//50000 - 1899*X[3]^3//10000 + 2399*X[3]^2//1000 + 3537*X[3]//100000 + 1767//1000
M22 = [1, X[3], X[2], X[1], X[3]^2, X[2]*X[3], X[1]*X[3], X[2]^2, X[1]*X[2], X[1]^2]
Q22 = [1.7669565743844804 0.016971933761667033 0.18224006720716585 -0.20311649355385894 -0.016497712259716503 -0.05703862853945984 -0.09638661514294794 0.03785608708092677 -0.024743262117070067 0.42788920874002706;
 0.016971933761667033 2.4313331147966895 -0.005673833907935468 0.06051633052326023 -0.09462087098900217 -0.09552042616005203 -0.28771611814085796 -0.013212391216051198 -0.05743789812896121 -0.06098939770880078;
 0.18224006720716585 -0.005673833907935468 1.8291485317287814 0.025699089440678672 -0.002950355009218357 -0.08254609262463272 -0.04425978904504197 -0.06586486301991355 -0.2945837810590436 -0.005590406552449275;
 -0.20311649355385894 0.06051633052326023 0.025699089440678672 1.0465718804625603 -0.0003445684634612556 0.0026647436640762296 -0.03159234556847969 -0.007044746794797128 -0.04747557342030171 -0.2610690844580648;
 -0.016497712259716503 -0.09462087098900217 -0.002950355009218357 -0.0003445684634612556 0.03840820100238761 0.028555413294391204 0.0037522184960002104 -0.044423852672877934 -0.0215056231087905 0.0028560054343686457;
 -0.05703862853945984 -0.09552042616005203 -0.08254609262463272 0.0026647436640762296 0.028555413294391204 0.04807682451936696 0.007450412112811941 -0.04654058072922447 -0.02412931824701687 -0.011535434011837254;
 -0.09638661514294794 -0.28771611814085796 -0.04425978904504197 -0.03159234556847969 0.0037522184960002104 0.007450412112811941 0.33969640439085663 -0.007262246950366025 -0.013956623153372675 -0.014766530665497267;
 0.03785608708092677 -0.013212391216051198 -0.06586486301991355 -0.007044746794797128 -0.044423852672877934 -0.04654058072922447 -0.007262246950366025 0.07942046789929828 0.03595141370656962 0.009972203077865198;
 -0.024743262117070067 -0.05743789812896121 -0.2945837810590436 -0.04747557342030171 -0.0215056231087905 -0.02412931824701687 -0.013956623153372675 0.03595141370656962 0.367258404422604 0.0009968796376889418;
 0.42788920874002706 -0.06098939770880078 -0.005590406552449275 -0.2610690844580648 0.0028560054343686457 -0.011535434011837254 -0.014766530665497267 0.009972203077865198 0.0009968796376889418 0.4335251999565037;
]
solve(n, X, P22, Q22, M22, true)
## Multiplier-1
P23 = 109*X[1]^2//250 - 207*X[1]*X[2]//5000 - 51*X[1]*X[3]//2500 + 369*X[1]//1000 + 87*X[2]^2//250 - 233*X[2]*X[3]//10000 - 203*X[2]//10000 + 71*X[3]^2//200 - 593*X[3]//100000 + 41//125
M23 = [1, X[3], X[2], X[1]]
Q23 = [0.3276806901895465 -0.0030614361177464075 -0.01011476252454593 0.1842283710493112;
 -0.0030614361177464075 0.3553439989852798 -0.01167231514748747 -0.010296699530877808;
 -0.01011476252454593 -0.01167231514748747 0.3478089173067219 -0.020847548546573353;
 0.1842283710493112 -0.010296699530877808 -0.020847548546573353 0.4360455822816856;
]
solve(n, X, P23, Q23, M23, true)
# sixth
## Multiplier-3
P24 = 127*X[1]^2//10000 + 649*X[1]*X[2]//100000 - 651*X[1]*X[3]//100000 - 7*X[1]//5000 + 121*X[2]^2//10000 - 179*X[2]*X[3]//250000 - 191*X[2]//100000 + 127*X[3]^2//10000 + 493*X[3]//100000 + 9//1000
M24 = [1, X[3], X[2], X[1]]
Q24 = [0.009183090293101851 0.0025081949264537345 -0.0009750545864260698 -0.0007389924516625482;
 0.0025081949264537345 0.012929276688327733 -0.00035916129971903343 -0.0033180847034801255;
 -0.0009750545864260698 -0.00035916129971903343 0.012451213204146279 0.003339891907491131;
 -0.0007389924516625482 -0.0033180847034801255 0.003339891907491131 0.012501850962592547;
]
solve(n, X, P24, Q24, M24, true)
## Multiplier-2
P25 = 127*X[1]^2//10000 - 651*X[1]*X[2]//100000 + 649*X[1]*X[3]//100000 - 7*X[1]//5000 + 127*X[2]^2//10000 - 179*X[2]*X[3]//250000 + 493*X[2]//100000 + 121*X[3]^2//10000 - 191*X[3]//100000 + 9//1000
M25 = [1, X[3], X[2], X[1]]
Q25 = [0.009183090294186461 -0.0009750545823883204 0.002508194931521201 -0.0007389924513392397;
 -0.0009750545823883204 0.012451213206346318 -0.0003591612883933257 0.0033398919080778696;
 0.002508194931521201 -0.0003591612883933257 0.012929276704594855 -0.003318084702783958;
 -0.0007389924513392397 0.0033398919080778696 -0.003318084702783958 0.01250185096291836;
]
solve(n, X, P25, Q25, M25, true)
## Total Decomposition
P26 = 5201*X[1]^4//10000 - 481*X[1]^3*X[2]//20000 - 97*X[1]^3*X[3]//4000 - 6641*X[1]^3//10000 + 4189*X[1]^2*X[2]^2//10000 - 2839*X[1]^2*X[2]*X[3]//100000 - 2013*X[1]^2*X[2]//10000 + 419*X[1]^2*X[3]^2//1000 - 2013*X[1]^2*X[3]//10000 + 328*X[1]^2//125 - 3301*X[1]*X[2]^3//500000 + 49*X[1]*X[2]^2*X[3]//8000 - 6813*X[1]*X[2]^2//10000 + 1239*X[1]*X[2]*X[3]^2//200000 - 209*X[1]*X[2]*X[3]//1000 + 1749*X[1]*X[2]//100000 - 847*X[1]*X[3]^3//125000 - 6813*X[1]*X[3]^2//10000 + 157*X[1]*X[3]//12500 - 3151*X[1]//5000 + 651*X[2]^4//50000 - 2139*X[2]^3*X[3]//2500000 - 637*X[2]^3//2500 + 77*X[2]^2*X[3]^2//3125 - 583*X[2]^2*X[3]//2500 + 2853*X[2]^2//1000 - 1103*X[2]*X[3]^3//1250000 - 583*X[2]*X[3]^2//2500 - 1189*X[2]*X[3]//12500 + 237*X[2]//2000 + 1303*X[3]^4//100000 - 637*X[3]^3//2500 + 2853*X[3]^2//1000 + 237*X[3]//2000 + 2693//1000
M26 = [1, X[3], X[2], X[1], X[3]^2, X[2]*X[3], X[1]*X[3], X[2]^2, X[1]*X[2], X[1]^2]
Q26 = [2.6929176993965167 0.06049163667925648 0.06049163669820962 -0.3156263141240219 0.008069994487353292 -0.040858347951668046 -0.08921883666333764 0.008069994426873214 -0.08921883663024278 0.6198945103768818;
 0.06049163667925648 2.836902105244026 -0.006132122916405212 0.09622247949244628 -0.12678457154334374 -0.12066783463514287 -0.33646288126982243 0.0023638741821671062 -0.04871253336751888 -0.05250468268095708;
 0.06049163669820962 -0.006132122916405212 2.836902105960931 0.09622247956487502 0.002363874337492118 -0.12066783465214093 -0.0487125334627271 -0.1267845717446482 -0.33646288125195295 -0.05250468269361454;
 -0.3156263141240219 0.09622247949244628 0.09622247956487502 1.3851931719230082 -0.004156311870361207 -0.00784339498007588 -0.04963441247922364 -0.004156311871628377 -0.04963441247218189 -0.3324151104473079;
 0.008069994487353292 -0.12678457154334374 0.002363874337492118 -0.004156311870361207 0.012929276690151498 -0.0003591612980467113 -0.0033180847036580457 -9.984591122775714e-05 0.0022789998298076617 0.006175464975360128;
 -0.040858347951668046 -0.12066783463514287 -0.12066783465214093 -0.00784339498007588 -0.0003591612980467113 0.025102118198284694 0.0010608920777798049 -0.00035916128775045843 0.0010608920715926332 -0.007756487812714224;
 -0.08921883666333764 -0.33646288126982243 -0.0487125334627271 -0.04963441247922364 -0.0033180847036580457 0.0010608920777798049 0.40639281577049735 0.0022789998364237604 -0.0064071194347271685 -0.01193358759492499;
 0.008069994426873214 0.0023638741821671062 -0.1267845717446482 -0.004156311871628377 -9.984591122775714e-05 -0.00035916128775045843 0.0022789998364237604 0.01292927670768071 -0.0033180847026768705 0.006175464967413707;
 -0.08921883663024278 -0.04871253336751888 -0.33646288125195295 -0.04963441247218189 0.0022789998298076617 0.0010608920715926332 -0.0064071194347271685 -0.0033180847026768705 0.4063928157613376 -0.01193358759172184;
 0.6198945103768818 -0.05250468268095708 -0.05250468269361454 -0.3324151104473079 0.006175464975360128 -0.007756487812714224 -0.01193358759492499 0.006175464967413707 -0.01193358759172184 0.520165770728402;
]
solve(n, X, P26, Q26, M26, true)
## Multiplier-1
P27 = 13*X[1]^2//25 - 239*X[1]*X[2]//10000 - 239*X[1]*X[3]//10000 + 47*X[1]//125 + 203*X[2]^2//500 - 71*X[2]*X[3]//2500 - 213*X[2]//100000 + 203*X[3]^2//500 - 213*X[3]//100000 + 89//250
M27 = [1, X[3], X[2], X[1]]
Q27 = [0.35556340406403913 -0.0009877610959123956 -0.0009877610909185984 0.18775066024374798;
 -0.0009877610959123956 0.40624189479593664 -0.01416360724748969 -0.01193358759491356;
 -0.0009877610909185984 -0.01416360724748969 0.4062418947701188 -0.011933587591725617;
 0.18775066024374798 -0.01193358759491356 -0.011933587591725617 0.5201657707281817;
]
solve(n, X, P27, Q27, M27, true)

@show SOS_time Newton_time
