{
    "name": "Multiplier-1",
    "rational_expression": "179*x1**2/1000 - 22*x1*x2/625 - 361*x1*x3/10000 - 179*x1*x4/5000 - 69*x1*x5/2000 - 339*x1*x6/10000 - 333*x1*x7/10000 - 163*x1*x8/5000 + 23*x1/200 + 29*x2**2/200 + 6*x2*x3/3125 + 19*x2*x4/10000 + 231*x2*x5/250000 + 281*x2*x6/1000000 - 113*x2*x7/2500000 - 201*x2*x8/500000 - 139*x2/10000 + 73*x3**2/500 + 51*x3*x4/20000 + 39*x3*x5/25000 + 227*x3*x6/250000 + 293*x3*x7/500000 + 217*x3*x8/1000000 - 77*x3/5000 + 73*x4**2/500 + 31*x4*x5/20000 + 449*x4*x6/500000 + 577*x4*x7/1000000 - 823*x4*x8/10000000 - 151*x4/10000 + 29*x5**2/200 - 513*x5*x6/10000000 - 357*x5*x7/1000000 - 729*x5*x8/1000000 - 13*x5/1000 + 29*x6**2/200 - 247*x6*x7/250000 - 67*x6*x8/50000 - 29*x6/2500 + 18*x7**2/125 - 83*x7*x8/50000 - 11*x7/1000 + 18*x8**2/125 - 957*x8/100000 + 29/200",
    "Q": "[[0.14541585274510735, -0.004843714286710436, -0.005476453818262955, -0.005777348552834186, -0.006564559758930429, -0.007579244468758741, -0.007697561471302285, -0.007002072763084294, 0.057577547783741925], [-0.004843714286710436, 0.1442546796387567, -0.0007999041598551164, -0.000686259065683014, -0.00038578709680769913, -6.293161560835261e-07, 4.383403731041141e-05, -0.00021906391384945786, -0.016343481843377795], [-0.005476453818262955, -0.0007999041598551164, 0.14465012509853914, -0.00044399817237906797, -0.00013504838691810023, 0.0002625535524892437, 0.00030857594288707696, 3.682733129942658e-05, -0.01670956681734554], [-0.005777348552834186, -0.000686259065683014, -0.00044399817237906797, 0.14485675832887654, -1.2536031250069254e-05, 0.00039151218936041374, 0.0004383370253722446, 0.00016202497767535968, -0.016884064289033295], [-0.006564559758930429, -0.00038578709680769913, -0.00013504838691810023, -1.2536031250069254e-05, 0.14544165638919415, 0.0007360208862564897, 0.0007851191445115374, 0.0004958460674149567, -0.017340648411472585], [-0.007579244468758741, -6.293161560835261e-07, 0.0002625535524892437, 0.00039151218936041374, 0.0007360208862564897, 0.14625921312270473, 0.0012368709101602665, 0.0009291631154694993, -0.0179276615714448], [-0.007697561471302285, 4.383403731041141e-05, 0.00030857594288707696, 0.0004383370253722446, 0.0007851191445115374, 0.0012368709101602665, 0.14635884900666368, 0.000979611644052462, -0.017995979010073503], [-0.007002072763084294, -0.00021906391384945786, 3.682733129942658e-05, 0.00016202497767535968, 0.0004958460674149567, 0.0009291631154694993, 0.000979611644052462, 0.14578580173489164, -0.01759400020127436], [0.057577547783741925, -0.016343481843377795, -0.01670956681734554, -0.016884064289033295, -0.017340648411472585, -0.0179276615714448, -0.017995979010073503, -0.01759400020127436, 0.17934230125035872]]",
    "monomial_list": "[1, x8, x7, x6, x5, x4, x3, x2, x1]"
}