{
    "name": "Multiplier-2",
    "rational_expression": "5327*x1**2/500 + 21327*x1*x10/500000 + 4261*x1*x11/100000 + 1727*x1*x12/40000 + 4217*x1*x13/200000 + 5411*x1*x2/50000 + 42487*x1*x3/1000000 + 42349*x1*x4/1000000 + 4271*x1*x5/100000 + 42263*x1*x6/1000000 + 20801*x1*x7/1000000 + 42563*x1*x8/1000000 + 1037*x1*x9/50000 - 17089*x1/50000 + 10641*x10**2/1000 + 21753*x10*x11/1000000 + 10893*x10*x12/500000 + 10841*x10*x13/500000 + 6973*x10*x2/250000 + 5427*x10*x3/250000 + 21639*x10*x4/1000000 + 10799*x10*x5/500000 + 5399*x10*x6/250000 + 21567*x10*x7/1000000 + 10757*x10*x8/500000 + 2691*x10*x9/125000 + 24573*x10/500000 + 10641*x11**2/1000 + 10893*x11*x12/500000 + 10841*x11*x13/500000 + 6973*x11*x2/250000 + 5427*x11*x3/250000 + 21639*x11*x4/1000000 + 10799*x11*x5/500000 + 5399*x11*x6/250000 + 21567*x11*x7/1000000 + 10757*x11*x8/500000 + 2691*x11*x9/125000 + 24573*x11/500000 + 10647*x12**2/1000 + 869*x12*x13/40000 + 13821*x12*x2/250000 + 21591*x12*x3/500000 + 21633*x12*x4/1000000 + 43057*x12*x5/1000000 + 337*x12*x6/15625 + 21539*x12*x7/1000000 + 10733*x12*x8/250000 + 10739*x12*x9/500000 + 24573*x12/1000000 + 5319*x13**2/500 + 27871*x13*x2/1000000 + 21687*x13*x3/1000000 + 10809*x13*x4/500000 + 2697*x13*x5/125000 + 863*x13*x6/40000 + 14203*x13*x7/100000000 + 10757*x13*x8/500000 + 2691*x13*x9/125000 + 24573*x13/500000 + 13577*x2**2/1000 + 21753*x2*x3/500000 + 43327*x2*x4/1000000 + 64011*x2*x5/1000000 + 2161*x2*x6/50000 + 21757*x2*x7/1000000 + 3989*x2*x8/62500 + 5419*x2*x9/250000 + 3053*x2/25000 + 10643*x3**2/1000 + 21683*x3*x4/1000000 + 21541*x3*x5/500000 + 10809*x3*x6/500000 + 5397*x3*x7/250000 + 42957*x3*x8/1000000 + 2691*x3*x9/125000 + 24573*x3/500000 + 10641*x4**2/1000 + 10799*x4*x5/500000 + 5399*x4*x6/250000 + 21567*x4*x7/1000000 + 10757*x4*x8/500000 + 2691*x4*x9/125000 + 24573*x4/500000 + 2129*x5**2/200 + 337*x5*x6/15625 + 21539*x5*x7/1000000 + 10733*x5*x8/250000 + 10739*x5*x9/500000 + 24573*x5/1000000 + 10641*x6**2/1000 + 21567*x6*x7/1000000 + 10757*x6*x8/500000 + 2691*x6*x9/125000 + 24573*x6/500000 + 10637*x7**2/1000 + 10757*x7*x8/500000 + 2691*x7*x9/125000 + 24573*x7/500000 + 5323*x8**2/500 + 10739*x8*x9/500000 + 24573*x8/1000000 + 10639*x9**2/1000 + 24573*x9/500000 + 61/5",
    "Q": "[[12.19976730864592, 0.025991232849223868, 0.015409609802680743, 0.029606469403635136, 0.02298039605383555, 0.01591815395816045, 0.023051856778706838, 0.01884149209446874, 0.05559571762906762, 0.027453349516838126, 0.014140508964166668, 0.022066034304935513, 0.022866708041896656, -0.16604983560362954], [0.025991232849223868, 10.638917070391573, 0.012154920852763196, 0.005726331180521657, 0.0087278793455232, 0.011923261351272871, 0.008695563072651293, 0.010597850530683215, 0.015331881105256025, 0.006700262786988049, 0.012735101416919763, 0.009141175510810817, 0.008779286631755253, 0.015301965271151286], [0.015409609802680743, 0.012154920852763196, 10.645897573853565, 0.00947477226615974, 0.014368668754950742, 0.019494287746705048, 0.014316431678792192, 0.017376882648401256, 0.02879805331357092, 0.011070376966012306, 0.020786435319322102, 0.015035935096371475, 0.014451746180277482, 0.024895577574965907], [0.029606469403635136, 0.005726331180521657, 0.00947477226615974, 10.637017527111732, 0.006790926374455117, 0.009293029380164582, 0.006765680911857024, 0.008253937017190405, 0.010804830889940909, 0.005208126685189752, 0.009930052599343894, 0.007113912988660329, 0.006831088545820738, 0.012009454550768663], [0.02298039605383555, 0.0087278793455232, 0.014368668754950742, 0.006790926374455117, 10.64069921620426, 0.014096677989973636, 0.010299867572993818, 0.012539370920803218, 0.019130326034955604, 0.007942928355070591, 0.01504964442813229, 0.010825019241130156, 0.010398563419457533, 0.018033792505662078], [0.01591815395816045, 0.011923261351272871, 0.019494287746705048, 0.009293029380164582, 0.014096677989973636, 10.645517530736734, 0.014045383513778799, 0.017051273472241814, 0.02813521757926233, 0.010858803227740388, 0.02040143191648289, 0.014751939949183274, 0.014178257169499645, 0.024430504283621396], [0.023051856778706838, 0.008695563072651293, 0.014316431678792192, 0.006765680911857024, 0.010299867572993818, 0.014045383513778799, 10.640654954128799, 0.012493501928339793, 0.019040164858891054, 0.007913470352610818, 0.014995052879403592, 0.010785190806257203, 0.010360250619497474, 0.017969143935490522], [0.01884149209446874, 0.010597850530683215, 0.017376882648401256, 0.008253937017190405, 0.012539370920803218, 0.017051273472241814, 0.012493501928339793, 10.643418291798332, 0.024373410245047376, 0.009648688782496008, 0.018191691602279073, 0.013125513366975016, 0.012612325829281866, 0.021774451585164212], [0.05559571762906762, 0.015331881105256025, 0.02879805331357092, 0.010804830889940909, 0.019130326034955604, 0.02813521757926233, 0.019040164858891054, 0.024373410245047376, 13.576061300654809, 0.013486592776822088, 0.030466371431088927, 0.020284481102230866, 0.019273774031957555, 0.050885611134152436], [0.027453349516838126, 0.006700262786988049, 0.011070376966012306, 0.005208126685189752, 0.007942928355070591, 0.010858803227740388, 0.007913470352610818, 0.009648688782496008, 0.013486592776822088, 10.638115711402632, 0.011600316892879629, 0.008319738014512683, 0.00798979047580146, 0.0139682039278738], [0.014140508964166668, 0.012735101416919763, 0.020786435319322102, 0.009930052599343894, 0.01504964442813229, 0.02040143191648289, 0.014995052879403592, 0.018191691602279073, 0.030466371431088927, 0.011600316892879629, 10.646865230448547, 0.015746890699805994, 0.015136464122832953, 0.02606179302866066], [0.022066034304935513, 0.009141175510810817, 0.015035935096371475, 0.007113912988660329, 0.010825019241130156, 0.014751939949183274, 0.010785190806257203, 0.013125513366975016, 0.020284481102230866, 0.008319738014512683, 0.015746890699805994, 10.641273755282475, 0.010888370996982002, 0.018860474531871164], [0.022866708041896656, 0.008779286631755253, 0.014451746180277482, 0.006831088545820738, 0.010398563419457533, 0.014178257169499645, 0.010360250619497474, 0.012612325829281866, 0.019273774031957555, 0.00798979047580146, 0.015136464122832953, 0.010888370996982002, 10.6407698257788, 0.018136629208530132], [-0.16604983560362954, 0.015301965271151286, 0.024895577574965907, 0.012009454550768663, 0.018033792505662078, 0.024430504283621396, 0.017969143935490522, 0.021774451585164212, 0.050885611134152436, 0.0139682039278738, 0.02606179302866066, 0.018860474531871164, 0.018136629208530132, 10.6541514146432]]",
    "monomial_list": "[1, x9, x8, x7, x6, x5, x4, x3, x2, x13, x12, x11, x10, x1]"
}