{
    "name": "Multiplier-8",
    "rational_expression": "69*x1**2/500 + 107*x1*x2/100000 + 99*x1*x3/50000 + 169*x1*x4/100000 + 351*x1*x5/500000 + 3*x1*x6/8000 + 337*x1*x7/1000000 - 81*x1*x8/2500 - 121*x1/10000 + 69*x2**2/500 + 231*x2*x3/100000 + 203*x2*x4/100000 + 51*x2*x5/50000 + 699*x2*x6/1000000 + 329*x2*x7/500000 - 331*x2*x8/10000 - 8*x2/625 + 139*x3**2/1000 + 269*x3*x4/100000 + 169*x3*x5/100000 + 67*x3*x6/50000 + 131*x3*x7/100000 - 341*x3*x8/10000 - 147*x3/10000 + 139*x4**2/1000 + 167*x4*x5/100000 + 133*x4*x6/100000 + 13*x4*x7/10000 - 17*x4*x8/500 - 9*x4/625 + 69*x5**2/500 + 367*x5*x6/1000000 + 163*x5*x7/500000 - 323*x5*x8/10000 - 59*x5/5000 + 69*x6**2/500 + 101*x6*x7/5000000 - 4*x6*x8/125 - 11*x6/1000 + 137*x7**2/1000 - 319*x7*x8/10000 - 107*x7/10000 + 17*x8**2/100 + 107*x8/1000 + 131/1000",
    "Q": "[[0.1310398255734644, 0.05335005635647631, -0.005352695728807483, -0.005531762762284067, -0.005929316041794679, -0.007164050846017499, -0.007277666780050357, -0.006410418616939382, -0.006006424012110041], [0.05335005635647631, 0.17005034602558433, -0.0159026198292561, -0.01601184603655313, -0.016256223196486418, -0.01702703282562563, -0.017098711928190773, -0.01655463490020542, -0.016303864983340438], [-0.005352695728807483, -0.0159026198292561, 0.13722339566463276, -5.729601144507025e-05, 0.00010923585474422025, 0.0006227561394833407, 0.000669172624324341, 0.0003106263512062677, 0.00014155240737491766], [-0.005531762762284067, -0.01601184603655313, -5.729601144507025e-05, 0.13735514181536324, 0.00018294663790076877, 0.000694867849782391, 0.0007412085114544631, 0.000383547613715115, 0.0002151223787306159], [-0.005929316041794679, -0.016256223196486418, 0.00010923585474422025, 0.00018294663790076877, 0.13765203539255322, 0.0008563890963222408, 0.0009026449894592109, 0.0005463121767464909, 0.0003790429677560545], [-0.007164050846017499, -0.01702703282562563, 0.0006227561394833407, 0.000694867849782391, 0.0008563890963222408, 0.13860779993060576, 0.0014109945023055715, 0.0010538233302363862, 0.0008879169776462273], [-0.007277666780050357, -0.017098711928190773, 0.000669172624324341, 0.0007412085114544631, 0.0009026449894592109, 0.0014109945023055715, 0.13869773511959993, 0.001100115192626926, 0.0009341686204160003], [-0.006410418616939382, -0.01655463490020542, 0.0003106263512062677, 0.000383547613715115, 0.0005463121767464909, 0.0010538233302363862, 0.001100115192626926, 0.13801897164258103, 0.0005780020237383896], [-0.006006424012110041, -0.016303864983340438, 0.00014155240737491766, 0.0002151223787306159, 0.0003790429677560545, 0.0008879169776462273, 0.0009341686204160003, 0.0005780020237383896, 0.13771030435620368]]",
    "monomial_list": "[1, x8, x7, x6, x5, x4, x3, x2, x1]"
}