{
    "name": "Multiplier-3",
    "rational_expression": "27*x1**2/200 + 447*x1*x2/1000000 - 161*x1*x3/5000 + 491*x1*x4/500000 - 241*x1*x5/1000000 - 559*x1*x6/1000000 - 147*x1*x7/250000 - 3*x1*x8/2500 - 63*x1/5000 + 27*x2**2/200 - 163*x2*x3/5000 + 79*x2*x4/50000 + 21*x2*x5/62500 - 239*x2*x6/1000000 - 269*x2*x7/1000000 - 903*x2*x8/1000000 - 137*x2/10000 + 167*x3**2/1000 - 21*x3*x4/625 - 4*x3*x5/125 - 157*x3*x6/5000 - 313*x3*x7/10000 - 153*x3*x8/5000 + 11*x3/100 + 27*x4**2/200 + 193*x4*x5/200000 + 81*x4*x6/125000 + 173*x4*x7/500000 - 289*x4*x8/1000000 - 2*x4/125 + 67*x5**2/500 - 71*x5*x6/125000 - 43*x5*x7/50000 - 121*x5*x8/100000 - 123*x5/10000 + 67*x6**2/500 - 23*x6*x7/20000 - 19*x6*x8/12500 - 57*x6/5000 + 67*x7**2/500 - 181*x7*x8/100000 - 109*x7/10000 + 67*x8**2/500 - 183*x8/20000 + 143/1000",
    "Q": "[[0.14257660876914782, -0.004541513230205701, -0.005385355454495278, -0.005635962147076469, -0.006195391850246445, -0.00794968792991767, 0.055021667931677155, -0.006876672542635521, -0.006304306976137981], [-0.004541513230205701, 0.13383762550331674, -0.0008810034838685883, -0.000811836081391563, -0.0006567799074374069, -0.00016830034191512935, -0.015192138137807017, -0.0004669477519054615, -0.0006264845812419684], [-0.005385355454495278, -0.0008810034838685883, 0.1342262242339188, -0.0005557415144809007, -0.00038399262991463667, 0.00015864793129242543, -0.015592527741979372, -0.00017345422239513852, -0.00035041469727827766], [-0.005635962147076469, -0.000811836081391563, -0.0005557415144809007, 0.13436288522748488, -0.00030005356789947066, 0.00025920864562989837, -0.015710483235909678, -8.315188942551703e-05, -0.00026546610110215866], [-0.006195391850246445, -0.0006567799074374069, -0.00038399262991463667, -0.00030005356789947066, 0.13468877721890932, 0.00048532503765334734, -0.015972242529021654, 0.00011974552070932127, -7.468125941628388e-05], [-0.00794968792991767, -0.00016830034191512935, 0.00015864793129242543, 0.00025920864562989837, 0.00048532503765334734, 0.13589041564016252, -0.016779460263114956, 0.0007632559039601709, 0.0005295911046047078], [0.055021667931677155, -0.015192138137807017, -0.015592527741979372, -0.015710483235909678, -0.015972242529021654, -0.016779460263114956, 0.16678160377511636, -0.016288114757532307, -0.016022953082991974], [-0.006876672542635521, -0.0004669477519054615, -0.00017345422239513852, -8.315188942551703e-05, 0.00011974552070932127, 0.0007632559039601709, -0.016288114757532307, 0.13512391060964762, 0.00015944634748333629], [-0.006304306976137981, -0.0006264845812419684, -0.00035041469727827766, -0.00026546610110215866, -7.468125941628388e-05, 0.0005295911046047078, -0.016022953082991974, 0.00015944634748333629, 0.13475554998559325]]",
    "monomial_list": "[1, x8, x7, x6, x5, x4, x3, x2, x1]"
}