{
    "name": "Multiplier-7",
    "rational_expression": "157*x1**2/1000 - 251*x1*x2/100000 - 119*x1*x3/100000 + 163*x1*x4/100000 + 21*x1*x5/20000 + 51*x1*x6/25000 - 321*x1*x7/10000 - 281*x1*x8/100000 - 619*x1/100000 + 157*x2**2/1000 - 31*x2*x3/62500 + 179*x2*x4/50000 + 31*x2*x5/20000 + 79*x2*x6/50000 - 453*x2*x7/10000 - 481*x2*x8/100000 - 313*x2/10000 + 79*x3**2/500 + 43*x3*x4/20000 + 13*x3*x5/6250 + 9*x3*x6/6250 - 489*x3*x7/10000 - 171*x3*x8/50000 - 349*x3/10000 + 157*x4**2/1000 + 217*x4*x5/100000 + 81*x4*x6/50000 - 471*x4*x7/10000 - 113*x4*x8/50000 - 131*x4/5000 + 4*x5**2/25 + 171*x5*x6/100000 - 71*x5*x7/2000 + 251*x5*x8/1000000 - 291*x5/50000 + 4*x6**2/25 - 313*x6*x7/10000 + 683*x6*x8/1000000 - 147*x6/100000 + 43*x7**2/200 - 71*x7*x8/2000 + 91*x7/500 + 77*x8**2/500 - 157*x8/10000 + 91/500",
    "Q": "[[0.18163474524862097, -0.007854732511112104, 0.09072785567819981, -0.000654828743491252, -0.002856012395215304, -0.013166439477490693, -0.017463715378411904, -0.015616062345696704, -0.0031159341786319373], [-0.007854732511112104, 0.15397539078487793, -0.01768281192973241, 0.0003805288628164909, 0.00019256864962872771, -0.0011589944109365658, -0.0017180562056224988, -0.0023645212058138014, -0.0014738444148157618], [0.09072785567819981, -0.01768281192973241, 0.214693627058784, -0.015635934377078033, -0.0178007727068498, -0.023560022506263073, -0.02453317411592667, -0.022740846660887354, -0.01611777832734098], [-0.000654828743491252, 0.0003805288628164909, -0.015635934377078033, 0.16034929557320135, 0.0009131160578789493, 0.0007866451986661705, 0.0007227988180937285, 0.0008577586048932506, 0.001029045131061582], [-0.002856012395215304, 0.00019256864962872771, -0.0178007727068498, 0.0009131160578789493, 0.15946548804017766, 0.0010976062912229163, 0.0011062037533774052, 0.00073625238404783, 0.0006071987197048476], [-0.013166439477490693, -0.0011589944109365658, -0.023560022506263073, 0.0007866451986661705, 0.0010976062912229163, 0.15719910617779123, 0.0011334777521953786, 0.0017898021334831133, 0.0008561250239480886], [-0.017463715378411904, -0.0017180562056224988, -0.02453317411592667, 0.0007227988180937285, 0.0011062037533774052, 0.0011334777521953786, 0.1586985570051569, -0.0003042790935468183, -0.0006502840121297703], [-0.015616062345696704, -0.0023645212058138014, -0.022740846660887354, 0.0008577586048932506, 0.00073625238404783, 0.0017898021334831133, -0.0003042790935468183, 0.15688478275395792, -0.0012539607214597875], [-0.0031159341786319373, -0.0014738444148157618, -0.01611777832734098, 0.001029045131061582, 0.0006071987197048476, 0.0008561250239480886, -0.0006502840121297703, -0.0012539607214597875, 0.15745128367218367]]",
    "monomial_list": "[1, x8, x7, x6, x5, x4, x3, x2, x1]"
}