{
    "name": "Multiplier-6",
    "rational_expression": "13*x1**2/100 - 29*x1*x2/10000 - 247*x1*x3/100000 - 9*x1*x4/4000 - 27*x1*x5/25000 - 311*x1*x6/10000 - 79*x1*x7/100000 - 527*x1*x8/100000 - 119*x1/10000 + 131*x2**2/1000 - 9*x2*x3/31250 + 53*x2*x4/125000 - 111*x2*x5/1000000 - 89*x2*x6/2500 - 37*x2*x7/250000 - 173*x2*x8/50000 - 179*x2/10000 + 33*x3**2/250 - 11*x3*x4/10000 + 127*x3*x5/100000 - 409*x3*x6/10000 + 61*x3*x7/1250000 - 201*x3*x8/50000 - 137*x3/5000 + 129*x4**2/1000 + 61*x4*x5/50000 - 201*x4*x6/5000 + 159*x4*x7/500000 - 133*x4*x8/25000 - 67*x4/2500 + 33*x5**2/250 - 173*x5*x6/5000 + 457*x5*x7/10000000 - 79*x5*x8/50000 - 149*x5/10000 + 171*x6**2/1000 - 281*x6*x7/10000 - 319*x6*x8/10000 + 131*x6/1000 + 33*x7**2/250 - 123*x7*x8/100000 - 149*x7/25000 + 127*x8**2/1000 - 143*x8/10000 + 149/1000",
    "Q": "[[0.14870168822679905, -0.0072053605852371435, -0.003039841291620055, 0.06522485748092664, -0.007385649360149728, -0.01344287137792378, -0.013636466219756081, -0.008967938623861735, -0.005891184169797811], [-0.0072053605852371435, 0.12767997501199987, -0.00056808079393464, -0.016071653468685245, -0.0008095777110603238, -0.0026969367909863242, -0.002024870970158536, -0.0017531708866700179, -0.002647974875779214], [-0.003039841291620055, -0.00056808079393464, 0.13216370538526534, -0.014078433660935715, 7.195203002204986e-07, 0.00017264043580238507, 4.9161762187542795e-05, -2.7255805984899155e-05, -0.0004517297361676656], [0.06522485748092664, -0.016071653468685245, -0.014078433660935715, 0.1708791434723719, -0.017217371759031222, -0.020106572741903545, -0.020363714052762202, -0.017774976550944906, -0.01551216904982826], [-0.007385649360149728, -0.0008095777110603238, 7.195203002204986e-07, -0.017217371759031222, 0.13199322094739982, 0.0006058249362842978, 0.000645451688136684, -5.6933368231345344e-05, -0.0005492426704605393], [-0.01344287137792378, -0.0026969367909863242, 0.00017264043580238507, -0.020106572741903545, 0.0006058249362842978, 0.12932281615924424, -0.0005884235162119197, 0.0002473347347597261, -0.0011763297600150644], [-0.013636466219756081, -0.002024870970158536, 4.9161762187542795e-05, -0.020363714052762202, 0.000645451688136684, -0.0005884235162119197, 0.13219697325977572, -0.00019330108871274074, -0.0012415904459585148], [-0.008967938623861735, -0.0017531708866700179, -2.7255805984899155e-05, -0.017774976550944906, -5.6933368231345344e-05, 0.0002473347347597261, -0.00019330108871274074, 0.13105022531446753, -0.0014486908749872752], [-0.005891184169797811, -0.002647974875779214, -0.0004517297361676656, -0.01551216904982826, -0.0005492426704605393, -0.0011763297600150644, -0.0012415904459585148, -0.0014486908749872752, 0.12955587331840546]]",
    "monomial_list": "[1, x8, x7, x6, x5, x4, x3, x2, x1]"
}