{
    "name": "Multiplier-2",
    "rational_expression": "16*x1**2/125 - 327*x1*x2/10000 - 177*x1*x3/200000 - 139*x1*x4/100000 + 27*x1*x5/62500 + 137*x1*x6/100000 + 397*x1*x7/500000 - 23*x1*x8/6250 - 143*x1/10000 + 41*x2**2/250 - 27*x2*x3/625 - 437*x2*x4/10000 - 181*x2*x5/5000 - 301*x2*x6/10000 - 73*x2*x7/2500 - 173*x2*x8/5000 + 123*x2/1000 + 33*x3**2/250 + 51*x3*x4/20000 + 213*x3*x5/50000 + 33*x3*x6/12500 + 31*x3*x7/12500 - 297*x3*x8/100000 - 193*x3/5000 + 129*x4**2/1000 + 433*x4*x5/100000 + 7*x4*x6/2500 + 263*x4*x7/100000 - 501*x4*x8/100000 - 213*x4/5000 + 131*x5**2/1000 + 117*x5*x6/50000 + 197*x5*x7/100000 - 273*x5*x8/1000000 - 249*x5/10000 + 131*x6**2/1000 + 229*x6*x7/100000 + x6*x8/1000 - x6/80 + 13*x7**2/100 + 429*x7*x8/1000000 - 7*x7/625 + 127*x8**2/1000 - 91*x8/5000 + 19/125",
    "Q": "[[0.1518255784136237, -0.009035094137376954, -0.005661825265994927, -0.006250405409833376, -0.012444142269470864, -0.021258787164774716, -0.01935700339593991, 0.06156571502037008, -0.007067749302812517], [-0.009035094137376954, 0.12621596936295007, 0.0002524102174879552, 0.0005118175848670166, -0.00015635405164111086, -0.002526151814368644, -0.0015279188443194202, -0.017253266879722864, -0.0017938961079621584], [-0.005661825265994927, 0.0002524102174879552, 0.13045309450142759, 0.001164025897278058, 0.0009856669602923414, 0.00129863226653588, 0.0011807118484254589, -0.014614317549085761, 0.0003513785663529668], [-0.006250405409833376, 0.0005118175848670166, 0.001164025897278058, 0.1309919385270986, 0.0011035272311390237, 0.0013669376578750077, 0.0013082972244430223, -0.015018635968055999, 0.0006645861173322231], [-0.012444142269470864, -0.00015635405164111086, 0.0009856669602923414, 0.0011035272311390237, 0.1307002601772847, 0.002133518938804075, 0.002092894684446142, -0.01807375383192194, 0.00021687846700727835], [-0.021258787164774716, -0.002526151814368644, 0.00129863226653588, 0.0013669376578750077, 0.002133518938804075, 0.12920813182256624, 0.001262797058480559, -0.021799034454981946, -0.0007261429541605785], [-0.01935700339593991, -0.0015279188443194202, 0.0011807118484254589, 0.0013082972244430223, 0.002092894684446142, 0.001262797058480559, 0.1315210225679943, -0.021553856348043465, -0.000501822474797926], [0.06156571502037008, -0.017253266879722864, -0.014614317549085761, -0.015018635968055999, -0.01807375383192194, -0.021799034454981946, -0.021553856348043465, 0.16397071542868982, -0.016240035483511935], [-0.007067749302812517, -0.0017938961079621584, 0.0003513785663529668, 0.0006645861173322231, 0.00021687846700727835, -0.0007261429541605785, -0.000501822474797926, -0.016240035483511935, 0.12821823442579652]]",
    "monomial_list": "[1, x8, x7, x6, x5, x4, x3, x2, x1]"
}