{
    "name": "Multiplier-1",
    "rational_expression": "203*x1**2/1000 - 479*x1*x2/10000 - 271*x1*x3/5000 - 569*x1*x4/10000 - 43*x1*x5/1000 - 91*x1*x6/2500 - 307*x1*x7/10000 - 419*x1*x8/10000 + 4*x1/25 + 77*x2**2/500 - 249*x2*x3/100000 + 47*x2*x4/62500 + 87*x2*x5/200000 + 141*x2*x6/100000 + 17*x2*x7/10000 - 73*x2*x8/12500 - 73*x2/2500 + 31*x3**2/200 - 89*x3*x4/200000 + 21*x3*x5/40000 + 141*x3*x6/100000 + 963*x3*x7/1000000 - 3*x3*x8/400 - 213*x3/5000 + 77*x4**2/500 + 169*x4*x5/250000 + 187*x4*x6/100000 - 459*x4*x7/1000000 - 169*x4*x8/20000 - 131*x4/2500 + 31*x5**2/200 + 31*x5*x6/25000 - 269*x5*x7/500000 - 333*x5*x8/100000 - 13*x5/500 + 157*x6**2/1000 + 59*x6*x7/50000 - 29*x6*x8/100000 - 33*x6/2000 + 39*x7**2/250 - 243*x7*x8/25000000 - 33*x7/6250 + 3*x8**2/20 - 97*x8/5000 + 22/125",
    "Q": "[[0.17594037183710332, -0.009715032994707568, -0.0026421380831614123, -0.00823008065762257, -0.01307913440290332, -0.02615069155816032, -0.021364986674721052, -0.014561406471849933, 0.08007787531758775], [-0.009715032994707568, 0.149718237431125, -2.749057104718599e-05, -0.00017188456701561274, -0.001591439438889581, -0.004196073503047857, -0.003731397437104121, -0.0028830369317799477, -0.02100241849995688], [-0.0026421380831614123, -2.749057104718599e-05, 0.15608812362401622, 0.0005834198813490242, -0.00022003414613962913, -0.0001868636344176143, 0.0004390841746737846, 0.0008933966776610246, -0.01533981852385154], [-0.00823008065762257, -0.00017188456701561274, 0.0005834198813490242, 0.1571749022661455, 0.0006529420300990311, 0.0009040802344350342, 0.0007287189668359903, 0.0007666101720627111, -0.018169694757688704], [-0.01307913440290332, -0.001591439438889581, -0.00022003414613962913, 0.0006529420300990311, 0.1553785190481144, 0.00026223291631894, 0.00023961577193501606, 0.00019143603701337486, -0.021515508225462804], [-0.02615069155816032, -0.004196073503047857, -0.0001868636344176143, 0.0009040802344350342, 0.00026223291631894, 0.15434088263580925, -0.00025630264909629177, 0.0003032037798898311, -0.02846524913325353], [-0.021364986674721052, -0.003731397437104121, 0.0004390841746737846, 0.0007287189668359903, 0.00023961577193501606, -0.00025630264909629177, 0.15489449914285036, -0.0012862649684345217, -0.027211425387798794], [-0.014561406471849933, -0.0028830369317799477, 0.0008933966776610246, 0.0007666101720627111, 0.00019143603701337486, 0.0003032037798898311, -0.0012862649684345217, 0.1539791887456173, -0.023799797395559864], [0.08007787531758775, -0.02100241849995688, -0.01533981852385154, -0.018169694757688704, -0.021515508225462804, -0.02846524913325353, -0.027211425387798794, -0.023799797395559864, 0.20280760087647012]]",
    "monomial_list": "[1, x8, x7, x6, x5, x4, x3, x2, x1]"
}