{
    "name": "Multiplier-5",
    "rational_expression": "127*x1**2/1000 - 67*x1*x2/25000 - 67*x1*x3/25000 - 71*x1*x4/25000 - 33*x1*x5/1000 + 121*x1*x6/250000 - 93*x1*x7/250000 - 277*x1*x8/50000 - 79*x1/5000 + 129*x2**2/1000 + 141*x2*x3/500000 + 223*x2*x4/250000 - 47*x2*x5/1250 + 517*x2*x6/1000000 + 189*x2*x7/500000 - 79*x2*x8/20000 - 127*x2/5000 + 13*x3**2/100 - 31*x3*x4/2500000 - 219*x3*x5/5000 + 121*x3*x6/125000 + 241*x3*x7/500000 - 33*x3*x8/6250 - 203*x3/5000 + 16*x4**2/125 - 431*x4*x5/10000 + 953*x4*x6/1000000 + 371*x4*x7/500000 - 681*x4*x8/100000 - x4/25 + 33*x5**2/200 - 301*x5*x6/10000 - 289*x5*x7/10000 - 347*x5*x8/10000 + 127*x5/1000 + 131*x6**2/1000 + 153*x6*x7/100000 + 127*x6*x8/2000000 - 93*x6/10000 + 13*x7**2/100 - 277*x7*x8/500000 - 93*x7/12500 + 63*x8**2/500 - 189*x8/10000 + 31/200",
    "Q": "[[0.15490107431142036, -0.0094964453577167, -0.0037647215712454875, -0.004612422939786949, 0.06340738344050009, -0.02003001125571206, -0.02026010620104894, -0.012719106617481423, -0.007867558046979079], [-0.0094964453577167, 0.12538732019460547, -0.0002799290044835258, -2.770611502999022e-05, -0.017338142423109312, -0.0033786820755956743, -0.0026251759942174874, -0.001972651170781861, -0.002749693875020186], [-0.0037647215712454875, -0.0002799290044835258, 0.13031339041904497, 0.0007062177980121774, -0.014548141264423844, 0.00039473271373174706, 0.00027121587487217324, 0.0002262114574908648, -0.0001760142694476562], [-0.004612422939786949, -2.770611502999022e-05, 0.0007062177980121774, 0.1308800170297778, -0.015003119184661785, 0.0004370442084965097, 0.0004351482283845843, 0.0003089757598311461, 0.00017813455241478667], [0.06340738344050009, -0.017338142423109312, -0.014548141264423844, -0.015003119184661785, 0.16524144831656482, -0.021658678380013348, -0.021832163709349386, -0.018841579546990662, -0.016486780858192728], [-0.02003001125571206, -0.0033786820755956743, 0.00039473271373174706, 0.0004370442084965097, -0.021658678380013348, 0.12771182098275033, 1.888963372594755e-05, 0.0004865205754478203, -0.0014109696718147759], [-0.02026010620104894, -0.0026251759942174874, 0.00027121587487217324, 0.0004351482283845843, -0.021832163709349386, 1.888963372594755e-05, 0.13077837869146033, 0.00017065764683939994, -0.0014029656175860582], [-0.012719106617481423, -0.001972651170781861, 0.0002262114574908648, 0.0003089757598311461, -0.018841579546990662, 0.0004865205754478203, 0.00017065764683939994, 0.12908103667466247, -0.001397010680739404], [-0.007867558046979079, -0.002749693875020186, -0.0001760142694476562, 0.00017813455241478667, -0.016486780858192728, -0.0014109696718147759, -0.0014029656175860582, -0.001397010680739404, 0.1274518849973474]]",
    "monomial_list": "[1, x8, x7, x6, x5, x4, x3, x2, x1]"
}