{
    "name": "Multiplier-7",
    "rational_expression": "13*x1**2/100 - 331*x1*x2/100000 - 159*x1*x3/50000 - 323*x1*x4/100000 - 69*x1*x5/50000 - 97*x1*x6/250000 - 77*x1*x7/2500 - 27*x1*x8/5000 - 103*x1/10000 + 131*x2**2/1000 - 999*x2*x3/1000000 - 501*x2*x4/1000000 - 547*x2*x5/1000000 - 299*x2*x6/1000000 - 181*x2*x7/5000 - 211*x2*x8/50000 - 47*x2/2500 + 33*x3**2/250 - 27*x3*x4/12500 + 309*x3*x5/500000 - 173*x3*x6/1000000 - 417*x3*x7/10000 - 101*x3*x8/20000 - 141*x3/5000 + 129*x4**2/1000 + 91*x4*x5/250000 - 191*x4*x6/1000000 - 207*x4*x7/5000 - 327*x4*x8/50000 - 291*x4/10000 + 133*x5**2/1000 + 71*x5*x6/500000 - 7*x5*x7/200 - 47*x5*x8/20000 - 3*x5/200 + 133*x6**2/1000 - 147*x6*x7/5000 - 23*x6*x8/20000 - 397*x6/50000 + 43*x7**2/250 - 161*x7*x8/5000 + 133*x7/1000 + 16*x8**2/125 - 141*x8/10000 + 147/1000",
    "Q": "[[0.14675269316986678, -0.007079351541945462, 0.0663443608335104, -0.003973641689338652, -0.007508805790196354, -0.014562070728812, -0.014105336195748218, -0.009434462612201603, -0.005064821390039655], [-0.007079351541945462, 0.12797879315462998, -0.01614079730562628, -0.000587629773029074, -0.0011109289501030925, -0.003284215778945639, -0.002517885256740077, -0.0021416153884291932, -0.00274089600615901], [0.0663443608335104, -0.01614079730562628, 0.17239699859171576, -0.014752413079280371, -0.017447590405299994, -0.02067951975155565, -0.020808512140077236, -0.01809896729069989, -0.015438772554540845], [-0.003973641689338652, -0.000587629773029074, -0.014752413079280371, 0.13326889947536183, 4.03672502295047e-05, -0.00012659044424133208, -5.296921370011825e-05, -0.00010033108198681888, -0.00023919274185740694], [-0.007508805790196354, -0.0011109289501030925, -0.017447590405299994, 4.03672502295047e-05, 0.13244683978992458, 0.0002032423554133415, 0.0003167838691255115, -0.00024388902356368763, -0.0007237855550671844], [-0.014562070728812, -0.003284215778945639, -0.02067951975155565, -0.00012659044424133208, 0.0002032423554133415, 0.12948189825937373, -0.0010506973957605799, -0.00027743603651584427, -0.0016503680196410181], [-0.014105336195748218, -0.002517885256740077, -0.020808512140077236, -5.296921370011825e-05, 0.0003167838691255115, -0.0010506973957605799, 0.13221729364893806, -0.000544483221105956, -0.0015846843211308956], [-0.009434462612201603, -0.0021416153884291932, -0.01809896729069989, -0.00010033108198681888, -0.00024388902356368763, -0.00027743603651584427, -0.000544483221105956, 0.13135410513943796, -0.001645769133088686], [-0.005064821390039655, -0.00274089600615901, -0.015438772554540845, -0.00023919274185740694, -0.0007237855550671844, -0.0016503680196410181, -0.0015846843211308956, -0.001645769133088686, 0.13023326188159917]]",
    "monomial_list": "[1, x8, x7, x6, x5, x4, x3, x2, x1]"
}