{
    "name": "Multiplier-5",
    "rational_expression": "29*x1**2/200 + 69*x1*x2/100000 + 129*x1*x3/100000 + 127*x1*x4/100000 - 173*x1*x5/5000 - 67*x1*x6/200000 - 47*x1*x7/125000 - 51*x1*x8/50000 - 8*x1/625 + 73*x2**2/500 + 39*x2*x3/20000 + 193*x2*x4/100000 - 22*x2*x5/625 + 287*x2*x6/1000000 - 561*x2*x7/10000000 - 399*x2*x8/1000000 - 7*x2/500 + 73*x3**2/500 + 257*x3*x4/100000 - 359*x3*x5/10000 + 57*x3*x6/62500 + 577*x3*x7/1000000 - 347*x3*x8/5000000 - 31*x3/2000 + 73*x4**2/500 - 357*x4*x5/10000 + 61*x4*x6/100000 + 113*x4*x7/200000 - 197*x4*x8/2500000 - 19*x4/1250 + 179*x5**2/1000 - 337*x5*x6/10000 - 83*x5*x7/2500 - 163*x5*x8/5000 + 23*x5/200 + 18*x6**2/125 - 499*x6*x7/500000 - 67*x6*x8/50000 - 117*x6/10000 + 18*x7**2/125 - 167*x7*x8/100000 - 27*x7/2500 + 18*x8**2/125 - 241*x8/25000 + 73/500",
    "Q": "[[0.1462299587472936, -0.0048223207004861515, -0.005468758640621915, -0.00577638156091595, 0.05771273538021537, -0.007620295150047329, -0.007741427081047611, -0.007029455297276406, -0.006375804335242962], [-0.0048223207004861515, 0.1440527697277644, -0.0008256144785775553, -0.0007126893618824611, -0.016307020662363704, -3.007045385981406e-05, 1.4264039542326606e-05, -0.00024776220997499866, -0.0004902432689614752], [-0.005468758640621915, -0.0008256144785775553, 0.1444463983568043, -0.0004698616047994374, -0.016674917804561856, 0.0002380942482172799, 0.00028427157763023976, 1.1715476304345363e-05, -0.00023974852841332912], [-0.00577638156091595, -0.0007126893618824611, -0.0004698616047994374, 0.14465327648735266, -0.0168501547952952, 0.00036953723791351747, 0.0004166517491278988, 0.00013873501505149796, -0.0001173435519556699], [0.05771273538021537, -0.016307020662363704, -0.016674917804561856, -0.0168501547952952, 0.17912565224779875, -0.01789669519275637, -0.017965114236962836, -0.01756237214003493, -0.01719134805409052], [-0.007620295150047329, -3.007045385981406e-05, 0.0002380942482172799, 0.00036953723791351747, -0.01789669519275637, 0.14607126905513879, 0.001231809703433584, 0.0009178055127657568, 0.000630535127393746], [-0.007741427081047611, 1.4264039542326606e-05, 0.00028427157763023976, 0.0004166517491278988, -0.017965114236962836, 0.001231809703433584, 0.1461727227130847, 0.0009690859904201382, 0.0006795834612991042], [-0.007029455297276406, -0.00024776220997499866, 1.1715476304345363e-05, 0.00013873501505149796, -0.01756237214003493, 0.0009178055127657568, 0.0009690859904201382, 0.1455903652713101, 0.0003905885013129333], [-0.006375804335242962, -0.0004902432689614752, -0.00023974852841332912, -0.0001173435519556699, -0.01719134805409052, 0.000630535127393746, 0.0006795834612991042, 0.0003905885013129333, 0.14508688717772933]]",
    "monomial_list": "[1, x8, x7, x6, x5, x4, x3, x2, x1]"
}