{
    "name": "Multiplier-8",
    "rational_expression": "67*x1**2/500 + 631*x1*x2/100000 + 87*x1*x3/12500 + 621*x1*x4/100000 + 43*x1*x5/6250 + 77*x1*x6/12500 + 57*x1*x7/10000 - 281*x1*x8/10000 - 23*x1/2000 + 17*x2**2/125 + 947*x2*x3/100000 + 11*x2*x4/1250 + 907*x2*x5/100000 + 777*x2*x6/100000 + 721*x2*x7/100000 - 329*x2*x8/10000 - 107*x2/5000 + 137*x3**2/1000 + 939*x3*x4/100000 + 103*x3*x5/10000 + 427*x3*x6/50000 + 791*x3*x7/100000 - 379*x3*x8/10000 - 29*x3/1000 + 27*x4**2/200 + 463*x4*x5/50000 + 783*x4*x6/100000 + 29*x4*x7/4000 - 367*x4*x8/10000 - 63*x4/2500 + 17*x5**2/125 + x5*x6/125 + 93*x5*x7/12500 - 323*x5*x8/10000 - 219*x5/10000 + 17*x6**2/125 + 169*x6*x7/25000 - 277*x6*x8/10000 - 137*x6/10000 + 27*x7**2/200 - 267*x7*x8/10000 - 23*x7/2000 + 17*x8**2/100 + 63*x8/500 + 137/1000",
    "Q": "[[0.1373807920324664, 0.0630894047840406, -0.005746685063248924, -0.006898697695171936, -0.011011537190406394, -0.012639392207800186, -0.014566090170961688, -0.010751065858441251, -0.00572594495368345], [0.0630894047840406, 0.17026660207247463, -0.013310038600184553, -0.013853010554269615, -0.01617483526545072, -0.018424147563974636, -0.01898647165059208, -0.01645985328909406, -0.01405648232761324], [-0.005746685063248924, -0.013310038600184553, 0.13534150137455866, 0.0034307119913132055, 0.0037831610799805926, 0.0036440207749747168, 0.003975862940699473, 0.003605467621253611, 0.002814338355437832], [-0.006898697695171936, -0.013853010554269615, 0.0034307119913132055, 0.13577451862518664, 0.004050941414873907, 0.003880992109896897, 0.004285246640235103, 0.003848024070041212, 0.003012867960253639], [-0.011011537190406394, -0.01617483526545072, 0.0037831610799805926, 0.004050941414873907, 0.13620601538530475, 0.004664907564906036, 0.005166766541584568, 0.0045063814546975715, 0.003463809075459641], [-0.012639392207800186, -0.018424147563974636, 0.0036440207749747168, 0.003880992109896897, 0.004664907564906036, 0.13569132628391437, 0.00471240997588514, 0.004353431276786229, 0.00308555431070343], [-0.014566090170961688, -0.01898647165059208, 0.003975862940699473, 0.004285246640235103, 0.005166766541584568, 0.00471240997588514, 0.13697354501587866, 0.00480026832955733, 0.00343684430745642], [-0.010751065858441251, -0.01645985328909406, 0.003605467621253611, 0.003848024070041212, 0.0045063814546975715, 0.004353431276786229, 0.00480026832955733, 0.13557363536062064, 0.003183883139712085], [-0.00572594495368345, -0.01405648232761324, 0.002814338355437832, 0.003012867960253639, 0.003463809075459641, 0.00308555431070343, 0.00343684430745642, 0.003183883139712085, 0.13382904166371185]]",
    "monomial_list": "[1, x8, x7, x6, x5, x4, x3, x2, x1]"
}