{
    "name": "Multiplier-4",
    "rational_expression": "131*x1**2/1000 + 947*x1*x2/100000 + 103*x1*x3/10000 - 277*x1*x4/10000 + 999*x1*x5/100000 + 81*x1*x6/10000 + 759*x1*x7/100000 + 229*x1*x8/50000 - 201*x1/10000 + 67*x2**2/500 + 151*x2*x3/10000 - 13*x2*x4/400 + 29*x2*x5/2000 + 51*x2*x6/5000 + 51*x2*x7/5000 + 683*x2*x8/100000 - 349*x2/10000 + 17*x3**2/125 - 181*x3*x4/5000 + 77*x3*x5/5000 + 53*x3*x6/5000 + 53*x3*x7/5000 + 723*x3*x8/100000 - 377*x3/10000 + 83*x4**2/500 - 313*x4*x5/10000 - 129*x4*x6/5000 - 251*x4*x7/10000 - 277*x4*x8/10000 + 13*x4/100 + 27*x5**2/200 + 101*x5*x6/10000 + 979*x5*x7/100000 + 797*x5*x8/100000 - 317*x5/10000 + 133*x6**2/1000 + 769*x6*x7/100000 + 693*x6*x8/100000 - 77*x6/5000 + 131*x7**2/1000 + 4*x7*x8/625 - 151*x7/10000 + 129*x8**2/1000 - 151*x8/10000 + 157/1000",
    "Q": "[[0.15669351200184378, -0.0075505852653821705, -0.007569926539170833, -0.0076754079301080734, -0.015763368273537675, 0.06505898720273956, -0.018807554478266795, -0.01734397143478161, -0.010103911098020023], [-0.0075505852653821705, 0.12963563422659977, 0.0032472095026924355, 0.0035074079232219153, 0.003944035903963529, -0.01387934869263663, 0.003676771117932526, 0.0033898576740974016, 0.0022685637738699923], [-0.007569926539170833, 0.0032472095026924355, 0.13189895128683618, 0.0038808307869451835, 0.004928327726231475, -0.012570690192791516, 0.005292598569714538, 0.005098185600203759, 0.0037537345570712384], [-0.0076754079301080734, 0.0035074079232219153, 0.0038808307869451835, 0.13238737376644344, 0.004989239773766091, -0.012871509714798115, 0.005367379018537076, 0.005159510191902057, 0.004012006283394416], [-0.015763368273537675, 0.003944035903963529, 0.004928327726231475, 0.004989239773766091, 0.13470929573163015, -0.01559090491379292, 0.007718638660690705, 0.007217586513540481, 0.005045589764052644], [0.06505898720273956, -0.01387934869263663, -0.012570690192791516, -0.012871509714798115, -0.01559090491379292, 0.16523989841959041, -0.01804992807551224, -0.016230542068094603, -0.013808088495107994], [-0.018807554478266795, 0.003676771117932526, 0.005292598569714538, 0.005367379018537076, 0.007718638660690705, -0.01804992807551224, 0.1364386195069078, 0.007495420934964091, 0.005070565591333868], [-0.01734397143478161, 0.0033898576740974016, 0.005098185600203759, 0.005159510191902057, 0.007217586513540481, -0.016230542068094603, 0.007495420934964091, 0.1345221542050869, 0.004684399862500318], [-0.010103911098020023, 0.0022685637738699923, 0.0037537345570712384, 0.004012006283394416, 0.005045589764052644, -0.013808088495107994, 0.005070565591333868, 0.004684399862500318, 0.13077834453491974]]",
    "monomial_list": "[1, x8, x7, x6, x5, x4, x3, x2, x1]"
}