{
    "name": "Multiplier-2",
    "rational_expression": "29*x1**2/200 - 341*x1*x2/10000 + 63*x1*x3/50000 + x1*x4/800 + 151*x1*x5/500000 - 349*x1*x6/1000000 - 679*x1*x7/1000000 - 51*x1*x8/50000 - 127*x1/10000 + 179*x2**2/1000 - 357*x2*x3/10000 - 89*x2*x4/2500 - 69*x2*x5/2000 - 21*x2*x6/625 - 83*x2*x7/2500 - 323*x2*x8/10000 + 29*x2/250 + 29*x3**2/200 + 51*x3*x4/20000 + 79*x3*x5/50000 + 453*x3*x6/500000 + 73*x3*x7/125000 - 373*x3*x8/5000000 - 157*x3/10000 + 29*x4**2/200 + 4*x4*x5/3125 + 303*x4*x6/500000 + 73*x4*x7/250000 - 837*x4*x8/10000000 - 77*x4/5000 + 29*x5**2/200 - 231*x5*x6/5000000 - 359*x5*x7/1000000 - 101*x5*x8/100000 - 133*x5/10000 + 18*x6**2/125 - x6*x7/1000 - 41*x6*x8/25000 - 23*x6/2000 + 18*x7**2/125 - 83*x7*x8/50000 - 109*x7/10000 + 143*x8**2/1000 - 947*x8/100000 + 37/250",
    "Q": "[[0.14802846026372485, -0.004754223697520927, -0.00543289525866215, -0.005756322572197584, -0.0066040907486252355, -0.007698760813909734, -0.007826482004325189, 0.05798858170594652, -0.006387242635199029], [-0.004754223697520927, 0.14362940088435924, -0.0008632996478210347, -0.0007525170049500691, -0.0004585543076556866, -7.992563808327151e-05, -3.6096335404125875e-05, -0.01621379152674416, -0.0005338324359965972], [-0.00543289525866215, -0.0008632996478210347, 0.14401640432167728, -0.0005095404298287745, -0.00020080574992730127, 0.00019822582157062472, 0.00024453032351643735, -0.016584183497318557, -0.00027994834330416724], [-0.005756322572197584, -0.0007525170049500691, -0.0005095404298287745, 0.14422256954194573, -7.458892577705204e-05, 0.000334668798327686, 0.0003822108725133773, -0.01676035732552699, -0.00015567723551736706], [-0.0066040907486252355, -0.0004585543076556866, -0.00020080574992730127, -7.458892577705204e-05, 0.1448167274011085, 0.0006995376576544332, 0.0007504841102908073, -0.017220321312675754, 0.00017567343091662386], [-0.007698760813909734, -7.992563808327151e-05, 0.00019822582157062472, 0.000334668798327686, 0.0006995376576544332, 0.14566727053152723, 0.00123112596313258, -0.01780951621567582, 0.0006057411049746439], [-0.007826482004325189, -3.6096335404125875e-05, 0.00024453032351643735, 0.0003822108725133773, 0.0007504841102908073, 0.00123112596313258, 0.14577224371967035, -0.017877918879625233, 0.000655799398321697], [0.05798858170594652, -0.01621379152674416, -0.016584183497318557, -0.01676035732552699, -0.017220321312675754, -0.01780951621567582, -0.017877918879625233, 0.17865729548769962, -0.017102965135093007], [-0.006387242635199029, -0.0005338324359965972, -0.00027994834330416724, -0.00015567723551736706, 0.00017567343091662386, 0.0006057411049746439, 0.000655799398321697, -0.017102965135093007, 0.14465920081921124]]",
    "monomial_list": "[1, x8, x7, x6, x5, x4, x3, x2, x1]"
}