{
    "name": "Multiplier-7",
    "rational_expression": "137*x1**2/1000 + 41*x1*x2/62500 + 31*x1*x3/20000 + x1*x4/800 + 281*x1*x5/1000000 - 613*x1*x6/10000000 - 163*x1*x7/5000 - 633*x1*x8/1000000 - x1/80 + 69*x2**2/500 + 19*x2*x3/10000 + 189*x2*x4/100000 + 19*x2*x5/31250 + 133*x2*x6/500000 - 333*x2*x7/10000 - 161*x2*x8/500000 - 133*x2/10000 + 69*x3**2/500 + 127*x3*x4/50000 + 19*x3*x5/12500 + 117*x3*x6/100000 - 43*x3*x7/1250 + 37*x3*x8/125000 - 19*x3/1250 + 69*x4**2/500 + 123*x4*x5/100000 + 179*x4*x6/200000 - 343*x4*x7/10000 + 57*x4*x8/200000 - 149*x4/10000 + 137*x5**2/1000 - 181*x5*x6/2500000 - 13*x5*x7/400 - 643*x5*x8/1000000 - 61*x5/5000 + 137*x6**2/1000 - 161*x6*x7/5000 - 3*x6*x8/2500 - 57*x6/5000 + 169*x7**2/1000 - 39*x7*x8/1250 + 107*x7/1000 + 17*x8**2/125 - 123*x8/12500 + 133/1000",
    "Q": "[[0.13335905802646755, -0.004905353961882797, 0.053643397898067595, -0.005748232320137292, -0.006174531608450733, -0.007502065187385763, -0.00762434487777761, -0.006691308671370494, -0.006257299682606629], [-0.004905353961882797, 0.13599311299365324, -0.01560181708479788, -0.0005547942214346754, -0.0003835098939186327, 0.00014491360360310414, 0.00019267900431866868, -0.0001762770842446493, -0.0003502613509116058], [0.053643397898067595, -0.01560181708479788, 0.16909661800623155, -0.016104041966176527, -0.01636053033555808, -0.017163525535953156, -0.017237734508025272, -0.016672473667398827, -0.01641042504640005], [-0.005748232320137292, -0.0005547942214346754, -0.016104041966176527, 0.13655518196137692, -5.065480931105604e-05, 0.00048548249631191835, 0.0005342501735988177, 0.0001588714557060596, -1.709984714771743e-05], [-0.006174531608450733, -0.0003835098939186327, -0.01636053033555808, -5.065480931105604e-05, 0.1368695241097428, 0.0006649720171453654, 0.0007144235439593718, 0.00033446828151971367, 0.00015687547548266448], [-0.007502065187385763, 0.00014491360360310414, -0.017163525535953156, 0.00048548249631191835, 0.0006649720171453654, 0.13791327178623727, 0.001283627208217102, 0.0008847839089576519, 0.0007000428471661075], [-0.00762434487777761, 0.00019267900431866868, -0.017237734508025272, 0.0005342501735988177, 0.0007144235439593718, 0.001283627208217102, 0.13801378281201163, 0.0009351930315207727, 0.0007496384975616337], [-0.006691308671370494, -0.0001762770842446493, -0.016672473667398827, 0.0001588714557060596, 0.00033446828151971367, 0.0008847839089576519, 0.0009351930315207727, 0.13726478011507404, 0.00036870907625465645], [-0.006257299682606629, -0.0003502613509116058, -0.01641042504640005, -1.709984714771743e-05, 0.00015687547548266448, 0.0007000428471661075, 0.0007496384975616337, 0.00036870907625465645, 0.13693180539523012]]",
    "monomial_list": "[1, x8, x7, x6, x5, x4, x3, x2, x1]"
}