{
    "name": "Multiplier-4",
    "rational_expression": "27*x1**2/200 + 213*x1*x2/500000 + 101*x1*x3/100000 - 321*x1*x4/10000 - 119*x1*x5/500000 - 281*x1*x6/500000 - 37*x1*x7/62500 - 3*x1*x8/2500 - x1/80 + 17*x2**2/125 + 81*x2*x3/50000 - 327*x2*x4/10000 + 343*x2*x5/1000000 - 121*x2*x6/500000 - 273*x2*x7/1000000 - 453*x2*x8/500000 - 17*x2/1250 + 17*x3**2/125 - 21*x3*x4/625 + 991*x3*x5/1000000 + 327*x3*x6/500000 + 9*x3*x7/25000 - 71*x3*x8/250000 - 81*x3/5000 + 167*x4**2/1000 - 161*x4*x5/5000 - 157*x4*x6/5000 - 313*x4*x7/10000 - 153*x4*x8/5000 + 11*x4/100 + 27*x5**2/200 - 561*x5*x6/1000000 - 853*x5*x7/1000000 - 3*x5*x8/2500 - x5/80 + 67*x6**2/500 - 29*x6*x7/25000 - 19*x6*x8/12500 - 57*x6/5000 + 67*x7**2/500 - 181*x7*x8/100000 - 27*x7/2500 + 67*x8**2/500 - 227*x8/25000 + 71/500",
    "Q": "[[0.14200403224919014, -0.004585307834559592, -0.005414798799046544, -0.0056610396791683575, -0.0062106208159164195, 0.05496446016249355, -0.00809263075854516, -0.006879765442305949, -0.006317604499628079], [-0.004585307834559592, 0.13394896888739827, -0.0008846836539232515, -0.0008146087222420195, -0.0006576108899312506, -0.015229131630328054, -0.00011843571312244704, -0.00046555694013142394, -0.0006269498409196697], [-0.005414798799046544, -0.0008846836539232515, 0.13434292325900143, -0.0005572918631331995, -0.00038461982079746607, -0.01563059473930943, 0.00021044984399545423, -0.00017308487038885715, -0.0003508731604355133], [-0.0056610396791683575, -0.0008146087222420195, -0.0005572918631331995, 0.13448060052255634, -0.00030067229104936737, -0.015748913801935143, 0.0003115859720417442, -8.313745966660884e-05, -0.00026597452140470835], [-0.0062106208159164195, -0.0006576108899312506, -0.00038461982079746607, -0.00030067229104936737, 0.1348078733492509, -0.01601153957623236, 0.000538988497257012, 0.00011890892381223554, -7.536608998894347e-05], [0.05496446016249355, -0.015229131630328054, -0.01563059473930943, -0.015748913801935143, -0.01601153957623236, 0.16691443127452477, -0.01689597320470961, -0.016328572658065248, -0.016062427514222103], [-0.00809263075854516, -0.00011843571312244704, 0.00021044984399545423, 0.0003115859720417442, 0.000538988497257012, -0.01689597320470961, 0.13612931945162177, 0.0008184834438088946, 0.0005835049717627423], [-0.006879765442305949, -0.00046555694013142394, -0.00017308487038885715, -8.313745966660884e-05, 0.00011890892381223554, -0.016328572658065248, 0.0008184834438088946, 0.135243067897329, 0.0001584353423652032], [-0.006317604499628079, -0.0006269498409196697, -0.0003508731604355133, -0.00026597452140470835, -7.536608998894347e-05, -0.016062427514222103, 0.0005835049717627423, 0.0001584353423652032, 0.13487477443362889]]",
    "monomial_list": "[1, x8, x7, x6, x5, x4, x3, x2, x1]"
}