{
    "name": "Multiplier-5",
    "rational_expression": "10717*x1**2/1000 + 11653*x1*x10/100000 + 5857*x1*x11/50000 + 14071*x1*x12/100000 + 18539*x1*x13/200000 + 2321*x1*x2/20000 + 11657*x1*x3/100000 + 358*x1*x4/3125 + 8279*x1*x5/50000 + 711*x1*x6/6250 + 8511*x1*x7/125000 + 1363*x1*x8/10000 + 91211*x1*x9/1000000 - 7517*x1/10000 + 10671*x10**2/1000 + 2121*x10*x11/31250 + 3637*x10*x12/40000 + 22801*x10*x13/500000 + 33603*x10*x2/500000 + 13459*x10*x3/200000 + 13311*x10*x4/200000 + 82681*x10*x5/1000000 + 66127*x10*x6/1000000 + 22191*x10*x7/500000 + 88543*x10*x8/1000000 + 65269*x10*x9/1000000 - 20889*x10/100000 + 1334*x11**2/125 + 91403*x11*x12/1000000 + 33321*x11*x13/500000 + 67543*x11*x2/1000000 + 89701*x11*x3/1000000 + 66753*x11*x4/1000000 + 8273*x11*x5/100000 + 2653*x11*x6/40000 + 22253*x11*x7/500000 + 44411*x11*x8/500000 + 6543*x11*x9/100000 - 23421*x11/100000 + 2671*x12**2/250 + 2703*x12*x13/40000 + 45433*x12*x2/500000 + 11177*x12*x3/100000 + 44933*x12*x4/500000 + 11139*x12*x5/100000 + 89289*x12*x6/1000000 + 32909*x12*x7/500000 + 11059*x12*x8/100000 + 44057*x12*x9/500000 - 31097*x12/100000 + 1333*x13**2/125 + 66493*x13*x2/1000000 + 66527*x13*x3/1000000 + 65891*x13*x4/1000000 + 6979*x13*x5/125000 + 65543*x13*x6/1000000 + 22001*x13*x7/500000 + 32861*x13*x8/500000 + 22027*x13*x9/500000 - 15509*x13/100000 + 1334*x2**2/125 + 89701*x2*x3/1000000 + 66753*x2*x4/1000000 + 8273*x2*x5/100000 + 2653*x2*x6/40000 + 22253*x2*x7/500000 + 44411*x2*x8/500000 + 6543*x2*x9/100000 - 23421*x2/100000 + 10677*x3**2/1000 + 16767*x3*x4/250000 + 8289*x3*x5/100000 + 22179*x3*x6/250000 + 1309*x3*x7/20000 + 44547*x3*x8/500000 + 4101*x3*x9/62500 - 12957*x3/50000 + 1067*x4**2/100 + 82681*x4*x5/1000000 + 66127*x4*x6/1000000 + 22191*x4*x7/500000 + 88543*x4*x8/1000000 + 65269*x4*x9/1000000 - 20889*x4/100000 + 13603*x5**2/1000 + 8119*x5*x6/125000 + 21829*x5*x7/500000 + 673*x5*x8/6250 + 32083*x5*x9/500000 - 52223*x5/1000000 + 10671*x6**2/1000 + 22191*x6*x7/500000 + 88543*x6*x8/1000000 + 65269*x6*x9/1000000 - 20889*x6/100000 + 10661*x7**2/1000 + 16361*x7*x8/250000 + 43881*x7*x9/1000000 - 12977*x7/100000 + 10683*x8**2/1000 + 65801*x8*x9/1000000 - 1141*x8/4000 + 10667*x9**2/1000 - 18199*x9/100000 + 3241/250",
    "Q": "[[12.963762836838917, -0.09215997584429, -0.14710264693392824, -0.06956267273221761, -0.10936390689402693, -0.02490636679985408, -0.10897246828170076, -0.13082395517257275, -0.11116478943478228, -0.08324359010440284, -0.15284413685510273, -0.11430530710204104, -0.10998505778541402, -0.3695747115091091], [-0.09215997584429, 10.666441087937589, 0.03760865396883507, 0.021915868617544805, 0.029908657673511703, 0.03020867867687922, 0.029829440904986345, 0.03427161797687773, 0.03027327306893992, 0.024650625377496536, 0.03879161038900484, 0.03090976847964772, 0.030034388296914814, 0.04715806894780986], [-0.14710264693392824, 0.03760865396883507, 10.682398433026778, 0.03103573714091982, 0.04266458610116341, 0.050725061554883905, 0.04254903152869043, 0.04903794288326915, 0.04319653093042032, 0.03500648151708488, 0.055660244037041735, 0.04412542412406554, 0.04284800307015022, 0.06786569506411144], [-0.06956267273221761, 0.021915868617544805, 0.03103573714091982, 10.661462094758035, 0.024753715876630226, 0.02295546955368532, 0.02468897435229276, 0.028315971514846494, 0.02505167668123383, 0.020450497443476646, 0.03199875323026286, 0.025571703035803993, 0.024856467248484053, 0.03888311584300434], [-0.10936390689402693, 0.029908657673511703, 0.04266458610116341, 0.024753715876630226, 10.670871790332276, 0.0361439649058062, 0.033776889074647896, 0.038849801668209574, 0.03428348643352231, 0.02786928437661201, 0.04401780980174533, 0.03501008922302373, 0.03401081258363661, 0.05354135245832082], [-0.02490636679985408, 0.03020867867687922, 0.050725061554883905, 0.02295546955368532, 0.0361439649058062, 13.60303269240048, 0.03600456646958039, 0.04413671552510279, 0.036788056999728945, 0.027276737885178367, 0.05317637720302481, 0.037922326613820855, 0.03636560693558336, 0.07904034775189353], [-0.10897246828170076, 0.029829440904986345, 0.04254903152869043, 0.02468897435229276, 0.033776889074647896, 0.03600456646958039, 10.670765068816934, 0.038745192891844873, 0.03419188984565712, 0.0277958140400551, 0.04389835419882895, 0.03491642840333697, 0.03391999003634501, 0.05339520209567262], [-0.13082395517257275, 0.03427161797687773, 0.04903794288326915, 0.028315971514846494, 0.038849801668209574, 0.04413671552510279, 0.038745192891844873, 10.677132360105299, 0.039331342725564204, 0.03191443952397092, 0.050606953466158025, 0.04017215809508239, 0.039015842118859875, 0.0616262587734869], [-0.11116478943478228, 0.03027327306893992, 0.04319653093042032, 0.02505167668123383, 0.03428348643352231, 0.036788056999728945, 0.03419188984565712, 0.039331342725564204, 10.671366282020625, 0.028207440012778792, 0.044567718180727245, 0.03544121638276947, 0.03442886993359208, 0.05421431955060913], [-0.08324359010440284, 0.024650625377496536, 0.03500648151708488, 0.020450497443476646, 0.02786928437661201, 0.027276737885178367, 0.0277958140400551, 0.03191443952397092, 0.028207440012778792, 10.664358492585402, 0.03610213393412695, 0.028797704087325977, 0.02798589278666861, 0.0438798086527578], [-0.15284413685510273, 0.03879161038900484, 0.055660244037041735, 0.03199875323026286, 0.04401780980174533, 0.05317637720302481, 0.04389835419882895, 0.050606953466158025, 0.044567718180727245, 0.03610213393412695, 10.684355841837498, 0.04552800110017228, 0.044207419662718635, 0.07009172336864454], [-0.11430530710204104, 0.03090976847964772, 0.04412542412406554, 0.025571703035803993, 0.03501008922302373, 0.037922326613820855, 0.03491642840333697, 0.04017215809508239, 0.03544121638276947, 0.028797704087325977, 0.04552800110017228, 10.672242324080784, 0.035158749701551535, 0.05539019102704529], [-0.10998505778541402, 0.030034388296914814, 0.04284800307015022, 0.024856467248484053, 0.03401081258363661, 0.03636560693558336, 0.03391999003634501, 0.039015842118859875, 0.03442886993359208, 0.02798589278666861, 0.044207419662718635, 0.035158749701551535, 10.671041698522703, 0.05377336141121524], [-0.3695747115091091, 0.04715806894780986, 0.06786569506411144, 0.03888311584300434, 0.05354135245832082, 0.07904034775189353, 0.05339520209567262, 0.0616262587734869, 0.05421431955060913, 0.0438798086527578, 0.07009172336864454, 0.05539019102704529, 0.05377336141121524, 10.717102795316247]]",
    "monomial_list": "[1, x9, x8, x7, x6, x5, x4, x3, x2, x13, x12, x11, x10, x1]"
}