{
    "name": "Multiplier-4",
    "rational_expression": "131*x1**2/1000 + 947*x1*x2/100000 + 103*x1*x3/10000 - 277*x1*x4/10000 + 999*x1*x5/100000 + 81*x1*x6/10000 + 759*x1*x7/100000 + 229*x1*x8/50000 - 201*x1/10000 + 67*x2**2/500 + 151*x2*x3/10000 - 13*x2*x4/400 + 29*x2*x5/2000 + 51*x2*x6/5000 + 51*x2*x7/5000 + 683*x2*x8/100000 - 349*x2/10000 + 17*x3**2/125 - 181*x3*x4/5000 + 77*x3*x5/5000 + 53*x3*x6/5000 + 53*x3*x7/5000 + 723*x3*x8/100000 - 377*x3/10000 + 83*x4**2/500 - 313*x4*x5/10000 - 129*x4*x6/5000 - 251*x4*x7/10000 - 277*x4*x8/10000 + 13*x4/100 + 27*x5**2/200 + 101*x5*x6/10000 + 979*x5*x7/100000 + 797*x5*x8/100000 - 317*x5/10000 + 133*x6**2/1000 + 769*x6*x7/100000 + 693*x6*x8/100000 - 77*x6/5000 + 131*x7**2/1000 + 4*x7*x8/625 - 151*x7/10000 + 129*x8**2/1000 - 151*x8/10000 + 157/1000",
    "Q": "[[0.15669351200188403, -0.007550585265382223, -0.0075699265391728394, -0.007675407930109955, -0.015763368273536953, 0.06505898720275934, -0.01880755447826667, -0.017343971434783438, -0.010103911098018996], [-0.007550585265382223, 0.12963563422663532, 0.0032472095026926336, 0.003507407923222668, 0.0039440359039640905, -0.013879348692640786, 0.0036767711179344856, 0.0033898576740962927, 0.002268563773870803], [-0.0075699265391728394, 0.0032472095026926336, 0.13189895128687135, 0.0038808307869452334, 0.0049283277262316015, -0.012570690192795213, 0.005292598569714413, 0.005098185600203261, 0.0037537345570711838], [-0.007675407930109955, 0.003507407923222668, 0.0038808307869452334, 0.1323873737664781, 0.004989239773765895, -0.012871509714801917, 0.005367379018537281, 0.005159510191901058, 0.004012006283394255], [-0.015763368273536953, 0.0039440359039640905, 0.0049283277262316015, 0.004989239773765895, 0.13470929573166557, -0.015590904913797578, 0.00771863866069142, 0.007217586513540641, 0.005045589764052588], [0.06505898720275934, -0.013879348692640786, -0.012570690192795213, -0.012871509714801917, -0.015590904913797578, 0.16523989841963663, -0.01804992807551663, -0.016230542068098784, -0.013808088495111412], [-0.01880755447826667, 0.0036767711179344856, 0.005292598569714413, 0.005367379018537281, 0.00771863866069142, -0.01804992807551663, 0.13643861950694144, 0.007495420934963896, 0.005070565591334833], [-0.017343971434783438, 0.0033898576740962927, 0.005098185600203261, 0.005159510191901058, 0.007217586513540641, -0.016230542068098784, 0.007495420934963896, 0.13452215420512004, 0.004684399862501327], [-0.010103911098018996, 0.002268563773870803, 0.0037537345570711838, 0.004012006283394255, 0.005045589764052588, -0.013808088495111412, 0.005070565591334833, 0.004684399862501327, 0.13077834453495515]]",
    "monomial_list": "[1, x8, x7, x6, x5, x4, x3, x2, x1]"
}