{
    "name": "Multiplier-1",
    "rational_expression": "21*x1**2/125 - 191*x1*x2/5000 - 447*x1*x3/10000 - 113*x1*x4/2500 - 47*x1*x5/1250 - 79*x1*x6/2500 - 301*x1*x7/10000 - 22*x1*x8/625 + 123*x1/1000 + 131*x2**2/1000 - 37*x2*x3/200000 - 101*x2*x4/2000000 + 891*x2*x5/1000000 + 119*x2*x6/100000 + 923*x2*x7/1000000 - 329*x2*x8/100000 - 9*x2/400 + 33*x3**2/250 - 583*x3*x4/1000000 + 187*x3*x5/100000 + 77*x3*x6/50000 + 7*x3*x7/6250 - 467*x3*x8/100000 - 339*x3/10000 + 13*x4**2/100 + 3*x4*x5/2000 + 161*x4*x6/100000 + 461*x4*x7/500000 - 319*x4*x8/50000 - 353*x4/10000 + 33*x5**2/250 + 177*x5*x6/100000 + 37*x5*x7/25000 - 171*x5*x8/100000 - 233*x5/10000 + 133*x6**2/1000 + 191*x6*x7/100000 - 447*x6*x8/1000000 - 29*x6/2000 + 33*x7**2/250 - 319*x7*x8/500000 - 111*x7/10000 + 127*x8**2/1000 - 159*x8/10000 + 139/1000",
    "Q": "[[0.13947233218681318, -0.00798006980087451, -0.005530470218638074, -0.007235790830171462, -0.011758087216060583, -0.017709066476158934, -0.01706148764216655, -0.01130773764944509, 0.06161333908422888], [-0.00798006980087451, 0.12780291823764178, -0.0002776247823030885, -0.0001824302337050181, -0.0008255613985842616, -0.003207411145678504, -0.002355048153116753, -0.0016576017284149075, -0.017629992375535745], [-0.005530470218638074, -0.0002776247823030885, 0.13271484297842046, 0.0009582260687374219, 0.0006781046896947109, 0.0005023111215748128, 0.0005405752388852788, 0.0004488089321938424, -0.015098174692079193], [-0.007235790830171462, -0.0001824302337050181, 0.0009582260687374219, 0.133122246704228, 0.0009299349358617622, 0.0007514017486682226, 0.0008302997406902364, 0.0006049401296140742, -0.01581768470701671], [-0.011758087216060583, -0.0008255613985842616, 0.0006781046896947109, 0.0009299349358617622, 0.13235775975806985, 0.0008010269199778048, 0.0009524083138147781, 0.00043053301897152116, -0.018809238893853494], [-0.017709066476158934, -0.003207411145678504, 0.0005023111215748128, 0.0007514017486682226, 0.0008010269199778048, 0.13027791182806836, -0.0003408418493325943, -7.688161180659749e-05, -0.02259417677099025], [-0.01706148764216655, -0.002355048153116753, 0.0005405752388852788, 0.0008302997406902364, 0.0009524083138147781, -0.0003408418493325943, 0.1319301268838379, -3.4263758992670045e-05, -0.02236920222211182], [-0.01130773764944509, -0.0016576017284149075, 0.0004488089321938424, 0.0006049401296140742, 0.00043053301897152116, -7.688161180659749e-05, -3.4263758992670045e-05, 0.13116666233347352, -0.019127832477799863], [0.06161333908422888, -0.017629992375535745, -0.015098174692079193, -0.01581768470701671, -0.018809238893853494, -0.02259417677099025, -0.02236920222211182, -0.019127832477799863, 0.1680342687120784]]",
    "monomial_list": "[1, x8, x7, x6, x5, x4, x3, x2, x1]"
}