{
    "name": "Multiplier-8",
    "rational_expression": "5361*x1**2/500 + 11787*x1*x10/100000 + 11833*x1*x11/100000 + 14207*x1*x12/100000 + 5863*x1*x13/62500 + 11647*x1*x2/100000 + 3471*x1*x3/25000 + 11563*x1*x4/100000 + 6943*x1*x5/50000 + 287*x1*x6/2500 + 45543*x1*x7/500000 + 16459*x1*x8/100000 + 92247*x1*x9/1000000 - 78159*x1/100000 + 10673*x10**2/1000 + 68517*x10*x11/1000000 + 91677*x10*x12/1000000 + 33449*x10*x13/500000 + 33783*x10*x2/500000 + 90129*x10*x3/1000000 + 67029*x10*x4/1000000 + 44927*x10*x5/500000 + 66491*x10*x6/1000000 + 893*x10*x7/20000 + 2051*x10*x8/25000 + 65699*x10*x9/1000000 - 4707*x10/20000 + 5337*x11**2/500 + 92009*x11*x12/1000000 + 8387*x11*x13/125000 + 67789*x11*x2/1000000 + 11301*x11*x3/125000 + 16813*x11*x4/250000 + 90159*x11*x5/1000000 + 13343*x11*x6/200000 + 11203*x11*x7/250000 + 5131*x11*x8/62500 + 32961*x11*x9/500000 - 26079*x11/100000 + 1336*x12**2/125 + 68103*x12*x13/1000000 + 22783*x12*x2/250000 + 11261*x12*x3/100000 + 90443*x12*x4/1000000 + 11231*x12*x5/100000 + 89753*x12*x6/1000000 + 66199*x12*x7/1000000 + 2211*x12*x8/20000 + 44339*x12*x9/500000 - 33871*x12/100000 + 5333*x13**2/500 + 66749*x13*x2/1000000 + 33569*x13*x3/500000 + 66301*x13*x4/1000000 + 13373*x13*x5/200000 + 16463*x13*x6/250000 + 11061*x13*x7/250000 + 55303*x13*x8/1000000 + 11113*x13*x9/250000 - 18287*x13/100000 + 5337*x2**2/500 + 90129*x2*x3/1000000 + 67029*x2*x4/1000000 + 44927*x2*x5/500000 + 66491*x2*x6/1000000 + 893*x2*x7/20000 + 2051*x2*x8/25000 + 65699*x2*x9/1000000 - 4707*x2/20000 + 267*x3**2/25 + 89823*x3*x4/1000000 + 2787*x3*x5/25000 + 89133*x3*x6/1000000 + 65787*x3*x7/1000000 + 41073*x3*x8/500000 + 66121*x3*x9/1000000 - 3583*x3/12500 + 5337*x4**2/500 + 44927*x4*x5/500000 + 66491*x4*x6/1000000 + 893*x4*x7/20000 + 2051*x4*x8/25000 + 65699*x4*x9/1000000 - 4707*x4/20000 + 2137*x5**2/200 + 89517*x5*x6/1000000 + 66043*x5*x7/1000000 + 221*x5*x8/2000 + 88467*x5*x9/1000000 - 1953*x5/6250 + 10673*x6**2/1000 + 893*x6*x7/20000 + 2051*x6*x8/25000 + 65699*x6*x9/1000000 - 4707*x6/20000 + 1333*x7**2/125 + 55247*x7*x8/1000000 + 44229*x7*x9/1000000 - 487*x7/3125 + 2721*x8**2/200 + 8029*x8*x9/125000 - 52477*x8/1000000 + 10669*x9**2/1000 - 20991*x9/100000 + 13027/1000",
    "Q": "[[13.027322695109225, -0.10195766759404992, -0.03245018207246237, -0.07777358496333996, -0.12034929382460162, -0.15812125098351631, -0.11993107192634422, -0.14325957117095608, -0.12227324804388018, -0.09241786857471118, -0.16673053745680247, -0.12562779538251895, -0.12101292175043153, -0.3865726490285409], [-0.10195766759404992, 10.668726119204365, 0.03156153091561762, 0.023248455828954188, 0.03165011929118637, 0.0391956166936107, 0.03156707562212676, 0.0362159004527872, 0.03203228470653717, 0.026127759144303223, 0.0409283962074407, 0.03269916118004754, 0.031781913650725885, 0.049782023303456616], [-0.03245018207246237, 0.03156153091561762, 13.605437209339064, 0.024067500570352927, 0.03768372226810744, 0.05168167687197548, 0.03754003796216845, 0.04591417118036643, 0.03834755335166936, 0.028533872533486274, 0.055204859515133, 0.03951632992896332, 0.03791216863730616, 0.08154690256021994], [-0.07777358496333996, 0.023248455828954188, 0.024067500570352927, 10.663476752025128, 0.026230993719940865, 0.03239541178052694, 0.026163036566061802, 0.029963589534093088, 0.02654370053127505, 0.021705593067811103, 0.03380791348085183, 0.027089250950789664, 0.026338840147923856, 0.04109615439549397], [-0.12034929382460162, 0.03165011929118637, 0.03768372226810744, 0.026230993719940865, 10.67338873463594, 0.04441308303766296, 0.0357062958610893, 0.04101012038919151, 0.03623677267506444, 0.0295078564052882, 0.046393359081238164, 0.03699731629022958, 0.03595126764546094, 0.056465988319376284], [-0.15812125098351631, 0.0391956166936107, 0.05168167687197548, 0.03239541178052694, 0.04441308303766296, 10.68464942241313, 0.04429398007897066, 0.05097104752428757, 0.044961272941467186, 0.036505539187339356, 0.05776047308054208, 0.04591817752712013, 0.0446021180380542, 0.07046339857625492], [-0.11993107192634422, 0.03156707562212676, 0.03754003796216845, 0.026163036566061802, 0.0357062958610893, 0.04429398007897066, 10.673276550990998, 0.04090070563292265, 0.03614085549168313, 0.029430797669304013, 0.046268590631750435, 0.03689925547742401, 0.03585615449894545, 0.05631313364930472], [-0.14325957117095608, 0.0362159004527872, 0.04591417118036643, 0.029963589534093088, 0.04101012038919151, 0.05097104752428757, 0.04090070563292265, 10.679958607325638, 0.0415137031622567, 0.03374315332018644, 0.053264320117388325, 0.042392681584972655, 0.04118377619941956, 0.0649076535006063], [-0.12227324804388018, 0.03203228470653717, 0.03834755335166936, 0.02654370053127505, 0.03623677267506444, 0.044961272941467186, 0.03614085549168313, 0.0415137031622567, 10.673908453126344, 0.02986246793842251, 0.04696763442773749, 0.037448622629516516, 0.03638900230724021, 0.05716971313002903], [-0.09241786857471118, 0.026127759144303223, 0.028533872533486274, 0.021705593067811103, 0.0295078564052882, 0.036505539187339356, 0.029430797669304013, 0.03374315332018644, 0.02986246793842251, 10.6665310506511, 0.03811125743839888, 0.030481217623244697, 0.029630150587028645, 0.0463434566539153], [-0.16673053745680247, 0.0409283962074407, 0.055204859515133, 0.03380791348085183, 0.046393359081238164, 0.05776047308054208, 0.046268590631750435, 0.053264320117388325, 0.04696763442773749, 0.03811125743839888, 10.687511218302184, 0.047970108548846147, 0.04659138755986126, 0.07371490707793235], [-0.12562779538251895, 0.03269916118004754, 0.03951632992896332, 0.027089250950789664, 0.03699731629022958, 0.04591817752712013, 0.03689925547742401, 0.042392681584972655, 0.037448622629516516, 0.030481217623244697, 0.047970108548846147, 10.674828855022513, 0.03715294872897279, 0.0583988771354102], [-0.12101292175043153, 0.031781913650725885, 0.03791216863730616, 0.026338840147923856, 0.03595126764546094, 0.0446021180380542, 0.03585615449894545, 0.04118377619941956, 0.03638900230724021, 0.029630150587028645, 0.04659138755986126, 0.03715294872897279, 10.673567325995748, 0.05670862218338707], [-0.3865726490285409, 0.049782023303456616, 0.08154690256021994, 0.04109615439549397, 0.056465988319376284, 0.07046339857625492, 0.05631313364930472, 0.0649076535006063, 0.05716971313002903, 0.0463434566539153, 0.07371490707793235, 0.0583988771354102, 0.05670862218338707, 10.72235109037773]]",
    "monomial_list": "[1, x9, x8, x7, x6, x5, x4, x3, x2, x13, x12, x11, x10, x1]"
}