{
    "name": "Multiplier-1",
    "rational_expression": "21*x1**2/125 - 333*x1*x2/10000 - 343*x1*x3/10000 - 171*x1*x4/5000 - 163*x1*x5/5000 - 161*x1*x6/5000 - 159*x1*x7/5000 - 39*x1*x8/1250 + 27*x1/250 + 17*x2**2/125 + x2*x3/625 + 79*x2*x4/50000 + 371*x2*x5/1000000 + 173*x2*x6/5000000 - 243*x2*x7/1000000 - 299*x2*x8/500000 - 17*x2/1250 + 137*x3**2/1000 + 251*x3*x4/100000 + 63*x3*x5/50000 + 929*x3*x6/1000000 + 2*x3*x7/3125 + 143*x3*x8/10000000 - 31*x3/2000 + 137*x4**2/1000 + 489*x4*x5/500000 + 161*x4*x6/250000 + 157*x4*x7/250000 + 501*x4*x8/100000000 - 19*x4/1250 + 17*x5**2/125 - 271*x5*x6/1000000 - 563*x5*x7/1000000 - 29*x5*x8/25000 - x5/80 + 17*x6**2/125 - 87*x6*x7/100000 - 37*x6*x8/25000 - 57*x6/5000 + 27*x7**2/200 - 149*x7*x8/100000 - 7*x7/625 + 27*x8**2/200 - 979*x8/100000 + 17/125",
    "Q": "[[0.1363558401766301, -0.0048738058604424995, -0.005577720453724664, -0.005785670771874381, -0.00624872496693569, -0.0076945816397282615, -0.00782793249015915, -0.006811027227875977, 0.05418666400424844], [-0.0048738058604424995, 0.1351953904085628, -0.0007939001089366727, -0.0007176372752129784, -0.0005476780846120249, -1.983559296156516e-05, 2.810654768821153e-05, -0.0003412713615033451, -0.015522991340938236], [-0.005577720453724664, -0.0007939001089366727, 0.13562126503873995, -0.0004571251635692866, -0.00028135391206547217, 0.0002673715486109014, 0.00031743806850636233, -6.731438388443149e-05, -0.015921394909221672], [-0.005785670771874381, -0.0007176372752129784, -0.0004571251635692866, 0.13576265116707723, -0.0001999222916009116, 0.0003555711138072252, 0.00040632196473701143, 1.660967904886513e-05, -0.01603932831422914], [-0.00624872496693569, -0.0005476780846120249, -0.00028135391206547217, -0.0001999222916009116, 0.1360895227218543, 0.0005535867634911163, 0.0006059318061086211, 0.00020463235820429194, -0.016301830675871962], [-0.0076945816397282615, -1.983559296156516e-05, 0.0002673715486109014, 0.0003555711138072252, 0.0005535867634911163, 0.13721175938762345, 0.001238035832136092, 0.0007964160688276858, -0.017118766155506376], [-0.00782793249015915, 2.810654768821153e-05, 0.00031743806850636233, 0.00040632196473701143, 0.0006059318061086211, 0.001238035832136092, 0.13732237189316432, 0.0008508116675425886, -0.017193888260120582], [-0.006811027227875977, -0.0003412713615033451, -6.731438388443149e-05, 1.660967904886513e-05, 0.00020463235820429194, 0.0007964160688276858, 0.0008508116675425886, 0.136508367482821, -0.016620078107767326], [0.05418666400424844, -0.015522991340938236, -0.015921394909221672, -0.01603932831422914, -0.016301830675871962, -0.017118766155506376, -0.017193888260120582, -0.016620078107767326, 0.16830068020993605]]",
    "monomial_list": "[1, x8, x7, x6, x5, x4, x3, x2, x1]"
}