{
    "name": "Multiplier-1",
    "rational_expression": "21*x1**2/125 - 191*x1*x2/5000 - 447*x1*x3/10000 - 113*x1*x4/2500 - 47*x1*x5/1250 - 79*x1*x6/2500 - 301*x1*x7/10000 - 22*x1*x8/625 + 123*x1/1000 + 131*x2**2/1000 - 37*x2*x3/200000 - 101*x2*x4/2000000 + 891*x2*x5/1000000 + 119*x2*x6/100000 + 923*x2*x7/1000000 - 329*x2*x8/100000 - 9*x2/400 + 33*x3**2/250 - 583*x3*x4/1000000 + 187*x3*x5/100000 + 77*x3*x6/50000 + 7*x3*x7/6250 - 467*x3*x8/100000 - 339*x3/10000 + 13*x4**2/100 + 3*x4*x5/2000 + 161*x4*x6/100000 + 461*x4*x7/500000 - 319*x4*x8/50000 - 353*x4/10000 + 33*x5**2/250 + 177*x5*x6/100000 + 37*x5*x7/25000 - 171*x5*x8/100000 - 233*x5/10000 + 133*x6**2/1000 + 191*x6*x7/100000 - 447*x6*x8/1000000 - 29*x6/2000 + 33*x7**2/250 - 319*x7*x8/500000 - 111*x7/10000 + 127*x8**2/1000 - 159*x8/10000 + 139/1000",
    "Q": "[[0.13947233218684046, -0.007980069800880433, -0.005530470218641058, -0.007235790830174674, -0.011758087216068634, -0.017709066476165124, -0.017061487642176125, -0.011307737649452133, 0.061613339084237086], [-0.007980069800880433, 0.1278029182376678, -0.00027762478230439593, -0.00018243023370669188, -0.000825561398589886, -0.003207411145685639, -0.002355048153123461, -0.0016576017284208075, -0.017629992375542358], [-0.005530470218641058, -0.00027762478230439593, 0.13271484297845024, 0.0009582260687372774, 0.0006781046896931986, 0.0005023111215736364, 0.0005405752388831709, 0.00044880893219213065, -0.015098174692085131], [-0.007235790830174674, -0.00018243023370669188, 0.0009582260687372774, 0.13312224670425693, 0.0009299349358597546, 0.000751401748666684, 0.0008302997406876561, 0.0006049401296111289, -0.015817684707022474], [-0.011758087216068634, -0.000825561398589886, 0.0006781046896931986, 0.0009299349358597546, 0.13235775975809355, 0.0008010269199711125, 0.0009524083138082681, 0.0004305330189639298, -0.018809238893861886], [-0.017709066476165124, -0.003207411145685639, 0.0005023111215736364, 0.000751401748666684, 0.0008010269199711125, 0.13027791182809392, -0.00034084184933932363, -7.688161181333026e-05, -0.022594176771000504], [-0.017061487642176125, -0.002355048153123461, 0.0005405752388831709, 0.0008302997406876561, 0.0009524083138082681, -0.00034084184933932363, 0.13193012688385908, -3.426375899773516e-05, -0.0223692022221209], [-0.011307737649452133, -0.0016576017284208075, 0.00044880893219213065, 0.0006049401296111289, 0.0004305330189639298, -7.688161181333026e-05, -3.426375899773516e-05, 0.13116666233349344, -0.019127832477806837], [0.061613339084237086, -0.017629992375542358, -0.015098174692085131, -0.015817684707022474, -0.018809238893861886, -0.022594176771000504, -0.0223692022221209, -0.019127832477806837, 0.1680342687121112]]",
    "monomial_list": "[1, x8, x7, x6, x5, x4, x3, x2, x1]"
}