{
    "name": "Multiplier-8",
    "rational_expression": "67*x1**2/500 + 631*x1*x2/100000 + 87*x1*x3/12500 + 621*x1*x4/100000 + 43*x1*x5/6250 + 77*x1*x6/12500 + 57*x1*x7/10000 - 281*x1*x8/10000 - 23*x1/2000 + 17*x2**2/125 + 947*x2*x3/100000 + 11*x2*x4/1250 + 907*x2*x5/100000 + 777*x2*x6/100000 + 721*x2*x7/100000 - 329*x2*x8/10000 - 107*x2/5000 + 137*x3**2/1000 + 939*x3*x4/100000 + 103*x3*x5/10000 + 427*x3*x6/50000 + 791*x3*x7/100000 - 379*x3*x8/10000 - 29*x3/1000 + 27*x4**2/200 + 463*x4*x5/50000 + 783*x4*x6/100000 + 29*x4*x7/4000 - 367*x4*x8/10000 - 63*x4/2500 + 17*x5**2/125 + x5*x6/125 + 93*x5*x7/12500 - 323*x5*x8/10000 - 219*x5/10000 + 17*x6**2/125 + 169*x6*x7/25000 - 277*x6*x8/10000 - 137*x6/10000 + 27*x7**2/200 - 267*x7*x8/10000 - 23*x7/2000 + 17*x8**2/100 + 63*x8/500 + 137/1000",
    "Q": "[[0.13738079203247455, 0.06308940478404287, -0.005746685063248756, -0.0068986976951717115, -0.011011537190406978, -0.012639392207801935, -0.014566090170962179, -0.01075106585844122, -0.005725944953684325], [0.06308940478404287, 0.17026660207248004, -0.013310038600185653, -0.01385301055427008, -0.016174835265451538, -0.018424147563976426, -0.018986471650593074, -0.016459853289094897, -0.014056482327615569], [-0.005746685063248756, -0.013310038600185653, 0.13534150137456405, 0.003430711991313968, 0.0037831610799804985, 0.003644020774973638, 0.003975862940699054, 0.0036054676212534465, 0.002814338355437592], [-0.0068986976951717115, -0.01385301055427008, 0.003430711991313968, 0.1357745186251929, 0.004050941414874206, 0.0038809921098964884, 0.004285246640234631, 0.003848024070041407, 0.00301286796025293], [-0.011011537190406978, -0.016174835265451538, 0.0037831610799804985, 0.004050941414874206, 0.13620601538530924, 0.004664907564904814, 0.005166766541584856, 0.004506381454697376, 0.0034638090754598406], [-0.012639392207801935, -0.018424147563976426, 0.003644020774973638, 0.0038809921098964884, 0.004664907564904814, 0.13569132628391606, 0.004712409975886411, 0.004353431276783883, 0.0030855543107041455], [-0.014566090170962179, -0.018986471650593074, 0.003975862940699054, 0.004285246640234631, 0.005166766541584856, 0.004712409975886411, 0.13697354501587897, 0.004800268329557917, 0.0034368443074564627], [-0.01075106585844122, -0.016459853289094897, 0.0036054676212534465, 0.003848024070041407, 0.004506381454697376, 0.004353431276783883, 0.004800268329557917, 0.13557363536062483, 0.003183883139712462], [-0.005725944953684325, -0.014056482327615569, 0.002814338355437592, 0.00301286796025293, 0.0034638090754598406, 0.0030855543107041455, 0.0034368443074564627, 0.003183883139712462, 0.13382904166371443]]",
    "monomial_list": "[1, x8, x7, x6, x5, x4, x3, x2, x1]"
}