{
    "name": "Multiplier-1",
    "rational_expression": "13573*x1**2/1000 + 67443*x1*x10/1000000 + 67529*x1*x11/1000000 + 93307*x1*x12/1000000 + 688*x1*x13/15625 + 16839*x1*x2/250000 + 90673*x1*x3/1000000 + 16839*x1*x4/250000 + 92999*x1*x5/1000000 + 6727*x1*x6/100000 + 42821*x1*x7/1000000 + 92849*x1*x8/1000000 + 16501*x1*x9/250000 - 12023*x1/10000 + 10631*x10**2/1000 + 2753*x10*x11/10000000 + 21881*x10*x12/1000000 + 35461*x10*x13/500000000 + 203*x10*x2/800000 + 16339*x10*x3/50000000 + 203*x10*x4/800000 + 21857*x10*x5/1000000 + 23221*x10*x6/100000000 + 5459*x10*x8/250000 + 1773*x10*x9/12500000 - 70467*x10/1000000 + 10631*x11**2/1000 + 21903*x11*x12/1000000 + 35461*x11*x13/500000000 + 203*x11*x2/800000 + 21741*x11*x3/1000000 + 203*x11*x4/800000 + 21857*x11*x5/1000000 + 23221*x11*x6/100000000 + 5459*x11*x8/250000 + 1773*x11*x9/12500000 - 70467*x11/1000000 + 5317*x12**2/500 + 1773*x12*x13/12500000 + 21877*x12*x2/1000000 + 881*x12*x3/40000 + 21877*x12*x4/1000000 + 223*x12*x5/10000 + 4371*x12*x6/200000 + 22257*x12*x8/1000000 + 28369*x12*x9/100000000 - 14093*x12/100000 + 1063*x13**2/100 + 35461*x13*x2/500000000 + 191*x13*x3/2000000 + 35461*x13*x4/500000000 + 1773*x13*x5/12500000 + 35461*x13*x6/500000000 + 1773*x13*x8/12500000 + 191*x13*x9/4000000 - 23729*x13/1000000 + 10631*x2**2/1000 + 16339*x2*x3/50000000 + 203*x2*x4/800000 + 21857*x2*x5/1000000 + 23221*x2*x6/100000000 + 5459*x2*x8/250000 + 1773*x2*x9/12500000 - 70467*x2/1000000 + 1329*x3**2/125 + 16339*x3*x4/50000000 + 22003*x3*x5/1000000 + 7631*x3*x6/25000000 + 10991*x3*x8/500000 + 191*x3*x9/1000000 - 18983*x3/200000 + 10631*x4**2/1000 + 21857*x4*x5/1000000 + 23221*x4*x6/100000000 + 5459*x4*x8/250000 + 1773*x4*x9/12500000 - 70467*x4/1000000 + 1329*x5**2/125 + 4371*x5*x6/200000 + 22257*x5*x8/1000000 + 28369*x5*x9/100000000 - 14093*x5/100000 + 10631*x6**2/1000 + 5459*x6*x8/250000 + 1773*x6*x9/12500000 - 70467*x6/1000000 + 1063*x7**2/100 + 1329*x8**2/125 + 28369*x8*x9/100000000 - 14093*x8/100000 + 1063*x9**2/100 - 23729*x9/500000 + 11781/1000",
    "Q": "[[11.780961112889452, -0.02070194714843997, -0.06739425182359286, -0.004778588769370566, -0.03396180291157486, -0.06511678990566186, -0.03364789578985175, -0.05214943709481265, -0.0354137376300076, -0.014229398562611746, -0.07311615237724799, -0.03797668587733797, -0.03446115384886283, -0.6047708209145661], [-0.02070194714843997, 10.630443852615928, 0.004873822631044051, 0.0015784804735760778, 0.0032419885954983857, 0.004773810602675636, 0.0032251915334454945, 0.00417123993311096, 0.0033193688056857963, 0.0021415662430931586, 0.00511689692609576, 0.003454684638601437, 0.0032686594082269103, 0.02946309553615534], [-0.06739425182359286, 0.004873822631044051, 10.632702189343137, 0.0031859405320130967, 0.0062087509871040225, 0.009065452189470522, 0.006177882401775807, 0.007929432092747766, 0.006351043876061003, 0.004199807316609817, 0.009724034387298847, 0.0066002385350398575, 0.006257778861164468, 0.047754589437610656], [-0.004778588769370566, 0.0015784804735760778, 0.0031859405320130967, 10.630110544672103, 0.0020806110475249952, 0.003119421361422101, 0.002069087373756981, 0.00271440323321591, 0.002133672843409165, 0.001321321747084375, 0.003346502492285609, 0.002226358908969671, 0.0020989046772289096, 0.023091277283267337], [-0.03396180291157486, 0.0032419885954983857, 0.0062087509871040225, 0.0020806110475249952, 10.630915555244933, 0.006081669675766488, 0.004132462751966884, 0.005319868294977028, 0.0042503486017727195, 0.002779708224662729, 0.006518623824164975, 0.004419831841619772, 0.004186866428983079, 0.034718662463026816], [-0.06511678990566186, 0.004773810602675636, 0.009065452189470522, 0.003119421361422101, 0.006081669675766488, 10.63256015012538, 0.006051431673429711, 0.0077667729715574845, 0.006221052778555438, 0.004113290530607909, 0.009522919019176767, 0.006465139212321123, 0.006129695530701336, 0.046876394470981145], [-0.03364789578985175, 0.0032251915334454945, 0.006177882401775807, 0.002069087373756981, 0.004132462751966884, 0.006051431673429711, 10.630902552152111, 0.00529333616043798, 0.004228874600478351, 0.0027650290201074196, 0.006486198268344934, 0.004397564259782855, 0.00416568905002301, 0.03459479468811357], [-0.05214943709481265, 0.00417123993311096, 0.007929432092747766, 0.00271440323321591, 0.005319868294977028, 0.0077667729715574845, 0.00529333616043798, 10.631800025817267, 0.005442152939518005, 0.0035902328403765757, 0.008327216165651963, 0.0056562305544544484, 0.005362005716463139, 0.04184889001251071], [-0.0354137376300076, 0.0033193688056857963, 0.006351043876061003, 0.002133672843409165, 0.0042503486017727195, 0.006221052778555438, 0.004228874600478351, 0.005442152939518005, 10.630976787708683, 0.002847321612869803, 0.006668101783221814, 0.004522443733105056, 0.004284449606194188, 0.03529124344227974], [-0.014229398562611746, 0.0021415662430931586, 0.004199807316609817, 0.001321321747084375, 0.002779708224662729, 0.004113290530607909, 0.0027650290201074196, 0.0035902328403765757, 0.002847321612869803, 10.630275792600225, 0.0044096129084263, 0.0029655150010099154, 0.002803014622114189, 0.02688161807407639], [-0.07311615237724799, 0.00511689692609576, 0.009724034387298847, 0.003346502492285609, 0.006518623824164975, 0.009522919019176767, 0.006486198268344934, 0.008327216165651963, 0.006668101783221814, 0.0044096129084263, 10.633068212574505, 0.006929912154053628, 0.006570125864095862, 0.049954764729994335], [-0.03797668587733797, 0.003454684638601437, 0.0066002385350398575, 0.002226358908969671, 0.004419831841619772, 0.006465139212321123, 0.004397564259782855, 0.0056562305544544484, 0.004522443733105056, 0.0029655150010099154, 0.006929912154053628, 10.631089153511274, 0.004455193650550397, 0.0363005418382018], [-0.03446115384886283, 0.0032686594082269103, 0.006257778861164468, 0.0020989046772289096, 0.004186866428983079, 0.006129695530701336, 0.00416568905002301, 0.005362005716463139, 0.004284449606194188, 0.002803014622114189, 0.006570125864095862, 0.004455193650550397, 10.630936413215444, 0.0349156505729045], [-0.6047708209145661, 0.02946309553615534, 0.047754589437610656, 0.023091277283267337, 0.034718662463026816, 0.046876394470981145, 0.03459479468811357, 0.04184889001251071, 0.03529124344227974, 0.02688161807407639, 0.049954764729994335, 0.0363005418382018, 0.0349156505729045, 13.573507537228574]]",
    "monomial_list": "[1, x9, x8, x7, x6, x5, x4, x3, x2, x13, x12, x11, x10, x1]"
}