{
    "name": "Multiplier-6",
    "rational_expression": "2663*x1**2/250 + 42697*x1*x10/1000000 + 21329*x1*x11/500000 + 21437*x1*x12/500000 + 10413*x1*x13/500000 + 21273*x1*x2/500000 + 341*x1*x3/8000 + 42459*x1*x4/1000000 + 4259*x1*x5/100000 + 2699*x1*x6/25000 + 513*x1*x7/25000 + 21131*x1*x8/500000 + 20481*x1*x9/1000000 - 3163*x1/10000 + 10639*x10**2/1000 + 21751*x10*x11/1000000 + 2729*x10*x12/125000 + 679*x10*x13/31250 + 5421*x10*x2/250000 + 339*x10*x3/15625 + 21641*x10*x4/1000000 + 21679*x10*x5/1000000 + 1731*x10*x6/62500 + 21591*x10*x7/1000000 + 21559*x10*x8/1000000 + 21573*x10*x9/1000000 + 12251*x10/250000 + 266*x11**2/25 + 2729*x11*x12/125000 + 679*x11*x13/31250 + 5421*x11*x2/250000 + 339*x11*x3/15625 + 21641*x11*x4/1000000 + 21679*x11*x5/1000000 + 1731*x11*x6/62500 + 21591*x11*x7/1000000 + 21559*x11*x8/1000000 + 21573*x11*x9/1000000 + 12251*x11/250000 + 2129*x12**2/200 + 1091*x12*x13/50000 + 1361*x12*x2/62500 + 43229*x12*x3/1000000 + 1357*x12*x4/62500 + 8643*x12*x5/200000 + 27551*x12*x6/500000 + 5403*x12*x7/250000 + 21499*x12*x8/500000 + 21573*x12*x9/1000000 + 12251*x12/250000 + 10637*x13**2/1000 + 2171*x13*x2/100000 + 10861*x13*x3/500000 + 21667*x13*x4/1000000 + 4341*x13*x5/200000 + 27793*x13*x6/1000000 + 2391*x13*x7/10000000 + 21607*x13*x8/1000000 + 5411*x13*x9/250000 + 18191*x13/250000 + 10639*x2**2/1000 + 339*x2*x3/15625 + 21641*x2*x4/1000000 + 21679*x2*x5/1000000 + 1731*x2*x6/62500 + 21591*x2*x7/1000000 + 21559*x2*x8/1000000 + 21573*x2*x9/1000000 + 12251*x2/250000 + 5321*x3**2/500 + 21669*x3*x4/1000000 + 10867*x3*x5/500000 + 27519*x3*x6/500000 + 21591*x3*x7/1000000 + 21559*x3*x8/1000000 + 21573*x3*x9/1000000 + 12251*x3/250000 + 10639*x4**2/1000 + 21679*x4*x5/1000000 + 1731*x4*x6/62500 + 21591*x4*x7/1000000 + 21559*x4*x8/1000000 + 21573*x4*x9/1000000 + 12251*x4/250000 + 2661*x5**2/250 + 27551*x5*x6/500000 + 5403*x5*x7/250000 + 21499*x5*x8/500000 + 21573*x5*x9/1000000 + 12251*x5/250000 + 543*x6**2/40 + 5463*x6*x7/250000 + 12787*x6*x8/200000 + 681*x6*x9/31250 + 12177*x6/100000 + 2659*x7**2/250 + 4317*x7*x8/200000 + 21753*x7*x9/100000000 + 18191*x7/250000 + 2661*x8**2/250 + 21573*x8*x9/1000000 + 12251*x8/250000 + 5319*x9**2/500 + 18191*x9/250000 + 2433/200",
    "Q": "[[12.165442511516702, 0.03131066186014346, 0.022709043123452618, 0.03407755333002212, 0.05865850573820156, 0.023135893120415262, 0.028990760673127322, 0.025567730993837117, 0.02866861854112403, 0.032439702851921916, 0.021639464615071602, 0.028198980625738782, 0.02884254924707918, -0.1569482679077285], [0.03131066186014346, 10.637683048033223, 0.010997619766121992, 0.004995362038495379, 0.014746572750504354, 0.010777611003579823, 0.00773842902592394, 0.009523405385849682, 0.007908157403549514, 0.005889034875484747, 0.01154959569121972, 0.008154813085262893, 0.007816574379957445, 0.01385953484801501], [0.022709043123452618, 0.010997619766121992, 10.644278261540476, 0.008494655126374253, 0.02791177796686713, 0.017957957804800147, 0.01303227358329, 0.01593559947596642, 0.01330982589547857, 0.00998223616136343, 0.019197051280490117, 0.013712578814211661, 0.013160104945700697, 0.022945819898802244], [0.03407755333002212, 0.004995362038495379, 0.008494655126374253, 10.635914960329163, 0.010332310343598279, 0.008322782107950965, 0.005954910227497525, 0.0073439694523100485, 0.006086748400779778, 0.0045205893983218835, 0.008926032230201095, 0.00627843789508297, 0.0060156035462294605, 0.01079302543929233], [0.05865850573820156, 0.014746572750504354, 0.02791177796686713, 0.010332310343598279, 13.574950301979976, 0.027262737124616885, 0.018367221419894966, 0.023581036736563653, 0.018862873931493284, 0.012946439611686582, 0.02954577350326227, 0.019583008290889745, 0.018595442055754773, 0.049738059539698724], [0.023135893120415262, 0.010777611003579823, 0.017957957804800147, 0.008322782107950965, 0.027262737124616885, 10.643915539777145, 0.012774139622196626, 0.015624447663233112, 0.013046557249815852, 0.00978162050238971, 0.01882792465440016, 0.013441885531239256, 0.012899604262135555, 0.02250086688787294], [0.028990760673127322, 0.00773842902592394, 0.01303227358329, 0.005954910227497525, 0.018367221419894966, 0.012774139622196626, 10.639310164910743, 0.011301225543026993, 0.009399970692736863, 0.007013494748479813, 0.013679640702775666, 0.009690674866741435, 0.00929199446119162, 0.016364357661177328], [0.025567730993837117, 0.009523405385849682, 0.01593559947596642, 0.0073439694523100485, 0.023581036736563653, 0.015624447663233112, 0.011301225543026993, 10.641918748265569, 0.01154414812878998, 0.008638459305680895, 0.016715434750434015, 0.01189681090801573, 0.011413096228890212, 0.019967662009927646], [0.02866861854112403, 0.007908157403549514, 0.01330982589547857, 0.006086748400779778, 0.018862873931493284, 0.013046557249815852, 0.009399970692736863, 0.01154414812878998, 10.639545352302388, 0.007167882674058686, 0.013970031617573776, 0.009900884530165185, 0.009494018196682405, 0.016707258168277395], [0.032439702851921916, 0.005889034875484747, 0.00998223616136343, 0.0045205893983218835, 0.012946439611686582, 0.00978162050238971, 0.007013494748479813, 0.008638459305680895, 0.007167882674058686, 10.63693640190096, 0.010485643928381269, 0.007392297240892056, 0.007084573394346693, 0.012614069214479983], [0.021639464615071602, 0.01154959569121972, 0.019197051280490117, 0.008926032230201095, 0.02954577350326227, 0.01882792465440016, 0.013679640702775666, 0.016715434750434015, 0.013970031617573776, 0.010485643928381269, 10.645203385745889, 0.014391345296897453, 0.013813389994413039, 0.02406330183685944], [0.028198980625738782, 0.008154813085262893, 0.013712578814211661, 0.00627843789508297, 0.019583008290889745, 0.013441885531239256, 0.009690674866741435, 0.01189681090801573, 0.009900884530165185, 0.007392297240892056, 0.014391345296897453, 10.639892130976577, 0.00978747091695766, 0.017205399816382635], [0.02884254924707918, 0.007816574379957445, 0.013160104945700697, 0.0060156035462294605, 0.018595442055754773, 0.012899604262135555, 0.00929199446119162, 0.011413096228890212, 0.009494018196682405, 0.007084573394346693, 0.013813389994413039, 0.00978747091695766, 10.639418097579888, 0.016522247450051788], [-0.1569482679077285, 0.01385953484801501, 0.022945819898802244, 0.01079302543929233, 0.049738059539698724, 0.02250086688787294, 0.016364357661177328, 0.019967662009927646, 0.016707258168277395, 0.012614069214479983, 0.02406330183685944, 0.017205399816382635, 0.016522247450051788, 10.651332548760053]]",
    "monomial_list": "[1, x9, x8, x7, x6, x5, x4, x3, x2, x13, x12, x11, x10, x1]"
}