{
    "name": "Multiplier-4",
    "rational_expression": "131*x1**2/1000 + 947*x1*x2/100000 + 103*x1*x3/10000 - 277*x1*x4/10000 + 999*x1*x5/100000 + 81*x1*x6/10000 + 759*x1*x7/100000 + 229*x1*x8/50000 - 201*x1/10000 + 67*x2**2/500 + 151*x2*x3/10000 - 13*x2*x4/400 + 29*x2*x5/2000 + 51*x2*x6/5000 + 51*x2*x7/5000 + 683*x2*x8/100000 - 349*x2/10000 + 17*x3**2/125 - 181*x3*x4/5000 + 77*x3*x5/5000 + 53*x3*x6/5000 + 53*x3*x7/5000 + 723*x3*x8/100000 - 377*x3/10000 + 83*x4**2/500 - 313*x4*x5/10000 - 129*x4*x6/5000 - 251*x4*x7/10000 - 277*x4*x8/10000 + 13*x4/100 + 27*x5**2/200 + 101*x5*x6/10000 + 979*x5*x7/100000 + 797*x5*x8/100000 - 317*x5/10000 + 133*x6**2/1000 + 769*x6*x7/100000 + 693*x6*x8/100000 - 77*x6/5000 + 131*x7**2/1000 + 4*x7*x8/625 - 151*x7/10000 + 129*x8**2/1000 - 151*x8/10000 + 157/1000",
    "Q": "[[0.1566935120018526, -0.007550585265384371, -0.007569926539171114, -0.007675407930108787, -0.015763368273539805, 0.06505898720274236, -0.01880755447826861, -0.017343971434783886, -0.0101039110980217], [-0.007550585265384371, 0.12963563422660135, 0.0032472095026908985, 0.003507407923220777, 0.003944035903958743, -0.013879348692642124, 0.0036767711179293444, 0.003389857674090717, 0.002268563773866637], [-0.007569926539171114, 0.0032472095026908985, 0.13189895128684206, 0.003880830786945174, 0.004928327726230568, -0.012570690192792586, 0.0052925985697129556, 0.005098185600201861, 0.0037537345570696316], [-0.007675407930108787, 0.003507407923220777, 0.003880830786945174, 0.13238737376644877, 0.004989239773765203, -0.01287150971479967, 0.005367379018536128, 0.0051595101918997886, 0.004012006283392897], [-0.015763368273539805, 0.003944035903958743, 0.004928327726230568, 0.004989239773765203, 0.13470929573163268, -0.015590904913797464, 0.007718638660689747, 0.007217586513537574, 0.005045589764050942], [0.06505898720274236, -0.013879348692642124, -0.012570690192792586, -0.01287150971479967, -0.015590904913797464, 0.16523989841959394, -0.01804992807551941, -0.016230542068097473, -0.013808088495112532], [-0.01880755447826861, 0.0036767711179293444, 0.0052925985697129556, 0.005367379018536128, 0.007718638660689747, -0.01804992807551941, 0.13643861950690866, 0.007495420934961254, 0.005070565591331035], [-0.017343971434783886, 0.003389857674090717, 0.005098185600201861, 0.0051595101918997886, 0.007217586513537574, -0.016230542068097473, 0.007495420934961254, 0.1345221542050865, 0.004684399862498079], [-0.0101039110980217, 0.002268563773866637, 0.0037537345570696316, 0.004012006283392897, 0.005045589764050942, -0.013808088495112532, 0.005070565591331035, 0.004684399862498079, 0.13077834453492088]]",
    "monomial_list": "[1, x8, x7, x6, x5, x4, x3, x2, x1]"
}