{
    "name": "Multiplier-7",
    "rational_expression": "73*x1**2/500 + 59*x1*x2/50000 + 151*x1*x3/100000 + 3*x1*x4/2000 + 791*x1*x5/1000000 + 3*x1*x6/25000 - 173*x1*x7/5000 - 443*x1*x8/1000000 - x1/80 + 147*x2**2/1000 + 217*x2*x3/100000 + 27*x2*x4/12500 + 23*x2*x5/20000 + 19*x2*x6/25000 - 353*x2*x7/10000 - 121*x2*x8/1000000 - 17*x2/1250 + 147*x3**2/1000 + x3*x4/400 + 9*x3*x5/5000 + 27*x3*x6/25000 - 359*x3*x7/10000 + 251*x3*x8/500000 - 37*x3/2500 + 147*x4**2/1000 + 9*x4*x5/5000 + 27*x4*x6/25000 - 359*x4*x7/10000 + 251*x4*x8/500000 - 37*x4/2500 + 147*x5**2/1000 + 211*x5*x6/500000 - 347*x5*x7/10000 - 433*x5*x8/1000000 - 8*x5/625 + 73*x6**2/500 - 337*x6*x7/10000 - 107*x6*x8/100000 - 57*x6/5000 + 9*x7**2/50 - 329*x7*x8/10000 + 57*x7/500 + 29*x8**2/200 - 193*x8/20000 + 71/500",
    "Q": "[[0.14199007730879232, -0.004843962093771134, 0.05697968922584397, -0.005699797006462597, -0.006417653004440191, -0.007340457398079816, -0.007447948788530172, -0.0068158008655612645, -0.00623437641711357], [-0.004843962093771134, 0.14520399937113046, -0.016435979950621144, -0.0005008053841656096, -0.0001985439544823497, 0.00018635734330217367, 0.00023062782272783447, -3.160320601848112e-05, -0.0002756423434072139], [0.05697968922584397, -0.016435979950621144, 0.18034271413045871, -0.01695759830671321, -0.0174009149464278, -0.017974395146979148, -0.018041399756334852, -0.017647930501713333, -0.017287454019722544], [-0.005699797006462597, -0.0005008053841656096, -0.01695759830671321, 0.1457993167532847, 0.00015314386974497833, 0.0005417016898779162, 0.0005865786153514585, 0.0003213129288562953, 7.565412614390915e-05], [-0.006417653004440191, -0.0001985439544823497, -0.0174009149464278, 0.00015314386974497833, 0.146356131805369, 0.0008531744216508345, 0.0008988584424219412, 0.0006293036438671385, 0.0003806869031260954], [-0.007340457398079816, 0.00018635734330217367, -0.017974395146979148, 0.0005417016898779162, 0.0008531744216508345, 0.14710960318318278, 0.0013044411609713072, 0.001027419095965612, 0.000773235563666982], [-0.007447948788530172, 0.00023062782272783447, -0.018041399756334852, 0.0005865786153514585, 0.0008988584424219412, 0.0013044411609713072, 0.14719980444095282, 0.001073648907434703, 0.0008186913758224774], [-0.0068158008655612645, -3.160320601848112e-05, -0.017647930501713333, 0.0003213129288562953, 0.0006293036438671385, 0.001027419095965612, 0.001073648907434703, 0.14667640413059194, 0.0005503610006470711], [-0.00623437641711357, -0.0002756423434072139, -0.017287454019722544, 7.565412614390915e-05, 0.0003806869031260954, 0.000773235563666982, 0.0008186913758224774, 0.0005503610006470711, 0.1462113724262183]]",
    "monomial_list": "[1, x8, x7, x6, x5, x4, x3, x2, x1]"
}