{
    "name": "Multiplier-7",
    "rational_expression": "13*x1**2/100 - 331*x1*x2/100000 - 159*x1*x3/50000 - 323*x1*x4/100000 - 69*x1*x5/50000 - 97*x1*x6/250000 - 77*x1*x7/2500 - 27*x1*x8/5000 - 103*x1/10000 + 131*x2**2/1000 - 999*x2*x3/1000000 - 501*x2*x4/1000000 - 547*x2*x5/1000000 - 299*x2*x6/1000000 - 181*x2*x7/5000 - 211*x2*x8/50000 - 47*x2/2500 + 33*x3**2/250 - 27*x3*x4/12500 + 309*x3*x5/500000 - 173*x3*x6/1000000 - 417*x3*x7/10000 - 101*x3*x8/20000 - 141*x3/5000 + 129*x4**2/1000 + 91*x4*x5/250000 - 191*x4*x6/1000000 - 207*x4*x7/5000 - 327*x4*x8/50000 - 291*x4/10000 + 133*x5**2/1000 + 71*x5*x6/500000 - 7*x5*x7/200 - 47*x5*x8/20000 - 3*x5/200 + 133*x6**2/1000 - 147*x6*x7/5000 - 23*x6*x8/20000 - 397*x6/50000 + 43*x7**2/250 - 161*x7*x8/5000 + 133*x7/1000 + 16*x8**2/125 - 141*x8/10000 + 147/1000",
    "Q": "[[0.1467526931698289, -0.007079351541942444, 0.0663443608334933, -0.003973641689336661, -0.007508805790194328, -0.01456207072880842, -0.01410533619574503, -0.00943446261219856, -0.005064821390036287], [-0.007079351541942444, 0.12797879315459676, -0.016140797305621978, -0.0005876297730285895, -0.001110928950101994, -0.0032842157789442486, -0.0025178852567391244, -0.002141615388428306, -0.0027408960061583304], [0.0663443608334933, -0.016140797305621978, 0.17239699859167018, -0.014752413079276293, -0.017447590405296424, -0.020679519751551183, -0.02080851214007274, -0.018098967290695434, -0.015438772554535988], [-0.003973641689336661, -0.0005876297730285895, -0.014752413079276293, 0.13326889947532602, 4.03672502292729e-05, -0.00012659044424145584, -5.296921369967681e-05, -0.00010033108198666548, -0.00023919274185728935], [-0.007508805790194328, -0.001110928950101994, -0.017447590405296424, 4.03672502292729e-05, 0.1324468397898905, 0.00020324235541420828, 0.00031678386912708666, -0.00024388902356279728, -0.0007237855550669258], [-0.01456207072880842, -0.0032842157789442486, -0.020679519751551183, -0.00012659044424145584, 0.00020324235541420828, 0.1294818982593386, -0.0010506973957593317, -0.0002774360365141699, -0.001650368019639312], [-0.01410533619574503, -0.0025178852567391244, -0.02080851214007274, -5.296921369967681e-05, 0.00031678386912708666, -0.0010506973957593317, 0.13221729364890528, -0.0005444832211052098, -0.0015846843211301245], [-0.00943446261219856, -0.002141615388428306, -0.018098967290695434, -0.00010033108198666548, -0.00024388902356279728, -0.0002774360365141699, -0.0005444832211052098, 0.13135410513940543, -0.0016457691330867272], [-0.005064821390036287, -0.0027408960061583304, -0.015438772554535988, -0.00023919274185728935, -0.0007237855550669258, -0.001650368019639312, -0.0015846843211301245, -0.0016457691330867272, 0.13023326188156661]]",
    "monomial_list": "[1, x8, x7, x6, x5, x4, x3, x2, x1]"
}