{
    "name": "Multiplier-5",
    "rational_expression": "137*x1**2/1000 + 457*x1*x2/1000000 + 33*x1*x3/25000 + 33*x1*x4/25000 - 41*x1*x5/1250 - 31*x1*x6/125000 - 277*x1*x7/500000 - 891*x1*x8/1000000 - 8*x1/625 + 137*x2**2/1000 + 33*x2*x3/20000 + 41*x2*x4/25000 - 83*x2*x5/2500 + 239*x2*x6/5000000 + 21*x2*x7/1000000 - 299*x2*x8/500000 - 17*x2/1250 + 69*x3**2/500 + 129*x3*x4/50000 - 69*x3*x5/2000 + 189*x3*x6/200000 + 2*x3*x7/3125 + 143*x3*x8/10000000 - 31*x3/2000 + 137*x4**2/1000 - 343*x4*x5/10000 + 659*x4*x6/1000000 + 157*x4*x7/250000 + 501*x4*x8/100000000 - 19*x4/1250 + 169*x5**2/1000 - 323*x5*x6/10000 - 159*x5*x7/5000 - 39*x5*x8/1250 + 27*x5/250 + 17*x6**2/125 - 429*x6*x7/500000 - 147*x6*x8/100000 - 117*x6/10000 + 27*x7**2/200 - 149*x7*x8/100000 - 7*x7/625 + 27*x8**2/200 - 979*x8/100000 + 17/125",
    "Q": "[[0.13599420542947102, -0.00488256533278971, -0.005579537120337066, -0.005785359451389618, 0.05412515889724822, -0.007673990329039497, -0.007805897039962008, -0.006799945777847409, -0.006332650095546746], [-0.00488256533278971, 0.13528581234872405, -0.0007791664772695189, -0.0007027002402775228, -0.015536078559849918, -3.693251323892369e-06, 4.429452336153861e-05, -0.0003255502532641452, -0.0004992163621262057], [-0.005579537120337066, -0.0007791664772695189, 0.13571227957503132, -0.0004426025271401932, -0.01593346350325173, 0.00028059743022605004, 0.00033053894340995385, -5.33653950772006e-05, -0.00023286315287264202], [-0.005785359451389618, -0.0007027002402775228, -0.0004426025271401932, 0.13585346951319788, -0.016051133643855648, 0.0003678991824123766, 0.0004184745854282705, 2.999906628897077e-05, -0.00015142056394004666], [0.05412515889724822, -0.015536078559849918, -0.01593346350325173, -0.016051133643855648, 0.16839434218102137, -0.017128949711234336, -0.017204013256070537, -0.016630833339343905, -0.016363998218047793], [-0.007673990329039497, -3.693251323892369e-06, 0.00028059743022605004, 0.0003678991824123766, -0.017128949711234336, 0.13729370642484104, 0.001241073109956963, 0.0008041739186481994, 0.0006021951236750772], [-0.007805897039962008, 4.429452336153861e-05, 0.00033053894340995385, 0.0004184745854282705, -0.017204013256070537, 0.001241073109956963, 0.13740324411447366, 0.0008581487953996944, 0.0006545517345926954], [-0.006799945777847409, -0.0003255502532641452, -5.33653950772006e-05, 2.999906628897077e-05, -0.016630833339343905, 0.0008041739186481994, 0.0008581487953996944, 0.1365959697526748, 0.00025318497612197784], [-0.006332650095546746, -0.0004992163621262057, -0.00023286315287264202, -0.00015142056394004666, -0.016363998218047793, 0.0006021951236750772, 0.0006545517345926954, 0.00025318497612197784, 0.1362445099208145]]",
    "monomial_list": "[1, x8, x7, x6, x5, x4, x3, x2, x1]"
}