{
    "name": "Multiplier-3",
    "rational_expression": "16*x1**2/125 + 221*x1*x2/50000 - 143*x1*x3/5000 + 309*x1*x4/50000 + 279*x1*x5/50000 + 491*x1*x6/100000 + 427*x1*x7/100000 + 13*x1*x8/6250 - 81*x1/5000 + 13*x2**2/100 - 4*x2*x3/125 + 21*x2*x4/2000 + 217*x2*x5/25000 + 603*x2*x6/100000 + 583*x2*x7/100000 + 213*x2*x8/50000 - 293*x2/10000 + 161*x3**2/1000 - 177*x3*x4/5000 - 77*x3*x5/2500 - 263*x3*x6/10000 - 257*x3*x7/10000 - 3*x3*x8/100 + 113*x3/1000 + 13*x4**2/100 + 113*x4*x5/10000 + 379*x4*x6/50000 + 379*x4*x7/50000 + 353*x4*x8/100000 - 7*x4/200 + 131*x5**2/1000 + 73*x5*x6/12500 + 141*x5*x7/25000 + 267*x5*x8/50000 - 61*x5/2000 + 129*x6**2/1000 + 237*x6*x7/50000 + 551*x6*x8/100000 - 137*x6/10000 + 129*x7**2/1000 + 247*x7*x8/50000 - 31*x7/2500 + 127*x8**2/1000 - 159*x8/10000 + 159/1000",
    "Q": "[[0.1588462197279795, -0.00789593726314326, -0.006158421299668881, -0.006841447968298599, -0.015201874239277966, -0.017546641112164606, 0.05648704794286914, -0.014600411043628985, -0.008094768010216582], [-0.00789593726314326, 0.1273234255221744, 0.00241202615089173, 0.0027125502984423995, 0.0026590735071545806, 0.0017625882481060373, -0.015022257980990106, 0.0020670086601650654, 0.001041923991405346], [-0.006158421299668881, 0.00241202615089173, 0.12884698200839734, 0.0023192412283572625, 0.0027572964812149965, 0.003751355698683003, -0.012822638036063472, 0.0028965876398354485, 0.0021220959808048454], [-0.006841447968298599, 0.0027125502984423995, 0.0023192412283572625, 0.1295156813462174, 0.002920982378623674, 0.003759521025891326, -0.013160972441256646, 0.0029981492127082216, 0.0025110533822342686], [-0.015201874239277966, 0.0026590735071545806, 0.0027572964812149965, 0.002920982378623674, 0.13086694050654557, 0.005641392488834878, -0.015367121541896872, 0.004301508797713921, 0.002808846242482864], [-0.017546641112164606, 0.0017625882481060373, 0.003751355698683003, 0.003759521025891326, 0.005641392488834878, 0.1306735396413965, -0.017762608486751846, 0.005344714852729261, 0.0031408227686866882], [0.05648704794286914, -0.015022257980990106, -0.012822638036063472, -0.013160972441256646, -0.015367121541896872, -0.017762608486751846, 0.1602940126515041, -0.015960952344293962, -0.014309476738447555], [-0.014600411043628985, 0.0020670086601650654, 0.0028965876398354485, 0.0029981492127082216, 0.004301508797713921, 0.005344714852729261, -0.015960952344293962, 0.130284357498149, 0.002209588598290151], [-0.008094768010216582, 0.001041923991405346, 0.0021220959808048454, 0.0025110533822342686, 0.002808846242482864, 0.0031408227686866882, -0.014309476738447555, 0.002209588598290151, 0.12796724432786902]]",
    "monomial_list": "[1, x8, x7, x6, x5, x4, x3, x2, x1]"
}