{
    "name": "Multiplier-5",
    "rational_expression": "127*x1**2/1000 - 67*x1*x2/25000 - 67*x1*x3/25000 - 71*x1*x4/25000 - 33*x1*x5/1000 + 121*x1*x6/250000 - 93*x1*x7/250000 - 277*x1*x8/50000 - 79*x1/5000 + 129*x2**2/1000 + 141*x2*x3/500000 + 223*x2*x4/250000 - 47*x2*x5/1250 + 517*x2*x6/1000000 + 189*x2*x7/500000 - 79*x2*x8/20000 - 127*x2/5000 + 13*x3**2/100 - 31*x3*x4/2500000 - 219*x3*x5/5000 + 121*x3*x6/125000 + 241*x3*x7/500000 - 33*x3*x8/6250 - 203*x3/5000 + 16*x4**2/125 - 431*x4*x5/10000 + 953*x4*x6/1000000 + 371*x4*x7/500000 - 681*x4*x8/100000 - x4/25 + 33*x5**2/200 - 301*x5*x6/10000 - 289*x5*x7/10000 - 347*x5*x8/10000 + 127*x5/1000 + 131*x6**2/1000 + 153*x6*x7/100000 + 127*x6*x8/2000000 - 93*x6/10000 + 13*x7**2/100 - 277*x7*x8/500000 - 93*x7/12500 + 63*x8**2/500 - 189*x8/10000 + 31/200",
    "Q": "[[0.1549010743114593, -0.009496445357715506, -0.0037647215712472088, -0.004612422939788889, 0.06340738344052138, -0.0200300112557116, -0.02026010620104585, -0.012719106617481393, -0.007867558046980952], [-0.009496445357715506, 0.12538732019464255, -0.0002799290044831808, -2.7706115029006088e-05, -0.017338142423111037, -0.0033786820755936217, -0.002625175994214698, -0.0019726511707787386, -0.0027496938750165615], [-0.0037647215712472088, -0.0002799290044831808, 0.13031339041907986, 0.0007062177980121181, -0.014548141264427546, 0.00039473271373244675, 0.0002712158748727772, 0.00022621145749206914, -0.00017601426944679007], [-0.004612422939788889, -2.7706115029006088e-05, 0.0007062177980121181, 0.13088001702981233, -0.015003119184665242, 0.00043704420849684786, 0.00043514822838491206, 0.0003089757598319182, 0.00017813455241588602], [0.06340738344052138, -0.017338142423111037, -0.014548141264427546, -0.015003119184665242, 0.1652414483166143, -0.021658678380015287, -0.021832163709350844, -0.01884157954699293, -0.016486780858196576], [-0.0200300112557116, -0.0033786820755936217, 0.00039473271373244675, 0.00043704420849684786, -0.021658678380015287, 0.12771182098278647, 1.8889633729627526e-05, 0.00048652057545160173, -0.0014109696718111926], [-0.02026010620104585, -0.002625175994214698, 0.0002712158748727772, 0.00043514822838491206, -0.021832163709350844, 1.8889633729627526e-05, 0.13077837869149775, 0.00017065764684375087, -0.001402965617581608], [-0.012719106617481393, -0.0019726511707787386, 0.00022621145749206914, 0.0003089757598319182, -0.01884157954699293, 0.00048652057545160173, 0.00017065764684375087, 0.12908103667470192, -0.001397010680737136], [-0.007867558046980952, -0.0027496938750165615, -0.00017601426944679007, 0.00017813455241588602, -0.016486780858196576, -0.0014109696718111926, -0.001402965617581608, -0.001397010680737136, 0.12745188499738586]]",
    "monomial_list": "[1, x8, x7, x6, x5, x4, x3, x2, x1]"
}