{
    "name": "Multiplier-8",
    "rational_expression": "159*x1**2/1000 + 59*x1*x2/6250 + 101*x1*x3/10000 + 27*x1*x4/2500 + 933*x1*x5/100000 + 41*x1*x6/5000 + 683*x1*x7/100000 - 309*x1*x8/10000 - 133*x1/10000 + 161*x2**2/1000 + 137*x2*x3/10000 + 3*x2*x4/200 + 63*x2*x5/5000 + 107*x2*x6/10000 + 449*x2*x7/50000 - 49*x2*x8/1250 - 287*x2/10000 + 163*x3**2/1000 + 2*x3*x4/125 + 69*x3*x5/5000 + 57*x3*x6/5000 + 939*x3*x7/100000 - 113*x3*x8/2500 - 393*x3/10000 + 163*x4**2/1000 + 27*x4*x5/2000 + 11*x4*x6/1000 + 7*x4*x7/800 - 28*x4*x8/625 - 393*x4/10000 + 161*x5**2/1000 + 981*x5*x6/100000 + 391*x5*x7/50000 - 9*x5*x8/250 - 27*x5/1000 + 4*x6**2/25 + 749*x6*x7/100000 - 313*x6*x8/10000 - 37*x6/2000 + 159*x7**2/1000 - 69*x7*x8/2500 - 113*x7/10000 + 51*x8**2/250 + 81*x8/500 + 171/1000",
    "Q": "[[0.17116015305337684, 0.08093538256268969, -0.005596209945279819, -0.009193012954071428, -0.013524901654947945, -0.019615502808826863, -0.019740546208204212, -0.01433290185592176, -0.006589988732401882], [0.08093538256268969, 0.2041481833990736, -0.013758752054130326, -0.01566706820106818, -0.018024908242126495, -0.022399677840637445, -0.022667855178471547, -0.019594014046751998, -0.015333293749064609], [-0.005596209945279819, -0.013758752054130326, 0.15908001891845933, 0.003791720419462075, 0.003919854880412045, 0.004326369228014998, 0.0047081837937050005, 0.004553809019840285, 0.0034500935777052925], [-0.009193012954071428, -0.01566706820106818, 0.003791720419462075, 0.16026131645585703, 0.004981115751408346, 0.0055710223026749495, 0.00576005105255747, 0.005289691908427448, 0.0041623577331631025], [-0.013524901654947945, -0.018024908242126495, 0.003919854880412045, 0.004981115751408346, 0.16061798340548503, 0.006729900031009108, 0.00692398687938251, 0.006276102491666339, 0.004722719592496075], [-0.019615502808826863, -0.022399677840637445, 0.004326369228014998, 0.0055710223026749495, 0.006729900031009108, 0.162185411615896, 0.00798064959550014, 0.0074550134445126245, 0.005475830865381446], [-0.019740546208204212, -0.022667855178471547, 0.0047081837937050005, 0.00576005105255747, 0.00692398687938251, 0.00798064959550014, 0.16278356642671354, 0.006873812417317521, 0.005053511639812398], [-0.01433290185592176, -0.019594014046751998, 0.004553809019840285, 0.005289691908427448, 0.006276102491666339, 0.0074550134445126245, 0.006873812417317521, 0.16083286482495998, 0.004730026841848732], [-0.006589988732401882, -0.015333293749064609, 0.0034500935777052925, 0.0041623577331631025, 0.004722719592496075, 0.005475830865381446, 0.005053511639812398, 0.004730026841848732, 0.15851220601269675]]",
    "monomial_list": "[1, x8, x7, x6, x5, x4, x3, x2, x1]"
}