{
    "name": "Multiplier-5",
    "rational_expression": "127*x1**2/1000 - 67*x1*x2/25000 - 67*x1*x3/25000 - 71*x1*x4/25000 - 33*x1*x5/1000 + 121*x1*x6/250000 - 93*x1*x7/250000 - 277*x1*x8/50000 - 79*x1/5000 + 129*x2**2/1000 + 141*x2*x3/500000 + 223*x2*x4/250000 - 47*x2*x5/1250 + 517*x2*x6/1000000 + 189*x2*x7/500000 - 79*x2*x8/20000 - 127*x2/5000 + 13*x3**2/100 - 31*x3*x4/2500000 - 219*x3*x5/5000 + 121*x3*x6/125000 + 241*x3*x7/500000 - 33*x3*x8/6250 - 203*x3/5000 + 16*x4**2/125 - 431*x4*x5/10000 + 953*x4*x6/1000000 + 371*x4*x7/500000 - 681*x4*x8/100000 - x4/25 + 33*x5**2/200 - 301*x5*x6/10000 - 289*x5*x7/10000 - 347*x5*x8/10000 + 127*x5/1000 + 131*x6**2/1000 + 153*x6*x7/100000 + 127*x6*x8/2000000 - 93*x6/10000 + 13*x7**2/100 - 277*x7*x8/500000 - 93*x7/12500 + 63*x8**2/500 - 189*x8/10000 + 31/200",
    "Q": "[[0.15490107431143108, -0.009496445357717757, -0.0037647215712447854, -0.004612422939787392, 0.063407383440507, -0.020030011255712934, -0.020260106201049684, -0.012719106617482346, -0.007867558046979922], [-0.009496445357717757, 0.12538732019460935, -0.00027992900448343646, -2.7706115029689806e-05, -0.017338142423110735, -0.003378682075597201, -0.002625175994217868, -0.001972651170782631, -0.0027496938750198696], [-0.0037647215712447854, -0.00027992900448343646, 0.13031339041905052, 0.0007062177980130769, -0.014548141264424063, 0.00039473271373145443, 0.00027121587487237756, 0.0002262114574915564, -0.000176014269447261], [-0.004612422939787392, -2.7706115029689806e-05, 0.0007062177980130769, 0.1308800170297831, -0.01500311918466169, 0.00043704420849645896, 0.00043514822838516565, 0.00030897575983171997, 0.00017813455241498738], [0.063407383440507, -0.017338142423110735, -0.014548141264424063, -0.01500311918466169, 0.16524144831657347, -0.021658678380013476, -0.021832163709350132, -0.018841579546992258, -0.016486780858194643], [-0.020030011255712934, -0.003378682075597201, 0.00039473271373145443, 0.00043704420849645896, -0.021658678380013476, 0.12771182098275327, 1.888963372844509e-05, 0.00048652057544894316, -0.0014109696718136772], [-0.020260106201049684, -0.002625175994217868, 0.00027121587487237756, 0.00043514822838516565, -0.021832163709350132, 1.888963372844509e-05, 0.13077837869146722, 0.00017065764684065003, -0.0014029656175859352], [-0.012719106617482346, -0.001972651170782631, 0.0002262114574915564, 0.00030897575983171997, -0.018841579546992258, 0.00048652057544894316, 0.00017065764684065003, 0.129081036674668, -0.0013970106807396486], [-0.007867558046979922, -0.0027496938750198696, -0.000176014269447261, 0.00017813455241498738, -0.016486780858194643, -0.0014109696718136772, -0.0014029656175859352, -0.0013970106807396486, 0.12745188499735047]]",
    "monomial_list": "[1, x8, x7, x6, x5, x4, x3, x2, x1]"
}