{
    "name": "Multiplier-2",
    "rational_expression": "19*x1**2/125 - 359*x1*x2/10000 + 39*x1*x3/25000 + 131*x1*x4/50000 + 227*x1*x5/100000 + 161*x1*x6/50000 + 209*x1*x7/100000 - 963*x1*x8/1000000 - 9*x1/625 + 49*x2**2/250 - 103*x2*x3/2000 - 139*x2*x4/2500 - 419*x2*x5/10000 - 347*x2*x6/10000 - 311*x2*x7/10000 - 403*x2*x8/10000 + 4*x2/25 + 31*x3**2/200 + 807*x3*x4/100000 + 633*x3*x5/100000 + 131*x3*x6/25000 + 467*x3*x7/100000 - 173*x3*x8/100000 - 121*x3/2500 + 39*x4**2/250 + 821*x4*x5/100000 + 41*x4*x6/6250 + 243*x4*x7/50000 - 13*x4*x8/4000 - 343*x4/5000 + 77*x5**2/500 + 431*x5*x6/100000 + 133*x5*x7/50000 + 53*x5*x8/100000 - 359*x5/10000 + 31*x6**2/200 + 13*x6*x7/4000 + 9*x6*x8/3125 - 199*x6/10000 + 19*x7**2/125 + 11*x7*x8/6250 - 39*x7/2500 + 149*x8**2/1000 - 219*x8/10000 + 39/200",
    "Q": "[[0.1951231749180878, -0.010944222354366803, -0.007866034915926261, -0.009922403997284775, -0.01802919548842095, -0.03437289142841033, -0.024218941477751374, 0.08007038140871074, -0.0072534121494694575], [-0.010944222354366803, 0.14864814195992315, 0.0009321466205445534, 0.0014670229297420625, 0.00033525292229259426, -0.0016904857952710316, -0.0008052924944975531, -0.020256672820790394, -0.0005004333883903857], [-0.007866034915926261, 0.0009321466205445534, 0.15253778267233978, 0.0016385626157066826, 0.001358344767016121, 0.002492219751340056, 0.0023925001421733656, -0.015560820789954088, 0.0010049300148811855], [-0.009922403997284775, 0.0014670229297420625, 0.0016385626157066826, 0.1543936417022493, 0.002215057437820594, 0.0032989713941467074, 0.0026866563806969236, -0.01741603189418673, 0.001656572204826842], [-0.01802919548842095, 0.00033525292229259426, 0.001358344767016121, 0.002215057437820594, 0.15392343362052224, 0.004088806984198699, 0.003245816223558632, -0.021046808970744534, 0.0011406345287008355], [-0.03437289142841033, -0.0016904857952710316, 0.002492219751340056, 0.0032989713941467074, 0.004088806984198699, 0.15585552000714764, 0.004054863368534865, -0.027768704109150295, 0.0012690329130948977], [-0.024218941477751374, -0.0008052924944975531, 0.0023925001421733656, 0.0026866563806969236, 0.003245816223558632, 0.004054863368534865, 0.1554475782544399, -0.025910314352246944, 0.0007915097326373902], [0.08007038140871074, -0.020256672820790394, -0.015560820789954088, -0.01741603189418673, -0.021046808970744534, -0.027768704109150295, -0.025910314352246944, 0.1955493788063911, -0.017871754946957457], [-0.0072534121494694575, -0.0005004333883903857, 0.0010049300148811855, 0.001656572204826842, 0.0011406345287008355, 0.0012690329130948977, 0.0007915097326373902, -0.017871754946957457, 0.15198102568814942]]",
    "monomial_list": "[1, x8, x7, x6, x5, x4, x3, x2, x1]"
}