{
    "name": "Multiplier-7",
    "rational_expression": "53*x1**2/5 - 2083*x1*x10/100000 - 20851*x1*x11/1000000 - 2603*x1*x12/125000 - 20977*x1*x13/1000000 - 4183*x1*x2/200000 - 1307*x1*x3/62500 - 10479*x1*x4/500000 - 4191*x1*x5/200000 - 10501*x1*x6/500000 + 27387*x1*x7/500000 - 21029*x1*x8/1000000 - 21123*x1*x9/1000000 + 23233*x1/1000000 + 1327*x10**2/125 - 17841*x10*x11/1000000 - 173*x10*x12/10000 - 17543*x10*x13/1000000 - 3581*x10*x2/200000 - 4411*x10*x3/250000 - 4487*x10*x4/250000 - 17687*x10*x5/1000000 - 17991*x10*x6/1000000 + 29761*x10*x7/1000000 - 17477*x10*x8/1000000 - 18337*x10*x9/1000000 + 27669*x10/100000 + 1327*x11**2/125 - 17299*x11*x12/1000000 - 18191*x11*x13/1000000 - 3581*x11*x2/200000 - 4411*x11*x3/250000 - 4487*x11*x4/250000 - 17687*x11*x5/1000000 - 17991*x11*x6/1000000 + 29761*x11*x7/1000000 - 17477*x11*x8/1000000 - 18337*x11*x9/1000000 + 27669*x11/100000 + 2123*x12**2/200 - 17679*x12*x13/1000000 - 271*x12*x2/15625 - 17039*x12*x3/1000000 - 17387*x12*x4/1000000 - 8541*x12*x5/500000 - 1743*x12*x6/100000 + 15091*x12*x7/500000 - 4207*x12*x8/250000 - 713*x12*x9/40000 + 6463*x12/20000 + 1327*x13**2/125 - 8781*x13*x2/500000 - 1797*x13*x3/100000 - 4401*x13*x4/250000 - 18013*x13*x5/1000000 - 8823*x13*x6/500000 + 1407*x13*x7/625000 - 8901*x13*x8/500000 - 17939*x13*x9/1000000 + 25381*x13/100000 + 1327*x2**2/125 - 4411*x2*x3/250000 - 4487*x2*x4/250000 - 17687*x2*x5/1000000 - 17991*x2*x6/1000000 + 29761*x2*x7/1000000 - 17477*x2*x8/1000000 - 18337*x2*x9/1000000 + 27669*x2/100000 + 2123*x3**2/200 - 4417*x3*x4/250000 - 3477*x3*x5/200000 - 17711*x3*x6/1000000 + 2997*x3*x7/100000 - 17153*x3*x8/1000000 - 9039*x3*x9/500000 + 3749*x3/12500 + 1327*x4**2/125 - 17687*x4*x5/1000000 - 17991*x4*x6/1000000 + 29761*x4*x7/1000000 - 17477*x4*x8/1000000 - 18337*x4*x9/1000000 + 27669*x4/100000 + 2123*x5**2/200 - 17711*x5*x6/1000000 + 2997*x5*x7/100000 - 17153*x5*x8/1000000 - 9039*x5*x9/500000 + 3749*x5/12500 + 1327*x6**2/125 + 29761*x6*x7/1000000 - 17477*x6*x8/1000000 - 18337*x6*x9/1000000 + 27669*x6/100000 + 13557*x7**2/1000 + 971*x7*x8/40000 + 2959*x7*x9/125000 + 521*x7/2500 + 2123*x8**2/200 - 713*x8*x9/40000 + 6463*x8/20000 + 2123*x9**2/200 + 25381*x9/100000 + 2307/200",
    "Q": "[[11.53497635478874, 0.12763547677669781, 0.1561362918436258, 0.1008519134986003, 0.13706178588882267, 0.155019685410523, 0.1368521282010492, 0.14818765833738712, 0.13802332582127025, 0.12260194970569356, 0.15884066047131423, 0.13968813118589565, 0.13739399803646496, 0.00838177731577441], [0.12763547677669781, 10.615890272295774, -0.010014072350396242, 0.006557173818508317, -0.009304928333628882, -0.009997633611022943, -0.009293063426516576, -0.009820072798524206, -0.009358439184943392, -0.008349377096826302, -0.010037169320013329, -0.009447458745189445, -0.009323585295813227, -0.012114034029903641], [0.1561362918436258, -0.010014072350396242, 10.615121430691254, 0.014520592144487787, -0.01041129945433299, -0.010398271315038751, -0.010404919665956532, -0.010550324693793824, -0.010438964644699834, -0.00972423074099003, -0.010212839011030388, -0.010480487351641556, -0.010421155395368052, -0.012826815127918183], [0.1008519134986003, 0.006557173818508317, 0.014520592144487787, 13.556820281776913, 0.008763343109960001, 0.014119218572318138, 0.008710624964995216, 0.01185978985037167, 0.009007497903206114, 0.005496228781025961, 0.015535093921283041, 0.0094397463154958, 0.008847254739226817, 0.03215396354149589], [0.13706178588882267, -0.009304928333628882, -0.01041129945433299, 0.008763343109960001, 10.615431183521228, -0.01040982137319669, -0.009859254182571673, -0.010308334334053662, -0.009918932981929897, -0.008950669977935585, -0.010394856580870415, -0.00999899489049902, -0.00988720105668611, -0.012710681417109633], [0.155019685410523, -0.009997633611022943, -0.010398271315038751, 0.014119218572318138, -0.01040982137319669, 10.615096039280246, -0.010403058087423063, -0.01057319390926195, -0.010439277839269592, -0.009701481787938856, -0.010268100569598176, -0.01048403126781328, -0.01042029014354755, -0.01287494274645208], [0.1368521282010492, -0.009293063426516576, -0.010404919665956532, 0.008710624964995216, -0.009859254182571673, -0.010403058087423063, 10.615440388392614, -0.01029958594882495, -0.009908190867436365, -0.008938522151958431, -0.01038948268744614, -0.009988511838966048, -0.009876367225225993, -0.012700461560885156], [0.14818765833738712, -0.009820072798524206, -0.010550324693793824, 0.01185978985037167, -0.010308334334053662, -0.01057319390926195, -0.01029958594882495, 10.615085724119997, -0.010347082438053582, -0.009492990243129492, -0.010470542736776823, -0.01040867023399719, -0.010321978386875645, -0.01300097714881531], [0.13802332582127025, -0.009358439184943392, -0.010438964644699834, 0.009007497903206114, -0.009918932981929897, -0.010439277839269592, -0.009908190867436365, -0.010347082438053582, 10.61538987930425, -0.009005576501564805, -0.01041782758505509, -0.010045908070698198, -0.009935775572837464, -0.012755555431827048], [0.12260194970569356, -0.008349377096826302, -0.00972423074099003, 0.005496228781025961, -0.008950669977935585, -0.009701481787938856, -0.008938522151958431, -0.009492990243129492, -0.009005576501564805, 10.616146084290838, -0.009764257984427772, -0.009097404081081614, -0.008969790830872787, -0.011700365260354829], [0.15884066047131423, -0.010037169320013329, -0.010212839011030388, 0.015535093921283041, -0.010394856580870415, -0.010268100569598176, -0.01038948268744614, -0.010470542736776823, -0.01041782758505509, -0.009764257984427772, 10.615216634192343, -0.010450900507730187, -0.010403105774920476, -0.012673666215527395], [0.13968813118589565, -0.009447458745189445, -0.010480487351641556, 0.0094397463154958, -0.00999899489049902, -0.01048403126781328, -0.009988511838966048, -0.01040867023399719, -0.010045908070698198, -0.009097404081081614, -0.010450900507730187, 10.61532227300628, -0.010015420895975069, -0.012825244901755286], [0.13739399803646496, -0.009323585295813227, -0.010421155395368052, 0.008847254739226817, -0.00988720105668611, -0.01042029014354755, -0.009876367225225993, -0.010321978386875645, -0.009935775572837464, -0.008969790830872787, -0.010403105774920476, -0.010015420895975069, 10.615416740376181, -0.012726558341031537], [0.00838177731577441, -0.012114034029903641, -0.012826815127918183, 0.03215396354149589, -0.012710681417109633, -0.01287494274645208, -0.012700461560885156, -0.01300097714881531, -0.012755555431827048, -0.011700365260354829, -0.012673666215527395, -0.012825244901755286, -0.012726558341031537, 10.600407176320575]]",
    "monomial_list": "[1, x9, x8, x7, x6, x5, x4, x3, x2, x13, x12, x11, x10, x1]"
}