{
    "name": "Multiplier-1",
    "rational_expression": "21*x1**2/125 - 191*x1*x2/5000 - 447*x1*x3/10000 - 113*x1*x4/2500 - 47*x1*x5/1250 - 79*x1*x6/2500 - 301*x1*x7/10000 - 22*x1*x8/625 + 123*x1/1000 + 131*x2**2/1000 - 37*x2*x3/200000 - 101*x2*x4/2000000 + 891*x2*x5/1000000 + 119*x2*x6/100000 + 923*x2*x7/1000000 - 329*x2*x8/100000 - 9*x2/400 + 33*x3**2/250 - 583*x3*x4/1000000 + 187*x3*x5/100000 + 77*x3*x6/50000 + 7*x3*x7/6250 - 467*x3*x8/100000 - 339*x3/10000 + 13*x4**2/100 + 3*x4*x5/2000 + 161*x4*x6/100000 + 461*x4*x7/500000 - 319*x4*x8/50000 - 353*x4/10000 + 33*x5**2/250 + 177*x5*x6/100000 + 37*x5*x7/25000 - 171*x5*x8/100000 - 233*x5/10000 + 133*x6**2/1000 + 191*x6*x7/100000 - 447*x6*x8/1000000 - 29*x6/2000 + 33*x7**2/250 - 319*x7*x8/500000 - 111*x7/10000 + 127*x8**2/1000 - 159*x8/10000 + 139/1000",
    "Q": "[[0.13947233218680213, -0.007980069800874786, -0.005530470218638713, -0.007235790830171958, -0.01175808721606327, -0.017709066476160457, -0.017061487642168527, -0.011307737649449704, 0.06161333908422119], [-0.007980069800874786, 0.1278029182376355, -0.00027762478230409956, -0.00018243023370565018, -0.0008255613985870812, -0.0032074111456824807, -0.002355048153119579, -0.0016576017284171244, -0.01762999237553404], [-0.005530470218638713, -0.00027762478230409956, 0.13271484297841515, 0.0009582260687369985, 0.0006781046896936533, 0.0005023111215744426, 0.0005405752388839704, 0.00044880893219300283, -0.015098174692080496], [-0.007235790830171958, -0.00018243023370565018, 0.0009582260687369985, 0.13312224670422207, 0.0009299349358603106, 0.000751401748668392, 0.0008302997406884272, 0.0006049401296129566, -0.015817684707016895], [-0.01175808721606327, -0.0008255613985870812, 0.0006781046896936533, 0.0009299349358603106, 0.13235775975806213, 0.0008010269199741482, 0.0009524083138128294, 0.0004305330189683635, -0.018809238893854458], [-0.017709066476160457, -0.0032074111456824807, 0.0005023111215744426, 0.000751401748668392, 0.0008010269199741482, 0.1302779118280628, -0.00034084184933600494, -7.688161181037582e-05, -0.02259417677099104], [-0.017061487642168527, -0.002355048153119579, 0.0005405752388839704, 0.0008302997406884272, 0.0009524083138128294, -0.00034084184933600494, 0.13193012688382846, -3.426375899444826e-05, -0.0223692022221153], [-0.011307737649449704, -0.0016576017284171244, 0.00044880893219300283, 0.0006049401296129566, 0.0004305330189683635, -7.688161181037582e-05, -3.426375899444826e-05, 0.13116666233346602, -0.019127832477802798], [0.06161333908422119, -0.01762999237553404, -0.015098174692080496, -0.015817684707016895, -0.018809238893854458, -0.02259417677099104, -0.0223692022221153, -0.019127832477802798, 0.16803426871206972]]",
    "monomial_list": "[1, x8, x7, x6, x5, x4, x3, x2, x1]"
}