{
    "name": "Multiplier-5",
    "rational_expression": "19*x1**2/125 - 243*x1*x2/100000 - 201*x1*x3/100000 + 253*x1*x4/500000 - 93*x1*x5/2500 + 17*x1*x6/10000 + 709*x1*x7/1000000 - 227*x1*x8/50000 - 167*x1/10000 + 153*x2**2/1000 + 349*x2*x3/10000000 + 89*x2*x4/20000 - 243*x2*x5/5000 + 59*x2*x6/25000 + 199*x2*x7/100000 - 563*x2*x8/100000 - 41*x2/1000 + 77*x3**2/500 + 49*x3*x4/20000 - 539*x3*x5/10000 + 203*x3*x6/100000 + 921*x3*x7/1000000 - 609*x3*x8/100000 - 521*x3/10000 + 153*x4**2/1000 - 107*x4*x5/2000 + 163*x4*x6/100000 - 177*x4*x7/200000 - 57*x4*x8/10000 - 49*x4/1000 + 199*x5**2/1000 - 171*x5*x6/5000 - 289*x5*x7/10000 - 21*x5*x8/500 + 4*x5/25 + 31*x6**2/200 + 113*x6*x7/100000 + 193*x6*x8/200000 - 103*x6/10000 + 77*x7**2/500 + 121*x7*x8/100000 + 209*x7/50000 + 149*x8**2/1000 - 247*x8/10000 + 19/100",
    "Q": "[[0.19030257402691944, -0.012279824619769307, 0.0020779749284746893, -0.0052300990552439156, 0.0799786829868346, -0.024612722537283478, -0.026151658293434542, -0.02046841388065183, -0.008391708084624663], [-0.012279824619769307, 0.14830205804892774, 0.0006298175719790544, 0.0005455401442851492, -0.02100326449368232, -0.002857411405045811, -0.0030053809910943656, -0.0027556844974082916, -0.0022075058254519245], [0.0020779749284746893, 0.0006298175719790544, 0.15403164236425287, 0.00048781601080324786, -0.01445711608592476, -0.0004042981453950047, 0.0004497844866969862, 0.0010347605525080003, 0.00040432163595896314], [-0.0052300990552439156, 0.0005455401442851492, 0.00048781601080324786, 0.15533428633096413, -0.017190994981319506, 0.0008782762511061213, 0.000994889705824368, 0.0011407238866390696, 0.0008883259328811247], [0.0799786829868346, -0.02100326449368232, -0.01445711608592476, -0.017190994981319506, 0.19894947035457441, -0.026708986814590843, -0.02693685763212846, -0.02419232060722533, -0.018641077148208948], [-0.024612722537283478, -0.002857411405045811, -0.0004042981453950047, 0.0008782762511061213, -0.026708986814590843, 0.15264741376419183, 0.00130974785269241, 0.002210734442978675, 0.00028060565495179366], [-0.026151658293434542, -0.0030053809910943656, 0.0004497844866969862, 0.000994889705824368, -0.02693685763212846, 0.00130974785269241, 0.15479773661555243, -2.9059018191705738e-05, -0.0009624812055689963], [-0.02046841388065183, -0.0027556844974082916, 0.0010347605525080003, 0.0011407238866390696, -0.02419232060722533, 0.002210734442978675, -2.9059018191705738e-05, 0.15265138479502346, -0.0012001412780263353], [-0.008391708084624663, -0.0022075058254519245, 0.00040432163595896314, 0.0008883259328811247, -0.018641077148208948, 0.00028060565495179366, -0.0009624812055689963, -0.0012001412780263353, 0.15214991000304404]]",
    "monomial_list": "[1, x8, x7, x6, x5, x4, x3, x2, x1]"
}