{
    "name": "Multiplier-2",
    "rational_expression": "17*x1**2/125 - 13*x1*x2/400 + 4*x1*x3/3125 + 991*x1*x4/1000000 + 29*x1*x5/625000 - 537*x1*x6/1000000 - 567*x1*x7/1000000 - 117*x1*x8/100000 - 127*x1/10000 + 21*x2**2/125 - 341*x2*x3/10000 - 17*x2*x4/500 - 323*x2*x5/10000 - 4*x2*x6/125 - 317*x2*x7/10000 - 311*x2*x8/10000 + 109*x2/1000 + 17*x3**2/125 + 251*x3*x4/100000 + x3*x5/800 + 133*x3*x6/200000 + 633*x3*x7/1000000 + 679*x3*x8/100000000 - 157*x3/10000 + 17*x4**2/125 + 487*x4*x5/500000 + 657*x4*x6/1000000 + 361*x4*x7/1000000 - 133*x4*x8/500000 - 31*x4/2000 + 27*x5**2/200 - 549*x5*x6/1000000 - 289*x5*x7/500000 - 59*x5*x8/50000 - 31*x5/2500 + 27*x6**2/200 - 57*x6*x7/50000 - 149*x6*x8/100000 - 29*x6/2500 + 27*x7**2/200 - 179*x7*x8/100000 - 11*x7/1000 + 27*x8**2/200 - 193*x8/20000 + 69/500",
    "Q": "[[0.13828294538809424, -0.004806402031205841, -0.0055496714724724274, -0.005769656832874692, -0.006259928551991207, -0.007793102655912424, -0.00793459425660458, 0.0544924961079951, -0.006355272182289705], [-0.004806402031205841, 0.13473689892361942, -0.0008529623498529311, -0.0007782031798062531, -0.0006113008961471266, -9.074877863855461e-05, -4.3320663210888956e-05, -0.015439944626536393, -0.000578792838183331], [-0.0055496714724724274, -0.0008529623498529311, 0.13515647102083647, -0.0005168267276558068, -0.00034079067833176857, 0.00021079339240020833, 0.000261264340765304, -0.015842132961664653, -0.0003064612688344707], [-0.005769656832874692, -0.0007782031798062531, -0.0005168267276558068, 0.1352979656451235, -0.0002579323272885866, 0.0003034207801725617, 0.00035484769557436957, -0.015960994899218834, -0.00022302629306066623], [-0.006259928551991207, -0.0006113008961471266, -0.00034079067833176857, -0.0002579323272885866, 0.13562803830354134, 0.0005114836304889001, 0.0005651050033260378, -0.01622526853256387, -3.6101237139068675e-05], [-0.007793102655912424, -9.074877863855461e-05, 0.00021079339240020833, 0.0003034207801725617, 0.0005114836304889001, 0.13678573307299535, 0.001231809135571501, -0.01704509086112009, 0.0005521822417549646], [-0.00793459425660458, -4.3320663210888956e-05, 0.000261264340765304, 0.00035484769557436957, 0.0005651050033260378, 0.001231809135571501, 0.136901481889686, -0.017120263614761027, 0.0006062396024497207], [0.0544924961079951, -0.015439944626536393, -0.015842132961664653, -0.015960994899218834, -0.01622526853256387, -0.01704509086112009, -0.017120263614761027, 0.1678117912410309, -0.016276546090602067], [-0.006355272182289705, -0.000578792838183331, -0.0003064612688344707, -0.00022302629306066623, -3.6101237139068675e-05, 0.0005521822417549646, 0.0006062396024497207, -0.016276546090602067, 0.13569457529451445]]",
    "monomial_list": "[1, x8, x7, x6, x5, x4, x3, x2, x1]"
}