{
    "name": "Multiplier-4",
    "rational_expression": "18*x1**2/125 + 127*x1*x2/200000 + x1*x3/800 - 339*x1*x4/10000 + 143*x1*x5/500000 - 9*x1*x6/25000 - 43*x1*x7/62500 - 13*x1*x8/12500 - 63*x1/5000 + 29*x2**2/200 + 6*x2*x3/3125 - 347*x2*x4/10000 + 459*x2*x5/500000 + 259*x2*x6/1000000 - 151*x2*x7/2500000 - 143*x2*x8/200000 - 141*x2/10000 + 29*x3**2/200 - 89*x3*x4/2500 + 39*x3*x5/25000 + 19*x3*x6/31250 + 9*x3*x7/15625 - 833*x3*x8/10000000 - 159*x3/10000 + 89*x4**2/500 - 171*x4*x5/5000 - 333*x4*x6/10000 - 329*x4*x7/10000 - 161*x4*x8/5000 + 29*x4/250 + 18*x5**2/125 - 299*x5*x6/5000000 - 37*x5*x7/100000 - 51*x5*x8/50000 - 33*x5/2500 + 143*x6**2/1000 - 101*x6*x7/100000 - 33*x6*x8/20000 - 57*x6/5000 + 143*x7**2/1000 - 167*x7*x8/100000 - 27*x7/2500 + 143*x8**2/1000 - 93*x8/10000 + 3/20",
    "Q": "[[0.1504539848162001, -0.004619828776162726, -0.005345992725051491, -0.005692629813119263, -0.0066026754828905024, 0.05830572652530284, -0.007916755691442848, -0.007109700284603732, -0.0063697558768413855], [-0.004619828776162726, 0.1431028497315956, -0.000876181672080491, -0.0007693823746698709, -0.00048498976705451454, -0.0160649196307407, -7.428784502085295e-05, -0.0003261457462705041, -0.0005579326731517324], [-0.005345992725051491, -0.000876181672080491, 0.1434756696238428, -0.0005284147834144645, -0.00022332609944682383, -0.01643535667644576, 0.00021861521733733608, -5.2622310767055954e-05, -0.0003016393219251459], [-0.005692629813119263, -0.0007693823746698709, -0.0005284147834144645, 0.14367836122067953, -9.49092062571964e-05, -0.016611246623222085, 0.00036247211604978525, 8.166737302621032e-05, -0.00017588432199263022], [-0.0066026754828905024, -0.00048498976705451454, -0.00022332609944682383, -9.49092062571964e-05, 0.14427305589394893, -0.017069685040226452, 0.0007475840559887425, 0.00044080877666302876, 0.00016010123114172734], [0.05830572652530284, -0.0160649196307407, -0.01643535667644576, -0.016611246623222085, -0.017069685040226452, 0.17804749277203458, -0.017723040835588972, -0.01732295766867474, -0.016952821481856454], [-0.007916755691442848, -7.428784502085295e-05, 0.00021861521733733608, 0.00036247211604978525, 0.0007475840559887425, -0.017723040835588972, 0.14525257939144648, 0.0009640704920588794, 0.0006485213905945113], [-0.007109700284603732, -0.0003261457462705041, -5.2622310767055954e-05, 8.166737302621032e-05, 0.00044080877666302876, -0.01732295766867474, 0.0009640704920588794, 0.14463465930786706, 0.0003484805633902917], [-0.0063697558768413855, -0.0005579326731517324, -0.0003016393219251459, -0.00017588432199263022, 0.00016010123114172734, -0.016952821481856454, 0.0006485213905945113, 0.0003484805633902917, 0.1441141099524121]]",
    "monomial_list": "[1, x8, x7, x6, x5, x4, x3, x2, x1]"
}