{
    "name": "Multiplier-6",
    "rational_expression": "13*x1**2/100 - 29*x1*x2/10000 - 247*x1*x3/100000 - 9*x1*x4/4000 - 27*x1*x5/25000 - 311*x1*x6/10000 - 79*x1*x7/100000 - 527*x1*x8/100000 - 119*x1/10000 + 131*x2**2/1000 - 9*x2*x3/31250 + 53*x2*x4/125000 - 111*x2*x5/1000000 - 89*x2*x6/2500 - 37*x2*x7/250000 - 173*x2*x8/50000 - 179*x2/10000 + 33*x3**2/250 - 11*x3*x4/10000 + 127*x3*x5/100000 - 409*x3*x6/10000 + 61*x3*x7/1250000 - 201*x3*x8/50000 - 137*x3/5000 + 129*x4**2/1000 + 61*x4*x5/50000 - 201*x4*x6/5000 + 159*x4*x7/500000 - 133*x4*x8/25000 - 67*x4/2500 + 33*x5**2/250 - 173*x5*x6/5000 + 457*x5*x7/10000000 - 79*x5*x8/50000 - 149*x5/10000 + 171*x6**2/1000 - 281*x6*x7/10000 - 319*x6*x8/10000 + 131*x6/1000 + 33*x7**2/250 - 123*x7*x8/100000 - 149*x7/25000 + 127*x8**2/1000 - 143*x8/10000 + 149/1000",
    "Q": "[[0.14870168822680588, -0.007205360585236699, -0.0030398412916196483, 0.06522485748092927, -0.007385649360149243, -0.013442871377922794, -0.013636466219755063, -0.008967938623860614, -0.005891184169796803], [-0.007205360585236699, 0.1276799750120072, -0.0005680807939339919, -0.016071653468684916, -0.0008095777110576289, -0.002696936790983655, -0.0020248709701555416, -0.0017531708866665473, -0.0026479748757768755], [-0.0030398412916196483, -0.0005680807939339919, 0.13216370538527078, -0.014078433660935485, 7.195203016930302e-07, 0.00017264043580371443, 4.916176218830267e-05, -2.7255805983395434e-05, -0.0004517297361667413], [0.06522485748092927, -0.016071653468684916, -0.014078433660935485, 0.17087914347237804, -0.01721737175903102, -0.020106572741903365, -0.020363714052762008, -0.017774976550944146, -0.015512169049827863], [-0.007385649360149243, -0.0008095777110576289, 7.195203016930302e-07, -0.01721737175903102, 0.1319932209474068, 0.0006058249362865399, 0.0006454516881397523, -5.693336822860344e-05, -0.0005492426704582839], [-0.013442871377922794, -0.002696936790983655, 0.00017264043580371443, -0.020106572741903365, 0.0006058249362865399, 0.12932281615925226, -0.0005884235162087598, 0.00024733473476124917, -0.0011763297600134173], [-0.013636466219755063, -0.0020248709701555416, 4.916176218830267e-05, -0.020363714052762008, 0.0006454516881397523, -0.0005884235162087598, 0.13219697325978225, -0.0001933010887100457, -0.0012415904459554224], [-0.008967938623860614, -0.0017531708866665473, -2.7255805983395434e-05, -0.017774976550944146, -5.693336822860344e-05, 0.00024733473476124917, -0.0001933010887100457, 0.13105022531447408, -0.001448690874985077], [-0.005891184169796803, -0.0026479748757768755, -0.0004517297361667413, -0.015512169049827863, -0.0005492426704582839, -0.0011763297600134173, -0.0012415904459554224, -0.001448690874985077, 0.12955587331841273]]",
    "monomial_list": "[1, x8, x7, x6, x5, x4, x3, x2, x1]"
}