{
    "name": "Multiplier-2",
    "rational_expression": "16*x1**2/125 - 327*x1*x2/10000 - 177*x1*x3/200000 - 139*x1*x4/100000 + 27*x1*x5/62500 + 137*x1*x6/100000 + 397*x1*x7/500000 - 23*x1*x8/6250 - 143*x1/10000 + 41*x2**2/250 - 27*x2*x3/625 - 437*x2*x4/10000 - 181*x2*x5/5000 - 301*x2*x6/10000 - 73*x2*x7/2500 - 173*x2*x8/5000 + 123*x2/1000 + 33*x3**2/250 + 51*x3*x4/20000 + 213*x3*x5/50000 + 33*x3*x6/12500 + 31*x3*x7/12500 - 297*x3*x8/100000 - 193*x3/5000 + 129*x4**2/1000 + 433*x4*x5/100000 + 7*x4*x6/2500 + 263*x4*x7/100000 - 501*x4*x8/100000 - 213*x4/5000 + 131*x5**2/1000 + 117*x5*x6/50000 + 197*x5*x7/100000 - 273*x5*x8/1000000 - 249*x5/10000 + 131*x6**2/1000 + 229*x6*x7/100000 + x6*x8/1000 - x6/80 + 13*x7**2/100 + 429*x7*x8/1000000 - 7*x7/625 + 127*x8**2/1000 - 91*x8/5000 + 19/125",
    "Q": "[[0.151825578413612, -0.00903509413737904, -0.0056618252659955135, -0.006250405409834503, -0.012444142269474122, -0.021258787164778407, -0.019357003395944095, 0.06156571502035951, -0.007067749302818413], [-0.00903509413737904, 0.12621596936294174, 0.0002524102174868468, 0.0005118175848655464, -0.00015635405164604986, -0.0025261518143734, -0.001527918844325655, -0.017253266879726156, -0.0017938961079677174], [-0.0056618252659955135, 0.0002524102174868468, 0.13045309450142098, 0.0011640258972772418, 0.0009856669602903514, 0.0012986322665343706, 0.0011807118484235659, -0.014614317549086632, 0.00035137856635121165], [-0.006250405409834503, 0.0005118175848655464, 0.0011640258972772418, 0.13099193852709243, 0.0011035272311367163, 0.001366937657873795, 0.001308297224440949, -0.015018635968057314, 0.0006645861173302677], [-0.012444142269474122, -0.00015635405164604986, 0.0009856669602903514, 0.0011035272311367163, 0.1307002601772755, 0.0021335189387972527, 0.0020928946844398226, -0.01807375383192608, 0.00021687846700269793], [-0.021258787164778407, -0.0025261518143734, 0.0012986322665343706, 0.001366937657873795, 0.0021335189387972527, 0.12920813182255433, 0.0012627970584735287, -0.02179903445498524, -0.0007261429541683353], [-0.019357003395944095, -0.001527918844325655, 0.0011807118484235659, 0.001308297224440949, 0.0020928946844398226, 0.0012627970584735287, 0.13152102256798112, -0.021553856348046165, -0.0005018224748026302], [0.06156571502035951, -0.017253266879726156, -0.014614317549086632, -0.015018635968057314, -0.01807375383192608, -0.02179903445498524, -0.021553856348046165, 0.16397071542867708, -0.016240035483516872], [-0.007067749302818413, -0.0017938961079677174, 0.00035137856635121165, 0.0006645861173302677, 0.00021687846700269793, -0.0007261429541683353, -0.0005018224748026302, -0.016240035483516872, 0.12821823442578673]]",
    "monomial_list": "[1, x8, x7, x6, x5, x4, x3, x2, x1]"
}