{
    "name": "Multiplier-7",
    "rational_expression": "13*x1**2/100 - 331*x1*x2/100000 - 159*x1*x3/50000 - 323*x1*x4/100000 - 69*x1*x5/50000 - 97*x1*x6/250000 - 77*x1*x7/2500 - 27*x1*x8/5000 - 103*x1/10000 + 131*x2**2/1000 - 999*x2*x3/1000000 - 501*x2*x4/1000000 - 547*x2*x5/1000000 - 299*x2*x6/1000000 - 181*x2*x7/5000 - 211*x2*x8/50000 - 47*x2/2500 + 33*x3**2/250 - 27*x3*x4/12500 + 309*x3*x5/500000 - 173*x3*x6/1000000 - 417*x3*x7/10000 - 101*x3*x8/20000 - 141*x3/5000 + 129*x4**2/1000 + 91*x4*x5/250000 - 191*x4*x6/1000000 - 207*x4*x7/5000 - 327*x4*x8/50000 - 291*x4/10000 + 133*x5**2/1000 + 71*x5*x6/500000 - 7*x5*x7/200 - 47*x5*x8/20000 - 3*x5/200 + 133*x6**2/1000 - 147*x6*x7/5000 - 23*x6*x8/20000 - 397*x6/50000 + 43*x7**2/250 - 161*x7*x8/5000 + 133*x7/1000 + 16*x8**2/125 - 141*x8/10000 + 147/1000",
    "Q": "[[0.14675269316983494, -0.007079351541941881, 0.0663443608334952, -0.003973641689335908, -0.00750880579019331, -0.014562070728808234, -0.014105336195743893, -0.009434462612197813, -0.0050648213900360605], [-0.007079351541941881, 0.12797879315460314, -0.01614079730562222, -0.0005876297730275298, -0.001110928950099913, -0.003284215778942825, -0.002517885256737041, -0.0021416153884258817, -0.0027408960061562726], [0.0663443608334952, -0.01614079730562222, 0.17239699859167615, -0.014752413079276251, -0.017447590405295598, -0.020679519751551176, -0.020808512140072434, -0.01809896729069466, -0.015438772554535789], [-0.003973641689335908, -0.0005876297730275298, -0.014752413079276251, 0.13326889947533233, 4.036725023100129e-05, -0.00012659044424023736, -5.296921369866782e-05, -0.00010033108198533773, -0.00023919274185612457], [-0.00750880579019331, -0.001110928950099913, -0.017447590405295598, 4.036725023100129e-05, 0.13244683978989613, 0.00020324235541578243, 0.00031678386912923826, -0.00024388902356030806, -0.0007237855550650072], [-0.014562070728808234, -0.003284215778942825, -0.020679519751551176, -0.00012659044424023736, 0.00020324235541578243, 0.12948189825934556, -0.0010506973957575309, -0.0002774360365129215, -0.0016503680196383198], [-0.014105336195743893, -0.002517885256737041, -0.020808512140072434, -5.296921369866782e-05, 0.00031678386912923826, -0.0010506973957575309, 0.13221729364891097, -0.0005444832211028743, -0.0015846843211280942], [-0.009434462612197813, -0.0021416153884258817, -0.01809896729069466, -0.00010033108198533773, -0.00024388902356030806, -0.0002774360365129215, -0.0005444832211028743, 0.13135410513941242, -0.0016457691330854765], [-0.0050648213900360605, -0.0027408960061562726, -0.015438772554535789, -0.00023919274185612457, -0.0007237855550650072, -0.0016503680196383198, -0.0015846843211280942, -0.0016457691330854765, 0.1302332618815726]]",
    "monomial_list": "[1, x8, x7, x6, x5, x4, x3, x2, x1]"
}