{
    "name": "Multiplier-3",
    "rational_expression": "18*x1**2/125 + 617*x1*x2/1000000 - 339*x1*x3/10000 + x1*x4/800 + 289*x1*x5/1000000 - 357*x1*x6/1000000 - 349*x1*x7/500000 - 21*x1*x8/20000 - 127*x1/10000 + 29*x2**2/200 - 69*x2*x3/2000 + 191*x2*x4/100000 + 923*x2*x5/1000000 + 263*x2*x6/1000000 - 357*x2*x7/5000000 - 363*x2*x8/500000 - 71*x2/5000 + 89*x3**2/500 - 353*x3*x4/10000 - 171*x3*x5/5000 - 333*x3*x6/10000 - 41*x3*x7/1250 - 321*x3*x8/10000 + 117*x3/1000 + 29*x4**2/200 + 4*x4*x5/3125 + 151*x4*x6/250000 + 69*x4*x7/250000 - 6*x4*x8/15625 - 157*x4/10000 + 18*x5**2/125 - 141*x5*x6/2500000 - 19*x5*x7/50000 - 103*x5*x8/100000 - 133*x5/10000 + 143*x6**2/1000 - 51*x6*x7/50000 - 83*x6*x8/50000 - 23*x6/2000 + 143*x7**2/1000 - 169*x7*x8/100000 - 53*x7/5000 + 143*x8**2/1000 - 453*x8/50000 + 151/1000",
    "Q": "[[0.15095769864198533, -0.004586166089108678, -0.0053227279443901635, -0.005674443231526991, -0.006598096787486608, -0.007792724978480658, 0.05836302423936837, -0.007112807218662169, -0.0063616672428532745], [-0.004586166089108678, 0.14299926184282427, -0.0008738424275034143, -0.0007680161586651731, -0.00048599619050320326, -0.00012071146238666786, -0.016031220396135106, -0.0003283676990833834, -0.0005583552673103676], [-0.0053227279443901635, -0.0008738424275034143, 0.14336844017044298, -0.0005277570408612512, -0.00022380283065067929, 0.00017095132060313404, -0.016401182769380865, -5.363411866932697e-05, -0.00030184707506714987], [-0.005674443231526991, -0.0007680161586651731, -0.0005277570408612512, 0.14357007131129906, -9.506656040450552e-05, 0.00031422602569370907, -0.01657678878032547, 8.129880165534355e-05, -0.0001759225639074306], [-0.006598096787486608, -0.00048599619050320326, -0.00022380283065067929, -9.506656040450552e-05, 0.1441639857687986, 0.0006977969418230409, -0.01703433392639263, 0.0004422714567078773, 0.0001606615325719705], [-0.007792724978480658, -0.00012071146238666786, 0.00017095132060313404, 0.00031422602569370907, 0.0006977969418230409, 0.1450378473805349, -0.017618378779491645, 0.000913424758520926, 0.0005991290759174852], [0.05836302423936837, -0.016031220396135106, -0.016401182769380865, -0.01657678878032547, -0.01703433392639263, -0.017618378779491645, 0.17792391066394148, -0.017287018895726876, -0.016917717834604582], [-0.007112807218662169, -0.0003283676990833834, -5.363411866932697e-05, 8.129880165534355e-05, 0.0004422714567078773, 0.000913424758520926, -0.017287018895726876, 0.1445263581390653, 0.00034945810819560116], [-0.0063616672428532745, -0.0005583552673103676, -0.00030184707506714987, -0.0001759225639074306, 0.0001606615325719705, 0.0005991290759174852, -0.016917717834604582, 0.00034945810819560116, 0.14400497297206868]]",
    "monomial_list": "[1, x8, x7, x6, x5, x4, x3, x2, x1]"
}