{
    "name": "Multiplier-6",
    "rational_expression": "31*x1**2/200 - 103*x1*x2/50000 - 671*x1*x3/1000000 + 213*x1*x4/100000 + 103*x1*x5/250000 - 169*x1*x6/5000 + 759*x1*x7/1000000 - 319*x1*x8/100000 - 27*x1/2500 + 31*x2**2/200 + 223*x2*x3/500000 + 7*x2*x4/1250 + 11*x2*x5/5000 - 437*x2*x6/10000 + 303*x2*x7/100000 - 311*x2*x8/100000 - 273*x2/10000 + 157*x3**2/1000 + 12*x3*x4/3125 + 159*x3*x5/50000 - 6*x3*x6/125 + 101*x3*x7/50000 - 161*x3*x8/100000 - 17*x3/500 + 31*x4**2/200 + 9*x4*x5/4000 - 477*x4*x6/10000 + 79*x4*x7/500000 - 199*x4*x8/100000 - 161*x4/5000 + 39*x5**2/250 - 189*x5*x6/5000 - 517*x5*x7/1000000 - 153*x5*x8/10000000 - 71*x5/5000 + 103*x6**2/500 - 17*x6*x7/625 - 73*x6*x8/2000 + 21*x6/125 + 39*x7**2/250 + x7*x8/625 + 131*x7/25000 + 19*x8**2/125 - 157*x8/10000 + 187/1000",
    "Q": "[[0.1872491706283082, -0.007862183454315965, 0.002657522684270445, 0.08391076479503796, -0.0070261952094819325, -0.016155186709614557, -0.016957337146713172, -0.013757465065038013, -0.005467445603739572], [-0.007862183454315965, 0.15209835577266761, 0.0007648116476804839, -0.018280723020301256, 3.232839286286672e-05, -0.0009872592254319646, -0.0008732095303918186, -0.0014842957847526741, -0.0015334550162198466], [0.002657522684270445, 0.0007648116476804839, 0.15572837209179483, -0.013462050489459434, -0.0003296693948162427, 7.325604034647577e-05, 0.0010510883609455798, 0.0015050409393916303, 0.0004399693457751547], [0.08391076479503796, -0.018280723020301256, -0.013462050489459434, 0.20602993203986755, -0.018877811217809664, -0.02387951997726489, -0.02392950713857112, -0.021815685939010173, -0.016985826153933258], [-0.0070261952094819325, 3.232839286286672e-05, -0.0003296693948162427, -0.018877811217809664, 0.1562256566228927, 0.0011813114665677289, 0.0015250158128498473, 0.001152489563451004, 0.00020623075830153076], [-0.016155186709614557, -0.0009872592254319646, 7.325604034647577e-05, -0.02387951997726489, 0.0011813114665677289, 0.15483928173884176, 0.0019384825524669546, 0.0028487608677160176, 0.0010638546340963103], [-0.016957337146713172, -0.0008732095303918186, 0.0010510883609455798, -0.02392950713857112, 0.0015250158128498473, 0.0019384825524669546, 0.1574885246237744, 0.00017821562703142522, -0.00031831054053856967], [-0.013757465065038013, -0.0014842957847526741, 0.0015050409393916303, -0.021815685939010173, 0.001152489563451004, 0.0028487608677160176, 0.00017821562703142522, 0.1548772093991785, -0.0009897041772305986], [-0.005467445603739572, -0.0015334550162198466, 0.0004399693457751547, -0.016985826153933258, 0.00020623075830153076, 0.0010638546340963103, -0.00031831054053856967, -0.0009897041772305986, 0.15437731414671596]]",
    "monomial_list": "[1, x8, x7, x6, x5, x4, x3, x2, x1]"
}