{
    "name": "Multiplier-6",
    "rational_expression": "137*x1**2/1000 + 363*x1*x2/500000 + 33*x1*x3/25000 + 13*x1*x4/10000 + 87*x1*x5/250000 - 33*x1*x6/1000 - 11*x1*x7/40000 - 14*x1*x8/15625 - 63*x1/5000 + 137*x2**2/1000 + 6*x2*x3/3125 + 81*x2*x4/50000 + 131*x2*x5/200000 - 333*x2*x6/10000 + 223*x2*x7/10000000 - 3*x2*x8/5000 - 67*x2/5000 + 69*x3**2/500 + 257*x3*x4/100000 + 129*x3*x5/100000 - 173*x3*x6/5000 + 459*x3*x7/500000 + 73*x3*x8/250000 - 153*x3/10000 + 69*x4**2/500 + 127*x4*x5/100000 - 43*x4*x6/1250 + 633*x4*x7/1000000 + 281*x4*x8/1000000 - 3*x4/200 + 137*x5**2/1000 - 329*x5*x6/10000 - 143*x5*x7/500000 - 181*x5*x8/200000 - 123*x5/10000 + 169*x6**2/1000 - 321*x6*x7/10000 - 39*x6*x8/1250 + 107*x6/1000 + 17*x7**2/125 - 149*x7*x8/100000 - 113*x7/10000 + 17*x8**2/125 - 991*x8/100000 + 67/500",
    "Q": "[[0.13416344469959707, -0.0049068927439196944, -0.005571012541974864, 0.053796073827441934, -0.006202141308395107, -0.007559061687920018, -0.007684100244351452, -0.006730208881868248, -0.006286700908513793], [-0.0049068927439196944, 0.13576697176719038, -0.0006851793928259381, -0.015588076181439293, -0.00043667341422938473, 9.311535076055766e-05, 0.00014106292136783263, -0.00022906309933548206, -0.0004033793685718213], [-0.005571012541974864, -0.0006851793928259381, 0.13619335470963184, -0.015978843500457803, -0.00017788417109831396, 0.000361467325740835, 0.00041051418901582063, 3.291119098346184e-05, -0.00014412620175971398], [0.053796073827441934, -0.015588076181439293, -0.015978843500457803, 0.1688782407169977, -0.016353199522999774, -0.017160919182748806, -0.017235462638428234, -0.016667225046003216, -0.016403448614049746], [-0.006202141308395107, -0.00043667341422938473, -0.00017788417109831396, -0.016353199522999774, 0.13665140856585986, 0.0006287523679633934, 0.0006791056023259371, 0.0002924445790325852, 0.00011190748706743495], [-0.007559061687920018, 9.311535076055766e-05, 0.000361467325740835, -0.017160919182748806, 0.0006287523679633934, 0.13771945624192114, 0.0012664697344723602, 0.0008552466271786129, 0.0006648829084281952], [-0.007684100244351452, 0.00014106292136783263, 0.00041051418901582063, -0.017235462638428234, 0.0006791056023259371, 0.0012664697344723602, 0.13782296545235492, 0.0009068469545575083, 0.0007154268490719986], [-0.006730208881868248, -0.00022906309933548206, 3.291119098346184e-05, -0.016667225046003216, 0.0002924445790325852, 0.0008552466271786129, 0.0009068469545575083, 0.13705427461717226, 0.00032743320385061436], [-0.006286700908513793, -0.0004033793685718213, -0.00014412620175971398, -0.016403448614049746, 0.00011190748706743495, 0.0006648829084281952, 0.0007154268490719986, 0.00032743320385061436, 0.1367147452003751]]",
    "monomial_list": "[1, x8, x7, x6, x5, x4, x3, x2, x1]"
}