{
    "name": "Multiplier-3",
    "rational_expression": "10689*x1**2/1000 + 33939*x1*x10/500000 + 16939*x1*x11/250000 + 91329*x1*x12/1000000 + 33207*x1*x13/500000 + 33621*x1*x2/500000 + 3419*x1*x3/25000 + 66839*x1*x4/1000000 + 22497*x1*x5/250000 + 33227*x1*x6/500000 + 22129*x1*x7/500000 + 89373*x1*x8/1000000 + 65387*x1*x9/1000000 - 27759*x1/50000 + 10657*x10**2/1000 + 44539*x10*x11/1000000 + 65769*x10*x12/1000000 + 21957*x10*x13/500000 + 2761*x10*x2/62500 + 27793*x10*x3/500000 + 43979*x10*x4/1000000 + 64951*x10*x5/1000000 + 21851*x10*x6/500000 + 21639*x10*x7/500000 + 32243*x10*x8/500000 + 21611*x10*x9/500000 - 2541*x10/25000 + 5329*x11**2/500 + 65769*x11*x12/1000000 + 21957*x11*x13/500000 + 2761*x11*x2/62500 + 27793*x11*x3/500000 + 43979*x11*x4/1000000 + 64951*x11*x5/1000000 + 21851*x11*x6/500000 + 21639*x11*x7/500000 + 32243*x11*x8/500000 + 21611*x11*x9/500000 - 2541*x11/25000 + 10667*x12**2/1000 + 8869*x12*x13/200000 + 131*x12*x2/2000 + 82423*x12*x3/1000000 + 8151*x12*x4/125000 + 87569*x12*x5/1000000 + 64823*x12*x6/1000000 + 21721*x12*x7/500000 + 17391*x12*x8/200000 + 32089*x12*x9/500000 - 3773*x12/25000 + 2663*x13**2/250 + 5481*x13*x2/125000 + 7007*x13*x3/250000 + 21853*x13*x4/500000 + 137*x13*x5/3125 + 10873*x13*x6/250000 + 5433*x13*x7/250000 + 87*x13*x8/2000 + 43143*x13*x9/1000000 - 37731*x13/500000 + 5329*x2**2/500 + 27793*x2*x3/500000 + 43979*x2*x4/1000000 + 64951*x2*x5/1000000 + 21851*x2*x6/500000 + 21639*x2*x7/500000 + 32243*x2*x8/500000 + 21611*x2*x9/500000 - 2541*x2/25000 + 13591*x3**2/1000 + 64457*x3*x4/1000000 + 86473*x3*x5/1000000 + 8009*x3*x6/125000 + 43067*x3*x7/1000000 + 42929*x3*x8/500000 + 21421*x3*x9/500000 + 25411*x3/1000000 + 5329*x4**2/500 + 64951*x4*x5/1000000 + 21851*x4*x6/500000 + 21639*x4*x7/500000 + 32243*x4*x8/500000 + 21611*x4*x9/500000 - 2541*x4/25000 + 2133*x5**2/200 + 64781*x5*x6/1000000 + 43421*x5*x7/1000000 + 86913*x5*x8/1000000 + 43369*x5*x9/1000000 - 3773*x5/25000 + 10657*x6**2/1000 + 21639*x6*x7/500000 + 32243*x6*x8/500000 + 21611*x6*x9/500000 - 2541*x6/25000 + 213*x7**2/20 + 43309*x7*x8/1000000 + 21611*x7*x9/1000000 - 50821*x7/1000000 + 2133*x8**2/200 + 43369*x8*x9/1000000 - 3773*x8/25000 + 5327*x9**2/500 - 37731*x9/500000 + 1577/125",
    "Q": "[[12.615586379965839, -0.03839446849663454, -0.07305167070049036, -0.024470498666115562, -0.04910982522421143, -0.07154960137458419, -0.04886469022888369, 0.014359999970334153, -0.05023843832944314, -0.03288479789119851, -0.0767472783252247, -0.05220987075359698, -0.04949894692776477, -0.27662622459134656], [-0.03839446849663454, 10.653902199695654, 0.026087320054223487, 0.014571271226839357, 0.020308161920961413, 0.025717946919179644, 0.020250093629223868, 0.023062320653047422, 0.020575779846535715, 0.016509146252858802, 0.02700046303609676, 0.021044316189208403, 0.020400380911903493, 0.032709439862975864], [-0.07305167070049036, 0.026087320054223487, 10.665666026402372, 0.02127702895644237, 0.029857868067761677, 0.0379637364658862, 0.029770929456648675, 0.04029340624943944, 0.030258558039990013, 0.02417205249330906, 0.03988771061462515, 0.03096014432723171, 0.02999593925486765, 0.048387967858702606], [-0.024470498666115562, 0.014571271226839357, 0.02127702895644237, 10.650365426520242, 0.01660958018204805, 0.020979085161982453, 0.016562624142112202, 0.01709560668996277, 0.01682597075351702, 0.013533635373884651, 0.022013322237201555, 0.017204762786216996, 0.016684149338967984, 0.026694784006388715], [-0.04910982522421143, 0.020308161920961413, 0.029857868067761677, 0.01660958018204805, 10.657094233438274, 0.029432470939539906, 0.023139061494573832, 0.02799501703647538, 0.023513750390575797, 0.018836159988549296, 0.030909688069871107, 0.024052817049696383, 0.023311958563418535, 0.037437832046476556], [-0.07154960137458419, 0.025717946919179644, 0.0379637364658862, 0.020979085161982453, 0.029432470939539906, 10.665071021373393, 0.02934682404375814, 0.03946046383891571, 0.02982720761106852, 0.02383114796779486, 0.0393133775335414, 0.030518370331032475, 0.029568490704143417, 0.04768253786143634], [-0.04886469022888369, 0.020250093629223868, 0.029770929456648675, 0.016562624142112202, 0.023139061494573832, 0.02934682404375814, 10.657016703471843, 0.02787865619356492, 0.023446017287139652, 0.01878252611435251, 0.03081955247922766, 0.023983456319674124, 0.023244834551445236, 0.03732859742801941], [0.014359999970334153, 0.023062320653047422, 0.04029340624943944, 0.01709560668996277, 0.02799501703647538, 0.03946046383891571, 0.02787865619356492, 13.590259004529873, 0.028532977090100456, 0.020642311590266794, 0.04238398034250212, 0.029481590209153367, 0.02818007929764419, 0.06568806145500435], [-0.05023843832944314, 0.020575779846535715, 0.030258558039990013, 0.01682597075351702, 0.023513750390575797, 0.02982720761106852, 0.023446017287139652, 0.028532977090100456, 10.657453894417845, 0.019083337120368186, 0.03132511209774977, 0.02437248812549536, 0.023621319568584608, 0.03794142749143167], [-0.03288479789119851, 0.016509146252858802, 0.02417205249330906, 0.013533635373884651, 0.018836159988549296, 0.02383114796779486, 0.01878252611435251, 0.020642311590266794, 0.019083337120368186, 10.652419621811635, 0.02501471444113761, 0.01951606982027829, 0.01892133599592645, 0.03031304109276212], [-0.0767472783252247, 0.02700046303609676, 0.03988771061462515, 0.022013322237201555, 0.030909688069871107, 0.0393133775335414, 0.03081955247922766, 0.04238398034250212, 0.03132511209774977, 0.02501471444113761, 10.667161614319829, 0.032052494891977694, 0.03105283645662333, 0.05013593192285077], [-0.05220987075359698, 0.021044316189208403, 0.03096014432723171, 0.017204762786216996, 0.024052817049696383, 0.030518370331032475, 0.023983456319674124, 0.029481590209153367, 0.02437248812549536, 0.01951606982027829, 0.032052494891977694, 10.658092806557283, 0.024162971283576327, 0.03882379092643718], [-0.04949894692776477, 0.020400380911903493, 0.02999593925486765, 0.016684149338967984, 0.023311958563418535, 0.029568490704143417, 0.023244834551445236, 0.02818007929764419, 0.023621319568584608, 0.01892133599592645, 0.03105283645662333, 0.024162971283576327, 10.657217734147595, 0.037611335556593815], [-0.27662622459134656, 0.032709439862975864, 0.048387967858702606, 0.026694784006388715, 0.037437832046476556, 0.04768253786143634, 0.03732859742801941, 0.06568806145500435, 0.03794142749143167, 0.03031304109276212, 0.05013593192285077, 0.03882379092643718, 0.037611335556593815, 10.688377615425672]]",
    "monomial_list": "[1, x9, x8, x7, x6, x5, x4, x3, x2, x13, x12, x11, x10, x1]"
}