{
    "name": "Multiplier-2",
    "rational_expression": "16*x1**2/125 - 327*x1*x2/10000 - 177*x1*x3/200000 - 139*x1*x4/100000 + 27*x1*x5/62500 + 137*x1*x6/100000 + 397*x1*x7/500000 - 23*x1*x8/6250 - 143*x1/10000 + 41*x2**2/250 - 27*x2*x3/625 - 437*x2*x4/10000 - 181*x2*x5/5000 - 301*x2*x6/10000 - 73*x2*x7/2500 - 173*x2*x8/5000 + 123*x2/1000 + 33*x3**2/250 + 51*x3*x4/20000 + 213*x3*x5/50000 + 33*x3*x6/12500 + 31*x3*x7/12500 - 297*x3*x8/100000 - 193*x3/5000 + 129*x4**2/1000 + 433*x4*x5/100000 + 7*x4*x6/2500 + 263*x4*x7/100000 - 501*x4*x8/100000 - 213*x4/5000 + 131*x5**2/1000 + 117*x5*x6/50000 + 197*x5*x7/100000 - 273*x5*x8/1000000 - 249*x5/10000 + 131*x6**2/1000 + 229*x6*x7/100000 + x6*x8/1000 - x6/80 + 13*x7**2/100 + 429*x7*x8/1000000 - 7*x7/625 + 127*x8**2/1000 - 91*x8/5000 + 19/125",
    "Q": "[[0.15182557841365307, -0.009035094137381456, -0.005661825265996495, -0.006250405409835674, -0.012444142269475347, -0.021258787164780232, -0.019357003395945444, 0.06156571502038041, -0.0070677493028156345], [-0.009035094137381456, 0.12621596936297677, 0.0002524102174870022, 0.0005118175848651877, -0.0001563540516466554, -0.0025261518143747876, -0.00152791884432599, -0.017253266879730264, -0.0017938961079676128], [-0.005661825265996495, 0.0002524102174870022, 0.1304530945014562, 0.0011640258972776118, 0.0009856669602903729, 0.0012986322665342316, 0.001180711848423541, -0.014614317549090665, 0.0003513785663518672], [-0.006250405409835674, 0.0005118175848651877, 0.0011640258972776118, 0.13099193852712732, 0.0011035272311368757, 0.0013669376578733232, 0.0013082972244407316, -0.01501863596806099, 0.0006645861173302637], [-0.012444142269475347, -0.0001563540516466554, 0.0009856669602903729, 0.0011035272311368757, 0.13070026017730887, 0.0021335189387971664, 0.002092894684439149, -0.01807375383192997, 0.00021687846700149056], [-0.021258787164780232, -0.0025261518143747876, 0.0012986322665342316, 0.0013669376578733232, 0.0021335189387971664, 0.1292081318225899, 0.0012627970584715889, -0.021799034454992032, -0.0007261429541679142], [-0.019357003395945444, -0.00152791884432599, 0.001180711848423541, 0.0013082972244407316, 0.002092894684439149, 0.0012627970584715889, 0.13152102256801304, -0.021553856348050987, -0.0005018224748014393], [0.06156571502038041, -0.017253266879730264, -0.014614317549090665, -0.01501863596806099, -0.01807375383192997, -0.021799034454992032, -0.021553856348050987, 0.16397071542872682, -0.01624003548351867], [-0.0070677493028156345, -0.0017938961079676128, 0.0003513785663518672, 0.0006645861173302637, 0.00021687846700149056, -0.0007261429541679142, -0.0005018224748014393, -0.01624003548351867, 0.12821823442582236]]",
    "monomial_list": "[1, x8, x7, x6, x5, x4, x3, x2, x1]"
}