{
    "name": "Total Decomposition",
    "rational_expression": "2029*x1**4/10000 - 2359*x1**3*x2/50000 - 168*x1**3*x3/3125 - 5699*x1**3*x4/100000 - 1083*x1**3*x5/25000 - 3647*x1**3*x6/100000 - 19*x1**3*x7/625 - 837*x1**3*x8/20000 - 2453*x1**3/10000 + 1527*x1**2*x2**2/5000 - 133*x1**2*x2*x3/62500 + 3091*x1**2*x2*x4/5000000 + 433*x1**2*x2*x5/1250000 + 767*x1**2*x2*x6/500000 + 1001*x1**2*x2*x7/500000 - 5501*x1**2*x2*x8/1000000 - 477*x1**2*x2/2000 + 3063*x1**2*x3**2/10000 - 1187*x1**2*x3*x4/2500000 + 311*x1**2*x3*x5/625000 + 483*x1**2*x3*x6/250000 + 1299*x1**2*x3*x7/1000000 - 3587*x1**2*x3*x8/500000 - 2387*x1**2*x3/10000 + 3069*x1**2*x4**2/10000 + 1127*x1**2*x4*x5/5000000 + 477*x1**2*x4*x6/250000 - 1097*x1**2*x4*x7/100000000 - 8161*x1**2*x4*x8/1000000 - 609*x1**2*x4/2500 + 3077*x1**2*x5**2/10000 + 1159*x1**2*x5*x6/1000000 - 959*x1**2*x5*x7/2500000 - 3129*x1**2*x5*x8/1000000 - 61*x1**2*x5/250 + 3119*x1**2*x6**2/10000 + 243*x1**2*x6*x7/200000 - 637*x1**2*x6*x8/12500000 - 2527*x1**2*x6/10000 + 3137*x1**2*x7**2/10000 - 4977*x1**2*x7*x8/500000000 - 2603*x1**2*x7/10000 + 3083*x1**2*x8**2/10000 - 158*x1**2*x8/625 + 4481*x1**2/5000 - 3617*x1*x2**3/100000 + 1521*x1*x2**2*x3/1000000 + 1049*x1*x2**2*x4/500000 + 2041*x1*x2**2*x5/1000000 + 163*x1*x2**2*x6/50000 + 171*x1*x2**2*x7/100000 - 103*x1*x2**2*x8/100000 - 2503*x1*x2**2/10000 + 2043*x1*x2*x3**2/250000 - 2813*x1*x2*x3*x4/10000000 - 1017*x1*x2*x3*x5/5000000 - 1207*x1*x2*x3*x6/2500000 + 3681*x1*x2*x3*x7/10000000 + 1073*x1*x2*x3*x8/50000000 - 349*x1*x2*x3/25000 + 379*x1*x2*x4**2/40000 - 4573*x1*x2*x4*x5/10000000 - 263*x1*x2*x4*x6/3125000 - 7517*x1*x2*x4*x7/10000000 - 1253*x1*x2*x4*x8/2500000 - 61*x1*x2*x4/2500 - 2709*x1*x2*x5**2/1000000 - 207*x1*x2*x5*x6/2000000 - 797*x1*x2*x5*x7/5000000 - 1123*x1*x2*x5*x8/10000000 + 457*x1*x2*x5/625000 - 993*x1*x2*x6**2/500000 + 111*x1*x2*x6*x7/400000 + 1519*x1*x2*x6*x8/10000000 - 2757*x1*x2*x6/500000 - 2183*x1*x2*x7**2/1000000 - 1111*x1*x2*x7*x8/20000000 - 509*x1*x2*x7/250000 + 9669*x1*x2*x8**2/1000000 - 1079*x1*x2*x8/200000 + 4403*x1*x2/50000 - 37*x1*x3**3/1250 + 243*x1*x3**2*x4/20000 + 533*x1*x3**2*x5/62500 + 3739*x1*x3**2*x6/500000 + 1053*x1*x3**2*x7/200000 + 5917*x1*x3**2*x8/1000000 - 667*x1*x3**2/2500 + 63*x1*x3*x4**2/6250 - 1411*x1*x3*x4*x5/10000000 + 801*x1*x3*x4*x6/2000000 - 8249*x1*x3*x4*x7/100000000 - 2851*x1*x3*x4*x8/10000000 - 861*x1*x3*x4/20000 - 369*x1*x3*x5**2/200000 - 2141*x1*x3*x5*x6/10000000 - 431*x1*x3*x5*x7/1250000 - 639*x1*x3*x5*x8/2500000 - 1427*x1*x3*x5/100000 - 9679*x1*x3*x6**2/10000000 + 1787*x1*x3*x6*x7/10000000 - 509*x1*x3*x6*x8/5000000 - 1681*x1*x3*x6/100000 - 9367*x1*x3*x7**2/10000000 + 1121*x1*x3*x7*x8/10000000 - 1019*x1*x3*x7/100000 + 513*x1*x3*x8**2/50000 - 349*x1*x3*x8/20000 - 1421*x1*x3/100000 - 108*x1*x4**3/3125 + 8931*x1*x4**2*x5/1000000 + 1479*x1*x4**2*x6/200000 + 13*x1*x4**2*x7/2500 + 63*x1*x4**2*x8/20000 - 339*x1*x4**2/1250 + 4647*x1*x4*x5**2/10000000 + 129*x1*x4*x5*x6/1000000 - 2941*x1*x4*x5*x7/10000000 - 69*x1*x4*x5*x8/100000 - 58*x1*x4*x5/3125 + 529*x1*x4*x6**2/250000 + 3839*x1*x4*x6*x7/100000000 - 1271*x1*x4*x6*x8/10000000 - 2337*x1*x4*x6/100000 + 327*x1*x4*x7**2/200000 - 59*x1*x4*x7*x8/312500 - 621*x1*x4*x7/50000 + 1091*x1*x4*x8**2/100000 - 57*x1*x4*x8/5000 - 571*x1*x4/5000 - 3739*x1*x5**3/100000 + 89*x1*x5**2*x6/40000 + 207*x1*x5**2*x7/200000 - 4251*x1*x5**2*x8/1000000 - 2529*x1*x5**2/10000 + 19*x1*x5*x6**2/1562500 - 2199*x1*x5*x6*x7/10000000 - 4959*x1*x5*x6*x8/50000000 - 1227*x1*x5*x6/200000 + 1413*x1*x5*x7**2/1000000 - 541*x1*x5*x7*x8/2500000 - 831*x1*x5*x7/250000 + 931*x1*x5*x8**2/100000 - 3251*x1*x5*x8/1000000 + 2477*x1*x5/25000 - 3421*x1*x6**3/100000 + 517*x1*x6**2*x7/500000 - 377*x1*x6**2*x8/125000 - 1283*x1*x6**2/5000 + 289*x1*x6*x7**2/125000 - 41*x1*x6*x7*x8/4000000 - 7837*x1*x6*x7/1000000 + 1091*x1*x6*x8**2/125000 - 1051*x1*x6*x8/100000 + 1437*x1*x6/10000 - 3217*x1*x7**3/100000 - 369*x1*x7**2*x8/125000 - 51*x1*x7**2/200 + 6427*x1*x7*x8**2/1000000 - 6737*x1*x7*x8/1000000 + 1953*x1*x7/10000 - 3087*x1*x8**3/100000 - 2517*x1*x8**2/10000 - 263*x1*x8/12500 - 49*x1/2000 + 1961*x2**4/10000 - 1287*x2**3*x3/25000 - 7*x2**3*x4/125 - 4207*x2**3*x5/100000 - 1733*x2**3*x6/50000 - 1559*x2**3*x7/50000 - 407*x2**3*x8/10000 - 463*x2**3/2000 + 3101*x2**2*x3**2/10000 + 3871*x2**2*x3*x4/500000 + 6753*x2**2*x3*x5/1000000 + 5239*x2**2*x3*x6/1000000 + 951*x2**2*x3*x7/200000 - 427*x2**2*x3*x8/250000 - 509*x2**2*x3/2000 + 3133*x2**2*x4**2/10000 + 7769*x2**2*x4*x5/1000000 + 623*x2**2*x4*x6/100000 + 1363*x2**2*x4*x7/250000 - 101*x2**2*x4*x8/31250 - 677*x2**2*x4/2500 + 3069*x2**2*x5**2/10000 + 921*x2**2*x5*x6/200000 + 3053*x2**2*x5*x7/1000000 + 2147*x2**2*x5*x8/2500000 - 2577*x2**2*x5/10000 + 619*x2**2*x6**2/2000 + 3559*x2**2*x6*x7/1000000 + 2941*x2**2*x6*x8/1000000 - 1301*x2**2*x6/5000 + 619*x2**2*x7**2/2000 + 1957*x2**2*x7*x8/1000000 - 67*x2**2*x7/250 + 1549*x2**2*x8**2/5000 - 2627*x2**2*x8/10000 + 1729*x2**2/2000 - 913*x2*x3**3/25000 + 1987*x2*x3**2*x4/100000 + 337*x2*x3**2*x5/25000 + 2433*x2*x3**2*x6/250000 + 9373*x2*x3**2*x7/1000000 + 7989*x2*x3**2*x8/1000000 - 2733*x2*x3**2/10000 + 169*x2*x3*x4**2/10000 + 1307*x2*x3*x4*x5/10000000 + 3099*x2*x3*x4*x6/10000000 + 701*x2*x3*x4*x7/10000000 - 2213*x2*x3*x4*x8/10000000 - 4449*x2*x3*x4/50000 - 2149*x2*x3*x5**2/10000000 + 1073*x2*x3*x5*x6/10000000 + 1209*x2*x3*x5*x7/10000000 + 1621*x2*x3*x5*x8/100000000 - 2003*x2*x3*x5/50000 + 277*x2*x3*x6**2/2000000 + 3259*x2*x3*x6*x7/5000000 + 1049*x2*x3*x6*x8/25000000 - 127*x2*x3*x6/4000 - 2823*x2*x3*x7**2/10000000 + 169*x2*x3*x7*x8/400000 - 277*x2*x3*x7/10000 + 1377*x2*x3*x8**2/100000 - 1007*x2*x3*x8/25000 - 3881*x2*x3/100000 - 279*x2*x4**3/6250 + 1453*x2*x4**2*x5/100000 + 1071*x2*x4**2*x6/100000 + 3997*x2*x4**2*x7/500000 + 549*x2*x4**2*x8/125000 - 71*x2*x4**2/250 + 4619*x2*x4*x5**2/1000000 - 1147*x2*x4*x5*x6/10000000 + 1583*x2*x4*x5*x7/20000000 - 369*x2*x4*x5*x8/2000000 - 5357*x2*x4*x5/100000 + 2913*x2*x4*x6**2/500000 + 1577*x2*x4*x6*x7/5000000 + 73*x2*x4*x6*x8/625000 - 459*x2*x4*x6/10000 + 4027*x2*x4*x7**2/1000000 + 301*x2*x4*x7*x8/6250000 - 3413*x2*x4*x7/100000 + 1499*x2*x4*x8**2/100000 - 801*x2*x4*x8/25000 - 2399*x2*x4/10000 - 603*x2*x5**3/12500 + 491*x2*x5**2*x6/200000 + 971*x2*x5**2*x7/500000 - 18*x2*x5**2*x8/3125 - 1259*x2*x5**2/5000 + 1019*x2*x5*x6**2/500000 + 2551*x2*x5*x6*x7/10000000 + 241*x2*x5*x6*x8/1000000 - 457*x2*x5*x6/25000 + 429*x2*x5*x7**2/250000 + 8297*x2*x5*x7*x8/100000000 - 1313*x2*x5*x7/100000 + 319*x2*x5*x8**2/25000 - 827*x2*x5*x8/50000 + 347*x2*x5/25000 - 871*x2*x6**3/20000 + 2963*x2*x6**2*x7/1000000 - 1707*x2*x6**2*x8/500000 - 499*x2*x6**2/2000 + 1813*x2*x6*x7**2/1000000 + 1347*x2*x6*x7*x8/25000000 - 399*x2*x6*x7/25000 + 1097*x2*x6*x8**2/100000 - 2237*x2*x6*x8/100000 + 1169*x2*x6/10000 - 4547*x2*x7**3/100000 - 5123*x2*x7**2*x8/1000000 - 307*x2*x7**2/1250 + 887*x2*x7*x8**2/100000 - 573*x2*x7*x8/50000 + 3443*x2*x7/50000 - 1969*x2*x8**3/50000 - 99*x2*x8**2/400 - 1211*x2*x8/10000 + 2863*x2/10000 + 959*x3**4/5000 - 829*x3**3*x4/20000 - 1657*x3**3*x5/50000 - 2831*x3**3*x6/100000 - 2519*x3**3*x7/100000 - 3383*x3**3*x8/100000 - 483*x3**3/2000 + 3171*x3**2*x4**2/10000 + 1637*x3**2*x4*x5/100000 + 1113*x3**2*x4*x6/100000 + 883*x3**2*x4*x7/100000 + 8757*x3**2*x4*x8/1000000 - 587*x3**2*x4/2000 + 3093*x3**2*x5**2/10000 + 7969*x3**2*x5*x6/1000000 + 5299*x3**2*x5*x7/1000000 + 8769*x3**2*x5*x8/1000000 - 2797*x3**2*x5/10000 + 777*x3**2*x6**2/2500 + 577*x3**2*x6*x7/125000 + 863*x3**2*x6*x8/100000 - 2753*x3**2*x6/10000 + 3091*x3**2*x7**2/10000 + 1449*x3**2*x7*x8/200000 - 1393*x3**2*x7/5000 + 1571*x3**2*x8**2/5000 - 2791*x3**2*x8/10000 + 7261*x3**2/10000 - 4873*x3*x4**3/100000 + 1447*x3*x4**2*x5/100000 + 541*x3*x4**2*x6/50000 + 1521*x3*x4**2*x7/200000 + 5099*x3*x4**2*x8/1000000 - 563*x3*x4**2/2000 + 2729*x3*x4*x5**2/1000000 + 553*x3*x4*x5*x6/5000000 - 447*x3*x4*x5*x7/25000000 + 3943*x3*x4*x5*x8/10000000 - 6701*x3*x4*x5/100000 + 1979*x3*x4*x6**2/500000 + 1733*x3*x4*x6*x7/10000000 + 3753*x3*x4*x6*x8/10000000 - 5221*x3*x4*x6/100000 + 2299*x3*x4*x7**2/1000000 - 2239*x3*x4*x7*x8/5000000 - 3629*x3*x4*x7/100000 + 1599*x3*x4*x8**2/100000 - 5971*x3*x4*x8/100000 - 193*x3*x4/1000 - 5371*x3*x5**3/100000 + 1029*x3*x5**2*x6/500000 + 7399*x3*x5**2*x7/10000000 - 6101*x3*x5**2*x8/1000000 - 2537*x3*x5**2/10000 + 2931*x3*x5*x6**2/1000000 - 669*x3*x5*x6*x7/2500000 - 3099*x3*x5*x6*x8/100000000 - 1301*x3*x5*x6/50000 + 633*x3*x5*x7**2/250000 - 4947*x3*x5*x7*x8/50000000 - 809*x3*x5*x7/50000 + 351*x3*x5*x8**2/25000 - 1691*x3*x5*x8/50000 - 1827*x3*x5/50000 - 4789*x3*x6**3/100000 + 129*x3*x6**2*x7/50000 - 1049*x3*x6**2*x8/500000 - 2439*x3*x6**2/10000 + 1351*x3*x6*x7**2/1000000 - 149*x3*x6*x7*x8/625000000 - 1721*x3*x6*x7/100000 + 117*x3*x6*x8**2/10000 - 3691*x3*x6*x8/100000 + 211*x3*x6/2000 - 2439*x3*x7**3/50000 - 3477*x3*x7**2*x8/1000000 - 2379*x3*x7**2/10000 + 2343*x3*x7*x8**2/250000 - 79*x3*x7*x8/3125 + 1833*x3*x7/25000 - 4579*x3*x8**3/100000 - 1251*x3*x8**2/5000 - 2357*x3*x8/10000 + 493*x3/1250 + 1939*x4**4/10000 - 947*x4**3*x5/25000 - 1577*x4**3*x6/50000 - 1341*x4**3*x7/50000 - 3679*x4**3*x8/100000 - 283*x4**3/1250 + 1537*x4**2*x5**2/5000 + 829*x4**2*x5*x6/100000 + 279*x4**2*x5*x7/62500 + 663*x4**2*x5*x8/100000 - 2669*x4**2*x5/10000 + 3087*x4**2*x6**2/10000 + 4309*x4**2*x6*x7/1000000 + 6731*x4**2*x6*x8/1000000 - 1323*x4**2*x6/5000 + 193*x4**2*x7**2/625 + 1341*x4**2*x7*x8/250000 - 663*x4**2*x7/2500 + 781*x4**2*x8**2/2500 - 553*x4**2*x8/2000 + 4313*x4**2/5000 - 2679*x4*x5**3/50000 + 857*x4*x5**2*x6/500000 - 2611*x4*x5**2*x7/5000000 - 2909*x4*x5**2*x8/500000 - 1261*x4*x5**2/5000 + 111*x4*x5*x6**2/50000 + 99*x4*x5*x6*x7/250000 + 1547*x4*x5*x6*x8/10000000 - 639*x4*x5*x6/25000 + 73*x4*x5*x7**2/40000 + 481*x4*x5*x7*x8/2500000 - 601*x4*x5*x7/50000 + 1293*x4*x5*x8**2/100000 - 351*x4*x5*x8/12500 - 5543*x4*x5/1000000 - 4829*x4*x6**3/100000 + 1821*x4*x6**2*x7/2500000 - 851*x4*x6**2*x8/500000 - 1223*x4*x6**2/5000 + 683*x4*x6*x7**2/500000 - 159*x4*x6*x7*x8/1250000 - 647*x4*x6*x7/50000 + 223*x4*x6*x8**2/20000 - 397*x4*x6*x8/12500 + 31*x4*x6/250 - 291*x4*x7**3/6250 - 2139*x4*x7**2*x8/1000000 - 2361*x4*x7**2/10000 + 2107*x4*x7*x8**2/250000 - 61*x4*x7*x8/2500 + 1597*x4*x7/10000 - 2247*x4*x8**3/50000 - 249*x4*x8**2/1000 - 107*x4*x8/500 + 4223*x4/10000 + 497*x5**4/2500 - 137*x5**3*x6/4000 - 2911*x5**3*x7/100000 - 211*x5**3*x8/5000 - 19*x5**3/80 + 779*x5**2*x6**2/2500 + 7999*x5**2*x6*x7/10000000 + 641*x5**2*x6*x8/500000 - 2547*x5**2*x6/10000 + 196*x5**2*x7**2/625 + 349*x5**2*x7*x8/250000 - 1287*x5**2*x7/5000 + 3093*x5**2*x8**2/10000 - 2617*x5**2*x8/10000 + 361*x5**2/400 - 3783*x5*x6**3/100000 - 6563*x5*x6**2*x7/10000000 + 2539*x5*x6**2*x8/100000000 - 1243*x5*x6**2/5000 + 1013*x5*x6*x7**2/500000 - 1031*x5*x6*x7*x8/10000000 - 483*x5*x6*x7/125000 + 507*x5*x6*x8**2/50000 - 1157*x5*x6*x8/50000 + 2389*x5*x6/10000 - 711*x5*x7**3/20000 + 987*x5*x7**2*x8/2500000 - 1213*x5*x7**2/5000 + 1901*x5*x7*x8**2/250000 - 911*x5*x7*x8/50000 + 2991*x5*x7/10000 - 1811*x5*x8**3/50000 - 2519*x5*x8**2/10000 - 9373*x5*x8/100000 + 689*x5/2500 + 413*x6**4/2000 - 667*x6**3*x7/25000 - 3653*x6**3*x8/100000 - 2443*x6**3/10000 + 631*x6**2*x7**2/2000 + 1363*x6**2*x7*x8/1000000 - 21*x6**2*x7/80 + 3123*x6**2*x8**2/10000 - 2627*x6**2*x8/10000 + 9543*x6**2/10000 - 313*x6*x7**3/10000 + 8473*x6*x7**2*x8/10000000 - 499*x6*x7**2/2000 + 1457*x6*x7*x8**2/200000 - 1873*x6*x7*x8/100000 + 61*x6*x7/200 - 1581*x6*x8**3/50000 - 2599*x6*x8**2/10000 - 2517*x6*x8/100000 + 327*x6/1250 + 2143*x7**4/10000 - 1769*x7**3*x8/50000 - 1241*x7**3/5000 + 3131*x7**2*x8**2/10000 - 2627*x7**2*x8/10000 + 209*x7**2/200 - 1397*x7*x8**3/50000 - 263*x7*x8**2/1000 + 389*x7*x8/25000 + 8371*x7/100000 + 1023*x8**4/5000 - 1233*x8**3/5000 + 1581*x8**2/2000 - 1587*x8/5000 + 349/200",
    "Q": "[[1.7448031932198496, -0.1582350387202809, 0.041932069575079466, 0.13072432058970448, 0.13760377019627001, 0.21060128174623166, 0.19678254944426915, 0.14300961616016075, -0.011402754363714884, 0.09903874713714131, -0.06428720407149179, -0.07500281864436859, -0.09800793217622003, -0.14361427563724982, -0.153248263430209, -0.11261307222911801, -0.08394991621242667, 0.17359962916971403, -0.0273689079813439, -0.01921608005665768, -0.056624215287012405, -0.07797757097522358, -0.07979439395261342, -0.03452000477211403, 0.13561893400808372, -0.04393444187872742, -0.07596042907823441, -0.07706798679706725, -0.07168941564641729, -0.05308558993302419, 0.1259391607462595, -0.11629410573555028, -0.12240563200814808, -0.10154093690791495, -0.06122014410536168, 0.11006276050212326, -0.18452626244563472, -0.1906303352342958, -0.1291502857064443, 0.06312868513797093, -0.12390522735877037, -0.09639300265279596, 0.11858737409176992, -0.06187183158636532, 0.13861863376068184], [-0.1582350387202809, 0.5912149528866221, 0.07242011557419077, 0.06255593096173676, 0.05110126674903413, 0.03628975292878751, 0.03590782292746339, 0.05295938799885673, 0.0729646944942205, -0.12321280083636686, -0.05496360315642744, -0.05640966198834813, -0.05976139524254657, -0.06931591064844433, -0.06994057973068353, -0.06483895497954645, -0.05939008487976565, -0.058336582703651385, 0.004665093317891808, 0.0075223074977531085, 0.01149248067075416, 0.012142431889853152, 0.010051777074348416, 0.00644163709685543, -0.054562301144775754, 0.010549222389726325, 0.014730213570766903, 0.014958181247903459, 0.012428768997772966, 0.008787575634539831, -0.05089766649922899, 0.01699184290278209, 0.01680322866834128, 0.015200936252980933, 0.01146457911900815, -0.0449740640005782, 0.01665033296564265, 0.01668616202751031, 0.013002829790521695, -0.04473421733526546, 0.016034407843823272, 0.012699644938919652, -0.04818017208272378, 0.012127583441223088, -0.054057868753403494], [0.041932069575079466, 0.07242011557419077, 0.6996723594206509, 0.18036734298973134, 0.16846540792310166, 0.1355214853714212, 0.11492858728114551, 0.11440765673916882, 0.1326215121859864, -0.07709049346546261, -0.07323254486645979, -0.006295027275880318, -0.01037659590259897, -0.01715262356545288, -0.019586948797901925, -0.012008241734918178, -0.010298296270558826, -0.12396577138058257, -0.07079795117997542, -0.07147668657249995, -0.08110286353236469, -0.0837033151118895, -0.08161551630086122, -0.06973466559688724, -0.06609370223992586, -0.0019448142496974723, -0.002860828799092722, -0.0018753353160101645, -0.0014398015123578975, -0.003668425573921239, -0.06682676920702296, -0.00952811081673422, -0.009721782118822101, -0.006125533474282377, -0.004462896024751765, -0.06418752639994124, -0.01632786427327361, -0.01764026643677445, -0.013592669119732944, -0.07038867354519918, -0.00491490693554631, -0.007198291535559782, -0.06310088912779124, -0.000864898349060718, -0.06655766710696441], [0.13072432058970448, 0.06255593096173676, 0.18036734298973134, 0.6823548026591402, 0.16305644843836328, 0.138935829504679, 0.129768374155639, 0.12999137079057801, 0.12428518925625183, -0.0735475703362568, -0.008244187901932265, -0.07699975272479163, -0.014415147987136862, -0.023757846543861198, -0.027142545195496647, -0.01766612500021853, -0.013972742438608595, -0.05431338090115329, -0.06467396967008385, 0.0021339687670893595, -0.003035354512244357, -0.008350233718335515, -0.009718761255659425, -0.001979051543082861, -0.12211916724483012, -0.0708729120894889, -0.08050070510946616, -0.0808443541996963, -0.0780134961064912, -0.07101176510172208, -0.059853835599389775, -0.01252782273161568, -0.014638869398016433, -0.010495280260793764, -0.0049956974325595285, -0.058938518415358104, -0.025361486523994854, -0.027725515881458457, -0.018306842445218997, -0.06899041866358528, -0.012421929121910529, -0.010987640794498101, -0.059176361468239264, -0.0032301799452966423, -0.059997689998546655], [0.13760377019627001, 0.05110126674903413, 0.16846540792310166, 0.16305644843836328, 0.6507219987740914, 0.1141956250616772, 0.10343995633770817, 0.10811058815466741, 0.11066593000701747, -0.0660157479770506, -0.006630193799191402, -0.007252042979701903, -0.0799936125386421, -0.020165892686421612, -0.023416804042857065, -0.014058463149502005, -0.011002187935799624, -0.049809422773269364, -0.0023316798651246604, -0.06164651173282384, -0.0018705557333291315, -0.006527353990997888, -0.008341529761949778, -0.0017631385382011193, -0.05373194701533551, -0.06721993011611077, -0.0019913542229273843, -0.0022358737803196424, -0.002666994914818515, -0.0032931533747862047, -0.11897078736773088, -0.08561944828685178, -0.08726611767842658, -0.08087544002585567, -0.07015091218244, -0.0506099617866354, -0.019680420575474273, -0.022461830397021505, -0.01480646077411354, -0.06031020174056988, -0.007244828835783212, -0.007460821833572366, -0.05146033377176488, -0.0003153301282229189, -0.05349434739946697], [0.21060128174623166, 0.03628975292878751, 0.1355214853714212, 0.138935829504679, 0.1141956250616772, 0.6425620005530254, 0.0881902013646024, 0.06994555734165366, 0.07196403854804534, -0.05538756280255157, -0.00649204981782163, -0.00715602262147408, -0.01109443720261633, -0.09319426153455755, -0.02567910272817967, -0.014226872067476115, -0.010394885450492431, -0.03673976975594992, -0.00035290883973888404, 0.005515003682352888, -0.06850737855559033, -0.004978015224136997, -0.005325524305178116, 0.0015777180582528187, -0.0420072395111882, 0.002509044152354568, -0.07352911445759006, -0.0010066276284929814, 0.0007024183750991501, -0.000275010082786074, -0.04056940284105245, -0.08278409727785947, -0.00887569211513912, -0.0029206121199136636, 0.0012917901463351134, -0.1130422949862865, -0.10332212492015033, -0.1009355318919817, -0.0843861101680912, -0.04943120396171626, -0.004580190070611288, -0.004570717302466939, -0.037613536038304814, 0.004861390618702743, -0.040645791406846495], [0.19678254944426915, 0.03590782292746339, 0.11492858728114551, 0.129768374155639, 0.10343995633770817, 0.0881902013646024, 0.5999729753550661, 0.10443189710064628, 0.08882047822428975, -0.05534262290449009, -0.0055319303261619, -0.006288644030594026, -0.010073722214576409, -0.020856964717064195, -0.09459626937699253, -0.01431234482515051, -0.01049251362926765, -0.034998793849547224, 0.0020228181760781317, 0.007980391576473405, 0.003248804643242054, -0.06837384038723215, -0.00636365702933474, 0.0011483351427974372, -0.04120033214706456, 0.003781829858328765, 0.0007836951785679243, -0.0687202391620956, -0.0025582937707386228, -0.001765116838417357, -0.03951725046323659, -0.0047208082510255146, -0.07923479607392825, -0.005390814205932817, 5.173467147465571e-05, -0.037235923784747216, -0.0970850997934059, -0.0239045702820468, -0.013788053079959771, -0.12054380756949103, -0.08256751958190887, -0.07495584256304613, -0.0404659637521257, 0.0003903541283766663, -0.04115092323630596], [0.14300961616016075, 0.05295938799885673, 0.11440765673916882, 0.12999137079057801, 0.10811058815466741, 0.06994555734165366, 0.10443189710064628, 0.6269863273918371, 0.10513297241160914, -0.058954060742774275, -0.004286404208571137, -0.005307482104392691, -0.008853814936591467, -0.018398623887982878, -0.022027657984929457, -0.0830835694550151, -0.009589023724880996, -0.04105663539539769, 0.0031558384480318306, 0.008208347829090292, 0.006274868554348756, -0.0021216268458916832, -0.07052828696217281, 0.0009788140521766325, -0.04650623878277266, 0.004145733399784086, 0.00406699420592342, -0.0006458324488224353, -0.07079118813985225, -0.0020663362439020745, -0.0451317662608708, -0.0014158121960345803, -0.00715649609127107, -0.07712662857019972, -0.0007182136737190367, -0.040637993189279215, -0.015739219175061773, -0.09824324007574098, -0.011634581500081424, -0.05390938062145295, -0.0869019486387243, -0.007253950601265921, -0.11547899739767062, -0.0696336587593458, -0.04748565888370074], [-0.011402754363714884, 0.0729646944942205, 0.1326215121859864, 0.12428518925625183, 0.11066593000701747, 0.07196403854804534, 0.08882047822428975, 0.10513297241160914, 0.6202928667339986, -0.06625155378560926, -4.0858009985379e-05, 0.00027113050421288316, -0.002309939839536281, -0.008479112725696672, -0.010782907941818434, -0.005231672759748725, -0.07216453325407045, -0.05723383555107834, 0.0015426084006325486, 0.00464306214391423, 0.0054636779666988, 0.0010899018316287402, -0.0014026476452850087, -0.0628561176006713, -0.05765893046029399, 0.004793853364787044, 0.00698785134126279, 0.004514509072278865, 0.00242955978986772, -0.06627031529041018, -0.05633716065387027, 0.003612746112862796, 0.0004060687019372138, 0.0007696852265838435, -0.06870368055555555, -0.05111568322623744, -0.00343613011680215, -0.005843974215103244, -0.08075427913604313, -0.058303408944810085, -0.00010095228963494452, -0.07771756743138579, -0.05585543224182172, -0.07145717848516166, -0.12272972555888198], [0.09903874713714131, -0.12321280083636686, -0.07709049346546261, -0.0735475703362568, -0.0660157479770506, -0.05538756280255157, -0.05534262290449009, -0.058954060742774275, -0.06625155378560926, 0.20414818339907223, -0.013758752054131384, -0.015667068201068026, -0.018024908242127078, -0.022399677840636314, -0.02266785517847476, -0.019594014046758194, -0.015333293749065127, 0.045968081915131916, -0.0008074358602844436, -0.0021765081879761587, -0.0025070950458276654, -0.0017828711595306598, -0.0004801301635014798, -0.0008817371222043336, 0.04581558239458599, -0.0019318307638067208, -0.002682321228416913, -0.002797524787473515, -0.0016240169072265847, -0.0008127033721966938, 0.044444612889907975, -0.0029874598284025744, -0.0030082773821042013, -0.0019203728782570923, -0.0016204034872193272, 0.0404190984138658, -0.004524987194117251, -0.00146038564806868, -0.0012211605193731799, 0.040901132638210685, -0.004431928018143094, -0.0028521560687036923, 0.04299496021851666, -0.0024404124739152194, 0.04544537875499822], [-0.06428720407149179, -0.05496360315642744, -0.07323254486645979, -0.008244187901932265, -0.006630193799191402, -0.00649204981782163, -0.0055319303261619, -0.004286404208571137, -4.0858009985379e-05, -0.013758752054131384, 0.22111924587307574, 0.004599156279745949, 0.006096363068388259, 0.0068334642738421365, 0.006491054953234682, 0.005033939183340286, 0.00433183069990881, -0.017682811929731635, 0.0030702887445807807, 0.0034001340465450677, 0.003655905082507098, 0.004146215952874957, 0.0030846829367448605, 0.0018290701570391134, -0.0007688573028730094, 0.0002512891817061558, 1.707571227062185e-05, -0.00024108664620203985, -0.00020163454542817405, 0.0005892361940558525, -0.000320373848332981, 0.0017619890681455069, 0.0015552846979229784, 0.0008867039336582405, 0.0010093402236798633, -0.0009266309474282429, 0.0009332836225502316, 0.001623721473087305, 0.002011162835733892, -0.0006551101689736393, -0.0016012024299752446, 0.00029680374050507544, -0.0024035509585421198, -0.0006334030423858582, -0.0012277679984725148], [-0.07500281864436859, -0.05640966198834813, -0.006295027275880318, -0.07699975272479163, -0.007252042979701903, -0.00715602262147408, -0.006288644030594026, -0.005307482104392691, 0.00027113050421288316, -0.015667068201068026, 0.004599156279745949, 0.22072850743935085, 0.006912946515215271, 0.0082533435310918, 0.008557575840031851, 0.006913708815652115, 0.004975061105359742, -0.002689759881763607, 0.0015336689505547482, -0.000976149712385598, -0.00046119319804891254, 0.0006482988156294141, 0.0010762722759426544, -0.00011453615548849552, -0.018280723020301308, 0.0018276237360525891, 0.0014113989683591814, 0.0015846616656991293, 0.001225705862142103, 0.00045548780281507367, -0.0012464657026122715, 0.0009899363299834172, 0.0013532068778940953, 0.0010172108262027802, 0.0002839510457413275, -0.001681507527471805, 0.0015011347492175165, 0.002800495086406033, 0.0016776349786052284, 0.00015210419425215556, -0.00012249821102445048, 0.00020946848736060192, -0.0017617565151191608, -0.0005784464870541395, -0.0019386551384323722], [-0.09800793217622003, -0.05976139524254657, -0.01037659590259897, -0.014415147987136862, -0.0799936125386421, -0.01109443720261633, -0.010073722214576409, -0.008853814936591467, -0.002309939839536281, -0.018024908242127078, 0.006096363068388259, 0.006912946515215271, 0.22003081567460064, 0.00971735985941361, 0.009932264261488072, 0.008196475369922853, 0.006343123079716598, -0.0032075653969176683, 0.0007248605306789441, 0.0009501914203123925, 0.0001876408664094091, 0.0015423443812609893, 0.002223426734389446, 0.0006384152912084282, -0.001795295343191722, 0.0017920058468976336, -0.00019753506562516132, -0.0002193872049510613, 0.00040098180841467316, 0.0008490796836268089, -0.02100326449368553, 0.0003899900811686987, 0.0004293061276141362, 0.00046182549416772244, -0.0004451600929196468, -0.003986040112964941, 0.00019798781720641013, 0.002977292488814903, 0.0022327953636240277, -0.0020869236712355846, -0.0015981186533320431, -0.00010178218301260366, -0.003155093539044801, -0.0009456027922596609, -0.0023463722863841458], [-0.14361427563724982, -0.06931591064844433, -0.01715262356545288, -0.023757846543861198, -0.020165892686421612, -0.09319426153455755, -0.020856964717064195, -0.018398623887982878, -0.008479112725696672, -0.022399677840636314, 0.0068334642738421365, 0.0082533435310918, 0.00971735985941361, 0.23123454111159528, 0.012505636789614478, 0.00891539909258467, 0.006696991384754204, -0.004814899493442664, 0.00044411748577620643, -0.0019496299345544723, 0.003835352486610073, 0.000988043207792229, 0.0018951042329200458, -0.00039757080300625077, -0.002398658193789821, -0.000792401264358101, 0.005189572247506139, -0.0008308526013763388, -0.00038823540048027537, 0.0002272236871437125, -0.003247401486210999, 0.007247794980133997, -6.51126422465479e-05, -0.0005972037403833185, -0.0012375313027509986, -0.018451772997748604, 0.00988429624973829, 0.010770494234972453, 0.007071780873081323, -0.004328761354127891, -0.004762650979390991, -0.0023967485113896726, -0.007001545347253546, -0.004089446060107547, -0.004742830887777141], [-0.153248263430209, -0.06994057973068353, -0.019586948797901925, -0.027142545195496647, -0.023416804042857065, -0.02567910272817967, -0.09459626937699253, -0.022027657984929457, -0.010782907941818434, -0.02266785517847476, 0.006491054953234682, 0.008557575840031851, 0.009932264261488072, 0.012505636789614478, 0.23185966793422927, 0.011305740435457557, 0.00790566770851936, -0.005864272158498993, -0.00040721216942986424, -0.003097629079185557, -0.0019213268303398556, 0.004153206197993344, 0.0024162520540039036, -0.0006105696064969316, -0.0024578711960921286, -0.001133819672942101, -0.0006702821478399121, 0.004197558272671426, 0.0010312306349080814, 0.0008650925230143218, -0.003434687118708238, -0.00013287517496360688, 0.00651196657749103, 0.0015312909011711325, -0.0003346139485450013, -0.007354944691810365, 0.008761627440493296, 0.006526225819482064, 0.003464658316360539, -0.016914303557008264, 0.005739515458355989, 0.0041833795375659085, -0.0033392987576940786, -0.000942992947335333, -0.0032744063649574676], [-0.11261307222911801, -0.06483895497954645, -0.012008241734918178, -0.01766612500021853, -0.014058463149502005, -0.014226872067476115, -0.01431234482515051, -0.0830835694550151, -0.005231672759748725, -0.019594014046758194, 0.005033939183340286, 0.006913708815652115, 0.008196475369922853, 0.00891539909258467, 0.011305740435457557, 0.22349108634784767, 0.007170439315763052, -0.005449204142558253, -0.0008746377305148802, -0.0031101306680438867, -0.003518825706009198, -0.000815049624029517, 0.0033356975790881957, -0.0008473143885396172, -0.0027100016468937804, -0.001418192634616858, -0.0024122596859257957, -0.0009087324238822505, 0.0032287794448613975, 0.000539075228743266, -0.0032175099915786915, -0.002380088748433574, 6.682775216539516e-05, 0.003490346461334572, -0.00016038793730498212, -0.00856535492024989, -0.0017635748400983233, 0.0053110595519793346, 0.0014492688777890596, -0.0016552378980686227, 0.0025340062631922346, 0.0008363466878640444, -0.020256672820792396, 0.0008257320508242282, -0.002146511678037102], [-0.08394991621242667, -0.05939008487976565, -0.010298296270558826, -0.013972742438608595, -0.011002187935799624, -0.010394885450492431, -0.01049251362926765, -0.009589023724880996, -0.07216453325407045, -0.015333293749065127, 0.00433183069990881, 0.004975061105359742, 0.006343123079716598, 0.006696991384754204, 0.00790566770851936, 0.007170439315763052, 0.21733968593381947, -0.0033029145718545573, -0.0004747000385684561, -0.0016477555148885013, -0.0016135920327275777, 0.0003137658659923381, 0.0014807174309245236, 0.0012002774274261672, -0.0019889428190346527, -0.001133030729368021, -0.00190485866574828, -0.0010745610103767669, 3.937125830995119e-05, 0.001766770571416797, -0.0017623457325295663, -0.0009952640608757969, 0.0004363961315580797, 0.001105990729563192, 0.0007549328474964497, -0.005415954042588592, -0.0010679098049739216, 0.0026401771823155924, 0.0005467573847315412, -0.0012176054241916088, 0.00010664625947039062, -0.0004569910721441764, -0.001326165439219155, -0.0007365252537441231, -0.021002418499959073], [0.17359962916971403, -0.058336582703651385, -0.12396577138058257, -0.05431338090115329, -0.049809422773269364, -0.03673976975594992, -0.034998793849547224, -0.04105663539539769, -0.05723383555107834, 0.045968081915131916, -0.017682811929731635, -0.002689759881763607, -0.0032075653969176683, -0.004814899493442664, -0.005864272158498993, -0.005449204142558253, -0.0033029145718545573, 0.2146936270587835, -0.015635934377078053, -0.017800772706849807, -0.02356002250626262, -0.02453317411592591, -0.02274084666088684, -0.016117778327341327, 0.04817402661243623, -0.0017300529849634207, -0.00352329651706307, -0.003673472241084493, -0.0030017964066491303, -0.0016229938098479915, 0.04614411401697702, -0.0049558684921206814, -0.005090980694781341, -0.004291512078917468, -0.0025521371159388647, 0.04278912100901329, -0.007597218732657029, -0.007445255503934559, -0.004731859676686903, 0.04105761921457427, -0.007063252729672976, -0.00466572362839852, 0.043496294926422596, -0.003854147913372401, 0.0473705748086897], [-0.0273689079813439, 0.004665093317891808, -0.07079795117997542, -0.06467396967008385, -0.0023316798651246604, -0.00035290883973888404, 0.0020228181760781317, 0.0031558384480318306, 0.0015426084006325486, -0.0008074358602844436, 0.0030702887445807807, 0.0015336689505547482, 0.0007248605306789441, 0.00044411748577620643, -0.00040721216942986424, -0.0008746377305148802, -0.0004747000385684561, -0.015635934377078053, 0.21972961444012198, 0.0026431690428425, 0.00430994171572978, 0.0043962710591787845, 0.003859555011542938, 0.0026520389409100116, -0.013462050489459358, 0.000678141366930613, 0.0018719016694910221, 0.0026699466672096303, 0.0025912371232869077, 0.0009701085024549405, -0.00013654561638036422, 0.0006151478834378858, 0.0004701314190680555, 0.00025795402773068295, 0.0002950362856783794, -0.00030180078691757094, -8.755509900813934e-05, -0.0005351901679046153, 6.915064224182468e-05, -0.0009202593726852574, -0.000937648063989352, -0.0003034960741941406, -0.0010355294741722747, -0.0005072408576440223, -0.0003629173255803055], [-0.01921608005665768, 0.0075223074977531085, -0.07147668657249995, 0.0021339687670893595, -0.06164651173282384, 0.005515003682352888, 0.007980391576473405, 0.008208347829090292, 0.00464306214391423, -0.0021765081879761587, 0.0034001340465450677, -0.000976149712385598, 0.0009501914203123925, -0.0019496299345544723, -0.003097629079185557, -0.0031101306680438867, -0.0016477555148885013, -0.017800772706849807, 0.0026431690428425, 0.2212089023704756, 0.0060534747833430914, 0.006197184448157854, 0.005027764462964919, 0.0031593358356425817, -0.0010078107617470349, 0.0006243616271833856, -0.0007590704410174209, -0.0009066521241128762, -0.000823868387874954, -0.0003770214150095227, -0.014457116085924806, 0.0011737043442852611, 0.0016200074840575613, 0.0015584296192251918, 0.0007448892245964837, -0.001729763448756299, -0.0028340204423808494, -0.003095630972950417, -0.0011988802699171787, -0.002897933575524236, -0.003566711114378249, -0.0015442606037376742, -0.0026819030112644696, -0.0014682780263933842, -0.0013364257308283538], [-0.056624215287012405, 0.01149248067075416, -0.08110286353236469, -0.003035354512244357, -0.0018705557333291315, -0.06850737855559033, 0.003248804643242054, 0.006274868554348756, 0.0054636779666988, -0.0025070950458276654, 0.003655905082507098, -0.00046119319804891254, 0.0001876408664094091, 0.003835352486610073, -0.0019213268303398556, -0.003518825706009198, -0.0016135920327275777, -0.02356002250626262, 0.00430994171572978, 0.0060534747833430914, 0.22341710298311265, 0.008730696484851986, 0.009235057637416904, 0.005587984700634577, -0.0017986456291444151, 0.00014392255757973013, 0.0025664456234415363, -0.0005081185680054434, -0.0004328521251628246, 0.00012272755311042738, -0.0015780024896799435, 0.003978286736783099, 0.00045949796628474277, 1.6212045858720745e-05, 0.00040796096619435203, -0.013479903195605165, 0.005455193309808038, 0.005090120628811863, 0.0035794312335234615, -0.0027173922836277974, -0.004231056655419606, -0.0014973779247098135, -0.004747759689929047, -0.0023331493011546933, -0.0025936364213237006], [-0.07797757097522358, 0.012142431889853152, -0.0837033151118895, -0.008350233718335515, -0.006527353990997888, -0.004978015224136997, -0.06837384038723215, -0.0021216268458916832, 0.0010899018316287402, -0.0017828711595306598, 0.004146215952874957, 0.0006482988156294141, 0.0015423443812609893, 0.000988043207792229, 0.004153206197993344, -0.000815049624029517, 0.0003137658659923381, -0.02453317411592591, 0.0043962710591787845, 0.006197184448157854, 0.008730696484851986, 0.22688806039088438, 0.006758973636126786, 0.0040154396162694166, -0.0016188583062636314, 0.0004365207050434294, 0.0005956736670126744, 0.003247747622778574, 0.00022246548154570162, 0.0006897176881976898, -0.001170222997361595, 0.0023745224760945436, 0.005476317602119214, 0.0009641068712262368, 0.0010585363459380945, -0.0016215989610730472, 0.006778857609784581, 0.0018095818310202483, 0.0023056074022284375, -0.012659958330040594, 0.004054831671915056, 0.003674567984838442, -0.002684809446929631, -0.0006312546353888283, -0.002097193362781935], [-0.07979439395261342, 0.010051777074348416, -0.08161551630086122, -0.009718761255659425, -0.008341529761949778, -0.005325524305178116, -0.00636365702933474, -0.07052828696217281, -0.0014026476452850087, -0.0004801301635014798, 0.0030846829367448605, 0.0010762722759426544, 0.002223426734389446, 0.0018951042329200458, 0.0024162520540039036, 0.0033356975790881957, 0.0014807174309245236, -0.02274084666088684, 0.003859555011542938, 0.005027764462964919, 0.009235057637416904, 0.006758973636126786, 0.22242997557344985, 0.002600187191914284, -0.001086196183895272, 0.0005659143601434727, 0.0009680422930685671, 0.0007151825824430858, 0.002674092089878362, 0.0008898875607957888, -0.0005236690667172332, 0.003079418927091067, 0.0026026042431524185, 0.004040247778281117, 0.0013378154482854947, -0.001026681419834484, 0.0024214748243964923, 0.007239979441268562, 0.00306855394008208, 0.0005570426848406804, 0.005077309589101737, 0.0017724925889446015, -0.015560820789952672, 0.002301140226317362, -0.0012493613927151892], [-0.03452000477211403, 0.00644163709685543, -0.06973466559688724, -0.001979051543082861, -0.0017631385382011193, 0.0015777180582528187, 0.0011483351427974372, 0.0009788140521766325, -0.0628561176006713, -0.0008817371222043336, 0.0018290701570391134, -0.00011453615548849552, 0.0006384152912084282, -0.00039757080300625077, -0.0006105696064969316, -0.0008473143885396172, 0.0012002774274261672, -0.016117778327341327, 0.0026520389409100116, 0.0031593358356425817, 0.005587984700634577, 0.0040154396162694166, 0.002600187191914284, 0.21879825767881955, -0.0005301391566795502, 8.19851293307989e-05, -0.00019187819535234298, -0.00038622161400371014, -0.00038264670315279044, 0.0009463372069295307, -0.00034056758863675897, 0.0007909193037218633, 0.00048572425779902956, 0.0001304625781080895, 0.0011163915846888152, -0.0009730560756685311, -0.0008082294775191261, -0.0007354046389274451, 0.0024067727869068645, -0.0009833408668140345, -0.0011412379535567997, 0.002536277537455414, -0.0012962102114376104, 0.0021427580703764202, -0.015339818523852052], [0.13561893400808372, -0.054562301144775754, -0.06609370223992586, -0.12211916724483012, -0.05373194701533551, -0.0420072395111882, -0.04120033214706456, -0.04650623878277266, -0.05765893046029399, 0.04581558239458599, -0.0007688573028730094, -0.018280723020301308, -0.001795295343191722, -0.002398658193789821, -0.0024578711960921286, -0.0027100016468937804, -0.0019889428190346527, 0.04817402661243623, -0.013462050489459358, -0.0010078107617470349, -0.0017986456291444151, -0.0016188583062636314, -0.001086196183895272, -0.0005301391566795502, 0.20602993203986694, -0.018877811217809987, -0.023879519977264715, -0.023929507138570547, -0.021815685939009948, -0.016985826153932883, 0.045174557905425114, -0.0030286119545386765, -0.0029748715786599754, -0.002676148258032475, -0.001826575710741767, 0.04262711540030265, -0.003898613438347197, -0.0034102503964406903, -0.002490501447523827, 0.04243560736997999, -0.004120827498133471, -0.0029232099479377673, 0.04352989593112595, -0.002849678580053853, 0.04597560101967063], [-0.04393444187872742, 0.010549222389726325, -0.0019448142496974723, -0.0708729120894889, -0.06721993011611077, 0.002509044152354568, 0.003781829858328765, 0.004145733399784086, 0.004793853364787044, -0.0019318307638067208, 0.0002512891817061558, 0.0018276237360525891, 0.0017920058468976336, -0.000792401264358101, -0.001133819672942101, -0.001418192634616858, -0.001133030729368021, -0.0017300529849634207, 0.000678141366930613, 0.0006243616271833856, 0.00014392255757973013, 0.0004365207050434294, 0.0005659143601434727, 8.19851293307989e-05, -0.018877811217809987, 0.22121082714300785, 0.00420992342110604, 0.004499887391509834, 0.003828637821483444, 0.0020328064690434515, -0.01719099498131973, 0.003306934533434677, 0.0034752428631528577, 0.002976954798737628, 0.0017080345028437202, -0.0017890653816267496, -0.0007662752197956274, -0.00046715565323918645, -0.0002458091311661185, -0.00156903376678293, -0.0014426507446370699, -0.0008497316187248602, -0.002136109493470425, -0.0010645220656381185, -0.0018180938325093236], [-0.07596042907823441, 0.014730213570766903, -0.002860828799092722, -0.08050070510946616, -0.0019913542229273843, -0.07352911445759006, 0.0007836951785679243, 0.00406699420592342, 0.00698785134126279, -0.002682321228416913, 1.707571227062185e-05, 0.0014113989683591814, -0.00019753506562516132, 0.005189572247506139, -0.0006702821478399121, -0.0024122596859257957, -0.00190485866574828, -0.00352329651706307, 0.0018719016694910221, -0.0007590704410174209, 0.0025664456234415363, 0.0005956736670126744, 0.0009680422930685671, -0.00019187819535234298, -0.023879519977264715, 0.00420992342110604, 0.22369684880380816, 0.005837095990812621, 0.006259011264155484, 0.0035543560816207777, -0.0024286582823282435, 0.005734544065045152, 0.0004844909976149135, -5.9411122554360666e-05, -0.0005122765913688327, -0.015736731579686285, 0.00833502868382541, 0.008042639989437246, 0.005204058054097354, -0.0016979578197727305, -0.002271342705390707, -0.0014174293239156525, -0.004051010344280584, -0.0024502937641236984, -0.0035526380443804823], [-0.07706798679706725, 0.014958181247903459, -0.0018753353160101645, -0.0808443541996963, -0.0022358737803196424, -0.0010066276284929814, -0.0687202391620956, -0.0006458324488224353, 0.004514509072278865, -0.002797524787473515, -0.00024108664620203985, 0.0015846616656991293, -0.0002193872049510613, -0.0008308526013763388, 0.004197558272671426, -0.0009087324238822505, -0.0010745610103767669, -0.003673472241084493, 0.0026699466672096303, -0.0009066521241128762, -0.0005081185680054434, 0.003247747622778574, 0.0007151825824430858, -0.00038622161400371014, -0.023929507138570547, 0.004499887391509834, 0.005837095990812621, 0.22556367336100488, 0.004299043125167326, 0.0026048994073995693, -0.0024803531573275904, 0.00028178422218223267, 0.00559558490811245, 0.0003586530514810568, -0.0002816789703035076, -0.0030746577916335857, 0.00729131386207638, 0