{
    "name": "Total Decomposition",
    "rational_expression": "1683*x1**4/10000 - 3833*x1**3*x2/100000 - 2229*x1**3*x3/50000 - 4519*x1**3*x4/100000 - 3757*x1**3*x5/100000 - 3179*x1**3*x6/100000 - 751*x1**3*x7/25000 - 1771*x1**3*x8/50000 - 2131*x1**3/10000 + 2593*x1**2*x2**2/10000 + 321*x1**2*x2*x3/1250000 + 5341*x1**2*x2*x4/100000000 + 1991*x1**2*x2*x5/5000000 + 1369*x1**2*x2*x6/1000000 + 639*x1**2*x2*x7/500000 - 3007*x1**2*x2*x8/1000000 - 1017*x1**2*x2/5000 + 2597*x1**2*x3**2/10000 - 17*x1**2*x3*x4/20000 + 1749*x1**2*x3*x5/1000000 + 401*x1**2*x3*x6/250000 + 601*x1**2*x3*x7/500000 - 2257*x1**2*x3*x8/500000 - 501*x1**2*x3/2500 + 1303*x1**2*x4**2/5000 + 301*x1**2*x4*x5/200000 + 1519*x1**2*x4*x6/1000000 + 1071*x1**2*x4*x7/1000000 - 107*x1**2*x4*x8/15625 - 2063*x1**2*x4/10000 + 1299*x1**2*x5**2/5000 + 777*x1**2*x5*x6/500000 + 179*x1**2*x5*x7/125000 - 1773*x1**2*x5*x8/1000000 - 2027*x1**2*x5/10000 + 2633*x1**2*x6**2/10000 + 207*x1**2*x6*x7/100000 - 819*x1**2*x6*x8/1250000 - 21*x1**2*x6/100 + 2623*x1**2*x7**2/10000 - 1261*x1**2*x7*x8/5000000 - 1059*x1**2*x7/5000 + 1311*x1**2*x8**2/5000 - 533*x1**2*x8/2500 + 7361*x1**2/10000 - 411*x1*x2**3/12500 - 7739*x1*x2**2*x3/10000000 - 57*x1*x2**2*x4/50000 + 3959*x1*x2**2*x5/10000000 + 211*x1*x2**2*x6/200000 + 4017*x1*x2**2*x7/5000000 - 163*x1*x2**2*x8/50000 - 1057*x1*x2**2/5000 + 4113*x1*x2*x3**2/1000000 + 1407*x1*x2*x3*x4/10000000 - 157*x1*x2*x3*x5/500000 - 763*x1*x2*x3*x6/2500000 + 1793*x1*x2*x3*x7/10000000 + 943*x1*x2*x3*x8/2500000 - 1383*x1*x2*x3/200000 + 9481*x1*x2*x4**2/1000000 - 2587*x1*x2*x4*x5/10000000 - 1581*x1*x2*x4*x6/10000000 + 4227*x1*x2*x4*x7/10000000 - 1373*x1*x2*x4*x8/10000000 - 1607*x1*x2*x4/100000 - 339*x1*x2*x5**2/100000 - 1613*x1*x2*x5*x6/10000000 - 309*x1*x2*x5*x7/2500000 + 381*x1*x2*x5*x8/2000000 + 4129*x1*x2*x5/1000000 - 383*x1*x2*x6**2/125000 + 37*x1*x2*x6*x7/312500 - 707*x1*x2*x6*x8/5000000 + 703*x1*x2*x6/500000 - 1727*x1*x2*x7**2/500000 - 687*x1*x2*x7*x8/5000000 + 3297*x1*x2*x7/1000000 + 383*x1*x2*x8**2/62500 + 537*x1*x2*x8/2500000 + 3843*x1*x2/100000 - 2877*x1*x3**3/100000 + 6577*x1*x3**2*x4/1000000 + 5963*x1*x3**2*x5/1000000 + 76*x1*x3**2*x6/15625 + 2319*x1*x3**2*x7/500000 + 2389*x1*x3**2*x8/1000000 - 447*x1*x3**2/2000 + 1009*x1*x3*x4**2/100000 + 1431*x1*x3*x4*x5/100000000 - 4673*x1*x3*x4*x6/100000000 - 1371*x1*x3*x4*x7/250000000 + 3319*x1*x3*x4*x8/10000000 - 3087*x1*x3*x4/100000 - 3221*x1*x3*x5**2/1000000 + 577*x1*x3*x5*x6/5000000 - 283*x1*x3*x5*x7/25000000 - 1371*x1*x3*x5*x8/250000000 - 9503*x1*x3*x5/1000000 - 287*x1*x3*x6**2/125000 - 2221*x1*x3*x6*x7/10000000 + 1357*x1*x3*x6*x8/10000000 - 17*x1*x3*x6/2000 - 1741*x1*x3*x7**2/500000 - 1299*x1*x3*x7*x8/10000000 - 4717*x1*x3*x7/1000000 + 6847*x1*x3*x8**2/1000000 - 8447*x1*x3*x8/1000000 - 6271*x1*x3/100000 - 689*x1*x4**3/25000 + 521*x1*x4**2*x5/50000 + 8053*x1*x4**2*x6/1000000 + 127*x1*x4**2*x7/15625 + 421*x1*x4**2*x8/100000 - 2259*x1*x4**2/10000 - 99*x1*x4*x5**2/31250 + 5341*x1*x4*x5*x6/100000000 + 651*x1*x4*x5*x7/5000000 - 5283*x1*x4*x5*x8/10000000 - 54*x1*x4*x5/3125 - 1097*x1*x4*x6**2/500000 + 599*x1*x4*x6*x7/12500000 - 887*x1*x4*x6*x8/2000000 - 371*x1*x4*x6/25000 - 3533*x1*x4*x7**2/1000000 - 649*x1*x4*x7*x8/2000000 - 1049*x1*x4*x7/100000 + 1477*x1*x4*x8**2/250000 - 781*x1*x4*x8/100000 - 1379*x1*x4/10000 - 657*x1*x5**3/20000 + 3527*x1*x5**2*x6/10000000 - 671*x1*x5**2*x7/2000000 - 1159*x1*x5**2*x8/200000 - 107*x1*x5**2/500 - 7*x1*x5*x6**2/6250 + 217*x1*x5*x6*x7/10000000 - 1073*x1*x5*x6*x8/10000000 - 1013*x1*x5*x6/500000 - 1417*x1*x5*x7**2/1000000 + 29*x1*x5*x7*x8/156250 + 4189*x1*x5*x7/10000000 + 833*x1*x5*x8**2/125000 + 509*x1*x5*x8/10000000 + 2111*x1*x5/50000 - 781*x1*x6**3/25000 - 4703*x1*x6**2*x7/5000000 - 5557*x1*x6**2*x8/1000000 - 431*x1*x6**2/2000 - 1321*x1*x6*x7**2/2000000 - 147*x1*x6*x7*x8/500000 - 223*x1*x6*x7/200000 + 699*x1*x6*x8**2/125000 + 79*x1*x6*x8/500000 + 8019*x1*x6/100000 - 3067*x1*x7**3/100000 - 5381*x1*x7**2*x8/1000000 - 2131*x1*x7**2/10000 + 2927*x1*x7*x8**2/500000 - 1169*x1*x7*x8/10000000 + 1079*x1*x7/10000 - 2811*x1*x8**3/100000 - 1053*x1*x8**2/5000 - 143*x1*x8/4000 - 1717*x1/25000 + 1641*x2**4/10000 - 43*x2**3*x3/1000 - 541*x2**3*x4/12500 - 227*x2**3*x5/6250 - 149*x2**3*x6/5000 - 729*x2**3*x7/25000 - 3431*x2**3*x8/100000 - 513*x2**3/2500 + 1311*x2**2*x3**2/5000 + 247*x2**2*x3*x4/100000 + 167*x2**2*x3*x5/40000 + 2743*x2**2*x3*x6/1000000 + 629*x2**2*x3*x7/250000 - 2937*x2**2*x3*x8/1000000 - 2139*x2**2*x3/10000 + 2633*x2**2*x4**2/10000 + 4199*x2**2*x4*x5/1000000 + 349*x2**2*x4*x6/125000 + 339*x2**2*x4*x7/125000 - 1223*x2**2*x4*x8/250000 - 561*x2**2*x4/2500 + 1301*x2**2*x5**2/5000 + 221*x2**2*x5*x6/100000 + 2171*x2**2*x5*x7/1000000 - 1843*x2**2*x5*x8/10000000 - 211*x2**2*x5/1000 + 1311*x2**2*x6**2/5000 + 317*x2**2*x6*x7/125000 + 9257*x2**2*x6*x8/10000000 - 2153*x2**2*x6/10000 + 2611*x2**2*x7**2/10000 + 4591*x2**2*x7*x8/10000000 - 539*x2**2*x7/2500 + 2619*x2**2*x8**2/10000 - 2201*x2**2*x8/10000 + 3603*x2**2/5000 - 3197*x2*x3**3/100000 + 1069*x2*x3**2*x4/100000 + 1677*x2*x3**2*x5/200000 + 711*x2*x3**2*x6/125000 + 5619*x2*x3**2*x7/1000000 + 511*x2*x3**2*x8/125000 - 2287*x2*x3**2/10000 + 93*x2*x3*x4**2/6250 - 1051*x2*x3*x4*x5/2000000 - 6223*x2*x3*x4*x6/10000000 - 4067*x2*x3*x4*x7/10000000 - 887*x2*x3*x4*x8/2500000 - 2773*x2*x3*x4/50000 + 1291*x2*x3*x5**2/10000000 + 751*x2*x3*x5*x6/50000000 + 5031*x2*x3*x5*x7/100000000 + 3433*x2*x3*x5*x8/100000000 - 1327*x2*x3*x5/50000 - 3421*x2*x3*x6**2/10000000 - 551*x2*x3*x6*x7/2500000 - 5023*x2*x3*x6*x8/10000000 - 1523*x2*x3*x6/100000 - 137*x2*x3*x7**2/125000 - 3037*x2*x3*x7*x8/10000000 - 127*x2*x3*x7/10000 + 951*x2*x3*x8**2/100000 - 213*x2*x3*x8/10000 - 1041*x2*x3/20000 - 813*x2*x4**3/25000 + 1411*x2*x4**2*x5/100000 + 51*x2*x4**2*x6/5000 + 207*x2*x4**2*x7/20000 + 3457*x2*x4**2*x8/500000 - 569*x2*x4**2/2500 + 8869*x2*x4*x5**2/10000000 - 1907*x2*x4*x5*x6/10000000 - 83*x2*x4*x5*x7/625000 - 701*x2*x4*x5*x8/5000000 - 3853*x2*x4*x5/100000 + 5863*x2*x4*x6**2/10000000 + 71*x2*x4*x6*x7/200000 - 583*x2*x4*x6*x8/2500000 - 2713*x2*x4*x6/100000 - 2501*x2*x4*x7**2/5000000 - 2909*x2*x4*x7*x8/100000000 - 2473*x2*x4*x7/100000 + 8517*x2*x4*x8**2/1000000 - 1043*x2*x4*x8/50000 - 359*x2*x4/2000 - 1881*x2*x5**3/50000 + 829*x2*x5**2*x6/2000000 + 1481*x2*x5**2*x7/5000000 - 981*x2*x5**2*x8/250000 - 2113*x2*x5**2/10000 - 1519*x2*x5*x6**2/10000000 - 1043*x2*x5*x6*x7/25000000 - 259*x2*x5*x6*x8/1250000 - 643*x2*x5*x6/125000 - 7511*x2*x5*x7**2/10000000 - 497*x2*x5*x7*x8/2500000 - 3057*x2*x5*x7/1000000 + 4401*x2*x5*x8**2/500000 - 4721*x2*x5*x8/500000 + 6667*x2*x5/100000 - 1773*x2*x6**3/50000 + 9471*x2*x6**2*x7/100000000 - 1727*x2*x6**2*x8/500000 - 2097*x2*x6**2/10000 - 639*x2*x6*x7**2/2500000 + 41*x2*x6*x7*x8/400000 - 4453*x2*x6*x7/1000000 + 3821*x2*x6*x8**2/500000 - 1011*x2*x6*x8/100000 + 1253*x2*x6/10000 - 903*x2*x7**3/25000 - 3957*x2*x7**2*x8/1000000 - 2073*x2*x7**2/10000 + 7307*x2*x7*x8**2/1000000 - 9*x2*x7*x8/1250 + 563*x2*x7/5000 - 3251*x2*x8**3/100000 - 523*x2*x8**2/2500 - 4449*x2*x8/50000 + 2441*x2/10000 + 401*x3**4/2500 - 717*x3**3*x4/20000 - 3091*x3**3*x5/100000 - 2639*x3**3*x6/100000 - 519*x3**3*x7/20000 - 2999*x3**3*x8/100000 - 259*x3**3/1250 + 1337*x3**2*x4**2/5000 + 1123*x3**2*x4*x5/100000 + 7499*x3**2*x4*x6/1000000 + 3833*x3**2*x4*x7/500000 + 1939*x3**2*x4*x8/500000 - 2373*x3**2*x4/10000 + 327*x3**2*x5**2/1250 + 5801*x3**2*x5*x6/1000000 + 5251*x3**2*x5*x7/1000000 + 11*x3**2*x5*x8/2000 - 1153*x3**2*x5/5000 + 1307*x3**2*x6**2/5000 + 2307*x3**2*x6*x7/500000 + 5313*x3**2*x6*x8/1000000 - 2247*x3**2*x6/10000 + 163*x3**2*x7**2/625 + 5017*x3**2*x7*x8/1000000 - 563*x3**2*x7/2500 + 2639*x3**2*x8**2/10000 - 1149*x3**2*x8/5000 + 6273*x3**2/10000 - 29*x3*x4**3/800 + 387*x3*x4**2*x5/25000 + 533*x3*x4**2*x6/50000 + 1079*x3*x4**2*x7/100000 + 3623*x3*x4**2*x8/500000 - 453*x3*x4**2/2000 - 2713*x3*x4*x5**2/10000000 + 4387*x3*x4*x5*x6/50000000 - 4697*x3*x4*x5*x7/100000000 - 757*x3*x4*x5*x8/2500000 - 2641*x3*x4*x5/50000 - 1451*x3*x4*x6**2/1000000 - 1731*x3*x4*x6*x7/10000000 - 1259*x3*x4*x6*x8/10000000 - 3389*x3*x4*x6/100000 - 2499*x3*x4*x7**2/1000000 - 77*x3*x4*x7*x8/250000 - 3187*x3*x4*x7/100000 + 369*x3*x4*x8**2/40000 - 4037*x3*x4*x8/100000 - 1503*x3*x4/10000 - 543*x3*x5**3/12500 + 253*x3*x5**2*x6/250000 + 3987*x3*x5**2*x7/10000000 - 2669*x3*x5**2*x8/500000 - 43*x3*x5**2/200 + 349*x3*x5*x6**2/250000 - 121*x3*x5*x6*x7/500000 - 3109*x3*x5*x6*x8/10000000 - 409*x3*x5*x6/25000 + 7297*x3*x5*x7**2/10000000 + 993*x3*x5*x7*x8/5000000 - 131*x3*x5*x7/10000 + 261*x3*x5*x8**2/25000 - 1071*x3*x5*x8/50000 - 21*x3*x5/800 - 4061*x3*x6**3/100000 - 353*x3*x6**2*x7/2500000 - 4399*x3*x6**2*x8/1000000 - 128*x3*x6**2/625 - 1191*x3*x6*x7**2/5000000 - 19*x3*x6*x7*x8/50000 - 4017*x3*x6*x7/500000 + 167*x3*x6*x8**2/20000 - 1897*x3*x6*x8/100000 + 2053*x3*x6/25000 - 4139*x3*x7**3/100000 - 949*x3*x7**2*x8/200000 - 2023*x3*x7**2/10000 + x3*x7*x8**2/125 - 63*x3*x7*x8/4000 + 413*x3*x7/6250 - 3767*x3*x8**3/100000 - 521*x3*x8**2/2500 - 853*x3*x8/5000 + 247*x3/625 + 413*x4**4/2500 - 619*x4**3*x5/20000 - 161*x4**3*x6/6250 - 1263*x4**3*x7/50000 - 2803*x4**3*x8/100000 - 1003*x4**3/5000 + 1311*x4**2*x5**2/5000 + 503*x4**2*x5*x6/50000 + 4933*x4**2*x5*x7/500000 + 8157*x4**2*x5*x8/1000000 - 2251*x4**2*x5/10000 + 2619*x4**2*x6**2/10000 + 323*x4**2*x6*x7/40000 + 6823*x4**2*x6*x8/1000000 - 2229*x4**2*x6/10000 + 523*x4**2*x7**2/2000 + 6661*x4**2*x7*x8/1000000 - 1121*x4**2*x7/5000 + 166*x4**2*x8**2/625 - 23*x4**2*x8/100 + 6931*x4**2/10000 - 4333*x4*x5**3/100000 + 7611*x4*x5**2*x6/10000000 + 3693*x4*x5**2*x7/10000000 - 87*x4*x5**2*x8/12500 - 2221*x4*x5**2/10000 + 227*x4*x5*x6**2/200000 - 1327*x4*x5*x6*x7/5000000 - 5293*x4*x5*x6*x8/100000000 - 1169*x4*x5*x6/50000 + 227*x4*x5*x7**2/1250000 - 2329*x4*x5*x7*x8/10000000 - 2081*x4*x5*x7/100000 + 4593*x4*x5*x8**2/500000 - 2173*x4*x5*x8/100000 - 1023*x4*x5/10000 - 803*x4*x6**3/20000 + 3223*x4*x6**2*x7/10000000 - 353*x4*x6**2*x8/62500 - 2119*x4*x6**2/10000 - 2493*x4*x6*x7**2/10000000 - 7*x4*x6*x7*x8/50000 - 1573*x4*x6*x7/100000 + 1909*x4*x6*x8**2/250000 - 1801*x4*x6*x8/100000 + 1017*x4*x6/50000 - 829*x4*x7**3/20000 - 837*x4*x7**2*x8/125000 - 1047*x4*x7**2/5000 + 7167*x4*x7*x8**2/1000000 - 1411*x4*x7*x8/100000 - 6527*x4*x7/1000000 - 1843*x4*x8**3/50000 - 2107*x4*x8**2/10000 - 1693*x4*x8/10000 + 627*x4/2500 + 33*x5**4/200 - 3007*x5**3*x6/100000 - 2917*x5**3*x7/100000 - 1719*x5**3*x8/50000 - 51*x5**3/250 + 2629*x5**2*x6**2/10000 + 131*x5**2*x6*x7/100000 + 4679*x5**2*x6*x8/500000000 - 213*x5**2*x6/1000 + 2629*x5**2*x7**2/10000 - 3707*x5**2*x7*x8/5000000 - 2139*x5**2*x7/10000 + 2619*x5**2*x8**2/10000 - 1111*x5**2*x8/5000 + 383*x5**2/500 - 3447*x5*x6**3/100000 + 917*x5*x6**2*x7/10000000 - 313*x5*x6**2*x8/200000 - 26*x5*x6**2/125 - 2549*x5*x6*x7**2/10000000 + 6831*x5*x6*x7*x8/100000000 - 93*x5*x6*x7/40000 + 253*x5*x6*x8**2/31250 - 1311*x5*x6*x8/100000 + 903*x5*x6/5000 - 3487*x5*x7**3/100000 - 441*x5*x7**2*x8/250000 - 257*x5*x7**2/1250 + 29*x5*x7*x8**2/4000 - 9669*x5*x7*x8/1000000 + 7*x5*x7/40 - 799*x5*x8**3/25000 - 261*x5*x8**2/1250 - 7167*x5*x8/100000 + 1701*x5/5000 + 1709*x6**4/10000 - 2833*x6**3*x7/100000 - 3231*x6**3*x8/100000 - 2111*x6**3/10000 + 2657*x6**2*x7**2/10000 - 1261*x6**2*x7*x8/1000000 - 271*x6**2*x7/1250 + 2641*x6**2*x8**2/10000 - 277*x6**2*x8/1250 + 494*x6**2/625 - 2939*x6*x7**3/100000 - 657*x6*x7**2*x8/500000 - 2129*x6*x7**2/10000 + 3319*x6*x7*x8**2/500000 - 2259*x6*x7*x8/250000 + 183*x6*x7/1000 - 2743*x6*x8**3/100000 - 2141*x6*x8**2/10000 - 347*x6*x8/20000 + 2231*x6/10000 + 1717*x7**4/10000 - 3221*x7**3*x8/100000 - 2117*x7**3/10000 + 2629*x7**2*x8**2/10000 - 1101*x7**2*x8/5000 + 4043*x7**2/5000 - 2639*x7*x8**3/100000 - 1073*x7*x8**2/5000 + 2041*x7*x8/1000000 + 773*x7/5000 + 17*x8**4/100 - 2149*x8**3/10000 + 6799*x8**2/10000 - 2613*x8/10000 + 859/500",
    "Q": "[[1.7181909160593476, -0.13096903469897614, 0.07783920019227558, 0.11099854708162382, 0.17034432410962355, 0.12568709999708208, 0.19767466974277662, 0.12204173808297017, -0.034410066202185216, 0.09053573517118788, -0.06558155872267135, -0.07075882338741128, -0.08666974490504097, -0.13251596139422148, -0.12589315219912914, -0.09668602140780576, -0.08539966266687073, 0.1292099788230249, -0.038016158478795414, -0.03974102247351768, -0.08869129779110481, -0.07098835365998855, -0.053146421627486104, -0.041649704378902704, 0.11878570735836157, -0.04129611783854652, -0.08263356503596443, -0.06956874956153346, -0.05222227115882606, -0.05151296134530646, 0.10788912746457753, -0.12919881307940398, -0.11161576556954417, -0.07356199683883163, -0.0625278472330619, 0.09091378131815785, -0.15065227971276288, -0.15291854909367525, -0.12524853596998886, 0.0582534392990145, -0.11388314704336933, -0.0971444407256973, 0.10036939948354705, -0.06140962298452706, 0.11446901031354308], [-0.13096903469897614, 0.4978501755305635, 0.06612627444338207, 0.061832233822891255, 0.04977504078169666, 0.04762669298717445, 0.04020480520398893, 0.05147724094824389, 0.06783073720056412, -0.1071771972884591, -0.04796856994089656, -0.04828995558777967, -0.0513198344831753, -0.0598939352866634, -0.058150571234534015, -0.053438774145423126, -0.052075096158301123, -0.04951328755807829, 0.006713806624464974, 0.009227500573555205, 0.011172398701205913, 0.011697160230133178, 0.009827046352781876, 0.008139246582154376, -0.04850897446577146, 0.009865310168951575, 0.011937109235667313, 0.012494170277660756, 0.0104129193409115, 0.008598576525339253, -0.04496718375243737, 0.013450499738509007, 0.014602966593292462, 0.012814957677669546, 0.010247016008945366, -0.042286610041693574, 0.011649398449974353, 0.011624969092884773, 0.007994956068652383, -0.03987680124506021, 0.013252194269376474, 0.009740114257465475, -0.044471187133874455, 0.009633838123264326, -0.048241473443652705], [0.07783920019227558, 0.06612627444338207, 0.5511218129274146, 0.12943937125650132, 0.12682568876896702, 0.08621487819580827, 0.10373997634388825, 0.10965860079499508, 0.09519016112092119, -0.059136831076603516, -0.06062597074720376, -0.005229793321719529, -0.006961054188473974, -0.01646899114688903, -0.013946847675982465, -0.00947050776002506, -0.010215710147486984, -0.10605263775820352, -0.057541576231203, -0.0596559838918158, -0.06805752341108118, -0.06578311939699716, -0.061170652846602565, -0.057130362720737536, -0.05144193580355083, 0.0008374406729366572, -0.0032517583228125176, -0.0011423430779516949, -0.0002456862734929309, -0.0023122974251175037, -0.050908805600870646, -0.009306904499165667, -0.006231600824636174, -0.0019807463518221892, -0.002875780522749809, -0.05150458270340797, -0.011622106605497682, -0.013782755553778505, -0.013228632726643926, -0.05420313584589937, -0.006737937866654514, -0.007688574169300039, -0.05153825066145049, -0.0027343416900816883, -0.05315718093493306], [0.11099854708162382, 0.061832233822891255, 0.12943937125650132, 0.5530648497365062, 0.13155148391974958, 0.0925382415439673, 0.10985239617533245, 0.11401060403190483, 0.09155121933146192, -0.058582696010879495, -0.0060340161514465095, -0.062327597807307435, -0.00851652657747766, -0.01886650788968468, -0.016195706142028223, -0.011248037395856588, -0.011621182406623532, -0.049090944684871816, -0.05670993764154994, 4.69812732036229e-05, -0.00710049056605174, -0.003519153757909127, -0.001918164097614284, -0.001399388252159515, -0.10565428599146968, -0.05923900582524456, -0.0674559084526773, -0.06539263252833695, -0.06083566502060745, -0.05870278824481902, -0.04979352286271183, -0.012311182200984414, -0.008596422023136976, -0.003472246893778363, -0.003505143784620187, -0.0512862361349468, -0.015063655939938464, -0.017305419226000235, -0.015406611065040819, -0.054427936390075086, -0.009226952712172342, -0.009074664983741753, -0.05077869203619661, -0.003450197963080443, -0.05179349323924425], [0.17034432410962355, 0.04977504078169666, 0.12682568876896702, 0.13155148391974958, 0.549187562972465, 0.0778786787284781, 0.09833733083382411, 0.10702077169777116, 0.08301172426702418, -0.05272935237096441, -0.007051052635874564, -0.007776098769044451, -0.06605899214439202, -0.02055985817260719, -0.017603622950418504, -0.012102748786183979, -0.012277356280765256, -0.04327103150685628, -0.0023790310832244167, -0.05620647323144243, -0.007925278301591801, -0.003866197926998961, -0.0024639594234010863, -0.0018653617779230732, -0.04459191704664423, -0.056805882655176054, -0.00578450409393745, -0.0028383722233102835, -0.0017887007604099664, -0.0036482621403913823, -0.10183406487608743, -0.076295223277385, -0.07251035212609723, -0.06366910004948062, -0.060257785994604185, -0.04440827360916721, -0.015239317824498605, -0.018720131417303415, -0.01676186119898292, -0.04859463637107441, -0.009284372420167029, -0.00946310371241116, -0.0447220016061179, -0.003290892413793205, -0.04555861658679649], [0.12568709999708208, 0.04762669298717445, 0.08621487819580827, 0.0925382415439673, 0.0778786787284781, 0.5106421366413348, 0.07617339311404721, 0.06305462851176802, 0.0565005058254067, -0.04553279601980863, -0.0019174365517628646, -0.0024535278302512597, -0.0033511643524531676, -0.07319660412236227, -0.011871479879019736, -0.0062778155883082675, -0.007310224990919488, -0.03704445910148943, 0.002498487331851699, 0.006179577210003628, -0.060405861709541826, 0.00223358241601968, 0.004690499735561825, 0.0037018872881322395, -0.03816119120790794, 0.006031468457828697, -0.059968968524832016, 0.002657049461292601, 0.005091177942534148, 0.002269725903270813, -0.03512672694995442, -0.06788510581955438, -0.00029752661975692416, 0.005853554643169494, 0.003606699682604759, -0.10018091121687081, -0.07589929484186846, -0.07250814888515038, -0.06778571855931763, -0.03960555508703275, -0.0008095616265020232, -0.0023876578798928154, -0.03583164822800382, 0.0036558278092099507, -0.038790518913858], [0.19767466974277662, 0.04020480520398893, 0.10373997634388825, 0.10985239617533245, 0.09833733083382411, 0.07617339311404721, 0.5104888091362539, 0.08730551662660489, 0.06681830637223808, -0.04576600115741459, -0.005490320223858107, -0.006244316072674111, -0.007400671751930019, -0.020081457254815582, -0.07494816507202462, -0.010806671237150636, -0.011261168647623299, -0.03555217452699072, 3.0629282171793155e-05, 0.0034072063012054988, -0.006597989555798107, -0.05852730303058063, 0.0002449557275632216, 0.0003308874751181015, -0.037032086932101756, 0.003431629656154745, -0.004670346577788765, -0.05828853995551898, 0.0008138587226733774, -0.0015869691751459341, -0.03495236716278432, -0.011220997122263576, -0.06665137347591109, 0.0003341542426541167, -0.0007397748447405275, -0.037481943126746624, -0.07885448855856433, -0.017904187430801743, -0.01569445970439775, -0.10380696470862905, -0.06838351500247883, -0.06554280322011855, -0.03700281406872815, -0.0009453929550490257, -0.03827420296070768], [0.12204173808297017, 0.05147724094824389, 0.10965860079499508, 0.11401060403190483, 0.10702077169777116, 0.06305462851176802, 0.08730551662660489, 0.520899196566195, 0.08075593253268341, -0.05060855449779168, -0.0037890634933824053, -0.0043782234815294314, -0.0054669613560254515, -0.015781427777598188, -0.013124239323028487, -0.06563100860469262, -0.008960136880803929, -0.04251896968565297, 9.097235249590373e-05, 0.002508726986784515, -0.0031465078422287813, -0.0005726503952164557, -0.056249044645799336, 0.00012859339796212845, -0.04357425902848262, 0.002549808408712633, -0.0013333238856037093, 0.00018680329262944745, -0.05648466675201262, -0.0014128991453114222, -0.04206710765131546, -0.006808675281439781, -0.004179904080482473, -0.06065566967419704, -0.0010451887444385387, -0.04158287023602316, -0.009492116635039256, -0.07635122423192028, -0.01199834464442853, -0.04581601392059241, -0.069530834129258, -0.006275181798236867, -0.1024050004083353, -0.05814498332933387, -0.044617331226391915], [-0.034410066202185216, 0.06783073720056412, 0.09519016112092119, 0.09155121933146192, 0.08301172426702418, 0.0565005058254067, 0.06681830637223808, 0.08075593253268341, 0.5057668726358148, -0.05334080237780882, 0.0024848284313815586, 0.002657680179746786, 0.00225323266811705, -0.004978144955521645, -0.002726385901322225, -0.0001384718490990032, -0.058307653269866415, -0.04977175653866869, 0.003177078495853575, 0.0051845325703131434, 0.004315390120500969, 0.005201712897064758, 0.004296911561212996, -0.052410201781131024, -0.04928630452957034, 0.006035752289380925, 0.005962728617678368, 0.006462108804961196, 0.005221426364484936, -0.05336280149531854, -0.04699397009406889, 0.0042838674919427455, 0.005486300679727627, 0.005835279547753933, -0.05603287783892649, -0.04497992737657452, 0.00234102456292104, 0.0005797662421778544, -0.06450853855525995, -0.04586313819706058, 0.0038735700243224115, -0.06201612456508232, -0.04760935733993997, -0.05665297589325663, -0.10642092962786825], [0.09053573517118788, -0.1071771972884591, -0.059136831076603516, -0.058582696010879495, -0.05272935237096441, -0.04553279601980863, -0.04576600115741459, -0.05060855449779168, -0.05334080237780882, 0.1702666020725198, -0.013310038600188243, -0.013853010554272769, -0.016174835265452034, -0.018424147563978293, -0.01898647165059604, -0.016459853289094554, -0.014056482327616715, 0.03942400946658533, -0.0007669706752950157, -0.0015695906862973504, -0.0015749123048906515, -0.0019563564227778594, -0.0015155544214183658, -0.0011116162375472572, 0.03922608044002996, -0.001735200606476933, -0.002064642569310432, -0.0022976945158970866, -0.0017604759606993762, -0.0010673850651883937, 0.037966076057993195, -0.0022716588841917413, -0.002605828596898049, -0.0023275241334733063, -0.0017052779603986584, 0.03510599343689878, -0.004326406297442039, -0.0022778951372434647, -0.0019125376937645302, 0.03579354897162206, -0.003140946474928193, -0.0025398100610417563, 0.037562468470923364, -0.0021567913620523, 0.038783250460596774], [-0.06558155872267135, -0.04796856994089656, -0.06062597074720376, -0.0060340161514465095, -0.007051052635874564, -0.0019174365517628646, -0.005490320223858107, -0.0037890634933824053, 0.0024848284313815586, -0.013310038600188243, 0.18447227559605212, 0.004197682666609297, 0.005352751766277799, 0.005218933079865809, 0.005932219363478859, 0.005121022042672632, 0.003925954592986373, -0.016140797305626262, 0.001277753035345084, 0.0010420541860286627, -0.0003710539388797196, 0.00042034397669247375, 0.0003046955967009076, -0.0008783789039045121, -0.0014607601496937023, -0.0003391679480658359, -0.00023574918266912022, -0.0002371101508963732, -0.0002470210724545768, 0.00025583432884027384, -0.001064403389173015, 0.0011053937898531855, 0.0010618643242205135, 0.0003423027557586389, 0.0005451721136495875, -0.0022850472800661145, -0.00029037740392368663, 0.0012541807727990456, 0.001022123242120088, -0.00026400702974726544, 0.0005185377374534299, 0.0006603269107074511, -0.0010658332527903273, 0.00010926007354948885, -0.0010797503290724418], [-0.07075882338741128, -0.04828995558777967, -0.005229793321719529, -0.062327597807307435, -0.007776098769044451, -0.0024535278302512597, -0.006244316072674111, -0.0043782234815294314, 0.002657680179746786, -0.013853010554272769, 0.004197682666609297, 0.18500233275719305, 0.005786142021351603, 0.005945634679209201, 0.006582941156133512, 0.005608500030741557, 0.004080253025443018, -0.0018653828083742927, 0.0008926793557585672, -0.0002278380728598295, 0.0005651989650145011, 0.00021504969498337297, 8.12195647251728e-05, -0.00010302770640141222, -0.01607165346869008, 0.0009215978891268695, -0.0005743595721736862, 0.00023853092915858152, 0.00017616059007680127, -0.000907551786320014, -0.0010837248080138103, 0.0016352705581400982, 0.0014086122533734687, 0.000563020546881191, 0.000463327181468659, -0.0018076886910591509, 0.0005426424677807945, 0.001990064933159141, 0.0012151213124186777, 5.203263535632261e-05, 0.0009885821811726626, 0.0006515508365566758, -0.0009629003873229541, 5.872447276363571e-05, -0.0014210112735435407], [-0.08666974490504097, -0.0513198344831753, -0.006961054188473974, -0.00851652657747766, -0.06605899214439202, -0.0033511643524531676, -0.007400671751930019, -0.0054669613560254515, 0.00225323266811705, -0.016174835265452034, 0.005352751766277799, 0.005786142021351603, 0.18566118346399546, 0.006936566449099347, 0.007772595138486239, 0.006833905588171798, 0.005169087035860833, -0.0021529831361315186, 0.0005670060209255918, 0.0007844743846901796, 0.0005714894211508808, 0.00015221025613523797, 0.00027660130401938217, 0.00013970288844446317, -0.0017311756001878098, 0.0010560186929846893, -2.6013334881436742e-05, -0.00017655830468451964, 5.890745331323445e-05, 0.0005236982982286399, -0.01733814242311293, -0.00045747122210247995, 0.00024176542033977982, -5.511540214811128e-05, -0.0012443487253828325, -0.004205892128565883, -0.0014646909928185026, 0.0013299621954092908, 0.0008001745584675086, -0.0017306012512266803, 7.053780742964125e-05, 5.997063292653219e-05, -0.0016944397335466937, -0.00022919496404953289, -0.0018711316109910668], [-0.13251596139422148, -0.0598939352866634, -0.01646899114688903, -0.01886650788968468, -0.02055985817260719, -0.07319660412236227, -0.020081457254815582, -0.015781427777598188, -0.004978144955521645, -0.018424147563978293, 0.005218933079865809, 0.005945634679209201, 0.006936566449099347, 0.19511497363678476, 0.009038816273329644, 0.006631326414033707, 0.004998092004467142, -0.00291316184006666, -0.00032944978234571956, -0.00167688321100412, 0.00553225678275863, -0.000670742809133277, -0.0012949111712730506, -0.0013237746978482555, -0.002122577218814037, -0.001609257223259168, 0.005315096614281921, -0.0008080625573759665, -0.0014257330832962533, -0.0005190769421228272, -0.0029212108534929677, 0.008149928032530401, 5.662939954117459e-06, -0.0018841259593886824, -0.001485662279187516, -0.013879348692642486, 0.008703519556835897, 0.008970632765669685, 0.006860420549936615, -0.002012375744324687, -0.0011808497828655693, -0.0008446309903090733, -0.003744651750209615, -0.0026921411526499824, -0.00342252579711902], [-0.12589315219912914, -0.058150571234534015, -0.013946847675982465, -0.016195706142028223, -0.017603622950418504, -0.011871479879019736, -0.07494816507202462, -0.013124239323028487, -0.002726385901322225, -0.01898647165059604, 0.005932219363478859, 0.006582941156133512, 0.007772595138486239, 0.009038816273329644, 0.19270987259484085, 0.007941214804488221, 0.00597665436850275, -0.0029382292334324024, 2.20604559129726e-05, -0.001214074580355513, 0.0009611202130565779, 0.0026760331806384282, -0.00041116961529615335, -0.0005879796691800677, -0.002263401899317247, -0.0012320539486886234, 0.0002654200895948677, 0.0026605176630859063, -0.0006216730273235052, 9.856948651560548e-05, -0.0028669414145546562, 0.0014590280528629731, 0.004389674758379329, -0.0008170898035105609, -0.0006265761608771832, -0.0050267484389027155, 0.003774963992430113, 0.0028573097354876176, 0.0020096897912269232, -0.015022257980989598, 0.0037405072936523257, 0.0023777026804365988, -0.0026627182806587945, -0.001081093599718605, -0.002774016068248603], [-0.09668602140780576, -0.053438774145423126, -0.00947050776002506, -0.011248037395856588, -0.012102748786183979, -0.0062778155883082675, -0.010806671237150636, -0.06563100860469262, -0.0001384718490990032, -0.016459853289094554, 0.005121022042672632, 0.005608500030741557, 0.006833905588171798, 0.006631326414033707, 0.007941214804488221, 0.18666466778178928, 0.005340674501766451, -0.00244631098513014, 0.00016580150772927806, -0.0006189040597770229, 4.073039847482634e-05, -0.00010736812215616061, 0.001318243470276838, -0.00010118928208464751, -0.0019293314767477414, -0.0006219280001929241, -0.0005643318498631788, -0.00036690915384879385, 0.0014747179721885154, 0.00043184096692970635, -0.0019175357686309273, 0.0005541637639806015, 0.0007465519960817824, 0.001538085681900849, 0.00025666191964541666, -0.005580775091574161, -0.0016764599526193048, 0.0012184999358353448, 0.0009859183235809072, -0.0016734986334875515, 0.0011347994363331546, 0.0005773961648439021, -0.017253266879730604, -0.000695549738358739, -0.0016733125961718295], [-0.08539966266687073, -0.052075096158301123, -0.010215710147486984, -0.011621182406623532, -0.012277356280765256, -0.007310224990919488, -0.011261168647623299, -0.008960136880803929, -0.058307653269866415, -0.014056482327616715, 0.003925954592986373, 0.004080253025443018, 0.005169087035860833, 0.004998092004467142, 0.00597665436850275, 0.005340674501766451, 0.1840654589802243, -0.001862517102254355, -0.0001528066224383804, -0.0006848750020933739, 0.0003016514557283665, -7.234724152882163e-05, -8.070791464535197e-06, 0.0008021255467677832, -0.001740423089459636, -0.000987025479697521, -0.0006960443702964985, -0.0007501203230725211, -0.0004905654396929598, 0.0012385810398371324, -0.0015053451496346406, 0.000685487720719633, 0.0005666055279483347, -2.746695559690823e-05, 0.0010455702124003694, -0.004591856776065767, -0.0011650588009191197, 0.001706222829067529, 0.00021511465143280475, -0.0013357786890316188, 0.0005036974348744739, 0.00041896791512547503, -0.0010983463696082273, 1.571086775116676e-05, -0.017629992375541404], [0.1292099788230249, -0.04951328755807829, -0.10605263775820352, -0.049090944684871816, -0.04327103150685628, -0.03704445910148943, -0.03555217452699072, -0.04251896968565297, -0.04977175653866869, 0.03942400946658533, -0.016140797305626262, -0.0018653828083742927, -0.0021529831361315186, -0.00291316184006666, -0.0029382292334324024, -0.00244631098513014, -0.001862517102254355, 0.1723969985917145, -0.014752413079280706, -0.0174475904053001, -0.020679519751556002, -0.020808512140077166, -0.018098967290699854, -0.015438772554540828, 0.0401053230694908, -0.0016856227866263718, -0.0027739831790173143, -0.0026823058256206156, -0.0019820877710988397, -0.0014967092488400195, 0.038590341101418534, -0.0033109691023720184, -0.0033093409758418748, -0.0026453792312942097, -0.002017911107495529, 0.03671565225056423, -0.004410421001444203, -0.0036504701659177646, -0.0028320994083538007, 0.03627939005098361, -0.0036063577999161556, -0.0028299760756394046, 0.0381616161825472, -0.0023033136793478223, 0.039638655771687716], [-0.038016158478795414, 0.006713806624464974, -0.057541576231203, -0.05670993764154994, -0.0023790310832244167, 0.002498487331851699, 3.0629282171793155e-05, 9.097235249590373e-05, 0.003177078495853575, -0.0007669706752950157, 0.001277753035345084, 0.0008926793557585672, 0.0005670060209255918, -0.00032944978234571956, 2.20604559129726e-05, 0.00016580150772927806, -0.0001528066224383804, -0.014752413079280706, 0.18522195872167588, 0.0017259900368558159, 0.002647392734775984, 0.002629336611920684, 0.0018817566891119544, 0.0012575165069827706, -0.014078433660940155, 0.0014491902982092543, 0.0022803701623600597, 0.0022183862096100395, 0.0015993255630284346, 0.0008689265484484538, -0.0005683656602641591, 0.0007518007219341528, 0.0007265418318995278, 0.00043006035842425627, 0.0004092615400325491, -0.001033868305877964, -0.00010205680423268786, 0.0004968344180980329, 0.00020770044067011114, -0.0003495872082456308, 0.000373878264528461, 0.00024773067564422453, -0.0005761705444501203, 9.438416699789988e-05, -0.0007372136112540656], [-0.03974102247351768, 0.009227500573555205, -0.0596559838918158, 4.69812732036229e-05, -0.05620647323144243, 0.006179577210003628, 0.0034072063012054988, 0.002508726986784515, 0.0051845325703131434, -0.0015695906862973504, 0.0010420541860286627, -0.0002278380728598295, 0.0007844743846901796, -0.00167688321100412, -0.001214074580355513, -0.0006189040597770229, -0.0006848750020933739, -0.0174475904053001, 0.0017259900368558159, 0.18557954800616394, 0.0035142114577850813, 0.00362612484496772, 0.002401490207730567, 0.0012941255524278879, -0.0014484707779089975, 0.0012745834582760936, -0.0004619129294703254, -0.000404980052870161, -0.00024306655267892385, -8.971915438217638e-05, -0.014548141264427689, 0.002238150819111122, 0.0022786186401935003, 0.0016248364585646467, 0.0008993810639287738, -0.002512900044079281, -0.0019823903883498064, -0.0006447338805012896, -0.0005873579412038261, -0.0015992974933002188, -0.0006518314830886264, -0.0004970329346916076, -0.0014278119806612527, -0.0004073208107055695, -0.0014446919072679586], [-0.08869129779110481, 0.011172398701205913, -0.06805752341108118, -0.00710049056605174, -0.007925278301591801, -0.060405861709541826, -0.006597989555798107, -0.0031465078422287813, 0.004315390120500969, -0.0015749123048906515, -0.0003710539388797196, 0.0005651989650145011, 0.0005714894211508808, 0.00553225678275863, 0.0009611202130565779, 4.073039847482634e-05, 0.0003016514557283665, -0.020679519751556002, 0.002647392734775984, 0.0035142114577850813, 0.18794954504511305, 0.003359723605683993, 0.003373034129401976, 0.001181731388713002, -0.0021077297265576617, -0.00028988779246382797, 0.004914699092823445, 0.00015826266998289482, -0.00018700616711792638, 0.00034835652796478243, -0.0018434181053788767, 0.00744122777031063, 0.0013362031585736284, 0.00022721318300832985, 0.00042410012480973363, -0.012570690192795062, 0.008129259222753454, 0.007985379358047967, 0.006081605022660873, -0.000349587173209636, 0.00046673751828013577, 0.0007121700118432831, -0.0021362684209119205, -0.000372783178562768, -0.0021295402733773868], [-0.07098835365998855, 0.011697160230133178, -0.06578311939699716, -0.003519153757909127, -0.003866197926998961, 0.00223358241601968, -0.05852730303058063, -0.0005726503952164557, 0.005201712897064758, -0.0019563564227778594, 0.00042034397669247375, 0.00021504969498337297, 0.00015221025613523797, -0.000670742809133277, 0.0026760331806384282, -0.00010736812215616061, -7.234724152882163e-05, -0.020808512140077166, 0.002629336611920684, 0.00362612484496772, 0.003359723605683993, 0.18850549555536752, 0.0030618745788099882, 0.0012452917545088548, -0.002169224447422745, -0.00032156177902963094, -5.62058657501497e-05, 0.0026688284366029806, -0.00019040712042243043, 0.0001881525742022956, -0.0020074027653197964, 0.0006461872297759521, 0.004356593974515257, 7.718866936501012e-05, 0.0002214677329695601, -0.0028366606530390334, 0.004100942871892409, 0.000831388520781246, 0.0006313195004492689, -0.0128226380360633, 0.003965863509129934, 0.0029587603962087264, -0.001970882490755358, -0.00024389980447367204, -0.002088803880939858], [-0.053146421627486104, 0.009827046352781876, -0.061170652846602565, -0.001918164097614284, -0.0024639594234010863, 0.004690499735561825, 0.0002449557275632216, -0.056249044645799336, 0.004296911561212996, -0.0015155544214183658, 0.0003046955967009076, 8.12195647251728e-05, 0.00027660130401938217, -0.0012949111712730506, -0.00041116961529615335, 0.001318243470276838, -8.070791464535197e-06, -0.018098967290699854, 0.0018817566891119544, 0.002401490207730567, 0.003373034129401976, 0.0030618745788099882, 0.18548396727579633, 0.000657544546258745, -0.0016265813690137384, -0.00018699380574546846, -0.0003098282509800491, -0.00018347114410619051, 0.0017401964417280682, 0.00017690568662828473, -0.0013986250010728132, 0.0004175206974932456, 0.0005746428137239273, 0.0024134789409514246, 0.0003458275006820834, -0.0028871937578446574, -0.0012981260390614996, 0.0034349006874462152, 0.0002685400504658123, -0.0010692758692941997, 0.0031515943391797817, 0.0002930084629674178, -0.01461431754909104, 0.0013260767411982322, -0.0013954870785707176], [-0.041649704378902704, 0.008139246582154376, -0.057130362720737536, -0.001399388252159515, -0.0018653617779230732, 0.0037018872881322395, 0.0003308874751181015, 0.00012859339796212845, -0.052410201781131024, -0.0011116162375472572, -0.0008783789039045121, -0.00010302770640141222, 0.00013970288844446317, -0.0013237746978482555, -0.0005879796691800677, -0.00010118928208464751, 0.0008021255467677832, -0.015438772554540828, 0.0012575165069827706, 0.0012941255524278879, 0.001181731388713002, 0.0012452917545088548, 0.000657544546258745, 0.18367079331667155, -0.001320656284616371, -0.0003195423856499364, -0.000556056968634952, -0.00043588324984665224, -0.0002712898536263014, 0.0016954396799912024, -0.0010753953333754744, 0.00016325781639379592, 0.00027556520172236187, 6.149331002417647e-05, 0.0021227965969607605, -0.002327870465590028, -0.0013434895122924984, 0.00010424312809698056, 0.002631851394950461, -0.0008366644154036803, -4.9108658493084365e-05, 0.0026293791198233004, -0.0009746981748461007, 0.0018442960107635919, -0.015098174692084543], [0.11878570735836157, -0.04850897446577146, -0.05144193580355083, -0.10565428599146968, -0.04459191704664423, -0.03816119120790794, -0.037032086932101756, -0.04357425902848262, -0.04928630452957034, 0.03922608044002996, -0.0014607601496937023, -0.01607165346869008, -0.0017311756001878098, -0.002122577218814037, -0.002263401899317247, -0.0019293314767477414, -0.001740423089459636, 0.0401053230694908, -0.014078433660940155, -0.0014484707779089975, -0.0021077297265576617, -0.002169224447422745, -0.0016265813690137384, -0.001320656284616371, 0.1708791434724172, -0.017217371759035455, -0.020106572741908097, -0.02036371405276769, -0.017774976550949527, -0.015512169049833139, 0.03841475438711241, -0.002570601421889403, -0.0027061592272682247, -0.0022946096786549412, -0.0017875473736605194, 0.0368958662081851, -0.003420594764511198, -0.0026576309038118936, -0.0022660217050159315, 0.03653891919236593, -0.002934778526957004, -0.0024403649468957996, 0.03808419219534064, -0.0020950589290786546, 0.03922423907421894], [-0.04129611783854652, 0.009865310168951575, 0.0008374406729366572, -0.05923900582524456, -0.056805882655176054, 0.006031468457828697, 0.003431629656154745, 0.002549808408712633, 0.006035752289380925, -0.001735200606476933, -0.0003391679480658359, 0.0009215978891268695, 0.0010560186929846893, -0.001609257223259168, -0.0012320539486886234, -0.0006219280001929241, -0.000987025479697521, -0.0016856227866263718, 0.0014491902982092543, 0.0012745834582760936, -0.00028988779246382797, -0.00032156177902963094, -0.00018699380574546846, -0.0003195423856499364, -0.017217371759035455, 0.18604372920301962, 0.0031764263581730277, 0.003351610915403695, 0.002237676310423386, 0.0012383047031994377, -0.015003119184665285, 0.002520951901842496, 0.002617210352249983, 0.0018506360398550601, 0.0011799922084842255, -0.0023312733986273165, -0.001627450395640345, -0.0003885274029767105, -0.0007836976129722095, -0.0015651883853143212, -0.0005020655437037483, -0.0007244505438342037, -0.001486616408524277, -0.0005485061101542184, -0.0016950420980286383], [-0.08263356503596443, 0.011937109235667313, -0.0032517583228125176, -0.0674559084526773, -0.00578450409393745, -0.059968968524832016, -0.004670346577788765, -0.0013333238856037093, 0.005962728617678368, -0.002064642569310432, -0.00023574918266912022, -0.0005743595721736862, -2.6013334881436742e-05, 0.005315096614281921, 0.0002654200895948677, -0.0005643318498631788, -0.0006960443702964985, -0.0027739831790173143, 0.0022803701623600597, -0.0004619129294703254, 0.004914699092823445, -5.62058657501497e-05, -0.0003098282509800491, -0.000556056968634952, -0.020106572741908097, 0.0031764263581730277, 0.187918457509381, 0.002832171248297932, 0.002904965638570155, 0.0010896919449990088, -0.0020839076933457253, 0.0073205131723930094, 0.000953635966143099, -5.323806359909323e-06, -0.0001860276929218068, -0.012871509714801537, 0.008049523596862874, 0.00782014111131241, 0.005797918987520583, -0.0006639708242523072, 0.00017458626684609005, -4.342649581856164e-05, -0.0022967321453738676, -0.0009947798272949137, -0.002696710984635779], [-0.06956874956153346, 0.012494170277660756, -0.0011423430779516949, -0.06539263252833695, -0.0028383722233102835, 0.002657049461292601, -0.05828853995551898, 0.00018680329262944745, 0.006462108804961196, -0.0022976945158970866, -0.0002371101508963732, 0.00023853092915858152, -0.00017655830468451964, -0.0008080625573759665, 0.0026605176630859063, -0.00036690915384879385, -0.0007501203230725211, -0.0026823058256206156, 0.0022183862096100395, -0.000404980052870161, 0.00015826266998289482, 0.0026688284366029806, -0.00018347114410619051, -0.00043588324984665224, -0.02036371405276769, 0.003351610915403695, 0.002832171248297932, 0.1886348162