{
    "name": "Total Decomposition",
    "rational_expression": "1679*x1**4/10000 - 133*x1**3*x2/4000 - 3457*x1**3*x3/100000 - 108*x1**3*x4/3125 - 3277*x1**3*x5/100000 - 3193*x1**3*x6/100000 - 4*x1**3*x7/125 - 1563*x1**3*x8/50000 - 1139*x1**3/5000 + 34*x1**2*x2**2/125 + 803*x1**2*x2*x3/500000 + 1461*x1**2*x2*x4/1000000 + 3437*x1**2*x2*x5/10000000 + 1211*x1**2*x2*x6/2500000 - 5093*x1**2*x2*x7/10000000 - 1731*x1**2*x2*x8/2500000 - 2183*x1**2*x2/10000 + 2723*x1**2*x3**2/10000 + 653*x1**2*x3*x4/250000 + 51*x1**2*x3*x5/40000 + 9441*x1**2*x3*x6/10000000 + 1473*x1**2*x3*x7/5000000 + 1073*x1**2*x3*x8/5000000 - 2163*x1**2*x3/10000 + 109*x1**2*x4**2/400 + 1811*x1**2*x4*x5/2000000 + 1459*x1**2*x4*x6/2500000 + 3189*x1**2*x4*x7/10000000 - 1297*x1**2*x4*x8/20000000 - 2169*x1**2*x4/10000 + 2729*x1**2*x5**2/10000 - 3257*x1**2*x5*x6/5000000 - 1637*x1**2*x5*x7/2500000 - 9113*x1**2*x5*x8/10000000 - 441*x1**2*x5/2000 + 34*x1**2*x6**2/125 - 57*x1**2*x6*x7/50000 - 269*x1**2*x6*x8/200000 - 2207*x1**2*x6/10000 + 1363*x1**2*x7**2/5000 - 1793*x1**2*x7*x8/1000000 - 2211*x1**2*x7/10000 + 1363*x1**2*x8**2/5000 - 2227*x1**2*x8/10000 + 7609*x1**2/10000 - 1621*x1*x2**3/50000 + 1529*x1*x2**2*x3/1000000 + 509*x1*x2**2*x4/500000 - 9969*x1*x2**2*x5/100000000 - 6357*x1*x2**2*x6/10000000 - 681*x1*x2**2*x7/2000000 - 1373*x1*x2**2*x8/1000000 - 11*x1*x2**2/50 + 1337*x1*x2*x3**2/2500000 + 2537*x1*x2*x3*x4/5000000 + 5147*x1*x2*x3*x5/10000000 - 1073*x1*x2*x3*x6/100000000 - 1141*x1*x2*x3*x7/5000000 + 9227*x1*x2*x3*x8/100000000 - 1683*x1*x2*x3/250000 + 1779*x1*x2*x4**2/10000000 + 1333*x1*x2*x4*x5/10000000 + 7701*x1*x2*x4*x6/100000000 - 1073*x1*x2*x4*x7/100000000 + 1597*x1*x2*x4*x8/100000000 - 5763*x1*x2*x4/1000000 + 5259*x1*x2*x5**2/10000000 + 469*x1*x2*x5*x6/2500000 + 3707*x1*x2*x5*x7/10000000 + 1973*x1*x2*x5*x8/5000000 - 409*x1*x2*x5/200000 + 891*x1*x2*x6**2/2500000 - 3889*x1*x2*x6*x7/10000000 - 2277*x1*x2*x6*x8/10000000 - 1441*x1*x2*x6/2000000 + 1027*x1*x2*x7**2/2500000 + 2897*x1*x2*x7*x8/50000000 + 111*x1*x2*x7/400000 + 1689*x1*x2*x8**2/2500000 + 2411*x1*x2*x8/1000000 + 27*x1*x2/6250 - 3183*x1*x3**3/100000 + 8979*x1*x3**2*x4/10000000 - 651*x1*x3**2*x5/2500000 - 251*x1*x3**2*x6/2500000 - 1163*x1*x3**2*x7/2500000 - 1581*x1*x3**2*x8/1000000 - 223*x1*x3**2/1000 + 1003*x1*x3*x4**2/1000000 + 1941*x1*x3*x4*x5/10000000 - 1943*x1*x3*x4*x6/10000000 - 1523*x1*x3*x4*x7/10000000 + 5031*x1*x3*x4*x8/100000000 - 2387*x1*x3*x4/250000 + 301*x1*x3*x5**2/200000 + 7701*x1*x3*x5*x6/100000000 - 247*x1*x3*x5*x7/1250000 + 577*x1*x3*x5*x8/20000000 - 1249*x1*x3*x5/250000 + 67*x1*x3*x6**2/50000 - 469*x1*x3*x6*x7/1000000 + 1109*x1*x3*x6*x8/10000000 - 3551*x1*x3*x6/1000000 + 869*x1*x3*x7**2/500000 + 149*x1*x3*x7*x8/125000000 - 691*x1*x3*x7/250000 + 953*x1*x3*x8**2/500000 - 1707*x1*x3*x8/2000000 + 161*x1*x3/12500 - 1599*x1*x4**3/50000 - 2239*x1*x4**2*x5/10000000 - 5007*x1*x4**2*x6/10000000 - 6399*x1*x4**2*x7/10000000 - 773*x1*x4**2*x8/500000 - 89*x1*x4**2/400 + 243*x1*x4*x5**2/200000 + 593*x1*x4*x5*x6/2500000 + 4649*x1*x4*x5*x7/100000000 + 1633*x1*x4*x5*x8/50000000 - 431*x1*x4*x5/125000 + 2367*x1*x4*x6**2/2500000 - 1323*x1*x4*x6*x7/50000000 - 2363*x1*x4*x6*x8/10000000 - 1483*x1*x4*x6/500000 + 39*x1*x4*x7**2/31250 + 3*x1*x4*x7*x8/20000 - 519*x1*x4*x7/250000 + 1759*x1*x4*x8**2/1000000 - 8283*x1*x4*x8/10000000 + 38*x1*x4/3125 - 1653*x1*x5**3/50000 + 3861*x1*x5**2*x6/50000000 - 197*x1*x5**2*x7/625000 - 1071*x1*x5**2*x8/1000000 - 137*x1*x5**2/625 + 497*x1*x5*x6**2/2500000 + 4041*x1*x5*x6*x7/50000000 + 949*x1*x5*x6*x8/20000000 + 27*x1*x5*x6/50000 + 6047*x1*x5*x7**2/100000000 + 1731*x1*x5*x7*x8/20000000 + 1871*x1*x5*x7/1000000 + 8587*x1*x5*x8**2/10000000 + 171*x1*x5*x8/50000 + 801*x1*x5/20000000 - 409*x1*x6**3/12500 - 1083*x1*x6**2*x7/10000000 - 517*x1*x6**2*x8/500000 - 273*x1*x6**2/1250 - 209*x1*x6*x7**2/6250000 + 39*x1*x6*x7*x8/156250 + 2227*x1*x6*x7/1000000 + 2689*x1*x6*x8**2/5000000 + 823*x1*x6*x8/200000 + 4101*x1*x6/10000000 - 3251*x1*x7**3/100000 - 1089*x1*x7**2*x8/1000000 - 2183*x1*x7**2/10000 + 2371*x1*x7*x8**2/5000000 + 359*x1*x7*x8/100000 - 2303*x1*x7/2500000 - 3289*x1*x8**3/100000 - 2163*x1*x8**2/10000 - 1119*x1*x8/100000 - 147*x1/5000 + 67*x2**4/400 - 857*x2**3*x3/25000 - 681*x2**3*x4/20000 - 3247*x2**3*x5/100000 - 3193*x2**3*x6/100000 - 787*x2**3*x7/25000 - 1553*x2**3*x8/50000 - 2269*x2**3/10000 + 1359*x2**2*x3**2/5000 + 2857*x2**2*x3*x4/1000000 + 551*x2**2*x3*x5/500000 + 11*x2**2*x3*x6/12500 + 5343*x2**2*x3*x7/10000000 - 1809*x2**2*x3*x8/10000000 - 1087*x2**2*x3/5000 + 2717*x2**2*x4**2/10000 + 219*x2**2*x4*x5/200000 + 1039*x2**2*x4*x6/2500000 + 1737*x2**2*x4*x7/5000000 + 481*x2**2*x4*x8/2500000 - 2183*x2**2*x4/10000 + 273*x2**2*x5**2/1000 - 1299*x2**2*x5*x6/2000000 - 1609*x2**2*x5*x7/2000000 - 1181*x2**2*x5*x8/1000000 - 2213*x2**2*x5/10000 + 2727*x2**2*x6**2/10000 - 317*x2**2*x6*x7/250000 - 277*x2**2*x6*x8/200000 - 277*x2**2*x6/1250 + 1359*x2**2*x7**2/5000 - 261*x2**2*x7*x8/125000 - 1109*x2**2*x7/5000 + 273*x2**2*x8**2/1000 - 447*x2**2*x8/2000 + 7623*x2**2/10000 - 3231*x2*x3**3/100000 + 323*x2*x3**2*x4/200000 + 313*x2*x3**2*x5/2500000 - 5957*x2*x3**2*x6/100000000 - 5073*x2*x3**2*x7/10000000 - 9571*x2*x3**2*x8/10000000 - 139*x2*x3**2/625 + 1547*x2*x3*x4**2/1000000 + 639*x2*x3*x4*x5/2500000 - 29*x2*x3*x4*x6/125000 + 1067*x2*x3*x4*x7/25000000 - 1957*x2*x3*x4*x8/10000000 - 1107*x2*x3*x4/100000 + 1687*x2*x3*x5**2/1000000 + 891*x2*x3*x5*x6/2500000 - 329*x2*x3*x5*x7/4000000 + 4203*x2*x3*x5*x8/10000000 - 81*x2*x3*x5/12500 + 159*x2*x3*x6**2/100000 - 769*x2*x3*x6*x7/25000000 + 1109*x2*x3*x6*x8/10000000 - 4933*x2*x3*x6/1000000 + 747*x2*x3*x7**2/500000 - 217*x2*x3*x7*x8/10000000 - 313*x2*x3*x7/100000 + 1961*x2*x3*x8**2/1000000 - 2003*x2*x3*x8/1000000 + 1641*x2*x3/100000 - 3257*x2*x4**3/100000 + 49*x2*x4**2*x5/250000 - 1303*x2*x4**2*x6/5000000 - 1953*x2*x4**2*x7/10000000 - 9221*x2*x4**2*x8/10000000 - 1111*x2*x4**2/5000 + 843*x2*x4*x5**2/500000 + 319*x2*x4*x5*x6/2500000 + 853*x2*x4*x5*x7/2500000 + 3469*x2*x4*x5*x8/50000000 - 5319*x2*x4*x5/1000000 + 341*x2*x4*x6**2/250000 - 2787*x2*x4*x6*x7/10000000 - 751*x2*x4*x6*x8/50000000 - 1903*x2*x4*x6/500000 + 1361*x2*x4*x7**2/1000000 + 2377*x2*x4*x7*x8/10000000 - 3647*x2*x4*x7/1000000 + 2003*x2*x4*x8**2/1000000 - 1089*x2*x4*x8/500000 + 149*x2*x4/10000 - 839*x2*x5**3/25000 + 1559*x2*x5**2*x6/5000000 - 7659*x2*x5**2*x7/1000000000 - 103*x2*x5**2*x8/500000 - 2191*x2*x5**2/10000 + 647*x2*x5*x6**2/2500000 + 5031*x2*x5*x6*x7/100000000 + 19*x2*x5*x6*x8/1562500 - 317*x2*x5*x6/1250000 + 4171*x2*x5*x7**2/10000000 + 1123*x2*x5*x7*x8/10000000 + 233*x2*x5*x7/200000 + 8749*x2*x5*x8**2/10000000 + 303*x2*x5*x8/200000 + 4259*x2*x5/1000000 - 3321*x2*x6**3/100000 + 137*x2*x6**2*x7/1562500 - 853*x2*x6**2*x8/1250000 - 87*x2*x6**2/400 + 1969*x2*x6*x7**2/5000000 - 1137*x2*x6*x7*x8/10000000 + 141*x2*x6*x7/100000 + 8039*x2*x6*x8**2/10000000 + 2009*x2*x6*x8/1000000 + 3717*x2*x6/1000000 - 83*x2*x7**3/2500 - 473*x2*x7**2*x8/1250000 - 433*x2*x7**2/2000 + 171*x2*x7*x8**2/400000 + 2*x2*x7*x8/625 + 1417*x2*x7/1000000 - 133*x2*x8**3/4000 - 2159*x2*x8**2/10000 - 2803*x2*x8/500000 + 3783*x2/100000 + 333*x3**4/2000 - 3343*x3**3*x4/100000 - 199*x3**3*x5/6250 - 3123*x3**3*x6/100000 - 39*x3**3*x7/1250 - 3009*x3**3*x8/100000 - 2239*x3**3/10000 + 2719*x3**2*x4**2/10000 + 1103*x3**2*x4*x5/1000000 + 1357*x3**2*x4*x6/2000000 + 2717*x3**2*x4*x7/10000000 - 4439*x3**2*x4*x8/10000000 - 2211*x3**2*x4/10000 + 2723*x3**2*x5**2/10000 - 227*x3**2*x5*x6/500000 - 9151*x3**2*x5*x7/10000000 - 1381*x3**2*x5*x8/1000000 - 1117*x3**2*x5/5000 + 679*x3**2*x6**2/2500 - 501*x3**2*x6*x7/500000 - 1413*x3**2*x6*x8/1000000 - 1121*x3**2*x6/5000 + 1363*x3**2*x7**2/5000 - 939*x3**2*x7*x8/500000 - 2247*x3**2*x7/10000 + 2727*x3**2*x8**2/10000 - 113*x3**2*x8/500 + 7677*x3**2/10000 - 1681*x3*x4**3/50000 + 1051*x3*x4**2*x5/1000000 + 3459*x3*x4**2*x6/10000000 + 2149*x3*x4**2*x7/5000000 - 3117*x3*x4**2*x8/5000000 - 2199*x3*x4**2/10000 + 711*x3*x4*x5**2/250000 + 2873*x3*x4*x5*x6/10000000 + 1651*x3*x4*x5*x7/25000000 + 1571*x3*x4*x5*x8/10000000 - 4861*x3*x4*x5/500000 + 2309*x3*x4*x6**2/1000000 + 3123*x3*x4*x6*x7/100000000 - 2859*x3*x4*x6*x8/10000000 - 3559*x3*x4*x6/500000 + 651*x3*x4*x7**2/250000 + 251*x3*x4*x7*x8/2500000 - 1561*x3*x4*x7/250000 + 2389*x3*x4*x8**2/1000000 - 3453*x3*x4*x8/1000000 + 1281*x3*x4/50000 - 3471*x3*x5**3/100000 + 137*x3*x5**2*x6/125000 + 6561*x3*x5**2*x7/10000000 + 589*x3*x5**2*x8/2500000 - 2163*x3*x5**2/10000 + 623*x3*x5*x6**2/500000 + 3669*x3*x5*x6*x7/10000000 + 483*x3*x5*x6*x8/2000000 - 3969*x3*x5*x6/1000000 + 63*x3*x5*x7**2/50000 + 633*x3*x5*x7*x8/5000000 - 963*x3*x5*x7/500000 + 1783*x3*x5*x8**2/1000000 - 1517*x3*x5*x8/1000000 + 591*x3*x5/50000 - 3449*x3*x6**3/100000 + 1067*x3*x6**2*x7/1000000 + 59*x3*x6**2*x8/312500 - 537*x3*x6**2/2500 + 1473*x3*x6*x7**2/1000000 - 31*x3*x6*x7*x8/2000000 - 1871*x3*x6*x7/1000000 + 1471*x3*x6*x8**2/1000000 - 1313*x3*x6*x8/1000000 + 1859*x3*x6/200000 - 1717*x3*x7**3/50000 + 359*x3*x7**2*x8/2000000 - 2149*x3*x7**2/10000 + 681*x3*x7*x8**2/500000 + 639*x3*x7*x8/2500000 + 5911*x3*x7/1000000 - 3401*x3*x8**3/100000 - 2137*x3*x8**2/10000 - 967*x3*x8/1000000 + 1843*x3/10000 + 104*x4**4/625 - 1611*x4**3*x5/50000 - 3149*x4**3*x6/100000 - 787*x4**3*x7/25000 - 1537*x4**3*x8/50000 - 447*x4**3/2000 + 2717*x4**2*x5**2/10000 - 8309*x4**2*x5*x6/10000000 - 271*x4**2*x5*x7/312500 - 169*x4**2*x5*x8/100000 - 2227*x4**2*x5/10000 + 1363*x4**2*x6**2/5000 - 631*x4**2*x6*x7/500000 - 23*x4**2*x6*x8/12500 - 559*x4**2*x6/2500 + 109*x4**2*x7**2/400 - 1059*x4**2*x7*x8/500000 - 2241*x4**2*x7/10000 + 341*x4**2*x8**2/1250 - 2253*x4**2*x8/10000 + 3847*x4**2/5000 - 3441*x4*x5**3/100000 + 761*x4*x5**2*x6/1000000 + 1521*x4*x5**2*x7/2500000 + 9823*x4*x5**2*x8/100000000 - 2167*x4*x5**2/10000 + 167*x4*x5*x6**2/125000 + 2067*x4*x5*x6*x7/10000000 + 1919*x4*x5*x6*x8/10000000 - 2801*x4*x5*x6/1000000 + 1251*x4*x5*x7**2/1000000 + 711*x4*x5*x7*x8/2000000 - 851*x4*x5*x7/500000 + 1639*x4*x5*x8**2/1000000 - 497*x4*x5*x8/2500000 + 107*x4*x5/10000 - 1717*x4*x6**3/50000 + 3967*x4*x6**2*x7/5000000 + 591*x4*x6**2*x8/10000000 - 2159*x4*x6**2/10000 + 8783*x4*x6*x7**2/10000000 + 1371*x4*x6*x7*x8/10000000 - 23*x4*x6*x7/15625 + 271*x4*x6*x8**2/200000 + 1137*x4*x6*x8/12500000 + 1717*x4*x6/200000 - 1707*x4*x7**3/50000 + 2023*x4*x7**2*x8/5000000 - 2151*x4*x7**2/10000 + 1103*x4*x7*x8**2/1000000 + 8719*x4*x7*x8/10000000 + 1387*x4*x7/250000 - 341*x4*x8**3/10000 - 2137*x4*x8**2/10000 - 6657*x4*x8/10000000 + 1633*x4/10000 + 169*x5**4/1000 - 3219*x5**3*x6/100000 - 801*x5**3*x7/25000 - 779*x5**3*x8/25000 - 2291*x5**3/10000 + 2729*x5**2*x6**2/10000 - 259*x5**2*x6*x7/312500 - 273*x5**2*x6*x8/250000 - 2207*x5**2*x6/10000 + 2727*x5**2*x7**2/10000 - 829*x5**2*x7*x8/500000 - 277*x5**2*x7/1250 + 2731*x5**2*x8**2/10000 - 559*x5**2*x8/2500 + 7607*x5**2/10000 - 3287*x5*x6**3/100000 - 38*x5*x6**2*x7/78125 - 9237*x5*x6**2*x8/10000000 - 2189*x5*x6**2/10000 - 1131*x5*x6*x7**2/10000000 + 419*x5*x6*x7*x8/2500000 + 3479*x5*x6*x7/1000000 + 251*x5*x6*x8**2/500000 + 3959*x5*x6*x8/1000000 - 479*x5*x6/125000 - 3259*x5*x7**3/100000 - 8271*x5*x7**2*x8/10000000 - 437*x5*x7**2/2000 + 2057*x5*x7*x8**2/10000000 + 2263*x5*x7*x8/500000 - 5957*x5*x7/1000000 - 163*x5*x8**3/5000 - 1089*x5*x8**2/5000 - 1043*x5*x8/100000 - 131*x5/3125 + 423*x6**4/2500 - 639*x6**3*x7/20000 - 311*x6**3*x8/10000 - 1153*x6**3/5000 + 2727*x6**2*x7**2/10000 - 643*x6**2*x7*x8/500000 - 221*x6**2*x7/1000 + 2733*x6**2*x8**2/10000 - 557*x6**2*x8/2500 + 3789*x6**2/5000 - 3201*x6*x7**3/100000 - 3153*x6*x7**2*x8/5000000 - 2201*x6*x7**2/10000 - 737*x6*x7*x8**2/10000000 + 4661*x6*x7*x8/1000000 - 1863*x6*x7/250000 - 159*x6*x8**3/5000 - 219*x6*x8**2/1000 - 1073*x6*x8/100000 - 1047*x6/10000 + 843*x7**4/5000 - 3153*x7**3*x8/100000 - 577*x7**3/2500 + 1367*x7**2*x8**2/5000 - 553*x7**2*x8/2500 + 7563*x7**2/10000 - 793*x7*x8**3/25000 - 2197*x7*x8**2/10000 - 1523*x7*x8/100000 - 1339*x7/10000 + 849*x8**4/5000 - 2333*x8**3/10000 + 7539*x8**2/10000 - 2303*x8/10000 + 1047/500",
    "Q": "[[2.093861416657822, -0.11585343307779025, -0.06764367221945192, -0.05312546637107606, -0.020571650141971543, 0.08238973145803731, 0.09193018733426453, 0.019301803358014253, -0.014211962504611743, 0.13183983159324184, -0.09113152910521594, -0.09054706190182296, -0.08932116542764126, -0.08607720074818953, -0.08582006633775593, -0.0879571323752666, -0.08909379455690332, 0.13226824737601398, -0.08961399100054636, -0.08903555453753467, -0.08775345889767071, -0.08767236231951456, -0.08844588646080864, -0.08893302357181149, 0.13217417183690686, -0.08902427153295374, -0.08832396581863115, -0.08829502740850256, -0.0886641762317945, -0.08895874410089825, 0.1316298026272093, -0.08964068882247084, -0.08972654153853936, -0.08920579689513299, -0.08907637877305956, 0.12706071209242323, -0.09452621006418342, -0.09131591187063308, -0.08990341179447296, 0.12643002027601066, -0.09153883576825957, -0.09001137553767638, 0.1303590856233365, -0.08931919024771594, 0.1314709564484269], [-0.11585343307779025, 0.49007128182271315, 0.08436162920105124, 0.08443959646046575, 0.08463053704485196, 0.08535038300952157, 0.08542357877407189, 0.08489133915871402, 0.08467029880233469, -0.11670028962212457, -0.05287050208147051, -0.05286103775831179, -0.05285914679079659, -0.05299108048050099, -0.05301268855047435, -0.052886889978812676, -0.05286143302271341, -0.05640638750630441, 0.0034624022234875707, 0.004015074432701421, 0.005620701308949288, 0.005759643069350267, 0.004661105137200836, 0.004120322547890959, -0.05609666022746323, 0.004246668017347369, 0.005807081813756026, 0.00594215812434404, 0.004874379168908495, 0.004348916853816307, -0.055425170432908885, 0.006214004890540102, 0.006340877094051671, 0.005338336739175639, 0.0048454616900601676, -0.053469233132805855, 0.007512402924549323, 0.006692795588519492, 0.006291798398681185, -0.05329765460082652, 0.006810285350600129, 0.006417129324314725, -0.054641511001953774, 0.005426852451687506, -0.05529752016666187], [-0.06764367221945192, 0.08436162920105124, 0.4924283700312835, 0.08625015376922798, 0.08722864259790629, 0.0904178219899032, 0.09071859980406856, 0.08844913077953072, 0.0874218093224036, -0.056670066935494624, -0.054518727903632, 8.804103320699867e-05, 0.0007280706393116633, 0.00258351314598612, 0.0027440691762253477, 0.001475112214949911, 0.000849843224353841, -0.11545322006118006, -0.05445954977511356, -0.0544877519240042, -0.054702930384002736, -0.05473144434293459, -0.05454979709284536, -0.05449569292951863, -0.055223230126489345, 0.0018348204348512555, 0.003450038775835394, 0.0035897480311787642, 0.0024850466914964984, 0.0019407917836094838, -0.054537493007498064, 0.0038520309828030236, 0.003981796133324031, 0.002955615397610743, 0.002450110184400629, -0.052566604851336525, 0.005124862303949515, 0.0043230575343010755, 0.00392870311622534, -0.05239576079228261, 0.004441328081031478, 0.00405658882129237, -0.05374282880960362, 0.0030452537670695, -0.054407623317375656], [-0.05312546637107606, 0.08443959646046575, 0.08625015376922798, 0.49354040786099557, 0.08800130669044573, 0.09193163136538185, 0.09230070946273121, 0.08950979655161466, 0.08824050605452115, -0.05641400465107306, -0.0009559040052836457, -0.05498922192195775, -7.006895672994418e-06, 0.0018744813306420642, 0.0020373318988540774, 0.0007504519767356706, 0.00011646190362631365, -0.055273953275318775, -0.0549452773289635, 0.0008686098972668219, 0.0025553580340104565, 0.0027012513278480386, 0.001547679730626732, 0.0009792937473568797, -0.11508216684257139, -0.0549969226901095, -0.05524838014289908, -0.05527998162356204, -0.05507366483860683, -0.05500726574142054, -0.05426385468343554, 0.0031395537279386623, 0.003270112292470875, 0.0022374540974186277, 0.0017285318638913757, -0.052288328182668486, 0.0044039353743951445, 0.0036079081650902964, 0.0032158292098878583, -0.05211767316801253, 0.0037263475882914994, 0.003344408399325881, -0.053465897507996775, 0.0023273583939793603, -0.05413332681332405], [-0.020571650141971543, 0.08463053704485196, 0.08722864259790629, 0.08800130669044573, 0.49682010568620605, 0.09532992583158188, 0.09585157706196314, 0.0918958530308975, 0.0900860152354061, -0.05584353515976598, -0.0026362640391253546, -0.0023268070884622833, -0.05603727312575088, 0.0002844391295268148, 0.00045260185075948794, -0.0008757160288271539, -0.0015298525476703608, -0.054677998541378406, -0.0013611473170192854, -0.05604464116909482, 0.0009635659822168069, 0.001113055853937109, -6.887245370218704e-05, -0.0006513460864512531, -0.05435228903849956, -0.056070645999118755, 0.0011462058800295876, 0.0012902971581628879, 0.00015082136910823772, -0.0004109112131132731, -0.1142691832367895, -0.056490917520271015, -0.05653071807504498, -0.05625942291339441, -0.056160946854922664, -0.05166490385020483, 0.002789137315909767, 0.002005375011296066, 0.0016180723834886984, -0.051494544319581274, 0.0021243109493918884, 0.0017483364023663606, -0.05284638097490597, 0.0007175154892250178, -0.05352025514041071], [0.08238973145803731, 0.08535038300952157, 0.0904178219899032, 0.09193163136538185, 0.09532992583158188, 0.5142771974516505, 0.10710827948223749, 0.09949967524603671, 0.09599449722334445, -0.05406787355467972, -0.00797018663326174, -0.007628312100999537, -0.00688861393020091, -0.05926561132471964, -0.004554765103612579, -0.006024973616542046, -0.006747876473219774, -0.05281500694349395, -0.006584712727685124, -0.005937496218166916, -0.05950027620834436, -0.003901666547794049, -0.005182930706561412, -0.005814448598738476, -0.05246944365509515, -0.005677718126620307, -0.05959434008756575, -0.003729194713715258, -0.00495506924007232, -0.005559843277376074, -0.051733046688566126, -0.059816344191103626, -0.0033572986899220864, -0.004463001189877828, -0.005009691723944302, -0.11194997106504805, -0.0606799700682183, -0.060106414104345994, -0.05986131987421961, -0.04952348311868261, -0.002927005932153256, -0.0032868640862459405, -0.05089603152095784, -0.004369618144455262, -0.05159500338046409], [0.09193018733426453, 0.08542357877407189, 0.09071859980406856, 0.09230070946273121, 0.09585157706196314, 0.10710827948223749, 0.516434274589539, 0.10020728490160775, 0.09654587116982792, -0.053905179829527146, -0.008465408535124144, -0.008120360726059362, -0.007373798155577371, -0.005206154715471735, -0.05955731742638132, -0.00650210331048998, -0.007231752795915313, -0.052643655705726614, -0.007069045055294287, -0.0064167917021697, -0.004528645723165543, -0.05981832194328177, -0.005656397619615744, -0.006292792078586386, -0.05229607852443406, -0.006155462690342173, -0.004349269364968912, -0.059920287912616804, -0.0054276619290573175, -0.006036744053534421, -0.051555929624700916, -0.0039626119157224705, -0.060159606540111425, -0.0049338623397098096, -0.005483593175301196, -0.049511129874084604, -0.06099660368964323, -0.003515266810779036, -0.0038893889135572864, -0.11175993579645592, -0.060470230084220936, -0.06020790638846849, -0.05071560597360485, -0.004840170534923806, -0.05141726640452827], [0.019301803358014253, 0.08489133915871402, 0.08844913077953072, 0.08950979655161466, 0.0918958530308975, 0.09949967524603671, 0.10020728490160775, 0.5023106394462863, 0.09236322914663093, -0.05515115771435168, -0.0046989911863681, -0.0043773938147910795, -0.0036815427650187726, -0.0016628571949098535, -0.0014878755951305202, -0.05730397337177692, -0.0035491555780404072, -0.053953035217580124, -0.0033826382601908045, -0.0027673673601301563, -0.0009851116896776014, -0.0008309367611963506, -0.0573873568076289, -0.0026503520146366646, -0.05362005954939434, -0.002517298102591433, -0.000803898820386931, -0.0006557711806462347, -0.05743604409662785, -0.0024047498883242664, -0.05290689444232221, -0.00041150676731683134, -0.00027644724855025506, -0.05755898021764752, -0.0018732558414573126, -0.05090193904783938, 0.0008151757762499723, -0.05804995726305833, -0.00033695609552242484, -0.050731694786051974, -0.05810237161614087, -0.00020438368891198056, -0.1133192950860531, -0.0575849718971923, -0.052772652177844034], [-0.014211962504611743, 0.08467029880233469, 0.0874218093224036, 0.08824050605452115, 0.0900860152354061, 0.09599449722334445, 0.09654587116982792, 0.09236322914663093, 0.49758747957809385, -0.05573265138429454, -0.002964947667298083, -0.002653590227334591, -0.001979906184425323, -2.618501299129867e-05, 0.00014304229787639238, -0.0011935725217507758, -0.05624060732112331, -0.05456202165204406, -0.0016833831060129884, -0.0010840809190385404, 0.0006526630118302396, 0.0008028795197141437, -0.0003847685995049993, -0.05625911266615092, -0.05423518905908614, -0.0008387499138314823, 0.000835055065825764, 0.000979770228795519, -0.00016464168533374547, -0.056288432483482385, -0.05353322947939914, 0.0012307877461011495, 0.0013636522103667526, 0.0003123081578580469, -0.05636931834861088, -0.051543188937602645, 0.002473989182795842, 0.001692506934082941, -0.05673682033489507, -0.05137286626786667, 0.0018115589888858452, -0.056778439503998544, -0.05272557553972969, -0.05649279408202742, -0.11411401615870183], [0.13183983159324184, -0.11670028962212457, -0.056670066935494624, -0.05641400465107306, -0.05584353515976598, -0.05406787355467972, -0.053905179829527146, -0.05515115771435168, -0.05573265138429454, 0.17005034602558405, -0.015902619829256028, -0.016011846036553205, -0.01625622319648637, -0.017027032825625624, -0.017098711928190742, -0.0165546349002053, -0.01630386498334039, 0.04206919259762253, -0.0017319860196472968, -0.0017659453448315063, -0.0018767168212974067, -0.0018874653103331611, -0.0018079632021258953, -0.0017726030825571388, 0.04199886356179326, -0.0017821547781117619, -0.0018949696572833276, -0.0019058616177550266, -0.0018250653890358832, -0.0017889623255032603, 0.041839068910901965, -0.0019358147615103974, -0.0019470070975919607, -0.0018634675646439225, -0.0018257745241591259, 0.04131007914150353, -0.0020753070042886963, -0.0019853577559816654, -0.001943745484080242, 0.04125904606740533, -0.0019968635510670537, -0.0019549922299362207, 0.04163873023813141, -0.0018709501931314118, 0.041807470376506305], [-0.09113152910521594, -0.05287050208147051, -0.054518727903632, -0.0009559040052836457, -0.0026362640391253546, -0.00797018663326174, -0.008465408535124144, -0.0046989911863681, -0.002964947667298083, -0.015902619829256028, 0.18907812341605698, 0.0016746900082022509, 0.001875181199575648, 0.0024994729607808125, 0.002556637934657511, 0.0021185895533321923, 0.001914155489932115, -0.015601817084797865, 0.0010904033008831897, 0.0013138232662254037, 0.002007895020124067, 0.002071370927836553, 0.0015847016944384935, 0.0013572206869074117, -0.0016094669977624895, 2.7394637516554415e-05, 7.63734849472632e-05, 8.088060747568684e-05, 4.647570890543758e-05, 3.0452096173353633e-05, -0.0015742618843599002, 0.00014613295918770497, 0.0001544106146229112, 9.124461112087393e-05, 6.186135740300526e-05, -0.001398053654445752, 0.0003834681849162292, 0.0002307354899694137, 0.00015968017606745404, -0.0013768784482691074, 0.0002435864049562326, 0.0001686899939548563, -0.0015175098808781998, 9.993815681148165e-05, -0.0015662043943347696], [-0.09054706190182296, -0.05286103775831179, 8.804103320699867e-05, -0.05498922192195775, -0.0023268070884622833, -0.007628312100999537, -0.008120360726059362, -0.0043773938147910795, -0.002653590227334591, -0.016011846036553205, 0.0016746900082022509, 0.1891243864119833, 0.001965101416012585, 0.002589837507065707, 0.0026470701292095034, 0.0022086130027510922, 0.0020040847042339218, -0.0016451975223178302, 0.0009242876049366263, 1.096494766988553e-06, 2.2441733077127574e-05, 2.4400218476490022e-05, 9.435382200554607e-06, 2.4348752131543645e-06, -0.015588076181439254, 0.0012563327151872484, 0.001968241447125943, 0.002033362402745525, 0.001534120096870627, 0.001300830853632473, -0.0016056706729470453, 0.00011946473092433173, 0.0001268935867377777, 7.018661305160974e-05, 4.3792561979938086e-05, -0.001446212852860034, 0.0003468406432383568, 0.00020053264131009366, 0.00013244649712615734, -0.0014265543804153982, 0.0002125354549422677, 0.0001406076435284278, -0.0015554993245950118, 7.831270874977072e-05, -0.0015986724040341718], [-0.08932116542764126, -0.05285914679079659, 0.0007280706393116633, -7.006895672994418e-06, -0.05603727312575088, -0.00688861393020091, -0.007373798155577371, -0.0036815427650187726, -0.001979906184425323, -0.01625622319648637, 0.001875181199575648, 0.001965101416012585, 0.18925970987248972, 0.0027922038578326817, 0.002849652087051202, 0.002409779741390341, 0.0022048174919152685, -0.001697333160144007, -2.8491132283537706e-05, 0.0007950954070904807, -2.723683525942816e-05, -2.7166903404854316e-05, -2.7740593723608823e-05, -2.8063164729914444e-05, -0.0016930061294167353, 0.0009029704326696602, -5.41159903195071e-08, 1.7137711617276959e-06, -1.182031225422729e-05, -1.8165664231709816e-05, -0.015536078559849906, 0.0018899971748741896, 0.0019583722597782596, 0.0014343529841315931, 0.001189669715052168, -0.00155275036099496, 0.00026524681312981843, 0.00013335446387799764, 7.194611279846622e-05, -0.0015364288591695019, 0.00014346400143640343, 7.821557444925955e-05, -0.0016396621516038, 3.0328415519373685e-05, -0.0016706912653007076], [-0.08607720074818953, -0.05299108048050099, 0.00258351314598612, 0.0018744813306420642, 0.0002844391295268148, -0.05926561132471964, -0.005206154715471735, -0.0016628571949098535, -2.618501299129867e-05, -0.017027032825625624, 0.0024994729607808125, 0.002589837507065707, 0.0027922038578326817, 0.1899366104880132, 0.00348630150659419, 0.0030391810862179926, 0.002831662461726431, -0.001862981416520929, -9.88152180244015e-05, -0.00011889612392826792, 0.0005133700005226229, -0.00018753421894520232, -0.0001433038583273764, -0.00012280024803957911, -0.001875126096365455, -0.0001194106149340137, 0.0006316041306179736, -0.00016794934624475395, -0.0001366538752512661, -0.00012216779396662973, -0.0018936904261980976, 0.0008951394710636625, -0.00012433452438779082, -0.00012179261746890129, -0.00012068200508104897, -0.015229131630328071, 0.0017930758957965577, 0.0012155505470083407, 0.0009464108164709004, -0.0018750105497452995, -7.142618361465597e-05, -0.00011586058594665981, -0.0019013637466809303, -0.00011890570370817797, -0.0018960057164233491], [-0.08582006633775593, -0.05301268855047435, 0.0027440691762253477, 0.0020373318988540774, 0.00045260185075948794, -0.004554765103612579, -0.05955731742638132, -0.0014878755951305202, 0.00014304229787639238, -0.017098711928190742, 0.002556637934657511, 0.0026470701292095034, 0.002849652087051202, 0.00348630150659419, 0.1900172684411218, 0.003096978743693972, 0.0028891608503521793, -0.0018786919235178937, -0.000105280825952251, -0.00012724371121831975, -0.00019593396597088425, 0.0004958749644004704, -0.00015393343585569266, -0.00013151318913104962, -0.0018922994813777166, -0.00012860735789947363, -0.00017889129699406514, 0.0006147182990238246, -0.00014813146479144065, -0.0001317297086014083, -0.0019140777364166862, -0.00014091228874172759, 0.0008796489517318591, -0.00013514407450984287, -0.00013212133941141194, -0.001911511608919116, 0.0017067102078299964, -9.48363078961348e-05, -0.00013353263592073134, -0.015192138137806978, 0.0012018039034257988, 0.0009311959500281583, -0.0019255958644135976, -0.00013262081572131755, -0.0019170125491927475], [-0.0879571323752666, -0.052886889978812676, 0.001475112214949911, 0.0007504519767356706, -0.0008757160288271539, -0.006024973616542046, -0.00650210331048998, -0.05730397337177692, -0.0011935725217507758, -0.0165546349002053, 0.0021185895533321923, 0.0022086130027510922, 0.002409779741390341, 0.0030391810862179926, 0.003096978743693972, 0.1894784100429535, 0.0024489522168698913, -0.0017609787786831731, -5.591109110609004e-05, -6.3504017397179e-05, -8.74316316420378e-05, -8.965296910074327e-05, 0.0006645475310252719, -6.498325979317617e-05, -0.0017631831962061247, -5.836630079749387e-05, -6.387876605903901e-05, -6.440399015084985e-05, 0.0007772961447887335, -5.8698648976947695e-05, -0.001759903237395779, -1.1561846408917179e-05, -8.319926926984574e-06, 0.0010283612554567003, -4.4734500115473674e-05, -0.0016811074871398192, 0.00016626249151118443, 0.0018106149680425026, -1.4001874452501877e-06, -0.001668751655331339, 0.0018822752012026987, 2.5734113305095107e-06, -0.015439944626536375, 0.0010771785203375604, -0.001758006038015717], [-0.08909379455690332, -0.05286143302271341, 0.000849843224353841, 0.00011646190362631365, -0.0015298525476703608, -0.006747876473219774, -0.007231752795915313, -0.0035491555780404072, -0.05624060732112331, -0.01630386498334039, 0.001914155489932115, 0.0020040847042339218, 0.0022048174919152685, 0.002831662461726431, 0.0028891608503521793, 0.0024489522168698913, 0.18929075396476916, -0.0017074820378190137, -3.288697138638757e-05, -3.379819267321426e-05, -3.687992802773799e-05, -3.717680482390404e-05, -3.495489701828187e-05, 0.0007723042853981268, -0.0017042102222042464, -2.56268977483343e-05, -1.0278703159587807e-05, -8.877934927103171e-06, -1.9614059772892977e-05, 0.0008810351288213556, -0.0016888860771782739, 4.873589228261161e-05, 5.390576496204021e-05, 1.4406084596200918e-05, 0.0011230131806886244, -0.0015733606573906098, 0.0002493932218671865, 0.00012030589115334547, 0.0018761701234616555, -0.0015576805312701681, 0.00013004740439085245, 0.0019451190968809377, -0.001655971358521034, 0.0014167346765123238, -0.015522991340938277], [0.13226824737601398, -0.05640638750630441, -0.11545322006118006, -0.055273953275318775, -0.054677998541378406, -0.05281500694349395, -0.052643655705726614, -0.053953035217580124, -0.05456202165204406, 0.04206919259762253, -0.015601817084797865, -0.0016451975223178302, -0.001697333160144007, -0.001862981416520929, -0.0018786919235178937, -0.0017609787786831731, -0.0017074820378190137, 0.1690966180062315, -0.016104041966176503, -0.01636053033555813, -0.01716352553595323, -0.017237734508025227, -0.016672473667398772, -0.016410425046400022, 0.04173326969784167, -0.0018024128457038448, -0.001965440303066211, -0.0019807876311483375, -0.0018652629733465918, -0.0018124463564449594, 0.04155567736557272, -0.002014833101752229, -0.002029949871024229, -0.0019158750572362622, -0.0018635408236164347, 0.0409832518468511, -0.0021828897313340163, -0.0020746521900026718, -0.002024415880993535, 0.04092908979036383, -0.0020894586862317517, -0.002039485690043254, 0.04133632690236652, -0.0019257082933413032, 0.04152084783956305], [-0.08961399100054636, 0.0034624022234875707, -0.05445954977511356, -0.0549452773289635, -0.0013611473170192854, -0.006584712727685124, -0.007069045055294287, -0.0033826382601908045, -0.0016833831060129884, -0.0017319860196472968, 0.0010904033008831897, 0.0009242876049366263, -2.8491132283537706e-05, -9.88152180244015e-05, -0.000105280825952251, -5.591109110609004e-05, -3.288697138638757e-05, -0.016104041966176503, 0.18928199722834121, 0.0017517580363928963, 0.0024509227993781474, 0.0025150378047470636, 0.0020241344290526362, 0.0017953465092972207, -0.015978843500457907, 0.0016031840747625713, 0.0023202269040169714, 0.002385957307069936, 0.0018825756559745497, 0.0016478998400458794, -0.0017102622224766768, 6.935845736000011e-05, 7.397809232020044e-05, 3.8692461361305125e-05, 2.2258084766656906e-05, -0.0015978470219320214, 0.0002635286445305145, 0.00013862673041443915, 8.045327677332793e-05, -0.001582492743473859, 0.00014781987073643084, 8.580509321456929e-05, -0.0016784818893639027, 4.492794875478131e-05, -0.001706217305711565], [-0.08903555453753467, 0.004015074432701421, -0.0544877519240042, 0.0008686098972668219, -0.05604464116909482, -0.005937496218166916, -0.0064167917021697, -0.0027673673601301563, -0.0010840809190385404, -0.0017659453448315063, 0.0013138232662254037, 1.096494766988553e-06, 0.0007950954070904807, -0.00011889612392826792, -0.00012724371121831975, -6.3504017397179e-05, -3.379819267321426e-05, -0.01636053033555813, 0.0017517580363928963, 0.18947044890664483, 0.002679805118897644, 0.0027443734149835146, 0.0022503433387559587, 0.002020416299099064, -0.0017810682458608317, 0.0012676596953365598, -2.0815457042109826e-05, -2.1852080348901262e-05, -1.3943897206727334e-05, -1.0263547571836323e-05, -0.015933463503251692, 0.002265880841806246, 0.002335233708249963, 0.0018042901990345753, 0.0015569356658160208, -0.001695910726145514, 0.00020153385359300278, 9.103098699655765e-05, 3.9555377841171704e-05, -0.0016834169873597236, 9.833585200429188e-05, 4.301989156130356e-05, -0.0017574201994168066, 1.6544992390075284e-05, -0.0017748075206916868], [-0.08775345889767071, 0.005620701308949288, -0.054702930384002736, 0.0025553580340104565, 0.0009635659822168069, -0.05950027620834436, -0.004528645723165543, -0.0009851116896776014, 0.0006526630118302396, -0.0018767168212974067, 0.002007895020124067, 2.2441733077127574e-05, -2.723683525942816e-05, 0.0005133700005226229, -0.00019593396597088425, -8.74316316420378e-05, -3.687992802773799e-05, -0.01716352553595323, 0.0024509227993781474, 0.002679805118897644, 0.19028969130455267, 0.0034665169395509186, 0.0029594360989604203, 0.002724458728159558, -0.0019587595782761032, -4.854300031791114e-05, 0.0010405551587987325, -0.00013049340172912325, -7.777099793209739e-05, -5.322428825261304e-05, -0.001985283411580167, 0.0013112909053480976, -9.667583297318811e-05, -7.273078360798224e-05, -6.159922541881142e-05, -0.01563059473930934, 0.002236761334963732, 0.0016410205265167863, 0.0013640134918790608, -0.001994618841501516, -5.564493152098716e-05, -9.010468558476045e-05, -0.002002780384718712, -7.175038910133202e-05, -0.0019891597288620375], [-0.08767236231951456, 0.005759643069350267, -0.05473144434293459, 0.0027012513278480386, 0.001113055853937109, -0.003901666547794049, -0.05981832194328177, -0.0008309367611963506, 0.0008028795197141437, -0.0018874653103331611, 0.002071370927836553, 2.4400218476490022e-05, -2.7166903404854316e-05, -0.00018753421894520232, 0.0004958749644004704, -8.965296910074327e-05, -3.717680482390404e-05, -0.017237734508025227, 0.0025150378047470636, 0.0027443734149835146, 0.0034665169395509186, 0.19038182741821857, 0.003024651717752613, 0.0027891241876047412, -0.001975443118054158, -5.2126011971443715e-05, -0.0001330352428008852, 0.0010267512289930138, -8.363947753142603e-05, -5.717318921157049e-05, -0.002004694764839996, -0.00010485802061942565, 0.0012994243574448192, -8.047781881873831e-05, -6.742957560507762e-05, -0.0020263114909680404, 0.0021532667727940705, -7.066691741929855e-05, -9.938217190952645e-05, -0.015592527741979256, 0.0016315608420529324, 0.001352528303618435, -0.0020254705574956483, -7.986205696931229e-05, -0.0020090982635589407], [-0.08844588646080864, 0.004661105137200836, -0.05454979709284536, 0.001547679730626732, -6.887245370218704e-05, -0.005182930706561412, -0.005656397619615744, -0.0573873568076289, -0.0003847685995049993, -0.0018079632021258953, 0.0015847016944384935, 9.435382200554607e-06, -2.7740593723608823e-05, -0.0001433038583273764, -0.00015393343585569266, 0.0006645475310252719, -3.495489701828187e-05, -0.016672473667398772, 0.0020241344290526362, 0.0022503433387559587, 0.0029594360989604203, 0.003024651717752613, 0.18974859728419374, 0.002294417369595901, -0.0018496644649910856, -2.4748564154725178e-05, -6.085573248235493e-05, -6.41803932051604e-05, 0.001161655161708252, -2.7000803358172824e-05, -0.0018576555941117402, -1.8300203388197622e-05, -1.7858033185857983e-05, 0.0014166295210848578, -2.2869458393860593e-05, -0.0018141053969056814, 0.0001263118489403748, 0.0022135737771191103, -1.0034882725146668e-05, -0.001805015064447957, 0.0022867348982609096, -8.861039511846857e-06, -0.015842132961664663, 0.001466257553194434, -0.0018579492890411957], [-0.08893302357181149, 0.004120322547890959, -0.05449569292951863, 0.0009792937473568797, -0.0006513460864512531, -0.005814448598738476, -0.006292792078586386, -0.0026503520146366646, -0.05625911266615092, -0.0017726030825571388, 0.0013572206869074117, 2.4348752131543645e-06, -2.8063164729914444e-05, -0.00012280024803957911, -0.00013151318913104962, -6.498325979317617e-05, 0.0007723042853981268, -0.016410425046400022, 0.0017953465092972207, 0.002020416299099064, 0.002724458728159558, 0.0027891241876047412, 0.002294417369595901, 0.18951137470785961, -0.0017920260418056975, -1.1994537194921642e-05, -2.7228988520793946e-05, -2.8631904002986913e-05, -1.7927145396412642e-05, 0.0012490921421422674, -0.0017897988186885655, 2.2043847577444037e-05, 2.440968404332505e-05, 6.324466003898098e-06, 0.001493453608626153, -0.0017148866523147021, 0.00018948685749433405, 8.178527182627684e-05, 0.002256531277472906, -0.0017029430008967208, 8.872309648115523e-05, 0.0023265363320654937, -0.0017727188220291517, 0.0017906349051569762, -0.015921394909221658], [0.13217417183690686, -0.05609666022746323, -0.055223230126489345, -0.11508216684257139, -0.05435228903849956, -0.05246944365509515, -0.05229607852443406, -0.05362005954939434, -0.05423518905908614, 0.04199886356179326, -0.0016094669977624895, -0.015588076181439254, -0.0016930061294167353, -0.001875126096365455, -0.0018922994813777166, -0.0017631831962061247, -0.0017042102222042464, 0.04173326969784167, -0.015978843500457907, -0.0017810682458608317, -0.0019587595782761032, -0.001975443118054158, -0.0018496644649910856, -0.0017920260418056975, 0.16887824071699722, -0.016353199522999698, -0.01716091918274871, -0.01723546263842829, -0.01666722504600319, -0.01640344861404986, 0.0414702701285833, -0.0020334524611253357, -0.0020495945164525995, -0.0019275570623934356, -0.0018714187259801008, 0.04088755209227217, -0.002208686402093208, -0.002095852214529577, -0.002043450060426561, 0.04083269223006206, -0.002111513408514366, -0.002059517486354294, 0.04124631004074168, -0.0019379954600241178, 0.04143464984408067], [-0.08902427153295374, 0.004246668017347369, 0.0018348204348512555, -0.0549969226901095, -0.056070645999118755, -0.005677718126620307, -0.006155462690342173, -0.002517298102591433, -0.0008387499138314823, -0.0017821547781117619, 2.7394637516554415e-05, 0.0012563327151872484, 0.0009029704326696602, -0.0001194106149340137, -0.00012860735789947363, -5.836630079749387e-05, -2.56268977483343e-05, -0.0018024128457038448, 0.0016031840747625713, 0.0012676596953365598, -4.854300031791114e-05, -5.2126011971443715e-05, -2.4748564154725178e-05, -1.1994537194921642e-05, -0.016353199522999698, 0.18956433777490728, 0.0026622048290889065, 0.002728700118778585, 0.0022200016414262312, 0.0019833262130476846, -0.01605113364385572, 0.002378635359129819, 0.002448314836858003, 0.0019150560211676775, 0.001666776394859565, -0.0017365410321827604, 0.0001822897418591432, 7.822781992695625e-05, 2.975137180145737e-05, -0.0017251480188840156, 8.46859132543071e-05, 3.236797654759967e-05, -0.0017907136440521465, 1.2373683728410196e-05, -0.001804148846662806], [-0.08832396581863115, 0.005807081813756026, 0.003450038775835394, -0.05524838014289908, 0.0011462058800295876, -0.05959434008756575, -0.004349269364968912, -0.000803898820386931, 0.000835055065825764, -0.0018949696572833276, 7.63734849472632e-05, 0.001968241447125943, -5.41159903195071e-08, 0.0006316041306179736, -0.00017889129699406514, -6.387876605903901e-05, -1.0278703159587807e-05, -0.001965440303066211, 0.0023202269040169714, -2.0815457042109826e-05, 0.0010405551587987325, -0.0001330352428008852, -6.085573248235493e-05, -2.7228988520793946e-05, -0.01716091918274871, 0.0026622048290889065, 0.19042495253295, 0.003475156136565415, 0.0029510988417080983, 0.0027083329688548296, -0.002010736176717385, 0.001435868741133485, -8.832359516893984e-05, -5.788046360620861e-05, -4.3714308738475556e-05, -0.015748913801934997, 0.002370040246820136, 0.0017685600435746024, 0.0014890541116493064, -0.0020281721312656676, -5.0879152548272203e-05, -8.232701177316716e-05, -0.0020310765113034177, -5.747702330792117e-05, -0.0020150639413117027], [-0.08829502740850256, 0.00594215812434404, 0.0035897480311787642, -0.05527998162356204, 0.0012902971581628879, -0.003729194713715258, -0.059920287912616804, -0.0006557711806462347, 0.000979770228795519, -0.0019058616177550266, 8.088060747568684e-05, 0.002033362402745525, 1.7137711617276959e