{
    "name": "Total Decomposition",
    "rational_expression": "1683*x1**4/10000 - 3833*x1**3*x2/100000 - 2229*x1**3*x3/50000 - 4519*x1**3*x4/100000 - 3757*x1**3*x5/100000 - 3179*x1**3*x6/100000 - 751*x1**3*x7/25000 - 1771*x1**3*x8/50000 - 2131*x1**3/10000 + 2593*x1**2*x2**2/10000 + 321*x1**2*x2*x3/1250000 + 5341*x1**2*x2*x4/100000000 + 1991*x1**2*x2*x5/5000000 + 1369*x1**2*x2*x6/1000000 + 639*x1**2*x2*x7/500000 - 3007*x1**2*x2*x8/1000000 - 1017*x1**2*x2/5000 + 2597*x1**2*x3**2/10000 - 17*x1**2*x3*x4/20000 + 1749*x1**2*x3*x5/1000000 + 401*x1**2*x3*x6/250000 + 601*x1**2*x3*x7/500000 - 2257*x1**2*x3*x8/500000 - 501*x1**2*x3/2500 + 1303*x1**2*x4**2/5000 + 301*x1**2*x4*x5/200000 + 1519*x1**2*x4*x6/1000000 + 1071*x1**2*x4*x7/1000000 - 107*x1**2*x4*x8/15625 - 2063*x1**2*x4/10000 + 1299*x1**2*x5**2/5000 + 777*x1**2*x5*x6/500000 + 179*x1**2*x5*x7/125000 - 1773*x1**2*x5*x8/1000000 - 2027*x1**2*x5/10000 + 2633*x1**2*x6**2/10000 + 207*x1**2*x6*x7/100000 - 819*x1**2*x6*x8/1250000 - 21*x1**2*x6/100 + 2623*x1**2*x7**2/10000 - 1261*x1**2*x7*x8/5000000 - 1059*x1**2*x7/5000 + 1311*x1**2*x8**2/5000 - 533*x1**2*x8/2500 + 7361*x1**2/10000 - 411*x1*x2**3/12500 - 7739*x1*x2**2*x3/10000000 - 57*x1*x2**2*x4/50000 + 3959*x1*x2**2*x5/10000000 + 211*x1*x2**2*x6/200000 + 4017*x1*x2**2*x7/5000000 - 163*x1*x2**2*x8/50000 - 1057*x1*x2**2/5000 + 4113*x1*x2*x3**2/1000000 + 1407*x1*x2*x3*x4/10000000 - 157*x1*x2*x3*x5/500000 - 763*x1*x2*x3*x6/2500000 + 1793*x1*x2*x3*x7/10000000 + 943*x1*x2*x3*x8/2500000 - 1383*x1*x2*x3/200000 + 9481*x1*x2*x4**2/1000000 - 2587*x1*x2*x4*x5/10000000 - 1581*x1*x2*x4*x6/10000000 + 4227*x1*x2*x4*x7/10000000 - 1373*x1*x2*x4*x8/10000000 - 1607*x1*x2*x4/100000 - 339*x1*x2*x5**2/100000 - 1613*x1*x2*x5*x6/10000000 - 309*x1*x2*x5*x7/2500000 + 381*x1*x2*x5*x8/2000000 + 4129*x1*x2*x5/1000000 - 383*x1*x2*x6**2/125000 + 37*x1*x2*x6*x7/312500 - 707*x1*x2*x6*x8/5000000 + 703*x1*x2*x6/500000 - 1727*x1*x2*x7**2/500000 - 687*x1*x2*x7*x8/5000000 + 3297*x1*x2*x7/1000000 + 383*x1*x2*x8**2/62500 + 537*x1*x2*x8/2500000 + 3843*x1*x2/100000 - 2877*x1*x3**3/100000 + 6577*x1*x3**2*x4/1000000 + 5963*x1*x3**2*x5/1000000 + 76*x1*x3**2*x6/15625 + 2319*x1*x3**2*x7/500000 + 2389*x1*x3**2*x8/1000000 - 447*x1*x3**2/2000 + 1009*x1*x3*x4**2/100000 + 1431*x1*x3*x4*x5/100000000 - 4673*x1*x3*x4*x6/100000000 - 1371*x1*x3*x4*x7/250000000 + 3319*x1*x3*x4*x8/10000000 - 3087*x1*x3*x4/100000 - 3221*x1*x3*x5**2/1000000 + 577*x1*x3*x5*x6/5000000 - 283*x1*x3*x5*x7/25000000 - 1371*x1*x3*x5*x8/250000000 - 9503*x1*x3*x5/1000000 - 287*x1*x3*x6**2/125000 - 2221*x1*x3*x6*x7/10000000 + 1357*x1*x3*x6*x8/10000000 - 17*x1*x3*x6/2000 - 1741*x1*x3*x7**2/500000 - 1299*x1*x3*x7*x8/10000000 - 4717*x1*x3*x7/1000000 + 6847*x1*x3*x8**2/1000000 - 8447*x1*x3*x8/1000000 - 6271*x1*x3/100000 - 689*x1*x4**3/25000 + 521*x1*x4**2*x5/50000 + 8053*x1*x4**2*x6/1000000 + 127*x1*x4**2*x7/15625 + 421*x1*x4**2*x8/100000 - 2259*x1*x4**2/10000 - 99*x1*x4*x5**2/31250 + 5341*x1*x4*x5*x6/100000000 + 651*x1*x4*x5*x7/5000000 - 5283*x1*x4*x5*x8/10000000 - 54*x1*x4*x5/3125 - 1097*x1*x4*x6**2/500000 + 599*x1*x4*x6*x7/12500000 - 887*x1*x4*x6*x8/2000000 - 371*x1*x4*x6/25000 - 3533*x1*x4*x7**2/1000000 - 649*x1*x4*x7*x8/2000000 - 1049*x1*x4*x7/100000 + 1477*x1*x4*x8**2/250000 - 781*x1*x4*x8/100000 - 1379*x1*x4/10000 - 657*x1*x5**3/20000 + 3527*x1*x5**2*x6/10000000 - 671*x1*x5**2*x7/2000000 - 1159*x1*x5**2*x8/200000 - 107*x1*x5**2/500 - 7*x1*x5*x6**2/6250 + 217*x1*x5*x6*x7/10000000 - 1073*x1*x5*x6*x8/10000000 - 1013*x1*x5*x6/500000 - 1417*x1*x5*x7**2/1000000 + 29*x1*x5*x7*x8/156250 + 4189*x1*x5*x7/10000000 + 833*x1*x5*x8**2/125000 + 509*x1*x5*x8/10000000 + 2111*x1*x5/50000 - 781*x1*x6**3/25000 - 4703*x1*x6**2*x7/5000000 - 5557*x1*x6**2*x8/1000000 - 431*x1*x6**2/2000 - 1321*x1*x6*x7**2/2000000 - 147*x1*x6*x7*x8/500000 - 223*x1*x6*x7/200000 + 699*x1*x6*x8**2/125000 + 79*x1*x6*x8/500000 + 8019*x1*x6/100000 - 3067*x1*x7**3/100000 - 5381*x1*x7**2*x8/1000000 - 2131*x1*x7**2/10000 + 2927*x1*x7*x8**2/500000 - 1169*x1*x7*x8/10000000 + 1079*x1*x7/10000 - 2811*x1*x8**3/100000 - 1053*x1*x8**2/5000 - 143*x1*x8/4000 - 1717*x1/25000 + 1641*x2**4/10000 - 43*x2**3*x3/1000 - 541*x2**3*x4/12500 - 227*x2**3*x5/6250 - 149*x2**3*x6/5000 - 729*x2**3*x7/25000 - 3431*x2**3*x8/100000 - 513*x2**3/2500 + 1311*x2**2*x3**2/5000 + 247*x2**2*x3*x4/100000 + 167*x2**2*x3*x5/40000 + 2743*x2**2*x3*x6/1000000 + 629*x2**2*x3*x7/250000 - 2937*x2**2*x3*x8/1000000 - 2139*x2**2*x3/10000 + 2633*x2**2*x4**2/10000 + 4199*x2**2*x4*x5/1000000 + 349*x2**2*x4*x6/125000 + 339*x2**2*x4*x7/125000 - 1223*x2**2*x4*x8/250000 - 561*x2**2*x4/2500 + 1301*x2**2*x5**2/5000 + 221*x2**2*x5*x6/100000 + 2171*x2**2*x5*x7/1000000 - 1843*x2**2*x5*x8/10000000 - 211*x2**2*x5/1000 + 1311*x2**2*x6**2/5000 + 317*x2**2*x6*x7/125000 + 9257*x2**2*x6*x8/10000000 - 2153*x2**2*x6/10000 + 2611*x2**2*x7**2/10000 + 4591*x2**2*x7*x8/10000000 - 539*x2**2*x7/2500 + 2619*x2**2*x8**2/10000 - 2201*x2**2*x8/10000 + 3603*x2**2/5000 - 3197*x2*x3**3/100000 + 1069*x2*x3**2*x4/100000 + 1677*x2*x3**2*x5/200000 + 711*x2*x3**2*x6/125000 + 5619*x2*x3**2*x7/1000000 + 511*x2*x3**2*x8/125000 - 2287*x2*x3**2/10000 + 93*x2*x3*x4**2/6250 - 1051*x2*x3*x4*x5/2000000 - 6223*x2*x3*x4*x6/10000000 - 4067*x2*x3*x4*x7/10000000 - 887*x2*x3*x4*x8/2500000 - 2773*x2*x3*x4/50000 + 1291*x2*x3*x5**2/10000000 + 751*x2*x3*x5*x6/50000000 + 5031*x2*x3*x5*x7/100000000 + 3433*x2*x3*x5*x8/100000000 - 1327*x2*x3*x5/50000 - 3421*x2*x3*x6**2/10000000 - 551*x2*x3*x6*x7/2500000 - 5023*x2*x3*x6*x8/10000000 - 1523*x2*x3*x6/100000 - 137*x2*x3*x7**2/125000 - 3037*x2*x3*x7*x8/10000000 - 127*x2*x3*x7/10000 + 951*x2*x3*x8**2/100000 - 213*x2*x3*x8/10000 - 1041*x2*x3/20000 - 813*x2*x4**3/25000 + 1411*x2*x4**2*x5/100000 + 51*x2*x4**2*x6/5000 + 207*x2*x4**2*x7/20000 + 3457*x2*x4**2*x8/500000 - 569*x2*x4**2/2500 + 8869*x2*x4*x5**2/10000000 - 1907*x2*x4*x5*x6/10000000 - 83*x2*x4*x5*x7/625000 - 701*x2*x4*x5*x8/5000000 - 3853*x2*x4*x5/100000 + 5863*x2*x4*x6**2/10000000 + 71*x2*x4*x6*x7/200000 - 583*x2*x4*x6*x8/2500000 - 2713*x2*x4*x6/100000 - 2501*x2*x4*x7**2/5000000 - 2909*x2*x4*x7*x8/100000000 - 2473*x2*x4*x7/100000 + 8517*x2*x4*x8**2/1000000 - 1043*x2*x4*x8/50000 - 359*x2*x4/2000 - 1881*x2*x5**3/50000 + 829*x2*x5**2*x6/2000000 + 1481*x2*x5**2*x7/5000000 - 981*x2*x5**2*x8/250000 - 2113*x2*x5**2/10000 - 1519*x2*x5*x6**2/10000000 - 1043*x2*x5*x6*x7/25000000 - 259*x2*x5*x6*x8/1250000 - 643*x2*x5*x6/125000 - 7511*x2*x5*x7**2/10000000 - 497*x2*x5*x7*x8/2500000 - 3057*x2*x5*x7/1000000 + 4401*x2*x5*x8**2/500000 - 4721*x2*x5*x8/500000 + 6667*x2*x5/100000 - 1773*x2*x6**3/50000 + 9471*x2*x6**2*x7/100000000 - 1727*x2*x6**2*x8/500000 - 2097*x2*x6**2/10000 - 639*x2*x6*x7**2/2500000 + 41*x2*x6*x7*x8/400000 - 4453*x2*x6*x7/1000000 + 3821*x2*x6*x8**2/500000 - 1011*x2*x6*x8/100000 + 1253*x2*x6/10000 - 903*x2*x7**3/25000 - 3957*x2*x7**2*x8/1000000 - 2073*x2*x7**2/10000 + 7307*x2*x7*x8**2/1000000 - 9*x2*x7*x8/1250 + 563*x2*x7/5000 - 3251*x2*x8**3/100000 - 523*x2*x8**2/2500 - 4449*x2*x8/50000 + 2441*x2/10000 + 401*x3**4/2500 - 717*x3**3*x4/20000 - 3091*x3**3*x5/100000 - 2639*x3**3*x6/100000 - 519*x3**3*x7/20000 - 2999*x3**3*x8/100000 - 259*x3**3/1250 + 1337*x3**2*x4**2/5000 + 1123*x3**2*x4*x5/100000 + 7499*x3**2*x4*x6/1000000 + 3833*x3**2*x4*x7/500000 + 1939*x3**2*x4*x8/500000 - 2373*x3**2*x4/10000 + 327*x3**2*x5**2/1250 + 5801*x3**2*x5*x6/1000000 + 5251*x3**2*x5*x7/1000000 + 11*x3**2*x5*x8/2000 - 1153*x3**2*x5/5000 + 1307*x3**2*x6**2/5000 + 2307*x3**2*x6*x7/500000 + 5313*x3**2*x6*x8/1000000 - 2247*x3**2*x6/10000 + 163*x3**2*x7**2/625 + 5017*x3**2*x7*x8/1000000 - 563*x3**2*x7/2500 + 2639*x3**2*x8**2/10000 - 1149*x3**2*x8/5000 + 6273*x3**2/10000 - 29*x3*x4**3/800 + 387*x3*x4**2*x5/25000 + 533*x3*x4**2*x6/50000 + 1079*x3*x4**2*x7/100000 + 3623*x3*x4**2*x8/500000 - 453*x3*x4**2/2000 - 2713*x3*x4*x5**2/10000000 + 4387*x3*x4*x5*x6/50000000 - 4697*x3*x4*x5*x7/100000000 - 757*x3*x4*x5*x8/2500000 - 2641*x3*x4*x5/50000 - 1451*x3*x4*x6**2/1000000 - 1731*x3*x4*x6*x7/10000000 - 1259*x3*x4*x6*x8/10000000 - 3389*x3*x4*x6/100000 - 2499*x3*x4*x7**2/1000000 - 77*x3*x4*x7*x8/250000 - 3187*x3*x4*x7/100000 + 369*x3*x4*x8**2/40000 - 4037*x3*x4*x8/100000 - 1503*x3*x4/10000 - 543*x3*x5**3/12500 + 253*x3*x5**2*x6/250000 + 3987*x3*x5**2*x7/10000000 - 2669*x3*x5**2*x8/500000 - 43*x3*x5**2/200 + 349*x3*x5*x6**2/250000 - 121*x3*x5*x6*x7/500000 - 3109*x3*x5*x6*x8/10000000 - 409*x3*x5*x6/25000 + 7297*x3*x5*x7**2/10000000 + 993*x3*x5*x7*x8/5000000 - 131*x3*x5*x7/10000 + 261*x3*x5*x8**2/25000 - 1071*x3*x5*x8/50000 - 21*x3*x5/800 - 4061*x3*x6**3/100000 - 353*x3*x6**2*x7/2500000 - 4399*x3*x6**2*x8/1000000 - 128*x3*x6**2/625 - 1191*x3*x6*x7**2/5000000 - 19*x3*x6*x7*x8/50000 - 4017*x3*x6*x7/500000 + 167*x3*x6*x8**2/20000 - 1897*x3*x6*x8/100000 + 2053*x3*x6/25000 - 4139*x3*x7**3/100000 - 949*x3*x7**2*x8/200000 - 2023*x3*x7**2/10000 + x3*x7*x8**2/125 - 63*x3*x7*x8/4000 + 413*x3*x7/6250 - 3767*x3*x8**3/100000 - 521*x3*x8**2/2500 - 853*x3*x8/5000 + 247*x3/625 + 413*x4**4/2500 - 619*x4**3*x5/20000 - 161*x4**3*x6/6250 - 1263*x4**3*x7/50000 - 2803*x4**3*x8/100000 - 1003*x4**3/5000 + 1311*x4**2*x5**2/5000 + 503*x4**2*x5*x6/50000 + 4933*x4**2*x5*x7/500000 + 8157*x4**2*x5*x8/1000000 - 2251*x4**2*x5/10000 + 2619*x4**2*x6**2/10000 + 323*x4**2*x6*x7/40000 + 6823*x4**2*x6*x8/1000000 - 2229*x4**2*x6/10000 + 523*x4**2*x7**2/2000 + 6661*x4**2*x7*x8/1000000 - 1121*x4**2*x7/5000 + 166*x4**2*x8**2/625 - 23*x4**2*x8/100 + 6931*x4**2/10000 - 4333*x4*x5**3/100000 + 7611*x4*x5**2*x6/10000000 + 3693*x4*x5**2*x7/10000000 - 87*x4*x5**2*x8/12500 - 2221*x4*x5**2/10000 + 227*x4*x5*x6**2/200000 - 1327*x4*x5*x6*x7/5000000 - 5293*x4*x5*x6*x8/100000000 - 1169*x4*x5*x6/50000 + 227*x4*x5*x7**2/1250000 - 2329*x4*x5*x7*x8/10000000 - 2081*x4*x5*x7/100000 + 4593*x4*x5*x8**2/500000 - 2173*x4*x5*x8/100000 - 1023*x4*x5/10000 - 803*x4*x6**3/20000 + 3223*x4*x6**2*x7/10000000 - 353*x4*x6**2*x8/62500 - 2119*x4*x6**2/10000 - 2493*x4*x6*x7**2/10000000 - 7*x4*x6*x7*x8/50000 - 1573*x4*x6*x7/100000 + 1909*x4*x6*x8**2/250000 - 1801*x4*x6*x8/100000 + 1017*x4*x6/50000 - 829*x4*x7**3/20000 - 837*x4*x7**2*x8/125000 - 1047*x4*x7**2/5000 + 7167*x4*x7*x8**2/1000000 - 1411*x4*x7*x8/100000 - 6527*x4*x7/1000000 - 1843*x4*x8**3/50000 - 2107*x4*x8**2/10000 - 1693*x4*x8/10000 + 627*x4/2500 + 33*x5**4/200 - 3007*x5**3*x6/100000 - 2917*x5**3*x7/100000 - 1719*x5**3*x8/50000 - 51*x5**3/250 + 2629*x5**2*x6**2/10000 + 131*x5**2*x6*x7/100000 + 4679*x5**2*x6*x8/500000000 - 213*x5**2*x6/1000 + 2629*x5**2*x7**2/10000 - 3707*x5**2*x7*x8/5000000 - 2139*x5**2*x7/10000 + 2619*x5**2*x8**2/10000 - 1111*x5**2*x8/5000 + 383*x5**2/500 - 3447*x5*x6**3/100000 + 917*x5*x6**2*x7/10000000 - 313*x5*x6**2*x8/200000 - 26*x5*x6**2/125 - 2549*x5*x6*x7**2/10000000 + 6831*x5*x6*x7*x8/100000000 - 93*x5*x6*x7/40000 + 253*x5*x6*x8**2/31250 - 1311*x5*x6*x8/100000 + 903*x5*x6/5000 - 3487*x5*x7**3/100000 - 441*x5*x7**2*x8/250000 - 257*x5*x7**2/1250 + 29*x5*x7*x8**2/4000 - 9669*x5*x7*x8/1000000 + 7*x5*x7/40 - 799*x5*x8**3/25000 - 261*x5*x8**2/1250 - 7167*x5*x8/100000 + 1701*x5/5000 + 1709*x6**4/10000 - 2833*x6**3*x7/100000 - 3231*x6**3*x8/100000 - 2111*x6**3/10000 + 2657*x6**2*x7**2/10000 - 1261*x6**2*x7*x8/1000000 - 271*x6**2*x7/1250 + 2641*x6**2*x8**2/10000 - 277*x6**2*x8/1250 + 494*x6**2/625 - 2939*x6*x7**3/100000 - 657*x6*x7**2*x8/500000 - 2129*x6*x7**2/10000 + 3319*x6*x7*x8**2/500000 - 2259*x6*x7*x8/250000 + 183*x6*x7/1000 - 2743*x6*x8**3/100000 - 2141*x6*x8**2/10000 - 347*x6*x8/20000 + 2231*x6/10000 + 1717*x7**4/10000 - 3221*x7**3*x8/100000 - 2117*x7**3/10000 + 2629*x7**2*x8**2/10000 - 1101*x7**2*x8/5000 + 4043*x7**2/5000 - 2639*x7*x8**3/100000 - 1073*x7*x8**2/5000 + 2041*x7*x8/1000000 + 773*x7/5000 + 17*x8**4/100 - 2149*x8**3/10000 + 6799*x8**2/10000 - 2613*x8/10000 + 859/500",
    "Q": "[[1.718190916059167, -0.13096903469894064, 0.07783920019230335, 0.11099854708165675, 0.17034432410965258, 0.12568709999711652, 0.1976746697428094, 0.1220417380830032, -0.03441006620215485, 0.09053573517116438, -0.06558155872266713, -0.07075882338741149, -0.08666974490501954, -0.1325159613941641, -0.12589315219910197, -0.09668602140779829, -0.08539966266685935, 0.12920997882300195, -0.03801615847879087, -0.039741022473510815, -0.08869129779110302, -0.07098835365999062, -0.053146421627486506, -0.04164970437890154, 0.118785707358334, -0.04129611783854068, -0.08263356503596392, -0.06956874956153702, -0.052222271158827015, -0.05151296134530503, 0.10788912746455231, -0.12919881307938083, -0.11161576556954422, -0.07356199683883391, -0.06252784723305241, 0.09091378131813864, -0.15065227971274034, -0.15291854909365038, -0.12524853596997435, 0.05825343929898009, -0.11388314704339716, -0.09714444072570014, 0.1003693994835182, -0.061409622984548703, 0.11446901031349709], [-0.13096903469894064, 0.4978501755304496, 0.0661262744433778, 0.061832233822887425, 0.049775040781687735, 0.04762669298715541, 0.04020480520397941, 0.051477240948234276, 0.06783073720054854, -0.10717719728843589, -0.04796856994088588, -0.048289955587767996, -0.05131983448316482, -0.05989393528665386, -0.05815057123452274, -0.05343877414542261, -0.052075096158297585, -0.049513287558065194, 0.006713806624467239, 0.009227500573555609, 0.011172398701203002, 0.011697160230131034, 0.00982704635278004, 0.008139246582152305, -0.048508974465757713, 0.009865310168951643, 0.011937109235664193, 0.012494170277659047, 0.010412919340911094, 0.008598576525337675, -0.044967183752425595, 0.013450499738508587, 0.0146029665932949, 0.012814957677669594, 0.010247016008946888, -0.042286610041688155, 0.011649398449970712, 0.011624969092883118, 0.007994956068652309, -0.0398768012450497, 0.013252194269373107, 0.00974011425746637, -0.04447118713386733, 0.009633838123259051, -0.0482414734436497], [0.07783920019230335, 0.0661262744433778, 0.5511218129273044, 0.1294393712564929, 0.12682568876896114, 0.08621487819579729, 0.10373997634388252, 0.10965860079498678, 0.09519016112090797, -0.059136831076593496, -0.06062597074719576, -0.005229793321722396, -0.00696105418847291, -0.016468991146881776, -0.013946847675978603, -0.009470507760026649, -0.010215710147489104, -0.10605263775817853, -0.057541576231192534, -0.05965598389180648, -0.06805752341107234, -0.06578311939698794, -0.06117065284659214, -0.057130362720727225, -0.05144193580353853, 0.0008374406729351922, -0.0032517583228151284, -0.0011423430779548215, -0.00024568627349520473, -0.002312297425119459, -0.05090880560086288, -0.009306904499163906, -0.006231600824639639, -0.001980746351827573, -0.002875780522752353, -0.05150458270339713, -0.011622106605494224, -0.01378275555377449, -0.013228632726643192, -0.05420313584588981, -0.006737937866663984, -0.007688574169304988, -0.051538250661441014, -0.0027343416900905038, -0.053157180934925996], [0.11099854708165675, 0.061832233822887425, 0.1294393712564929, 0.5530648497363979, 0.1315514839197445, 0.09253824154396044, 0.10985239617532873, 0.11401060403190359, 0.0915512193314526, -0.05858269601086866, -0.006034016151448662, -0.062327597807298615, -0.008516526577476929, -0.018866507889677378, -0.016195706142025403, -0.011248037395858404, -0.01162118240662605, -0.04909094468485964, -0.0567099376415385, 4.698127320238618e-05, -0.007100490566054346, -0.003519153757912732, -0.0019181640976167643, -0.001399388252162125, -0.1056542859914464, -0.05923900582523482, -0.06745590845266865, -0.06539263252832721, -0.06083566502059756, -0.05870278824480913, -0.0497935228627036, -0.012311182200982327, -0.008596422023140789, -0.003472246893784177, -0.003505143784623981, -0.05128623613493547, -0.015063655939935847, -0.01730541922599826, -0.015406611065040422, -0.05442793639006604, -0.009226952712184941, -0.009074664983748855, -0.05077869203618859, -0.003450197963089841, -0.0517934932392379], [0.17034432410965258, 0.049775040781687735, 0.12682568876896114, 0.1315514839197445, 0.5491875629723706, 0.07787867872846649, 0.09833733083381989, 0.10702077169776868, 0.08301172426701618, -0.05272935237095318, -0.007051052635877291, -0.007776098769048586, -0.06605899214437498, -0.02055985817259775, -0.017603622950414455, -0.012102748786186574, -0.012277356280765603, -0.04327103150684454, -0.00237903108322737, -0.05620647323143357, -0.00792527830159538, -0.0038661979270031236, -0.002463959423403329, -0.0018653617779249212, -0.044591917046634136, -0.05680588265516574, -0.005784504093939846, -0.0028383722233142265, -0.001788700760412149, -0.003648262140393193, -0.10183406487606639, -0.07629522327737062, -0.07251035212608835, -0.06366910004947392, -0.06025778599459156, -0.04440827360915573, -0.015239317824494605, -0.018720131417301042, -0.0167618611989794, -0.048594636371065, -0.009284372420181786, -0.009463103712417728, -0.04472200160611147, -0.0032908924138028905, -0.04555861658679426], [0.12568709999711652, 0.04762669298715541, 0.08621487819579729, 0.09253824154396044, 0.07787867872846649, 0.5106421366412329, 0.07617339311404456, 0.06305462851175862, 0.05650050582538542, -0.045532796019795804, -0.0019174365517658585, -0.0024535278302554586, -0.0033511643524547054, -0.07319660412234112, -0.01187147987901742, -0.006277815588313113, -0.007310224990921095, -0.03704445910147398, 0.0024984873318531797, 0.006179577210003251, -0.060405861709533534, 0.002233582416015415, 0.0046904997355587605, 0.003701887288128471, -0.03816119120789436, 0.006031468457828292, -0.05996896852482364, 0.0026570494612875436, 0.005091177942531488, 0.0022697259032687846, -0.03512672694994347, -0.06788510581954037, -0.00029752661975787387, 0.005853554643167891, 0.0036066996826070864, -0.1001809112168481, -0.07589929484186353, -0.07250814888513742, -0.06778571855930672, -0.03960555508702664, -0.0008095616265112308, -0.002387657879895207, -0.03583164822799266, 0.0036558278092007645, -0.03879051891385354], [0.1976746697428094, 0.04020480520397941, 0.10373997634388252, 0.10985239617532873, 0.09833733083381989, 0.07617339311404456, 0.5104888091361611, 0.08730551662660511, 0.06681830637223271, -0.04576600115740309, -0.005490320223860764, -0.0062443160726790865, -0.00740067175192816, -0.020081457254803023, -0.07494816507200953, -0.010806671237154869, -0.01126116864762474, -0.035552174526978564, 3.062928217122217e-05, 0.0034072063012051913, -0.006597989555802793, -0.058527303030572325, 0.00024495572755951344, 0.0003308874751155668, -0.037032086932090605, 0.003431629656154332, -0.004670346577793359, -0.05828853995551155, 0.0008138587226691602, -0.0015869691751482357, -0.03495236716277608, -0.011220997122259458, -0.06665137347590097, 0.00033415424265008083, -0.0007397748447414437, -0.03748194312674421, -0.078854488558553, -0.017904187430798257, -0.015694459704398304, -0.10380696470861255, -0.06838351500247952, -0.06554280322011108, -0.0370028140687249, -0.0009453929550650854, -0.03827420296070723], [0.1220417380830032, 0.051477240948234276, 0.10965860079498678, 0.11401060403190359, 0.10702077169776868, 0.06305462851175862, 0.08730551662660511, 0.5208991965661085, 0.08075593253267646, -0.0506085544977847, -0.0037890634933853036, -0.004378223481533503, -0.005466961356021549, -0.015781427777585302, -0.013124239323024606, -0.06563100860468712, -0.008960136880806201, -0.04251896968564129, 9.097235249403335e-05, 0.0025087269867840154, -0.0031465078422337122, -0.0005726503952217437, -0.056249044645791196, 0.0001285933979588991, -0.04357425902847257, 0.0025498084087119685, -0.001333323885608434, 0.0001868032926236194, -0.05648466675200558, -0.00141289914531313, -0.04206710765130766, -0.006808675281434027, -0.004179904080485765, -0.060655669674191684, -0.0010451887444365504, -0.041582870236015174, -0.009492116635032282, -0.07635122423190496, -0.011998344644426243, -0.04581601392058506, -0.06953083412926687, -0.006275181798247344, -0.10240500040831886, -0.05814498332933109, -0.04461733122639266], [-0.03441006620215485, 0.06783073720054854, 0.09519016112090797, 0.0915512193314526, 0.08301172426701618, 0.05650050582538542, 0.06681830637223271, 0.08075593253267646, 0.5057668726357132, -0.05334080237780161, 0.00248482843137809, 0.002657680179742667, 0.002253232668118885, -0.0049781449555135115, -0.0027263859013216332, -0.00013847184910611426, -0.058307653269863216, -0.04977175653865487, 0.003177078495852839, 0.00518453257031225, 0.004315390120497475, 0.005201712897062071, 0.004296911561208333, -0.052410201781121026, -0.04928630452955808, 0.006035752289380065, 0.0059627286176774505, 0.00646210880495891, 0.005221426364483557, -0.05336280149530854, -0.04699397009405726, 0.004283867491951469, 0.005486300679728482, 0.005835279547753516, -0.056032877838918076, -0.04497992737656431, 0.0023410245629272514, 0.0005797662421814042, -0.06450853855524687, -0.0458631381970502, 0.0038735700243095667, -0.062016124565078365, -0.04760935733992875, -0.05665297589325917, -0.10642092962785234], [0.09053573517116438, -0.10717719728843589, -0.059136831076593496, -0.05858269601086866, -0.05272935237095318, -0.045532796019795804, -0.04576600115740309, -0.0506085544977847, -0.05334080237780161, 0.17026660207247848, -0.01331003860018519, -0.01385301055427076, -0.016174835265451645, -0.018424147563974425, -0.018986471650593313, -0.016459853289096677, -0.014056482327615891, 0.03942400946657675, -0.0007669706752934158, -0.0015695906862963937, -0.0015749123048902332, -0.0019563564227787693, -0.0015155544214193568, -0.001111616237547739, 0.03922608044002107, -0.001735200606476305, -0.0020646425693109875, -0.002297694515898977, -0.001760475960701408, -0.0010673850651897608, 0.037966076057985174, -0.0022716588841913375, -0.002605828596899128, -0.002327524133471671, -0.001705277960397502, 0.0351059934368922, -0.004326406297438, -0.002277895137243189, -0.001912537693763327, 0.03579354897161691, -0.0031409464749259735, -0.002539810061040006, 0.037562468470914726, -0.0021567913620511737, 0.03878325046059079], [-0.06558155872266713, -0.04796856994088588, -0.06062597074719576, -0.006034016151448662, -0.007051052635877291, -0.0019174365517658585, -0.005490320223860764, -0.0037890634933853036, 0.00248482843137809, -0.01331003860018519, 0.18447227559601262, 0.0041976826666072905, 0.005352751766276867, 0.005218933079864232, 0.005932219363477694, 0.005121022042672832, 0.003925954592985657, -0.016140797305622026, 0.0012777530353460128, 0.0010420541860306596, -0.0003710539388767905, 0.0004203439766956419, 0.0003046955967029597, -0.0008783789039023826, -0.0014607601496932283, -0.00033916794806650294, -0.00023574918266978197, -0.00023711015089651115, -0.0002470210724561836, 0.0002558343288389037, -0.0010644033891721633, 0.0011053937898527276, 0.0010618643242205675, 0.0003423027557585782, 0.0005451721136484961, -0.0022850472800646023, -0.0002903774039224663, 0.0012541807727988578, 0.001022123242120942, -0.00026400702974653084, 0.0005185377374545489, 0.0006603269107082089, -0.001065833252789913, 0.00010926007355061592, -0.001079750329070972], [-0.07075882338741149, -0.048289955587767996, -0.005229793321722396, -0.062327597807298615, -0.007776098769048586, -0.0024535278302554586, -0.0062443160726790865, -0.004378223481533503, 0.002657680179742667, -0.01385301055427076, 0.0041976826666072905, 0.1850023327571537, 0.005786142021350527, 0.005945634679206792, 0.006582941156133079, 0.005608500030742602, 0.004080253025442504, -0.0018653828083735878, 0.0008926793557595166, -0.00022783807286057994, 0.0005651989650135485, 0.0002150496949834365, 8.121956472391349e-05, -0.00010302770640259626, -0.01607165346868503, 0.0009215978891285903, -0.0005743595721705191, 0.000238530929161081, 0.00017616059007897404, -0.0009075517863184017, -0.001083724808012491, 0.0016352705581400642, 0.0014086122533734458, 0.0005630205468813994, 0.00046332718146845824, -0.0018076886910583978, 0.0005426424677824587, 0.0019900649331594093, 0.0012151213124204992, 5.203263535722416e-05, 0.0009885821811754607, 0.0006515508365580213, -0.0009629003873220735, 5.872447276540559e-05, -0.0014210112735424548], [-0.08666974490501954, -0.05131983448316482, -0.00696105418847291, -0.008516526577476929, -0.06605899214437498, -0.0033511643524547054, -0.00740067175192816, -0.005466961356021549, 0.002253232668118885, -0.016174835265451645, 0.005352751766276867, 0.005786142021350527, 0.1856611834639458, 0.0069365664490961985, 0.007772595138482943, 0.006833905588168873, 0.005169087035857817, -0.002152983136130682, 0.0005670060209265608, 0.0007844743846885554, 0.000571489421151377, 0.0001522102561355802, 0.0002766013040186933, 0.0001397028884438601, -0.0017311756001866846, 0.0010560186929831508, -2.6013334880669825e-05, -0.00017655830468469376, 5.8907453311926194e-05, 0.000523698298227983, -0.017338142423108636, -0.00045747122210622456, 0.00024176542033532694, -5.511540215338418e-05, -0.0012443487253876839, -0.004205892128563037, -0.001464690992814498, 0.001329962195408564, 0.000800174558468091, -0.0017306012512259014, 7.053780743092116e-05, 5.997063292739259e-05, -0.0016944397335471842, -0.000229194964049601, -0.0018711316109888616], [-0.1325159613941641, -0.05989393528665386, -0.016468991146881776, -0.018866507889677378, -0.02055985817259775, -0.07319660412234112, -0.020081457254803023, -0.015781427777585302, -0.0049781449555135115, -0.018424147563974425, 0.005218933079864232, 0.005945634679206792, 0.0069365664490961985, 0.19511497363672928, 0.009038816273323674, 0.006631326414027837, 0.004998092004464819, -0.002913161840064968, -0.0003294497823448185, -0.001676883211003849, 0.005532256782755684, -0.0006707428091340611, -0.0012949111712752762, -0.0013237746978503081, -0.0021225772188129305, -0.0016092572232592095, 0.005315096614278853, -0.0008080625573770114, -0.00142573308329844, -0.0005190769421250806, -0.002921210853491012, 0.008149928032522328, 5.662939954779563e-06, -0.0018841259593896254, -0.001485662279186902, -0.013879348692640453, 0.0087035195568302, 0.008970632765660007, 0.006860420549927591, -0.002012375744323663, -0.0011808497828674081, -0.0008446309903090671, -0.0037446517502089873, -0.0026921411526493006, -0.0034225257971158725], [-0.12589315219910197, -0.05815057123452274, -0.013946847675978603, -0.016195706142025403, -0.017603622950414455, -0.01187147987901742, -0.07494816507200953, -0.013124239323024606, -0.0027263859013216332, -0.018986471650593313, 0.005932219363477694, 0.006582941156133079, 0.007772595138482943, 0.009038816273323674, 0.1927098725947986, 0.007941214804482727, 0.0059766543684976236, -0.0029382292334325143, 2.2060455913232628e-05, -0.001214074580355361, 0.0009611202130562724, 0.002676033180639575, -0.0004111696152980237, -0.000587979669179981, -0.002263401899317201, -0.00123205394868876, 0.00026542008959524565, 0.002660517663086827, -0.0006216730273250437, 9.85694865151579e-05, -0.002866941414553385, 0.0014590280528624176, 0.0043896747583831225, -0.000817089803512041, -0.0006265761608771202, -0.0050267484388986485, 0.003774963992434875, 0.0028573097354834087, 0.002009689791225902, -0.015022257980984144, 0.003740507293655085, 0.0023777026804393127, -0.002662718280661037, -0.0010810935997186328, -0.002774016068246121], [-0.09668602140779829, -0.05343877414542261, -0.009470507760026649, -0.011248037395858404, -0.012102748786186574, -0.006277815588313113, -0.010806671237154869, -0.06563100860468712, -0.00013847184910611426, -0.016459853289096677, 0.005121022042672832, 0.005608500030742602, 0.006833905588168873, 0.006631326414027837, 0.007941214804482727, 0.1866646677817461, 0.005340674501759994, -0.002446310985128467, 0.00016580150773216621, -0.0006189040597771891, 4.0730398476247805e-05, -0.00010736812215705149, 0.0013182434702776345, -0.00010118928208549505, -0.001929331476745344, -0.0006219280001930183, -0.0005643318498614992, -0.00036690915384917874, 0.0014747179721891258, 0.00043184096692878277, -0.0019175357686287066, 0.0005541637639804094, 0.0007465519960818491, 0.001538085681905521, 0.00025666191964625096, -0.005580775091568184, -0.0016764599526185315, 0.001218499935838502, 0.0009859183235814899, -0.0016734986334851784, 0.0011347994363399895, 0.0005773961648453712, -0.017253266879724168, -0.0006955497383548819, -0.0016733125961689473], [-0.08539966266685935, -0.052075096158297585, -0.010215710147489104, -0.01162118240662605, -0.012277356280765603, -0.007310224990921095, -0.01126116864762474, -0.008960136880806201, -0.058307653269863216, -0.014056482327615891, 0.003925954592985657, 0.004080253025442504, 0.005169087035857817, 0.004998092004464819, 0.0059766543684976236, 0.005340674501759994, 0.18406545898018126, -0.0018625171022533867, -0.00015280662243647564, -0.0006848750020924853, 0.0003016514557297688, -7.234724152783788e-05, -8.07079146517002e-06, 0.0008021255467680715, -0.0017404230894582035, -0.0009870254796963377, -0.0006960443702953404, -0.0007501203230724278, -0.0004905654396942394, 0.0012385810398375281, -0.0015053451496322978, 0.0006854877207195011, 0.0005666055279484961, -2.7466955596117346e-05, 0.00104557021240325, -0.004591856776061588, -0.0011650588009164248, 0.0017062228290665045, 0.00021511465143507624, -0.0013357786890298461, 0.0005036974348757461, 0.0004189679151293896, -0.0010983463696104658, 1.571086775420341e-05, -0.01762999237553424], [0.12920997882300195, -0.049513287558065194, -0.10605263775817853, -0.04909094468485964, -0.04327103150684454, -0.03704445910147398, -0.035552174526978564, -0.04251896968564129, -0.04977175653865487, 0.03942400946657675, -0.016140797305622026, -0.0018653828083735878, -0.002152983136130682, -0.002913161840064968, -0.0029382292334325143, -0.002446310985128467, -0.0018625171022533867, 0.17239699859167684, -0.014752413079276534, -0.017447590405295883, -0.020679519751550975, -0.02080851214007265, -0.018098967290695215, -0.015438772554536299, 0.04010532306948246, -0.0016856227866255994, -0.002773983179016576, -0.0026823058256201836, -0.001982087771098307, -0.0014967092488401815, 0.038590341101409444, -0.0033109691023720665, -0.0033093409758426515, -0.002645379231294002, -0.0020179111074961585, 0.03671565225055638, -0.004410421001444527, -0.0036504701659171913, -0.0028320994083539785, 0.03627939005097359, -0.0036063577999157796, -0.002829976075639788, 0.038161616182538334, -0.0023033136793476996, 0.039638655771679396], [-0.03801615847879087, 0.006713806624467239, -0.057541576231192534, -0.0567099376415385, -0.00237903108322737, 0.0024984873318531797, 3.062928217122217e-05, 9.097235249403335e-05, 0.003177078495852839, -0.0007669706752934158, 0.0012777530353460128, 0.0008926793557595166, 0.0005670060209265608, -0.0003294497823448185, 2.2060455913232628e-05, 0.00016580150773216621, -0.00015280662243647564, -0.014752413079276534, 0.1852219587216347, 0.0017259900368566106, 0.0026473927347765366, 0.002629336611921485, 0.0018817566891130041, 0.0012575165069839249, -0.014078433660935405, 0.001449190298210061, 0.0022803701623609327, 0.0022183862096111454, 0.0015993255630297853, 0.0008689265484496274, -0.000568365660263596, 0.0007518007219353695, 0.000726541831899108, 0.00043006035842426646, 0.0004092615400318945, -0.0010338683058772162, -0.0001020568042323813, 0.0004968344180995458, 0.00020770044067196873, -0.0003495872082455898, 0.0003738782645291153, 0.00024773067564380787, -0.0005761705444494849, 9.438416699899223e-05, -0.0007372136112535589], [-0.039741022473510815, 0.009227500573555609, -0.05965598389180648, 4.698127320238618e-05, -0.05620647323143357, 0.006179577210003251, 0.0034072063012051913, 0.0025087269867840154, 0.00518453257031225, -0.0015695906862963937, 0.0010420541860306596, -0.00022783807286057994, 0.0007844743846885554, -0.001676883211003849, -0.001214074580355361, -0.0006189040597771891, -0.0006848750020924853, -0.017447590405295883, 0.0017259900368566106, 0.18557954800612525, 0.003514211457787315, 0.0036261248449712216, 0.00240149020773425, 0.0012941255524304314, -0.001448470777908621, 0.0012745834582764768, -0.0004619129294708458, -0.0004049800528692854, -0.00024306655267872224, -8.97191543820495e-05, -0.014548141264424002, 0.0022381508191104964, 0.002278618640192064, 0.001624836458563725, 0.0008993810639265894, -0.0025129000440793727, -0.0019823903883504604, -0.0006447338805022534, -0.0005873579412035394, -0.0015992974932999306, -0.0006518314830893549, -0.0004970329346924045, -0.0014278119806612883, -0.00040732081070672606, -0.0014446919072665342], [-0.08869129779110302, 0.011172398701203002, -0.06805752341107234, -0.007100490566054346, -0.00792527830159538, -0.060405861709533534, -0.006597989555802793, -0.0031465078422337122, 0.004315390120497475, -0.0015749123048902332, -0.0003710539388767905, 0.0005651989650135485, 0.000571489421151377, 0.005532256782755684, 0.0009611202130562724, 4.0730398476247805e-05, 0.0003016514557297688, -0.020679519751550975, 0.0026473927347765366, 0.003514211457787315, 0.18794954504507366, 0.0033597236056867865, 0.0033730341294048293, 0.001181731388715217, -0.0021077297265575377, -0.0002898877924645265, 0.004914699092822257, 0.00015826266998240072, -0.00018700616711886554, 0.00034835652796373856, -0.0018434181053786451, 0.0074412277703101454, 0.0013362031585741705, 0.00022721318300906023, 0.0004241001248097791, -0.012570690192793025, 0.00812925922275251, 0.00798537935804702, 0.006081605022660736, -0.00034958717320861666, 0.00046673751828254096, 0.0007121700118437777, -0.0021362684209111993, -0.000372783178560398, -0.002129540273375769], [-0.07098835365999062, 0.011697160230131034, -0.06578311939698794, -0.003519153757912732, -0.0038661979270031236, 0.002233582416015415, -0.058527303030572325, -0.0005726503952217437, 0.005201712897062071, -0.0019563564227787693, 0.0004203439766956419, 0.0002150496949834365, 0.0001522102561355802, -0.0006707428091340611, 0.002676033180639575, -0.00010736812215705149, -7.234724152783788e-05, -0.02080851214007265, 0.002629336611921485, 0.0036261248449712216, 0.0033597236056867865, 0.18850549555532994, 0.003061874578813271, 0.0012452917545118132, -0.002169224447422721, -0.0003215617790296553, -5.6205865750575635e-05, 0.002668828436603768, -0.0001904071204227268, 0.00018815257420250883, -0.0020074027653195848, 0.0006461872297762423, 0.004356593974516817, 7.7188669365366e-05, 0.000221467732969073, -0.0028366606530391665, 0.0041009428718939735, 0.0008313885207801825, 0.0006313195004497624, -0.012822638036058362, 0.0039658635091312094, 0.002958760396209539, -0.001970882490756681, -0.00024389980447367342, -0.002088803880939036], [-0.053146421627486506, 0.00982704635278004, -0.06117065284659214, -0.0019181640976167643, -0.002463959423403329, 0.0046904997355587605, 0.00024495572755951344, -0.056249044645791196, 0.004296911561208333, -0.0015155544214193568, 0.0003046955967029597, 8.121956472391349e-05, 0.0002766013040186933, -0.0012949111712752762, -0.0004111696152980237, 0.0013182434702776345, -8.07079146517002e-06, -0.018098967290695215, 0.0018817566891130041, 0.00240149020773425, 0.0033730341294048293, 0.003061874578813271, 0.18548396727575833, 0.000657544546262185, -0.0016265813690132741, -0.00018699380574592193, -0.00030982825098076157, -0.00018347114410643001, 0.0017401964417277321, 0.00017690568662795023, -0.0013986250010719346, 0.0004175206974930744, 0.0005746428137239649, 0.0024134789409537075, 0.0003458275006815675, -0.002887193757845171, -0.0012981260390627146, 0.0034349006874471004, 0.0002685400504654609, -0.0010692758692944144, 0.0031515943391818924, 0.0002930084629667957, -0.014614317549085947, 0.0013260767411999812, -0.0013954870785696026], [-0.04164970437890154, 0.008139246582152305, -0.057130362720727225, -0.001399388252162125, -0.0018653617779249212, 0.003701887288128471, 0.0003308874751155668, 0.0001285933979588991, -0.052410201781121026, -0.001111616237547739, -0.0008783789039023826, -0.00010302770640259626, 0.0001397028884438601, -0.0013237746978503081, -0.000587979669179981, -0.00010118928208549505, 0.0008021255467680715, -0.015438772554536299, 0.0012575165069839249, 0.0012941255524304314, 0.001181731388715217, 0.0012452917545118132, 0.000657544546262185, 0.18367079331663427, -0.0013206562846160808, -0.0003195423856499155, -0.0005560569686357578, -0.0004358832498466681, -0.0002712898536271359, 0.0016954396799909006, -0.0010753953333748965, 0.00016325781639352048, 0.00027556520172330404, 6.149331002475263e-05, 0.00212279659696134, -0.002327870465591142, -0.0013434895122931586, 0.00010424312809471738, 0.0026318513949504805, -0.0008366644154026474, -4.910865849270434e-05, 0.0026293791198241283, -0.0009746981748468936, 0.0018442960107646548, -0.015098174692079528], [0.118785707358334, -0.048508974465757713, -0.05144193580353853, -0.1056542859914464, -0.044591917046634136, -0.03816119120789436, -0.037032086932090605, -0.04357425902847257, -0.04928630452955808, 0.03922608044002107, -0.0014607601496932283, -0.01607165346868503, -0.0017311756001866846, -0.0021225772188129305, -0.002263401899317201, -0.001929331476745344, -0.0017404230894582035, 0.04010532306948246, -0.014078433660935405, -0.001448470777908621, -0.0021077297265575377, -0.002169224447422721, -0.0016265813690132741, -0.0013206562846160808, 0.1708791434723778, -0.017217371759031017, -0.020106572741903663, -0.020363714052761904, -0.017774976550944333, -0.015512169049828222, 0.038414754387103456, -0.002570601421889262, -0.0027061592272681987, -0.0022946096786550796, -0.001787547373660094, 0.036895866208176815, -0.003420594764510507, -0.002657630903811258, -0.002266021705015713, 0.03653891919235646, -0.002934778526955945, -0.00244036494689533, 0.03808419219533266, -0.002095058929077545, 0.03922423907421044], [-0.04129611783854068, 0.009865310168951643, 0.0008374406729351922, -0.05923900582523482, -0.05680588265516574, 0.006031468457828292, 0.003431629656154332, 0.0025498084087119685, 0.006035752289380065, -0.001735200606476305, -0.00033916794806650294, 0.0009215978891285903, 0.0010560186929831508, -0.0016092572232592095, -0.00123205394868876, -0.0006219280001930183, -0.0009870254796963377, -0.0016856227866255994, 0.001449190298210061, 0.0012745834582764768, -0.0002898877924645265, -0.0003215617790296553, -0.00018699380574592193, -0.0003195423856499155, -0.017217371759031017, 0.18604372920298107, 0.003176426358175584, 0.0033516109154074084, 0.002237676310426335, 0.0012383047032031283, -0.015003119184661596, 0.002520951901841967, 0.00261721035224885, 0.0018506360398535403, 0.0011799922084829713, -0.0023312733986277446, -0.0016274503956413742, -0.0003885274029776786, -0.0007836976129719624, -0.0015651883853140102, -0.0005020655437040258, -0.0007244505438348449, -0.0014866164085246699, -0.0005485061101543533, -0.0016950420980273453], [-0.08263356503596392, 0.011937109235664193, -0.0032517583228151284, -0.06745590845266865, -0.005784504093939846, -0.05996896852482364, -0.004670346577793359, -0.001333323885608434, 0.0059627286176774505, -0.0020646425693109875, -0.00023574918266978197, -0.0005743595721705191, -2.6013334880669825e-05, 0.005315096614278853, 0.00026542008959524565, -0.0005643318498614992, -0.0006960443702953404, -0.002773983179016576, 0.0022803701623609327, -0.0004619129294708458, 0.004914699092822257, -5.6205865750575635e-05, -0.00030982825098076157, -0.0005560569686357578, -0.020106572741903663, 0.003176426358175584, 0.18791845750934133, 0.0028321712483014494, 0.002904965638572844, 0.0010896919450015272, -0.0020839076933454838, 0.007320513172392305, 0.0009536359661438264, -5.323806359621852e-06, -0.00018602769292149786, -0.012871509714799376, 0.008049523596862167, 0.007820141111311059, 0.005797918987520173, -0.0006639708242513586, 0.00017458626684853644, -4.3426495817693584e-05, -0.0022967321453734057, -0.0009947798272927104, -0.0026967109846343044], [-0.06956874956153702, 0.012494170277659047, -0.0011423430779548215, -0.06539263252832721, -0.0028383722233142265, 0.0026570494612875436, -0.05828853995551155, 0.0001868032926236194, 0.00646210880495891, -0.002297694515898977, -0.00023711015089651115, 0.000238530929161081, -0.00017655830468469376, -0.0008080625573770114, 0.002660517663086827, -0.00036690915384917874, -0.0007501203230724278, -0.0026823058256201836, 0.0022183862096111454, -0.0004049800528692854, 0.00015826266998240072, 0.002668828436603768, -0.00018347114410643001, -0.0004358832498466681, -0.020363714052761904, 0.0033516109154074084, 0.0028321712483014494, 0.1886348162