{
    "name": "Total Decomposition",
    "rational_expression": "359*x1**4/2000 - 703*x1**3*x2/20000 - 3581*x1**3*x3/100000 - 3601*x1**3*x4/100000 - 691*x1**3*x5/20000 - 3393*x1**3*x6/100000 - 3319*x1**3*x7/100000 - 1627*x1**3*x8/50000 - 487*x1**3/2000 + 2901*x1**2*x2**2/10000 + 941*x1**2*x2*x3/500000 + 987*x1**2*x2*x4/500000 + 1047*x1**2*x2*x5/1000000 + 3411*x1**2*x2*x6/10000000 + 1217*x1**2*x2*x7/5000000 - 507*x1**2*x2*x8/1250000 - 2327*x1**2*x2/10000 + 581*x1**2*x3**2/2000 + 479*x1**2*x3*x4/200000 + 1453*x1**2*x3*x5/1000000 + 1251*x1**2*x3*x6/2500000 + 6349*x1**2*x3*x7/10000000 + 223*x1**2*x3*x8/1250000 - 463*x1**2*x3/2000 + 2909*x1**2*x4**2/10000 + 1161*x1**2*x4*x5/1000000 + 1437*x1**2*x4*x6/2500000 + 833*x1**2*x4*x7/2000000 + 2499*x1**2*x4*x8/10000000 - 29*x1**2*x4/125 + 1453*x1**2*x5**2/5000 - 93*x1**2*x5*x6/625000 - 183*x1**2*x5*x7/625000 - 1979*x1**2*x5*x8/2500000 - 2339*x1**2*x5/10000 + 363*x1**2*x6**2/1250 - 1307*x1**2*x6*x7/1000000 - 777*x1**2*x6*x8/500000 - 1177*x1**2*x6/5000 + 2901*x1**2*x7**2/10000 - 767*x1**2*x7*x8/500000 - 2363*x1**2*x7/10000 + 2909*x1**2*x8**2/10000 - 2383*x1**2*x8/10000 + 8121*x1**2/10000 - 27*x1*x2**3/800 + 757*x1*x2**2*x3/500000 + 1681*x1*x2**2*x4/1000000 + 2651*x1*x2**2*x5/5000000 - 1091*x1*x2**2*x6/10000000 - 373*x1*x2**2*x7/2500000 - 579*x1*x2**2*x8/625000 - 473*x1*x2**2/2000 + 4967*x1*x2*x3**2/5000000 + 121*x1*x2*x3*x4/1250000 + 1037*x1*x2*x3*x5/5000000 + 141*x1*x2*x3*x6/500000 + 7169*x1*x2*x3*x7/10000000 + 4241*x1*x2*x3*x8/10000000 - 8229*x1*x2*x3/1000000 + 4023*x1*x2*x4**2/5000000 + 2773*x1*x2*x4*x5/5000000 - 2313*x1*x2*x4*x6/100000000 + 1563*x1*x2*x4*x7/5000000 + 1091*x1*x2*x4*x8/5000000 - 4021*x1*x2*x4/500000 + 493*x1*x2*x5**2/500000 - 2761*x1*x2*x5*x6/10000000 - 4077*x1*x2*x5*x7/50000000 + 1397*x1*x2*x5*x8/10000000 - 4807*x1*x2*x5/1000000 + 7583*x1*x2*x6**2/10000000 + 603*x1*x2*x6*x7/5000000 - 1693*x1*x2*x6*x8/10000000 - 19*x1*x2*x6/12500 + 241*x1*x2*x7**2/200000 + 73*x1*x2*x7*x8/625000 - 83*x1*x2*x7/40000 + 1557*x1*x2*x8**2/1000000 - 557*x1*x2*x8/2500000 + 417*x1*x2/125000 - 3369*x1*x3**3/100000 + 1077*x1*x3**2*x4/1000000 + 4097*x1*x3**2*x5/10000000 - 753*x1*x3**2*x6/2000000 - 2687*x1*x3**2*x7/10000000 - 1037*x1*x3**2*x8/1250000 - 1193*x1*x3**2/5000 + 1369*x1*x3*x4**2/1000000 - 577*x1*x3*x4*x5/2000000 - 2863*x1*x3*x4*x6/10000000 - 1299*x1*x3*x4*x7/10000000 + 91*x1*x3*x4*x8/400000 - 1889*x1*x3*x4/200000 + 211*x1*x3*x5**2/200000 - 77*x1*x3*x5*x6/500000 + 1893*x1*x3*x5*x7/10000000 - 3171*x1*x3*x5*x8/10000000 - 6727*x1*x3*x5/1000000 + 97*x1*x3*x6**2/62500 - 19*x1*x3*x6*x7/781250 - 3891*x1*x3*x6*x8/10000000 - 761*x1*x3*x6/250000 + 1213*x1*x3*x7**2/1000000 + 5341*x1*x3*x7*x8/100000000 - 1547*x1*x3*x7/500000 + 9*x1*x3*x8**2/4000 - 29*x1*x3*x8/12500 + 2441*x1*x3/250000 - 677*x1*x4**3/20000 + 789*x1*x4**2*x5/2000000 - 1139*x1*x4**2*x6/2500000 - 3183*x1*x4**2*x7/10000000 - 1149*x1*x4**2*x8/1000000 - 1187*x1*x4**2/5000 + 7571*x1*x4*x5**2/10000000 + 4697*x1*x4*x5*x6/50000000 + 31*x1*x4*x5*x7/200000 + 1063*x1*x4*x5*x8/10000000 - 3091*x1*x4*x5/500000 + 241*x1*x4*x6**2/200000 - 1979*x1*x4*x6*x7/50000000 - 453*x1*x4*x6*x8/6250000 - 2887*x1*x4*x6/1000000 + 763*x1*x4*x7**2/500000 + 7629*x1*x4*x7*x8/100000000 - 1699*x1*x4*x7/500000 + 1023*x1*x4*x8**2/500000 - 1779*x1*x4*x8/1000000 + 517*x1*x4/62500 - 1699*x1*x5**3/50000 - 679*x1*x5**2*x6/1000000 - 5131*x1*x5**2*x7/10000000 - 1011*x1*x5**2*x8/1000000 - 2353*x1*x5**2/10000 + 6933*x1*x5*x6**2/10000000 + 1369*x1*x5*x6*x7/10000000 - 67*x1*x5*x6*x8/500000 - 7561*x1*x5*x6/10000000 + 7*x1*x5*x7**2/6250 - 4773*x1*x5*x7*x8/10000000 - 961*x1*x5*x7/2500000 + 257*x1*x5*x8**2/200000 + 679*x1*x5*x8/1000000 + 57*x1*x5/12500 - 3483*x1*x6**3/100000 + 7361*x1*x6**2*x7/1000000000 - 4399*x1*x6**2*x8/10000000 - 1163*x1*x6**2/5000 + 1241*x1*x6*x7**2/5000000 - 731*x1*x6*x7*x8/2000000 + 1229*x1*x6*x7/500000 + 4489*x1*x6*x8**2/10000000 + 1889*x1*x6*x8/500000 - 2573*x1*x6/1000000 - 3461*x1*x7**3/100000 - 1811*x1*x7**2*x8/5000000 - 2321*x1*x7**2/10000 + 169*x1*x7*x8**2/1000000 + 3323*x1*x7*x8/1000000 - 4431*x1*x7/1000000 - 1721*x1*x8**3/50000 - 2317*x1*x8**2/10000 - 1971*x1*x8/200000 - 341*x1/12500 + 1783*x2**4/10000 - 3543*x2**3*x3/100000 - 143*x2**3*x4/4000 - 3477*x2**3*x5/100000 - 667*x2**3*x6/20000 - 3297*x2**3*x7/100000 - 203*x2**3*x8/6250 - 483*x2**3/2000 + 29*x2**2*x3**2/100 + 637*x2**2*x3*x4/250000 + 57*x2**2*x3*x5/40000 + 7327*x2**2*x3*x6/10000000 + 7441*x2**2*x3*x7/10000000 + 4737*x2**2*x3*x8/50000000 - 467*x2**2*x3/2000 + 581*x2**2*x4**2/2000 + 383*x2**2*x4*x5/250000 + 4531*x2**2*x4*x6/5000000 + 1083*x2**2*x4*x7/2500000 + 3*x2**2*x4*x8/15625 - 117*x2**2*x4/500 + 1451*x2**2*x5**2/5000 + 6923*x2**2*x5*x6/100000000 - 733*x2**2*x5*x7/2500000 - 619*x2**2*x5*x8/500000 - 2347*x2**2*x5/10000 + 2901*x2**2*x6**2/10000 - 87*x2**2*x6*x7/100000 - 797*x2**2*x6*x8/500000 - 1187*x2**2*x6/5000 + 2903*x2**2*x7**2/10000 - 51*x2**2*x7*x8/31250 - 119*x2**2*x7/500 + 291*x2**2*x8**2/1000 - 239*x2**2*x8/1000 + 2037*x2**2/2500 - 3439*x2*x3**3/100000 + 1653*x2*x3**2*x4/1000000 + 289*x2*x3**2*x5/312500 + 541*x2*x3**2*x6/2500000 - 2587*x2*x3**2*x7/100000000 - 2093*x2*x3**2*x8/2500000 - 237*x2*x3**2/1000 + 1039*x2*x3*x4**2/500000 - 287*x2*x3*x4*x5/2000000 - 19*x2*x3*x4*x6/390625 + 273*x2*x3*x4*x7/1250000 - 2897*x2*x3*x4*x8/50000000 - 117*x2*x3*x4/10000 + 1789*x2*x3*x5**2/1000000 + 1523*x2*x3*x5*x6/10000000 - 129*x2*x3*x5*x7/1250000 - 4351*x2*x3*x5*x8/50000000 - 8627*x2*x3*x5/1000000 + 341*x2*x3*x6**2/200000 + 1663*x2*x3*x6*x7/5000000 - 183*x2*x3*x6*x8/1250000 - 2481*x2*x3*x6/500000 + 2343*x2*x3*x7**2/1000000 + 6199*x2*x3*x7*x8/1000000000 - 1107*x2*x3*x7/200000 + 1273*x2*x3*x8**2/500000 - 141*x2*x3*x8/40000 + 289*x2*x3/20000 - 3481*x2*x4**3/100000 + 2683*x2*x4**2*x5/5000000 + 517*x2*x4**2*x6/2500000 - 8881*x2*x4**2*x7/100000000 - 1857*x2*x4**2*x8/2500000 - 2357*x2*x4**2/10000 + 331*x2*x4*x5**2/200000 + 1791*x2*x4*x5*x6/10000000 + 219*x2*x4*x5*x7/1250000 - 1713*x2*x4*x5*x8/5000000 - 8111*x2*x4*x5/1000000 + 469*x2*x4*x6**2/250000 + 247*x2*x4*x6*x7/312500 + 807*x2*x4*x6*x8/2500000 - 5707*x2*x4*x6/1000000 + 1973*x2*x4*x7**2/1000000 - 447*x2*x4*x7*x8/12500000 - 5017*x2*x4*x7/1000000 + 2341*x2*x4*x8**2/1000000 - 1597*x2*x4*x8/500000 + 163*x2*x4/12500 - 3511*x2*x5**3/100000 + 751*x2*x5**2*x6/2000000 - 2287*x2*x5**2*x7/10000000 - x2*x5**2*x8/2000 - 2333*x2*x5**2/10000 + 1203*x2*x5*x6**2/1000000 - 1159*x2*x5*x6*x7/10000000 + 2923*x2*x5*x6*x8/10000000 - 2631*x2*x5*x6/1000000 + 1323*x2*x5*x7**2/1000000 - 131*x2*x5*x7*x8/250000 - 519*x2*x5*x7/500000 + 343*x2*x5*x8**2/250000 + 1239*x2*x5*x8/12500000 + 6359*x2*x5/1000000 - 1763*x2*x6**3/50000 + 817*x2*x6**2*x7/2500000 - 769*x2*x6**2*x8/5000000 - 1159*x2*x6**2/5000 + 273*x2*x6*x7**2/250000 + 431*x2*x6*x7*x8/2500000 - 6263*x2*x6*x7/10000000 + 583*x2*x6*x8**2/500000 + 3921*x2*x6*x8/5000000 + 2037*x2*x6/1000000 - 707*x2*x7**3/20000 - 5463*x2*x7**2*x8/100000000 - 2311*x2*x7**2/10000 + 277*x2*x7*x8**2/625000 + 783*x2*x7*x8/250000 - 679*x2*x7/500000 - 443*x2*x8**3/12500 - 229*x2*x8**2/1000 - 8671*x2*x8/1000000 + 171*x2/2500 + 111*x3**4/625 - 439*x3**3*x4/12500 - 3417*x3**3*x5/100000 - 3321*x3**3*x6/100000 - 827*x3**3*x7/25000 - 807*x3**3*x8/25000 - 597*x3**3/2500 + 2899*x3**2*x4**2/10000 + 4891*x3**2*x4*x5/5000000 + 3571*x3**2*x4*x6/5000000 + 4023*x3**2*x4*x7/10000000 - 651*x3**2*x4*x8/2000000 - 1179*x3**2*x4/5000 + 363*x3**2*x5**2/1250 - 163*x3**2*x5*x6/1250000 - 4413*x3**2*x5*x7/10000000 - 13*x3**2*x5*x8/12500 - 2369*x3**2*x5/10000 + 2903*x3**2*x6**2/10000 - 4893*x3**2*x6*x7/5000000 - 379*x3**2*x6*x8/250000 - 239*x3**2*x6/1000 + 291*x3**2*x7**2/1000 - 263*x3**2*x7*x8/200000 - 2399*x3**2*x7/10000 + 182*x3**2*x8**2/625 - 1203*x3**2*x8/5000 + 4101*x3**2/5000 - 3537*x3*x4**3/100000 + 657*x3*x4**2*x5/500000 + 1857*x3*x4**2*x6/2500000 - 681*x3*x4**2*x7/12500000 - 2697*x3*x4**2*x8/100000000 - 47*x3*x4**2/200 + 2437*x3*x4*x5**2/1000000 + 447*x3*x4*x5*x6/125000000 - 117*x3*x4*x5*x7/625000 - 2723*x3*x4*x5*x8/10000000 - 1019*x3*x4*x5/100000 + 2491*x3*x4*x6**2/1000000 + 2143*x3*x4*x6*x7/10000000 - 3929*x3*x4*x6*x8/10000000 - 7941*x3*x4*x6/1000000 + 2873*x3*x4*x7**2/1000000 + 1373*x3*x4*x7*x8/10000000 - 6747*x3*x4*x7/1000000 + 1629*x3*x4*x8**2/500000 - 5541*x3*x4*x8/1000000 + 2337*x3*x4/100000 - 893*x3*x5**3/25000 + 1493*x3*x5**2*x6/2000000 + 1801*x3*x5**2*x7/5000000 + 501*x3*x5**2*x8/5000000 - 29*x3*x5**2/125 + 51*x3*x5*x6**2/31250 - 307*x3*x5*x6*x7/1250000 - 267*x3*x5*x6*x8/1250000 - 2417*x3*x5*x6/500000 + 1949*x3*x5*x7**2/1000000 - 887*x3*x5*x7*x8/2500000 - 1869*x3*x5*x7/500000 + 1021*x3*x5*x8**2/500000 - 1633*x3*x5*x8/1000000 + 261*x3*x5/20000 - 3641*x3*x6**3/100000 + 7531*x3*x6**2*x7/10000000 + 4707*x3*x6**2*x8/10000000 - 573*x3*x6**2/2500 + 327*x3*x6*x7**2/250000 - 701*x3*x6*x7*x8/10000000 - 159*x3*x6*x7/125000 + 197*x3*x6*x8**2/125000 - 379*x3*x6*x8/2000000 + 5299*x3*x6/1000000 - 114*x3*x7**3/3125 + 5251*x3*x7**2*x8/10000000 - 229*x3*x7**2/1000 + 263*x3*x7*x8**2/200000 - 1217*x3*x7*x8/10000000 + 1127*x3*x7/1000000 - 1787*x3*x8**3/50000 - 2291*x3*x8**2/10000 - 359*x3*x8/100000 + 1687*x3/10000 + 1781*x4**4/10000 - 1721*x4**3*x5/50000 - 1673*x4**3*x6/50000 - 3303*x4**3*x7/100000 - 3199*x4**3*x8/100000 - 1197*x4**3/5000 + 2907*x4**2*x5**2/10000 - 529*x4**2*x5*x6/6250000 - 1639*x4**2*x5*x7/5000000 - 1183*x4**2*x5*x8/1250000 - 2361*x4**2*x5/10000 + 2909*x4**2*x6**2/10000 - 2171*x4**2*x6*x7/2500000 - 793*x4**2*x6*x8/500000 - 149*x4**2*x6/625 + 727*x4**2*x7**2/2500 - 433*x4**2*x7*x8/250000 - 239*x4**2*x7/1000 + 2911*x4**2*x8**2/10000 - 301*x4**2*x8/1250 + 8181*x4**2/10000 - 1791*x4*x5**3/50000 + 1849*x4*x5**2*x6/5000000 + 1921*x4*x5**2*x7/20000000 - 963*x4*x5**2*x8/5000000 - 1157*x4*x5**2/5000 + 1653*x4*x5*x6**2/1000000 + 287*x4*x5*x6*x7/2000000 + 267*x4*x5*x6*x8/10000000 - 131*x4*x5*x6/31250 + 113*x4*x5*x7**2/62500 - 639*x4*x5*x7*x8/1250000 - 67*x4*x5*x7/25000 + 1939*x4*x5*x8**2/1000000 - 1651*x4*x5*x8/1000000 + 1167*x4*x5/100000 - 113*x4*x6**3/3125 + 3823*x4*x6**2*x7/5000000 + 63*x4*x6**2*x8/100000 - 461*x4*x6**2/2000 + 43*x4*x6*x7**2/40000 + 1359*x4*x6*x7*x8/10000000 - 1289*x4*x6*x7/1000000 + 1639*x4*x6*x8**2/1000000 - 307*x4*x6*x8/2000000 + 5241*x4*x6/1000000 - 3619*x4*x7**3/100000 + 1379*x4*x7**2*x8/10000000 - 2291*x4*x7**2/10000 + 1247*x4*x7*x8**2/1000000 + 727*x4*x7*x8/2000000 + 309*x4*x7/400000 - 3567*x4*x8**3/100000 - 2291*x4*x8**2/10000 - 3513*x4*x8/1000000 + 753*x4/5000 + 447*x5**4/2500 - 1679*x5**3*x6/50000 - 829*x5**3*x7/25000 - 102*x5**3*x8/3125 - 607*x5**3/2500 + 1453*x5**2*x6**2/5000 - 571*x5**2*x6*x7/500000 - 753*x5**2*x6*x8/500000 - 2363*x5**2*x6/10000 + 363*x5**2*x7**2/1250 - 2037*x5**2*x7*x8/1000000 - 148*x5**2*x7/625 + 2907*x5**2*x8**2/10000 - 477*x5**2*x8/2000 + 1629*x5**2/2000 - 437*x5*x6**3/12500 + 669*x5*x6**2*x7/2000000 - 5181*x5*x6**2*x8/10000000 - 1161*x5*x6**2/5000 + 2153*x5*x6*x7**2/10000000 - 3743*x5*x6*x7*x8/100000000 + 731*x5*x6*x7/500000 + 3823*x5*x6*x8**2/5000000 + 1129*x5*x6*x8/500000 - 251*x5*x6/400000 - 869*x5*x7**3/25000 - 3909*x5*x7**2*x8/5000000 - 2323*x5*x7**2/10000 + 5347*x5*x7*x8**2/10000000 + 2061*x5*x7*x8/500000 - 4141*x5*x7/1000000 - 431*x5*x8**3/12500 - 1157*x5*x8**2/5000 - 9451*x5*x8/1000000 + 287*x5/62500 + 1803*x6**4/10000 - 3341*x6**3*x7/100000 - 1639*x6**3*x8/50000 - 2457*x6**3/10000 + 727*x6**2*x7**2/2500 - 547*x6**2*x7*x8/500000 - 2357*x6**2*x7/10000 + 1457*x6**2*x8**2/5000 - 2379*x6**2*x8/10000 + 8083*x6**2/10000 - 3427*x6*x7**3/100000 - 7193*x6*x7**2*x8/10000000 - 1169*x6*x7**2/5000 - 9*x6*x7*x8**2/50000 + 5251*x6*x7*x8/1000000 - 601*x6*x7/50000 - 423*x6*x8**3/12500 - 2333*x6*x8**2/10000 - 749*x6*x8/50000 - 57*x6/500 + 361*x7**4/2000 - 1637*x7**3*x8/50000 - 1231*x7**3/5000 + 583*x7**2*x8**2/2000 - 2367*x7**2*x8/10000 + 8069*x7**2/10000 - 209*x7*x8**3/6250 - 2337*x7*x8**2/10000 - 1587*x7*x8/100000 - 31*x7/200 + 227*x8**4/1250 - 2491*x8**3/10000 + 1609*x8**2/2000 - 2463*x8/10000 + 57/25",
    "Q": "[[2.279594233976213, -0.12215742298528212, -0.07749265510549441, -0.055878448585024734, 0.0014337007419891559, 0.07613658287707378, 0.08487657340937782, 0.033568337289003304, -0.01328656961852803, 0.1417398608832673, -0.09873485621667091, -0.09790560999681346, -0.09596873718656387, -0.09384524696772331, -0.09362360994244534, -0.09500305334182192, -0.09643899043609766, 0.14210194219454675, -0.09709840668778609, -0.09611457670472247, -0.09518671684204445, -0.09510188771055579, -0.09566936292520593, -0.09634320098394301, 0.14196191174871503, -0.09628013905670606, -0.09591962467329385, -0.09589971132340795, -0.09608178252778876, -0.09639416965314487, 0.14067698353139824, -0.09802995895050168, -0.09817818198163619, -0.09736193235986124, -0.09673730083905122, 0.1371823272252505, -0.10133928343559914, -0.09927316763806177, -0.09747440359468487, 0.13664522616406194, -0.09951305203352762, -0.09758003928407093, 0.13941832158439466, -0.09701668161274433, 0.14112649022780732], [-0.12215742298528212, 0.5215322802978589, 0.09030571048707242, 0.0904941476220751, 0.0910088452555296, 0.09174987955463448, 0.09184050767598517, 0.09131937171255439, 0.09087145549060711, -0.12451026476345543, -0.05639740668486315, -0.056381941137762244, -0.056407200065334645, -0.05652529559878834, -0.056544739640178594, -0.05644700874258716, -0.05639488105551763, -0.06037826280039006, 0.0034313492378998224, 0.004391275693386383, 0.0055525529591748625, 0.005682409114399007, 0.004902443039916728, 0.004150847002479465, -0.05991760278448359, 0.0047286252005061995, 0.005848271450136533, 0.00597351543671558, 0.005221380333582538, 0.004496919576596909, -0.058756233623581997, 0.00658332987178185, 0.006697229956026226, 0.006013564980787469, 0.005356184915516109, -0.0573391544745933, 0.007580976106838018, 0.006977309614778003, 0.006398576172942236, -0.057178771923396814, 0.0070853227175244, 0.006515276393216444, -0.058135406399156736, 0.005814703798974761, -0.05904733748352852], [-0.07749265510549441, 0.09030571048707242, 0.5237964420252234, 0.09223291123999057, 0.09390386990030983, 0.09614032641579733, 0.09640523387263523, 0.0948591122167518, 0.09347034939124134, -0.06060620612105691, -0.05793358932055372, 0.0003029549588210205, 0.0013840205644504678, 0.0026888919199324676, 0.0028347077743887607, 0.0019587694537705675, 0.0011134974747876959, -0.12336302487431007, -0.05787530144582963, -0.05794183713752817, -0.05810766071402254, -0.058132281574585644, -0.05800300803471614, -0.05791931979986139, -0.059099401171628624, 0.0024942213871073796, 0.0036441380397822854, 0.0037726631808483167, 0.0030005705705663448, 0.0022559675765904267, -0.057919373821347146, 0.004373082400993609, 0.004488099571513321, 0.003797210481447514, 0.003131380791798983, -0.05649474603928018, 0.005356829542342437, 0.004762321203924204, 0.004190211853726781, -0.05633462816029393, 0.004870250213270755, 0.004308582082195657, -0.05729306117360321, 0.0035975312739498773, -0.05821415391926755], [-0.055878448585024734, 0.0904941476220751, 0.09223291123999057, 0.5254945690444087, 0.09529881649713069, 0.09825576538143613, 0.09860464855515734, 0.09656463056865056, 0.09472265847445956, -0.0602249079789676, -0.001253347190628405, -0.05863864101864466, 0.0002923664321202084, 0.001621829735637538, 0.0017704090810953608, 0.0008779312962717051, 1.6745599435096785e-05, -0.059175038844057476, -0.058602156662681724, 0.0010663623666624994, 0.002282561870061678, 0.002418469687688932, 0.001601965188021763, 0.0008142770340472804, -0.12281513059487763, -0.058707994199510054, -0.05890636632287198, -0.058934590306339324, -0.05878354873822172, -0.05867868039005944, -0.057508990074417246, 0.0033022232126174817, 0.0034177650380577025, 0.002723504945403217, 0.0020538551268294027, -0.05608018394704441, 0.004279057709335929, 0.003689039751091153, 0.003120341325224975, -0.05592011671932258, 0.003796916959418319, 0.0032395014268748316, -0.056879845976682726, 0.0025235190395650185, -0.05780561109351312], [0.0014337007419891559, 0.0910088452555296, 0.09390386990030983, 0.09529881649713069, 0.531982638928872, 0.10385512102212789, 0.10442563322615456, 0.10108210986862788, 0.09804387515391277, -0.059209698265670074, -0.004224706416038143, -0.0037586586252225367, -0.06051400015024235, -0.0012075168022424147, -0.0010515436354331352, -0.0019882110752688785, -0.0028918580838545537, -0.058120384300555675, -0.0028576393097708816, -0.06055568098521451, -0.0005466832820466589, -0.0004055303561056929, -0.0012535893646471667, -0.0020721518663149364, -0.0576291636196843, -0.06060470319377132, -0.00025455179300843935, -0.00012025820249101519, -0.0009272709945446337, -0.0017065682906803777, -0.12141291683727744, -0.06110609078669211, -0.061147147037059334, -0.06091906672461898, -0.06074005843560273, -0.05497221610233461, 0.001421321405888835, 0.0008429607256874196, 0.000283098501301515, -0.054812059070632906, 0.0009507571463721054, 0.0004044142061806783, -0.05577652882506149, -0.0003249492116493945, -0.056715924979862664], [0.07613658287707378, 0.09174987955463448, 0.09614032641579733, 0.09825576538143613, 0.10385512102212789, 0.5449420513685602, 0.11203101677057557, 0.10700121794325143, 0.10241537055121468, -0.057903871350847465, -0.008110071444013671, -0.0076135705598003615, -0.006381603239539271, -0.06291087925807991, -0.004728135804391381, -0.005726797155828286, -0.006689794358257797, -0.05675967598363597, -0.006666743801373452, -0.005562284259789455, -0.06309013648575688, -0.004082762684178556, -0.004975968618547541, -0.00583842594279311, -0.05624774125417218, -0.0051986396709532215, -0.06320471534377582, -0.003800164325374669, -0.004644175706656459, -0.005459882868067344, -0.054993869841485576, -0.06356235832493536, -0.0031123956788860854, -0.003831288999268912, -0.004527872416088367, -0.11974176621642658, -0.06414831299411736, -0.0637795269488391, -0.06346671434586786, -0.05336822233591817, -0.002749564792245309, -0.0032838947045328044, -0.05434285074366161, -0.004034179629351135, -0.055303877354681216], [0.08487657340937782, 0.09184050767598517, 0.09640523387263523, 0.09860464855515734, 0.10442563322615456, 0.11203101677057557, 0.5467883693550759, 0.10769533165154493, 0.10292911487018777, -0.0577521949483973, -0.00856529135769369, -0.008065086900390908, -0.00682388176066202, -0.005325564770666519, -0.06318743502933424, -0.006164154742032111, -0.0071343826049497456, -0.05660130784141262, -0.007112665124385873, -0.006001223594209945, -0.0046620822559865155, -0.06338553865598143, -0.005411243215842623, -0.006279097630962702, -0.0560868055994666, -0.005636231644505834, -0.0043713023262127535, -0.06350911753998893, -0.005078711247833929, -0.005898927550949229, -0.05482803730855645, -0.0036633071294922665, -0.06389009254684852, -0.004264444807171672, -0.004963184162839564, -0.0533602083763757, -0.064440324444718, -0.003289872578626999, -0.0038398235703867196, -0.11956088639426685, -0.06411988712822396, -0.06378856085629922, -0.05417524103401429, -0.004467634675817109, -0.055139084795480235], [0.033568337289003304, 0.09131937171255439, 0.0948591122167518, 0.09656463056865056, 0.10108210986862788, 0.10700121794325143, 0.10769533165154493, 0.5369364174097344, 0.0999194714975876, -0.05864579175286268, -0.005894642496190799, -0.005415768664857502, -0.0042277467469099515, -0.002793910047428616, -0.002633565333646643, -0.06155205753986967, -0.004524955353113376, -0.057533336118791197, -0.004495452403120348, -0.0034240478572887907, -0.0021323977989142714, -0.001988097221989627, -0.06164787119070768, -0.0036919945406880122, -0.05703348319672249, -0.0030666550474398343, -0.0018409937883241065, -0.0017041442410155017, -0.06172262427798477, -0.0033210537666851104, -0.05580237166338994, -0.0011279756205841466, -0.0010099954540404043, -0.06197728453921772, -0.0024064046443245976, -0.05435152849963566, -0.00017780505655172073, -0.062371536916457, -0.0013060906785657637, -0.05419112598835141, -0.06242176131982003, -0.0011833865400273692, -0.12066871375144546, -0.06190759484726633, -0.05610758631698775], [-0.01328656961852803, 0.09087145549060711, 0.09347034939124134, 0.09472265847445956, 0.09804387515391277, 0.10241537055121468, 0.10292911487018777, 0.0999194714975876, 0.5300281516382463, -0.05946924099845936, -0.003460616876718278, -0.0030003067585157883, -0.0018586077713230753, -0.00048076401447190404, -0.0003267392994239194, -0.0012517693581005913, -0.06003514709235215, -0.0583902736460414, -0.0021079004878655706, -0.001071008901073484, 0.00017991450060444715, 0.00031967506148202705, -0.0005200167105460152, -0.060054538660217066, -0.057902869982373116, -0.0007198557381915044, 0.0004724642496002025, 0.0006056343142046592, -0.00019459237298175325, -0.06009299113412554, -0.056694706150347864, 0.0011914594252028573, 0.0013080416798925752, 0.0006071378566866852, -0.060254225103547124, -0.055256611659659546, 0.002154675521577327, 0.0015735007402464828, -0.06053415389329522, -0.055096519693704056, 0.0016812829147042363, -0.06057149159743715, -0.05605951922233409, -0.06036568683245504, -0.1217647534363139], [0.1417398608832673, -0.12451026476345543, -0.06060620612105691, -0.0602249079789676, -0.059209698265670074, -0.057903871350847465, -0.0577521949483973, -0.05864579175286268, -0.05946924099845936, 0.1812463576152011, -0.01671080047421491, -0.016871989520330574, -0.017297004714911964, -0.017850050073898137, -0.01791490449271059, -0.017534779982020746, -0.017188017374747726, 0.044915179394873245, -0.0018403899346950677, -0.0018981914359751243, -0.0019761621079878804, -0.0019856074936437373, -0.0019312089981332876, -0.0018832499684719268, 0.044811631380070716, -0.0019239058696638367, -0.002004655681065714, -0.002014387042544861, -0.001958189599410308, -0.0019083534754129408, 0.04452735484324935, -0.00207737786060849, -0.0020877723595372744, -0.002027366773022081, -0.0019730785854606154, 0.044139670435353245, -0.002182836519917076, -0.0021179314870522613, -0.0020587699917599895, 0.04409293052622948, -0.0021286522405555516, -0.0020690031923819483, 0.04436311128088324, -0.0020096248644676145, 0.04460138609251227], [-0.09873485621667091, -0.05639740668486315, -0.05793358932055372, -0.001253347190628405, -0.004224706416038143, -0.008110071444013671, -0.00856529135769369, -0.005894642496190799, -0.003460616876718278, -0.01671080047421491, 0.20171349050979884, 0.0017944256640634723, 0.0021470549481355586, 0.0026002997192192882, 0.002652909332872189, 0.002342826853224588, 0.0020569326714601098, -0.016435979950621175, 0.0012584773829042886, 0.0016443316893202129, 0.002139310377994097, 0.0021967087445635145, 0.0018582696810085467, 0.00154578704201281, -0.0017045814397856213, 4.4591935813779746e-05, 8.080145870297015e-05, 8.501554477929998e-05, 6.0226387696729764e-05, 3.7390516591454495e-05, -0.001632640729607455, 0.00019226558843875525, 0.00020193928407999926, 0.0001450523331235957, 9.271696855957157e-05, -0.001498166616222348, 0.00035228635704762296, 0.000254108732243677, 0.00016380476840750324, -0.0014794967286014882, 0.00026681338082291814, 0.0001720841967108551, -0.0015803382669201638, 0.00012339476136786326, -0.0016537594294488782], [-0.09790560999681346, -0.056381941137762244, 0.0003029549588210205, -0.05863864101864466, -0.0037586586252225367, -0.0076135705598003615, -0.008065086900390908, -0.005415768664857502, -0.0030003067585157883, -0.016871989520330574, 0.0017944256640634723, 0.20178003976359343, 0.002281944645728224, 0.002736303187856064, 0.00278906517965645, 0.0024781518181464573, 0.0021916520039901564, -0.0017592827670697634, 0.001010872591536742, -5.736867716688564e-07, 9.049247782132803e-06, 1.0162307724021935e-05, 3.5996224377571066e-06, -2.5041427019585864e-06, -0.01642376702887395, 0.0015628184490623894, 0.0020755710413624907, 0.0021350426333843603, 0.0017844051288038831, 0.001460770991549598, -0.0016832289979651933, 0.0001533275484675781, 0.0001619649007092897, 0.00011115793333829025, 6.439094770010554e-05, -0.0015650444086168472, 0.0003034408765894353, 0.00021135276472872822, 0.0001266207360601097, -0.0015482528198837845, 0.00022301985131527928, 0.00013386427379240986, -0.0016379897824250382, 9.125360776298131e-05, -0.0017010778156949743], [-0.09596873718656387, -0.056407200065334645, 0.0013840205644504678, 0.0002923664321202084, -0.06051400015024235, -0.006381603239539271, -0.00682388176066202, -0.0042277467469099515, -0.0018586077713230753, -0.017297004714911964, 0.0021470549481355586, 0.002281944645728224, 0.2020600144393316, 0.0030953331665227145, 0.00314860223053264, 0.0028348797113484023, 0.002546249421060574, -0.0018428756438026615, -4.401824904214965e-05, 0.0008070262510300368, -6.840541680185301e-05, -7.002420480513919e-05, -6.053400236075818e-05, -5.1890984404148094e-05, -0.0018393343669461778, 0.0009705396360827545, -3.56372627737064e-05, -3.519028689688669e-05, -3.784771986156121e-05, -4.036913670385592e-05, -0.016307020662363673, 0.0019510580499054683, 0.0020150769097932626, 0.0016377631963780438, 0.0012898674401352174, -0.00173678197677342, 0.00017469747437049712, 9.869079464606262e-05, 2.87014368965863e-05, -0.0017247843376448297, 0.00010762065954702011, 3.321009463370477e-05, -0.00178615020563104, 6.664287965599158e-06, -0.0018227785946358568], [-0.09384524696772331, -0.05652529559878834, 0.0026888919199324676, 0.001621829735637538, -0.0012075168022424147, -0.06291087925807991, -0.005325564770666519, -0.002793910047428616, -0.00048076401447190404, -0.017850050073898137, 0.0026002997192192882, 0.002736303187856064, 0.0030953331665227145, 0.20258355307888054, 0.0036141980614342894, 0.003295701665645261, 0.003003323080961732, -0.0019529530346919705, -8.985070648521397e-05, -0.00012386017163692063, 0.0006219849441418137, -0.00017292779758408923, -0.0001427873293233854, -0.00011516381838714944, -0.001966101486469896, -0.00011769028569379934, 0.0007956620339468912, -0.00014695908251571995, -0.00012896617444715765, -0.00011251409940299377, -0.0019811285037654126, 0.0012517922097189105, -7.850419460178832e-05, -9.25930521925291e-05, -0.00010565184614172718, -0.01606491963074081, 0.0019075314075533917, 0.0015054376285464817, 0.0011351219591882518, -0.0019502180269404077, -4.053493606211714e-05, -9.598827765762818e-05, -0.0019764125263637745, -0.00010188071239377153, -0.001980190307704887], [-0.09362360994244534, -0.056544739640178594, 0.0028347077743887607, 0.0017704090810953608, -0.0010515436354331352, -0.004728135804391381, -0.06318743502933424, -0.002633565333646643, -0.0003267392994239194, -0.01791490449271059, 0.002652909332872189, 0.00278906517965645, 0.00314860223053264, 0.0036141980614342894, 0.20265588244625718, 0.003349314954119828, 0.0030564471779604904, -0.0019660809218356597, -9.517785250307891e-05, -0.00013191507927471385, -0.0001793585594632253, 0.0006056543010980277, -0.00015235626975291616, -0.00012252227731150735, -0.0019811234205409814, -0.0001267746138122985, -0.00015648179407356836, 0.0007802366612184433, -0.00013956284862976442, -0.00012090274828581894, -0.002000812870250862, -9.619327976877998e-05, 0.0012387881471416654, -0.00010590591922571753, -0.00011676157679522674, -0.0019818192525741687, 0.001829506564553637, -6.275523208776851e-05, -0.00011159198169908203, -0.01603122039613507, 0.0014938157960882287, 0.0011214903552622466, -0.0019986433941750464, -0.00011450032520362924, -0.0019986931381141466], [-0.09500305334182192, -0.05644700874258716, 0.0019587694537705675, 0.0008779312962717051, -0.0019882110752688785, -0.005726797155828286, -0.006164154742032111, -0.06155205753986967, -0.0012517693581005913, -0.017534779982020746, 0.002342826853224588, 0.0024781518181464573, 0.0028348797113484023, 0.003295701665645261, 0.003349314954119828, 0.2022640016175864, 0.002743531670433322, -0.0018898728870270873, -6.3826010134597e-05, -8.451833076270274e-05, -0.00011132140292039379, -0.00011445711106999114, 0.0007170386190991738, -7.922230684411336e-05, -0.001893621825088661, -7.331021347665808e-05, -8.238659028146564e-05, -8.345700268555474e-05, 0.0008854727774749614, -7.15322009630833e-05, -0.0018855254063530498, -6.097742453276416e-06, -1.7147403208479776e-06, 0.0013275958979754704, -5.1367996632723104e-05, -0.001831583374816979, 0.00010329016815063019, 0.0018964868882805847, -2.5579697379757637e-05, -0.0018221834951715758, 0.0019625470587710473, -2.2589690958129878e-05, -0.016213791526744216, 0.0012145487649946292, -0.001890448587243888], [-0.09643899043609766, -0.05639488105551763, 0.0011134974747876959, 1.6745599435096785e-05, -0.0028918580838545537, -0.006689794358257797, -0.0071343826049497456, -0.004524955353113376, -0.06003514709235215, -0.017188017374747726, 0.0020569326714601098, 0.0021916520039901564, 0.002546249421060574, 0.003003323080961732, 0.0030564471779604904, 0.002743531670433322, 0.20197764142965852, -0.0018214293854200796, -3.4886373889507846e-05, -4.082598415550034e-05, -4.8640950020371285e-05, -4.956191939928597e-05, -4.417245452372855e-05, 0.0008538552695937237, -0.001814489663201968, -2.402181099623249e-05, -1.4106636657186572e-05, -1.2961525506689718e-05, -1.9721406800017113e-05, 0.001014818750011919, -0.0017801107090966684, 7.695040924537298e-05, 8.355148216174026e-05, 4.4703708667186045e-05, 0.001436991497828216, -0.0016930546323398867, 0.00020758025935688613, 0.0001274604097736423, 0.0019795609915488916, -0.001679845622572642, 0.00013709001616186542, 0.002042527175424583, -0.001748381200991305, 0.0016713846733942554, -0.016343481843377864], [0.14210194219454675, -0.06037826280039006, -0.12336302487431007, -0.059175038844057476, -0.058120384300555675, -0.05675967598363597, -0.05660130784141262, -0.057533336118791197, -0.0583902736460414, 0.044915179394873245, -0.016435979950621175, -0.0017592827670697634, -0.0018428756438026615, -0.0019529530346919705, -0.0019660809218356597, -0.0018898728870270873, -0.0018214293854200796, 0.1803427141304592, -0.016957598306713187, -0.01740091494642788, -0.01797439514697912, -0.018041399756334713, -0.017647930501713382, -0.01728745401972259, 0.044567564145583494, -0.0019497259844278617, -0.0020612293286595067, -0.00207445075253381, -0.001997451910091177, -0.001927903297983225, 0.044258210685763806, -0.0021478465063056573, -0.002161065984195507, -0.002083858431093756, -0.0020137453548458987, 0.04384473640724386, -0.0022728973850124753, -0.0021960219431000883, -0.002125710126936188, 0.04379544451837238, -0.002209213012042159, -0.002138934981806527, 0.04408197503359933, -0.0020617529059745693, 0.044338215415003684], [-0.09709840668778609, 0.0034313492378998224, -0.05787530144582963, -0.058602156662681724, -0.0028576393097708816, -0.006666743801373452, -0.007112665124385873, -0.004495452403120348, -0.0021079004878655706, -0.0018403899346950677, 0.0012584773829042886, 0.001010872591536742, -4.401824904214965e-05, -8.985070648521397e-05, -9.517785250307891e-05, -6.3826010134597e-05, -3.4886373889507846e-05, -0.016957598306713187, 0.20192992835896856, 0.0021028698541727658, 0.0026029310185373866, 0.0026610293678852137, 0.0023187648389474207, 0.002003557424127055, -0.016782393622488952, 0.001885237665126123, 0.0024023421926025385, 0.0024624002807765687, 0.002108525417044682, 0.0017825030591817875, -0.0017870700657096892, 0.00010621301934852255, 0.00011270606510775033, 7.450133753722815e-05, 3.9311010201791936e-05, -0.0016974699574259344, 0.0002358082848928828, 0.00015632839023442744, 8.313926552950412e-05, -0.0016839912832771029, 0.00016585085983280965, 8.823845305493396e-05, -0.0017542008939511336, 5.823409098986259e-05, -0.0017992041060336942], [-0.09611457670472247, 0.004391275693386383, -0.05794183713752817, 0.0010663623666624994, -0.06055568098521451, -0.005562284259789455, -0.006001223594209945, -0.0034240478572887907, -0.001071008901073484, -0.0018981914359751243, 0.0016443316893202129, -5.736867716688564e-07, 0.0008070262510300368, -0.00012386017163692063, -0.00013191507927471385, -8.451833076270274e-05, -4.082598415550034e-05, -0.01740091494642788, 0.0021028698541727658, 0.20228610876034028, 0.0030010209279564015, 0.003059924426617428, 0.002713162074960857, 0.0023944322579720198, -0.0019199921520712988, 0.0013172084609101363, -3.9767262213738495e-05, -4.1463143057040266e-05, -3.1490757289363866e-05, -2.230874652489405e-05, -0.01667491780456183, 0.002311655793823205, 0.0023767430877743236, 0.0019933720035160136, 0.0016405076821695197, -0.0018590408276567857, 0.0001357514980493618, 7.234302884972375e-05, 1.3936004068667444e-05, -0.0018497659307447408, 7.913223992286387e-05, 1.6303372628705693e-05, -0.0018951288642969524, 2.363428725040214e-06, -0.001917013631722108], [-0.09518671684204445, 0.0055525529591748625, -0.05810766071402254, 0.002282561870061678, -0.0005466832820466589, -0.06309013648575688, -0.0046620822559865155, -0.0021323977989142714, 0.00017991450060444715, -0.0019761621079878804, 0.002139310377994097, 9.049247782132803e-06, -6.840541680185301e-05, 0.0006219849441418137, -0.0001793585594632253, -0.00011132140292039379, -4.8640950020371285e-05, -0.01797439514697912, 0.0026029310185373866, 0.0030010209279564015, 0.20289579996223253, 0.0035773385459836886, 0.003223441039065506, 0.0028989456906031406, -0.0020456071533013556, -6.644575713471878e-05, 0.0011690551740113997, -0.00011635481990938392, -8.574155711629913e-05, -5.7563232020060334e-05, -0.0020735615456058745, 0.0016357147282100204, -6.223913449487658e-05, -6.373506771100152e-05, -6.514668534223804e-05, -0.016435356676445856, 0.002308306224358353, 0.0018956459239990273, 0.0015162515565914879, -0.00206158824035006, -3.222035458866588e-05, -7.60618298704156e-05, -0.0020761154016654716, -6.93565739030866e-05, -0.002069299319589569], [-0.09510188771055579, 0.005682409114399007, -0.058132281574585644, 0.002418469687688932, -0.0004055303561056929, -0.004082762684178556, -0.06338553865598143, -0.001988097221989627, 0.00031967506148202705, -0.0019856074936437373, 0.0021967087445635145, 1.0162307724021935e-05, -7.002420480513919e-05, -0.00017292779758408923, 0.0006056543010980277, -0.00011445711106999114, -4.956191939928597e-05, -0.018041399756334713, 0.0026610293678852137, 0.003059924426617428, 0.0035773385459836886, 0.2029773555443452, 0.003282861919476825, 0.0029576263576288424, -0.002060455727342796, -7.124292205072061e-05, -0.00011945346498242122, 0.00115623424241593, -9.20526096491558e-05, -6.166385592559517e-05, -0.0020924715101441243, -7.35123635546622e-05, 0.0016259631000942111, -7.27682587510196e-05, -7.197310611539215e-05, -0.002089691007020905, 0.002232539560953132, -4.8028334900856736e-05, -8.524785121256817e-05, -0.01640118276938086, 0.0018876393066145022, 0.0015057063176405162, -0.002097253144539668, -7.769506536524457e-05, -0.0020871778878928165], [-0.09566936292520593, 0.004902443039916728, -0.05800300803471614, 0.001601965188021763, -0.0012535893646471667, -0.004975968618547541, -0.005411243215842623, -0.06164787119070768, -0.0005200167105460152, -0.0019312089981332876, 0.0018582696810085467, 3.5996224377571066e-06, -6.053400236075818e-05, -0.0001427873293233854, -0.00015235626975291616, 0.0007170386190991738, -4.417245452372855e-05, -0.017647930501713382, 0.0023187648389474207, 0.002713162074960857, 0.003223441039065506, 0.003282861919476825, 0.2025288583547657, 0.00261211390662173, -0.0019738395938066495, -4.301058024788758e-05, -7.058683311791207e-05, -7.379825018295939e-05, 0.001244660464122329, -3.753031291101563e-05, -0.0019816565272116164, -8.607961138898185e-06, -6.363981171283386e-06, 0.0016943231143697738, -3.1788026637328974e-05, -0.001948268234766166, 8.024868948922306e-05, 0.0022743412232362667, -2.4435173015427535e-05, -0.0019412734252838557, 0.0023417834680561885, -2.3584496978592397e-05, -0.01658418349731847, 0.0015792481338903833, -0.0019825090866061514], [-0.09634320098394301, 0.004150847002479465, -0.05791931979986139, 0.0008142770340472804, -0.0020721518663149364, -0.00583842594279311, -0.006279097630962702, -0.0036919945406880122, -0.060054538660217066, -0.0018832499684719268, 0.00154578704201281, -2.5041427019585864e-06, -5.1890984404148094e-05, -0.00011516381838714944, -0.00012252227731150735, -7.922230684411336e-05, 0.0008538552695937237, -0.01728745401972259, 0.002003557424127055, 0.0023944322579720198, 0.0028989456906031406, 0.0029576263576288424, 0.00261211390662173, 0.2021850666644447, -0.001895331074332811, -1.7002263676889582e-05, -2.5576033509229473e-05, -2.65745971292417e-05, -2.0703778078806732e-05, 0.0013552059336545794, -0.0018802562105829203, 5.1210681273739746e-05, 5.566973348668321e-05, 2.942459791220647e-05, 0.0017819652448041983, -0.0018178908785166752, 0.00016130968108280853, 9.379174691835531e-05, 0.00233185287207887, -0.0018075533927078664, 0.00010127956234384784, 0.002395753830779816, -0.0018591964771946209, 0.002019336417905656, -0.016709566817345617], [0.14196191174871503, -0.05991760278448359, -0.059099401171628624, -0.12281513059487763, -0.0576291636196843, -0.05624774125417218, -0.0560868055994666, -0.05703348319672249, -0.057902869982373116, 0.044811631380070716, -0.0017045814397856213, -0.01642376702887395, -0.0018393343669461778, -0.001966101486469896, -0.0019811234205409814, -0.001893621825088661, -0.001814489663201968, 0.044567564145583494, -0.016782393622488952, -0.0019199921520712988, -0.0020456071533013556, -0.002060455727342796, -0.0019738395938066495, -0.001895331074332811, 0.17997638455181508, -0.017403140384362605, -0.01798318559692591, -0.018050860528514075, -0.017653167710077834, -0.01728820370728852, 0.0441286994113547, -0.0021746664737985113, -0.0021891266107634407, -0.0021045418413463825, -0.0020274823814494304, 0.043704888742932095, -0.0023083008265326636, -0.0022261875337999024, -0.002150978905942847, 0.043654601461238056, -0.0022404627643328114, -0.002165517814325384, 0.04394760631553434, -0.0020805181045933773, 0.04421114620656445], [-0.09628013905670606, 0.0047286252005061995, 0.0024942213871073796, -0.058707994199510054, -0.06060470319377132, -0.0051986396709532215, -0.005636231644505834, -0.0030666550474398343, -0.0007198557381915044, -0.0019239058696638367, 4.4591935813779746e-05, 0.0015628184490623894, 0.0009705396360827545, -0.00011769028569379934, -0.0001267746138122985, -7.331021347665808e-05, -2.402181099623249e-05, -0.0019497259844278617, 0.001885237665126123, 0.0013172084609101363, -6.644575713471878e-05, -7.124292205072061e-05, -4.301058024788758e-05, -1.7002263676889582e-05, -0.017403140384362605, 0.2024334989625073, 0.0029755225678147128, 0.003036903826509805, 0.002675606300362766, 0.002343646415676174, -0.016850154795295155, 0.0024853807771750024, 0.0025510293908244165, 0.0021644676916855697, 0.0018089252309851514, -0.0019153164178385925, 0.00011692829998748627, 5.960986132775913e-05, 6.811712104630902e-06, -0.0019073065347617857, 6.536449577458221e-05, 8.14533671048782e-06, -0.0019452254191190696, 2.919760000931917e-07, -0.0019602602619048803], [-0.09591962467329385, 0.005848271450136533, 0.0036441380397822854, -0.05890636632287198, -0.00025455179300843935, -0.06320471534377582, -0.0043713023262127535, -0.0018409937883241065, 0.0004724642496002025, -0.002004655681065714, 8.080145870297015e-05, 0.0020755710413624907, -3.56372627737064e-05, 0.0007956620339468912, -0.00015648179407356836, -8.238659028146564e-05, -1.4106636657186572e-05, -0.0020612293286595067, 0.0024023421926025385, -3.9767262213738495e-05, 0.0011690551740113997, -0.00011945346498242122, -7.058683311791207e-05, -2.5576033509229473e-05, -0.01798318559692591, 0.0029755225678147128, 0.20308334645896084, 0.00357780715591433, 0.003207916234391079, 0.0028688896851953717, -0.0021158435392614346, 0.0018204072115812285, -5.4377202769935104e-05, -4.979059072995459e-05, -4.559183696559455e-05, -0.016611246623222234, 0.0025015960206901584, 0.0020835636614309474, 0.0016995055100046273, -0.002112663535241717, -2.820080557122394e-05, -6.643017999651154e-05, -0.002121766032651816, -5.3643034072004286e-05, -0.0021100447487347796], [-0.09589971132340795, 0.00597351543671558, 0.0037726631808483167, -0.058934590306339324, -0.00012025820249101519, -0.003800164325374669, -0.06350911753998893, -0.0017041442410155017, 0.0006056343142046592, -0.002014387042544861, 8.501554477929998e-05, 0.0021350426333843603, -3.519028689688669e-05, -0.00014695908251571995, 0.0007802366612184433, -8