{
    "name": "Total Decomposition",
    "rational_expression": "2177*x1**4/500 + 9273*x1**3*x2/100000 - 133*x1**3*x3/2000 - 703*x1**3/500 + 437*x1**2*x2**2/50 + 4471*x1**2*x2*x3/10000 - 9429*x1**2*x2/10000 + 177*x1**2*x3**2/20 - 977*x1**2*x3/1250 + 2153*x1**2/1000 + 1169*x1*x2**3/12500 - 1321*x1*x2**2*x3/20000 - 1477*x1*x2**2/1000 + 2291*x1*x2*x3**2/25000 - 2381*x1*x2*x3/10000 - 641*x1*x2/125 - 3087*x1*x3**3/50000 - 1453*x1*x3**2/1000 + 327*x1*x3/100 + 553*x1/1000 + 2193*x2**4/500 + 571*x2**3*x3/1250 - 2297*x2**3/2500 + 8889*x2**2*x3**2/1000 - 1051*x2**2*x3/1000 + 3767*x2**2/1000 + 4543*x2*x3**3/10000 - 1197*x2*x3**2/1000 - 277*x2*x3/25 - 1053*x2/200 + 4499*x3**4/1000 - 8901*x3**3/10000 + 107*x3**2/40 - 477*x3/200 + 909/125",
    "Q": "[[7.272249122193595, -1.1914475096266637, -2.6339354029423334, 0.27450042943826874, -1.3875268345656082, -3.6474485139499504, 0.8660375153793343, -1.2704230150603513, -1.4139191496477899, -1.338103358217491], [-1.1914475096266637, 5.452259984250396, -1.8916506425774717, 0.7672716220682213, -0.4429902406915274, -0.31643163007588404, -0.46638964240933034, -0.6021572742833047, 0.39317162347934487, -0.07678077958692313], [-2.6339354029423334, -1.8916506425774717, 6.312642726859949, -1.1536294878630424, -0.283447525745124, 0.07417492991095158, -0.3687777368016495, -0.45998740669506244, -0.2286071018141705, 0.08074427070603458], [0.27450042943826874, 0.7672716220682213, -1.1536294878630424, 4.827994671239047, -0.25634096282938457, -0.1443340434032151, -0.31542112708643505, -0.5044171909811873, -0.5551366763846682, -0.7021875511776001], [-1.3875268345656082, -0.4429902406915274, -0.283447525745124, -0.25634096282938457, 4.497128887304084, 0.22488385280678497, -0.030245279957042154, 0.44644160654511367, 0.41570826607124844, 0.8239699943063228], [-3.6474485139499504, -0.31643163007588404, 0.07417492991095158, -0.1443340434032151, 0.22488385280678497, 7.991575270627566, -0.3704665254699243, 0.22488385280678636, 0.3882675185079597, 0.6508810769106816], [0.8660375153793343, -0.46638964240933034, -0.3687777368016495, -0.31542112708643505, -0.030245279957042154, -0.3704665254699243, 7.203655009836825, -0.4185127984650016, -0.4259972241039021, -0.03024527995704367], [-1.2704230150603513, -0.6021572742833047, -0.45998740669506244, -0.5044171909811873, 0.44644160654511367, 0.22488385280678636, -0.4185127984650016, 4.387329596413856, 0.04524174060131956, 0.7531204041526931], [-1.4139191496477899, 0.39317162347934487, -0.2286071018141705, -0.5551366763846682, 0.41570826607124844, 0.3882675185079597, -0.4259972241039021, 0.04524174060131956, 7.235554899253846, 0.04524174060132163], [-1.338103358217491, -0.07678077958692313, 0.08074427070603458, -0.7021875511776001, 0.8239699943063228, 0.6508810769106816, -0.03024527995704367, 0.7531204041526931, 0.04524174060132163, 4.3544661111454985]]",
    "monomial_list": "[1, x3, x2, x1, x3**2, x2*x3, x1*x3, x2**2, x1*x2, x1**2]"
}