{
    "name": "Total Decomposition",
    "rational_expression": "724*x1**4/125 - 1147*x1**3*x2/1000 + 397*x1**3/2500 + 1889*x1**2*x2**2/200 + 279*x1**2*x2/125 + 19*x1**2/5 - 587*x1*x2**3/250 - 5213*x1*x2**2/10000 + 1203*x1*x2/1000 + 203*x1/125 + 2157*x2**4/1000 + 3719*x2**3/1000 + 689*x2**2/500 + 6149*x2/10000 + 1147/250",
    "Q": "[[4.588298903271037, 0.30560165574874326, 0.8129702250733214, -1.2621064487930567, 0.5783178960932807, -0.733828584227058], [0.30560165574874326, 3.901848280030649, 0.022578290123872215, 1.8592183656696837, -0.25196505637939237, 0.6744123102323804], [0.8129702250733214, 0.022578290123872215, 5.268206462664531, -0.009727119320874864, 0.442088098560772, 0.08109659736056538], [-1.2621064487930567, 1.8592183656696837, -0.009727119320874864, 2.15504104610146, -1.1734698562336157, 0.761357719249024], [0.5783178960932807, -0.25196505637939237, 0.442088098560772, -1.1734698562336157, 7.923438856666186, -0.5707128620057501], [-0.733828584227058, 0.6744123102323804, 0.08109659736056538, 0.761357719249024, -0.5707128620057501, 5.792310369629988]]",
    "monomial_list": "[1, x2, x1, x2**2, x1*x2, x1**2]"
}