{
    "name": "Total Decomposition",
    "rational_expression": "437*x1**4/200 - 3467*x1**3*x2/10000 + 1933*x1**3/1000 + 419*x1**2*x2**2/100 - 47*x1**2*x2/25 + 977*x1**2/500 + 517*x1*x2**3/2000 + 2073*x1*x2**2/1000 + 1699*x1*x2/10000 - 1079*x1/1000 + 709*x2**4/500 + 1593*x2**3/1000 + 7851*x2**2/10000 + 1883*x2/10000 + 509/200",
    "Q": "[[2.544614591501183, 0.09389804007584664, -0.5398228409062277, -0.6272590834605165, 0.11644200090031931, -0.4160477583606083], [0.09389804007584664, 2.042146954609652, -0.0330013438012013, 0.7965831633529876, 0.6227489001436588, -0.18609421100574927], [-0.5398228409062277, -0.0330013438012013, 2.788615299746581, 0.41396801021816343, -0.7536976869194981, 0.966750444183923], [-0.6272590834605165, 0.7965831633529876, 0.41396801021816343, 1.4177337323028487, 0.1299377096306895, 0.35858869523061804], [0.11644200090031931, 0.6227489001436588, -0.7536976869194981, 0.1299377096306895, 3.47199514223651, -0.17276430237097026], [-0.4160477583606083, -0.18609421100574927, 0.966750444183923, 0.35858869523061804, -0.17276430237097026, 2.184567695010134]]",
    "monomial_list": "[1, x2, x1, x2**2, x1*x2, x1**2]"
}