{
    "name": "Total Decomposition",
    "rational_expression": "223*x1**4/1000 + 413*x1**3*x2/1000 + 64*x1**3*x3/125 - 17*x1**3/1250 + 339*x1**2*x2**2/1000 + 389*x1**2*x2*x3/1000 - 217*x1**2*x2/5000 + 13*x1**2*x3**2/25 + 51*x1**2*x3/5000 + 7*x1**2/25 + 89*x1*x2**3/250 + 11*x1*x2**2*x3/40 - 169*x1*x2**2/2000 + 41*x1*x2*x3**2/125 - 129*x1*x2*x3/5000 + 579*x1*x2/1000 + 523*x1*x3**3/1000 + 347*x1*x3**2/10000 + 129*x1*x3/200 - 11*x1/500 + 209*x2**4/1000 + 43*x2**3*x3/100 - 559*x2**3/10000 + 421*x2**2*x3**2/1000 - 51*x2**2*x3/625 + 301*x2**2/1000 + 99*x2*x3**3/200 - 163*x2*x3**2/10000 + 167*x2*x3/250 - 227*x2/10000 + 303*x3**4/1000 + 111*x3**3/20000 + 373*x3**2/1000 - 127*x3/5000 + 431/1000000",
    "Q": "[[0.0004379312343173292, -0.012786070002791722, -0.01144777803556396, -0.011076320854122796, -0.0004496592061789067, 0.00042475423098688793, -0.0005134578167102114, 0.0007644557579153424, 0.0006528705029717423, -7.91190372201292e-05], [-0.012786070002791722, 0.3736663965812308, 0.33420739729637094, 0.3233873186974014, 0.0027285366112950794, -0.020936694721539067, 0.006016185464680159, -0.02157091701329321, -0.018326082277777222, 0.002398915135546352], [-0.01144777803556396, 0.33420739729637094, 0.29955889699979354, 0.2895053615509121, 0.012591359055120979, -0.019354496710494412, 0.015109728363648729, -0.0279519624564017, -0.023890084827950585, 0.002994824231126005], [-0.011076320854122796, 0.3233873186974014, 0.2895053615509121, 0.28049624912331184, 0.011471464504601046, -0.009694569892724896, 0.0028463274424224264, -0.018383005169362716, -0.024714603089349203, -0.006813328090089138], [-0.0004496592061789067, 0.0027285366112950794, 0.012591359055120979, 0.011471464504601046, 0.30386271704406803, 0.24773065167468233, 0.26165903286430825, -0.02332449100432168, -0.023330409565223642, -0.003088025773116424], [0.00042475423098688793, -0.020936694721539067, -0.019354496710494412, -0.009694569892724896, 0.24773065167468233, 0.4668592803766923, 0.1875696640271234, 0.21465928933455344, 0.18325908192845947, -0.027666973688974843], [-0.0005134578167102114, 0.006016185464680159, 0.015109728363648729, 0.0028463274424224264, 0.26165903286430825, 0.1875696640271234, 0.5258600649351569, -0.04590682038908253, 0.22222485178588858, 0.2556713011947887], [0.0007644557579153424, -0.02157091701329321, -0.0279519624564017, -0.018383005169362716, -0.02332449100432168, 0.21465928933455344, -0.04590682038908253, 0.2086257352429892, 0.17816411575262708, -0.024686870804433943], [0.0006528705029717423, -0.018326082277777222, -0.023890084827950585, -0.024714603089349203, -0.023330409565223642, 0.18325908192845947, 0.22222485178588858, 0.17816411575262708, 0.3886468299469539, 0.20659820051505007], [-7.91190372201292e-05, 0.002398915135546352, 0.002994824231126005, -0.006813328090089138, -0.003088025773116424, -0.027666973688974843, 0.2556713011947887, -0.024686870804433943, 0.20659820051505007, 0.22271534203396068]]",
    "monomial_list": "[1, x3, x2, x1, x3**2, x2*x3, x1*x3, x2**2, x1*x2, x1**2]"
}