{
    "name": "Multiplier-3",
    "rational_expression": "8503*x1**2/1000 + 812*x1*x10/3125 + 4743*x1*x11/12500 + 1377*x1*x12/4000 + 1863*x1*x13/5000 + 96903*x1*x14/1000000 + 8647*x1*x15/50000 + 786*x1*x16/15625 + 33539*x1*x17/100000 + 7671*x1*x2/25000 + 21531*x1*x3/100000 + 183*x1*x4/625 + 461*x1*x5/2000 + 3447*x1*x6/10000 + 2059*x1*x7/10000 + 178*x1*x8/625 + 2751*x1*x9/10000 - 747*x1/500 + 22137*x10**2/2500 - 12087*x10*x11/50000 - 6119*x10*x12/62500 - 3369*x10*x13/25000 - 2057*x10*x14/12500 - 3729*x10*x15/25000 + 10313*x10*x16/500000 - 17979*x10*x17/100000 - 33283*x10*x2/1000000 - 19943*x10*x3/10000000 - 2351*x10*x4/50000 - 1633*x10*x5/10000 - 27*x10*x6/200 - 227*x10*x7/2000 - 951*x10*x8/10000 - 4611*x10*x9/50000 + 2491*x10/5000 + 4299*x11**2/500 - 53791*x11*x12/100000 - 26437*x11*x13/100000 - 459*x11*x14/2500 - 6571*x11*x15/50000 - 16401*x11*x16/100000 - 15227*x11*x17/100000 + 37679*x11*x2/500000 + 25489*x11*x3/100000 - 4517*x11*x4/10000 - 253*x11*x5/625 - 633*x11*x6/1000 - 4777*x11*x7/10000 - 5803*x11*x8/10000 - 3771*x11*x9/10000 + 44*x11/25 + 42493*x12**2/5000 - 57301*x12*x13/100000 - 11217*x12*x14/100000 - 8319*x12*x15/25000 - 5257*x12*x16/50000 - 26149*x12*x17/50000 - 52799*x12*x2/100000 - 37799*x12*x3/100000 - 3433*x12*x4/10000 - 4317*x12*x5/10000 - 4287*x12*x6/10000 - 3403*x12*x7/10000 - 1651*x12*x8/5000 - 879*x12*x9/2000 + 2087*x12/1000 + 85327*x13**2/10000 - 787*x13*x14/4000 - 6669*x13*x15/50000 - 70181*x13*x16/1000000 - 9267*x13*x17/50000 - 6123*x13*x2/500000 + 2499*x13*x3/10000 - 2059*x13*x4/5000 - 797*x13*x5/2000 - 1301*x13*x6/2500 - 449*x13*x7/1000 - 5317*x13*x8/10000 - 3641*x13*x9/10000 + 1869*x13/1000 + 86683*x14**2/10000 - 57581*x14*x15/100000 + 12887*x14*x16/250000 - 9939*x14*x17/50000 - 1487*x14*x2/12500 - 10541*x14*x3/100000 - 1701*x14*x4/10000 - 259*x14*x5/2000 - 1413*x14*x6/10000 - 759*x14*x7/5000 - 149*x14*x8/1000 - 599*x14*x9/5000 + 2063*x14/2500 + 21099*x15**2/2500 - 11629*x15*x16/100000 - 35971*x15*x17/1000000 + 15257*x15*x2/100000 + 18967*x15*x3/100000 - 3861*x15*x4/10000 - 2461*x15*x5/10000 - 3857*x15*x6/10000 - 2869*x15*x7/10000 - 471*x15*x8/1250 - 1233*x15*x9/5000 + 243*x15/400 + 10997*x16**2/1250 - 11019*x16*x17/25000 - 16047*x16*x2/100000 - 8053*x16*x3/50000 - 579*x16*x4/5000 - 809*x16*x5/5000 - 433*x16*x6/5000 - 2133*x16*x7/50000 - 37*x16*x8/31250 - 4497*x16*x9/50000 + 1869*x16/2000 + 85801*x17**2/10000 + 20749*x17*x2/100000 + 1127*x17*x3/3125 - 2401*x17*x4/5000 - 1753*x17*x5/5000 - 2951*x17*x6/5000 - 2427*x17*x7/5000 - 1481*x17*x8/2500 - 216*x17*x9/625 + 1323*x17/1000 + 87819*x2**2/10000 + 60111*x2*x3/100000 - 3131*x2*x4/10000 - 317*x2*x5/1250 - 1337*x2*x6/2500 - 3603*x2*x7/10000 - 329*x2*x8/500 - 2149*x2*x9/10000 + 253*x2/250 + 5741*x3**2/500 - 177*x3*x4/625 - 973*x3*x5/12500 - 4711*x3*x6/10000 - 497*x3*x7/2000 - 1339*x3*x8/2500 - 3191*x3*x9/100000 + 1569*x3/100000 + 8671*x4**2/1000 - 54*x4*x5/125 - 4431*x4*x6/10000 - 1241*x4*x7/5000 - 3097*x4*x8/10000 - 3217*x4*x9/10000 + 1667*x4/1000 + 8507*x5**2/1000 - 2129*x5*x6/5000 - 3083*x5*x7/10000 - 3703*x5*x8/10000 - 3697*x5*x9/10000 + 911*x5/500 + 1059*x6**2/125 - 713*x6*x7/2000 - 583*x6*x8/1250 - 4117*x6*x9/10000 + 2321*x6/1000 + 1067*x7**2/125 - 1293*x7*x8/5000 - 73*x7*x9/250 + 479*x7/250 + 1717*x8**2/200 - 227*x8*x9/500 + 2103*x8/1000 + 1062*x9**2/125 + 927*x9/500 + 1947/250",
    "Q": "[[7.788058542817316, 0.9306561586334878, 1.0544742530365714, 0.9597014074897908, 1.1588456202015986, 0.9100621525392666, 0.8321334179137843, 0.0054875506744428365, 0.5037457200558736, 0.6598594699544742, 0.4690075734583961, 0.3026935473916458, 0.4092160558228643, 0.9353953161385421, 1.046599846675022, 0.8819020652967281, 0.24699457790734836, -0.7482158171751957], [0.9306561586334878, 8.497267316300533, -0.22899930950979797, -0.1465096719452999, -0.20762050212497074, -0.18223387021904774, -0.16049627309887707, -0.020104007724571188, -0.11131786418391991, -0.1767143114928258, -0.043704339594732425, -0.12232897131826836, -0.05743190669141615, -0.1789568480025008, -0.2184800178389824, -0.1916785601384898, -0.04490444454295166, 0.13311644277632245], [1.0544742530365714, -0.22899930950979797, 8.585989161327287, -0.12836032739619735, -0.22986909292295188, -0.18466442213031325, -0.1569626953770204, -0.26597239073167206, -0.32859241149886687, -0.29406830098718134, 0.0030740848971270262, -0.19137227047793967, -0.0722917719057735, -0.269102301829357, -0.1602572623443737, -0.29023285683604927, -0.04640040773565847, 0.14079200738331554], [0.9597014074897908, -0.1465096719452999, -0.12836032739619735, 8.536105117728138, -0.1762944822524205, -0.15613942111823453, -0.12572657191219958, -0.12515459739142823, -0.17708937922139933, -0.2395232176382913, -0.020310195941871077, -0.1471997825030674, -0.07566774384567256, -0.22218282015262078, -0.1710537396176979, -0.24086404770334469, -0.056446839929628435, 0.10525501323176785], [1.1588456202015986, -0.20762050212497074, -0.22986909292295188, -0.1762944822524205, 8.471243699778004, -0.21380184916773348, -0.22121074889647468, -0.23759114210262816, -0.27185828841639187, -0.29581939176212996, -0.04456748718641901, -0.1938229176342564, -0.06991195798806667, -0.2634720827637983, -0.21394273498553348, -0.31489145121241163, -0.069820974034066, 0.16989196054063452], [0.9100621525392666, -0.18223387021904774, -0.18466442213031325, -0.15613942111823453, -0.21380184916773348, 8.507132316959558, -0.21824059529291662, -0.03748577646599383, -0.12560533065115864, -0.17722724363070974, -0.07831774055704162, -0.12073832126508448, -0.06180856794297656, -0.19545766529586253, -0.21909549707491424, -0.20156040111274856, -0.07986454430790067, 0.11204873089294848], [0.8321334179137843, -0.16049627309887707, -0.1569626953770204, -0.12572657191219958, -0.22121074889647468, -0.21824059529291662, 8.671359430734677, -0.1434667128988229, -0.156029384232738, -0.23994193243365486, -0.061993958191823566, -0.19378434862110075, -0.08520090449614029, -0.20253906221431775, -0.17498962624325134, -0.2272782995171134, -0.020322749437911014, 0.1467708637855122], [0.0054875506744428365, -0.020104007724571188, -0.26597239073167206, -0.12515459739142823, -0.23759114210262816, -0.03748577646599383, -0.1434667128988229, 11.481396418455928, 0.30483766025637854, 0.17973739507537284, -0.07909543296433948, 0.09573280482820738, -0.05162776467521074, 0.11950032171709876, -0.18653293512002073, 0.13236072060597823, -0.004816882871201462, 0.10266037271399509], [0.5037457200558736, -0.11131786418391991, -0.32859241149886687, -0.17708937922139933, -0.27185828841639187, -0.12560533065115864, -0.156029384232738, 0.30483766025637854, 8.781639005361415, 0.10770648838723555, -0.07920310152004038, 0.07443561454395436, -0.056007578649232, -0.007734974547394967, -0.2646465764211516, 0.035592785463115055, -0.021448792897069937, 0.15142066721899408], [0.6598594699544742, -0.1767143114928258, -0.29406830098718134, -0.2395232176382913, -0.29581939176212996, -0.17722724363070974, -0.23994193243365486, 0.17973739507537284, 0.10770648838723555, 8.579975276440152, -0.22141840663281823, -0.02051134587102385, -0.09877281146165356, -0.09660683272806508, -0.26191102505722025, -0.07430504449662112, -0.09352622787931497, 0.16724117560144663], [0.4690075734583961, -0.043704339594732425, 0.0030740848971270262, -0.020310195941871077, -0.04456748718641901, -0.07831774055704162, -0.061993958191823566, -0.07909543296433948, -0.07920310152004038, -0.22141840663281823, 8.79806060716188, -0.05383910352297813, 0.024935904587974414, -0.036195137591664345, -0.050367902104892774, -0.08283451500691819, 0.006645231166022174, 0.02259520063697676], [0.3026935473916458, -0.12232897131826836, -0.19137227047793967, -0.1471997825030674, -0.1938229176342564, -0.12073832126508448, -0.19378434862110075, 0.09573280482820738, 0.07443561454395436, -0.02051134587102385, -0.05383910352297813, 8.439560539190497, -0.2862274473444389, -0.06927199781523491, -0.16202790845015455, -0.06692275685636609, -0.0717963884508549, 0.08565990103916195], [0.4092160558228643, -0.05743190669141615, -0.0722917719057735, -0.07566774384567256, -0.06991195798806667, -0.06180856794297656, -0.08520090449614029, -0.05162776467521074, -0.056007578649232, -0.09877281146165356, 0.024935904587974414, -0.2862274473444389, 8.667607949787351, -0.10071331485187712, -0.05799547307777368, -0.09553515539647174, -0.08330371048082173, 0.04853376164627221], [0.9353953161385421, -0.1789568480025008, -0.269102301829357, -0.22218282015262078, -0.2634720827637983, -0.19545766529586253, -0.20253906221431775, 0.11950032171709876, -0.007734974547394967, -0.09660683272806508, -0.036195137591664345, -0.06927199781523491, -0.10071331485187712, 8.533020416311457, -0.28771948649667567, -0.13246709519401387, -0.0653677050698159, 0.1824893239047656], [1.046599846675022, -0.2184800178389824, -0.1602572623443737, -0.1710537396176979, -0.21394273498553348, -0.21909549707491424, -0.17498962624325134, -0.18653293512002073, -0.2646465764211516, -0.26191102505722025, -0.050367902104892774, -0.16202790845015455, -0.05799547307777368, -0.28771948649667567, 8.499992152806369, -0.2662615435523349, -0.04771920176961409, 0.17008951707751357], [0.8819020652967281, -0.1916785601384898, -0.29023285683604927, -0.24086404770334469, -0.31489145121241163, -0.20156040111274856, -0.2272782995171134, 0.13236072060597823, 0.035592785463115055, -0.07430504449662112, -0.08283451500691819, -0.06692275685636609, -0.09553515539647174, -0.13246709519401387, -0.2662615435523349, 8.599454355024166, -0.12053771717543896, 0.18932975668074442], [0.24699457790734836, -0.04490444454295166, -0.04640040773565847, -0.056446839929628435, -0.069820974034066, -0.07986454430790067, -0.020322749437911014, -0.004816882871201462, -0.021448792897069937, -0.09352622787931497, 0.006645231166022174, -0.0717963884508549, -0.08330371048082173, -0.0653677050698159, -0.04771920176961409, -0.12053771717543896, 8.8546138250246, 0.1334578952769491], [-0.7482158171751957, 0.13311644277632245, 0.14079200738331554, 0.10525501323176785, 0.16989196054063452, 0.11204873089294848, 0.1467708637855122, 0.10266037271399509, 0.15142066721899408, 0.16724117560144663, 0.02259520063697676, 0.08565990103916195, 0.04853376164627221, 0.1824893239047656, 0.17008951707751357, 0.18932975668074442, 0.1334578952769491, 8.502300304335703]]",
    "monomial_list": "[1, x9, x8, x7, x6, x5, x4, x3, x2, x17, x16, x15, x14, x13, x12, x11, x10, x1]"
}