{
    "name": "Multiplier-12",
    "rational_expression": "77437*x1**2/10000 + 1391*x1*x10/6250 + 16321*x1*x11/25000 + 13371*x1*x12/10000 + 4021*x1*x13/10000 + 317*x1*x14/1250 + 2101*x1*x15/10000 - 2901*x1*x16/10000 + 707*x1*x17/2000 + 466*x1*x2/625 + 4321*x1*x3/10000 + 6059*x1*x4/10000 + 1723*x1*x5/2500 + 7001*x1*x6/10000 + 1493*x1*x7/2500 + 6339*x1*x8/10000 + 333*x1*x9/625 - 1711*x1/1000 + 88057*x10**2/10000 - 34587*x10*x11/100000 + 4383*x10*x12/2000 - 2701*x10*x13/10000 - 319*x10*x14/2500 + 1699*x10*x15/50000 - 153*x10*x16/4000 - 1301*x10*x17/50000 + 327*x10*x2/2000 + 3467*x10*x3/100000 - 1397*x10*x4/5000 + 1673*x10*x5/25000 - 1943*x10*x6/5000 - 131*x10*x7/1250 - 1417*x10*x8/10000 - 3089*x10*x9/50000 + 971*x10/1250 + 39481*x11**2/5000 - 744*x11*x12/625 - 72*x11*x13/125 - 1967*x11*x14/10000 - 1269*x11*x15/5000 + 1129*x11*x16/5000 - 6347*x11*x17/10000 - 8491*x11*x2/10000 - 7721*x11*x3/10000 - 3387*x11*x4/10000 - 548*x11*x5/625 - 6453*x11*x6/10000 - 5377*x11*x7/10000 - 6587*x11*x8/10000 - 3247*x11*x9/5000 + 1893*x11/1000 + 273*x12**2/20 - 1287*x12*x13/500 + 69*x12*x14/50 - 1303*x12*x15/1000 + 367*x12*x16/1250 - 2263*x12*x17/5000 + 54*x12*x2/125 - 1599*x12*x3/10000 - 7183*x12*x4/10000 - 67*x12*x5/250 - 397*x12*x6/250 - 1723*x12*x7/5000 + 2887*x12*x8/10000 - 4509*x12*x9/5000 + 2157*x12/1000 + 7951*x13**2/1000 - 3583*x13*x14/5000 - 3387*x13*x15/5000 + 137*x13*x16/250 - 487*x13*x17/625 - 3771*x13*x2/5000 - 1009*x13*x3/1000 - 1851*x13*x4/10000 - 2441*x13*x5/5000 - 603*x13*x6/2500 - 6133*x13*x7/10000 - 2121*x13*x8/2500 - 5871*x13*x9/10000 + 279*x13/250 + 8521*x14**2/1000 - 559*x14*x15/500 + 111*x14*x16/625 - 491*x14*x17/2500 + 7273*x14*x2/100000 + 6103*x14*x3/1000000 - 499*x14*x4/1250 - 683*x14*x5/5000 - 273*x14*x6/1000 - 961*x14*x7/2500 - 303*x14*x8/2000 - 2019*x14*x9/10000 + 847*x14/500 + 936*x15**2/125 + 847*x15*x16/2500 - 3499*x15*x17/5000 - 286*x15*x2/625 - 6113*x15*x3/10000 - 1753*x15*x4/5000 - 997*x15*x5/5000 - 3387*x15*x6/5000 - 2291*x15*x7/5000 - 2527*x15*x8/10000 - 4227*x15*x9/10000 + 1653*x15/1000 + 1064*x16**2/125 - 4181*x16*x17/10000 + 699*x16*x2/2000 + 193*x16*x3/1250 + 673*x16*x4/5000 + 9021*x16*x5/100000 + 73*x16*x6/1250 + 469*x16*x7/2000 + 1057*x16*x8/10000 + 1279*x16*x9/10000 - 3349*x16/5000 + 7811*x17**2/1000 - 2553*x17*x2/5000 - 1953*x17*x3/2500 - 2391*x17*x4/5000 - 4021*x17*x5/10000 - 6661*x17*x6/10000 - 821*x17*x7/2000 - 1899*x17*x8/5000 - 5257*x17*x9/10000 + 443*x17/200 + 8143*x2**2/1000 - 187*x2*x3/200 - 797*x2*x4/2500 - 2981*x2*x5/5000 - 4721*x2*x6/5000 - 3901*x2*x7/10000 - 847*x2*x8/2000 - 1189*x2*x9/2500 + 56*x2/25 + 3891*x3**2/500 - 1587*x3*x4/5000 - 1081*x3*x5/2000 - 2209*x3*x6/5000 - 4207*x3*x7/10000 - 5109*x3*x8/100000 - 3201*x3*x9/5000 + 252*x3/125 + 4253*x4**2/500 - 521*x4*x5/500 - 187*x4*x6/625 - 577*x4*x7/1250 - 2547*x4*x8/5000 - 1653*x4*x9/5000 + 1421*x4/1000 + 1927*x5**2/250 - 4181*x5*x6/10000 - 819*x5*x7/1000 - 5191*x5*x8/10000 - 983*x5*x9/1250 + 1893*x5/1000 + 8203*x6**2/1000 - 4247*x6*x7/5000 - 7029*x6*x8/10000 - 2389*x6*x9/5000 + 44*x6/25 + 966*x7**2/125 - 384*x7*x8/625 - 7317*x7*x9/10000 + 1859*x7/1000 + 8349*x8**2/1000 - 217*x8*x9/200 + 1231*x8/500 + 387*x9**2/50 + 1603*x9/1000 + 1033/250",
    "Q": "[[4.13243884071209, 0.8030874025716639, 1.2315137314039495, 0.9316943284169186, 0.8809372044114512, 0.9463025863570883, 0.7117921164129063, 1.0072537934335088, 1.12168600512804, 1.1079488157957982, -0.33590146779978014, 0.8282105861889395, 0.8462440228372338, 0.5592684223433422, 1.0798639177372025, 0.9473306399092349, 0.3885225090315805, -0.8550721113333182], [0.8030874025716639, 7.740143715009389, -0.5452119409102725, -0.36708097973605797, -0.23477520054530546, -0.393686840820404, -0.1657725287394211, -0.316452274496606, -0.234867368511049, -0.26294110040450697, 0.06396886560767553, -0.20967576651045483, -0.10105776610087346, -0.29152483017804715, -0.45071004542671916, -0.3228263982792392, -0.029126371304420893, 0.2670764205090569], [1.2315137314039495, -0.5452119409102725, 8.350362750564166, -0.30478668487080257, -0.3498551583819118, -0.25761207454252516, -0.2549524341557585, -0.027745806060227814, -0.2140654821792147, -0.1889577151186877, 0.04970071038144903, -0.12395444154491883, -0.07415212622223544, -0.42054029350488314, 0.1455225878892308, -0.3297006758012799, -0.07204614491077106, 0.31580440745043775], [0.9316943284169186, -0.36708097973605797, -0.30478668487080257, 7.729504812541291, -0.4280720136426696, -0.41267372839338795, -0.23280049395815947, -0.21370805882379937, -0.19205711443894755, -0.20331194666888247, 0.1150448985515003, -0.22742038543717807, -0.19448037876448773, -0.3038250988939483, -0.16979491423896675, -0.267707970344181, -0.05483371574037864, 0.3011612192641692], [0.8809372044114512, -0.23477520054530546, -0.3498551583819118, -0.4280720136426696, 8.203486842768296, -0.20687853701953582, -0.14786423448170444, -0.22198082111433345, -0.47260844533913593, -0.33412463154632605, 0.031035256438111038, -0.33918877663530084, -0.13427270014755466, -0.12429115802349784, -0.7966144069407678, -0.32501758957095556, -0.19120360851672208, 0.3528759901333372], [0.9463025863570883, -0.393686840820404, -0.25761207454252516, -0.41267372839338795, -0.20687853701953582, 7.708892590059454, -0.5186420628338682, -0.26722403076831835, -0.2960803552552333, -0.20237482410148575, 0.0425700337012303, -0.10197120105008924, -0.06928288523651036, -0.2464055376884525, -0.1326600888613279, -0.4354349599961547, 0.03047078803390666, 0.34413499649257107], [0.7117921164129063, -0.1657725287394211, -0.2549524341557585, -0.23280049395815947, -0.14786423448170444, -0.5186420628338682, 8.506331326043725, -0.15871327001668156, -0.15605848032012073, -0.23931779385452737, 0.06489040124016605, -0.17126776145627873, -0.19758627393990463, -0.09498890555275101, -0.35595465344077404, -0.17153936048338797, -0.13919370961973085, 0.3011443070010758], [1.0072537934335088, -0.316452274496606, -0.027745806060227814, -0.21370805882379937, -0.22198082111433345, -0.26722403076831835, -0.15871327001668156, 7.781781769594038, -0.46647984962159134, -0.3901810188138331, 0.08058040428705306, -0.3037882477228495, 0.005449283387065343, -0.5071757783031602, -0.07732058956832209, -0.3842217372579886, 0.01728675212277156, 0.21631253751398383], [1.12168600512804, -0.234867368511049, -0.2140654821792147, -0.19205711443894755, -0.47260844533913593, -0.2960803552552333, -0.15605848032012073, -0.46647984962159134, 8.142948997758339, -0.25654987711199656, 0.17078983481421398, -0.23135924272662167, 0.03390394029181357, -0.37657848370571884, 0.2187004788656423, -0.4257840538421191, 0.08458548539720545, 0.36956887047179887], [1.1079488157957982, -0.26294110040450697, -0.1889577151186877, -0.20331194666888247, -0.33412463154632605, -0.20237482410148575, -0.23931779385452737, -0.3901810188138331, -0.25654987711199656, 7.8114313206089285, -0.21188509515583717, -0.34883384576400267, -0.0965385772095927, -0.3849630586790317, -0.2277279822719783, -0.31398877663176955, -0.010115729109438195, 0.17708811752890916], [-0.33590146779978014, 0.06396886560767553, 0.04970071038144903, 0.1150448985515003, 0.031035256438111038, 0.0425700337012303, 0.06489040124016605, 0.08058040428705306, 0.17078983481421398, -0.21188509515583717, 8.512087699507976, 0.17144932050216072, 0.08742671151791441, 0.27070446332038056, 0.15138864095405363, 0.1150226102984403, -0.017594132073894028, -0.1435275222648163], [0.8282105861889395, -0.20967576651045483, -0.12395444154491883, -0.22742038543717807, -0.33918877663530084, -0.10197120105008924, -0.17126776145627873, -0.3037882477228495, -0.23135924272662167, -0.34883384576400267, 0.17144932050216072, 7.487776526888358, -0.5608407327617493, -0.3392293614749499, -0.6517988908760518, -0.12658308668513163, 0.017116373513603695, 0.10429762415717489], [0.8462440228372338, -0.10105776610087346, -0.07415212622223544, -0.19448037876448773, -0.13427270014755466, -0.06928288523651036, -0.19758627393990463, 0.005449283387065343, 0.03390394029181357, -0.0965385772095927, 0.08742671151791441, -0.5608407327617493, 8.520570246160815, -0.3551561730855126, 0.691563984513956, -0.09636904067255314, -0.062340740236404985, 0.12763699885182925], [0.5592684223433422, -0.29152483017804715, -0.42054029350488314, -0.3038250988939483, -0.12429115802349784, -0.2464055376884525, -0.09498890555275101, -0.5071757783031602, -0.37657848370571884, -0.3849630586790317, 0.27070446332038056, -0.3392293614749499, -0.3551561730855126, 7.950372020298702, -1.286465571674298, -0.29018890526746943, -0.13251741214320628, 0.19864531725652498], [1.0798639177372025, -0.45071004542671916, 0.1455225878892308, -0.16979491423896675, -0.7966144069407678, -0.1326600888613279, -0.35595465344077404, -0.07732058956832209, 0.2187004788656423, -0.2277279822719783, 0.15138864095405363, -0.6517988908760518, 0.691563984513956, -1.286465571674298, 13.649654719181811, -0.5905269525464166, 1.0950359371917104, 0.6745008943431671], [0.9473306399092349, -0.3228263982792392, -0.3297006758012799, -0.267707970344181, -0.32501758957095556, -0.4354349599961547, -0.17153936048338797, -0.3842217372579886, -0.4257840538421191, -0.31398877663176955, 0.1150226102984403, -0.12658308668513163, -0.09636904067255314, -0.29018890526746943, -0.5905269525464166, 7.894469057546107, -0.17257416806371453, 0.32438702207739023], [0.3885225090315805, -0.029126371304420893, -0.07204614491077106, -0.05483371574037864, -0.19120360851672208, 0.03047078803390666, -0.13919370961973085, 0.01728675212277156, 0.08458548539720545, -0.010115729109438195, -0.017594132073894028, 0.017116373513603695, -0.062340740236404985, -0.13251741214320628, 1.0950359371917104, -0.17257416806371453, 8.805088104111492, 0.11741551997703761], [-0.8550721113333182, 0.2670764205090569, 0.31580440745043775, 0.3011612192641692, 0.3528759901333372, 0.34413499649257107, 0.3011443070010758, 0.21631253751398383, 0.36956887047179887, 0.17708811752890916, -0.1435275222648163, 0.10429762415717489, 0.12763699885182925, 0.19864531725652498, 0.6745008943431671, 0.32438702207739023, 0.11741551997703761, 7.743525433806962]]",
    "monomial_list": "[1, x9, x8, x7, x6, x5, x4, x3, x2, x17, x16, x15, x14, x13, x12, x11, x10, x1]"
}