{
    "name": "Multiplier-4",
    "rational_expression": "74551*x1**2/10000 + 193*x1*x10/250 + 61053*x1*x11/100000 + 30157*x1*x12/50000 + 28953*x1*x13/50000 - 23393*x1*x14/100000 + 38849*x1*x15/100000 - 40523*x1*x16/50000 + 11971*x1*x17/25000 + 36727*x1*x2/50000 + 52737*x1*x3/100000 + 2347*x1*x4/625 + 8*x1*x5/25 + 67*x1*x6/50 + 1439*x1*x7/2500 + 1067*x1*x8/1000 + 2689*x1*x9/5000 - 1117*x1/1000 + 89801*x10**2/10000 - 15953*x10*x11/25000 + 7779*x10*x12/50000 - 11611*x10*x13/500000 - 86629*x10*x14/100000 + 7123*x10*x15/25000 - 10731*x10*x16/25000 + 7119*x10*x17/100000 + 41787*x10*x2/1000000 - 14623*x10*x3/1000000 + 20131*x10*x4/5000 - 219*x10*x5/500 + 201*x10*x6/400 - 59*x10*x7/200 + 1223*x10*x8/10000 - 339*x10*x9/2000 + 8309*x10/10000 + 76169*x11**2/10000 - 60697*x11*x12/100000 - 72837*x11*x13/100000 + 7389*x11*x14/50000 - 8917*x11*x15/50000 + 7009*x11*x16/20000 - 1721*x11*x17/2500 - 82223*x11*x2/100000 - 78011*x11*x3/100000 - 827*x11*x4/625 - 929*x11*x5/1000 - 2323*x11*x6/2500 - 2429*x11*x7/5000 - 1517*x11*x8/2000 - 809*x11*x9/1250 + 473*x11/250 + 3127*x12**2/400 - 894*x12*x13/625 + 2597*x12*x14/6250 - 7531*x12*x15/12500 - 23393*x12*x16/100000 - 9799*x12*x17/25000 - 6399*x12*x2/20000 - 27079*x12*x3/100000 - 10247*x12*x4/10000 - 1183*x12*x5/2000 - 2217*x12*x6/2500 - 2873*x12*x7/5000 + 1091*x12*x8/10000 - 3771*x12*x9/5000 + 1683*x12/1000 + 37867*x13**2/5000 - 7421*x13*x14/20000 - 15613*x13*x15/20000 + 33221*x13*x16/100000 - 15081*x13*x17/20000 - 443*x13*x2/1000 - 39747*x13*x3/50000 - 3867*x13*x4/100000 - 1299*x13*x5/2000 - 5613*x13*x6/10000 - 6079*x13*x7/10000 - 5677*x13*x8/10000 - 7153*x13*x9/10000 + 37*x13/20 + 16853*x14**2/2000 - 9821*x14*x15/5000 + 98303*x14*x16/100000 - 11027*x14*x17/20000 + 38789*x14*x2/500000 - 13981*x14*x3/50000 - 43127*x14*x4/10000 + 53*x14*x5/100 - 7487*x14*x6/10000 - 1763*x14*x7/5000 - 8401*x14*x8/10000 - 86*x14*x9/3125 - 363*x14/2000 + 66171*x15**2/10000 + 30217*x15*x16/50000 - 19217*x15*x17/20000 - 28133*x15*x2/50000 - 97469*x15*x3/100000 + 94133*x15*x4/100000 - 4199*x15*x5/10000 - 4811*x15*x6/10000 - 5307*x15*x7/10000 - 239*x15*x8/1250 - 4811*x15*x9/10000 + 309*x15/250 + 20749*x16**2/2500 - 69947*x16*x17/100000 + 49419*x16*x2/50000 + 57427*x16*x3/100000 - 7993*x16*x4/5000 + 1061*x16*x5/2000 - 3459*x16*x6/5000 + 4217*x16*x7/10000 + 283*x16*x8/2500 + 257*x16*x9/1000 - 1449*x16/2500 + 7271*x17**2/1000 - 13853*x17*x2/20000 - 5747*x17*x3/5000 + 12927*x17*x4/100000 - 6099*x17*x5/10000 - 3301*x17*x6/10000 - 1243*x17*x7/2500 - 2033*x17*x8/5000 - 76*x17*x9/125 + 939*x17/500 + 77019*x2**2/10000 - 1563*x2*x3/1000 - 5723*x2*x4/5000 - 233*x2*x5/400 - 107*x2*x6/100 - 901*x2*x7/5000 - 8173*x2*x8/10000 - 679*x2*x9/2500 + 789*x2/500 + 69387*x3**2/10000 + 23903*x3*x4/100000 - 993*x3*x5/1250 - 1829*x3*x6/10000 - 4291*x3*x7/10000 - 8297*x3*x8/100000 - 5953*x3*x9/10000 + 1243*x3/1000 + 2216*x4**2/125 - 879*x4*x5/200 + 2841*x4*x6/1000 - 182*x4*x7/125 + 541*x4*x8/500 - 1163*x4*x9/1250 + 1899*x4/500 + 3747*x5**2/500 - 1063*x5*x6/1000 - 1853*x5*x7/2000 - 1773*x5*x8/2000 - 9539*x5*x9/10000 + 761*x5/1000 + 4257*x6**2/500 - 1069*x6*x7/1000 + 2227*x6*x8/50000 - 6793*x6*x9/10000 + 613*x6/200 + 3691*x7**2/500 - 983*x7*x8/1250 - 3787*x7*x9/5000 + 1669*x7/1000 + 996*x8**2/125 - 699*x8*x9/500 + 254*x8/125 + 3717*x9**2/500 + 81*x9/50 + 3491/1000",
    "Q": "[[3.4906111269446307, 0.8104827813134363, 1.016272890247444, 0.8344216034468518, 1.5315731890170519, 0.38205225625035655, 1.9005724283445464, 0.620191655794743, 0.788727494293477, 0.938794107805564, -0.28813360068995225, 0.6176573081430117, -0.08984040346969553, 0.9247626938289565, 0.8419384042328816, 0.947068965060065, 0.41544491030148606, -0.560142275876832], [0.8104827813134363, 7.434044299581704, -0.6995145466720901, -0.37960288586831803, -0.34023769798647324, -0.47312189497402585, -0.4638002504373679, -0.30038333831894215, -0.1331619157949011, -0.30730491172405033, 0.1271687924454819, -0.24003262102610035, -0.011060359801374752, -0.3610144084093055, -0.3787785909263064, -0.32441409522127673, -0.08498974838145851, 0.27144111990233016], [1.016272890247444, -0.6995145466720901, 7.968162522368576, -0.3920258441636393, 0.023148774776526642, -0.4413576777032791, 0.5436888142067174, -0.04439773536383295, -0.41087449590470093, -0.20201157453697147, 0.057338696131032894, -0.09240881052906567, -0.41919326855651884, -0.2809072123522345, 0.05178427450475267, -0.3757256369126786, 0.05926982104240558, 0.5332765451404978], [0.8344216034468518, -0.37960288586831803, -0.3920258441636393, 7.382565600203583, -0.5380161587767095, -0.4639012341431961, -0.7267330952910763, -0.21648193011321962, -0.08953412839405997, -0.24849168545966233, 0.21460466528052285, -0.2650809061252337, -0.1730100445790575, -0.30345585831001737, -0.28986463439538956, -0.24506716335351056, -0.14705587092740557, 0.28920110606923893], [1.5315731890170519, -0.34023769798647324, 0.023148774776526642, -0.5380161587767095, 8.514000465605344, -0.532170220285465, 1.4172398504249926, -0.09200605644665522, -0.5345504326634881, -0.162930546519081, -0.34344604010541113, -0.23752163414693925, -0.3724914704845386, -0.28145943699877457, -0.43917587142984843, -0.4601289398014447, 0.24977144185342615, 0.6713492062894997], [0.38205225625035655, -0.47312189497402585, -0.4413576777032791, -0.4639012341431961, -0.532170220285465, 7.49394143672305, -2.1979670635121074, -0.3972349165656019, -0.2880173259647861, -0.30721944564392895, 0.26768904678995853, -0.21272368916450252, 0.2623388242753809, -0.3240821474141715, -0.29397047639348484, -0.4668410747979731, -0.2168504968250167, 0.16186142515634439], [1.9005724283445464, -0.4638002504373679, 0.5436888142067174, -0.7267330952910763, 1.4172398504249926, -2.1979670635121074, 17.730056147513146, 0.11857832182896448, -0.5740266789456725, 0.06296421213949377, -0.7978290264026093, 0.4752013252526152, -2.152576634384102, -0.02586336766230233, -0.5047199368736892, -0.6658569533184043, 2.016109960161436, 1.8797997930390136], [0.620191655794743, -0.30038333831894215, -0.04439773536383295, -0.21648193011321962, -0.09200605644665522, -0.3972349165656019, 0.11857832182896448, 6.938993248814473, -0.7843308620587475, -0.5765551351032416, 0.2850828684722338, -0.48581157284510923, -0.14236018014954524, -0.3947902537031012, -0.13159308117654428, -0.38864495654167325, -0.010455545382596316, 0.2627409175373695], [0.788727494293477, -0.1331619157949011, -0.41087449590470093, -0.08953412839405997, -0.5345504326634881, -0.2880173259647861, -0.5740266789456725, -0.7843308620587475, 7.702138304019879, -0.34600913943747413, 0.4909115863133381, -0.2843600494480808, 0.03969614544527474, -0.22266069696480043, -0.15817199432166526, -0.4134098954557379, 0.021793831878132462, 0.3667849989111471], [0.938794107805564, -0.30730491172405033, -0.20201157453697147, -0.24849168545966233, -0.162930546519081, -0.30721944564392895, 0.06296421213949377, -0.5765551351032416, -0.34600913943747413, 7.272364219866945, -0.3478691884514756, -0.47936068829135486, -0.27293019358946885, -0.3748703078733362, -0.19870313095608996, -0.3454468104565428, 0.037016578409972745, 0.23794911451873973], [-0.28813360068995225, 0.1271687924454819, 0.057338696131032894, 0.21460466528052285, -0.34344604010541113, 0.26768904678995853, -0.7978290264026093, 0.2850828684722338, 0.4909115863133381, -0.3478691884514756, 8.299233635029928, 0.3049392886657555, 0.4912251914647141, 0.1664514642230532, -0.11942644143053606, 0.1727046200058307, -0.2116542741025657, -0.40555503792734093], [0.6176573081430117, -0.24003262102610035, -0.09240881052906567, -0.2650809061252337, -0.23752163414693925, -0.21272368916450252, 0.4752013252526152, -0.48581157284510923, -0.2843600494480808, -0.47936068829135486, 0.3049392886657555, 6.616053177363523, -0.985049433557197, -0.3938214992554122, -0.30493821366335333, -0.08814375714042809, 0.14455158939674587, 0.19197525464737106], [-0.08984040346969553, -0.011060359801374752, -0.41919326855651884, -0.1730100445790575, -0.3724914704845386, 0.2623388242753809, -2.152576634384102, -0.14236018014954524, 0.03969614544527474, -0.27293019358946885, 0.4912251914647141, -0.985049433557197, 8.425529524396033, -0.18595769573895243, 0.20879348688837507, 0.07444616539712874, -0.4321494841265906, -0.11579511747768252], [0.9247626938289565, -0.3610144084093055, -0.2809072123522345, -0.30345585831001737, -0.28145943699877457, -0.3240821474141715, -0.02586336766230233, -0.3947902537031012, -0.22266069696480043, -0.3748703078733362, 0.1664514642230532, -0.3938214992554122, -0.18595769573895243, 7.5751845299854255, -0.7168794346678935, -0.362864949606896, -0.01140883632652851, 0.2866346215453025], [0.8419384042328816, -0.3787785909263064, 0.05178427450475267, -0.28986463439538956, -0.43917587142984843, -0.29397047639348484, -0.5047199368736892, -0.13159308117654428, -0.15817199432166526, -0.19870313095608996, -0.11942644143053606, -0.30493821366335333, 0.20879348688837507, -0.7168794346678935, 7.81877375485849, -0.3037441931779647, 0.07774846942902533, 0.2998434249988107], [0.947068965060065, -0.32441409522127673, -0.3757256369126786, -0.24506716335351056, -0.4601289398014447, -0.4668410747979731, -0.6658569533184043, -0.38864495654167325, -0.4134098954557379, -0.3454468104565428, 0.1727046200058307, -0.08814375714042809, 0.07444616539712874, -0.362864949606896, -0.3037441931779647, 7.6218384829253125, -0.3182980584120458, 0.3022459303741301], [0.41544491030148606, -0.08498974838145851, 0.05926982104240558, -0.14705587092740557, 0.24977144185342615, -0.2168504968250167, 2.016109960161436, -0.010455545382596316, 0.021793831878132462, 0.037016578409972745, -0.2116542741025657, 0.14455158939674587, -0.4321494841265906, -0.01140883632652851, 0.07774846942902533, -0.3182980584120458, 8.980383472578595, 0.3881816183311609], [-0.560142275876832, 0.27144111990233016, 0.5332765451404978, 0.28920110606923893, 0.6713492062894997, 0.16186142515634439, 1.8797997930390136, 0.2627409175373695, 0.3667849989111471, 0.23794911451873973, -0.40555503792734093, 0.19197525464737106, -0.11579511747768252, 0.2866346215453025, 0.2998434249988107, 0.3022459303741301, 0.3881816183311609, 7.463162378496781]]",
    "monomial_list": "[1, x9, x8, x7, x6, x5, x4, x3, x2, x17, x16, x15, x14, x13, x12, x11, x10, x1]"
}