{
    "name": "Multiplier-1",
    "rational_expression": "11311*x1**2/1000 - 7619*x1*x10/100000 - 1891*x1*x11/10000 - 7913*x1*x12/100000 - 1037*x1*x13/100000 + 271*x1*x14/6250 + 133*x1*x15/400 + 1049*x1*x16/10000 + 697*x1*x17/5000 - 693*x1*x2/5000 + 289*x1*x3/2500 - 1653*x1*x4/10000 - 223*x1*x5/1250 - 1549*x1*x6/10000 - 68*x1*x7/625 - 89*x1*x8/500 - 3771*x1*x9/50000 + 3129*x1/10000 + 4427*x10**2/500 - 1387*x10*x11/5000 - 659*x10*x12/25000 - 103*x10*x13/500 - 679*x10*x14/5000 - 1197*x10*x15/5000 - 4317*x10*x16/100000 - 2363*x10*x17/10000 - 1209*x10*x2/20000 - 2887*x10*x3/10000 + 9247*x10*x4/100000 - 1939*x10*x5/10000 + 541*x10*x6/50000000 - 1033*x10*x7/5000 - 8289*x10*x8/100000 - 563*x10*x9/2500 + 4611*x10/10000 + 8563*x11**2/1000 - 1787*x11*x12/10000 - 2073*x11*x13/10000 - 371*x11*x14/2000 - 3783*x11*x15/10000 - 1471*x11*x16/10000 - 37*x11*x17/100 - 1699*x11*x2/20000 - 681*x11*x3/2500 - 349*x11*x4/2000 - 177*x11*x5/3125 - 443*x11*x6/1250 - 2683*x11*x7/500000 - 7231*x11*x8/100000 - 4243*x11*x9/100000 + 987*x11/1250 + 4297*x12**2/500 - 2001*x12*x13/5000 - 5741*x12*x14/100000 - 3821*x12*x15/10000 - 631*x12*x16/2000 - 1393*x12*x17/5000 - 617*x12*x2/5000 - 733*x12*x3/5000 - 148*x12*x4/625 - 289*x12*x5/2500 - 929*x12*x6/2500 - 9669*x12*x7/100000 + 1147*x12*x8/100000 - 1333*x12*x9/10000 + 227*x12/200 + 8541*x13**2/1000 - 107*x13*x14/500 - 2803*x13*x15/10000 - 7133*x13*x16/100000 - 1383*x13*x17/5000 - 1029*x13*x2/10000 - 1789*x13*x3/10000 - 138*x13*x4/625 - 1423*x13*x5/50000 - 3351*x13*x6/10000 - 17*x13*x7/400 - 723*x13*x8/5000 - 579*x13*x9/12500 + 1169*x13/1000 + 4357*x14**2/500 - 3357*x14*x15/10000 + 1649*x14*x16/10000 - 801*x14*x17/5000 - 4173*x14*x2/50000 - 693*x14*x3/12500 - 149*x14*x4/500 - 1399*x14*x5/10000 - 2797*x14*x6/10000 - 239*x14*x7/1000 - 2911*x14*x8/10000 - 1397*x14*x9/10000 + 9543*x14/10000 + 2147*x15**2/250 + 41*x15*x16/400 - 149*x15*x17/1000 - 36*x15*x2/125 - 8291*x15*x3/100000 - 4807*x15*x4/10000 - 2623*x15*x5/10000 - 1247*x15*x6/2000 - 557*x15*x7/2500 - 1881*x15*x8/5000 - 1947*x15*x9/10000 + 93*x15/50 + 877*x16**2/100 - 1397*x16*x17/5000 - 1513*x16*x2/100000 + 3119*x16*x3/100000 - 3883*x16*x4/10000 - 113*x16*x5/500 - 4593*x16*x6/10000 - 347*x16*x7/2000 - 691*x16*x8/2500 - 883*x16*x9/5000 + 8719*x16/10000 + 8513*x17**2/1000 - 1233*x17*x2/5000 - 339*x17*x3/2000 - 1869*x17*x4/5000 - 2003*x17*x5/10000 - 4891*x17*x6/10000 - 1609*x17*x7/10000 - 1397*x17*x8/5000 - 373*x17*x9/2500 + 1679*x17/1000 + 8627*x2**2/1000 - 3667*x2*x3/10000 - 679*x2*x4/5000 + 1931*x2*x5/20000 - 1671*x2*x6/5000 + 643*x2*x7/5000 - 4799*x2*x8/50000 + 371*x2*x9/4000 + 6911*x2/10000 + 2121*x3**2/250 - 1417*x3*x4/5000 - 5043*x3*x5/100000 - 417*x3*x6/1250 - 487*x3*x7/10000 - 1001*x3*x8/10000 - 1759*x3*x9/50000 + 251*x3/250 + 8817*x4**2/1000 - 4187*x4*x5/10000 + 613*x4*x6/20000 - 847*x4*x7/5000 + 903*x4*x8/125000 - 517*x4*x9/2500 + 251*x4/250 + 863*x5**2/100 - 537*x5*x6/2500 + 218*x5*x7/3125 + 717*x5*x8/20000 + 8607*x5*x9/100000 + 4937*x5/10000 + 1731*x6**2/200 - 1441*x6*x7/5000 - 779*x6*x8/10000 - 483*x6*x9/2000 + 1497*x6/1000 + 8591*x7**2/1000 - 299*x7*x8/25000 + 1803*x7*x9/25000 + 6087*x7/10000 + 2177*x8**2/250 - 2017*x8*x9/10000 + 6419*x8/10000 + 1076*x9**2/125 + 1119*x9/2000 + 8229/1000",
    "Q": "[[8.229416602527394, 0.28388863737335635, 0.31753842682211625, 0.302727521430155, 0.7513368251649725, 0.24966808117772746, 0.502422752286617, 0.5000929402510583, 0.3442741412831969, 0.8401736647820205, 0.43256830885611475, 0.9315873040743635, 0.4755142996588364, 0.5845600496261651, 0.5646540169878265, 0.39728289167182224, 0.23343089296792693, 0.15830545483005082], [0.28388863737335635, 8.607958934884508, -0.10306800108298117, 0.039286003354979566, -0.11660344727791118, 0.039981562251338316, -0.09944603722295159, -0.019059084166144265, 0.04640605877782783, -0.07476188833234647, -0.09197072102092568, -0.09892132328599554, -0.06556022715482569, -0.026281126179892762, -0.06932662528078311, -0.02138711269579383, -0.11516515581103494, -0.04049152491188471], [0.31753842682211625, -0.10306800108298117, 8.707574664476358, -0.0026734041122172627, -0.042408778035848985, 0.01526005989404707, 0.003813131284999248, -0.049926749296853125, -0.05053967712302707, -0.14005741776548758, -0.13458195452223373, -0.1881193090745915, -0.14381276693920786, -0.06978467533135654, 0.005438736275085112, -0.033131583419237706, -0.038073345566717036, -0.08696112362979577], [0.302727521430155, 0.039286003354979566, -0.0026734041122172627, 8.591088643575953, -0.1406670792824157, 0.030926411216396138, -0.0854251852583401, -0.020226402251727674, 0.06093937124204412, -0.08182219194199784, -0.08331005715609627, -0.1156181407961191, -0.11763604544506989, -0.022956399102223836, -0.04906256090490055, 0.00026663285550719947, -0.10715439536324042, -0.0509267541231768], [0.7513368251649725, -0.11660344727791118, -0.042408778035848985, -0.1406670792824157, 8.654483554623575, -0.10448431802577704, 0.015553631184473438, -0.1663028686666075, -0.16971286524347992, -0.24092551288797567, -0.22757099293742125, -0.3070150252864778, -0.13580428516130025, -0.1666819328894996, -0.1820635687056923, -0.1727717721458671, 0.002714965138699108, -0.07319569959424582], [0.24966808117772746, 0.039981562251338316, 0.01526005989404707, 0.030926411216396138, -0.10448431802577704, 8.629202304396102, -0.21191384376126354, -0.027303520675135275, 0.04674658738438773, -0.0991386906850233, -0.11248203244969085, -0.13105902617218013, -0.07014610411999425, -0.011950580692333353, -0.059414466342762755, -0.03117770107995742, -0.0978303768445629, -0.09111379020697713], [0.502422752286617, -0.09944603722295159, 0.003813131284999248, -0.0854251852583401, 0.015553631184473438, -0.21191384376126354, 8.816285842313416, -0.14522104628769286, -0.06751048253250684, -0.1894613495622085, -0.19483094438365264, -0.2420536411715795, -0.1513886146189954, -0.11147879227909172, -0.11632674428263369, -0.09129232985555664, 0.049700853882814186, -0.08619806737302556], [0.5000929402510583, -0.019059084166144265, -0.049926749296853125, -0.020226402251727674, -0.1663028686666075, -0.027303520675135275, -0.14522104628769286, 8.483925603111604, -0.1811856640394957, -0.0851104276311734, 0.011833803974056912, -0.037842810655608974, -0.03150793406472108, -0.08996005601721864, -0.07665861123640702, -0.13373126483001396, -0.145651795397013, 0.05426402195151868], [0.3442741412831969, 0.04640605877782783, -0.05053967712302707, 0.06093937124204412, -0.16971286524347992, 0.04674658738438773, -0.06751048253250684, -0.1811856640394957, 8.626982055163392, -0.1244085370233404, -0.006542668492755947, -0.14152015124329675, -0.03845038771949967, -0.047694377645026105, -0.06018344343077473, -0.03816983548810795, -0.03416245884754091, -0.0722606926240375], [0.8401736647820205, -0.07476188833234647, -0.14005741776548758, -0.08182219194199784, -0.24092551288797567, -0.0991386906850233, -0.1894613495622085, -0.0851104276311734, -0.1244085370233404, 8.513204979647902, -0.14268313626223436, -0.07763108345331386, -0.08301405321657129, -0.1344529042496437, -0.14335852658562992, -0.18426194745165844, -0.11813346534902884, 0.06967826345559718], [0.43256830885611475, -0.09197072102092568, -0.13458195452223373, -0.08331005715609627, -0.22757099293742125, -0.11248203244969085, -0.19483094438365264, 0.011833803974056912, -0.006542668492755947, -0.14268313626223436, 8.768854184673472, 0.048597030709685525, 0.07953851247484874, -0.03619934353890134, -0.15757168453605586, -0.07299155927640993, -0.025081827977682856, 0.05304478566920273], [0.9315873040743635, -0.09892132328599554, -0.1881193090745915, -0.1156181407961191, -0.3070150252864778, -0.13105902617218013, -0.2420536411715795, -0.037842810655608974, -0.14152015124329675, -0.07763108345331386, 0.048597030709685525, 8.587628516241367, -0.16436269926187377, -0.14157124640166188, -0.1872719055986779, -0.1904350802510227, -0.12205389852133805, 0.1669685225819632], [0.4755142996588364, -0.06556022715482569, -0.14381276693920786, -0.11763604544506989, -0.13580428516130025, -0.07014610411999425, -0.1513886146189954, -0.03150793406472108, -0.03845038771949967, -0.08301405321657129, 0.07953851247484874, -0.16436269926187377, 8.71374374639525, -0.10729627740213624, -0.026442272261536927, -0.09148549735849303, -0.06752386999969667, 0.022407563516741676], [0.5845600496261651, -0.026281126179892762, -0.06978467533135654, -0.022956399102223836, -0.1666819328894996, -0.011950580692333353, -0.11147879227909172, -0.08996005601721864, -0.047694377645026105, -0.1344529042496437, -0.03619934353890134, -0.14157124640166188, -0.10729627740213624, 8.54066170307177, -0.19783197495758667, -0.1060719051905799, -0.10166956003722964, -0.002644477517737758], [0.5646540169878265, -0.06932662528078311, 0.005438736275085112, -0.04906256090490055, -0.1820635687056923, -0.059414466342762755, -0.11632674428263369, -0.07665861123640702, -0.06018344343077473, -0.14335852658562992, -0.15757168453605586, -0.1872719055986779, -0.026442272261536927, -0.19783197495758667, 8.592716851594728, -0.08792573579300356, -0.009401196026171031, -0.037137268468849204], [0.39728289167182224, -0.02138711269579383, -0.033131583419237706, 0.00026663285550719947, -0.1727717721458671, -0.03117770107995742, -0.09129232985555664, -0.13373126483001396, -0.03816983548810795, -0.18426194745165844, -0.07299155927640993, -0.1904350802510227, -0.09148549735849303, -0.1060719051905799, -0.08792573579300356, 8.562850843475431, -0.13668838014766965, -0.09593991831615988], [0.23343089296792693, -0.11516515581103494, -0.038073345566717036, -0.10715439536324042, 0.002714965138699108, -0.0978303768445629, 0.049700853882814186, -0.145651795397013, -0.03416245884754091, -0.11813346534902884, -0.025081827977682856, -0.12205389852133805, -0.06752386999969667, -0.10166956003722964, -0.009401196026171031, -0.13668838014766965, 8.85537031321963, -0.03865402181041204], [0.15830545483005082, -0.04049152491188471, -0.08696112362979577, -0.0509267541231768, -0.07319569959424582, -0.09111379020697713, -0.08619806737302556, 0.05426402195151868, -0.0722606926240375, 0.06967826345559718, 0.05304478566920273, 0.1669685225819632, 0.022407563516741676, -0.002644477517737758, -0.037137268468849204, -0.09593991831615988, -0.03865402181041204, 11.31111220010433]]",
    "monomial_list": "[1, x9, x8, x7, x6, x5, x4, x3, x2, x17, x16, x15, x14, x13, x12, x11, x10, x1]"
}