{
    "name": "Multiplier-13",
    "rational_expression": "86773*x1**2/10000 + 27179*x1*x10/100000 - 32353*x1*x11/500000 - 28459*x1*x12/100000 - 5673*x1*x13/50000 + 437*x1*x14/62500 - 4743*x1*x15/10000 + 2559*x1*x16/500000 - 1091*x1*x17/5000 - 483*x1*x2/25000 - 1781*x1*x3/10000 - 3927*x1*x4/100000 - 721*x1*x5/5000 - 7737*x1*x6/100000 - 121*x1*x7/625 + 2131*x1*x8/25000 - 451*x1*x9/2000 - 2*x1/25 + 10951*x10**2/1250 - 8581*x10*x11/25000 - 12867*x10*x12/500000 - 15013*x10*x13/200000 - 1289*x10*x14/10000 - 321*x10*x15/2000 + 267*x10*x16/12500 - 2031*x10*x17/10000 - 3283*x10*x2/50000 - 9*x10*x3/50 - 411*x10*x4/2500 - 1547*x10*x5/10000 - 1339*x10*x6/5000 - 453*x10*x7/2500 - 727*x10*x8/5000 - 421*x10*x9/2500 + 397*x10/625 + 8677*x11**2/1000 + 14167*x11*x12/25000 + 5781*x11*x13/20000 + 4537*x11*x14/100000 + 4999*x11*x15/10000 - 1137*x11*x16/10000 + 727*x11*x17/5000 - 2367*x11*x2/25000 + 307*x11*x3/2000 + 1089*x11*x4/25000 - 2309*x11*x5/50000 + 4611*x11*x6/100000 + 98*x11*x7/625 - 9311*x11*x8/100000 + 847*x11*x9/5000 + 2979*x11/10000 + 93307*x12**2/10000 + 37143*x12*x13/50000 + 3833*x12*x14/10000 + 552*x12*x15/625 - 3657*x12*x16/10000 + 241*x12*x17/400 + 147*x12*x2/1250 + 6501*x12*x3/10000 + 527*x12*x4/2500 + 3277*x12*x5/10000 + 3847*x12*x6/10000 + 4849*x12*x7/10000 + 111*x12*x8/400 + 2541*x12*x9/5000 - 283*x12/250 + 1427*x13**2/125 + 1273*x13*x14/10000 + 423*x13*x15/1000 - 1809*x13*x16/10000 + 1369*x13*x17/5000 + 3971*x13*x2/100000 + 621*x13*x3/2000 + 4877*x13*x4/100000 + 1409*x13*x5/10000 + 1551*x13*x6/10000 + 537*x13*x7/2500 + 6987*x13*x8/100000 + 178*x13*x9/625 - 211*x13/625 + 861*x14**2/100 - 3631*x14*x15/10000 + 3937*x14*x16/50000 - 1699*x14*x17/100000 - 1079*x14*x2/100000 + 1291*x14*x3/100000 - 819*x14*x4/12500 + 13*x14*x5/625 + 1181*x14*x6/20000 - 3609*x14*x7/100000 - 31*x14*x8/400 + 53*x14*x9/800 + 1191*x14/5000 + 8801*x15**2/1000 - 89*x15*x16/4000 + 43*x15*x17/100 + 557*x15*x2/2500 + 1891*x15*x3/5000 + 227*x15*x4/1000 + 1209*x15*x5/2500 + 349*x15*x6/1000 + 1303*x15*x7/2500 + 1873*x15*x8/10000 + 5621*x15*x9/10000 - 154*x15/125 + 8619*x16**2/1000 - 212*x16*x17/625 + 4011*x16*x2/100000 - 7557*x16*x3/100000 - 723*x16*x4/5000 - 147*x16*x5/1250 - 154*x16*x6/625 - 1499*x16*x7/25000 - 719*x16*x8/10000 - 147*x16*x9/1250 + 3873*x16/5000 + 8703*x17**2/1000 - 1793*x17*x2/100000 + 229*x17*x3/2000 + 271*x17*x4/5000 + 39*x17*x5/200 + 637*x17*x6/5000 + 2649*x17*x7/10000 - 797*x17*x8/20000 + 2801*x17*x9/10000 - 297*x17/5000 + 4311*x2**2/500 - 2181*x2*x3/10000 - 3203*x2*x4/500000 - 229*x2*x5/20000 - 79*x2*x6/625 + 253*x2*x7/2500 - 469*x2*x8/2500 + 7891*x2*x9/100000 + 1241*x2/2500 + 216*x3**2/25 + 8219*x3*x4/100000 + 351*x3*x5/2500 + 2221*x3*x6/10000 + 537*x3*x7/2500 + 6743*x3*x8/100000 + 117*x3*x9/500 - 417*x3/1000 + 8721*x4**2/1000 - 291*x4*x5/2500 + 1091*x4*x6/100000 + 1213*x4*x7/10000 - 319*x4*x8/2500 + 169*x4*x9/1250 + 397*x4/1250 + 8673*x5**2/1000 + 413*x5*x6/2500 + 1041*x5*x7/10000 - 8031*x5*x8/100000 + 597*x5*x9/5000 + 897*x5/5000 + 4381*x6**2/500 + 1213*x6*x7/10000 - 1407*x6*x8/10000 + 439*x6*x9/2000 + 437*x6/1000 + 8699*x7**2/1000 - 3019*x7*x8/50000 + 531*x7*x9/2500 - 897*x7/5000 + 1717*x8**2/200 - 128*x8*x9/625 + 472*x8/625 + 8729*x9**2/1000 - 211*x9/625 + 993/100",
    "Q": "[[9.930202798508388, -0.16543553762352772, 0.3749851744187345, -0.09075666674225892, 0.21997055145184002, 0.09159457903962517, 0.1638128255622492, -0.20669321619337686, 0.24828356439795973, -0.02625742317321221, 0.38498004854453804, -0.6205085696401363, 0.11959953570283936, -0.16928906239490965, -0.5654019055845898, 0.14701433569407582, 0.32035181549336766, -0.03585878581802952], [-0.16543553762352772, 8.728816699808558, -0.10455559249931105, 0.1103653706753892, 0.1129589977242419, 0.058897131615265115, 0.06606791675353822, 0.11635105422693008, 0.040727712093709116, 0.14021690157780792, -0.06098235720710721, 0.2851403695994583, 0.035840917948881945, 0.1384140218039007, 0.25797791251730073, 0.08678436597874634, -0.07954573649705907, -0.1095612725180922], [0.3749851744187345, -0.10455559249931105, 8.58571650002809, -0.03199667139864056, -0.06645381069319395, -0.04246579877473146, -0.060481142581620136, 0.03770501273218255, -0.09728821607715021, -0.021259995855301705, -0.03865400877145088, 0.08917591549964018, -0.04043381457254055, 0.035388000919372754, 0.13537987818980338, -0.048338673531811295, -0.07501389533458606, 0.0451743805111534], [-0.09075666674225892, 0.1103653706753892, -0.03199667139864056, 8.699285469995244, 0.061432900143276424, 0.0558934139685327, 0.060403077619799864, 0.10559651360631657, 0.05139336012276778, 0.12831805204443897, -0.030503385698595602, 0.25979030718067736, -0.021053820204038943, 0.10453795855229925, 0.23881030739701575, 0.07588385710065522, -0.08981714145129358, -0.1010007811001624], [0.21997055145184002, 0.1129589977242419, -0.06645381069319395, 0.061432900143276424, 8.762097622271245, 0.08003429163914082, 0.0032832718937653715, 0.10720508005529243, -0.06424802199261041, 0.067886681825114, -0.12316528458237705, 0.17876493568684546, 0.02702767697777684, 0.07513917068655404, 0.1896996088346726, 0.02204118570553647, -0.13687842030536143, -0.0392451504671758], [0.09159457903962517, 0.058897131615265115, -0.04246579877473146, 0.0558934139685327, 0.08003429163914082, 8.672507242333715, -0.054797659985863736, 0.07214031077454679, -0.005099943049128347, 0.09489836390496438, -0.05505506792017655, 0.24245375121834795, 0.01148472338198008, 0.07338557094484949, 0.16547445709459832, -0.026953832750637993, -0.08113487852053229, -0.07140850879552146], [0.1638128255622492, 0.06606791675353822, -0.060481142581620136, 0.060403077619799864, 0.0032832718937653715, -0.054797659985863736, 8.720806177519108, 0.04515704027423054, -0.006063383778040369, 0.02431243713953585, -0.07052584637701476, 0.11415042659441811, -0.03386324772810839, 0.020186746256289387, 0.1094553809832781, 0.02244282451400263, -0.07884101211199372, -0.01572342538474549], [-0.20669321619337686, 0.11635105422693008, 0.03770501273218255, 0.10559651360631657, 0.10720508005529243, 0.07214031077454679, 0.04515704027423054, 8.639679182643485, -0.10910032821475052, 0.05728837091113382, -0.03410383600194271, 0.18487447600558538, 0.008908406084915896, 0.1573524233573915, 0.3227591437908869, 0.07529102577659673, -0.08853716427283419, -0.08847456812033314], [0.24828356439795973, 0.040727712093709116, -0.09728821607715021, 0.05139336012276778, -0.06424802199261041, -0.005099943049128347, -0.006063383778040369, -0.10910032821475052, 8.622248594442121, -0.011384531913716772, 0.01829003709089915, 0.10743767862979492, -0.008183053487237737, 0.01704664892712075, 0.0608356477287373, -0.04608737994164418, -0.0299146780335575, -0.005657387594409726], [-0.02625742317321221, 0.14021690157780792, -0.021259995855301705, 0.12831805204443897, 0.067886681825114, 0.09489836390496438, 0.02431243713953585, 0.05728837091113382, -0.011384531913716772, 8.703004316489345, -0.16815935471321183, 0.21526288615957534, -0.011664520413889504, 0.1363444929712435, 0.30111341921236323, 0.07122204556192595, -0.10343358291083994, -0.10623858023330335], [0.38498004854453804, -0.06098235720710721, -0.03865400877145088, -0.030503385698595602, -0.12316528458237705, -0.05505506792017655, -0.07052584637701476, -0.03410383600194271, 0.01829003709089915, -0.16815935471321183, 8.619186732435443, -0.007952672251943477, 0.042204071116631506, -0.08641021925966948, -0.1846979489272067, -0.059314325386280294, 0.013978782277045505, 0.001120055596697356], [-0.6205085696401363, 0.2851403695994583, 0.08917591549964018, 0.25979030718067736, 0.17876493568684546, 0.24245375121834795, 0.11415042659441811, 0.18487447600558538, 0.10743767862979492, 0.21526288615957534, -0.007952672251943477, 8.80116804075653, -0.1790558579736991, 0.21413426507606093, 0.44033468796037356, 0.2514316827266554, -0.07676542814132924, -0.2404405348343005], [0.11959953570283936, 0.035840917948881945, -0.04043381457254055, -0.021053820204038943, 0.02702767697777684, 0.01148472338198008, -0.03386324772810839, 0.008908406084915896, -0.008183053487237737, -0.011664520413889504, 0.042204071116631506, -0.1790558579736991, 8.609971558477294, 0.06034757388300632, 0.1920453220392497, 0.023191658884073804, -0.06575440247902041, 0.00011734472220941564], [-0.16928906239490965, 0.1384140218039007, 0.035388000919372754, 0.10453795855229925, 0.07513917068655404, 0.07338557094484949, 0.020186746256289387, 0.1573524233573915, 0.01704664892712075, 0.1363444929712435, -0.08641021925966948, 0.21413426507606093, 0.06034757388300632, 11.415162364947413, 0.3724936281756757, 0.14737265748063194, -0.03208283036919819, -0.0617784127051665], [-0.5654019055845898, 0.25797791251730073, 0.13537987818980338, 0.23881030739701575, 0.1896996088346726, 0.16547445709459832, 0.1094553809832781, 0.3227591437908869, 0.0608356477287373, 0.30111341921236323, -0.1846979489272067, 0.44033468796037356, 0.1920453220392497, 0.3724936281756757, 9.331209734770102, 0.28414539612864675, -0.01705253368330784, -0.14705980626511095], [0.14701433569407582, 0.08678436597874634, -0.048338673531811295, 0.07588385710065522, 0.02204118570553647, -0.026953832750637993, 0.02244282451400263, 0.07529102577659673, -0.04608737994164418, 0.07122204556192595, -0.059314325386280294, 0.2514316827266554, 0.023191658884073804, 0.14737265748063194, 0.28414539612864675, 8.677094026412394, -0.1689890408698275, -0.0289907703916521], [0.32035181549336766, -0.07954573649705907, -0.07501389533458606, -0.08981714145129358, -0.13687842030536143, -0.08113487852053229, -0.07884101211199372, -0.08853716427283419, -0.0299146780335575, -0.10343358291083994, 0.013978782277045505, -0.07676542814132924, -0.06575440247902041, -0.03208283036919819, -0.01705253368330784, -0.1689890408698275, 8.760852507618326, 0.13196485733103366], [-0.03585878581802952, -0.1095612725180922, 0.0451743805111534, -0.1010007811001624, -0.0392451504671758, -0.07140850879552146, -0.01572342538474549, -0.08847456812033314, -0.005657387594409726, -0.10623858023330335, 0.001120055596697356, -0.2404405348343005, 0.00011734472220941564, -0.0617784127051665, -0.14705980626511095, -0.0289907703916521, 0.13196485733103366, 8.677253424602664]]",
    "monomial_list": "[1, x9, x8, x7, x6, x5, x4, x3, x2, x17, x16, x15, x14, x13, x12, x11, x10, x1]"
}