{
    "name": "Multiplier-6",
    "rational_expression": "161*x1**2/20 + 1901*x1*x10/6250 + 45737*x1*x11/100000 + 20207*x1*x12/100000 + 188*x1*x13/625 + 28493*x1*x14/500000 - 9357*x1*x15/500000 - 24559*x1*x16/50000 + 13473*x1*x17/50000 + 15757*x1*x2/50000 + 1178*x1*x3/3125 + 86771*x1*x4/100000 + 10037*x1*x5/25000 + 3313*x1*x6/2000 + 1879*x1*x7/10000 + 3373*x1*x8/5000 + 1521*x1*x9/5000 - 9671*x1/10000 + 17803*x10**2/2000 - 16533*x10*x11/50000 + 59399*x10*x12/1000000 - 12343*x10*x13/100000 - 30167*x10*x14/100000 + 7883*x10*x15/100000 - 29307*x10*x16/1000000 - 22389*x10*x17/1000000 + 56189*x10*x2/1000000 - 16419*x10*x3/500000 + 3609*x10*x4/25000 - 18567*x10*x5/100000 + 78797*x10*x6/100000 - 1289*x10*x7/5000 - 309*x10*x8/5000 - 1847*x10*x9/10000 + 4061*x10/100000 + 1997*x11**2/250 - 28281*x11*x12/100000 - 25447*x11*x13/50000 - 77529*x11*x14/1000000 - 71563*x11*x15/1000000 + 23619*x11*x16/100000 - 2279*x11*x17/5000 - 56521*x11*x2/100000 - 69153*x11*x3/100000 - 5387*x11*x4/12500 - 34649*x11*x5/50000 - 48837*x11*x6/100000 - 32*x11*x7/125 - 2807*x11*x8/5000 - 1281*x11*x9/2500 + 751*x11/500 + 84579*x12**2/10000 - 84083*x12*x13/100000 + 5119*x12*x14/50000 - 577*x12*x15/2500 + 54763*x12*x16/10000000 - 5199*x12*x17/25000 + 22029*x12*x2/500000 - 26759*x12*x3/100000 - 20733*x12*x4/50000 - 497*x12*x5/1250 - 69471*x12*x6/100000 - 1637*x12*x7/10000 - 1533*x12*x8/100000 - 111*x12*x9/250 + 5543*x12/10000 + 16067*x13**2/2000 - 1003*x13*x14/4000 - 12669*x13*x15/25000 + 8129*x13*x16/50000 - 46413*x13*x17/100000 - 28319*x13*x2/100000 - 55423*x13*x3/100000 - 12777*x13*x4/50000 - 28453*x13*x5/100000 - 4003*x13*x6/100000 - 3493*x13*x7/10000 - 787*x13*x8/2000 - 1139*x13*x9/2500 + 363*x13/250 + 86499*x14**2/10000 - 92609*x14*x15/100000 + 27791*x14*x16/50000 - 493*x14*x17/1250 + 5327*x14*x2/50000 - 10779*x14*x3/100000 - 34021*x14*x4/50000 + 697*x14*x5/10000 - 7463*x14*x6/5000 - 1267*x14*x7/5000 - 1299*x14*x8/2500 - 1779*x14*x9/100000 + 1511*x14/2000 + 39047*x15**2/5000 + 14189*x15*x16/50000 - 989*x15*x17/2000 - 11019*x15*x2/50000 - 1562*x15*x3/3125 - 3717*x15*x4/25000 - 429*x15*x5/4000 + 52667*x15*x6/10000000 - 291*x15*x7/1250 - 57*x15*x8/400 - 527*x15*x9/2000 + 9167*x15/10000 + 17609*x16**2/2000 - 5417*x16*x17/12500 + 79981*x16*x2/100000 + 11959*x16*x3/100000 - 10253*x16*x4/20000 + 22693*x16*x5/100000 - 3263*x16*x6/2500 + 2103*x16*x7/5000 - 1697*x16*x8/250000 + 349*x16*x9/2500 - 133*x16/100 + 40183*x17**2/5000 - 11921*x17*x2/25000 - 16051*x17*x3/25000 - 9197*x17*x4/250000 - 36387*x17*x5/100000 + 34111*x17*x6/50000 - 3337*x17*x7/10000 - 239*x17*x8/1000 - 2043*x17*x9/5000 + 887*x17/500 + 83111*x2**2/10000 - 5043*x2*x3/5000 - 6821*x2*x4/12500 - 31667*x2*x5/100000 - 1571*x2*x6/1000 + 79*x2*x7/625 - 412*x2*x8/625 - 859*x2*x9/5000 + 353*x2/625 + 4007*x3**2/500 - 41789*x3*x4/500000 - 27649*x3*x5/100000 + 98509*x3*x6/100000 - 761*x3*x7/2000 - 323*x3*x8/2000 - 3827*x3*x9/10000 + 369*x3/200 + 45299*x4**2/5000 - 1389*x4*x5/1250 + 5559*x4*x6/2500 - 53*x4*x7/80 + 1319*x4*x8/10000 - 969*x4*x9/2000 + 1119*x4/500 + 81441*x5**2/10000 - 12211*x5*x6/10000 - 5327*x5*x7/10000 - 5633*x5*x8/10000 - 2037*x5*x9/5000 + 379*x5/200 + 14527*x6**2/1000 - 1681*x6*x7/1000 + 169*x6*x8/250 - 8087*x6*x9/10000 + 2197*x6/1000 + 8009*x7**2/1000 - 5939*x7*x8/10000 - 4647*x7*x9/10000 + 6251*x7/10000 + 211*x8**2/25 - 1113*x8*x9/1250 + 218*x8/125 + 1007*x9**2/125 + 184*x9/125 + 126/25",
    "Q": "[[5.039918210637839, 0.7380736190389613, 0.8698111895037004, 0.3145433866960924, 1.1008605781955891, 0.949003488966229, 1.1166523604408924, 0.9200875056107104, 0.28037675124887634, 0.8872795859308954, -0.6635446487219794, 0.4599590550933255, 0.38039608237158745, 0.7252277668684987, 0.278357241193686, 0.7509870337199965, 0.020351973956569767, -0.4829841505272425], [0.7380736190389613, 8.057381466016517, -0.4465916268968892, -0.23167690395128493, -0.3997064389315509, -0.20168443962889526, -0.23814351076893553, -0.1920978294832749, -0.08588275903776559, -0.2045835250063322, 0.06624495334735099, -0.1328340452013919, -0.006160378352176174, -0.23018623881353828, -0.22523618426395733, -0.255775174925153, -0.08899277815319898, 0.14981769269994563], [0.8698111895037004, -0.4465916268968892, 8.439186933155515, -0.2944845687536106, 0.339007110703743, -0.2781940765827083, 0.06742988199990367, -0.08243834903452588, -0.3290989036819343, -0.12279318710240993, 0.0007051694788328382, -0.07302013859856976, -0.2562434827152617, -0.19999020420493893, -0.010562515087063238, -0.28058510753071947, -0.03399038551642299, 0.33859980755658287], [0.3145433866960924, -0.23167690395128493, -0.2944845687536106, 8.009124383431496, -0.8364781797528372, -0.26534360673831014, -0.33328903958677003, -0.19154629737480022, 0.06139717156386157, -0.16260562873528228, 0.21355376448508784, -0.11937650032754092, -0.12349517050667064, -0.17547295834662485, -0.08169200073079273, -0.12484399100752937, -0.1257405860940029, 0.09333736448678824], [1.1008605781955891, -0.3997064389315509, 0.339007110703743, -0.8364781797528372, 14.526548036412473, -0.6103885392881664, 1.1091519249181694, 0.4884252954446775, -0.7889557853960366, 0.34224737633388835, -0.657968606368419, 0.0010545880096260957, -0.7443332110492178, -0.02050496867905735, -0.34334253591459607, -0.2380485069175537, 0.39143162557370437, 0.8279032060248924], [0.949003488966229, -0.20168443962889526, -0.2781940765827083, -0.26534360673831014, -0.6103885392881664, 8.144207423175292, -0.5532495271725812, -0.13589079864801829, -0.16124512531003488, -0.18398094866089726, 0.11148921304469817, -0.051552097840098725, 0.0351286285876589, -0.14438981914046992, -0.20005308200528898, -0.3455972262546054, -0.09411403537154635, 0.19897194786890604], [1.1166523604408924, -0.23814351076893553, 0.06742988199990367, -0.33328903958677003, 1.1091519249181694, -0.5532495271725812, 9.057774310623207, -0.041937870256505465, -0.26926736765149545, -0.022524391690862212, -0.25806526662986956, -0.07623945154413689, -0.3389668216029584, -0.13190652572819528, -0.2046867151489151, -0.21732586634308812, 0.0690752884786674, 0.43853176021982754], [0.9200875056107104, -0.1920978294832749, -0.08243834903452588, -0.19154629737480022, 0.4884252954446775, -0.13589079864801829, -0.041937870256505465, 8.0133731122652, -0.5023978954072437, -0.3207091720287556, 0.06403489607140951, -0.2519245744291208, -0.05730875565785916, -0.2798458637599112, -0.1349405084908733, -0.34635053312699954, -0.020099619534167484, 0.19207178878538136], [0.28037675124887634, -0.08588275903776559, -0.3290989036819343, 0.06139717156386157, -0.7889557853960366, -0.16124512531003488, -0.26926736765149545, -0.5023978954072437, 8.310733986270403, -0.2401782612892299, 0.3999218475381114, -0.10712484777901637, 0.0522294275413474, -0.1450143167947348, 0.019124992121902714, -0.28214433378686893, 0.02748673611977512, 0.15668095916572783], [0.8872795859308954, -0.2045835250063322, -0.12279318710240993, -0.16260562873528228, 0.34224737633388835, -0.18398094866089726, -0.022524391690862212, -0.3207091720287556, -0.2401782612892299, 8.037506102750491, -0.21794279607898973, -0.24430169986674788, -0.19702965312923054, -0.2336873766397609, -0.10383875663473366, -0.2315863907315788, -0.008481919086984875, 0.13266608712506514], [-0.6635446487219794, 0.06624495334735099, 0.0007051694788328382, 0.21355376448508784, -0.657968606368419, 0.11148921304469817, -0.25806526662986956, 0.06403489607140951, 0.3999218475381114, -0.21794279607898973, 8.804984659088097, 0.14238506032646567, 0.2804037067951808, 0.0853355104121564, 0.003909880422985524, 0.11800505150824872, -0.013701613778099293, -0.24371514613866385], [0.4599590550933255, -0.1328340452013919, -0.07302013859856976, -0.11937650032754092, 0.0010545880096260957, -0.051552097840098725, -0.07623945154413689, -0.2519245744291208, -0.10712484777901637, -0.24430169986674788, 0.14238506032646567, 7.809731081089357, -0.4603473776774864, -0.25381395610492186, -0.11327647107697707, -0.03469180683306575, 0.04251731486571803, -0.007796705016747387], [0.38039608237158745, -0.006160378352176174, -0.2562434827152617, -0.12349517050667064, -0.7443332110492178, 0.0351286285876589, -0.3389668216029584, -0.05730875565785916, 0.0522294275413474, -0.19702965312923054, 0.2804037067951808, -0.4603473776774864, 8.649884888230655, -0.12339357323227043, 0.055067860701814096, -0.04137602210269264, -0.14835449933993386, 0.029362527565072946], [0.7252277668684987, -0.23018623881353828, -0.19999020420493893, -0.17547295834662485, -0.02050496867905735, -0.14438981914046992, -0.13190652572819528, -0.2798458637599112, -0.1450143167947348, -0.2336873766397609, 0.0853355104121564, -0.25381395610492186, -0.12339357323227043, 8.035670810852332, -0.41955886928630215, -0.25257647012393664, -0.057897223585985466, 0.1467934785316568], [0.278357241193686, -0.22523618426395733, -0.010562515087063238, -0.08169200073079273, -0.34334253591459607, -0.20005308200528898, -0.2046867151489151, -0.1349405084908733, 0.019124992121902714, -0.10383875663473366, 0.003909880422985524, -0.11327647107697707, 0.055067860701814096, -0.41955886928630215, 8.458530075588424, -0.1415162820608146, 0.03131290357898295, 0.09920301625492299], [0.7509870337199965, -0.255775174925153, -0.28058510753071947, -0.12484399100752937, -0.2380485069175537, -0.3455972262546054, -0.21732586634308812, -0.34635053312699954, -0.28214433378686893, -0.2315863907315788, 0.11800505150824872, -0.03469180683306575, -0.04137602210269264, -0.25257647012393664, -0.1415162820608146, 7.987584275225335, -0.1647755813438668, 0.22760677553860367], [0.020351973956569767, -0.08899277815319898, -0.03399038551642299, -0.1257405860940029, 0.39143162557370437, -0.09411403537154635, 0.0690752884786674, -0.020099619534167484, 0.02748673611977512, -0.008481919086984875, -0.013701613778099293, 0.04251731486571803, -0.14835449933993386, -0.057897223585985466, 0.03131290357898295, -0.1647755813438668, 8.900625756320414, 0.15510885390903154], [-0.4829841505272425, 0.14981769269994563, 0.33859980755658287, 0.09333736448678824, 0.8279032060248924, 0.19897194786890604, 0.43853176021982754, 0.19207178878538136, 0.15668095916572783, 0.13266608712506514, -0.24371514613866385, -0.007796705016747387, 0.029362527565072946, 0.1467934785316568, 0.09920301625492299, 0.22760677553860367, 0.15510885390903154, 8.05014211269593]]",
    "monomial_list": "[1, x9, x8, x7, x6, x5, x4, x3, x2, x17, x16, x15, x14, x13, x12, x11, x10, x1]"
}