{
    "name": "Multiplier-15",
    "rational_expression": "17289*x1**2/2000 + 16437*x1*x10/100000 + 89359*x1*x11/1000000 + 4167*x1*x12/10000 + 46119*x1*x13/100000 + 50523*x1*x14/100000 + 48959*x1*x15/100000 + 2163*x1*x16/100000 + 5199*x1*x17/10000 + 821*x1*x2/5000 + 3419*x1*x3/10000 + 941*x1*x4/5000 - 1397*x1*x5/10000 + 607*x1*x6/1250 + 557*x1*x7/5000 + 527*x1*x8/5000 + 43*x1*x9/400 - 421*x1/200 + 22217*x10**2/2500 - 23029*x10*x11/100000 - 2829*x10*x12/62500 - 13*x10*x13/80 - 6367*x10*x14/50000 - 6343*x10*x15/50000 + 547*x10*x16/50000 - 1813*x10*x17/10000 - 3191*x10*x2/50000 - 1713*x10*x3/10000 - 2373*x10*x4/25000 - 481*x10*x5/5000 - 463*x10*x6/2500 - 2349*x10*x7/25000 - 1009*x10*x8/10000 - 269*x10*x9/5000 + 539*x10/1250 + 86093*x11**2/10000 - 23127*x11*x12/50000 - 23743*x11*x13/50000 - 7381*x11*x14/20000 - 32593*x11*x15/100000 - 4291*x11*x16/50000 - 1077*x11*x17/2000 - 97*x11*x2/400 - 1677*x11*x3/5000 - 69*x11*x4/250 - 1453*x11*x5/10000 - 5097*x11*x6/10000 - 151*x11*x7/500 - 317*x11*x8/1250 - 1313*x11*x9/5000 + 317*x11/125 + 85009*x12**2/10000 - 11493*x12*x13/25000 + 11051*x12*x14/100000 - 10039*x12*x15/250000 - 343*x12*x16/2500 - 943*x12*x17/2500 - 901*x12*x2/2000 - 611*x12*x3/2000 - 1633*x12*x4/5000 - 1981*x12*x5/5000 - 197*x12*x6/400 - 3691*x12*x7/10000 - 887*x12*x8/2500 - 2073*x12*x9/5000 + 383*x12/200 + 85203*x13**2/10000 + 27993*x13*x14/100000 + 32903*x13*x15/100000 - 3761*x13*x16/50000 - 873*x13*x17/5000 - 987*x13*x2/2500 - 2059*x13*x3/10000 - 1733*x13*x4/5000 - 547*x13*x5/1000 - 3827*x13*x6/10000 - 3421*x13*x7/10000 - 2373*x13*x8/5000 - 3909*x13*x9/10000 + 263*x13/250 + 9239*x14**2/1000 + 11947*x14*x15/12500 - 1731*x14*x16/10000 + 33*x14*x17/100 - 207*x14*x2/1000 + 259*x14*x3/2000 + 403*x14*x4/10000 - 4863*x14*x5/10000 + 491*x14*x6/2000 - 103*x14*x7/1250 - 271*x14*x8/1000 - 1351*x14*x9/10000 - 4659*x14/10000 + 11529*x15**2/1000 - 797*x15*x16/5000 + 3721*x15*x17/10000 - 229*x15*x2/1250 + 2169*x15*x3/10000 - 211*x15*x4/1250 - 2937*x15*x5/5000 + 7059*x15*x6/100000 - 1317*x15*x7/10000 - 1977*x15*x8/5000 - 277*x15*x9/1250 - 1259*x15/1000 + 4429*x16**2/500 - 2047*x16*x17/5000 - 841*x16*x2/20000 - 1259*x16*x3/10000 - 343*x16*x4/2000 - 3833*x16*x5/100000 - 29*x16*x6/125 - 1117*x16*x7/20000 - 8341*x16*x8/100000 - 5823*x16*x9/100000 + 539*x16/625 + 8569*x17**2/1000 - 907*x17*x2/2500 - 1093*x17*x3/10000 - 254*x17*x4/625 - 3269*x17*x5/5000 - 967*x17*x6/2500 - 909*x17*x7/2500 - 1229*x17*x8/2500 - 2199*x17*x9/5000 + 3017*x17/5000 + 2127*x2**2/250 - 4273*x2*x3/10000 - 1587*x2*x4/5000 - 1557*x2*x5/5000 - 4881*x2*x6/10000 - 3023*x2*x7/10000 - 863*x2*x8/2500 - 789*x2*x9/2500 + 871*x2/500 + 8493*x3**2/1000 - 3333*x3*x4/10000 - 2239*x3*x5/5000 - 3241*x3*x6/10000 - 741*x3*x7/2000 - 3379*x3*x8/10000 - 1853*x3*x9/5000 + 97*x3/125 + 1104*x4**2/125 - 599*x4*x5/2500 - 891*x4*x6/2500 - 2049*x4*x7/10000 - 2511*x4*x8/10000 - 2351*x4*x9/10000 + 194*x4/125 + 8741*x5**2/1000 - 5761*x5*x6/10000 - 253*x5*x7/2000 - 1391*x5*x8/10000 - 1467*x5*x9/10000 + 1337*x5/500 + 8529*x6**2/1000 - 883*x6*x7/2000 - 2483*x6*x8/5000 - 1139*x6*x9/2500 + 2001*x6/1000 + 8517*x7**2/1000 - 1237*x7*x8/5000 - 1959*x7*x9/10000 + 1449*x7/1000 + 1076*x8**2/125 - 3421*x8*x9/10000 + 1967*x8/1000 + 1066*x9**2/125 + 47*x9/25 + 4313/500",
    "Q": "[[8.626358158781457, 0.9436093457775387, 0.9857529256141883, 0.7271045488970852, 0.9984539814450586, 1.333587753642209, 0.7798686615301912, 0.38805929611755413, 0.8753325285323484, 0.30406271470775303, 0.42741410632836724, -0.6304278451296085, -0.23698692353920553, 0.5275464221533653, 0.9609102107664166, 1.267573371873954, 0.21278812028921731, -1.056679990720085], [0.9436093457775387, 8.529554037259956, -0.16794932924206435, -0.10150186325681596, -0.22778823932607808, -0.06963353260760369, -0.11751658293459215, -0.18520569087734323, -0.15470980951937352, -0.21735886874849064, -0.025787759996219236, -0.11189203082924959, -0.07178012831933062, -0.19752860900552452, -0.20495297767826173, -0.12916777780194316, -0.03120246368114697, 0.05283396016748122], [0.9857529256141883, -0.16794932924206435, 8.608924029279615, -0.12571488392535374, -0.24685707688826813, -0.06911834892190288, -0.12697918213084172, -0.16911542392387843, -0.174825902450419, -0.2450118269555387, -0.04039943388505412, -0.19631757644484896, -0.13878633184640296, -0.24094453011977732, -0.17494989168801411, -0.12735877144771424, -0.054201988096925134, 0.05475810079005097], [0.7271045488970852, -0.10150186325681596, -0.12571488392535374, 8.51781133675789, -0.2223976419034968, -0.06292943161475852, -0.10055161553097214, -0.1884854377195312, -0.15429284568386056, -0.18550047661337346, -0.028867344264101476, -0.06390085255781532, -0.04489973762755605, -0.17436393893394436, -0.180559739777006, -0.1506009220741533, -0.04908986113294035, 0.05370979566693101], [0.9984539814450586, -0.22778823932607808, -0.24685707688826813, -0.2223976419034968, 8.528512340087673, -0.2847441368517612, -0.18179048682764398, -0.1658793258391409, -0.24548870784602878, -0.19357967239930554, -0.1163170927533997, 0.036977703039126265, 0.12146447636698653, -0.1896687056751374, -0.24937466261665545, -0.25803030911765534, -0.09469699777538665, 0.24236540427780917], [1.333587753642209, -0.06963353260760369, -0.06911834892190288, -0.06292943161475852, -0.2847441368517612, 8.739296478357522, -0.11645080254755333, -0.2259170241402894, -0.1561028226577921, -0.32304855420166606, -0.022635783736340984, -0.2920120889696287, -0.24025560288541478, -0.271794711758651, -0.2022504313090473, -0.07547468260180461, -0.04618273283776404, -0.06827084355668225], [0.7798686615301912, -0.11751658293459215, -0.12697918213084172, -0.10055161553097214, -0.18179048682764398, -0.11645080254755333, 8.83331904467328, -0.1645266702985925, -0.15814504445899732, -0.20200409088847748, -0.08574768371608527, -0.08370857422718256, 0.016534646811505307, -0.171963250468504, -0.16670767205627687, -0.13298712370390797, -0.045030844327309034, 0.09515226034218191], [0.38805929611755413, -0.18520569087734323, -0.16911542392387843, -0.1884854377195312, -0.1658793258391409, -0.2259170241402894, -0.1645266702985925, 8.493318469149454, -0.21006188613483273, -0.05793055948698341, -0.062806147792504, 0.11080568890861762, 0.061064154134245076, -0.10282164843508823, -0.1517538779693711, -0.16968868732573436, -0.08429643334102721, 0.1723848050292779], [0.8753325285323484, -0.15470980951937352, -0.174825902450419, -0.15429284568386056, -0.24548870784602878, -0.1561028226577921, -0.15814504445899732, -0.21006188613483273, 8.509226679540728, -0.18296961789252625, -0.024921000921958807, -0.09179459688646317, -0.10064623663756044, -0.19610351169600143, -0.22626798325099828, -0.12077783352070837, -0.03052220507013704, 0.08188290489481717], [0.30406271470775303, -0.21735886874849064, -0.2450118269555387, -0.18550047661337346, -0.19357967239930554, -0.32304855420166606, -0.20200409088847748, -0.05793055948698341, -0.18296961789252625, 8.569117736879285, -0.2062416233723741, 0.1882059298825069, 0.16497613608102138, -0.08711675897076206, -0.1901428383318913, -0.26463047079225593, -0.08918561526492758, 0.25585305388634066], [0.42741410632836724, -0.025787759996219236, -0.04039943388505412, -0.028867344264101476, -0.1163170927533997, -0.022635783736340984, -0.08574768371608527, -0.062806147792504, -0.024921000921958807, -0.2062416233723741, 8.857714104460518, -0.08377951145062233, -0.0882926346622183, -0.04108767928009542, -0.06996701021840865, -0.04309785752180738, 0.005731762111105169, 0.01514982291944966], [-0.6304278451296085, -0.11189203082924959, -0.19631757644484896, -0.06390085255781532, 0.036977703039126265, -0.2920120889696287, -0.08370857422718256, 0.11080568890861762, -0.09179459688646317, 0.1882059298825069, -0.08377951145062233, 11.529013831509717, 0.4776962976212443, 0.16234032321847955, -0.02451718864822954, -0.16923652288781546, -0.06517035888967179, 0.24982554883906663], [-0.23698692353920553, -0.07178012831933062, -0.13878633184640296, -0.04489973762755605, 0.12146447636698653, -0.24025560288541478, 0.016534646811505307, 0.061064154134245076, -0.10064623663756044, 0.16497613608102138, -0.0882926346622183, 0.4776962976212443, 9.239015425672255, 0.1375857760155918, 0.05228052770766361, -0.18658446170999005, -0.05968739064470056, 0.25134733359542133], [0.5275464221533653, -0.19752860900552452, -0.24094453011977732, -0.17436393893394436, -0.1896687056751374, -0.271794711758651, -0.171963250468504, -0.10282164843508823, -0.19610351169600143, -0.08711675897076206, -0.04108767928009542, 0.16234032321847955, 0.1375857760155918, 8.521124475951009, -0.23129897701714774, -0.23434238028255144, -0.0793497362595227, 0.23147275444349752], [0.9609102107664166, -0.20495297767826173, -0.17494989168801411, -0.180559739777006, -0.24937466261665545, -0.2022504313090473, -0.16670767205627687, -0.1517538779693711, -0.22626798325099828, -0.1901428383318913, -0.06996701021840865, -0.02451718864822954, 0.05228052770766361, -0.23129897701714774, 8.503179130914342, -0.23192233429556258, -0.02397384603965753, 0.20507233139216188], [1.267573371873954, -0.12916777780194316, -0.12735877144771424, -0.1506009220741533, -0.25803030911765534, -0.07547468260180461, -0.13298712370390797, -0.16968868732573436, -0.12077783352070837, -0.26463047079225593, -0.04309785752180738, -0.16923652288781546, -0.18658446170999005, -0.23434238028255144, -0.23192233429556258, 8.60904679444791, -0.11781041233271662, 0.04543864160138657], [0.21278812028921731, -0.03120246368114697, -0.054201988096925134, -0.04908986113294035, -0.09469699777538665, -0.04618273283776404, -0.045030844327309034, -0.08429643334102721, -0.03052220507013704, -0.08918561526492758, 0.005731762111105169, -0.06517035888967179, -0.05968739064470056, -0.0793497362595227, -0.02397384603965753, -0.11781041233271662, 8.88678885260362, 0.08193690210507641], [-1.056679990720085, 0.05283396016748122, 0.05475810079005097, 0.05370979566693101, 0.24236540427780917, -0.06827084355668225, 0.09515226034218191, 0.1723848050292779, 0.08188290489481717, 0.25585305388634066, 0.01514982291944966, 0.24982554883906663, 0.25134733359542133, 0.23147275444349752, 0.20507233139216188, 0.04543864160138657, 0.08193690210507641, 8.645855709841708]]",
    "monomial_list": "[1, x9, x8, x7, x6, x5, x4, x3, x2, x17, x16, x15, x14, x13, x12, x11, x10, x1]"
}