{
    "name": "Multiplier-5",
    "rational_expression": "88391*x1**2/10000 + 12103*x1*x10/50000 - 24159*x1*x11/100000 - 4127*x1*x12/25000 - 691*x1*x13/5000 + 21719*x1*x14/100000 + 11449*x1*x15/20000 - 311*x1*x16/2500 + 5349*x1*x17/500000 + 85597*x1*x2/1000000 - 16791*x1*x3/2500000 - 9269*x1*x4/50000 - 30367*x1*x5/100000 + 738*x1*x6/3125 - 18213*x1*x7/50000 - 6349*x1*x8/250000 - 33971*x1*x9/100000 + 19677*x1/50000 + 87373*x10**2/10000 - 14437*x10*x11/50000 - 8983*x10*x12/100000 - 3823*x10*x13/25000 - 131*x10*x14/1250 - 7697*x10*x15/250000 - 6719*x10*x16/250000 - 16363*x10*x17/100000 - 65727*x10*x2/1000000 - 17027*x10*x3/100000 - 2479*x10*x4/20000 - 6929*x10*x5/50000 - 16649*x10*x6/100000 - 7793*x10*x7/50000 - 3191*x10*x8/25000 - 1887*x10*x9/12500 + 28933*x10/50000 + 8797*x11**2/1000 + 21819*x11*x12/500000 - 5293*x11*x13/62500 - 29291*x11*x14/100000 - 37889*x11*x15/50000 + 11177*x11*x16/100000 - 10157*x11*x17/50000 - 923*x11*x2/5000 - 1081*x11*x3/6250 + 24187*x11*x4/50000 + 13*x11*x5/25 - 16579*x11*x6/50000 + 28463*x11*x7/100000 - 26793*x11*x8/500000 + 22811*x11*x9/100000 - 5829*x11/250000 + 4379*x12**2/500 - 75977*x12*x13/1000000 - 18877*x12*x14/100000 - 50409*x12*x15/100000 - 32171*x12*x16/500000 - 9119*x12*x17/100000 - 142*x12*x2/625 - 24279*x12*x3/250000 + 11087*x12*x4/100000 + 70439*x12*x5/1000000 - 26771*x12*x6/100000 + 13983*x12*x7/100000 - 16383*x12*x8/500000 + 1333*x12*x9/15625 + 1731*x12/12500 + 21773*x13**2/2500 - 3433*x13*x14/20000 - 38487*x13*x15/100000 + 43593*x13*x16/1000000 - 10047*x13*x17/100000 - 449*x13*x2/2500 - 12569*x13*x3/100000 + 13451*x13*x4/500000 + 10669*x13*x5/100000 - 11663*x13*x6/50000 + 12627*x13*x7/200000 - 2859*x13*x8/25000 + 714*x13*x9/15625 + 19677*x13/50000 + 21797*x14**2/2500 + 33531*x14*x15/1000000 + 35057*x14*x16/1000000 - 13311*x14*x17/100000 - 14623*x14*x2/100000 - 43073*x14*x3/1000000 - 3851*x14*x4/12500 - 28029*x14*x5/100000 - 2709*x14*x6/10000 - 2773*x14*x7/10000 - 6249*x14*x8/25000 - 3629*x14*x9/20000 + 2733*x14/2000 + 89271*x15**2/10000 - 76731*x15*x16/1000000 - 22849*x15*x17/100000 - 13871*x15*x2/50000 - 2503*x15*x3/12500 - 10067*x15*x4/12500 - 28797*x15*x5/50000 - 41217*x15*x6/100000 - 60119*x15*x7/100000 - 45513*x15*x8/100000 - 11641*x15*x9/20000 + 573*x15/250 + 87187*x16**2/10000 - 12943*x16*x17/100000 + 16689*x16*x2/250000 + 26157*x16*x3/1000000 - 58267*x16*x4/1000000 + 66239*x16*x5/1000000 - 19289*x16*x6/100000 + 2529*x16*x7/25000 - 23899*x16*x8/500000 + 66619*x16*x9/1000000 + 927*x16/4000 + 43437*x17**2/5000 - 21363*x17*x2/100000 - 48517*x17*x3/500000 - 1989*x17*x4/12500 - 11457*x17*x5/250000 - 28121*x17*x6/100000 - 17011*x17*x7/250000 - 15953*x17*x8/100000 - 32099*x17*x9/500000 + 69453*x17/100000 + 21547*x2**2/2500 - 20793*x2*x3/100000 - 8631*x2*x4/50000 - 5031*x2*x5/50000 - 39963*x2*x6/100000 - 46243*x2*x7/500000 - 1377*x2*x8/5000 - 21769*x2*x9/250000 + 4861*x2/5000 + 86591*x3**2/10000 - 6717*x3*x4/50000 - 19267*x3*x5/1000000 - 25577*x3*x6/100000 - 10053*x3*x7/100000 - 583*x3*x8/4000 - 96719*x3*x9/1000000 + 53273*x3/100000 + 91819*x4**2/10000 + 73481*x4*x5/100000 - 6087*x4*x6/62500 + 3929*x4*x7/10000 + 16793*x4*x8/250000 + 33113*x4*x9/100000 - 92557*x4/100000 + 2889*x5**2/250 - 5021*x5*x6/50000 + 40621*x5*x7/100000 + 36483*x5*x8/1000000 + 18097*x5*x9/50000 - 69453*x5/100000 + 86131*x6**2/10000 - 449*x6*x7/2000 - 23279*x6*x8/100000 - 3629*x6*x9/20000 + 2733*x6/2000 + 87861*x7**2/10000 + 66239*x7*x8/10000000 + 27099*x7*x9/100000 - 4861*x7/10000 + 17323*x8**2/2000 - 5613*x8*x9/50000 + 22009*x8/50000 + 43807*x9**2/5000 - 19677*x9/50000 + 1447/125",
    "Q": "[[11.57553506109974, -0.20053537611269767, 0.221933758219827, -0.23839150340645696, 0.6806260777866939, -0.3444360491029555, -0.4573146975559303, 0.26300393591851956, 0.48071835325709084, 0.352624238053354, 0.11020953807073702, 1.1464758646590198, 0.685647972115078, 0.19691593252665415, 0.06722234596043697, -0.016249786044334222, 0.2838925519785175, 0.19268597382261388], [-0.20053537611269767, 8.76151360125818, -0.05839663552364834, 0.13558311801492928, -0.09238595552462255, 0.18039895627712785, 0.16323730809121997, -0.0491493124871184, -0.04662991161242811, -0.029710421211723168, 0.03481774913113403, -0.29442309127492544, -0.09321640433328027, 0.02668654896777007, 0.046434086116999056, 0.11158395866861816, -0.07116735471536378, -0.16807354997144847], [0.221933758219827, -0.05839663552364834, 8.661759471172672, 0.0050853648373758034, -0.11848575334001978, 0.01553314016787797, 0.03342786246362033, -0.07138601314375767, -0.13564611333216364, -0.08371352109122779, -0.02437911156672651, -0.22780447563026943, -0.1257734474920137, -0.057863149034389445, -0.01939266401477763, -0.03060464492076607, -0.06462601621654973, -0.012873700180125985], [-0.23839150340645696, 0.13558311801492928, 0.0050853648373758034, 8.785745191558842, -0.1121067570573503, 0.19907052434940894, 0.1975900548444101, -0.04663765798180934, -0.04558861300945823, -0.03221396128339846, 0.047202985043099485, -0.2980203925053087, -0.13452402846825345, 0.033459669966873475, 0.06835944355021865, 0.13857228361493318, -0.07817932733244677, -0.17823907461124838], [0.6806260777866939, -0.09238595552462255, -0.11848575334001978, -0.1121067570573503, 8.612483438805786, -0.05344288078723755, -0.04904805865389232, -0.13038334069668858, -0.19771431065841608, -0.13877935452920453, -0.09549113873910865, -0.20570355443837504, -0.1326236802116071, -0.1175719582564721, -0.13210469665614127, -0.161754930542123, -0.08197950505307335, 0.12032830177197117], [-0.3444360491029555, 0.18039895627712785, 0.01553314016787797, 0.19907052434940894, -0.05344288078723755, 11.556390797951135, 0.3625713954014408, -0.00457605253327312, -0.05261530705324206, -0.02753894557658917, 0.0329728064506916, -0.2887151698059101, -0.1358738288376455, 0.04806701491664199, 0.03949371393700492, 0.2628781357946264, -0.07326236300711594, -0.1540282748458547], [-0.4573146975559303, 0.16323730809121997, 0.03342786246362033, 0.1975900548444101, -0.04904805865389232, 0.3625713954014408, 9.181160423449532, -0.07006509017263413, -0.08877591121665726, -0.07917723966029026, -0.03227354141389492, -0.4027793764630101, -0.15405336626307406, 0.015007770195115459, 0.05454018516081603, 0.24150097446154994, -0.0631570709084981, -0.09184895294517481], [0.26300393591851956, -0.0491493124871184, -0.07138601314375767, -0.04663765798180934, -0.13038334069668858, -0.00457605253327312, -0.07006509017263413, 8.659197714588641, -0.10495497992037661, -0.04775064956251135, 0.015292127878913708, -0.10464679975402065, -0.024835904050301946, -0.06550826387756971, -0.05216066273645241, -0.08512348627331628, -0.0878451000326551, -0.001155206612968637], [0.48071835325709084, -0.04662991161242811, -0.13564611333216364, -0.04558861300945823, -0.19771431065841608, -0.05261530705324206, -0.08877591121665726, -0.10495497992037661, 8.61838106212471, -0.10265887967898484, 0.033205224706987106, -0.14011836638511438, -0.07656798757478045, -0.08983778009216714, -0.1149092028047107, -0.09526944160893909, -0.03739577809828475, 0.039645868277061576], [0.352624238053354, -0.029710421211723168, -0.08371352109122779, -0.03221396128339846, -0.13877935452920453, -0.02753894557658917, -0.07917723966029026, -0.04775064956251135, -0.10265887967898484, 8.687880128315872, -0.06128343945051798, -0.11663754906650724, -0.06752351518647537, -0.053629307677485374, -0.04186204735538347, -0.10592860404478825, -0.08329447890229803, 0.003274516815756291], [0.11020953807073702, 0.03481774913113403, -0.02437911156672651, 0.047202985043099485, -0.09549113873910865, 0.0329728064506916, -0.03227354141389492, 0.015292127878913708, 0.033205224706987106, -0.06128343945051798, 8.718320222479843, -0.038856363230708776, 0.0171170215857108, 0.024424355430306747, -0.03134888398848873, 0.053291814911689675, -0.015096733755303378, -0.058515756539455226], [1.1464758646590198, -0.29442309127492544, -0.22780447563026943, -0.2980203925053087, -0.20570355443837504, -0.2887151698059101, -0.4027793764630101, -0.10464679975402065, -0.14011836638511438, -0.11663754906650724, -0.038856363230708776, 8.928144504549635, 0.020199342194257373, -0.1950212892740607, -0.24987891926691058, -0.3764258696534059, -0.01702337514534058, 0.2824600171721071], [0.685647972115078, -0.09321640433328027, -0.1257734474920137, -0.13452402846825345, -0.1326236802116071, -0.1358738288376455, -0.15405336626307406, -0.024835904050301946, -0.07656798757478045, -0.06752351518647537, 0.0171170215857108, 0.020199342194257373, 8.719444758909441, -0.08543519189930196, -0.09380652504712797, -0.14320573173262943, -0.05131289476763366, 0.10912634697336161], [0.19691593252665415, 0.02668654896777007, -0.057863149034389445, 0.033459669966873475, -0.1175719582564721, 0.04806701491664199, 0.015007770195115459, -0.06550826387756971, -0.08983778009216714, -0.053629307677485374, 0.024424355430306747, -0.1950212892740607, -0.08543519189930196, 8.709462475515581, -0.0395185295959815, -0.038171215909914444, -0.07484447393109947, -0.07132503996347972], [0.06722234596043697, 0.046434086116999056, -0.01939266401477763, 0.06835944355021865, -0.13210469665614127, 0.03949371393700492, 0.05454018516081603, -0.05216066273645241, -0.1149092028047107, -0.04186204735538347, -0.03134888398848873, -0.24987891926691058, -0.09380652504712797, -0.0395185295959815, 8.757963518319638, 0.024002714850347384, -0.048338337360553485, -0.07944346490935648], [-0.016249786044334222, 0.11158395866861816, -0.03060464492076607, 0.13857228361493318, -0.161754930542123, 0.2628781357946264, 0.24150097446154994, -0.08512348627331628, -0.09526944160893909, -0.10592860404478825, 0.053291814911689675, -0.3764258696534059, -0.14320573173262943, -0.038171215909914444, 0.024002714850347384, 8.796265517717828, -0.14743977096351876, -0.11721366847720407], [0.2838925519785175, -0.07116735471536378, -0.06462601621654973, -0.07817932733244677, -0.08197950505307335, -0.07326236300711594, -0.0631570709084981, -0.0878451000326551, -0.03739577809828475, -0.08329447890229803, -0.015096733755303378, -0.01702337514534058, -0.05131289476763366, -0.07484447393109947, -0.048338337360553485, -0.14743977096351876, 8.737190011136375, 0.1175215310062262], [0.19268597382261388, -0.16807354997144847, -0.012873700180125985, -0.17823907461124838, 0.12032830177197117, -0.1540282748458547, -0.09184895294517481, -0.001155206612968637, 0.039645868277061576, 0.003274516815756291, -0.058515756539455226, 0.2824600171721071, 0.10912634697336161, -0.07132503996347972, -0.07944346490935648, -0.11721366847720407, 0.1175215310062262, 8.838519680810085]]",
    "monomial_list": "[1, x9, x8, x7, x6, x5, x4, x3, x2, x17, x16, x15, x14, x13, x12, x11, x10, x1]"
}