{
    "name": "Multiplier-9",
    "rational_expression": "1079*x1**2/125 + 4647*x1*x10/20000 + 15347*x1*x11/1000000 + 35403*x1*x12/1000000 - 3271*x1*x13/25000 + 5043*x1*x14/100000 + 7849*x1*x15/200000 + 3813*x1*x16/100000 - 99999*x1*x17/1000000 + 35159*x1*x2/500000 + 639*x1*x3/5000 + 1369*x1*x4/10000 - 11991*x1*x5/100000 + 15833*x1*x6/100000 - 19931*x1*x7/100000 - 4643*x1*x8/20000 - 86253*x1*x9/1000000 - 133*x1/400 + 87871*x10**2/10000 - 27661*x10*x11/100000 - 23523*x10*x12/1000000 - 10847*x10*x13/100000 - 16901*x10*x14/100000 - 33319*x10*x15/500000 + 29813*x10*x16/1000000 - 469*x10*x17/3125 - 34181*x10*x2/500000 - 641*x10*x3/5000 - 247*x10*x4/2000 - 18311*x10*x5/200000 - 21133*x10*x6/100000 - 13531*x10*x7/100000 - 10453*x10*x8/100000 - 29797*x10*x9/1000000 + 233*x10/500 + 42791*x11**2/5000 - 5463*x11*x12/50000 - 68827*x11*x13/1000000 - 429*x11*x14/4000 - 21379*x11*x15/100000 - 19061*x11*x16/500000 - 8037*x11*x17/50000 - 38*x11*x2/125 - 1589*x11*x3/5000 - 103*x11*x4/625 - 5147*x11*x5/50000 - 73*x11*x6/250 + 2197*x11*x7/31250 + 3437*x11*x8/12500 + 2389*x11*x9/12500 + 1123*x11/1250 + 21559*x12**2/2500 - 29273*x12*x13/100000 + 6687*x12*x14/500000 - 133*x12*x15/500 - 4877*x12*x16/25000 - 1611*x12*x17/12500 - 5117*x12*x2/20000 - 1987*x12*x3/10000 - 587*x12*x4/2500 - 16437*x12*x5/500000 - 17169*x12*x6/50000 + 5833*x12*x7/2500000 + 913*x12*x8/2500 + 2003*x12*x9/20000 + 8811*x12/10000 + 85983*x13**2/10000 - 14581*x13*x14/100000 - 26379*x13*x15/100000 - 1363*x13*x16/62500 - 11673*x13*x17/100000 - 571*x13*x2/3125 - 1557*x13*x3/5000 - 1039*x13*x4/10000 + 48063*x13*x5/500000 - 9267*x13*x6/50000 + 297*x13*x7/2500 + 2001*x13*x8/6250 + 4897*x13*x9/25000 + 5817*x13/10000 + 433*x14**2/50 - 20701*x14*x15/50000 + 46723*x14*x16/500000 - 13311*x14*x17/100000 - 62393*x14*x2/1000000 - 4563*x14*x3/50000 - 1757*x14*x4/10000 - 26163*x14*x5/500000 - 2601*x14*x6/20000 - 2999*x14*x7/20000 - 17077*x14*x8/100000 - 5161*x14*x9/50000 + 7979*x14/10000 + 84689*x15**2/10000 - 16071*x15*x16/2000000 - 22373*x15*x17/100000 - 2889*x15*x2/20000 - 2153*x15*x3/10000 - 2213*x15*x4/10000 - 797*x15*x5/6250 - 849*x15*x6/2500 - 3223*x15*x7/25000 - 15997*x15*x8/100000 - 2699*x15*x9/25000 + 223*x15/200 + 3477*x16**2/400 - 6983*x16*x17/20000 - 10363*x16*x2/1000000 - 953*x16*x3/50000 - 1851*x16*x4/10000 - 10541*x16*x5/100000 - 23557*x16*x6/100000 - 64159*x16*x7/1000000 - 89601*x16*x8/1000000 - 30843*x16*x9/1000000 + 5817*x16/10000 + 42683*x17**2/5000 - 4611*x17*x2/25000 - 3201*x17*x3/10000 - 1687*x17*x4/10000 + 3307*x17*x5/250000 - 3229*x17*x6/12500 + 66001*x17*x7/1000000 + 12613*x17*x8/100000 + 27129*x17*x9/500000 + 1123*x17/1250 + 10729*x2**2/1250 - 857*x2*x3/2000 - 113*x2*x4/625 - 8867*x2*x5/50000 - 1537*x2*x6/4000 - 2121*x2*x7/50000 - 21831*x2*x8/100000 - 8847*x2*x9/50000 + 599*x2/500 + 4229*x3**2/500 - 2243*x3*x4/10000 - 1941*x3*x5/10000 - 2597*x3*x6/10000 - 399*x3*x7/2500 - 109*x3*x8/4000 - 393*x3*x9/25000 + 131*x3/125 + 2171*x4**2/250 - 7*x4*x5/20 - 2217*x4*x6/10000 - 921*x4*x7/12500 + 5017*x4*x8/100000 - 343*x4*x9/25000 + 4573*x4/5000 + 85813*x5**2/10000 - 11509*x5*x6/100000 + 42831*x5*x7/500000 + 43481*x5*x8/100000 + 11007*x5*x9/50000 + 4157*x5/10000 + 85733*x6**2/10000 - 18707*x6*x7/100000 + 16099*x6*x8/1000000 + 6421*x6*x9/50000000 + 1513*x6/1000 + 43091*x7**2/5000 + 38501*x7*x8/100000 + 20161*x7*x9/100000 + 399*x7/2000 + 91917*x8**2/10000 + 52767*x8*x9/100000 - 1081*x8/2500 + 11327*x9**2/1000 - 499*x9/2000 + 2079/250",
    "Q": "[[8.316422825798432, -0.1278103187459923, -0.21220438205474115, 0.09952728990175772, 0.7563690557472093, 0.20984103018784706, 0.4587892186319857, 0.5218744610965603, 0.5992059714450806, 0.45070602923975656, 0.2916043462342496, 0.5534271438014636, 0.3996946831857207, 0.2944813926708736, 0.4391410228500261, 0.4471464851847843, 0.2288712366851669, -0.16439750388831673], [-0.1278103187459923, 11.326585621709903, 0.26432631531159206, 0.09533733377119133, 0.001029094917809499, 0.11124803102993076, -0.01155556171815471, -0.013644849198778895, -0.09333509862675465, 0.027818704379949932, -0.015722901525720284, -0.0519170973319463, -0.051865067702424, 0.09237832056338058, 0.049469312306016755, 0.08965760512773006, -0.01743836570667132, -0.04634876054026704], [-0.21220438205474115, 0.26432631531159206, 9.191076848909738, 0.19378310687028583, 0.010750750677542007, 0.21658858290400013, 0.029364163019287827, -0.012868674321699473, -0.10969705355390433, 0.06722308121834383, -0.04031445543680722, -0.08193861503804768, -0.08347178358886177, 0.15739291454668694, 0.18378678837031212, 0.13751586353262088, -0.05463883712906488, -0.11888717018252308], [0.09952728990175772, 0.09533733377119133, 0.19378310687028583, 8.617998835475218, -0.09292242391269795, 0.04025567134642464, -0.036587528461133945, -0.08103589259454098, -0.01712040211172716, 0.03258851258721397, -0.030218097500788313, -0.060880070265198684, -0.0748931895092335, 0.058322220267312014, 0.00029560053951128886, 0.03207149121297452, -0.06601770309881345, -0.09920925284688117], [0.7563690557472093, 0.001029094917809499, 0.010750750677542007, -0.09292242391269795, 8.572691984240466, -0.054329154710368435, -0.11420123226339002, -0.13157839724424855, -0.19463004760765626, -0.12792282234857344, -0.1142778345297912, -0.17038961547661102, -0.06844848367810122, -0.09566795124057768, -0.1743721683806533, -0.14691281356886682, -0.10772977413274558, 0.08330653520925185], [0.20984103018784706, 0.11124803102993076, 0.21658858290400013, 0.04025567134642464, -0.054329154710368435, 8.581357562194148, -0.1769519536790142, -0.09965156615929252, -0.08920956835365876, 0.007053675097215265, -0.055345279148980915, -0.06089490556023418, -0.02629863207014825, 0.051043928631236586, -0.017334296981014876, -0.048500985623911134, -0.049292479524328886, -0.05830634648194104], [0.4587892186319857, -0.01155556171815471, 0.029364163019287827, -0.036587528461133945, -0.11420123226339002, -0.1769519536790142, 8.685061258523358, -0.11341680763887205, -0.09277520871132013, -0.08714796319922005, -0.08997512968655676, -0.11175027325791083, -0.08727536828690727, -0.047502365142957956, -0.11413472189938308, -0.0786880687846427, -0.059593092315531115, 0.0702164289475705], [0.5218744610965603, -0.013644849198778895, -0.012868674321699473, -0.08103589259454098, -0.13157839724424855, -0.09965156615929252, -0.11341680763887205, 8.45870579783439, -0.21160008156467655, -0.1591022819700442, -0.009496890466660517, -0.11045354982673825, -0.047296466573686774, -0.1544561697161761, -0.10300380586446307, -0.16083555532097113, -0.06519401382419489, 0.06091674318966769], [0.5992059714450806, -0.09333509862675465, -0.10969705355390433, -0.01712040211172716, -0.19463004760765626, -0.08920956835365876, -0.09277520871132013, -0.21160008156467655, 8.582975354515593, -0.09536130631858787, -0.0013079727368058086, -0.06939299553122243, -0.03445316159280883, -0.08971965452808768, -0.12448662110108444, -0.15304728807813564, -0.03324874146494867, 0.03898981010610032], [0.45070602923975656, 0.027818704379949932, 0.06722308121834383, 0.03258851258721397, -0.12792282234857344, 0.007053675097215265, -0.08714796319922005, -0.1591022819700442, -0.09536130631858787, 8.537303028938144, -0.17747490366799865, -0.11594661522911458, -0.0628480313704428, -0.056439419920513614, -0.06230923519762371, -0.08147005661920834, -0.07687281865101095, -0.04809962197435402], [0.2916043462342496, -0.015722901525720284, -0.04031445543680722, -0.030218097500788313, -0.1142778345297912, -0.055345279148980915, -0.08997512968655676, -0.009496890466660517, -0.0013079727368058086, -0.17747490366799865, 8.692872181855817, -0.008138306591145582, 0.04758717434281489, -0.01038154309206822, -0.10143605980403698, -0.01949455267228106, 0.010720069445524973, 0.02219367826877156], [0.5534271438014636, -0.0519170973319463, -0.08193861503804768, -0.060880070265198684, -0.17038961547661102, -0.06089490556023418, -0.11175027325791083, -0.11045354982673825, -0.06939299553122243, -0.11594661522911458, -0.008138306591145582, 8.468240128364165, -0.2101298332884038, -0.13348934641735127, -0.13711656396661914, -0.10661847502587027, -0.033068594159594865, 0.01573050080100989], [0.3996946831857207, -0.051865067702424, -0.08347178358886177, -0.0748931895092335, -0.06844848367810122, -0.02629863207014825, -0.08727536828690727, -0.047296466573686774, -0.03445316159280883, -0.0628480313704428, 0.04758717434281489, -0.2101298332884038, 8.660462387375313, -0.07490278367590424, 0.005110322496551991, -0.057041557722172134, -0.08354668558267714, 0.02289012744857475], [0.2944813926708736, 0.09237832056338058, 0.15739291454668694, 0.058322220267312014, -0.09566795124057768, 0.051043928631236586, -0.047502365142957956, -0.1544561697161761, -0.08971965452808768, -0.056439419920513614, -0.01038154309206822, -0.13348934641735127, -0.07490278367590424, 8.598495652830541, -0.14955308249088448, -0.036793090208749865, -0.05596352525513515, -0.06577864753103162], [0.4391410228500261, 0.049469312306016755, 0.18378678837031212, 0.00029560053951128886, -0.1743721683806533, -0.017334296981014876, -0.11413472189938308, -0.10300380586446307, -0.12448662110108444, -0.06230923519762371, -0.10143605980403698, -0.13711656396661914, 0.005110322496551991, -0.14955308249088448, 8.623916198922311, -0.05279306653527749, -0.015841765916343897, 0.01638852791236213], [0.4471464851847843, 0.08965760512773006, 0.13751586353262088, 0.03207149121297452, -0.14691281356886682, -0.048500985623911134, -0.0786880687846427, -0.16083555532097113, -0.15304728807813564, -0.08147005661920834, -0.01949455267228106, -0.10661847502587027, -0.057041557722172134, -0.036793090208749865, -0.05279306653527749, 8.557456265087813, -0.13817415016696602, 0.004948190941130787], [0.2288712366851669, -0.01743836570667132, -0.05463883712906488, -0.06601770309881345, -0.10772977413274558, -0.049292479524328886, -0.059593092315531115, -0.06519401382419489, -0.03324874146494867, -0.07687281865101095, 0.010720069445524973, -0.033068594159594865, -0.08354668558267714, -0.05596352525513515, -0.015841765916343897, -0.13817415016696602, 8.786880890320683, 0.1185118373245063], [-0.16439750388831673, -0.04634876054026704, -0.11888717018252308, -0.09920925284688117, 0.08330653520925185, -0.05830634648194104, 0.0702164289475705, 0.06091674318966769, 0.03898981010610032, -0.04809962197435402, 0.02219367826877156, 0.01573050080100989, 0.02289012744857475, -0.06577864753103162, 0.01638852791236213, 0.004948190941130787, 0.1185118373245063, 8.63217386105419]]",
    "monomial_list": "[1, x9, x8, x7, x6, x5, x4, x3, x2, x17, x16, x15, x14, x13, x12, x11, x10, x1]"
}