{
    "name": "Multiplier-16",
    "rational_expression": "17931*x1**2/2500 + 8*x1*x10/25 + 76267*x1*x11/100000 + 2021*x1*x12/3125 + 7223*x1*x13/12500 + 15001*x1*x14/100000 + 533*x1*x15/3125 - 12959*x1*x16/50000 + 4063*x1*x17/10000 + 1503*x1*x2/2000 + 183*x1*x3/400 + 4339*x1*x4/5000 + 317*x1*x5/400 + 4467*x1*x6/5000 + 3639*x1*x7/5000 + 349*x1*x8/400 + 6543*x1*x9/10000 - 419*x1/250 + 44069*x10**2/5000 - 1267*x10*x11/3125 + 11279*x10*x12/50000 + 4447*x10*x13/200000 - 3779*x10*x14/25000 + 13593*x10*x15/100000 + 1168*x10*x16/625 - 639*x10*x17/2500 + 4251*x10*x2/10000 - 293*x10*x3/20000 - 277*x10*x4/2000 + 7241*x10*x5/100000 - 3059*x10*x6/10000 - 8281*x10*x7/100000 - 407*x10*x8/2500 - 309*x10*x9/20000 - 7057*x10/1000000 + 75833*x11**2/10000 - 64069*x11*x12/100000 - 39461*x11*x13/50000 + 1903*x11*x14/100000 - 7351*x11*x15/50000 - 13647*x11*x16/200000 - 7277*x11*x17/10000 - 1047*x11*x2/1250 - 4071*x11*x3/5000 - 503*x11*x4/1250 - 1047*x11*x5/1000 - 7499*x11*x6/10000 - 1267*x11*x7/2000 - 1671*x11*x8/2500 - 391*x11*x9/500 + 193*x11/100 + 77131*x12**2/10000 - 14417*x12*x13/10000 + 449*x12*x14/1000 - 56807*x12*x15/100000 + 2001*x12*x16/3125 - 659*x12*x17/2500 - 559*x12*x2/2000 - 2091*x12*x3/10000 - 5661*x12*x4/10000 - 1167*x12*x5/2000 - 2349*x12*x6/2500 - 5711*x12*x7/10000 + 147*x12*x8/1000 - 887*x12*x9/1250 + 1807*x12/1000 + 18897*x13**2/2500 - 6593*x13*x14/25000 - 38527*x13*x15/50000 + 20103*x13*x16/100000 - 8207*x13*x17/10000 - 3671*x13*x2/10000 - 1947*x13*x3/2500 - 254*x13*x4/625 - 5761*x13*x5/10000 - 6309*x13*x6/10000 - 6821*x13*x7/10000 - 5579*x13*x8/10000 - 8189*x13*x9/10000 + 457*x13/250 + 82573*x14**2/10000 - 20293*x14*x15/10000 + 27383*x14*x16/10000 - 7937*x14*x17/10000 + 3589*x14*x2/10000 - 899*x14*x3/5000 - 1627*x14*x4/2500 - 1523*x14*x5/100000 - 4267*x14*x6/10000 - 1941*x14*x7/5000 - 3153*x14*x8/5000 - 66*x14*x9/625 + 3467*x14/10000 + 319*x15**2/50 - 27403*x15*x16/500000 - 8267*x15*x17/10000 - 1061*x15*x2/2000 - 4509*x15*x3/5000 - 182*x15*x4/625 - 1139*x15*x5/10000 - 2941*x15*x6/5000 - 4879*x15*x7/10000 - 963*x15*x8/5000 - 269*x15*x9/625 + 1351*x15/1000 + 3543*x16**2/250 - 2373*x16*x17/1000 + 1349*x16*x2/500 + 501*x16*x3/2500 - 241*x16*x4/200 + 1223*x16*x5/2500 - 437*x16*x6/200 + 2469*x16*x7/2500 - 4263*x16*x8/50000 + 1631*x16*x9/5000 - 1871*x16/1000 + 1521*x17**2/200 - 603*x17*x2/625 - 1079*x17*x3/1000 - 3067*x17*x4/10000 - 1011*x17*x5/2500 - 1577*x17*x6/10000 - 1277*x17*x7/2500 - 1073*x17*x8/2500 - 4771*x17*x9/10000 + 2457*x17/1000 + 7581*x2**2/1000 - 1823*x2*x3/1000 - 2131*x2*x4/10000 - 5187*x2*x5/10000 - 233*x2*x6/200 - 301*x2*x7/2500 - 7603*x2*x8/10000 - 27*x2*x9/80 + 661*x2/500 + 6683*x3**2/1000 - 747*x3*x4/5000 - 5807*x3*x5/10000 - 357*x3*x6/2500 - 4389*x3*x7/10000 - 1423*x3*x8/50000 - 3087*x3*x9/5000 + 607*x3/500 + 8403*x4**2/1000 - 1387*x4*x5/1000 + 91*x4*x6/625 - 5911*x4*x7/10000 - 23*x4*x8/125 - 83*x4*x9/200 + 99*x4/50 + 7349*x5**2/1000 - 2373*x5*x6/5000 - 9807*x5*x7/10000 - 3057*x5*x8/5000 - 4531*x5*x9/5000 + 439*x5/250 + 4117*x6**2/500 - 1019*x6*x7/1000 - 2999*x6*x8/10000 - 5257*x6*x9/10000 + 1373*x6/500 + 907*x7**2/125 - 3889*x7*x8/5000 - 1749*x7*x9/2000 + 341*x7/200 + 3871*x8**2/500 - 727*x8*x9/500 + 889*x8/500 + 3637*x9**2/500 + 41*x9/25 + 3613/1000",
    "Q": "[[3.6126850189696946, 0.8205940727130949, 0.8880653573257058, 0.8542844840965258, 1.3732140179460472, 0.8796258827284694, 0.9891234136127443, 0.6075988256817504, 0.6613694219344894, 1.2275773350127037, -0.9347508882221742, 0.6766986033490664, 0.17204601484191445, 0.9128581074783088, 0.9048730349627226, 0.9648840000689154, -0.002666420832271769, -0.8373577910620987], [0.8205940727130949, 7.274084633573742, -0.7270139339378494, -0.4380218233692703, -0.26110989040742055, -0.45535151224966713, -0.21042128126761203, -0.3118919901270197, -0.1722130665706504, -0.24122075394317619, 0.1630510004647318, -0.2123941352323777, -0.0515034121578038, -0.40831983538285405, -0.35487999016905225, -0.3933694741043225, -0.006691277248047608, 0.3303925526957046], [0.8880653573257058, -0.7270139339378494, 7.742092531196233, -0.38475724259895294, -0.15099108914086232, -0.3080933114765502, -0.09174348650025556, -0.01635236382640097, -0.37925238859608496, -0.21684527581475874, -0.04212354643913101, -0.09451813955470295, -0.3139548061987504, -0.28245161008406594, 0.07573171404479792, -0.3356998365543661, -0.08166570667208571, 0.43491040994274555], [0.8542844840965258, -0.4380218233692703, -0.38475724259895294, 7.256745758798991, -0.5063984985705766, -0.486331380826262, -0.2927803851690034, -0.21545308424547624, -0.0620468652653397, -0.25576383457829716, 0.49092607779805153, -0.24250024289105993, -0.19675636637645083, -0.33905093642329526, -0.2839135740213306, -0.3130705037170605, -0.03909143793720722, 0.36142744758138307], [1.3732140179460472, -0.26110989040742055, -0.15099108914086232, -0.5063984985705766, 8.232533518490929, -0.2405778429770504, 0.07174741433310783, -0.0706526903665315, -0.5828727449705324, -0.07949940364194563, -1.091265036393673, -0.29793344659740484, -0.21681626576092733, -0.3162412343706533, -0.46603886240066256, -0.3756582239864642, -0.15533380297786384, 0.45067105965570037], [0.8796258827284694, -0.45535151224966713, -0.3080933114765502, -0.486331380826262, -0.2405778429770504, 7.351591196071503, -0.6910201868020671, -0.2876712219410064, -0.2589309190175905, -0.2022401252802687, 0.24713680572725782, -0.05826806709501385, -0.005541686128625464, -0.28856642750542133, -0.29264328588722804, -0.5228656153265047, 0.03912766970000691, 0.3966086061716251], [0.9891234136127443, -0.21042128126761203, -0.09174348650025556, -0.2927803851690034, 0.07174741433310783, -0.6910201868020671, 8.402484334295622, -0.07691106036176519, -0.10774449043819746, -0.15160797481905847, -0.6023292173802158, -0.1474379195511166, -0.32417454358201375, -0.199519533896638, -0.2855554700930781, -0.20112145033393242, -0.07109218823476456, 0.4321911803407582], [0.6075988256817504, -0.3118919901270197, -0.01635236382640097, -0.21545308424547624, -0.0706526903665315, -0.2876712219410064, -0.07691106036176519, 6.6823932724454345, -0.9103481474593172, -0.5357977955028748, 0.1014380084542072, -0.44816422055026883, -0.09300725464938031, -0.38941628352554436, -0.10393530276661374, -0.40590359201719517, -0.0065400413403013235, 0.22824147935021993], [0.6613694219344894, -0.1722130665706504, -0.37925238859608496, -0.0620468652653397, -0.5828727449705324, -0.2589309190175905, -0.10774449043819746, -0.9103481474593172, 7.581830277118927, -0.48253550151102126, 1.3460272119593173, -0.26420023295694195, 0.18123455303799052, -0.17962344863090857, -0.14084424476909152, -0.4204780259557127, 0.21003575263142485, 0.37300235122290193], [1.2275773350127037, -0.24122075394317619, -0.21684527581475874, -0.25576383457829716, -0.07949940364194563, -0.2022401252802687, -0.15160797481905847, -0.5357977955028748, -0.48253550151102126, 7.604305335643915, -1.1890558039360157, -0.41046685386644505, -0.3951747095841748, -0.4108674734132247, -0.13029647207119435, -0.3647526896212682, -0.12866098774304704, 0.20657803744678138], [-0.9347508882221742, 0.1630510004647318, -0.04212354643913101, 0.49092607779805153, -1.091265036393673, 0.24713680572725782, -0.6023292173802158, 0.1014380084542072, 1.3460272119593173, -1.1890558039360157, 14.170727772486082, -0.021408180738779255, 1.3692857718124853, 0.10887355448677163, 0.31841956598727406, -0.037959068137811636, 0.933152645789991, -0.1294515275738311], [0.6766986033490664, -0.2123941352323777, -0.09451813955470295, -0.24250024289105993, -0.29793344659740484, -0.05826806709501385, -0.1474379195511166, -0.44816422055026883, -0.26420023295694195, -0.41046685386644505, -0.021408180738779255, 6.379918687992393, -1.0171518116633016, -0.3873142239695504, -0.2839766434516887, -0.07113565021703994, 0.06702725926010465, 0.08411921269778057], [0.17204601484191445, -0.0515034121578038, -0.3139548061987504, -0.19675636637645083, -0.21681626576092733, -0.005541686128625464, -0.32417454358201375, -0.09300725464938031, 0.18123455303799052, -0.3951747095841748, 1.3692857718124853, -1.0171518116633016, 8.257812098678132, -0.1334015797214519, 0.2222908220285248, 0.008571153701197876, -0.07496412891961898, 0.07817261990377251], [0.9128581074783088, -0.40831983538285405, -0.28245161008406594, -0.33905093642329526, -0.3162412343706533, -0.28856642750542133, -0.199519533896638, -0.38941628352554436, -0.17962344863090857, -0.4108674734132247, 0.10887355448677163, -0.3873142239695504, -0.1334015797214519, 7.557411758790203, -0.7226153797098012, -0.39641975372870875, 0.014214800682839802, 0.2857208427156116], [0.9048730349627226, -0.35487999016905225, 0.07573171404479792, -0.2839135740213306, -0.46603886240066256, -0.29264328588722804, -0.2855554700930781, -0.10393530276661374, -0.14084424476909152, -0.13029647207119435, 0.31841956598727406, -0.2839766434516887, 0.2222908220285248, -0.7226153797098012, 7.71495991960896, -0.3171454238238381, 0.11217785328265126, 0.3228138942645231], [0.9648840000689154, -0.3933694741043225, -0.3356998365543661, -0.3130705037170605, -0.3756582239864642, -0.5228656153265047, -0.20112145033393242, -0.40590359201719517, -0.4204780259557127, -0.3647526896212682, -0.037959068137811636, -0.07113565021703994, 0.008571153701197876, -0.39641975372870875, -0.3171454238238381, 7.583775252919619, -0.20128319051415183, 0.3826408518137627], [-0.002666420832271769, -0.006691277248047608, -0.08166570667208571, -0.03909143793720722, -0.15533380297786384, 0.03912766970000691, -0.07109218823476456, -0.0065400413403013235, 0.21003575263142485, -0.12866098774304704, 0.933152645789991, 0.06702725926010465, -0.07496412891961898, 0.014214800682839802, 0.11217785328265126, -0.20128319051415183, 8.81334560273469, 0.1616897609726534], [-0.8373577910620987, 0.3303925526957046, 0.43491040994274555, 0.36142744758138307, 0.45067105965570037, 0.3966086061716251, 0.4321911803407582, 0.22824147935021993, 0.37300235122290193, 0.20657803744678138, -0.1294515275738311, 0.08411921269778057, 0.07817261990377251, 0.2857208427156116, 0.3228138942645231, 0.3826408518137627, 0.1616897609726534, 7.172196384729738]]",
    "monomial_list": "[1, x9, x8, x7, x6, x5, x4, x3, x2, x17, x16, x15, x14, x13, x12, x11, x10, x1]"
}