{
    "name": "Multiplier-7",
    "rational_expression": "86723*x1**2/10000 + 297*x1*x10/2000 + 3467*x1*x11/100000 - 31779*x1*x12/1000000 - 11393*x1*x13/100000 - 15421*x1*x14/250000 - 863*x1*x15/5000 + 3653*x1*x16/100000 + 8581*x1*x17/500000 + 23507*x1*x2/100000 + 1141*x1*x3/4000 + 24481*x1*x4/1000000 - 737*x1*x5/5000 + 34389*x1*x6/500000 - 88427*x1*x7/1000000 - 9303*x1*x8/100000 - 2273*x1*x9/10000 - 1719*x1/5000 + 439*x10**2/50 - 943*x10*x11/5000 - 5771*x10*x12/100000 - 413*x10*x13/6250 - 7991*x10*x14/100000 - 1481*x10*x15/20000 + 423*x10*x16/100000 - 1401*x10*x17/10000 - 911*x10*x2/10000 - 74*x10*x3/625 - 1459*x10*x4/10000 - 327*x10*x5/10000 - 713*x10*x6/5000 - 1413*x10*x7/200000 - 587*x10*x8/5000 - 1261*x10*x9/25000 + 723*x10/2500 + 85799*x11**2/10000 - 3119*x11*x12/25000 - 6497*x11*x13/50000 + 591*x11*x14/200000 - 847*x11*x15/50000 - 17289*x11*x16/200000 - 11041*x11*x17/50000 - 35543*x11*x2/100000 - 1613*x11*x3/4000 - 10663*x11*x4/100000 - 127*x11*x5/1000 - 23131*x11*x6/100000 + 9553*x11*x7/100000 - 5373*x11*x8/100000 - 379*x11*x9/12500 + 9227*x11/10000 + 86569*x12**2/10000 - 111*x12*x13/500 + 17671*x12*x14/200000 - 1841*x12*x15/50000 - 19627*x12*x16/100000 - 8103*x12*x17/50000 - 35373*x12*x2/100000 - 33021*x12*x3/100000 - 16301*x12*x4/100000 - 66887*x12*x5/10000000 - 6391*x12*x6/25000 + 77569*x12*x7/10000000 + 2493*x12*x8/50000 + 407*x12*x9/100000 + 1627*x12/2000 + 10783*x13**2/1250 - 81267*x13*x14/100000000 - 1841*x13*x15/200000 - 9491*x13*x16/250000 - 16593*x13*x17/100000 - 13421*x13*x2/50000 - 39383*x13*x3/100000 - 32591*x13*x4/1000000 + 79373*x13*x5/1000000 - 12681*x13*x6/100000 + 3151*x13*x7/25000 + 1021*x13*x8/100000 + 3639*x13*x9/50000 + 723*x13/1250 + 43639*x14**2/5000 - 1581*x14*x15/5000 + 15469*x14*x16/200000 - 17081*x14*x17/250000 - 17251*x14*x2/100000 - 3651*x14*x3/25000 - 30477*x14*x4/1000000 + 2903*x14*x5/20000 + 12333*x14*x6/125000 + 13383*x14*x7/100000 + 3219*x14*x8/1000000 + 307*x14*x9/2500 + 199*x14/1000 + 2141*x15**2/250 + 2367*x15*x16/1000000 - 2537*x15*x17/50000 - 311*x15*x2/2500 - 1039*x15*x3/5000 - 1989*x15*x4/50000 + 1091*x15*x5/10000 - 953*x15*x6/5000 - 5111*x15*x7/1000000 + 1461*x15*x8/25000 + 309*x15*x9/2500 + 723*x15/2000 + 86829*x16**2/10000 - 1347*x16*x17/5000 + 64151*x16*x2/10000000 - 6783*x16*x3/250000 - 14869*x16*x4/100000 - 6681*x16*x5/50000 - 11429*x16*x6/50000 - 10703*x16*x7/100000 - 1837*x16*x8/20000 - 1183*x16*x9/10000 + 1719*x16/2500 + 85733*x17**2/10000 - 12537*x17*x2/50000 - 15029*x17*x3/50000 - 4701*x17*x4/25000 - 91683*x17*x5/1000000 - 1957*x17*x6/6250 - 22117*x17*x7/500000 - 243*x17*x8/2000 - 931*x17*x9/20000 + 1067*x17/1000 + 4299*x2**2/500 - 13441*x2*x3/50000 - 14159*x2*x4/50000 - 2297*x2*x5/6250 - 14501*x2*x6/25000 - 9521*x2*x7/25000 - 881*x2*x8/2500 - 1171*x2*x9/5000 + 351*x2/200 + 42869*x3**2/5000 - 31139*x3*x4/100000 - 38697*x3*x5/100000 - 2179*x3*x6/5000 - 9697*x3*x7/50000 - 2877*x3*x8/10000 - 357*x3*x9/1000 + 723*x3/500 + 87079*x4**2/10000 - 9109*x4*x5/50000 - 3629*x4*x6/25000 + 81079*x4*x7/1000000 - 4231*x4*x8/100000 + 151*x4*x9/4000 + 5607*x4/10000 + 86557*x5**2/10000 + 17213*x5*x6/200000 + 13547*x5*x7/50000 + 1269*x5*x8/10000 + 141*x5*x9/1000 + 2533*x5/10000 + 17397*x6**2/2000 + 32519*x6*x7/100000 - 1839*x6*x8/50000 + 491*x6*x9/12500 + 2169*x6/2500 + 2849*x7**2/250 + 1341*x7*x8/10000 + 1891*x7*x9/10000 - 1719*x7/5000 + 4373*x8**2/500 - 201*x8*x9/4000 + 407*x8/1250 + 4337*x9**2/500 + 9051*x9/100000 + 4521/500",
    "Q": "[[9.041707128467005, 0.04693486446358221, 0.16667198311343068, -0.16789283847893888, 0.4332265092877655, 0.1257924995353525, 0.2842020351812662, 0.7244282898156118, 0.8771644661081276, 0.5326374598486384, 0.3407302988436196, 0.17766153344287997, 0.10265308918879783, 0.29157120421468774, 0.4050965261843244, 0.45967312990731124, 0.14477699554759188, -0.1685564399339974], [0.04693486446358221, 8.67423839534979, -0.024466094900463038, 0.09779504882616419, 0.022595121226006428, 0.06765204677430668, 0.02294231983368486, -0.17799067868498752, -0.11352632623961222, -0.026435806505010873, -0.05677920780100632, 0.06202177296537172, 0.057489655865717824, 0.03515727434705188, -0.0007165981124185656, -0.014706625450881137, -0.02228541688321486, -0.110835322404087], [0.16667198311343068, -0.024466094900463038, 8.74566338920333, 0.07091458029202959, -0.020819782693830443, 0.06512522113095359, -0.01799204989385072, -0.13997329340539313, -0.1732964258572638, -0.05962606207229723, -0.04745066515766129, 0.03305923891571322, 0.005436087821196927, 0.007168173122360868, 0.021420933652855047, -0.02680896970396758, -0.06077512879793713, -0.049813572591658514], [-0.16789283847893888, 0.09779504882616419, 0.07091458029202959, 11.396060275151733, 0.16293707710848632, 0.13030599398945358, 0.043610283730696246, -0.09918370820113762, -0.19085149808589508, -0.016638573784720504, -0.0552926461727773, 0.00017787607627960017, 0.06443907540576853, 0.06398100250630345, 0.001286039464655098, 0.04940519160781418, 0.001804880102910011, -0.04932678618849407], [0.4332265092877655, 0.022595121226006428, -0.020819782693830443, 0.16293707710848632, 8.698757008043625, 0.04274794873317781, -0.07131624551060935, -0.2185920394452985, -0.2912053536043722, -0.15938123820765873, -0.11827450135196736, -0.09238960483072144, 0.05147557713923288, -0.06146094989530932, -0.12928122249044427, -0.11249223017868647, -0.07406030928485573, 0.03419199675688462], [0.1257924995353525, 0.06765204677430668, 0.06512522113095359, 0.13030599398945358, 0.04274794873317781, 8.655621524195046, -0.08850499828334844, -0.19644290056404248, -0.18081432012190615, -0.049995063243690394, -0.06886553266517503, 0.0579002021492628, 0.07004320015556163, 0.03890224940272473, -0.007073485910485128, -0.06720077599140242, -0.014132323769387722, -0.07261715350245392], [0.2842020351812662, 0.02294231983368486, -0.01799204989385072, 0.043610283730696246, -0.07131624551060935, -0.08850499828334844, 8.707741258238814, -0.15776138244389726, -0.1433054052180945, -0.09130411050515294, -0.07624250838899432, -0.022267458863237593, -0.012350929981980773, -0.015960169906960264, -0.07730582741785436, -0.04835652674421759, -0.07012523118239254, 0.0147297224093986], [0.7244282898156118, -0.17799067868498752, -0.13997329340539313, -0.09918370820113762, -0.2185920394452985, -0.19644290056404248, -0.15776138244389726, 8.574289296878913, -0.1352919196276286, -0.15155476567970635, -0.01633683049632858, -0.10666038806475792, -0.07196210346964746, -0.19726202530709938, -0.16234232614394545, -0.19959690270272246, -0.05926337258075856, 0.13874565024547644], [0.8771644661081276, -0.11352632623961222, -0.1732964258572638, -0.19085149808589508, -0.2912053536043722, -0.18081432012190615, -0.1433054052180945, -0.1352919196276286, 8.597905258012759, -0.1286005412665327, 0.003613729948337158, -0.06065771503075404, -0.08561897142638324, -0.1352429560164031, -0.1803009508281404, -0.18197289860278845, -0.04762488665503071, 0.11890659557294057], [0.5326374598486384, -0.026435806505010873, -0.05962606207229723, -0.016638573784720504, -0.15938123820765873, -0.049995063243690394, -0.09130411050515294, -0.15155476567970635, -0.1286005412665327, 8.57380853532463, -0.1320267821702179, -0.026130565500902665, -0.031000901378856787, -0.0821927210179517, -0.07764786974553753, -0.11309118669841839, -0.06761752574257464, 0.008764978015879745], [0.3407302988436196, -0.05677920780100632, -0.04745066515766129, -0.0552926461727773, -0.11827450135196736, -0.06886553266517503, -0.07624250838899432, -0.01633683049632858, 0.003613729948337158, -0.1320267821702179, 8.682483714111012, 0.002187384200503537, 0.03547910245770924, -0.01597162238744085, -0.09623434955302408, -0.044472755190706884, 0.00469077467883694, 0.017288291809294372], [0.17766153344287997, 0.06202177296537172, 0.03305923891571322, 0.00017787607627960017, -0.09238960483072144, 0.0579002021492628, -0.022267458863237593, -0.10666038806475792, -0.06065771503075404, -0.026130565500902665, 0.002187384200503537, 8.563304290011446, -0.15886392071099323, -0.004363340559800679, -0.021248443022426546, -0.008878795505773586, -0.03491925861530898, -0.08890696113317759], [0.10265308918879783, 0.057489655865717824, 0.005436087821196927, 0.06443907540576853, 0.05147557713923288, 0.07004320015556163, -0.012350929981980773, -0.07196210346964746, -0.08561897142638324, -0.031000901378856787, 0.03547910245770924, -0.15886392071099323, 8.727500876381264, -0.0030178505755857113, 0.045763391258395535, 0.003950496477961544, -0.04260628782127506, -0.028436891203114042], [0.29157120421468774, 0.03515727434705188, 0.007168173122360868, 0.06398100250630345, -0.06146094989530932, 0.03890224940272473, -0.015960169906960264, -0.19726202530709938, -0.1352429560164031, -0.0821927210179517, -0.01597162238744085, -0.004363340559800679, -0.0030178505755857113, 8.626363579201437, -0.11260465334141834, -0.06659888871262017, -0.03451030114002838, -0.05507372100267874], [0.4050965261843244, -0.0007165981124185656, 0.021420933652855047, 0.001286039464655098, -0.12928122249044427, -0.007073485910485128, -0.07730582741785436, -0.16234232614394545, -0.1803009508281404, -0.07764786974553753, -0.09623434955302408, -0.021248443022426546, 0.045763391258395535, -0.11260465334141834, 8.656236973137268, -0.06679361184038678, -0.032718018386317944, -0.014536629340903757], [0.45967312990731124, -0.014706625450881137, -0.02680896970396758, 0.04940519160781418, -0.11249223017868647, -0.06720077599140242, -0.04835652674421759, -0.19959690270272246, -0.18197289860278845, -0.11309118669841839, -0.044472755190706884, -0.008878795505773586, 0.003950496477961544, -0.06659888871262017, -0.06679361184038678, 8.579786237667584, -0.09555870813733583, 0.01796539451452692], [0.14477699554759188, -0.02228541688321486, -0.06077512879793713, 0.001804880102910011, -0.07406030928485573, -0.014132323769387722, -0.07012523118239254, -0.05926337258075856, -0.04762488665503071, -0.06761752574257464, 0.00469077467883694, -0.03491925861530898, -0.04260628782127506, -0.03451030114002838, -0.032718018386317944, -0.09555870813733583, 8.78009429343365, 0.07803893228053134], [-0.1685564399339974, -0.110835322404087, -0.049813572591658514, -0.04932678618849407, 0.03419199675688462, -0.07261715350245392, 0.0147297224093986, 0.13874565024547644, 0.11890659557294057, 0.008764978015879745, 0.017288291809294372, -0.08890696113317759, -0.028436891203114042, -0.05507372100267874, -0.014536629340903757, 0.01796539451452692, 0.07803893228053134, 8.67194014103289]]",
    "monomial_list": "[1, x9, x8, x7, x6, x5, x4, x3, x2, x17, x16, x15, x14, x13, x12, x11, x10, x1]"
}