{
    "name": "Multiplier-11",
    "rational_expression": "89389*x1**2/10000 + 9861*x1*x10/125000 - 1441*x1*x11/5000 - 3227*x1*x12/25000 - 15073*x1*x13/50000 + 13307*x1*x14/50000 + 4873*x1*x15/12500 + 19091*x1*x16/200000 - 4291*x1*x17/20000 - 54521*x1*x2/100000 - 7189*x1*x3/12500 - 14097*x1*x4/1000000 - 41901*x1*x5/100000 - 3691*x1*x6/20000 - 24551*x1*x7/100000 - 24619*x1*x8/100000 - 16889*x1*x9/50000 + 43457*x1/50000 + 43677*x10**2/5000 + 9417*x10*x11/20000 - 4977*x10*x12/100000 - 683*x10*x13/8000 + 10083*x10*x14/1000000 - 41*x10*x15/200 - 44193*x10*x16/1000000 - 649*x10*x17/6250 + 43319*x10*x2/5000000 - 12249*x10*x3/200000 - 35397*x10*x4/500000 + 44453*x10*x5/1000000 + 7281*x10*x6/50000 - 15703*x10*x7/100000 - 6289*x10*x8/200000 - 8293*x10*x9/100000 - 1121*x10/4000 + 11693*x11**2/1000 + 6493*x11*x12/50000 + 31689*x11*x13/100000 - 6889*x11*x14/20000 - 1579*x11*x15/4000 - 4189*x11*x16/20000 + 9647*x11*x17/50000 + 5333*x11*x2/10000 + 42159*x11*x3/100000 - 2001*x11*x4/100000 + 3453*x11*x5/6250 + 19559*x11*x6/100000 + 15471*x11*x7/100000 + 22429*x11*x8/100000 + 5597*x11*x9/20000 - 32569*x11/50000 + 43579*x12**2/5000 + 18607*x12*x13/250000 - 399*x12*x14/2000 - 7329*x12*x15/25000 - 15909*x12*x16/100000 + 28421*x12*x17/1000000 + 7919*x12*x2/50000 + 27631*x12*x3/100000 - 6111*x12*x4/50000 + 11013*x12*x5/100000 + 9721*x12*x6/500000 + 9547*x12*x7/500000 + 36579*x12*x8/1000000 + 4509*x12*x9/62500 - 7811*x12/250000 + 44363*x13**2/5000 - 22189*x13*x14/100000 - 38191*x13*x15/100000 - 2637*x13*x16/25000 + 6527*x13*x17/50000 + 10049*x13*x2/25000 + 1401*x13*x3/3125 - 13423*x13*x4/250000 + 17031*x13*x5/50000 + 1673*x13*x6/12500 + 523*x13*x7/4000 + 14847*x13*x8/100000 + 23659*x13*x9/100000 - 1121*x13/4000 + 43621*x14**2/5000 + 15823*x14*x15/100000 - 6709*x14*x16/2000000 - 18571*x14*x17/100000 - 3579*x14*x2/12500 - 23591*x14*x3/100000 - 6807*x14*x4/50000 - 14023*x14*x5/50000 - 14569*x14*x6/50000 - 17633*x14*x7/100000 - 23017*x14*x8/100000 - 11717*x14*x9/50000 + 2561*x14/2500 + 89079*x15**2/10000 + 12089*x15*x16/125000 - 14393*x15*x17/50000 - 43711*x15*x2/100000 - 15889*x15*x3/50000 - 8101*x15*x4/25000 - 48861*x15*x5/100000 - 44911*x15*x6/100000 - 7301*x15*x7/25000 - 8001*x15*x8/20000 - 3719*x15*x9/10000 + 4109*x15/2500 + 87061*x16**2/10000 - 12417*x16*x17/100000 - 7577*x16*x2/50000 - 50753*x16*x3/1000000 - 17*x16*x4/100 - 3447*x16*x5/20000 - 14539*x16*x6/50000 - 3043*x16*x7/25000 - 8901*x16*x8/50000 - 279*x16*x9/2500 + 217*x16/200 + 2209*x17**2/250 + 32621*x17*x2/100000 + 9363*x17*x3/25000 - 44187*x17*x4/500000 + 23383*x17*x5/100000 + 32117*x17*x6/500000 + 47817*x17*x7/500000 + 79121*x17*x8/1000000 + 16877*x17*x9/100000 - 40333*x17/100000 + 22521*x2**2/2500 + 59141*x2*x3/100000 + 5851*x2*x4/125000 + 58379*x2*x5/100000 + 3371*x2*x6/10000 + 28833*x2*x7/100000 + 14527*x2*x8/50000 + 43701*x2*x9/100000 - 13653*x2/10000 + 90231*x3**2/10000 + 11589*x3*x4/250000 + 29569*x3*x5/50000 + 16207*x3*x6/50000 + 34443*x3*x7/100000 + 18211*x3*x8/50000 + 49337*x3*x9/100000 - 3041*x3/2000 + 43401*x4**2/5000 - 1091*x4*x5/50000 - 54427*x4*x6/1000000 - 12229*x4*x7/10000000 - 36627*x4*x8/1000000 - 3837*x4*x9/200000 + 62487*x4/1000000 + 44797*x5**2/5000 + 15567*x5*x6/50000 + 2443*x5*x7/12500 + 13369*x5*x8/50000 + 8111*x5*x9/25000 - 217*x5/200 + 44081*x6**2/5000 + 17069*x6*x7/100000 + 11819*x6*x8/100000 + 2183*x6*x9/12500 - 68263*x6/100000 + 22097*x7**2/2500 + 13169*x7*x8/100000 + 16877*x7*x9/100000 - 40333*x7/100000 + 43971*x8**2/5000 + 17137*x8*x9/100000 - 1648*x8/3125 + 88799*x9**2/10000 - 32569*x9/50000 + 1939/125",
    "Q": "[[15.51164933493934, -0.32017934320113084, -0.25996233565641297, -0.20470636276629076, -0.34533148928106017, -0.5451438501946383, 0.027429418565946447, -0.7665166568727119, -0.6895686706482597, -0.20234866226868473, 0.5440738849380403, 0.8155293888638357, 0.5138494547661177, -0.13633980251019356, -0.020711773651488997, -0.329230905595282, -0.13966080372158352, 0.44078390768365044], [-0.32017934320113084, 8.87990922775881, 0.08182337074800537, 0.08798913720399523, 0.08991569918257018, 0.15985398664776637, -0.009528284864844373, 0.24371559136151924, 0.21605789267584133, 0.08505941954625613, -0.055161903654614805, -0.18725351687574598, -0.11379039820310015, 0.11935937915338847, 0.03996432394827909, 0.14355417929449038, -0.04389305334574544, -0.17008228841488043], [-0.25996233565641297, 0.08182337074800537, 8.793766072401775, 0.06823555810940984, 0.05878677481138176, 0.1353690690287929, -0.021737339302107552, 0.17953872712247193, 0.1473411046017599, 0.04322488836363363, -0.08430036203858553, -0.2032975090908525, -0.11929438046919692, 0.07782766841449967, 0.015093791797469057, 0.1146954182754882, -0.015884524585643357, -0.11864486805903901], [-0.20470636276629076, 0.08798913720399523, 0.06823555810940984, 8.838812737763016, 0.08086570565616515, 0.0952141387080818, -0.0034296886618018635, 0.17162275282186887, 0.1468341583331627, 0.05006469660553737, -0.061305288304238884, -0.14847484918005263, -0.09075638118074013, 0.06854481500898747, 0.013011556891367872, 0.07312325368529893, -0.076731614715451, -0.12326768500966859], [-0.34533148928106017, 0.08991569918257018, 0.05878677481138176, 0.08086570565616515, 8.816573757594272, 0.15252924061779832, -0.02384009611200336, 0.16174622319896156, 0.17236675084575537, 0.030542562806191092, -0.14254361831896908, -0.22058070446818068, -0.1426839675371743, 0.06822656083089859, 0.006664238679725234, 0.09351147816477375, 0.06961407615632677, -0.0926777732146598], [-0.5451438501946383, 0.15985398664776637, 0.1353690690287929, 0.0952141387080818, 0.15252924061779832, 8.959325306007631, -0.011142500419800975, 0.3001261766357513, 0.2893778249239374, 0.11611593253287791, -0.08817714631206035, -0.2476305179250806, -0.14206838367861932, 0.16707856184877048, 0.055195664103277926, 0.2808114056294513, 0.025737196975076388, -0.2081728498285593], [0.027429418565946447, -0.009528284864844373, -0.021737339302107552, -0.0034296886618018635, -0.02384009611200336, -0.011142500419800975, 8.68059946428425, 0.022875083502531906, 0.023530418673404094, -0.04647762221323271, -0.08650005004025622, -0.15781681555382265, -0.06517289464188038, -0.0243401461632072, -0.06074341612308632, -0.008985770769904394, -0.03921451727117083, -0.009194363389194998], [-0.7665166568727119, 0.24371559136151924, 0.17953872712247193, 0.17162275282186887, 0.16174622319896156, 0.3001261766357513, 0.022875083502531906, 9.024090178592454, 0.2920719110314593, 0.1868213673595605, -0.027048090384674227, -0.15717630922216286, -0.11802903454939863, 0.22152984944239149, 0.14023555591132786, 0.2128729969674211, -0.029059008149883138, -0.28532264505684757], [-0.6895686706482597, 0.21605789267584133, 0.1473411046017599, 0.1468341583331627, 0.17236675084575537, 0.2893778249239374, 0.023530418673404094, 0.2920719110314593, 9.008577105918308, 0.16158802539835626, -0.07348137446839671, -0.2143706367851718, -0.14603096576654426, 0.20234300162860241, 0.07737850394747958, 0.2668894871228107, 0.0013934738764559435, -0.26932261212684827], [-0.20234866226868473, 0.08505941954625613, 0.04322488836363363, 0.05006469660553737, 0.030542562806191092, 0.11611593253287791, -0.04647762221323271, 0.1868213673595605, 0.16158802539835626, 8.835980563216651, -0.06225824678548077, -0.14526666432996352, -0.08830640864178285, 0.06229562049925624, 0.015089640719544956, 0.09646045928594947, -0.04803756536971814, -0.11119594137356308], [0.5440738849380403, -0.055161903654614805, -0.08430036203858553, -0.061305288304238884, -0.14254361831896908, -0.08817714631206035, -0.08650005004025622, -0.027048090384674227, -0.07348137446839671, -0.06225824678548077, 8.70612298101689, 0.05138034712850683, -0.00023233719947716623, -0.051813758418933015, -0.08114388018831123, -0.10817285515859694, -0.017611924828370134, 0.04774342017200252], [0.8155293888638357, -0.18725351687574598, -0.2032975090908525, -0.14847484918005263, -0.22058070446818068, -0.2476305179250806, -0.15781681555382265, -0.15717630922216286, -0.2143706367851718, -0.14526666432996352, 0.05138034712850683, 8.907418129318648, 0.07550450978198053, -0.19252274859774876, -0.1512550932593332, -0.2005461549476588, -0.09944136991066109, 0.19679478292339042], [0.5138494547661177, -0.11379039820310015, -0.11929438046919692, -0.09075638118074013, -0.1426839675371743, -0.14206838367861932, -0.06517289464188038, -0.11802903454939863, -0.14603096576654426, -0.08830640864178285, -0.00023233719947716623, 0.07550450978198053, 8.72435865151069, -0.11119624983289719, -0.09897401747564882, -0.16988363854204006, 0.001191424598392542, 0.13721304626280217], [-0.13633980251019356, 0.11935937915338847, 0.07782766841449967, 0.06854481500898747, 0.06822656083089859, 0.16707856184877048, -0.0243401461632072, 0.22152984944239149, 0.20234300162860241, 0.06229562049925624, -0.051813758418933015, -0.19252274859774876, -0.11119624983289719, 8.872002156438965, 0.03379995848395603, 0.15832144931869666, -0.0444553754889771, -0.15316319257535183], [-0.020711773651488997, 0.03996432394827909, 0.015093791797469057, 0.013011556891367872, 0.006664238679725234, 0.055195664103277926, -0.06074341612308632, 0.14023555591132786, 0.07737850394747958, 0.015089640719544956, -0.08114388018831123, -0.1512550932593332, -0.09897401747564882, 0.03379995848395603, 8.716256221931816, 0.06456095658453564, -0.02487518482311545, -0.06804113518123749], [-0.329230905595282, 0.14355417929449038, 0.1146954182754882, 0.07312325368529893, 0.09351147816477375, 0.2808114056294513, -0.008985770769904394, 0.2128729969674211, 0.2668894871228107, 0.09646045928594947, -0.10817285515859694, -0.2005461549476588, -0.16988363854204006, 0.15832144931869666, 0.06456095658453564, 11.69395798996015, 0.24083960815519687, -0.1399002503987624], [-0.13966080372158352, -0.04389305334574544, -0.015884524585643357, -0.076731614715451, 0.06961407615632677, 0.025737196975076388, -0.03921451727117083, -0.029059008149883138, 0.0013934738764559435, -0.04803756536971814, -0.017611924828370134, -0.09944136991066109, 0.001191424598392542, -0.0444553754889771, -0.02487518482311545, 0.24083960815519687, 8.735504519559843, 0.04013030068198863], [0.44078390768365044, -0.17008228841488043, -0.11864486805903901, -0.12326768500966859, -0.0926777732146598, -0.2081728498285593, -0.009194363389194998, -0.28532264505684757, -0.26932261212684827, -0.11119594137356308, 0.04774342017200252, 0.19679478292339042, 0.13721304626280217, -0.15316319257535183, -0.06804113518123749, -0.1399002503987624, 0.04013030068198863, 8.939092931755612]]",
    "monomial_list": "[1, x9, x8, x7, x6, x5, x4, x3, x2, x17, x16, x15, x14, x13, x12, x11, x10, x1]"
}