{
    "name": "Multiplier-2",
    "rational_expression": "4891*x1**2/625 + 35741*x1*x10/100000 + 21199*x1*x11/50000 + 26803*x1*x12/50000 + 1168*x1*x13/3125 + 18573*x1*x14/100000 - 8017*x1*x15/500000 + 47183*x1*x16/50000000 + 1827*x1*x17/10000 + 3781*x1*x2/5000 - 621*x1*x3/5000 + 3343*x1*x4/5000 + 5057*x1*x5/10000 + 3017*x1*x6/5000 + 4817*x1*x7/10000 + 5313*x1*x8/10000 + 1021*x1*x9/2500 - 183*x1/125 + 88979*x10**2/10000 - 11743*x10*x11/20000 + 13869*x10*x12/100000 - 33041*x10*x13/1000000 - 14927*x10*x14/250000 + 2411*x10*x15/3125000 + 26251*x10*x16/100000 - 7913*x10*x17/50000 + 15519*x10*x2/5000 - 4669*x10*x3/10000 - 7297*x10*x4/100000 + 3021*x10*x5/100000 - 4551*x10*x6/10000 + 1323*x10*x7/20000 - 1153*x10*x8/5000 + 2791*x10*x9/50000 + 5441*x10/10000 + 79317*x11**2/10000 - 16623*x11*x12/25000 - 65013*x11*x13/100000 - 631*x11*x14/3125 - 15779*x11*x15/100000 - 23077*x11*x16/100000 - 6077*x11*x17/12500 - 1681*x11*x2/1250 - 799*x11*x3/5000 - 1113*x11*x4/2500 - 801*x11*x5/1000 - 4481*x11*x6/10000 - 6099*x11*x7/10000 - 4471*x11*x8/10000 - 3331*x11*x9/5000 + 204*x11/125 + 82961*x12**2/10000 - 98991*x12*x13/100000 + 17013*x12*x14/100000 - 18171*x12*x15/50000 - 6909*x12*x16/50000 - 793*x12*x17/2000 + 6133*x12*x2/5000 - 723*x12*x3/2500 - 903*x12*x4/2000 - 607*x12*x5/1250 - 8937*x12*x6/10000 - 959*x12*x7/2500 - 469*x12*x8/2500 - 4977*x12*x9/10000 + 256*x12/125 + 79219*x13**2/10000 - 12683*x13*x14/50000 - 51993*x13*x15/100000 + 14059*x13*x16/100000 - 58619*x13*x17/100000 - 5973*x13*x2/50000 - 2559*x13*x3/5000 - 3533*x13*x4/10000 - 427*x13*x5/1000 - 2791*x13*x6/5000 - 1129*x13*x7/2500 - 2363*x13*x8/5000 - 5369*x13*x9/10000 + 216*x13/125 + 3407*x14**2/400 - 10173*x14*x15/10000 + 40151*x14*x16/100000 - 26091*x14*x17/100000 + 6291*x14*x2/5000 - 3209*x14*x3/10000 - 2353*x14*x4/10000 - 7051*x14*x5/100000 - 467*x14*x6/2000 - 479*x14*x7/2500 - 629*x14*x8/2000 + 139*x14*x9/62500 + 4321*x14/5000 + 76537*x15**2/10000 + 12583*x15*x16/100000 - 52243*x15*x17/100000 - 3639*x15*x2/10000 - 4959*x15*x3/10000 - 3723*x15*x4/10000 - 7157*x15*x5/100000 - 1093*x15*x6/2000 - 551*x15*x7/2500 - 697*x15*x8/5000 - 2133*x15*x9/10000 + 171*x15/125 + 43199*x16**2/5000 - 64767*x16*x17/100000 + 19019*x16*x2/10000 - 59*x16*x3/200 - 921*x16*x4/125000 - 8473*x16*x5/100000 - 2519*x16*x6/5000 + 1979*x16*x7/10000 - 3761*x16*x8/50000 + 1439*x16*x9/500000 + 1641*x16/2500 + 39219*x17**2/5000 - 80209*x17*x2/100000 - 6049*x17*x3/10000 - 4679*x17*x4/10000 - 3667*x17*x5/10000 - 467*x17*x6/1000 - 749*x17*x7/2000 - 3337*x17*x8/10000 - 1071*x17*x9/2500 + 216*x17/125 + 3513*x2**2/250 - 1081*x2*x3/500 - 5277*x2*x4/100000 + 647*x2*x5/2500 - 244*x2*x6/125 + 1053*x2*x7/1000 - 349*x2*x8/625 + 5831*x2*x9/10000 + 28*x2/25 + 7641*x3**2/1000 - 2417*x3*x4/10000 - x3*x5/4 + 1413*x3*x6/5000 - 419*x3*x7/1250 + 347*x3*x8/1250 - 2069*x3*x9/5000 + 8803*x3/100000 + 1709*x4**2/200 - 9427*x4*x5/10000 - 3499*x4*x6/10000 - 523*x4*x7/1250 - 3463*x4*x8/10000 - 343*x4*x9/1000 + 212*x4/125 + 63*x5**2/8 - 4717*x5*x6/10000 - 3169*x5*x7/5000 - 4467*x5*x8/10000 - 6041*x5*x9/10000 + 1841*x5/1000 + 8383*x6**2/1000 - 4597*x6*x7/5000 - 1791*x6*x8/5000 - 2893*x6*x9/5000 + 236*x6/125 + 7963*x7**2/1000 - 5471*x7*x8/10000 - 2087*x7*x9/5000 + 249*x7/125 + 333*x8**2/40 - 1163*x8*x9/1250 + 167*x8/125 + 3957*x9**2/500 + 1737*x9/1000 + 4001/1000",
    "Q": "[[4.000500725450221, 0.8686269180734753, 0.6678662443246619, 0.9949770850648317, 0.9448609164080525, 0.9192895854611803, 0.8497023923101843, 0.04585127655699367, 0.5608030931013375, 0.8652893383392952, 0.3284435599978246, 0.685556291151829, 0.43054710068038426, 0.8640486886873665, 1.0248423076991982, 0.8161154558249863, 0.2704266388479223, -0.7319005218422797], [0.8686269180734753, 7.914667270759433, -0.4681636870620362, -0.21196347973607307, -0.29045127893929074, -0.3027376045099966, -0.17008286903575098, -0.20553848411454462, 0.29415604747248886, -0.21030703955289684, 0.003668347931286949, -0.10291674257379634, -0.0025202467358522453, -0.2687026221900547, -0.25039799407403446, -0.33541309145776527, 0.027526843996595503, 0.20191975656514866], [0.6678662443246619, -0.4681636870620362, 8.324728878089074, -0.27203916785939547, -0.17511652509087278, -0.21956637916133503, -0.17022972502727157, 0.13519381367541233, -0.27762616255736045, -0.1671194811695775, -0.03512552918704731, -0.07183240553141183, -0.1603721198713892, -0.23387171109997845, -0.09451187999477842, -0.2196772491168784, -0.11721553754634524, 0.2634335020788126], [0.9949770850648317, -0.21196347973607307, -0.27203916785939547, 7.96267708409911, -0.4616748193614397, -0.3170999871385525, -0.20687080768263652, -0.17025012052382918, 0.5238986033831666, -0.18578137274239423, 0.09932517814689172, -0.11383167888572344, -0.09843491542292801, -0.22664296032977832, -0.19109260799489156, -0.3078889730685777, 0.036153859519182804, 0.24247106988265676], [0.9448609164080525, -0.29045127893929074, -0.17511652509087278, -0.4616748193614397, 8.383307885659903, -0.2335067324670873, -0.17293961309854083, 0.1448057573898787, -0.9759098494423558, -0.23768467436443658, -0.25150815739018567, -0.2750802569900271, -0.11441827622292657, -0.2775951928577084, -0.44381159351840216, -0.22761395682573946, -0.23123019166786155, 0.3030937053974369], [0.9192895854611803, -0.3027376045099966, -0.21956637916133503, -0.3170999871385525, -0.2335067324670873, 7.873899533987154, -0.4729364743423581, -0.12449629000406423, 0.125549478085664, -0.1802408317104772, -0.04324486961342278, -0.03876636789383654, -0.034033765107745875, -0.21483617720279286, -0.24467011217520113, -0.4024276095768571, 0.016894511211765398, 0.24985951323847364], [0.8497023923101843, -0.17008286903575098, -0.17022972502727157, -0.20687080768263652, -0.17293961309854083, -0.4729364743423581, 8.54489988048478, -0.12416219759578373, -0.022269018681657222, -0.2307463531163238, -0.0005980444075057993, -0.18179539553178578, -0.12164923719660443, -0.17887290428237612, -0.2219235697590724, -0.22058048635907473, -0.03691444234920597, 0.3360996116355143], [0.04585127655699367, -0.20553848411454462, 0.13519381367541233, -0.17025012052382918, 0.1448057573898787, -0.12449629000406423, -0.12416219759578373, 7.641493582800586, -1.0814496993774771, -0.304992440623281, -0.14648396804414124, -0.24673506430640493, -0.1610846275348438, -0.25675996542509116, -0.14606991604730368, -0.08024004391580043, -0.22981618779467922, -0.06254144725136383], [0.5608030931013375, 0.29415604747248886, -0.27762616255736045, 0.5238986033831666, -0.9759098494423558, 0.125549478085664, -0.022269018681657222, -1.0814496993774771, 14.051684401013919, -0.4039354547952591, 0.9514419446262582, -0.18754127010330837, 0.6345532915592532, -0.05463254591478534, 0.6069193997597051, -0.6727550253850794, 1.5580984390660508, 0.38301555601005655], [0.8652893383392952, -0.21030703955289684, -0.1671194811695775, -0.18578137274239423, -0.23768467436443658, -0.1802408317104772, -0.2307463531163238, -0.304992440623281, -0.4039354547952591, 7.844113931380918, -0.3279111651939552, -0.2599518394132203, -0.1332763832287522, -0.2927075770981118, -0.19562856907073634, -0.24313594843612069, -0.07936714215806716, 0.09356233807044011], [0.3284435599978246, 0.003668347931286949, -0.03512552918704731, 0.09932517814689172, -0.25150815739018567, -0.04324486961342278, -0.0005980444075057993, -0.14648396804414124, 0.9514419446262582, -0.3279111651939552, 8.63993267225906, 0.06666021086131965, 0.20444497936376935, 0.06795873741965894, -0.0697975754432895, -0.1127246613164066, 0.12838375237112548, -0.0006359199005815092], [0.685556291151829, -0.10291674257379634, -0.07183240553141183, -0.11383167888572344, -0.2750802569900271, -0.03876636789383654, -0.18179539553178578, -0.24673506430640493, -0.18754127010330837, -0.2599518394132203, 0.06666021086131965, 7.654419357064506, -0.5118788488769195, -0.2605121983497176, -0.1847727396040074, -0.07628669884447609, -0.0032865015361541326, -0.00603040922644188], [0.43054710068038426, -0.0025202467358522453, -0.1603721198713892, -0.09843491542292801, -0.11441827622292657, -0.034033765107745875, -0.12164923719660443, -0.1610846275348438, 0.6345532915592532, -0.1332763832287522, 0.20444497936376935, -0.5118788488769195, 8.518672531609212, -0.12429346724320303, 0.08552873583242591, -0.09918902561028792, -0.027810766857919122, 0.08940101697473533], [0.8640486886873665, -0.2687026221900547, -0.23387171109997845, -0.22664296032977832, -0.2775951928577084, -0.21483617720279286, -0.17887290428237612, -0.25675996542509116, -0.05463254591478534, -0.2927075770981118, 0.06795873741965894, -0.2605121983497176, -0.12429346724320303, 7.921636193835232, -0.497138660676055, -0.3245536047859127, -0.018916710241271173, 0.18846003349575208], [1.0248423076991982, -0.25039799407403446, -0.09451187999477842, -0.19109260799489156, -0.44381159351840216, -0.24467011217520113, -0.2219235697590724, -0.14606991604730368, 0.6069193997597051, -0.19562856907073634, -0.0697975754432895, -0.1847727396040074, 0.08552873583242591, -0.497138660676055, 8.29648168791824, -0.32918838432313346, 0.0683963274779823, 0.26581549865617526], [0.8161154558249863, -0.33541309145776527, -0.2196772491168784, -0.3078889730685777, -0.22761395682573946, -0.4024276095768571, -0.22058048635907473, -0.08024004391580043, -0.6727550253850794, -0.24313594843612069, -0.1127246613164066, -0.07628669884447609, -0.09918902561028792, -0.3245536047859127, -0.32918838432313346, 7.932478891689928, -0.2944481773937131, 0.21503203078263833], [0.2704266388479223, 0.027526843996595503, -0.11721553754634524, 0.036153859519182804, -0.23123019166786155, 0.016894511211765398, -0.03691444234920597, -0.22981618779467922, 1.5580984390660508, -0.07936714215806716, 0.12838375237112548, -0.0032865015361541326, -0.027810766857919122, -0.018916710241271173, 0.0683963274779823, -0.2944481773937131, 8.89890410945918, 0.18121026114568908], [-0.7319005218422797, 0.20191975656514866, 0.2634335020788126, 0.24247106988265676, 0.3030937053974369, 0.24985951323847364, 0.3360996116355143, -0.06254144725136383, 0.38301555601005655, 0.09356233807044011, -0.0006359199005815092, -0.00603040922644188, 0.08940101697473533, 0.18846003349575208, 0.26581549865617526, 0.21503203078263833, 0.18121026114568908, 7.826311387685299]]",
    "monomial_list": "[1, x9, x8, x7, x6, x5, x4, x3, x2, x17, x16, x15, x14, x13, x12, x11, x10, x1]"
}