{
    "name": "Multiplier-14",
    "rational_expression": "36003*x1**2/5000 + 6091*x1*x10/20000 + 15451*x1*x11/20000 + 13637*x1*x12/25000 + 31153*x1*x13/50000 - 26293*x1*x14/100000 + 1427*x1*x15/5000 - 6661*x1*x16/10000 + 1087*x1*x17/2500 + 7887*x1*x2/10000 + 4749*x1*x3/10000 + 1101*x1*x4/1250 + 7767*x1*x5/10000 + 9057*x1*x6/10000 + 1917*x1*x7/2500 + 8803*x1*x8/10000 + 267*x1*x9/400 - 833*x1/500 + 1077*x10**2/125 - 10203*x10*x11/25000 - 369*x10*x12/8000 + 7397*x10*x13/250000 - 11729*x10*x14/10000 + 3961*x10*x15/10000 - 32*x10*x16/125 - 1101*x10*x17/100000 + 261*x10*x2/2500 - 4619*x10*x3/100000 - 583*x10*x4/25000 - 533*x10*x5/50000 - 4787*x10*x6/50000 - 241*x10*x7/2000 - 1163*x10*x8/10000 - 7751*x10*x9/100000 + 1083*x10/12500 + 75717*x11**2/10000 - 46361*x11*x12/100000 - 43633*x11*x13/50000 + 2143*x11*x14/2000 - 513*x11*x15/1250 + 3381*x11*x16/10000 - 183*x11*x17/250 - 4009*x11*x2/5000 - 2033*x11*x3/2500 - 2369*x11*x4/5000 - 2409*x11*x5/2500 - 486*x11*x6/625 - 3261*x11*x7/5000 - 1439*x11*x8/2000 - 747*x11*x9/1000 + 2019*x11/1000 + 78501*x12**2/10000 - 7189*x12*x13/5000 + 199*x12*x14/100 - 1001*x12*x15/1000 - 4451*x12*x16/50000 - 56*x12*x17/125 - 1909*x12*x2/20000 - 623*x12*x3/5000 - 7677*x12*x4/10000 - 292*x12*x5/625 - 9147*x12*x6/10000 - 3123*x12*x7/5000 + 769*x12*x8/25000 - 6057*x12*x9/10000 + 2239*x12/1000 + 18833*x13**2/2500 - 1501*x13*x14/1250 - 3267*x13*x15/5000 + 3341*x13*x16/10000 - 739*x13*x17/1000 - 5029*x13*x2/10000 - 8081*x13*x3/10000 - 427*x13*x4/1250 - 6031*x13*x5/10000 - 5869*x13*x6/10000 - 3457*x13*x7/5000 - 2733*x13*x8/5000 - 8359*x13*x9/10000 + 863*x13/500 + 4021*x14**2/250 - 491*x14*x15/100 + 1177*x14*x16/500 - 261*x14*x17/200 + 2207*x14*x2/2500 - 477*x14*x3/1000 - 1943*x14*x4/1000 + 231*x14*x5/200 - 8047*x14*x6/10000 - 2117*x14*x7/5000 - 131*x14*x8/100 + 3179*x14*x9/10000 + 1519*x14/1000 + 6813*x15**2/1000 + 4921*x15*x16/10000 - 7961*x15*x17/10000 - 8513*x15*x2/10000 - 199*x15*x3/200 - 8423*x15*x4/100000 - 3871*x15*x5/10000 - 697*x15*x6/1000 - 1079*x15*x7/2500 - 1819*x15*x8/25000 - 1241*x15*x9/2000 + 793*x15/1000 + 7909*x16**2/1000 - 621*x16*x17/1000 + 569*x16*x2/500 + 7639*x16*x3/10000 - 3837*x16*x4/10000 + 2781*x16*x5/10000 - 3169*x16*x6/10000 + 403*x16*x7/1000 + 2957*x16*x8/10000 + 1623*x16*x9/5000 + 2131*x16/10000 + 1811*x17**2/250 - 6513*x17*x2/10000 - 1129*x17*x3/1000 - 4389*x17*x4/10000 - 5013*x17*x5/10000 - 721*x17*x6/1250 - 296*x17*x7/625 - 4747*x17*x8/10000 - 119*x17*x9/200 + 1779*x17/1000 + 3763*x2**2/500 - 1727*x2*x3/1000 - 2401*x2*x4/10000 - 4697*x2*x5/10000 - 2233*x2*x6/2500 - 1513*x2*x7/5000 - 67*x2*x8/80 - 196*x2*x9/625 + 803*x2/500 + 1689*x3**2/250 - 1181*x3*x4/5000 - 2627*x3*x5/5000 - 152*x3*x6/625 - 57*x3*x7/125 - 553*x3*x8/5000 - 5941*x3*x9/10000 + 28*x3/25 + 1669*x4**2/200 - 683*x4*x5/500 - 5871*x4*x6/100000 - 249*x4*x7/500 - 1973*x4*x8/10000 - 2283*x4*x9/5000 + 1599*x4/1000 + 1847*x5**2/250 - 56*x5*x6/125 - 127*x5*x7/125 - 3109*x5*x8/5000 - 4331*x5*x9/5000 + 1939*x5/1000 + 8049*x6**2/1000 - 37*x6*x7/40 - 413*x6*x8/1000 - 5383*x6*x9/10000 + 2279*x6/1000 + 1443*x7**2/200 - 1843*x7*x8/2500 - 4569*x7*x9/5000 + 1699*x7/1000 + 7699*x8**2/1000 - 71*x8*x9/50 + 1499*x8/1000 + 7319*x9**2/1000 + 853*x9/500 + 833/250",
    "Q": "[[3.3322722608010387, 0.8539023184906367, 0.7490687457875183, 0.849892513976196, 1.1408393041869958, 0.9695374328148664, 0.8001580258094538, 0.5596973836943059, 0.8028646278469972, 0.8883216825218956, 0.10541818647467269, 0.39711532626253987, 0.7610295557964672, 0.8623581500634192, 1.118244343924713, 1.008794870719825, 0.04237289566304607, -0.8320011139078204], [0.8539023184906367, 7.319379249554299, -0.7096735586840356, -0.4589982295530584, -0.2676000479162639, -0.43404976920622, -0.23117539865115477, -0.29731372862115635, -0.15446639266011822, -0.30069597067591347, 0.15871789718113116, -0.30660654158221734, 0.15949612623995602, -0.41473102128769823, -0.30504819433108804, -0.37137254609711523, -0.04201505624758408, 0.33055087905057234], [0.7490687457875183, -0.7096735586840356, 7.698962672516668, -0.36673218624026654, -0.2048515040546576, -0.309590506309137, -0.09530178778486278, -0.053629514895385526, -0.4203364738723448, -0.23472332972661805, 0.1468419634959844, -0.038699623266526234, -0.6540664480740997, -0.274236476405815, 0.011957713096149626, -0.36354441978082086, -0.057357591199116674, 0.44298952540798026], [0.849892513976196, -0.4589982295530584, -0.36673218624026654, 7.215244318674319, -0.4618968612071548, -0.510046035111196, -0.24713412275589672, -0.2289729863167562, -0.1510051512296568, -0.23992247471553182, 0.20172589346224892, -0.21241651123764896, -0.21313139040596987, -0.3488162954590406, -0.3141880429836873, -0.3283916207794592, -0.05966267774901262, 0.3860772889342213], [1.1408393041869958, -0.2676000479162639, -0.2048515040546576, -0.4618968612071548, 8.049388107170074, -0.2241080683071446, -0.029087696127004792, -0.1177187903525841, -0.44692094474824806, -0.2906929486011674, -0.15636158693028102, -0.3488831846025415, -0.40111528592465395, -0.2961405992584023, -0.45594110348276434, -0.3878917505784321, -0.049643655662629314, 0.4501576818942835], [0.9695374328148664, -0.43404976920622, -0.309590506309137, -0.510046035111196, -0.2241080683071446, 7.389074910628536, -0.680516649277788, -0.2613932868889299, -0.23571516182532123, -0.2508678542962696, 0.13904286373668717, -0.19642780855936876, 0.5758344551925385, -0.2998052407660681, -0.23239556100313724, -0.47978381972641604, -0.008221610335527875, 0.3917210438393583], [0.8001580258094538, -0.23117539865115477, -0.09530178778486278, -0.24713412275589672, -0.029087696127004792, -0.680516649277788, 8.344053833902475, -0.11871588005601776, -0.12273481673715046, -0.22335358745742892, -0.19248540203922715, -0.039448346535765094, -0.9701547680613459, -0.16871282469425652, -0.38565975696304766, -0.24037907626697927, -0.008832368723293111, 0.4375897212793105], [0.5596973836943059, -0.29731372862115635, -0.053629514895385526, -0.2289729863167562, -0.1177187903525841, -0.2613932868889299, -0.11871588005601776, 6.754784676368319, -0.8646356874391379, -0.5679830117985113, 0.3819162418242295, -0.500915328185476, -0.24085654529561004, -0.40420203843716396, -0.06115463405285736, -0.4046072633180231, -0.020490119046405905, 0.23576764092642072], [0.8028646278469972, -0.15446639266011822, -0.4203364738723448, -0.1510051512296568, -0.44692094474824806, -0.23571516182532123, -0.12273481673715046, -0.8646356874391379, 7.526168118484212, -0.32753613597920744, 0.5657785072120827, -0.4227372185923411, 0.44473849271134314, -0.2505757813797993, -0.04700927231940336, -0.3986889488332443, 0.053357793864384086, 0.3950259431034601], [0.8883216825218956, -0.30069597067591347, -0.23472332972661805, -0.23992247471553182, -0.2906929486011674, -0.2508678542962696, -0.22335358745742892, -0.5679830117985113, -0.32753613597920744, 7.247140415023459, -0.31198419418515766, -0.39663757100979274, -0.6483532565673102, -0.3686953643307817, -0.2205330481638012, -0.3673908984521142, -0.008302282922704147, 0.21391114279282664], [0.10541818647467269, 0.15871789718113116, 0.1468419634959844, 0.20172589346224892, -0.15636158693028102, 0.13904286373668717, -0.19248540203922715, 0.3819162418242295, 0.5657785072120827, -0.31198419418515766, 7.908577357260175, 0.24781556337057842, 1.1774080523989714, 0.167734607850299, -0.04618703467325485, 0.1721085831747023, -0.12560855257608747, -0.3337599488916203], [0.39711532626253987, -0.30660654158221734, -0.038699623266526234, -0.21241651123764896, -0.3488831846025415, -0.19642780855936876, -0.039448346535765094, -0.500915328185476, -0.4227372185923411, -0.39663757100979274, 0.24781556337057842, 6.8134844520868, -2.4549122771000267, -0.32582847586259456, -0.5005934415856355, -0.2043819003927915, 0.19550755325929617, 0.14317207640888815], [0.7610295557964672, 0.15949612623995602, -0.6540664480740997, -0.21313139040596987, -0.40111528592465395, 0.5758344551925385, -0.9701547680613459, -0.24085654529561004, 0.44473849271134314, -0.6483532565673102, 1.1774080523989714, -2.4549122771000267, 16.082329486274755, -0.6035954960226361, 1.0007636687470862, 0.5425968055943897, -0.5818176244129959, -0.13583253893354896], [0.8623581500634192, -0.41473102128769823, -0.274236476405815, -0.3488162954590406, -0.2961405992584023, -0.2998052407660681, -0.16871282469425652, -0.40420203843716396, -0.2505757813797993, -0.3686953643307817, 0.167734607850299, -0.32582847586259456, -0.6035954960226361, 7.532960470492977, -0.7232545858940529, -0.436646132180349, 0.013576773591377203, 0.31218705541708575], [1.118244343924713, -0.30504819433108804, 0.011957713096149626, -0.3141880429836873, -0.45594110348276434, -0.23239556100313724, -0.38565975696304766, -0.06115463405285736, -0.04700927231940336, -0.2205330481638012, -0.04618703467325485, -0.5005934415856355, 1.0007636687470862, -0.7232545858940529, 7.849715575970933, -0.23191219456632403, -0.020378866051919804, 0.277071610647729], [1.008794870719825, -0.37137254609711523, -0.36354441978082086, -0.3283916207794592, -0.3878917505784321, -0.47978381972641604, -0.24037907626697927, -0.4046072633180231, -0.3986889488332443, -0.3673908984521142, 0.1721085831747023, -0.2043819003927915, 0.5425968055943897, -0.436646132180349, -0.23191219456632403, 7.567281254689708, -0.20533390152668934, 0.390922545401444], [0.04237289566304607, -0.04201505624758408, -0.057357591199116674, -0.05966267774901262, -0.049643655662629314, -0.008221610335527875, -0.008832368723293111, -0.020490119046405905, 0.053357793864384086, -0.008302282922704147, -0.12560855257608747, 0.19550755325929617, -0.5818176244129959, 0.013576773591377203, -0.020378866051919804, -0.20533390152668934, 8.616200136779021, 0.15469258483283554], [-0.8320011139078204, 0.33055087905057234, 0.44298952540798026, 0.3860772889342213, 0.4501576818942835, 0.3917210438393583, 0.4375897212793105, 0.23576764092642072, 0.3950259431034601, 0.21391114279282664, -0.3337599488916203, 0.14317207640888815, -0.13583253893354896, 0.31218705541708575, 0.277071610647729, 0.390922545401444, 0.15469258483283554, 7.199283652290093]]",
    "monomial_list": "[1, x9, x8, x7, x6, x5, x4, x3, x2, x17, x16, x15, x14, x13, x12, x11, x10, x1]"
}