{
    "name": "Total Decomposition",
    "rational_expression": "14387*x1**4/5000 - 12451*x1**3*x2/50000 - 10999*x1**3/2500 + 5777*x1**2*x2**2/1000 - 20091*x1**2*x2/5000 + 80041*x1**2/10000 - 3111*x1*x2**3/12500 - 9831*x1*x2**2/2500 - 603*x1*x2/125 + 17557*x1/10000 + 28943*x2**4/10000 - 45491*x2**3/10000 + 28647*x2**2/5000 + 2343*x2/4000 + 1591/125",
    "Q": "[[12.728174082815, 0.2956524109575685, 0.879934252057112, -0.5009681572442135, -2.527979158650372, 0.24801951821214016], [0.2956524109575685, 6.7230821287906855, 0.1210964734918536, -2.27254775790105, -1.2242267226043952, -0.5774096337699299], [0.879934252057112, 0.1210964734918536, 7.520313669988944, -0.7391460081772968, -1.4272266348013876, -2.197444660682757], [-0.5009681572442135, -2.27254775790105, -0.7391460081772968, 2.893247471270871, -0.12549585480770165, 0.2715350840860555], [-2.527979158650372, -1.2242267226043952, -1.4272266348013876, -0.12549585480770165, 5.226504994617078, -0.12549585480770076], [0.24801951821214016, -0.5774096337699299, -2.197444660682757, 0.2715350840860555, -0.12549585480770076, 2.8763276915565483]]",
    "monomial_list": "[1, x2, x1, x2**2, x1*x2, x1**2]"
}