{
    "name": "Total Decomposition",
    "rational_expression": "363*x1**4/10000 - 2789*x1**3*x2/500000 - 959*x1**3/2500 + 2303*x1**2*x2**2/5000 - 2627*x1**2*x2/10000 + 239*x1**2/200 - 1077*x1*x2**3/100000 - 2007*x1*x2**2/5000 + 4077*x1*x2/100000 - 1499*x1/200000 + 4777*x2**4/10000 - 2489*x2**3/10000 + 299*x2**2/200 - 108*x2/625 + 1253/1000",
    "Q": "[[1.2529281946501616, -0.08641651065785479, -0.00387857388008734, 0.3123029038969961, -0.05768830600975106, -0.02556234285394959], [-0.08641651065785479, 0.8710114559192585, 0.07770023219712291, -0.12420121194052013, -0.09915914019799157, -0.01241844293067613], [-0.00387857388008734, 0.07770023219712291, 1.2451941515295806, -0.10219446923382548, -0.11963756293310075, -0.1914285036916554], [0.3123029038969961, -0.12420121194052013, -0.10219446923382548, 0.47771154954183226, -0.00552440975309131, 0.00852325581692418], [-0.05768830600975106, -0.09915914019799157, -0.11963756293310075, -0.00552440975309131, 0.44307869276214334, -0.0024820960313047345], [-0.02556234285394959, -0.01241844293067613, -0.1914285036916554, 0.00852325581692418, -0.0024820960313047345, 0.03616297276442886]]",
    "monomial_list": "[1, x2, x1, x2**2, x1*x2, x1**2]"
}