{
    "name": "Total Decomposition",
    "rational_expression": "3539*x1**4/100000 - 1251*x1**3*x2/250000 - 3703*x1**3/10000 + 1107*x1**2*x2**2/2500 - 51*x1**2*x2/200 + 139*x1**2/125 - 557*x1*x2**3/50000 - 3889*x1*x2**2/10000 + 3187*x1*x2/100000 - 133*x1/5000 + 4609*x2**4/10000 - 2387*x2**3/10000 + 289*x2**2/200 - 1523*x2/10000 + 1209/1000",
    "Q": "[[1.208829995014704, -0.07590800233600756, -0.013394001921379399, 0.30176841947062755, -0.057105475394216294, -0.026295040835475434], [-0.07590800233600756, 0.8407617151445919, 0.07260640738598247, -0.11918988158212313, -0.09655017581170604, -0.012024402528206888], [-0.013394001921379399, 0.07260640738598247, 1.1648521847347706, -0.09760459605433805, -0.11529063763576984, -0.18455190108480107], [0.30176841947062755, -0.11918988158212313, -0.09760459605433805, 0.46073262171232454, -0.005550663230437277, 0.007871504605157011], [-0.057105475394216294, -0.09655017581170604, -0.11529063763576984, -0.005550663230437277, 0.4265288370138634, -0.002383152316595207], [-0.026295040835475434, -0.012024402528206888, -0.18455190108480107, 0.007871504605157011, -0.002383152316595207, 0.03481018714532865]]",
    "monomial_list": "[1, x2, x1, x2**2, x1*x2, x1**2]"
}