{
    "name": "Total Decomposition",
    "rational_expression": "1073*x1**4/2500 - 1251*x1**3*x2/10000 - 1051*x1**3/1000 + 503*x1**2*x2**2/500 - 8737*x1**2*x2/10000 + 613*x1**2/500 - 1161*x1*x2**3/12500 - 1089*x1*x2**2/1000 - 4589*x1*x2/10000 - 989*x1/2000 + 359*x2**4/625 - 9513*x2**3/10000 + 1367*x2**2/1000 - 6071*x2/10000 + 306/125",
    "Q": "[[2.4480106964096398, -0.30301817124670183, -0.2472258237336332, 0.0029571322605285773, -0.511438056321912, -0.11921099859664308], [-0.30301817124670183, 1.3619597476775476, 0.2826936411746029, -0.4762811991617332, -0.2756214935089274, -0.16821247398534434], [-0.2472258237336332, 0.2826936411746029, 1.466335299317782, -0.2698198789442393, -0.2691154989853625, -0.5256586638410661], [0.0029571322605285773, -0.4762811991617332, -0.2698198789442393, 0.5746325461666053, -0.04599486597448009, 0.09961394956541986], [-0.511438056321912, -0.2756214935089274, -0.2691154989853625, -0.04599486597448009, 0.8065446437607191, -0.0624668318223144], [-0.11921099859664308, -0.16821247398534434, -0.5256586638410661, 0.09961394956541986, -0.0624668318223144, 0.4291832461361463]]",
    "monomial_list": "[1, x2, x1, x2**2, x1*x2, x1**2]"
}