{
    "name": "Total Decomposition",
    "rational_expression": "77551*x1**4/10000 - 6447*x1**3*x2/1250 - 3803*x1**3/1000 + 5051*x1**2*x2**2/250 - 12*x1**2*x2/5 + 4343*x1**2/500 - 4311*x1*x2**3/500 - 4967*x1*x2**2/500 + 2393*x1*x2/250 + 231*x1/125 + 9371*x2**4/1000 - 699*x2**3/250 + 1377*x2**2/200 - 3461*x2/1000 + 8401/1000",
    "Q": "[[8.400710192089425, -1.7302689747047866, 0.9271596123809311, -1.2713839073822697, 2.869475692260141, -0.6666695718202243], [-1.7302689747047866, 9.422158438702553, 1.9121304252730218, -1.397773735924416, -2.346764516480933, -1.0389324736807342], [0.9271596123809311, 1.9121304252730218, 10.014516458296916, -2.6156427962518185, -0.15587334395496677, -1.9031076580837931], [-1.2713839073822697, -1.397773735924416, -2.6156427962518185, 9.371350504798516, -4.309450550950919, 2.7524248297310963], [2.869475692260141, -2.346764516480933, -0.15587334395496677, -4.309450550950919, 14.687246815407073, -2.5761835162345164], [-0.6666695718202243, -1.0389324736807342, -1.9031076580837931, 2.7524248297310963, -2.5761835162345164, 7.753017276052873]]",
    "monomial_list": "[1, x2, x1, x2**2, x1*x2, x1**2]"
}