{
    "name": "Total Decomposition",
    "rational_expression": "303*x1**4/5000 + 391*x1**3*x2/50000 - 451*x1**3/100000 + 151*x1**2*x2**2/5000 + 199*x1**2*x2/10000 + 657*x1**2/10000 + 227*x1*x2**3/50000 - 81*x1*x2**2/20000 + 7*x1*x2/500 + 337*x1/50000 + 869*x2**4/100000 + 17*x2**3/1250 - 13*x2**2/500 - 107*x2/5000 + 281/1000",
    "Q": "[[0.2811764889688353, -0.010707538724356112, 0.003247573693435847, -0.031227721607369658, 0.0004922437576782244, -0.02276311407438024], [-0.010707538724356112, 0.036797361804849466, 0.006510246996668549, 0.0068832322804834815, -0.0017010289707374312, -0.0009806383483456345], [0.003247573693435847, 0.006510246996668549, 0.11172923616495897, -0.0003544338433361796, 0.010971538533096964, -0.0022428155310371097], [-0.031227721607369658, 0.0068832322804834815, -0.0003544338433361796, 0.008430635412030022, 0.002095391106906283, -0.002515565780713722], [0.0004922437576782244, -0.0017010289707374312, 0.010971538533096964, 0.002095391106906283, 0.03595343398682524, 0.004134134040370069], [-0.02276311407438024, -0.0009806383483456345, -0.0022428155310371097, -0.002515565780713722, 0.004134134040370069, 0.059907487278764375]]",
    "monomial_list": "[1, x2, x1, x2**2, x1*x2, x1**2]"
}