{
    "name": "Total Decomposition",
    "rational_expression": "139*x1**4/2000 + 241*x1**3*x2/50000 + 149*x1**3/20000 + 29*x1**2*x2**2/1000 - 243*x1**2*x2/100000 + 319*x1**2/5000 + 107*x1*x2**3/50000 + 901*x1*x2**2/100000 + 183*x1*x2/20000 - 26*x1/3125 + 463*x2**4/50000 - 9*x2**3/6250 - 13*x2**2/400 + 7*x2/2500 + 347/1000",
    "Q": "[[0.34692185742311576, 0.001536245655055583, -0.0042903689048324825, -0.03688931937413541, 8.300422641881353e-05, -0.03175644408417176], [0.001536245655055583, 0.04071064105671932, 0.004524733954233984, -0.0007171181794657165, 0.0032160333718324447, 0.00017246368630368498], [-0.0042903689048324825, 0.004524733954233984, 0.12789906310127291, 0.001239257394785133, -0.0014344410462434614, 0.003790988663093943], [-0.03688931937413541, -0.0007171181794657165, 0.001239257394785133, 0.009218949293612435, 0.001050895304067181, -0.005152324171572903], [8.300422641881353e-05, 0.0032160333718324447, -0.0014344410462434614, 0.001050895304067181, 0.039234558301716224, 0.002377005791047368], [-0.03175644408417176, 0.00017246368630368498, 0.003790988663093943, -0.005152324171572903, 0.002377005791047368, 0.06920777698875381]]",
    "monomial_list": "[1, x2, x1, x2**2, x1*x2, x1**2]"
}