{
    "name": "Total Decomposition",
    "rational_expression": "41*x1**4/500 + 67*x1**3*x2/2500 + 719*x1**3*x3/10000 - 269*x1**3/1000 + 3*x1**2*x2**2/200 + 27*x1**2*x2*x3/2000 - 23*x1**2*x2/125 + 247*x1**2*x3**2/2500 - 23*x1**2*x3/100 + 163*x1**2/250 - x1*x2**3/50 - 163*x1*x2**2*x3/10000 - 11*x1*x2**2/1000 - 169*x1*x2*x3**2/10000 - 363*x1*x2*x3/100000 + 167*x1*x2/500 + 171*x1*x3**3/10000 - 121*x1*x3**2/1000 + 293*x1*x3/1000 - 109*x1/200 + 151*x2**4/25000 - 351*x2**3*x3/100000 - 61*x2**3/5000 + 107*x2**2*x3**2/10000 + 119*x2**2*x3/10000 + 16*x2**2/125 - 59*x2*x3**3/5000 - 141*x2*x3**2/10000 + 229*x2*x3/2500 - 213*x2/1000 + 783*x3**4/100000 - 151*x3**3/2500 + 279*x3**2/1000 - 199*x3/1000 + 163/1000",
    "Q": "[[0.1627399037355636, -0.09971495034150044, -0.10646127028035172, -0.27248397527741564, 0.018317955586539626, -0.006773957755784016, 0.027011078608540028, -0.0008435388614867936, 0.03023253815940492, 0.060017844078231866], [-0.09971495034150044, 0.2417501874836096, 0.05254675813967158, 0.11970360350689696, -0.030141525513795824, 0.004239032511305636, -0.034296277346577156, 0.003119750134507074, -0.013965472875956812, -0.04244163001508266], [-0.10646127028035172, 0.05254675813967158, 0.12949696958144746, 0.13697911360470846, -0.011229208262374545, 0.0029083424185661496, -0.0012856991866209014, -0.0060545776120247705, -0.018297203803708022, -0.028786765293391317], [-0.27248397527741564, 0.11970360350689696, 0.13697911360470846, 0.5318497557841965, -0.026522650957437433, 0.013313366679827621, -0.07255626685303694, 0.012667296785898239, -0.06304971720717598, -0.1342839115102574], [0.018317955586539626, -0.030141525513795824, -0.011229208262374545, -0.026522650957437433, 0.007725989423772192, -0.00576411274949828, 0.008457689939771276, -0.00032382350551475304, 0.004533443842466156, 0.0084355518510147], [-0.006773957755784016, 0.004239032511305636, 0.0029083424185661496, 0.013313366679827621, -0.00576411274949828, 0.011194583110446101, -0.013072001714676991, -0.0017986560530659488, -0.00015945129774858118, -0.001845865703974367], [0.027011078608540028, -0.034296277346577156, -0.0012856991866209014, -0.07255626685303694, 0.008457689939771276, -0.013072001714676991, 0.0822046634337027, -0.0077123930184176456, 0.008395135600622954, 0.03565394889077259], [-0.0008435388614867936, 0.003119750134507074, -0.0060545776120247705, 0.012667296785898239, -0.00032382350551475304, -0.0017986560530659488, -0.0077123930184176456, 0.005981858288337817, -0.009856930869042987, -0.00970423570081224], [0.03023253815940492, -0.013965472875956812, -0.018297203803708022, -0.06304971720717598, 0.004533443842466156, -0.00015945129774858118, 0.008395135600622954, -0.009856930869042987, 0.034104560275757805, 0.01348352304217704], [0.060017844078231866, -0.04244163001508266, -0.028786765293391317, -0.1342839115102574, 0.0084355518510147, -0.001845865703974367, 0.03565394889077259, -0.00970423570081224, 0.01348352304217704, 0.0816584728909083]]",
    "monomial_list": "[1, x3, x2, x1, x3**2, x2*x3, x1*x3, x2**2, x1*x2, x1**2]"
}