{
    "name": "Total Decomposition",
    "rational_expression": "643*x1**4/10000 + 199*x1**3*x2/10000 + 287*x1**3*x3/5000 - 117*x1**3/500 + 67*x1**2*x2**2/5000 + 109*x1**2*x2*x3/10000 - 4*x1**2*x2/25 + 409*x1**2*x3**2/5000 - 211*x1**2*x3/1000 + 76*x1**2/125 - 107*x1*x2**3/5000 - 139*x1*x2**2*x3/10000 + 43*x1*x2**2/2500 - 11*x1*x2*x3**2/625 + 107*x1*x2*x3/10000 + 221*x1*x2/1000 + 141*x1*x3**3/10000 - 929*x1*x3**2/10000 + 43*x1*x3/200 - 29*x1/50 + 159*x2**4/25000 - 177*x2**3*x3/50000 - 953*x2**3/100000 + 53*x2**2*x3**2/5000 + 13*x2**2*x3/1250 + 51*x2**2/500 - 23*x2*x3**3/2000 - 8*x2*x3**2/625 + 177*x2*x3/2500 - 17*x2/100 + 739*x3**4/100000 - 277*x3**3/5000 + 33*x3**2/125 - 157*x3/1000 + 209/1000",
    "Q": "[[0.20883642727216725, -0.07863616869785026, -0.08493783042128779, -0.2896938756759296, 0.016183421866880446, -0.00777089379682813, 0.03487189167595499, -0.006838937947210954, 0.03260890926405181, 0.0645402748768113], [-0.07863616869785026, 0.2311860150381176, 0.0433679176713707, 0.07304398667654419, -0.027583483330022574, 0.0028733147236039243, -0.02712030822608363, 0.003269920576782111, -0.008034798347110522, -0.03405154265964167], [-0.08493783042128779, 0.0433679176713707, 0.11638245635502747, 0.0778371443361374, -0.009373418116860729, 0.0019125674108794325, 0.0006080316528054891, -0.004844091775362939, -0.012238786029356914, -0.021847707802543425], [-0.2896938756759296, 0.07304398667654419, 0.0778371443361374, 0.4788568778779454, -0.019394878889690038, 0.01276025790271517, -0.07175432130289519, 0.020697392893599363, -0.057657345956564576, -0.11672068923185507], [0.016183421866880446, -0.027583483330022574, -0.009373418116860729, -0.019394878889690038, 0.007367477019531383, -0.005743922301547808, 0.007034134263595109, -0.00040165706579877277, 0.003486290799814491, 0.006827472446257735], [-0.00777089379682813, 0.0028733147236039243, 0.0019125674108794325, 0.01276025790271517, -0.005743922301547808, 0.011512944445091567, -0.012380304125258205, -0.0017963724874961104, 0.0003001011797044832, -0.0017336942850260798], [0.03487189167595499, -0.02712030822608363, 0.0006080316528054891, -0.07175432130289519, 0.007034134263595109, -0.012380304125258205, 0.06870081178044146, -0.007221649162854923, 0.0071381184589600615, 0.02876261425377856], [-0.006838937947210954, 0.003269920576782111, -0.004844091775362939, 0.020697392893599363, -0.00040165706579877277, -0.0017963724874961104, -0.007221649162854923, 0.006368591521357198, -0.010657371918749908, -0.00921157729302491], [0.03260890926405181, -0.008034798347110522, -0.012238786029356914, -0.057657345956564576, 0.003486290799814491, 0.0003001011797044832, 0.0071381184589600615, -0.010657371918749908, 0.03151440551523058, 0.010161390588881434], [0.0645402748768113, -0.03405154265964167, -0.021847707802543425, -0.11672068923185507, 0.006827472446257735, -0.0017336942850260798, 0.02876261425377856, -0.00921157729302491, 0.010161390588881434, 0.0641822530919331]]",
    "monomial_list": "[1, x3, x2, x1, x3**2, x2*x3, x1*x3, x2**2, x1*x2, x1**2]"
}