{
    "name": "Total Decomposition",
    "rational_expression": "3897*x1**4/250 - 28457*x1**3*x2/100000 - 857*x1**3/50 + 31773*x1**2*x2**2/1000 - 9051*x1**2*x2/2500 + 5971*x1**2/200 - 13179*x1*x2**3/50000 - 8987*x1*x2**2/500 + 11159*x1*x2/2000 + 2816*x1/125 + 16191*x2**4/1000 - 8709*x2**3/2000 + 30569*x2**2/1000 + 11387*x2/1250 + 10167/250",
    "Q": "[[40.6680034483869, 4.57486924796815, 11.265836223420928, 1.6369613981772788, -0.009543803249769165, -1.1077352932041038], [4.57486924796815, 27.321622656455606, 2.79289197024933, -2.16163930053627, -5.884776420880297, -0.9319312403574933], [11.265836223420928, 2.79289197024933, 32.05268895343695, -3.1143378056643183, -0.8995510072937845, -8.569084763254619], [1.6369613981772788, -2.16163930053627, -3.1143378056643183, 16.190019206950225, -0.13097040220279274, 2.432481311781883], [-0.009543803249769165, -5.884776420880297, -0.8995510072937845, -0.13097040220279274, 26.91205376811894, -0.13097040220279274], [-1.1077352932041038, -0.9319312403574933, -8.569084763254619, 2.432481311781883, -0.13097040220279274, 15.586997184746235]]",
    "monomial_list": "[1, x2, x1, x2**2, x1*x2, x1**2]"
}