{
    "name": "Total Decomposition",
    "rational_expression": "913*x1**4/250000 - 257*x1**3*x2/25000 - 39*x1**3/800 + 174*x1**2*x2**2/625 - 3703*x1**2*x2/10000 + 2093*x1**2/5000 - 3403*x1*x2**3/100000 - 3031*x1*x2**2/10000 - 1647*x1*x2/5000 - 1317*x1/5000 + 2733*x2**4/10000 - 759*x2**3/2000 + 561*x2**2/500 - 1643*x2/5000 + 163/125",
    "Q": "[[1.303971981654858, -0.16439909449014967, -0.13175476654270687, 0.2319828516822334, -0.1821208485411399, 0.015981241042362867], [-0.16439909449014967, 0.6581251864932393, 0.018164941178353343, -0.19015503326919928, -0.07127199411123683, 0.0012319606982355235], [-0.13175476654270687, 0.018164941178353343, 0.3869100292923314, -0.08032678236410848, -0.18619314745205454, -0.024419487866461514], [0.2319828516822334, -0.19015503326919928, -0.08032678236410848, 0.27316238129134507, -0.01678420236155006, 0.0072098368771707135], [-0.1821208485411399, -0.07127199411123683, -0.18619314745205454, -0.01678420236155006, 0.2640167242941879, -0.005263465168892628], [0.015981241042362867, 0.0012319606982355235, -0.024419487866461514, 0.0072098368771707135, -0.005263465168892628, 0.003800555440454817]]",
    "monomial_list": "[1, x2, x1, x2**2, x1*x2, x1**2]"
}