{
    "name": "Multiplier-1",
    "rational_expression": "519*x1**2/250 + 3427*x1*x2/1000 + 877*x1*x3/200 + 3051*x1*x4/1000 + 2669*x1*x5/1000 + 1417*x1*x6/1000 + 311*x1*x7/250 - 2657*x1*x8/10000 + 791*x1/500 + 6919*x2**2/1000 + 2059*x2*x3/100 + 851*x2*x4/50 + 269*x2*x5/25 + 1797*x2*x6/500 + 483*x2*x7/2500 - 251*x2*x8/250 + 799*x2/200 + 1883*x3**2/100 + 874*x3*x4/25 + 438*x3*x5/25 + 1191*x3*x6/250 - 4907*x3*x7/5000 - 69*x3*x8/40 + 1001*x3/200 + 1881*x4**2/100 + 1587*x4*x5/100 + 2027*x4*x6/500 - 1769*x4*x7/1000 - 1559*x4*x8/1000 + 1857*x4/500 + 5739*x5**2/1000 + 509*x5*x6/125 + 1119*x5*x7/1000 - 79*x5*x8/80 + 2407*x5/500 + 206*x6**2/125 + 801*x6*x7/500 - 4903*x6*x8/10000 + 432*x6/125 + 1777*x7**2/1000 - 3301*x7*x8/10000 + 839*x7/250 + 501*x8**2/500 + 1773*x8/1000 + 5611/1000",
    "Q": "[[5.610585078259703, 0.8837629755257602, 1.6773650033412235, 1.7274157747707781, 2.4097272679243362, 1.854319032282324, 2.501038999821071, 1.9990088275469258, 0.7893938676904784], [0.8837629755257602, 1.0005542679660335, -0.16523076034543788, -0.24621937195271246, -0.4943492388764107, -0.7805149430006606, -0.8634912922303729, -0.5024961531648366, -0.13314022923430802], [1.6773650033412235, -0.16523076034543788, 1.777802944603002, 0.7998618109878303, 0.5595318205619152, -0.8875682660967016, -0.4940786971718804, 0.09567892772929572, 0.6207273834250961], [1.7274157747707781, -0.24621937195271246, 0.7998618109878303, 1.649128822806216, 2.037064452149183, 2.028466917552865, 2.3834865837431414, 1.7987073793101138, 0.7076577927714117], [2.4097272679243362, -0.4943492388764107, 0.5595318205619152, 2.037064452149183, 5.737279172182187, 7.931891576363015, 8.756408126741757, 5.379639926595464, 1.335545185832967], [1.854319032282324, -0.7805149430006606, -0.8875682660967016, 2.028466917552865, 7.931891576363015, 18.812143303929293, 17.482711033996555, 8.510759110679512, 1.5254661217296073], [2.501038999821071, -0.8634912922303729, -0.4940786971718804, 2.3834865837431414, 8.756408126741757, 17.482711033996555, 18.832607608983835, 10.297179042512937, 2.1922148413507903], [1.9990088275469258, -0.5024961531648366, 0.09567892772929572, 1.7987073793101138, 5.379639926595464, 8.510759110679512, 10.297179042512937, 6.922075470436763, 1.7139894902345676], [0.7893938676904784, -0.13314022923430802, 0.6207273834250961, 0.7076577927714117, 1.335545185832967, 1.5254661217296073, 2.1922148413507903, 1.7139894902345676, 2.075047213623333]]",
    "monomial_list": "[1, x8, x7, x6, x5, x4, x3, x2, x1]"
}