{
    "name": "Multiplier-5",
    "rational_expression": "821*x1**2/100000 - 21*x1*x2/10000 - 163*x1*x3/100000 - 237*x1*x4/100000 - 151*x1*x5/100000 - 107*x1*x6/50000 - 123*x1*x7/50000 - 101*x1*x8/250000 + 123*x1/20000 + 109*x2**2/12500 + 231*x2*x3/50000 + 59*x2*x4/20000 + 187*x2*x5/250000 - 23*x2*x6/20000 - 109*x2*x7/50000 - 139*x2*x8/250000 - 3*x2/500 + 61*x3**2/5000 + 209*x3*x4/25000 + 273*x3*x5/100000 - 419*x3*x6/1000000 - 241*x3*x7/100000 - 379*x3*x8/500000 - 161*x3/10000 + 21*x4**2/2000 + 6*x4*x5/3125 - 109*x4*x6/100000 - 7*x4*x7/2500 - 393*x4*x8/500000 - 119*x4/10000 + 147*x5**2/10000 - 779*x5*x6/1000000 - 77*x5*x7/50000 - 183*x5*x8/500000 - 163*x5/20000 + 829*x6**2/100000 - 157*x6*x7/100000 - 3*x6*x8/10000 + 31*x6/10000 + 859*x7**2/100000 - 117*x7*x8/500000 + 9*x7/1250 + 81*x8**2/10000 + 19*x8/10000 + 1/40",
    "Q": "[[0.024857071247222702, 0.0009578954280890434, 0.003586042641496757, 0.001537241712198702, -0.004062797627957916, -0.005904104822758944, -0.007995687209693736, -0.002983492602885905, 0.003064051881449457], [0.0009578954280890434, 0.008308388337463344, -0.00012604620908033157, -0.00015943465145626103, -0.00018314310178500426, -0.00039444634399088657, -0.0003720196682938451, -0.00028029654703224977, -0.00021420097272132122], [0.003586042641496757, -0.00012604620908033157, 0.008964475675977497, -0.0008319520078409038, -0.0007762631372656779, -0.0014213534981618184, -0.0012037968235978271, -0.001119673499287596, -0.0013132584253518816], [0.001537241712198702, -0.00015943465145626103, -0.0008319520078409038, 0.008480576133449057, -0.00039475333840320424, -0.0005418633810393416, -0.0001982244380143467, -0.0005775267838332025, -0.001098445709567555], [-0.004062797627957916, -0.00018314310178500426, -0.0007762631372656779, -0.00039475333840320424, 0.01507659812094157, 0.0009604090151075744, 0.0013595978382812434, 0.00036955785015171634, -0.0007662603113197968], [-0.005904104822758944, -0.00039444634399088657, -0.0014213534981618184, -0.0005418633810393416, 0.0009604090151075744, 0.01087345077246919, 0.004260370032579193, 0.0015035602858134633, -0.00120424434785052], [-0.007995687209693736, -0.0003720196682938451, -0.0012037968235978271, -0.0001982244380143467, 0.0013595978382812434, 0.004260370032579193, 0.01253703367346232, 0.00235960000971564, -0.0008071487386024945], [-0.002983492602885905, -0.00028029654703224977, -0.001119673499287596, -0.0005775267838332025, 0.00036955785015171634, 0.0015035602858134633, 0.00235960000971564, 0.009053247733481337, -0.001082573060371236], [0.003064051881449457, -0.00021420097272132122, -0.0013132584253518816, -0.001098445709567555, -0.0007662603113197968, -0.00120424434785052, -0.0008071487386024945, -0.001082573060371236, 0.008709747753956908]]",
    "monomial_list": "[1, x8, x7, x6, x5, x4, x3, x2, x1]"
}