{
    "name": "Multiplier-2",
    "rational_expression": "6638*x1**2/125 + 10301*x1*x10/100000 - 12281*x1*x11/25000 - 2371*x1*x12/12500 - 19761*x1*x13/50000 + 8861*x1*x2/50000 - 49649*x1*x3/100000 + 5127*x1*x4/25000 - 50013*x1*x5/100000 - 48137*x1*x6/500000 - 14907*x1*x7/50000 - 94019*x1*x8/1000000 - 20451*x1*x9/50000 + 2989*x1/2500 + 53299*x10**2/1000 + 99321*x10*x11/1000000 + 53593*x10*x12/100000 + 5101*x10*x13/50000 + 7101*x10*x2/50000 + 1311*x10*x3/6250 + 64559*x10*x4/100000 + 20883*x10*x5/100000 + 4297*x10*x6/10000 + 10521*x10*x7/100000 + 13319*x10*x8/25000 + 5337*x10*x9/50000 + 52967*x11**2/1000 - 39043*x11*x12/100000 - 6941*x11*x13/10000 + 5051*x11*x2/12500 - 80119*x11*x3/100000 + 6061*x11*x4/20000 - 40347*x11*x5/50000 - 24017*x11*x6/250000 - 2423*x11*x7/4000 - 14947*x11*x8/50000 - 71787*x11*x9/100000 + 17379*x11/10000 + 13307*x12**2/250 - 39521*x12*x13/100000 + 761*x12*x2/2500 - 39209*x12*x3/100000 + 1976*x12*x4/3125 - 19823*x12*x5/50000 + 1117*x12*x6/5000 - 14863*x12*x7/50000 + 4577*x12*x8/20000 - 40739*x12*x9/100000 + 6517*x12/5000 + 53021*x13**2/1000 + 2729*x13*x2/10000 - 69529*x13*x3/100000 + 19971*x13*x4/100000 - 81063*x13*x5/100000 - 48459*x13*x6/500000 - 2017*x13*x7/4000 - 30033*x13*x8/100000 - 1219*x13*x9/2000 + 16301*x13/10000 + 67983*x2**2/1000 + 37539*x2*x3/100000 + 9793*x2*x4/250000 + 47561*x2*x5/100000 + 837*x2*x6/5000 + 15743*x2*x7/50000 + 5973*x2*x8/25000 + 30963*x2*x9/100000 - 78271*x2/10000 + 52921*x3**2/1000 + 20591*x3*x4/50000 - 18101*x3*x5/20000 - 4037*x3*x6/20000 - 17819*x3*x7/25000 - 14837*x3*x8/50000 - 3573*x3*x9/5000 + 1223*x3/625 + 6676*x4**2/125 + 20523*x4*x5/50000 + 13273*x4*x6/25000 + 4093*x4*x7/20000 + 31587*x4*x8/50000 + 31041*x4*x9/100000 - 43779*x4/100000 + 52879*x5**2/1000 - 20109*x5*x6/100000 - 14213*x5*x7/20000 - 7383*x5*x8/25000 - 20573*x5*x9/25000 + 10331*x5/5000 + 53229*x6**2/1000 - 48807*x6*x7/500000 + 11069*x6*x8/50000 - 96983*x6*x9/1000000 + 13001*x6/20000 + 1061*x7**2/20 - 1977*x7*x8/10000 - 50763*x7*x9/100000 + 15223*x7/10000 + 26631*x8**2/500 - 15033*x8*x9/50000 + 5439*x8/5000 + 26503*x9**2/500 + 16301*x9/10000 + 54339/1000",
    "Q": "[[54.33865970266565, 0.8393848880930552, 0.5301921249086196, 0.7596617675576561, 0.3166485309089291, 1.0238217178148856, -0.23905202273530682, 0.9660796207573357, -3.896689891188515, 0.8171710985324175, 0.6427323644956442, 0.8946653124990022, -0.014141198725768678, 0.5788335525717808], [0.8393848880930552, 53.006892705388644, -0.1373138327986019, -0.27898197304945244, -0.0696864674926745, -0.39500828506303337, 0.1372723565754475, -0.3731599806559715, 0.17648771930900767, -0.3065430423377963, -0.18146597298051315, -0.34403726964212805, 0.057823763295501034, -0.203770389459594], [0.5301921249086196, -0.1373138327986019, 53.261506777612425, -0.12002216763598665, 0.1331432564641767, -0.16807376604470237, 0.3218856459274934, -0.15707769213170536, 0.11648302278277047, -0.13470291869850215, 0.08683187441133461, -0.14258453510649657, 0.2559305091555987, -0.0723875110425156], [0.7596617675576561, -0.27898197304945244, -0.12002216763598665, 53.050642391193335, -0.05951350193580071, -0.3515937161324914, 0.11060556686753101, -0.33081477836940754, 0.15203732245322021, -0.2686388286042889, -0.1594964911350246, -0.3034552423397339, 0.04850501104140603, -0.17579525632700282], [0.3166485309089291, -0.0696864674926745, 0.1331432564641767, -0.05951350193580071, 53.229486804811565, -0.08997961622501027, 0.2582122091447593, -0.08164606052448345, 0.07987543086214921, -0.06876784935343978, 0.10740271388672516, -0.07140397239982162, 0.21911030700293804, -0.027668975371427623], [1.0238217178148856, -0.39500828506303337, -0.16807376604470237, -0.3515937161324914, -0.08997961622501027, 52.878495225511365, 0.21191497827804545, -0.45809758916953014, 0.2301930790882598, -0.38264021469134174, -0.22014505550133098, -0.4241903573575743, 0.08641524945892334, -0.2658254058987709], [-0.23905202273530682, 0.1372723565754475, 0.3218856459274934, 0.11060556686753101, 0.2582122091447593, 0.21191497827804545, 53.40811931956904, 0.19259987763422928, 0.01458897849602453, 0.12533148085750473, 0.319782767096974, 0.16879775824999535, 0.3372821286076798, 0.08615149908628739], [0.9660796207573357, -0.3731599806559715, -0.15707769213170536, -0.33081477836940754, -0.08164606052448345, -0.45809758916953014, 0.19259987763422928, 52.91989757653068, 0.21388439206048454, -0.3611018686813169, -0.2073650514123168, -0.40148478455255365, 0.08068058723553047, -0.2473166549295256], [-3.896689891188515, 0.17648771930900767, 0.11648302278277047, 0.15203732245322021, 0.07987543086214921, 0.2301930790882598, 0.01458897849602453, 0.21388439206048454, 67.9806497588845, 0.16862662520396415, 0.1339847231525972, 0.19514426259454387, 0.03995406576108264, 0.11166387699355879], [0.8171710985324175, -0.3065430423377963, -0.13470291869850215, -0.2686388286042889, -0.06876784935343978, -0.38264021469134174, 0.12533148085750473, -0.3611018686813169, 0.16862662520396415, 53.021475297041675, -0.17735167279885572, -0.3324776717413956, 0.05190926701537044, -0.19559558301156807], [0.6427323644956442, -0.18146597298051315, 0.08683187441133461, -0.1594964911350246, 0.10740271388672516, -0.22014505550133098, 0.319782767096974, -0.2073650514123168, 0.1339847231525972, -0.17735167279885572, 53.22724594958805, -0.19010314262648637, 0.24268582048842993, -0.10359583079234874], [0.8946653124990022, -0.34403726964212805, -0.14258453510649657, -0.3034552423397339, -0.07140397239982162, -0.4241903573575743, 0.16879775824999535, -0.40148478455255365, 0.19514426259454387, -0.3324776717413956, -0.19010314262648637, 52.96757672030038, 0.0738294819408299, -0.2236295321762888], [-0.014141198725768678, 0.057823763295501034, 0.2559305091555987, 0.04850501104140603, 0.21911030700293804, 0.08641524945892334, 0.3372821286076798, 0.08068058723553047, 0.03995406576108264, 0.05190926701537044, 0.24268582048842993, 0.0738294819408299, 53.29923612668832, 0.05020964655040714], [0.5788335525717808, -0.203770389459594, -0.0723875110425156, -0.17579525632700282, -0.027668975371427623, -0.2658254058987709, 0.08615149908628739, -0.2473166549295256, 0.11166387699355879, -0.19559558301156807, -0.10359583079234874, -0.2236295321762888, 0.05020964655040714, 53.10320041230529]]",
    "monomial_list": "[1, x9, x8, x7, x6, x5, x4, x3, x2, x13, x12, x11, x10, x1]"
}