{
    "name": "Multiplier-2",
    "rational_expression": "1589*x1**2/1000 + 641*x1*x2/200 + 546*x1*x3/125 + 97*x1*x4/40 + 1333*x1*x5/500 + 1449*x1*x6/1000 + 619*x1*x7/500 - 2491*x1*x8/10000 + 407*x1/250 + 1803*x2**2/250 + 991*x2*x3/50 + 821*x2*x4/50 + 529*x2*x5/50 + 3549*x2*x6/1000 + 619*x2*x7/6250 - 154*x2*x8/125 + 893*x2/250 + 93*x3**2/5 + 337*x3*x4/10 + 359*x3*x5/20 + 1241*x3*x6/250 - 1107*x3*x7/1000 - 2287*x3*x8/1000 + 4521*x3/1000 + 1809*x4**2/100 + 1573*x4*x5/100 + 1083*x4*x6/250 - 1501*x4*x7/1000 - 209*x4*x8/100 + 63*x4/20 + 6001*x5**2/1000 + 4327*x5*x6/1000 + 1173*x5*x7/1000 - 249*x5*x8/200 + 1139*x5/250 + 1809*x6**2/1000 + 202*x6*x7/125 - 687*x6*x8/1250 + 3443*x6/1000 + 961*x7**2/500 - 587*x7*x8/2000 + 3561*x7/1000 + 28*x8**2/25 + 931*x8/500 + 732/125",
    "Q": "[[5.85625070292083, 0.9301790472123709, 1.7829750205868742, 1.7203882478330774, 2.2788188395820455, 1.5763911639581507, 2.258328113067652, 1.7846863980025809, 0.8139303100862555], [0.9301790472123709, 1.1197480840122054, -0.146898292468626, -0.27459361050435704, -0.6226333332161743, -1.0449063239930487, -1.1440699623038717, -0.6170013827310203, -0.12522195141569034], [1.7829750205868742, -0.146898292468626, 1.9232211593612916, 0.8072446664486239, 0.5889381574703332, -0.74919963279742, -0.5521895353611945, 0.04945969075096153, 0.6197997276526568], [1.7203882478330774, -0.27459361050435704, 0.8072446664486239, 1.8081789387615808, 2.163298348976131, 2.1668648507469035, 2.481463437665963, 1.7740113715565218, 0.7238007296707571], [2.2788188395820455, -0.6226333332161743, 0.5889381574703332, 2.163298348976131, 6.001996597464421, 7.86466878988165, 8.97567337432271, 5.28910752102229, 1.3341692382940034], [1.5763911639581507, -1.0449063239930487, -0.74919963279742, 2.1668648507469035, 7.86466878988165, 18.094620969979676, 16.846688658516424, 8.208908699327402, 1.2156396570633103], [2.258328113067652, -1.1440699623038717, -0.5521895353611945, 2.481463437665963, 8.97567337432271, 16.846688658516424, 18.591510834650308, 9.906538909497185, 2.1869108829137778], [1.7846863980025809, -0.6170013827310203, 0.04945969075096153, 1.7740113715565218, 5.28910752102229, 8.208908699327402, 9.906538909497185, 7.207311361169288, 1.6038921039377934], [0.8139303100862555, -0.12522195141569034, 0.6197997276526568, 0.7238007296707571, 1.3341692382940034, 1.2156396570633103, 2.1869108829137778, 1.6038921039377934, 1.5908916503784154]]",
    "monomial_list": "[1, x8, x7, x6, x5, x4, x3, x2, x1]"
}