{
    "name": "Multiplier-3",
    "rational_expression": "423*x1**2/50000 - 111*x1*x2/50000 - 299*x1*x3/100000 - 71*x1*x4/25000 - 67*x1*x5/50000 - 173*x1*x6/100000 - 113*x1*x7/50000 - 37*x1*x8/125000 + 147*x1/20000 + 873*x2**2/100000 + 77*x2*x3/20000 + 397*x2*x4/100000 + 227*x2*x5/100000 - 161*x2*x6/200000 - 111*x2*x7/50000 - 553*x2*x8/1000000 - 253*x2/50000 + 171*x3**2/10000 + 147*x3*x4/25000 + 319*x3*x5/100000 - x3*x6/1000 - 31*x3*x7/10000 - 397*x3*x8/500000 - 23*x3/1250 + 101*x4**2/10000 + 383*x4*x5/100000 - 863*x4*x6/1000000 - 29*x4*x7/10000 - 191*x4*x8/250000 - 197*x4/25000 + 209*x5**2/25000 - 199*x5*x6/500000 - 73*x5*x7/50000 - 383*x5*x8/1000000 - 251*x5/50000 + 727*x6**2/100000 - 77*x6*x7/50000 - x6*x8/4000 + 2*x6/625 + 863*x7**2/100000 - 19*x7*x8/125000 + 709*x7/100000 + 71*x8**2/10000 + 9*x8/5000 + 11/500",
    "Q": "[[0.021992674208083058, 0.0008701103349313449, 0.0035502008384667824, 0.0015881883112964484, -0.002508577312053982, -0.003942232928405631, -0.009207301128270543, -0.0025359784396225002, 0.003683438805285003], [0.0008701103349313449, 0.007394365965486775, -9.096736835595915e-05, -0.0001346493718057436, -0.000195601808960455, -0.00038868067250976703, -0.0003947305015684602, -0.00028577334902128097, -0.0001609053609063026], [0.0035502008384667824, -9.096736835595915e-05, 0.008097779754868967, -0.0007005916749796552, -0.0007078690914729404, -0.0013951285441955552, -0.0015469350933705287, -0.0010670885626328454, -0.0010095118299438904], [0.0015881883112964484, -0.0001346493718057436, -0.0007005916749796552, 0.007548382043895735, -0.00020364419109588248, -0.0004507873233173985, -0.0004961196747204738, -0.00042365335677230925, -0.0009334510870002399], [-0.002508577312053982, -0.000195601808960455, -0.0007078690914729404, -0.00020364419109588248, 0.008052496750020507, 0.0018575610098311365, 0.001570188170472964, 0.0011007856333790525, -0.0006673597928474814], [-0.003942232928405631, -0.00038868067250976703, -0.0013951285441955552, -0.0004507873233173985, 0.0018575610098311365, 0.009809982075147551, 0.0028991300241792864, 0.0019363040661603517, -0.00139994194690861], [-0.009207301128270543, -0.0003947305015684602, -0.0015469350933705287, -0.0004961196747204738, 0.001570188170472964, 0.0028991300241792864, 0.016612334246135542, 0.0018990556674792264, -0.0015004981169721183], [-0.0025359784396225002, -0.00028577334902128097, -0.0010670885626328454, -0.00042365335677230925, 0.0011007856333790525, 0.0019363040661603517, 0.0018990556674792264, 0.008296389489616975, -0.001070746989266093], [0.003683438805285003, -0.0001609053609063026, -0.0010095118299438904, -0.0009334510870002399, -0.0006673597928474814, -0.00139994194690861, -0.0015004981169721183, -0.001070746989266093, 0.008012014688907148]]",
    "monomial_list": "[1, x8, x7, x6, x5, x4, x3, x2, x1]"
}