{
    "name": "Multiplier-2",
    "rational_expression": "231*x1**2/25000 - 237*x1*x2/100000 - 171*x1*x3/100000 - 13*x1*x4/5000 - 7*x1*x5/5000 - 207*x1*x6/100000 - 283*x1*x7/100000 - 387*x1*x8/1000000 + 31*x1/5000 + 19*x2**2/1250 + 383*x2*x3/100000 + 121*x2*x4/50000 + 857*x2*x5/1000000 - 123*x2*x6/100000 - 59*x2*x7/25000 - 533*x2*x8/1000000 - 107*x2/10000 + 133*x3**2/10000 + 427*x3*x4/50000 + 399*x3*x5/100000 - 249*x3*x6/500000 - x3*x7/400 - 197*x3*x8/250000 - 2*x3/125 + 23*x4**2/2000 + 251*x4*x5/100000 - 117*x4*x6/100000 - 3*x4*x7/1000 - 791*x4*x8/1000000 - 29*x4/2500 + 233*x5**2/25000 - 83*x5*x6/125000 - 153*x5*x7/100000 - 191*x5*x8/500000 - 21*x5/4000 + 83*x6**2/10000 - 179*x6*x7/100000 - 3*x6*x8/10000 + 31*x6/10000 + 957*x7**2/100000 - 219*x7*x8/1000000 + 9*x7/1250 + 81*x8**2/10000 + 19*x8/10000 + 1/40",
    "Q": "[[0.025396498317467316, 0.0009917833392615169, 0.0036693932255031816, 0.0016024657314898572, -0.002660804358052813, -0.005902454240133064, -0.008143132491271897, -0.0054644711519077245, 0.0031480359687907408], [0.0009917833392615169, 0.008425055164700355, -0.00011895983059747633, -0.0001541581888663269, -0.00019476995207605695, -0.00040935236899540615, -0.0004015351584411545, -0.00027216707751712594, -0.00020812904499949324], [0.0036693932255031816, -0.00011895983059747633, 0.009045033527523842, -0.0008291529679481289, -0.0007468044051426221, -0.001478212013045228, -0.0012702498293778043, -0.0011728224236489625, -0.0012915529703958573], [0.0016024657314898572, -0.0001541581888663269, -0.0008291529679481289, 0.008595785858772456, -0.0003416668191507281, -0.0006071161973211281, -0.0002472883020631215, -0.0006370621639187436, -0.001103186113195525], [-0.002660804358052813, -0.00019476995207605695, -0.0007468044051426221, -0.0003416668191507281, 0.008898118528821856, 0.0012353754475333402, 0.0019535674900328826, 0.00044697345930971014, -0.0006822883925938096], [-0.005902454240133064, -0.00040935236899540615, -0.001478212013045228, -0.0006071161973211281, 0.0012353754475333402, 0.011024380571469128, 0.004192088746755137, 0.0012386213648984852, -0.001280496196026373], [-0.008143132491271897, -0.0004015351584411545, -0.0012702498293778043, -0.0002472883020631215, 0.0019535674900328826, 0.004192088746755137, 0.012781792495429316, 0.0019313819099690153, -0.000877839995730879], [-0.0054644711519077245, -0.00027216707751712594, -0.0011728224236489625, -0.0006370621639187436, 0.00044697345930971014, 0.0012386213648984852, 0.0019313819099690153, 0.015289904593475897, -0.0011943589993962118], [0.0031480359687907408, -0.00020812904499949324, -0.0012915529703958573, -0.001103186113195525, -0.0006822883925938096, -0.001280496196026373, -0.000877839995730879, -0.0011943589993962118, 0.008792360902460111]]",
    "monomial_list": "[1, x8, x7, x6, x5, x4, x3, x2, x1]"
}