{
    "name": "Multiplier-6",
    "rational_expression": "1701*x1**2/1000 + 3603*x1*x2/1000 + 4507*x1*x3/1000 + 3081*x1*x4/1000 + 1431*x1*x5/500 + 1289*x1*x6/1000 + 1069*x1*x7/1000 - 451*x1*x8/25000 + 1487*x1/1000 + 7337*x2**2/1000 + 2149*x2*x3/100 + 359*x2*x4/20 + 1147*x2*x5/100 + 1753*x2*x6/500 - 6637*x2*x7/10000 - 459*x2*x8/625 + 769*x2/250 + 496*x3**2/25 + 3613*x3*x4/100 + 75*x3*x5/4 + 5139*x3*x6/1000 - 58*x3*x7/25 - 34*x3*x8/25 + 2831*x3/1000 + 1913*x4**2/100 + 337*x4*x5/20 + 4461*x4*x6/1000 - 3009*x4*x7/1000 - 1231*x4*x8/1000 + 437*x4/250 + 3133*x5**2/500 + 401*x5*x6/100 + 481*x5*x7/2000 - 1867*x5*x8/2500 + 29*x5/8 + 306*x6**2/125 + 3897*x6*x7/5000 - 3941*x6*x8/10000 + 917*x6/500 + 2093*x7**2/1000 - 2141*x7*x8/10000 + 881*x7/200 + 53*x8**2/40 + 2643*x8/1000 + 7221/1000",
    "Q": "[[7.2213503330139845, 1.3198310510034432, 2.2008531720753446, 0.9139125506770883, 1.8111689523037888, 0.8754907986265867, 1.414493711915662, 1.5416049521641648, 0.746396227436431], [1.3198310510034432, 1.3246400759097132, -0.10839769240847108, -0.19814013702564603, -0.3747787730118288, -0.6153299168190212, -0.6806896930121635, -0.3671548625090481, -0.00846201436871289], [2.2008531720753446, -0.10839769240847108, 2.0928788330135784, 0.38902615458811407, 0.11879455915936978, -1.5040675823087202, -1.1596292170313822, -0.33012335916309815, 0.5359571689507242], [0.9139125506770883, -0.19814013702564603, 0.38902615458811407, 2.446655822431731, 2.0046732448405975, 2.229782309240642, 2.567191569037936, 1.753046440186687, 0.6452479932214192], [1.8111689523037888, -0.3747787730118288, 0.11879455915936978, 2.0046732448405975, 6.269327486210338, 8.426054328656418, 9.379135136566182, 5.734655559511683, 1.431919799060103], [0.8754907986265867, -0.6153299168190212, -1.5040675823087202, 2.229782309240642, 8.426054328656418, 19.133005596666965, 18.06418132626503, 8.971194938816689, 1.5395273029334389], [1.414493711915662, -0.6806896930121635, -1.1596292170313822, 2.567191569037936, 9.379135136566182, 18.06418132626503, 19.836591903596766, 10.743635299623074, 2.253533228400138], [1.5416049521641648, -0.3671548625090481, -0.33012335916309815, 1.753046440186687, 5.734655559511683, 8.971194938816689, 10.743635299623074, 7.33586377483225, 1.8030304195518778], [0.746396227436431, -0.00846201436871289, 0.5359571689507242, 0.6452479932214192, 1.431919799060103, 1.5395273029334389, 2.253533228400138, 1.8030304195518778, 1.7029779368678997]]",
    "monomial_list": "[1, x8, x7, x6, x5, x4, x3, x2, x1]"
}