{
    "name": "Multiplier-2",
    "rational_expression": "1589*x1**2/1000 + 641*x1*x2/200 + 546*x1*x3/125 + 97*x1*x4/40 + 1333*x1*x5/500 + 1449*x1*x6/1000 + 619*x1*x7/500 - 2491*x1*x8/10000 + 407*x1/250 + 1803*x2**2/250 + 991*x2*x3/50 + 821*x2*x4/50 + 529*x2*x5/50 + 3549*x2*x6/1000 + 619*x2*x7/6250 - 154*x2*x8/125 + 893*x2/250 + 93*x3**2/5 + 337*x3*x4/10 + 359*x3*x5/20 + 1241*x3*x6/250 - 1107*x3*x7/1000 - 2287*x3*x8/1000 + 4521*x3/1000 + 1809*x4**2/100 + 1573*x4*x5/100 + 1083*x4*x6/250 - 1501*x4*x7/1000 - 209*x4*x8/100 + 63*x4/20 + 6001*x5**2/1000 + 4327*x5*x6/1000 + 1173*x5*x7/1000 - 249*x5*x8/200 + 1139*x5/250 + 1809*x6**2/1000 + 202*x6*x7/125 - 687*x6*x8/1250 + 3443*x6/1000 + 961*x7**2/500 - 587*x7*x8/2000 + 3561*x7/1000 + 28*x8**2/25 + 931*x8/500 + 732/125",
    "Q": "[[5.856250702609217, 0.9301790471656406, 1.7829750204956083, 1.7203882477297274, 2.278818839399525, 1.576391163754411, 2.258328112825993, 1.7846863978432068, 0.8139303100207294], [0.9301790471656406, 1.1197480839606677, -0.14689829247302102, -0.27459361049508424, -0.622633333170431, -1.0449063238895038, -1.144069962242781, -0.6170013827001283, -0.12522195141517461], [1.7829750204956083, -0.14689829247302102, 1.9232211592811246, 0.8072446663938799, 0.5889381574462219, -0.749199632715234, -0.5521895353092192, 0.04945969075382136, 0.6197997276304243], [1.7203882477297274, -0.27459361049508424, 0.8072446663938799, 1.8081789386911755, 2.1632983489261672, 2.166864850722167, 2.4814634376512115, 1.7740113715347403, 0.7238007296390645], [2.278818839399525, -0.622633333170431, 0.5889381574462219, 2.1632983489261672, 6.001996597453702, 7.864668789996337, 8.975673374420108, 5.289107521103067, 1.3341692383295813], [1.576391163754411, -1.0449063238895038, -0.749199632715234, 2.166864850722167, 7.864668789996337, 18.094620969886638, 16.84668865853125, 8.208908699468918, 1.2156396571803862], [2.258328112825993, -1.144069962242781, -0.5521895353092192, 2.4814634376512115, 8.975673374420108, 16.84668865853125, 18.591510834699033, 9.906538909622252, 2.186910883021577], [1.7846863978432068, -0.6170013827001283, 0.04945969075382136, 1.7740113715347403, 5.289107521103067, 8.208908699468918, 9.906538909622252, 7.207311361181076, 1.60389210397846], [0.8139303100207294, -0.12522195141517461, 0.6197997276304243, 0.7238007296390645, 1.3341692383295813, 1.2156396571803862, 2.186910883021577, 1.60389210397846, 1.5908916503481931]]",
    "monomial_list": "[1, x8, x7, x6, x5, x4, x3, x2, x1]"
}