{
    "name": "Multiplier-7",
    "rational_expression": "367*x1**2/250 + 1657*x1*x2/500 + 1677*x1*x3/400 + 6963*x1*x4/2500 + 25413*x1*x5/10000 + 603*x1*x6/500 + 148*x1*x7/125 - 142*x1*x8/625 + 323*x1/200 + 77811*x2**2/10000 + 11953*x2*x3/500 + 20393*x2*x4/1000 + 99*x2*x5/8 + 2969*x2*x6/1000 + 1071*x2*x7/2500 - 753*x2*x8/500 + 1449*x2/500 + 22131*x3**2/1000 + 8247*x3*x4/200 + 4137*x3*x5/200 + 1871*x3*x6/500 - 1611*x3*x7/5000 - 1441*x3*x8/500 + 2797*x3/1000 + 21761*x4**2/1000 + 759*x4*x5/40 + 3059*x4*x6/1000 - 4493*x4*x7/5000 - 111*x4*x8/40 + 731*x4/500 + 65531*x5**2/10000 + 3411*x5*x6/1000 + 667*x5*x7/500 - 283*x5*x8/200 + 3851*x5/1000 + 69*x6**2/40 + 543*x6*x7/500 - 2179*x6*x8/5000 + 4309*x6/1000 + 2243*x7**2/1000 - 581*x7*x8/12500 + 577*x7/200 + 138*x8**2/125 + 211*x8/100 + 1589/250",
    "Q": "[[6.356341186633905, 1.0573103124529284, 1.4418899613252094, 2.1546218485230457, 1.9250339386318263, 0.7332617594565348, 1.4000890113791749, 1.446244433965078, 0.8075286861529306], [1.0573103124529284, 1.1029330114227935, -0.023013249786489998, -0.21729429907719325, -0.705590294046735, -1.3849710787522964, -1.4385977676546424, -0.7527205278292662, -0.11328422365304197], [1.4418899613252094, -0.023013249786489998, 2.24269273314417, 0.5437336953777969, 0.6660441380836898, -0.44918398551002736, -0.1609257947569155, 0.21427191572431203, 0.5927035426673843], [2.1546218485230457, -0.21729429907719325, 0.5437336953777969, 1.7264733154710166, 1.705871216069658, 1.5308721228083968, 1.8727497994728861, 1.4843476576924342, 0.6032975550900054], [1.9250339386318263, -0.705590294046735, 0.6660441380836898, 1.705871216069658, 6.552961029903724, 9.488153386587344, 10.34334070702032, 6.188560192055883, 1.2672003597289623], [0.7332617594565348, -1.3849710787522964, -0.44918398551002736, 1.5308721228083968, 9.488153386587344, 21.76209781974639, 20.62173271639389, 10.195991824341577, 1.3881197001841843], [1.4000890113791749, -1.4385977676546424, -0.1609257947569155, 1.8727497994728861, 10.34334070702032, 20.62173271639389, 22.136206842988653, 11.9542825698633, 2.0911632472891646], [1.446244433965078, -0.7527205278292662, 0.21427191572431203, 1.4843476576924342, 6.188560192055883, 10.195991824341577, 11.9542825698633, 7.7818663043715475, 1.653501706354053], [0.8075286861529306, -0.11328422365304197, 0.5927035426673843, 0.6032975550900054, 1.2672003597289623, 1.3881197001841843, 2.0911632472891646, 1.653501706354053, 1.467545360244464]]",
    "monomial_list": "[1, x8, x7, x6, x5, x4, x3, x2, x1]"
}