{
    "name": "Multiplier-8",
    "rational_expression": "2269*x1**2/1000 + 23707*x1*x2/5000 + 62809*x1*x3/10000 + 44533*x1*x4/10000 + 17607*x1*x5/5000 + 667*x1*x6/500 + 589*x1*x7/625 + 3203*x1*x8/10000 + 9171*x1/10000 + 92047*x2**2/10000 + 13509*x2*x3/500 + 5573*x2*x4/250 + 13767*x2*x5/1000 + 3091*x2*x6/1000 - 1979*x2*x7/1000 + 1711*x2*x8/2000 + 2393*x2/1000 + 3126*x3**2/125 + 45003*x3*x4/1000 + 22993*x3*x5/1000 + 4073*x3*x6/1000 - 2119*x3*x7/500 + 1617*x3*x8/1000 + 533*x3/250 + 23713*x4**2/1000 + 20621*x4*x5/1000 + 3511*x4*x6/1000 - 116*x4*x7/25 + 819*x4*x8/500 + 243*x4/200 + 74829*x5**2/10000 + 3807*x5*x6/1000 - 6161*x5*x7/10000 + 3953*x5*x8/5000 + 2951*x5/1000 + 481*x6**2/250 + 137*x6*x7/125 + 137*x6*x8/6250 + 2827*x6/1000 + 477*x7**2/200 - 27*x7*x8/100 + 434*x7/125 + 294*x8**2/125 + 181*x8/100 + 6199/1000",
    "Q": "[[6.19861933702705, 0.9072546940502768, 1.7329439019761275, 1.415942405332538, 1.4722385014380301, 0.6071312191943048, 1.064088448211835, 1.1969908113599228, 0.46167255632315957], [0.9072546940502768, 2.3523949222714857, -0.13392668666648705, 0.010995968197832173, 0.39467270407974964, 0.8195077206242609, 0.8090664991602688, 0.4292904820723945, 0.16041108446479901], [1.7329439019761275, -0.13392668666648705, 2.3813004491468197, 0.5470439338195221, -0.309607121340281, -2.319075885515814, -2.118021116036447, -0.9885131363564065, 0.4725195699947463], [1.415942405332538, 0.010995968197832173, 0.5470439338195221, 1.9266086024268887, 1.9038408121933574, 1.757524813766383, 2.0379709242756543, 1.5480532059769418, 0.6674802646014719], [1.4722385014380301, 0.39467270407974964, -0.309607121340281, 1.9038408121933574, 7.487026539307561, 10.31454252514056, 11.499935056448471, 6.88999405725511, 1.7571919937277585], [0.6071312191943048, 0.8195077206242609, -2.319075885515814, 1.757524813766383, 10.31454252514056, 23.711282686493295, 22.500637837365574, 11.150521885002593, 2.21826874262566], [1.064088448211835, 0.8090664991602688, -2.118021116036447, 2.0379709242756543, 11.499935056448471, 22.500637837365574, 25.006486920066436, 13.514936633610462, 3.1331125694545725], [1.1969908113599228, 0.4292904820723945, -0.9885131363564065, 1.5480532059769418, 6.88999405725511, 11.150521885002593, 13.514936633610462, 9.211989437409548, 2.3681675234702526], [0.46167255632315957, 0.16041108446479901, 0.4725195699947463, 0.6674802646014719, 1.7571919937277585, 2.21826874262566, 3.1331125694545725, 2.3681675234702526, 2.2673507429974364]]",
    "monomial_list": "[1, x8, x7, x6, x5, x4, x3, x2, x1]"
}