{
    "name": "Multiplier-5",
    "rational_expression": "1377*x1**2/1000 + 3163*x1*x2/1000 + 3691*x1*x3/1000 + 2209*x1*x4/1000 + 1163*x1*x5/500 + 727*x1*x6/500 + 1383*x1*x7/1000 - 1791*x1*x8/10000 + 1959*x1/1000 + 3329*x2**2/500 + 1981*x2*x3/100 + 813*x2*x4/50 + 21*x2*x5/2 + 3791*x2*x6/1000 + 419*x2*x7/1000 - 983*x2*x8/1000 + 4787*x2/1000 + 1809*x3**2/100 + 1673*x3*x4/50 + 432*x3*x5/25 + 5021*x3*x6/1000 - 3047*x3*x7/5000 - 1799*x3*x8/1000 + 5999*x3/1000 + 1793*x4**2/100 + 1567*x4*x5/100 + 4229*x4*x6/1000 - 1447*x4*x7/1000 - 1707*x4*x8/1000 + 1091*x4/250 + 3079*x5**2/500 + 4117*x5*x6/1000 + 1181*x5*x7/1000 - 9707*x5*x8/10000 + 1283*x5/250 + 413*x6**2/250 + 163*x6*x7/100 - 2171*x6*x8/5000 + 96*x6/25 + 223*x7**2/125 - 527*x7*x8/2500 + 3651*x7/1000 + 1707*x8**2/2000 + 69*x8/50 + 2783/500",
    "Q": "[[5.565831197738746, 0.6929053093148715, 1.824875461343616, 1.921193182241572, 2.5678177817635337, 2.181712081042503, 3.000997713781993, 2.3952032817040245, 0.9808639481029675], [0.6929053093148715, 0.8548604177735439, -0.1046900551100474, -0.21644730710307328, -0.4847475744237969, -0.8527327977933213, -0.8982397221805692, -0.4907738949723716, -0.08888832210630271], [1.824875461343616, -0.1046900551100474, 1.7828330437423152, 0.815063815272935, 0.589909696754285, -0.723912999289533, -0.30594757495850294, 0.21036729014478772, 0.6910206842744256], [1.921193182241572, -0.21644730710307328, 0.815063815272935, 1.6533022416122516, 2.0602103065635844, 2.115498681507607, 2.5121965064959406, 1.8969547146824033, 0.7277799418003789], [2.5678177817635337, -0.4847475744237969, 0.589909696754285, 2.0602103065635844, 6.161091404018872, 7.839315548006979, 8.645899859428235, 5.256054009925248, 1.1655822740837354], [2.181712081042503, -0.8527327977933213, -0.723912999289533, 2.115498681507607, 7.839315548006979, 17.935490156135423, 16.732232824125134, 8.127517108274384, 1.105188946212675], [3.000997713781993, -0.8982397221805692, -0.30594757495850294, 2.5121965064959406, 8.645899859428235, 16.732232824125134, 18.091536154894598, 9.908021610633668, 1.8472752917377082], [2.3952032817040245, -0.4907738949723716, 0.21036729014478772, 1.8969547146824033, 5.256054009925248, 8.127517108274384, 9.908021610633668, 6.659347922454776, 1.5837013889610667], [0.9808639481029675, -0.08888832210630271, 0.6910206842744256, 0.7277799418003789, 1.1655822740837354, 1.105188946212675, 1.8472752917377082, 1.5837013889610667, 1.3773961072316327]]",
    "monomial_list": "[1, x8, x7, x6, x5, x4, x3, x2, x1]"
}