{
    "name": "Multiplier-5",
    "rational_expression": "1377*x1**2/1000 + 3163*x1*x2/1000 + 3691*x1*x3/1000 + 2209*x1*x4/1000 + 1163*x1*x5/500 + 727*x1*x6/500 + 1383*x1*x7/1000 - 1791*x1*x8/10000 + 1959*x1/1000 + 3329*x2**2/500 + 1981*x2*x3/100 + 813*x2*x4/50 + 21*x2*x5/2 + 3791*x2*x6/1000 + 419*x2*x7/1000 - 983*x2*x8/1000 + 4787*x2/1000 + 1809*x3**2/100 + 1673*x3*x4/50 + 432*x3*x5/25 + 5021*x3*x6/1000 - 3047*x3*x7/5000 - 1799*x3*x8/1000 + 5999*x3/1000 + 1793*x4**2/100 + 1567*x4*x5/100 + 4229*x4*x6/1000 - 1447*x4*x7/1000 - 1707*x4*x8/1000 + 1091*x4/250 + 3079*x5**2/500 + 4117*x5*x6/1000 + 1181*x5*x7/1000 - 9707*x5*x8/10000 + 1283*x5/250 + 413*x6**2/250 + 163*x6*x7/100 - 2171*x6*x8/5000 + 96*x6/25 + 223*x7**2/125 - 527*x7*x8/2500 + 3651*x7/1000 + 1707*x8**2/2000 + 69*x8/50 + 2783/500",
    "Q": "[[5.565831197430764, 0.6929053092800628, 1.8248754612373084, 1.9211931821154422, 2.5678177815785963, 2.1817120808793753, 3.000997713575723, 2.3952032815410664, 0.9808639480464817], [0.6929053092800628, 0.8548604177491397, -0.104690055128536, -0.2164473070972156, -0.4847475744150598, -0.8527327977801209, -0.8982397221648193, -0.4907738949676534, -0.08888832210810906], [1.8248754612373084, -0.104690055128536, 1.7828330436869202, 0.8150638152123257, 0.5899096967070491, -0.7239129992398975, -0.30594757493326985, 0.21036729013763428, 0.6910206842589596], [1.9211931821154422, -0.2164473070972156, 0.8150638152123257, 1.6533022415719698, 2.060210306548354, 2.1154986815731243, 2.5121965065393694, 1.8969547146812562, 0.7277799417804351], [2.5678177815785963, -0.4847475744150598, 0.5899096967070491, 2.060210306548354, 6.161091403994329, 7.839315548161505, 8.645899859576012, 5.256054010029912, 1.165582274113541], [2.1817120808793753, -0.8527327977801209, -0.7239129992398975, 2.1154986815731243, 7.839315548161505, 17.935490156245546, 16.73223282431958, 8.12751710850352, 1.1051889463434994], [3.000997713575723, -0.8982397221648193, -0.30594757493326985, 2.5121965065393694, 8.645899859576012, 16.73223282431958, 18.091536155105803, 9.908021610848929, 1.8472752918560353], [2.3952032815410664, -0.4907738949676534, 0.21036729013763428, 1.8969547146812562, 5.256054010029912, 8.12751710850352, 9.908021610848929, 6.659347922587817, 1.5837013890117153], [0.9808639480464817, -0.08888832210810906, 0.6910206842589596, 0.7277799417804351, 1.165582274113541, 1.1051889463434994, 1.8472752918560353, 1.5837013890117153, 1.3773961072412988]]",
    "monomial_list": "[1, x8, x7, x6, x5, x4, x3, x2, x1]"
}