{
    "name": "Multiplier-7",
    "rational_expression": "191*x1**2/25000 - 21*x1*x2/12500 - 313*x1*x3/1000000 - 11*x1*x4/10000 - 83*x1*x5/50000 - 177*x1*x6/100000 - 11*x1*x7/10000 - 11*x1*x8/25000 + 2*x1/625 + 3*x2**2/400 + 9*x2*x3/2500 + 237*x2*x4/100000 - 149*x2*x5/1000000 - 79*x2*x6/50000 - 57*x2*x7/50000 - 623*x2*x8/1000000 - 441*x2/100000 + 111*x3**2/10000 + 717*x3*x4/100000 + 13*x3*x5/6250 - 821*x3*x6/1000000 - 339*x3*x7/500000 - 759*x3*x8/1000000 - 143*x3/10000 + 481*x4**2/50000 + 61*x4*x5/50000 - 31*x4*x6/25000 - 971*x4*x7/1000000 - 19*x4*x8/25000 - 27*x4/2500 + 71*x5**2/10000 - 3*x5*x6/2000 - x5*x7/1000 - 49*x5*x8/100000 - 19*x5/10000 + 9*x6**2/1250 - 23*x6*x7/25000 - 3*x6*x8/10000 + 9*x6/2500 + 3*x7**2/250 - 11*x7*x8/50000 + 11*x7/5000 + 71*x8**2/10000 + x8/500 + 19/1000",
    "Q": "[[0.019043907117318154, 0.0009972236992273366, 0.001131445155268175, 0.0018299044171183425, -0.0009674086982146095, -0.005432331130490464, -0.0071842290488557635, -0.002207628519330021, 0.0016216731979030068], [0.0009972236992273366, 0.0070344698230173815, -0.00011168349950987579, -0.00014664290051696413, -0.00024901635283303565, -0.00038034319979794766, -0.00037999541484165067, -0.0003096326007250707, -0.0002126310967375026], [0.001131445155268175, -0.00011168349950987579, 0.011933517424374764, -0.00045950079648979014, -0.0005136431167567175, -0.0004838727101469669, -0.00034652303571207203, -0.0005641147533497631, -0.0005591316909720942], [0.0018299044171183425, -0.00014664290051696413, -0.00045950079648979014, 0.007306705948109689, -0.0007373174313930979, -0.0006258151557668126, -0.00041082251061844827, -0.0007921004503727966, -0.0008956869865653902], [-0.0009674086982146095, -0.00024901635283303565, -0.0005136431167567175, -0.0007373174313930979, 0.007232499542716328, 0.0006128200643923802, 0.001045999527474666, -7.531985336426712e-05, -0.0008418715269413761], [-0.005432331130490464, -0.00038034319979794766, -0.0004838727101469669, -0.0006258151557668126, 0.0006128200643923802, 0.009345630375984803, 0.003536280289844265, 0.0011631274794187197, -0.0005472969042404109], [-0.0071842290488557635, -0.00037999541484165067, -0.00034652303571207203, -0.00041082251061844827, 0.001045999527474666, 0.003536280289844265, 0.010660075120551822, 0.0017458573045460233, -0.00019188282878840327], [-0.002207628519330021, -0.0003096326007250707, -0.0005641147533497631, -0.0007921004503727966, -7.531985336426712e-05, 0.0011631274794187197, 0.0017458573045460233, 0.007586853198452224, -0.0008595735880793131], [0.0016216731979030068, -0.0002126310967375026, -0.0005591316909720942, -0.0008956869865653902, -0.0008418715269413761, -0.0005472969042404109, -0.00019188282878840327, -0.0008595735880793131, 0.007219690756158894]]",
    "monomial_list": "[1, x8, x7, x6, x5, x4, x3, x2, x1]"
}