{
    "name": "Multiplier-6",
    "rational_expression": "89*x1**2/10000 - 27*x1*x2/12500 - 43*x1*x3/25000 - x1*x4/400 - 4*x1*x5/3125 - 37*x1*x6/20000 - 127*x1*x7/50000 - 89*x1*x8/200000 + 147*x1/25000 + 39*x2**2/4000 + 99*x2*x3/20000 + 167*x2*x4/50000 + 67*x2*x5/50000 - 9*x2*x6/12500 - 239*x2*x7/100000 - 311*x2*x8/500000 - 24*x2/3125 + 69*x3**2/5000 + 437*x3*x4/50000 + 401*x3*x5/100000 + 19*x3*x6/500000 - 7*x3*x7/2500 - 959*x3*x8/1000000 - 97*x3/5000 + 3*x4**2/250 + 9*x4*x5/3125 - 57*x4*x6/125000 - 63*x4*x7/20000 - 23*x4*x8/25000 - 29*x4/2000 + 189*x5**2/20000 - 187*x5*x6/500000 - 31*x5*x7/20000 - 437*x5*x8/1000000 - 667*x5/100000 + 2*x6**2/125 - 149*x6*x7/100000 - 13*x6*x8/50000 - 73*x6/100000 + 959*x7**2/100000 - 3*x7*x8/12500 + 779*x7/100000 + 91*x8**2/10000 + 23*x8/10000 + 7/250",
    "Q": "[[0.028103112768081435, 0.0011583735397743902, 0.0039015760711868528, -0.0003630398375781418, -0.003357050048653254, -0.0072690230673697, -0.009729276789357616, -0.0038602311003756947, 0.002956904281637569], [0.0011583735397743902, 0.00910131957397144, -0.00011818684460694826, -0.00013003322556435327, -0.0002242445792693272, -0.0004653390244859696, -0.00047886418348168223, -0.00031659412046399643, -0.00022572414101140186], [0.0039015760711868528, -0.00011818684460694826, 0.00966123528182507, -0.0007442660886923259, -0.0007848826638460351, -0.001574665686559517, -0.0014061312623326447, -0.001203965516782298, -0.0012796098003467484], [-0.0003630398375781418, -0.00013003322556435327, -0.0007442660886923259, 0.015584113633105494, -0.00017305059645463672, -0.0002206014634100656, 2.2568210173887074e-05, -0.0003405281484487949, -0.0009044533332590011], [-0.003357050048653254, -0.0002242445792693272, -0.0007848826638460351, -0.00017305059645463672, 0.009647689596186521, 0.0014597469738001348, 0.002037410820844789, 0.0006815498514957726, -0.0006495986608058232], [-0.0072690230673697, -0.0004653390244859696, -0.001574665686559517, -0.0002206014634100656, 0.0014597469738001348, 0.011898087589694491, 0.0043616714931990624, 0.0016731158412632242, -0.0012464863973293612], [-0.009729276789357616, -0.00047886418348168223, -0.0014061312623326447, 2.2568210173887074e-05, 0.002037410820844789, 0.0043616714931990624, 0.013842825846024195, 0.0024854866278770397, -0.0008624927330804243], [-0.0038602311003756947, -0.00031659412046399643, -0.001203965516782298, -0.0003405281484487949, 0.0006815498514957726, 0.0016731158412632242, 0.0024854866278770397, 0.009903053687431303, -0.001094819906713321], [0.002956904281637569, -0.00022572414101140186, -0.0012796098003467484, -0.0009044533332590011, -0.0006495986608058232, -0.0012464863973293612, -0.0008624927330804243, -0.001094819906713321, 0.009324469154787306]]",
    "monomial_list": "[1, x8, x7, x6, x5, x4, x3, x2, x1]"
}