{
    "name": "Multiplier-8",
    "rational_expression": "311*x1**2/50000 - 169*x1*x2/100000 + 367*x1*x3/10000000 - 419*x1*x4/500000 - 171*x1*x5/100000 - 39*x1*x6/20000 - 37*x1*x7/20000 - 301*x1*x8/1000000 + 2*x1/625 + 661*x2**2/100000 + 359*x2*x3/100000 + 3*x2*x4/1250 - 81*x2*x5/500000 - 151*x2*x6/100000 - 89*x2*x7/50000 - 379*x2*x8/1000000 - 323*x2/100000 + 187*x3**2/20000 + 77*x3*x4/12500 + 221*x3*x5/100000 - 313*x3*x6/1000000 - 103*x3*x7/100000 - 21*x3*x8/100000 - 53*x3/5000 + 809*x4**2/100000 + 27*x4*x5/20000 - 89*x4*x6/100000 - 37*x4*x7/25000 - 319*x4*x8/1000000 - 809*x4/100000 + 31*x5**2/5000 - 37*x5*x6/25000 - 81*x5*x7/50000 - 33*x5*x8/100000 - 13*x5/10000 + 157*x6**2/25000 - 143*x6*x7/100000 - 3*x6*x8/12500 + 31*x6/10000 + 629*x7**2/100000 - 109*x7*x8/500000 + 219*x7/50000 + x8**2/100 + 3*x8/2500 + 2/125",
    "Q": "[[0.016121078307474012, 0.0005993140681900247, 0.0022022386705608634, 0.0015864974819746122, -0.0006611009239136717, -0.004083980627417582, -0.005316060509812827, -0.0016296154793881401, 0.0016165783372373386], [0.0005993140681900247, 0.0103942071596217, -0.00011539247926179055, -0.00013072161014991842, -0.00017328629444872257, -0.00016058722313426927, -0.00010064433693000153, -0.00019496593014221058, -0.0001562287768780231], [0.0022022386705608634, -0.00011539247926179055, 0.006543495136093946, -0.0007512235956150466, -0.0008414326992078317, -0.0007488659617661024, -0.0005110040982744639, -0.0009190025644864097, -0.0009703047241654546], [0.0015864974819746122, -0.00013072161014991842, -0.0007512235956150466, 0.0063579527576762915, -0.0007445420089229626, -0.00044775802127469536, -0.0001601244203337588, -0.0007598114470123579, -0.0009822522108381736], [-0.0006611009239136717, -0.00017328629444872257, -0.0008414326992078317, -0.0007445420089229626, 0.006219329037595726, 0.0006822390897148276, 0.0011114849225986273, -7.599514758574265e-05, -0.0008520209957857643], [-0.004083980627417582, -0.00016058722313426927, -0.0007488659617661024, -0.00044775802127469536, 0.0006822390897148276, 0.008052181820379891, 0.00307639548011995, 0.0011961034385812232, -0.00042714900648310196], [-0.005316060509812827, -0.00010064433693000153, -0.0005110040982744639, -0.0001601244203337588, 0.0011114849225986273, 0.00307639548011995, 0.00888602887402481, 0.001720250425189525, -4.787381136729232e-05], [-0.0016296154793881401, -0.00019496593014221058, -0.0009190025644864097, -0.0007598114470123579, -7.599514758574265e-05, 0.0011961034385812232, 0.001720250425189525, 0.0065323188309998935, -0.0008389687604962546], [0.0016165783372373386, -0.0001562287768780231, -0.0009703047241654546, -0.0009822522108381736, -0.0008520209957857643, -0.00042714900648310196, -4.787381136729232e-05, -0.0008389687604962546, 0.006391722856662604]]",
    "monomial_list": "[1, x8, x7, x6, x5, x4, x3, x2, x1]"
}