{
    "name": "Multiplier-2",
    "rational_expression": "349*x1**2/50000 - 41*x1*x2/25000 - 37*x1*x3/100000 - 67*x1*x4/50000 - 33*x1*x5/20000 - 89*x1*x6/50000 - 83*x1*x7/50000 - 209*x1*x8/500000 + 367*x1/100000 + 11*x2**2/1000 + 67*x2*x3/20000 + 213*x2*x4/100000 - 13*x2*x5/100000 - 71*x2*x6/50000 - 173*x2*x7/100000 - 597*x2*x8/1000000 - 803*x2/100000 + 101*x3**2/10000 + 24*x3*x4/3125 + 23*x3*x5/12500 - 737*x3*x6/1000000 - 37*x3*x7/25000 - 591*x3*x8/1000000 - 8*x3/625 + 833*x4**2/100000 + 77*x4*x5/125000 - 7*x4*x6/5000 - 99*x4*x7/50000 - 161*x4*x8/200000 - 479*x4/50000 + 619*x5**2/100000 - 71*x5*x6/50000 - 39*x5*x7/25000 - 49*x5*x8/100000 - 47*x5/50000 + 631*x6**2/100000 - 61*x6*x7/50000 - 323*x6*x8/1000000 + 367*x6/100000 + 633*x7**2/100000 - 259*x7*x8/1000000 + 497*x7/100000 + 3*x8**2/500 + 9*x8/5000 + 9/500",
    "Q": "[[0.018177321972507373, 0.0008825850576060811, 0.0025140950616282104, 0.001860708980813836, -0.0004671082355435115, -0.004833298342722685, -0.006450077520606617, -0.004046333289836529, 0.0018467627567040597], [0.0008825850576060811, 0.00622186877691592, -0.00013580043666175623, -0.0001686028394754464, -0.00025366312400403285, -0.0004066165531670979, -0.0002953300149849315, -0.00030249701064517803, -0.00022076614067652794], [0.0025140950616282104, -0.00013580043666175623, 0.006793846083838594, -0.0006717297949115012, -0.0008351007500173648, -0.0010200005580566834, -0.0007389908100790916, -0.0008981020969884903, -0.0009086414945369119], [0.001860708980813836, -0.0001686028394754464, -0.0006717297949115012, 0.006630144770057681, -0.0007412503615848226, -0.0007173035360637839, -0.00035976396874818424, -0.0007331166456906312, -0.000938141139395522], [-0.0004671082355435115, -0.00025366312400403285, -0.0008351007500173648, -0.0007412503615848226, 0.006602183337325782, 0.00031747356409738255, 0.000973141713400154, -7.605872130695776e-05, -0.000877916768163322], [-0.004833298342722685, -0.0004066165531670979, -0.0010200005580566834, -0.0007173035360637839, 0.00031747356409738255, 0.008822670848641915, 0.003998559337912432, 0.0010734277436526497, -0.0006880247103955116], [-0.006450077520606617, -0.0002953300149849315, -0.0007389908100790916, -0.00035976396874818424, 0.000973141713400154, 0.003998559337912432, 0.009925596389883454, 0.0016708475171479456, -0.00023717418015270869], [-0.004046333289836529, -0.00030249701064517803, -0.0008981020969884903, -0.0007331166456906312, -7.605872130695776e-05, 0.0010734277436526497, 0.0016708475171479456, 0.011147618515129288, -0.0008187552520968714], [0.0018467627567040597, -0.00022076614067652794, -0.0009086414945369119, -0.000938141139395522, -0.000877916768163322, -0.0006880247103955116, -0.00023717418015270869, -0.0008187552520968714, 0.006680991905328517]]",
    "monomial_list": "[1, x8, x7, x6, x5, x4, x3, x2, x1]"
}