{
    "name": "Multiplier-4",
    "rational_expression": "843*x1**2/100000 - 233*x1*x2/100000 - 113*x1*x3/50000 - 319*x1*x4/100000 - 73*x1*x5/50000 - 217*x1*x6/100000 - 59*x1*x7/25000 - 77*x1*x8/200000 + 709*x1/100000 + 871*x2**2/100000 + 453*x2*x3/100000 + 247*x2*x4/100000 + 31*x2*x5/25000 - 3*x2*x6/2500 - 113*x2*x7/50000 - 291*x2*x8/500000 - 251*x2/50000 + 11*x3**2/1000 + 319*x3*x4/50000 + 53*x3*x5/12500 - 51*x3*x6/100000 - 63*x3*x7/25000 - 769*x3*x8/1000000 - 123*x3/10000 + 2*x4**2/125 + 9*x4*x5/4000 - 27*x4*x6/20000 - 39*x4*x7/12500 - 381*x4*x8/500000 - 83*x4/5000 + 417*x5**2/50000 - 133*x5*x6/200000 - 151*x5*x7/100000 - 201*x5*x8/500000 - 123*x5/25000 + 831*x6**2/100000 - 39*x6*x7/25000 - x6*x8/3125 + 33*x6/10000 + 863*x7**2/100000 - 237*x7*x8/1000000 + 713*x7/100000 + 81*x8**2/10000 + 9*x8/5000 + 23/1000",
    "Q": "[[0.023243489076245048, 0.0009169700650302705, 0.0035943979340020424, 0.0016469396910656331, -0.0024849190484766705, -0.008384062527435681, -0.006216742342627896, -0.0025325403177308835, 0.0035897726590035394], [0.0009169700650302705, 0.007838164544501446, -0.00010402768850024222, -0.00015025189138331518, -0.00020218283320999953, -0.0003866569113073259, -0.0003888815644097208, -0.0002865391809789782, -0.00017866981380487378], [0.0035943979340020424, -0.00010402768850024222, 0.008540701325043644, -0.0007638073024699943, -0.000754920610867559, -0.0015684211655671181, -0.0012689149590613584, -0.0011312455795276916, -0.0011595913832997283], [0.0016469396910656331, -0.00015025189138331518, -0.0007638073024699943, 0.008053972274008402, -0.000327353025233178, -0.0006754932427363219, -0.0002672507024067115, -0.0005864453280488657, -0.0010351796457751569], [-0.0024849190484766705, -0.00020218283320999953, -0.000754920610867559, -0.000327353025233178, 0.008424122004460318, 0.0011341883319114486, 0.002139768272256236, 0.0006255683093546319, -0.0007397441186537707], [-0.008384062527435681, -0.0003866569113073259, -0.0015684211655671181, -0.0006754932427363219, 0.0011341883319114486, 0.01593937483779075, 0.0032051647719721636, 0.0012368159510694858, -0.0016067545357272613], [-0.006216742342627896, -0.0003888815644097208, -0.0012689149590613584, -0.0002672507024067115, 0.002139768272256236, 0.0032051647719721636, 0.011502938735511276, 0.0023523961950192647, -0.0011502534761036684], [-0.0025325403177308835, -0.0002865391809789782, -0.0011312455795276916, -0.0005864453280488657, 0.0006255683093546319, 0.0012368159510694858, 0.0023523961950192647, 0.008698276100165922, -0.001177321858180399], [0.0035897726590035394, -0.00017866981380487378, -0.0011595913832997283, -0.0010351796457751569, -0.0007397441186537707, -0.0016067545357272613, -0.0011502534761036684, -0.001177321858180399, 0.008436055052861682]]",
    "monomial_list": "[1, x8, x7, x6, x5, x4, x3, x2, x1]"
}