{
    "name": "Multiplier-8",
    "rational_expression": "13341*x1**2/250 - 19161*x1*x10/100000 - 19879*x1*x11/50000 - 28573*x1*x12/100000 - 2909*x1*x13/10000 + 20703*x1*x2/100000 - 29111*x1*x3/100000 - 23589*x1*x4/250000 - 731*x1*x5/2500 - 14883*x1*x6/50000 - 14891*x1*x7/50000 + 64837*x1*x8/1000000 - 7449*x1*x9/25000 + 14017*x1/10000 + 13361*x10**2/250 - 28969*x10*x11/100000 - 35201*x10*x12/500000 - 14623*x10*x13/50000 + 53113*x10*x2/100000 - 1469*x10*x3/5000 + 33073*x10*x4/100000 - 737*x10*x5/2500 + 21241*x10*x6/1000000 - 19393*x10*x7/100000 - 72843*x10*x8/1000000 - 7449*x10*x9/25000 + 14017*x10/10000 + 6668*x11**2/125 - 38569*x11*x12/100000 - 39209*x11*x13/100000 + 20423*x11*x2/100000 - 9797*x11*x3/25000 - 94337*x11*x4/1000000 - 5647*x11*x5/20000 - 1003*x11*x6/2500 - 1253*x11*x7/3125 + 31173*x11*x8/100000 - 10041*x11*x9/25000 + 1869*x11/1000 + 10669*x12**2/200 - 38937*x12*x13/100000 + 21063*x12*x2/50000 - 19497*x12*x3/50000 + 12339*x12*x4/100000 - 39147*x12*x5/100000 - 18293*x12*x6/100000 - 19911*x12*x7/50000 + 28613*x12*x8/1000000 - 9953*x12*x9/25000 + 5261*x12/2500 + 26673*x13**2/500 + 20479*x13*x2/100000 - 4923*x13*x3/12500 - 3793*x13*x4/40000 - 9883*x13*x5/25000 - 29209*x13*x6/100000 - 40261*x13*x7/100000 + 31763*x13*x8/100000 - 2521*x13*x9/6250 + 17531*x13/10000 + 53559*x2**2/1000 + 5101*x2*x3/25000 + 10667*x2*x4/20000 + 20533*x2*x5/100000 + 21189*x2*x6/50000 + 10441*x2*x7/50000 - 5949*x2*x8/50000 + 20959*x2*x9/100000 - 17477*x2/50000 + 13337*x3**2/250 - 94337*x3*x4/1000000 - 28163*x3*x5/100000 - 1003*x3*x6/2500 - 10017*x3*x7/25000 + 22679*x3*x8/50000 - 10041*x3*x9/25000 + 1869*x3/1000 + 53509*x4**2/1000 - 3777*x4*x5/40000 + 22711*x4*x6/100000 - 18449*x4*x7/200000 - 21143*x4*x8/500000 - 47557*x4*x9/500000 + 20509*x4/25000 + 26677*x5**2/500 - 40153*x5*x6/100000 - 8017*x5*x7/20000 + 58753*x5*x8/100000 - 3637*x5*x9/12500 + 1869*x5/1000 + 53379*x6**2/1000 - 29481*x6*x7/100000 - 84769*x6*x8/1000000 - 5889*x6*x9/20000 + 16371*x6/10000 + 53349*x7**2/1000 + 3803*x7*x8/20000 - 1266*x7*x9/3125 + 16371*x7/10000 + 68509*x8**2/1000 + 1063*x8*x9/3125 - 14909*x8/2500 + 6668*x9**2/125 + 17531*x9/10000 + 29219/500",
    "Q": "[[58.437588849469265, 0.8798416433392932, -2.982781444920577, 0.8362740802130033, 0.8395701632120928, 0.917700526425177, 0.418089326180352, 0.9152362680242969, -0.1759803182689682, 0.8668500738698987, 1.0549223480996957, 0.9068235415855098, 0.6876420426575273, 0.7270458174429054], [0.8798416433392932, 53.34379760231463, 0.14720336932037129, -0.18878423823797655, -0.1696238253078621, -0.17134323138638707, -0.05062431542981468, -0.17996525220067164, 0.0902625394319836, -0.18991166721965158, -0.20631080425324286, -0.1876604382377531, -0.1257733132950514, -0.17182514425616705], [-2.982781444920577, 0.14720336932037129, 68.5086773873085, 0.1027259992354991, -0.01924988018738623, 0.26967473807981174, -0.0552693391182255, 0.2287881424980355, -0.07387236630275776, 0.13269844287585303, 0.03737431161602667, 0.18480634208437813, -0.051980652063016324, 0.04838647609322677], [0.8362740802130033, -0.18878423823797655, 0.1027259992354991, 53.349045329589046, -0.16031714733954844, -0.1773042808660566, -0.04182875905223327, -0.183408271522227, 0.09445325983554778, -0.18834264798072484, -0.19814028203055312, -0.18855240699292766, -0.1150006928106844, -0.16686265573048623], [0.8395701632120928, -0.1696238253078621, -0.01924988018738623, -0.16031714733954844, 53.38030002005174, -0.17434293470555484, 0.08716014551682605, -0.1740860058264824, 0.21253651827190564, -0.16785832762838368, -0.10022221282522348, -0.1726541694187593, 0.008706529446125353, -0.1326090514072502], [0.917700526425177, -0.17134323138638707, 0.26967473807981174, -0.1773042808660566, -0.17434293470555484, 53.35334646804603, -0.05461350220484357, -0.15057963489189213, 0.08618412995141034, -0.17386337204109245, -0.2022240659175355, -0.16314292220666218, -0.1327671724971099, -0.16894366591514393], [0.418089326180352, -0.05062431542981468, -0.0552693391182255, -0.04182875905223327, 0.08716014551682605, -0.05461350220484357, 53.50944772049525, -0.053703181060821385, 0.24934739876233156, -0.04939027804091319, 0.07175388755301348, -0.050667183523646395, 0.1598555374904382, -0.02182963948883017], [0.9152362680242969, -0.17996525220067164, 0.2287881424980355, -0.183408271522227, -0.1740860058264824, -0.15057963489189213, -0.053703181060821385, 53.347000165164566, 0.08862355671316172, -0.18165761859461385, -0.205649744774364, -0.17362475672920274, -0.13136045078384112, -0.1717215647606197], [-0.1759803182689682, 0.0902625394319836, -0.07387236630275776, 0.09445325983554778, 0.21253651827190564, 0.08618412995141034, 0.24934739876233156, 0.08862355671316172, 53.55829758209715, 0.09006952364911332, 0.230760643507343, 0.0924852812727165, 0.250359702631406, 0.10001439154519408], [0.8668500738698987, -0.18991166721965158, 0.13269844287585303, -0.18834264798072484, -0.16785832762838368, -0.17386337204109245, -0.04939027804091319, -0.18165761859461385, 0.09006952364911332, 53.345349678924016, -0.20510625017930262, -0.18851016876718868, -0.12377150422661339, -0.17072879120579187], [1.0549223480996957, -0.20631080425324286, 0.03737431161602667, -0.19814028203055312, -0.10022221282522348, -0.2022240659175355, 0.07175388755301348, -0.205649744774364, 0.230760643507343, -0.20510625017930262, 53.346057552195816, -0.2072846330229407, -0.02216683689714692, -0.16814208929740715], [0.9068235415855098, -0.1876604382377531, 0.18480634208437813, -0.18855240699292766, -0.1726541694187593, -0.16314292220666218, -0.050667183523646395, -0.17362475672920274, 0.0924852812727165, -0.18851016876718868, -0.2072846330229407, 53.34196541202169, -0.12823292451898663, -0.17360769099063486], [0.6876420426575273, -0.1257733132950514, -0.051980652063016324, -0.1150006928106844, 0.008706529446125353, -0.1327671724971099, 0.1598555374904382, -0.13136045078384112, 0.250359702631406, -0.12377150422661339, -0.02216683689714692, -0.12823292451898663, 53.44293164194454, -0.08811317602867515], [0.7270458174429054, -0.17182514425616705, 0.04838647609322677, -0.16686265573048623, -0.1326090514072502, -0.16894366591514393, -0.02182963948883017, -0.1717215647606197, 0.10001439154519408, -0.17072879120579187, -0.16814208929740715, -0.17360769099063486, -0.08811317602867515, 53.365545392933576]]",
    "monomial_list": "[1, x9, x8, x7, x6, x5, x4, x3, x2, x13, x12, x11, x10, x1]"
}