{
    "name": "Multiplier-6",
    "rational_expression": "24*x1**2/3125 - 171*x1*x2/100000 - 331*x1*x3/1000000 - 57*x1*x4/50000 - 169*x1*x5/100000 - 33*x1*x6/25000 - 173*x1*x7/100000 - 43*x1*x8/100000 + 33*x1/10000 + 3*x2**2/400 + 71*x2*x3/20000 + 111*x2*x4/50000 - 13*x2*x5/62500 - 479*x2*x6/500000 - 19*x2*x7/10000 - 123*x2*x8/200000 - 213*x2/50000 + 111*x3**2/10000 + 181*x3*x4/25000 + 51*x3*x5/25000 - 797*x3*x6/10000000 - 33*x3*x7/20000 - 37*x3*x8/50000 - 71*x3/5000 + 6*x4**2/625 + 7*x4*x5/6250 - 243*x4*x6/500000 - 97*x4*x7/50000 - 391*x4*x8/500000 - 107*x4/10000 + 179*x5**2/25000 - 951*x5*x6/1000000 - 33*x5*x7/20000 - x5*x8/2000 - 9*x5/5000 + 3*x6**2/250 - 13*x6*x7/12500 - 31*x6*x8/100000 + 17*x6/50000 + 369*x7**2/50000 - 47*x7*x8/200000 + 521*x7/100000 + 71*x8**2/10000 + x8/500 + 19/1000",
    "Q": "[[0.01895898610485339, 0.0009896080606728432, 0.002605075166368015, 0.00016453947689852374, -0.0009142265889500857, -0.005344935889109718, -0.007089891159913988, -0.0021218105635460514, 0.0016325074746376823], [0.0009896080606728432, 0.00699708725969421, -0.0001111902838736197, -0.00014886881733178613, -0.00024721166582832846, -0.0003875535610638795, -0.0003731599907430151, -0.00030728683193695876, -0.00021535889869504527], [0.002605075166368015, -0.0001111902838736197, 0.007471026296877538, -0.0005281800765496967, -0.0008363345256384984, -0.0009692874246349721, -0.0008213584645395818, -0.0009614051510531571, -0.0008774080110225863], [0.00016453947689852374, -0.00014886881733178613, -0.0005281800765496967, 0.011765098817114374, -0.0004661200396679216, -0.00023544284955379, -3.3497587168217586e-05, -0.0004609572941008307, -0.000637033710410206], [-0.0009142265889500857, -0.00024721166582832846, -0.0008363345256384984, -0.0004661200396679216, 0.007211442651813975, 0.0005600052612514626, 0.001024959195473092, -0.00010204594015507142, -0.0008501409678615857], [-0.005344935889109718, -0.0003875535610638795, -0.0009692874246349721, -0.00023544284955379, 0.0005600052612514626, 0.009278046140308315, 0.003550303194341568, 0.001086731243060254, -0.0005634557775835709], [-0.007089891159913988, -0.0003731599907430151, -0.0008213584645395818, -3.3497587168217586e-05, 0.001024959195473092, 0.003550303194341568, 0.010574040045622226, 0.001706478635505245, -0.00020493513486322438], [-0.0021218105635460514, -0.00030728683193695876, -0.0009614051510531571, -0.0004609572941008307, -0.00010204594015507142, 0.001086731243060254, 0.001706478635505245, 0.007556724605658798, -0.0008704394896976558], [0.0016325074746376823, -0.00021535889869504527, -0.0008774080110225863, -0.000637033710410206, -0.0008501409678615857, -0.0005634557775835709, -0.00020493513486322438, -0.0008704394896976558, 0.007199708545783003]]",
    "monomial_list": "[1, x8, x7, x6, x5, x4, x3, x2, x1]"
}