{
    "name": "Multiplier-1",
    "rational_expression": "519*x1**2/250 + 3427*x1*x2/1000 + 877*x1*x3/200 + 3051*x1*x4/1000 + 2669*x1*x5/1000 + 1417*x1*x6/1000 + 311*x1*x7/250 - 2657*x1*x8/10000 + 791*x1/500 + 6919*x2**2/1000 + 2059*x2*x3/100 + 851*x2*x4/50 + 269*x2*x5/25 + 1797*x2*x6/500 + 483*x2*x7/2500 - 251*x2*x8/250 + 799*x2/200 + 1883*x3**2/100 + 874*x3*x4/25 + 438*x3*x5/25 + 1191*x3*x6/250 - 4907*x3*x7/5000 - 69*x3*x8/40 + 1001*x3/200 + 1881*x4**2/100 + 1587*x4*x5/100 + 2027*x4*x6/500 - 1769*x4*x7/1000 - 1559*x4*x8/1000 + 1857*x4/500 + 5739*x5**2/1000 + 509*x5*x6/125 + 1119*x5*x7/1000 - 79*x5*x8/80 + 2407*x5/500 + 206*x6**2/125 + 801*x6*x7/500 - 4903*x6*x8/10000 + 432*x6/125 + 1777*x7**2/1000 - 3301*x7*x8/10000 + 839*x7/250 + 501*x8**2/500 + 1773*x8/1000 + 5611/1000",
    "Q": "[[5.610585077927099, 0.8837629754674815, 1.6773650032638223, 1.7274157746742096, 2.409727267754706, 1.8543190321134502, 2.501038999617681, 1.9990088274067024, 0.7893938676511524], [0.8837629754674815, 1.000554267914593, -0.16523076035438933, -0.2462193719397216, -0.49434923885305315, -0.7805149429763932, -0.863491292204519, -0.5024961531556322, -0.1331402292318803], [1.6773650032638223, -0.16523076035438933, 1.7778029445291432, 0.7998618109214714, 0.559531820514178, -0.8875682660700437, -0.49407869716948405, 0.09567892770806807, 0.620727383402051], [1.7274157746742096, -0.2462193719397216, 0.7998618109214714, 1.649128822754233, 2.0370644521420997, 2.0284669175872603, 2.383486583763838, 1.7987073792877923, 0.7076577927553633], [2.409727267754706, -0.49434923885305315, 0.559531820514178, 2.0370644521420997, 5.737279172102642, 7.9318915764091456, 8.756408126765495, 5.3796399266274815, 1.3355451858626612], [1.8543190321134502, -0.7805149429763932, -0.8875682660700437, 2.0284669175872603, 7.9318915764091456, 18.812143303834038, 17.482711033984337, 8.51075911075729, 1.5254661218818597], [2.501038999617681, -0.863491292204519, -0.49407869716948405, 2.383486583763838, 8.756408126765495, 17.482711033984337, 18.832607608950973, 10.29717904255672, 2.1922148414826856], [1.9990088274067024, -0.5024961531556322, 0.09567892770806807, 1.7987073792877923, 5.3796399266274815, 8.51075911075729, 10.29717904255672, 6.922075470434499, 1.7139894902810526], [0.7893938676511524, -0.1331402292318803, 0.620727383402051, 0.7076577927553633, 1.3355451858626612, 1.5254661218818597, 2.1922148414826856, 1.7139894902810526, 2.0750472135523457]]",
    "monomial_list": "[1, x8, x7, x6, x5, x4, x3, x2, x1]"
}