{
    "name": "Multiplier-4",
    "rational_expression": "1089*x1**2/1000 + 637*x1*x2/250 + 2759*x1*x3/1000 + 1577*x1*x4/1000 + 244*x1*x5/125 + 309*x1*x6/250 + 243*x1*x7/200 - 213*x1*x8/1000 + 429*x1/250 + 6381*x2**2/1000 + 409*x2*x3/20 + 89*x2*x4/5 + 209*x2*x5/20 + 137*x2*x6/40 - 1241*x2*x7/10000 - 1189*x2*x8/1000 + 5167*x2/1000 + 493*x3**2/25 + 949*x3*x4/25 + 899*x3*x5/50 + 1193*x3*x6/250 - 1763*x3*x7/1000 - 531*x3*x8/250 + 7301*x3/1000 + 41*x4**2/2 + 416*x4*x5/25 + 1023*x4*x6/250 - 251*x4*x7/100 - 503*x4*x8/250 + 2987*x4/500 + 1089*x5**2/200 + 3987*x5*x6/1000 + 4429*x5*x7/5000 - 561*x5*x8/500 + 5893*x5/1000 + 184*x6**2/125 + 1557*x6*x7/1000 - 289*x6*x8/625 + 1889*x6/500 + 327*x7**2/200 - 883*x7*x8/5000 + 3237*x7/1000 + 713*x8**2/1000 + 1031*x8/1000 + 2553/500",
    "Q": "[[5.105751186581564, 0.5131321936437084, 1.6194336648508336, 1.8906251896640185, 2.947943674510447, 2.9865713834412855, 3.650100291530558, 2.583290502519005, 0.8566982776287316], [0.5131321936437084, 0.7118482822515816, -0.08949926121981758, -0.2317655387550047, -0.561779570492318, -1.0065892145000692, -1.0632158306173412, -0.5958980232878007, -0.10699396599849835], [1.6194336648508336, -0.08949926121981758, 1.6346017757335425, 0.7792465299399939, 0.445657529524245, -1.251693295786304, -0.8778371606432365, -0.06032531485575815, 0.6058906717585396], [1.8906251896640185, -0.2317655387550047, 0.7792465299399939, 1.4730880963646051, 1.9956256150155238, 2.048236168831411, 2.388071685077528, 1.713652355113009, 0.6176305218610773], [2.947943674510447, -0.561779570492318, 0.445657529524245, 1.9956256150155238, 5.447879871095567, 8.317278670572994, 8.988459587137104, 5.225986088835228, 0.9770242086698852], [2.9865713834412855, -1.0065892145000692, -1.251693295786304, 2.048236168831411, 8.317278670572994, 20.497378994283782, 18.979476765613672, 8.89426391412608, 0.7899447567060163], [3.650100291530558, -1.0632158306173412, -0.8778371606432365, 2.388071685077528, 8.988459587137104, 18.979476765613672, 19.719009483256304, 10.221975026612089, 1.3816141194384413], [2.583290502519005, -0.5958980232878007, -0.06032531485575815, 1.713652355113009, 5.225986088835228, 8.89426391412608, 10.221975026612089, 6.379980604508004, 1.274772838386533], [0.8566982776287316, -0.10699396599849835, 0.6058906717585396, 0.6176305218610773, 0.9770242086698852, 0.7899447567060163, 1.3816141194384413, 1.274772838386533, 1.087596934643504]]",
    "monomial_list": "[1, x8, x7, x6, x5, x4, x3, x2, x1]"
}