{
    "name": "Multiplier-1",
    "rational_expression": "2*x1**2/125 - 617*x1*x2/1000000 + 623*x1*x3/1000000 - 239*x1*x4/1000000 - 219*x1*x5/1000000 - 3*x1*x6/2000 - 197*x1*x7/100000 - 11*x1*x8/25000 - 9*x1/2500 + 11*x2**2/1000 + 573*x2*x3/100000 + 197*x2*x4/50000 + 83*x2*x5/50000 - 27*x2*x6/25000 - 59*x2*x7/25000 - 691*x2*x8/1000000 - 111*x2/10000 + 157*x3**2/10000 + 949*x3*x4/100000 + 233*x3*x5/50000 - 627*x3*x6/1000000 - 157*x3*x7/50000 - 7*x3*x8/6250 - 63*x3/2500 + 137*x4**2/10000 + 333*x4*x5/100000 - 113*x4*x6/100000 - 161*x4*x7/50000 - 13*x4*x8/12500 - 97*x4/5000 + 53*x5**2/5000 - 313*x5*x6/500000 - 161*x5*x7/100000 - x5*x8/2000 - 923*x5/100000 + x6**2/100 - 67*x6*x7/50000 - 3*x6*x8/12500 + x6/400 + 21*x7**2/2000 - 103*x7*x8/1000000 + 811*x7/100000 + x8**2/100 + 27*x8/10000 + 7/200",
    "Q": "[[0.034606999198807144, 0.0013416731543281382, 0.004011376819998159, 0.0012360966921566982, -0.004575327346396192, -0.009580976787346275, -0.012455996464306143, -0.005482098078478505, -0.001768893797612004], [0.0013416731543281382, 0.010199654324991645, -5.971738472305653e-05, -0.0001285947277713537, -0.0002500514251026848, -0.0005138487229977135, -0.0005569332510459325, -0.0003418471656299962, -0.00021990753953412753], [0.004011376819998159, -5.971738472305653e-05, 0.010639501609535189, -0.0006843789532693979, -0.0008075635863306272, -0.001610314875293742, -0.001555746273353615, -0.001183986362863241, -0.0009940653639826076], [0.0012360966921566982, -0.0001285947277713537, -0.0006843789532693979, 0.010261615446577199, -0.00031181078747702514, -0.0005576147397544389, -0.00030359561251326345, -0.0005443232283828332, -0.0007629555534263199], [-0.004575327346396192, -0.0002500514251026848, -0.0008075635863306272, -0.00031181078747702514, 0.010916895475389819, 0.0016663374464762784, 0.0023403904311416067, 0.0008286525528035086, -0.0001257863438646598], [-0.009580976787346275, -0.0005138487229977135, -0.001610314875293742, -0.0005576147397544389, 0.0016663374464762784, 0.013513243445714671, 0.004693264118918669, 0.0019473031774726996, -0.00011235694551499641], [-0.012455996464306143, -0.0005569332510459325, -0.001555746273353615, -0.00030359561251326345, 0.0023403904311416067, 0.004693264118918669, 0.015603581239933112, 0.0028434139854322466, 0.00030698969635745095], [-0.005482098078478505, -0.0003418471656299962, -0.001183986362863241, -0.0005443232283828332, 0.0008286525528035086, 0.0019473031774726996, 0.0028434139854322466, 0.011311500192355854, -0.00033269367730800163], [-0.001768893797612004, -0.00021990753953412753, -0.0009940653639826076, -0.0007629555534263199, -0.0001257863438646598, -0.00011235694551499641, 0.00030698969635745095, -0.00033269367730800163, 0.016636801621070826]]",
    "monomial_list": "[1, x8, x7, x6, x5, x4, x3, x2, x1]"
}