{
    "name": "Multiplier-8",
    "rational_expression": "2269*x1**2/1000 + 23707*x1*x2/5000 + 62809*x1*x3/10000 + 44533*x1*x4/10000 + 17607*x1*x5/5000 + 667*x1*x6/500 + 589*x1*x7/625 + 3203*x1*x8/10000 + 9171*x1/10000 + 92047*x2**2/10000 + 13509*x2*x3/500 + 5573*x2*x4/250 + 13767*x2*x5/1000 + 3091*x2*x6/1000 - 1979*x2*x7/1000 + 1711*x2*x8/2000 + 2393*x2/1000 + 3126*x3**2/125 + 45003*x3*x4/1000 + 22993*x3*x5/1000 + 4073*x3*x6/1000 - 2119*x3*x7/500 + 1617*x3*x8/1000 + 533*x3/250 + 23713*x4**2/1000 + 20621*x4*x5/1000 + 3511*x4*x6/1000 - 116*x4*x7/25 + 819*x4*x8/500 + 243*x4/200 + 74829*x5**2/10000 + 3807*x5*x6/1000 - 6161*x5*x7/10000 + 3953*x5*x8/5000 + 2951*x5/1000 + 481*x6**2/250 + 137*x6*x7/125 + 137*x6*x8/6250 + 2827*x6/1000 + 477*x7**2/200 - 27*x7*x8/100 + 434*x7/125 + 294*x8**2/125 + 181*x8/100 + 6199/1000",
    "Q": "[[6.198619336771386, 0.9072546940468661, 1.732943901839913, 1.41594240522045, 1.4722385012703076, 0.6071312190510777, 1.0640884480192767, 1.1969908111983005, 0.461672556279302], [0.9072546940468661, 2.3523949222093608, -0.13392668665516483, 0.010995968199083883, 0.3946727040757243, 0.8195077206129059, 0.809066499151146, 0.42929048206618725, 0.1604110844760827], [1.732943901839913, -0.13392668665516483, 2.3813004490035135, 0.5470439337391197, -0.30960712134076646, -2.319075885333013, -2.118021115867626, -0.9885131362697459, 0.47251956997254524], [1.41594240522045, 0.010995968199083883, 0.5470439337391197, 1.9266086023519116, 1.903840812179578, 1.7575248138557746, 2.037970924357299, 1.548053205997124, 0.6674802645835533], [1.4722385012703076, 0.3946727040757243, -0.30960712134076646, 1.903840812179578, 7.48702653921482, 10.314542525136313, 11.499935056431143, 6.88999405725443, 1.7571919937523282], [0.6071312190510777, 0.8195077206129059, -2.319075885333013, 1.7575248138557746, 10.314542525136313, 23.711282686085617, 22.500637837117807, 11.150521884984304, 2.2182687427199523], [1.0640884480192767, 0.809066499151146, -2.118021115867626, 2.037970924357299, 11.499935056431143, 22.500637837117807, 25.006486919845745, 13.514936633562101, 3.1331125695061766], [1.1969908111983005, 0.42929048206618725, -0.9885131362697459, 1.548053205997124, 6.88999405725443, 11.150521884984304, 13.514936633562101, 9.211989437358222, 2.36816752346644], [0.461672556279302, 0.1604110844760827, 0.47251956997254524, 0.6674802645835533, 1.7571919937523282, 2.2182687427199523, 3.1331125695061766, 2.36816752346644, 2.2673507429494615]]",
    "monomial_list": "[1, x8, x7, x6, x5, x4, x3, x2, x1]"
}