{
    "name": "Multiplier-2",
    "rational_expression": "1589*x1**2/1000 + 641*x1*x2/200 + 546*x1*x3/125 + 97*x1*x4/40 + 1333*x1*x5/500 + 1449*x1*x6/1000 + 619*x1*x7/500 - 2491*x1*x8/10000 + 407*x1/250 + 1803*x2**2/250 + 991*x2*x3/50 + 821*x2*x4/50 + 529*x2*x5/50 + 3549*x2*x6/1000 + 619*x2*x7/6250 - 154*x2*x8/125 + 893*x2/250 + 93*x3**2/5 + 337*x3*x4/10 + 359*x3*x5/20 + 1241*x3*x6/250 - 1107*x3*x7/1000 - 2287*x3*x8/1000 + 4521*x3/1000 + 1809*x4**2/100 + 1573*x4*x5/100 + 1083*x4*x6/250 - 1501*x4*x7/1000 - 209*x4*x8/100 + 63*x4/20 + 6001*x5**2/1000 + 4327*x5*x6/1000 + 1173*x5*x7/1000 - 249*x5*x8/200 + 1139*x5/250 + 1809*x6**2/1000 + 202*x6*x7/125 - 687*x6*x8/1250 + 3443*x6/1000 + 961*x7**2/500 - 587*x7*x8/2000 + 3561*x7/1000 + 28*x8**2/25 + 931*x8/500 + 732/125",
    "Q": "[[5.856250702289242, 0.9301790471160054, 1.782975020368505, 1.7203882476009469, 2.2788188391758433, 1.5763911634884862, 2.2583281125334786, 1.7846863976397058, 0.8139303099455617], [0.9301790471160054, 1.1197480839030096, -0.14689829248125735, -0.2745936104888786, -0.6226333331218176, -1.0449063237939122, -1.1440699621679322, -0.6170013826468689, -0.12522195142023662], [1.782975020368505, -0.14689829248125735, 1.923221159150266, 0.8072446663416474, 0.5889381574132356, -0.7491996326041057, -0.5521895352414419, 0.04945969075897571, 0.6197997275867035], [1.7203882476009469, -0.2745936104888786, 0.8072446663416474, 1.8081789386086518, 2.163298348864053, 2.16686485073273, 2.4814634376751545, 1.7740113715204813, 0.7238007296350996], [2.2788188391758433, -0.6226333331218176, 0.5889381574132356, 2.163298348864053, 6.001996597505994, 7.864668790166745, 8.975673374573493, 5.289107521208755, 1.3341692383583634], [1.5763911634884862, -1.0449063237939122, -0.7491996326041057, 2.16686485073273, 7.864668790166745, 18.09462096979883, 16.846688658589773, 8.208908699666454, 1.21563965731963], [2.2583281125334786, -1.1440699621679322, -0.5521895352414419, 2.4814634376751545, 8.975673374573493, 16.846688658589773, 18.591510834821403, 9.906538909791546, 2.186910883147946], [1.7846863976397058, -0.6170013826468689, 0.04945969075897571, 1.7740113715204813, 5.289107521208755, 8.208908699666454, 9.906538909791546, 7.20731136121104, 1.6038921040062817], [0.8139303099455617, -0.12522195142023662, 0.6197997275867035, 0.7238007296350996, 1.3341692383583634, 1.21563965731963, 2.186910883147946, 1.6038921040062817, 1.5908916503161938]]",
    "monomial_list": "[1, x8, x7, x6, x5, x4, x3, x2, x1]"
}