{
    "name": "Multiplier-6",
    "rational_expression": "2659*x1**2/50 - 7983*x1*x10/50000 - 20181*x1*x11/25000 - 3847*x1*x12/6250 - 583*x1*x13/800 + 1863*x1*x2/4000 - 16711*x1*x3/20000 + 693*x1*x4/6250 - 16849*x1*x5/20000 - 2853*x1*x6/25000 - 76527*x1*x7/100000 - 13797*x1*x8/25000 - 77213*x1*x9/100000 + 26567*x1/10000 + 26667*x10**2/500 - 24783*x10*x11/100000 - 43181*x10*x12/1000000 - 12827*x10*x13/50000 + 50447*x10*x2/100000 - 5163*x10*x3/20000 + 32233*x10*x4/100000 - 2601*x10*x5/10000 - 61377*x10*x6/1000000 - 34*x10*x7/125 - 186*x10*x8/3125 - 13629*x10*x9/50000 + 14399*x10/10000 + 26531*x11**2/500 - 3569*x11*x12/4000 - 10019*x11*x13/10000 + 8237*x11*x2/12500 - 628*x11*x3/625 + 11193*x11*x4/100000 - 5063*x11*x5/5000 + 6151*x11*x6/50000 - 94243*x11*x7/100000 - 21223*x11*x8/25000 - 4751*x11*x9/5000 + 35423*x11/10000 + 53159*x12**2/1000 - 80691*x12*x13/100000 + 9749*x12*x2/12500 - 91473*x12*x3/100000 + 8111*x12*x4/25000 - 461*x12*x5/500 - 14221*x12*x6/100000 - 74493*x12*x7/100000 - 26587*x12*x8/50000 - 85511*x12*x9/100000 + 16613*x12/5000 + 10619*x13**2/200 + 55313*x13*x2/100000 - 2029*x13*x3/2000 + 11169*x13*x4/100000 - 409*x13*x5/400 - 25313*x13*x6/5000000 - 8459*x13*x7/10000 - 75139*x13*x8/100000 - 95869*x13*x9/100000 + 16613*x13/5000 + 1334*x2**2/25 + 3301*x2*x3/5000 + 5371*x2*x4/12500 + 16631*x2*x5/25000 - 61681*x2*x6/1000000 + 28703*x2*x7/50000 + 16061*x2*x8/20000 + 14573*x2*x9/25000 - 16613*x2/10000 + 1326*x3**2/25 + 2807*x3*x4/25000 - 5043*x3*x5/5000 + 11817*x3*x6/100000 - 93743*x3*x7/100000 - 42277*x3*x8/50000 - 94661*x3*x9/100000 + 9143*x3/2500 + 53381*x4**2/1000 + 11279*x4*x5/100000 - 6797*x4*x6/500000 + 353*x4*x7/3125 + 16331*x4*x8/50000 + 11709*x4*x9/100000 + 53*x4/160 + 53021*x5**2/1000 + 24683*x5*x6/100000 - 93329*x5*x7/100000 - 1683*x5*x8/2000 - 21*x5*x9/20 + 18827*x5/5000 + 68353*x6**2/1000 - 29817*x6*x7/1000000 - 273*x6*x8/2000 + 69343*x6*x9/1000000 - 4651*x6/1000 + 53121*x7**2/1000 - 37779*x7*x8/50000 - 85849*x7*x9/100000 + 32111*x7/10000 + 26597*x8**2/500 - 75491*x8*x9/100000 + 32111*x8/10000 + 10617*x9**2/200 + 34341*x9/10000 + 55379/1000",
    "Q": "[[55.37900938327479, 1.7108709407398883, 1.585701402559858, 1.5949749143587437, -2.3170848777191173, 1.86340446439315, 0.17110786584431031, 1.8251987885412686, -0.8067141293781553, 1.67716478606346, 1.6878857746099352, 1.7775438881315726, 0.7405079385859409, 1.3421359443598089], [1.7108709407398883, 53.085327798261176, -0.39105317616867646, -0.450546603419104, 0.027525435221787672, -0.5055938283797521, 0.0391638853705645, -0.49990728667156276, 0.31089976025993565, -0.4710377195235518, -0.4222329273669439, -0.4922704364744867, -0.13912423240614144, -0.38232351153769206], [1.585701402559858, -0.39105317616867646, 53.19275423715254, -0.3649785433865908, -0.06146749894545843, -0.4172570303742458, 0.15284180128554525, -0.4106288872995496, 0.38766663618733044, -0.3846081922437135, -0.2736538517223676, -0.401928024197216, -0.011276408412115937, -0.3020836473428749], [1.5949749143587437, -0.450546603419104, -0.3649785433865908, 53.12088830742073, 0.0013252519230861556, -0.4799406220367602, 0.03874256550263005, -0.4731449286440359, 0.29255673121516257, -0.4428998995854519, -0.394704227037538, -0.4643388244109414, -0.1280584239677793, -0.3577623246509847], [-2.3170848777191173, 0.027525435221787672, -0.06146749894545843, 0.0013252519230861556, 68.35255362044867, 0.10431755105296614, -0.025820309301657886, 0.07976388340799052, -0.009183296688598793, 0.018784568327170046, -0.047322978401215195, 0.052053418320748515, -0.05259138662321277, -0.026028424113570668], [1.86340446439315, -0.5055938283797521, -0.4172570303742458, -0.4799406220367602, 0.10431755105296614, 53.019418204659075, 0.048673223126300014, -0.5232283102679325, 0.3449193269908763, -0.4989087109482348, -0.4490387465430956, -0.5165948774802309, -0.14738986826237344, -0.4115803963130658], [0.17110786584431031, 0.0391638853705645, 0.15284180128554525, 0.03874256550263005, -0.025820309301657886, 0.048673223126300014, 53.38099899868418, 0.04582947086781692, 0.18950708231761862, 0.03760559252060807, 0.142025622743788, 0.044023472598079816, 0.172206105477218, 0.04410033661581623], [1.8251987885412686, -0.49990728667156276, -0.4106288872995496, -0.4731449286440359, 0.07976388340799052, -0.5232283102679325, 0.04582947086781692, 53.040986019100785, 0.3357154912349676, -0.4928207882996626, -0.44255147846117526, -0.5115032504333589, -0.14509485409154785, -0.40418196184038085], [-0.8067141293781553, 0.31089976025993565, 0.38766663618733044, 0.29255673121516257, -0.009183296688598793, 0.3449193269908763, 0.18950708231761862, 0.3357154912349676, 53.359657728735876, 0.3040624559125636, 0.39485513179794374, 0.3262604287604922, 0.268171410770854, 0.2583275432160943], [1.67716478606346, -0.4710377195235518, -0.3846081922437135, -0.4428998995854519, 0.018784568327170046, -0.4989087109482348, 0.03760559252060807, -0.4928207882996626, 0.3040624559125636, 53.096236375061316, -0.41535135347615304, -0.4847324523007697, -0.13712269508888975, -0.3754810201959768], [1.6878857746099352, -0.4222329273669439, -0.2736538517223676, -0.394704227037538, -0.047322978401215195, -0.4490387465430956, 0.142025622743788, -0.44255147846117526, 0.39485513179794374, -0.41535135347615304, 53.16097224698258, -0.4337531731525904, -0.03142040669963475, -0.32794708196266104], [1.7775438881315726, -0.4922704364744867, -0.401928024197216, -0.4643388244109414, 0.052053418320748515, -0.5165948774802309, 0.044023472598079816, -0.5115032504333589, 0.3262604287604922, -0.4847324523007697, -0.4337531731525904, 53.061839613675716, -0.14153093626398114, -0.39504608265792435], [0.7405079385859409, -0.13912423240614144, -0.011276408412115937, -0.1280584239677793, -0.05259138662321277, -0.14738986826237344, 0.172206105477218, -0.14509485409154785, 0.268171410770854, -0.13712269508888975, -0.03142040669963475, -0.14153093626398114, 53.33561373448866, -0.09888714058335103], [1.3421359443598089, -0.38232351153769206, -0.3020836473428749, -0.3577623246509847, -0.026028424113570668, -0.4115803963130658, 0.04410033661581623, -0.40418196184038085, 0.2583275432160943, -0.3754810201959768, -0.32794708196266104, -0.39504608265792435, -0.09888714058335103, 53.18151211732335]]",
    "monomial_list": "[1, x9, x8, x7, x6, x5, x4, x3, x2, x13, x12, x11, x10, x1]"
}