{
    "name": "Multiplier-7",
    "rational_expression": "367*x1**2/250 + 1657*x1*x2/500 + 1677*x1*x3/400 + 6963*x1*x4/2500 + 25413*x1*x5/10000 + 603*x1*x6/500 + 148*x1*x7/125 - 142*x1*x8/625 + 323*x1/200 + 77811*x2**2/10000 + 11953*x2*x3/500 + 20393*x2*x4/1000 + 99*x2*x5/8 + 2969*x2*x6/1000 + 1071*x2*x7/2500 - 753*x2*x8/500 + 1449*x2/500 + 22131*x3**2/1000 + 8247*x3*x4/200 + 4137*x3*x5/200 + 1871*x3*x6/500 - 1611*x3*x7/5000 - 1441*x3*x8/500 + 2797*x3/1000 + 21761*x4**2/1000 + 759*x4*x5/40 + 3059*x4*x6/1000 - 4493*x4*x7/5000 - 111*x4*x8/40 + 731*x4/500 + 65531*x5**2/10000 + 3411*x5*x6/1000 + 667*x5*x7/500 - 283*x5*x8/200 + 3851*x5/1000 + 69*x6**2/40 + 543*x6*x7/500 - 2179*x6*x8/5000 + 4309*x6/1000 + 2243*x7**2/1000 - 581*x7*x8/12500 + 577*x7/200 + 138*x8**2/125 + 211*x8/100 + 1589/250",
    "Q": "[[6.356341186343652, 1.0573103124106675, 1.4418899612027412, 2.1546218484088575, 1.9250339383831305, 0.7332617591587207, 1.4000890110129032, 1.4462444337052935, 0.8075286860828652], [1.0573103124106675, 1.1029330113581162, -0.023013249789361662, -0.21729429907453873, -0.7055902940332927, -1.384971078722294, -1.4385977676291761, -0.7527205278219227, -0.1132842236643597], [1.4418899612027412, -0.023013249789361662, 2.2426927330086093, 0.5437336953166894, 0.6660441380296725, -0.4491839854885233, -0.1609257947672941, 0.21427191567479476, 0.5927035426295025], [2.1546218484088575, -0.21729429907453873, 0.5437336953166894, 1.726473315398015, 1.705871216022823, 1.5308721228206086, 1.8727497994627786, 1.4843476576638297, 0.6032975550922429], [1.9250339383831305, -0.7055902940332927, 0.6660441380296725, 1.705871216022823, 6.55296102997135, 9.488153386838466, 10.343340707261165, 6.188560192222533, 1.2672003597460457], [0.7332617591587207, -1.384971078722294, -0.4491839854885233, 1.5308721228206086, 9.488153386838466, 21.762097820018706, 20.621732716772335, 10.195991824681979, 1.3881197003270382], [1.4000890110129032, -1.4385977676291761, -0.1609257947672941, 1.8727497994627786, 10.343340707261165, 20.621732716772335, 22.13620684339003, 11.954282570186242, 2.091163247416942], [1.4462444337052935, -0.7527205278219227, 0.21427191567479476, 1.4843476576638297, 6.188560192222533, 10.195991824681979, 11.954282570186242, 7.781866304539997, 1.6535017064099953], [0.8075286860828652, -0.1132842236643597, 0.5927035426295025, 0.6032975550922429, 1.2672003597460457, 1.3881197003270382, 2.091163247416942, 1.6535017064099953, 1.4675453602181336]]",
    "monomial_list": "[1, x8, x7, x6, x5, x4, x3, x2, x1]"
}