{
    "name": "Multiplier-4",
    "rational_expression": "10577*x1**2/200 - 6677*x1*x10/50000 - 12123*x1*x11/10000 - 87747*x1*x12/100000 - 10697*x1*x13/10000 + 77209*x1*x2/100000 - 12887*x1*x3/10000 + 2481*x1*x4/12500 - 2633*x1*x5/2000 - 12261*x1*x6/20000 - 10799*x1*x7/10000 - 40197*x1*x8/50000 - 1367*x1*x9/1250 + 35853*x1/10000 + 13291*x10**2/250 - 31871*x10*x11/100000 + 11277*x10*x12/125000 - 4451*x10*x13/20000 + 10087*x10*x2/12500 - 22939*x10*x3/100000 + 7343*x10*x4/500000 - 11713*x10*x5/50000 + 3753*x10*x6/25000 - 3177*x10*x7/12500 + 16093*x10*x8/100000 - 12603*x10*x9/50000 + 833*x10/625 + 52681*x11**2/1000 - 12919*x11*x12/10000 - 1983*x11*x13/1250 + 11209*x11*x2/10000 - 8501*x11*x3/5000 + 16253*x11*x4/50000 - 17371*x11*x5/10000 - 21949*x11*x6/25000 - 7133*x11*x7/5000 - 1453*x11*x8/1250 - 7763*x11*x9/5000 + 12561*x11/2500 + 13229*x12**2/250 - 12337*x12*x13/10000 + 12773*x12*x2/10000 - 2701*x12*x3/2000 + 13357*x12*x4/100000 - 862*x12*x5/625 - 9603*x12*x6/20000 - 11531*x12*x7/10000 - 2096*x12*x8/3125 - 12719*x12*x9/10000 + 43049*x12/10000 + 52753*x13**2/1000 + 2059*x13*x2/2000 - 16217*x13*x3/10000 + 35469*x13*x4/100000 - 8287*x13*x5/5000 - 78563*x13*x6/100000 - 6691*x13*x7/5000 - 10689*x13*x8/10000 - 14611*x13*x9/10000 + 23589*x13/5000 + 26607*x2**2/500 + 11197*x2*x3/10000 - 1687*x2*x4/6250 + 6261*x2*x5/5000 + 95253*x2*x6/100000 + 18029*x2*x7/20000 + 12559*x2*x8/10000 + 10277*x2*x9/10000 - 3461*x2/1250 + 13157*x3**2/250 + 5571*x3*x4/12500 - 18279*x3*x5/10000 - 86847*x3*x6/100000 - 7611*x3*x7/5000 - 11533*x3*x8/10000 - 2061*x3*x9/1250 + 52309*x3/10000 + 68319*x4**2/1000 + 22039*x4*x5/50000 + 44441*x4*x6/1000000 + 23041*x4*x7/100000 + 19433*x4*x8/250000 + 31943*x4*x9/100000 - 44613*x4/5000 + 52573*x5**2/1000 - 86227*x5*x6/100000 - 3781*x5*x7/2500 - 6261*x5*x8/5000 - 8197*x5*x9/5000 + 54311*x5/10000 + 13253*x6**2/250 - 70089*x6*x7/100000 - 40489*x6*x8/100000 - 81101*x6*x9/100000 + 29721*x6/10000 + 52793*x7**2/1000 - 48841*x7*x8/50000 - 857*x7*x9/625 + 2757*x7/625 + 26481*x8**2/500 - 10789*x8*x9/10000 + 19491*x8/5000 + 52731*x9**2/1000 + 2409*x9/500 + 25629/500",
    "Q": "[[51.25827207453698, 2.398876529769441, 1.9711659086594564, 2.2092867529411575, 1.4818398397007617, 2.697231599972458, -4.4539341727445105, 2.614170152185409, -1.404818701863694, 2.3435163048824874, 2.1561336997001557, 2.5161081454007705, 0.6829279590092584, 1.8179943630392439], [2.398876529769441, 52.730431151113294, -0.5493408165329754, -0.6920281094612633, -0.407572896398448, -0.8406996412744, 0.15567494753610522, -0.8163182740214971, 0.5137495560500586, -0.7355345595892687, -0.6116734815274788, -0.7886103546459458, -0.13111678957746872, -0.5664288812872202], [1.9711659086594564, -0.5493408165329754, 52.9631291374087, -0.503321384949746, -0.1837617229788652, -0.6159507100022203, 0.061143574004034876, -0.5954232942521216, 0.613974194186979, -0.5375924332468098, -0.32819414185082163, -0.5723829628915507, 0.07226845403948484, -0.40301180190573543], [2.2092867529411575, -0.6920281094612633, -0.503321384949746, 52.794173716673136, -0.3732536656636828, -0.7797652438313522, 0.12945289911465493, -0.7549764697885655, 0.46858054167556157, -0.6753764959105425, -0.5606284018229495, -0.7266050866226892, -0.11998626573167473, -0.5184659304264236], [1.4818398397007617, -0.407572896398448, -0.1837617229788652, -0.3732536656636828, 53.012360890881936, -0.4579377844532875, 0.04232611674959554, -0.44187644174246093, 0.48982897729334557, -0.3989828267789182, -0.2273138787976103, -0.42419030916809686, 0.07965154296547389, -0.2979371825618407], [2.697231599972458, -0.8406996412744, -0.6159507100022203, -0.7797652438313522, -0.4579377844532875, 52.57260262562007, 0.2163259240142373, -0.9031813229412536, 0.6121162726252404, -0.8237403758270035, -0.6848733208822128, -0.8743483611056722, -0.13666593945304856, -0.6456820256920844], [-4.4539341727445105, 0.15567494753610522, 0.061143574004034876, 0.12945289911465493, 0.04232611674959554, 0.2163259240142373, 68.31811183225031, 0.19652464823507507, -0.10484366652809907, 0.14755654059218437, 0.0754005038997698, 0.1753691456382893, -0.010831632572217404, 0.09101385605731979], [2.614170152185409, -0.8163182740214971, -0.5954232942521216, -0.7549764697885655, -0.44187644174246093, -0.9031813229412536, 0.19652464823507507, 52.62681650758371, 0.5841910398630985, -0.7991774491173775, -0.6628479335010807, -0.8499348963906176, -0.13401975710481698, -0.6222049986639724], [-1.404818701863694, 0.5137495560500586, 0.613974194186979, 0.46858054167556157, 0.48982897729334557, 0.6121162726252404, -0.10484366652809907, 0.5841910398630985, 53.21578353647511, 0.4971733546817021, 0.6353629062625367, 0.5537107078882731, 0.4048429446191014, 0.3968231041570477], [2.3435163048824874, -0.7355345595892687, -0.5375924332468098, -0.6753764959105425, -0.3989828267789182, -0.8237403758270035, 0.14755654059218437, -0.7991774491173775, 0.4971733546817021, 52.7507402406767, -0.5983722199068483, -0.7710730970651163, -0.13003521957015363, -0.5525036336422993], [2.1561336997001557, -0.6116734815274788, -0.32819414185082163, -0.5606284018229495, -0.2273138787976103, -0.6848733208822128, 0.0754005038997698, -0.6628479335010807, 0.6353629062625367, -0.5983722199068483, 52.91348864865202, -0.6378751391208254, 0.04555800012585079, -0.45045083228462324], [2.5161081454007705, -0.7886103546459458, -0.5723829628915507, -0.7266050866226892, -0.42419030916809686, -0.8743483611056722, 0.1753691456382893, -0.8499348963906176, 0.5537107078882731, -0.7710730970651163, -0.6378751391208254, 52.680260638786876, -0.1307456133505898, -0.5960200173051107], [0.6829279590092584, -0.13111678957746872, 0.07226845403948484, -0.11998626573167473, 0.07965154296547389, -0.13666593945304856, -0.010831632572217404, -0.13401975710481698, 0.4048429446191014, -0.13003521957015363, 0.04555800012585079, -0.1307456133505898, 53.164633785175695, -0.08634797806769935], [1.8179943630392439, -0.5664288812872202, -0.40301180190573543, -0.5184659304264236, -0.2979371825618407, -0.6456820256920844, 0.09101385605731979, -0.6222049986639724, 0.3968231041570477, -0.5525036336422993, -0.45045083228462324, -0.5960200173051107, -0.08634797806769935, 52.88681786297958]]",
    "monomial_list": "[1, x9, x8, x7, x6, x5, x4, x3, x2, x13, x12, x11, x10, x1]"
}