{
    "name": "Multiplier-7",
    "rational_expression": "53841*x1**2/1000 + 11151*x1*x10/100000 + 58663*x1*x11/100000 + 46433*x1*x12/100000 + 2883*x1*x13/5000 - 1383*x1*x2/4000 + 57621*x1*x3/100000 - 12053*x1*x4/100000 + 28643*x1*x5/50000 + 33369*x1*x6/100000 + 57469*x1*x7/100000 + 557*x1*x8/1250 + 55809*x1*x9/100000 - 13033*x1/10000 + 53677*x10**2/1000 + 5657*x10*x11/50000 + 22089*x10*x12/100000 + 11051*x10*x13/100000 + 10981*x10*x2/100000 + 1367*x10*x3/6250 + 11047*x10*x4/100000 + 5433*x10*x5/25000 + 10869*x10*x6/100000 + 13697*x10*x7/100000 + 10779*x10*x8/50000 + 2099*x10*x9/20000 + 3283*x10/12500 + 6746*x11**2/125 + 1379*x11*x12/2000 + 40593*x11*x13/50000 - 35763*x11*x2/100000 + 9233*x11*x3/10000 - 771*x11*x4/6250 + 45891*x11*x5/50000 + 22553*x11*x6/50000 + 42661*x11*x7/50000 + 827*x11*x8/1250 + 4903*x11*x9/6250 - 19559*x11/10000 + 53877*x12**2/1000 + 1443*x12*x13/2500 - 11939*x12*x2/50000 + 13647*x12*x3/20000 - 101*x12*x4/10000 + 19741*x12*x5/25000 + 2783*x12*x6/6250 + 70697*x12*x7/100000 + 13739*x12*x8/25000 + 65989*x12*x9/100000 - 5253*x12/5000 + 13483*x13**2/250 - 4437*x13*x2/12500 + 40341*x13*x3/50000 - 12549*x13*x4/100000 + 80219*x13*x5/100000 + 281*x13*x6/625 + 14341*x13*x7/20000 + 11111*x13*x8/20000 + 78267*x13*x9/100000 - 9133*x13/5000 + 6728*x2**2/125 - 7127*x2*x3/20000 + 337*x2*x4/1000 - 35383*x2*x5/100000 - 373*x2*x6/3125 - 3239*x2*x7/20000 - 23039*x2*x8/100000 - 17317*x2*x9/50000 + 2119*x2/1250 + 26991*x3**2/500 - 771*x3*x4/6250 + 2561*x3*x5/2500 + 11287*x3*x6/25000 + 6223*x3*x7/6250 + 827*x3*x8/1250 + 4903*x3*x9/6250 - 19559*x3/10000 + 13433*x4**2/250 - 18533*x4*x5/1000000 - 63441*x4*x6/10000000 - 2979*x4*x7/200000 - 4377*x4*x8/500000 - 12513*x4*x9/100000 + 11779*x4/10000 + 54001*x5**2/1000 + 11147*x5*x6/20000 + 1139*x5*x7/1000 + 66217*x5*x8/100000 + 2241*x5*x9/2500 - 19559*x5/10000 + 6721*x6**2/125 + 1324*x6*x7/3125 + 8811*x6*x8/20000 + 11091*x6*x9/25000 - 65263*x6/100000 + 3433*x7**2/50 + 5537*x7*x8/10000 + 77901*x7*x9/100000 - 15639*x7/10000 + 13461*x8**2/250 + 27633*x8*x9/50000 - 91527*x8/100000 + 6743*x9**2/125 - 9133*x9/5000 + 65199/1000",
    "Q": "[[65.19856637850448, -0.9062640066047116, -0.4288533746541343, -0.8022754684819915, -0.3034084767216198, -0.9939358300221732, 0.5542355283498607, -0.974561301927793, 0.846413538088965, -0.8802412061356999, -0.5140886080166123, -0.9494798868152666, 0.1560790955258526, -0.6607265983442372], [-0.9062640066047116, 53.94405277768713, 0.2948643871350826, 0.4075698811394962, 0.21984349228992053, 0.4345066875685632, -0.06862202324731816, 0.41693647770571446, -0.18256841797386633, 0.3629324055103416, 0.325243186901394, 0.39900414547367, 0.06767266738325284, 0.2758924157493968], [-0.4288533746541343, 0.2948643871350826, 53.84337569275718, 0.2911736808429379, 0.19580210090758504, 0.34324935303813425, -0.019101490515316517, 0.3291435888965001, -0.0952110025892827, 0.28463988118347905, 0.28053425713563884, 0.31505207334066226, 0.08284903829609265, 0.2184214300171975], [-0.8022754684819915, 0.4075698811394962, 0.2911736808429379, 68.66090386499448, 0.20514973932043404, 0.5563792469462167, -0.0013769421126800074, 0.5099518315070721, -0.10995793316299356, 0.3859392092080244, 0.33134107705353494, 0.45913629199079614, 0.09256257980024793, 0.25504428028326004], [-0.3034084767216198, 0.21984349228992053, 0.19580210090758504, 0.20514973932043404, 53.767101705197376, 0.25244109625800576, -0.015712085330380984, 0.24325301473681862, -0.07112530691726121, 0.2125548009881434, 0.21175219228391753, 0.23403726158345042, 0.06256473586686416, 0.16487735893861483], [-0.9939358300221732, 0.4345066875685632, 0.34324935303813425, 0.5563792469462167, 0.25244109625800576, 54.00127354435939, -0.035150733480817306, 0.5027545794306871, -0.16315134931810468, 0.4177766382987484, 0.3803969508339507, 0.4717996789664335, 0.09924443947958703, 0.3056839406149549], [0.5542355283498607, -0.06862202324731816, -0.019101490515316517, -0.0013769421126800074, -0.015712085330380984, -0.035150733480817306, 53.731613726218534, -0.0469261056984723, 0.1672476180789979, -0.07073351148772253, -0.02427401650940817, -0.05939902527747695, 0.05929850829555746, -0.06942192501393532], [-0.974561301927793, 0.41693647770571446, 0.3291435888965001, 0.5099518315070721, 0.24325301473681862, 0.5027545794306871, -0.0469261056984723, 53.98203776797499, -0.17099804787265127, 0.40170474351717644, 0.3642040796326619, 0.4501730702852238, 0.08896705337016267, 0.2978182382982937], [0.846413538088965, -0.18256841797386633, -0.0952110025892827, -0.10995793316299356, -0.07112530691726121, -0.16315134931810468, 0.1672476180789979, -0.17099804787265127, 53.82410444266655, -0.18112913192754906, -0.11060489314999072, -0.17942800498486097, 0.05379548057843905, -0.15088034871261097], [-0.8802412061356999, 0.3629324055103416, 0.28463988118347905, 0.3859392092080244, 0.2125548009881434, 0.4177766382987484, -0.07073351148772253, 0.40170474351717644, -0.18112913192754906, 53.931673413045644, 0.31392348302339895, 0.38541886883095255, 0.06329161250384627, 0.26789937059796853], [-0.5140886080166123, 0.325243186901394, 0.28053425713563884, 0.33134107705353494, 0.21175219228391753, 0.3803969508339507, -0.02427401650940817, 0.3642040796326619, -0.11060489314999072, 0.31392348302339895, 53.8775026774943, 0.3480499802741747, 0.08765386674497078, 0.2397310403927638], [-0.9494798868152666, 0.39900414547367, 0.31505207334066226, 0.45913629199079614, 0.23403726158345042, 0.4717996789664335, -0.05939902527747695, 0.4501730702852238, -0.17942800498486097, 0.38541886883095255, 0.3480499802741747, 53.96695078147257, 0.07868220707070646, 0.2901271581085383], [0.1560790955258526, 0.06767266738325284, 0.08284903829609265, 0.09256257980024793, 0.06256473586686416, 0.09924443947958703, 0.05929850829555746, 0.08896705337016267, 0.05379548057843905, 0.06329161250384627, 0.08765386674497078, 0.07868220707070646, 53.67628446344658, 0.042294743756773764], [-0.6607265983442372, 0.2758924157493968, 0.2184214300171975, 0.25504428028326004, 0.16487735893861483, 0.3056839406149549, -0.06942192501393532, 0.2978182382982937, -0.15088034871261097, 0.26789937059796853, 0.2397310403927638, 0.2901271581085383, 0.042294743756773764, 53.8406031360373]]",
    "monomial_list": "[1, x9, x8, x7, x6, x5, x4, x3, x2, x13, x12, x11, x10, x1]"
}