{
    "name": "Multiplier-3",
    "rational_expression": "293*x1**2/200 + 3113*x1*x2/1000 + 127*x1*x3/40 + 953*x1*x4/500 + 273*x1*x5/125 + 327*x1*x6/250 + 1301*x1*x7/1000 - 279*x1*x8/1250 + 397*x1/250 + 253*x2**2/40 + 448*x2*x3/25 + 1553*x2*x4/100 + 1001*x2*x5/100 + 1567*x2*x6/500 - 561*x2*x7/5000 - 241*x2*x8/200 + 943*x2/250 + 1713*x3**2/100 + 3181*x3*x4/100 + 791*x3*x5/50 + 1043*x3*x6/250 - 597*x3*x7/500 - 101*x3*x8/50 + 3971*x3/1000 + 1783*x4**2/100 + 371*x4*x5/25 + 701*x4*x6/200 - 2147*x4*x7/1000 - 1937*x4*x8/1000 + 364*x4/125 + 5497*x5**2/1000 + 3913*x5*x6/1000 + 1091*x5*x7/1000 - 1141*x5*x8/1000 + 2217*x5/500 + 829*x6**2/500 + 1617*x6*x7/1000 - 1289*x6*x8/2500 + 3419*x6/1000 + 1889*x7**2/1000 - 583*x7*x8/2500 + 343*x7/100 + 123*x8**2/125 + 193*x8/125 + 1103/200",
    "Q": "[[5.514845126148201, 0.7708237982179493, 1.7127980708887935, 1.7081192174682907, 2.2187666499378778, 1.4545767732599506, 1.982715174850466, 1.8863170618393255, 0.7949043774012067], [0.7708237982179493, 0.9826219065622801, -0.11744175176578227, -0.2584535480742085, -0.5702056652684235, -0.9682749342740072, -1.010014400547319, -0.602161535434518, -0.11135691047546427], [1.7127980708887935, -0.11744175176578227, 1.8869983618146076, 0.8073863784425263, 0.5445791774753889, -1.073491747227984, -0.5988455703000776, -0.056567669473140694, 0.6499618951516909], [1.7081192174682907, -0.2584535480742085, 0.8073863784425263, 1.6572135748290158, 1.9566735747688437, 1.752414388412867, 2.084937700081444, 1.5671884885533585, 0.6536750288102988], [2.2187666499378778, -0.5702056652684235, 0.5445791774753889, 1.9566735747688437, 5.502324459595642, 7.42520629163553, 7.914236265207831, 5.008623688435075, 1.0931293503041777], [1.4545767732599506, -0.9682749342740072, -1.073491747227984, 1.752414388412867, 7.42520629163553, 17.830981008375762, 15.90675718397421, 7.770547219953323, 0.9539194948758283], [1.982715174850466, -1.010014400547319, -0.5988455703000776, 2.084937700081444, 7.914236265207831, 15.90675718397421, 17.135861897886766, 8.961226772017033, 1.5871095566059645], [1.8863170618393255, -0.602161535434518, -0.056567669473140694, 1.5671884885533585, 5.008623688435075, 7.770547219953323, 8.961226772017033, 6.327804897351776, 1.5574078700702116], [0.7949043774012067, -0.11135691047546427, 0.6499618951516909, 0.6536750288102988, 1.0931293503041777, 0.9539194948758283, 1.5871095566059645, 1.5574078700702116, 1.4646419111207167]]",
    "monomial_list": "[1, x8, x7, x6, x5, x4, x3, x2, x1]"
}