{
    "name": "Multiplier-3",
    "rational_expression": "293*x1**2/200 + 3113*x1*x2/1000 + 127*x1*x3/40 + 953*x1*x4/500 + 273*x1*x5/125 + 327*x1*x6/250 + 1301*x1*x7/1000 - 279*x1*x8/1250 + 397*x1/250 + 253*x2**2/40 + 448*x2*x3/25 + 1553*x2*x4/100 + 1001*x2*x5/100 + 1567*x2*x6/500 - 561*x2*x7/5000 - 241*x2*x8/200 + 943*x2/250 + 1713*x3**2/100 + 3181*x3*x4/100 + 791*x3*x5/50 + 1043*x3*x6/250 - 597*x3*x7/500 - 101*x3*x8/50 + 3971*x3/1000 + 1783*x4**2/100 + 371*x4*x5/25 + 701*x4*x6/200 - 2147*x4*x7/1000 - 1937*x4*x8/1000 + 364*x4/125 + 5497*x5**2/1000 + 3913*x5*x6/1000 + 1091*x5*x7/1000 - 1141*x5*x8/1000 + 2217*x5/500 + 829*x6**2/500 + 1617*x6*x7/1000 - 1289*x6*x8/2500 + 3419*x6/1000 + 1889*x7**2/1000 - 583*x7*x8/2500 + 343*x7/100 + 123*x8**2/125 + 193*x8/125 + 1103/200",
    "Q": "[[5.5148451259215525, 0.7708237981613134, 1.7127980707986064, 1.7081192173320519, 2.2187666497052234, 1.454576773045344, 1.9827151745760274, 1.8863170617025067, 0.7949043773221143], [0.7708237981613134, 0.9826219065321713, -0.11744175178452486, -0.25845354805928816, -0.5702056652288647, -0.9682749342243562, -1.01001440049721, -0.6021615354366014, -0.11135691046932848], [1.7127980707986064, -0.11744175178452486, 1.8869983617415624, 0.8073863783852155, 0.5445791774246408, -1.0734917471811978, -0.5988455702842903, -0.056567669476030966, 0.6499618951234659], [1.7081192173320519, -0.25845354805928816, 0.8073863783852155, 1.6572135747720105, 1.9566735747577573, 1.7524143884756875, 2.084937700126738, 1.5671884885191172, 0.6536750287725162], [2.2187666497052234, -0.5702056652288647, 0.5445791774246408, 1.9566735747577573, 5.502324459643392, 7.425206291865363, 7.914236265406719, 5.008623688500776, 1.0931293503102002], [1.454576773045344, -0.9682749342243562, -1.0734917471811978, 1.7524143884756875, 7.425206291865363, 17.830981008612028, 15.90675718426608, 7.770547220171611, 0.9539194949688746], [1.9827151745760274, -1.01001440049721, -0.5988455702842903, 2.084937700126738, 7.914236265406719, 15.90675718426608, 17.13586189809691, 8.96122677215446, 1.587109556679841], [1.8863170617025067, -0.6021615354366014, -0.056567669476030966, 1.5671884885191172, 5.008623688500776, 7.770547220171611, 8.96122677215446, 6.327804897478038, 1.557407870071861], [0.7949043773221143, -0.11135691046932848, 0.6499618951234659, 0.6536750287725162, 1.0931293503102002, 0.9539194949688746, 1.587109556679841, 1.557407870071861, 1.4646419110822713]]",
    "monomial_list": "[1, x8, x7, x6, x5, x4, x3, x2, x1]"
}