{
    "name": "Multiplier-1",
    "rational_expression": "3*x1**2/250 - 433*x1*x2/500000 + 653*x1*x3/1000000 - 229*x1*x4/10000000 - x1*x5/1000 - 141*x1*x6/100000 - 29*x1*x7/20000 - 11*x1*x8/25000 - 13*x1/5000 + 857*x2**2/100000 + 43*x2*x3/12500 + 99*x2*x4/50000 - 39*x2*x5/200000 - 81*x2*x6/50000 - 99*x2*x7/50000 - 327*x2*x8/500000 - 63*x2/12500 + 57*x3**2/5000 + 147*x3*x4/20000 + 53*x3*x5/25000 - 189*x3*x6/200000 - 183*x3*x7/100000 - 431*x3*x8/500000 - 2*x3/125 + 979*x4**2/100000 + 993*x4*x5/1000000 - 9*x4*x6/6250 - 107*x4*x7/50000 - 439*x4*x8/500000 - 3*x4/250 + 41*x5**2/5000 - 147*x5*x6/100000 - 21*x5*x7/12500 - 51*x5*x8/100000 - 3*x5/1250 + 831*x6**2/100000 - 31*x6*x7/25000 - 29*x6*x8/100000 + 37*x6/10000 + 841*x7**2/100000 - 197*x7*x8/1000000 + 271*x7/50000 + 81*x8**2/10000 + 11*x8/5000 + 21/1000",
    "Q": "[[0.020988655052656395, 0.0011088819098144446, 0.002698155302539222, 0.0018211628613451953, -0.0012004242942584206, -0.006001592861988173, -0.00797692323431433, -0.002527141125580037, -0.0012724427015051738], [0.0011088819098144446, 0.0076417541290008705, -8.683599108301763e-05, -0.00012834647594624216, -0.0002465809214637786, -0.00043243577510465397, -0.00043196617201870385, -0.00031645926684948256, -0.00021331096566128238], [0.002698155302539222, -8.683599108301763e-05, 0.007972376413576898, -0.000576557210049414, -0.0008004185191206803, -0.0010489408608617733, -0.0009207180065090994, -0.000950536119573261, -0.0006948070214031356], [0.0018211628613451953, -0.00012834647594624216, -0.000576557210049414, 0.00779265728548789, -0.0006945308794420918, -0.0007026853141522832, -0.00048189119289956045, -0.0007718790472250964, -0.0006637008491849963], [-0.0012004242942584206, -0.0002465809214637786, -0.0008004185191206803, -0.0006945308794420918, 0.007858753997505241, 0.0004882477563590818, 0.0010305583266364856, -8.544039277911328e-05, -0.00047223423308306536], [-0.006001592861988173, -0.00043243577510465397, -0.0010489408608617733, -0.0007026853141522832, 0.0004882477563590818, 0.009932599973884506, 0.003694375621634136, 0.000991290999124923, -2.0504700964307864e-05], [-0.00797692323431433, -0.00043196617201870385, -0.0009207180065090994, -0.00048189119289956045, 0.0010305583266364856, 0.003694375621634136, 0.011315727319891592, 0.001722146731970821, 0.00032450496930377275], [-0.002527141125580037, -0.00031645926684948256, -0.000950536119573261, -0.0007718790472250964, -8.544039277911328e-05, 0.000991290999124923, 0.001722146731970821, 0.008251634451482357, -0.00041532080593344357], [-0.0012724427015051738, -0.00021331096566128238, -0.0006948070214031356, -0.0006637008491849963, -0.00047223423308306536, -2.0504700964307864e-05, 0.00032450496930377275, -0.00041532080593344357, 0.012405722316615724]]",
    "monomial_list": "[1, x8, x7, x6, x5, x4, x3, x2, x1]"
}