{
    "name": "Multiplier-5",
    "rational_expression": "691*x1**2/100000 - 6*x1*x2/3125 - 427*x1*x3/1000000 - x1*x4/800 - 31*x1*x5/20000 - 83*x1*x6/50000 - 197*x1*x7/100000 - x1*x8/2500 + 7*x1/2000 + 3*x2**2/400 + 161*x2*x3/50000 + 91*x2*x4/50000 - 739*x2*x5/10000000 - 29*x2*x6/20000 - 197*x2*x7/100000 - 57*x2*x8/100000 - 33*x2/10000 + 497*x3**2/50000 + 387*x3*x4/50000 + 213*x3*x5/100000 - 753*x3*x6/1000000 - 73*x3*x7/50000 - 61*x3*x8/100000 - 129*x3/10000 + 469*x4**2/50000 + x4*x5/800 - 127*x4*x6/100000 - 197*x4*x7/100000 - 369*x4*x8/500000 - 969*x4/100000 + 57*x5**2/5000 - 123*x5*x6/100000 - 39*x5*x7/25000 - 19*x5*x8/40000 - 529*x5/100000 + 631*x6**2/100000 - 73*x6*x7/50000 - 29*x6*x8/100000 + 9*x6/2500 + 737*x7**2/100000 - 223*x7*x8/1000000 + 497*x7/100000 + 3*x8**2/500 + 9*x8/5000 + 9/500",
    "Q": "[[0.018076596069047032, 0.000889938013592579, 0.0024976446848433624, 0.0018143951512152822, -0.0026637500788159007, -0.004856215545003262, -0.006495050754230297, -0.0016474314891380913, 0.001739519316669508], [0.000889938013592579, 0.006465008981376927, -0.00013065097577923037, -0.00016364136994693096, -0.000249519882450639, -0.00038341981564411325, -0.0003040500725923358, -0.0002984342663515582, -0.00022039542511692413], [0.0024976446848433624, -0.00013065097577923037, 0.006995760975465462, -0.000678434616217279, -0.0007597170539162682, -0.0009689990729905822, -0.0007430446026727856, -0.0009425031843128407, -0.0009130703871882972], [0.0018143951512152822, -0.00016364136994693096, -0.000678434616217279, 0.006818100450135748, -0.0006563512845561629, -0.0006595345857921275, -0.0003593909744061707, -0.0007853265441185249, -0.0009390206075447793], [-0.0026637500788159007, -0.000249519882450639, -0.0007597170539162682, -0.0006563512845561629, 0.011109773088641771, 0.0006319426745923945, 0.0010623318019033824, -2.3083905994827204e-05, -0.0007486419415194156], [-0.004856215545003262, -0.00038341981564411325, -0.0009689990729905822, -0.0006595345857921275, 0.0006319426745923945, 0.008852002518731014, 0.0037320454837418116, 0.0008862247145517617, -0.0006116732735259094], [-0.006495050754230297, -0.0003040500725923358, -0.0007430446026727856, -0.0003593909744061707, 0.0010623318019033824, 0.0037320454837418116, 0.010018590677500244, 0.0016195243532463107, -0.00020654709868456607], [-0.0016474314891380913, -0.0002984342663515582, -0.0009425031843128407, -0.0007853265441185249, -2.3083905994827204e-05, 0.0008862247145517617, 0.0016195243532463107, 0.007078648588949161, -0.0008859979692173219], [0.001739519316669508, -0.00022039542511692413, -0.0009130703871882972, -0.0009390206075447793, -0.0007486419415194156, -0.0006116732735259094, -0.00020654709868456607, -0.0008859979692173219, 0.006816084642147355]]",
    "monomial_list": "[1, x8, x7, x6, x5, x4, x3, x2, x1]"
}