{
    "name": "Multiplier-5",
    "rational_expression": "27523*x1**2/500 + 31807*x1*x10/50000 + 329*x1*x11/100 + 6679*x1*x12/2500 + 1878*x1*x13/625 - 9601*x1*x2/5000 + 2104*x1*x3/625 - 47917*x1*x4/100000 + 6363*x1*x5/2500 + 8629*x1*x6/5000 + 5733*x1*x7/2000 + 23557*x1*x8/10000 + 3047*x1*x9/1000 - 5563*x1/625 + 54157*x10**2/1000 + 91953*x10*x11/100000 + 9277*x10*x12/12500 + 10873*x10*x13/12500 - 57533*x10*x2/100000 + 49249*x10*x3/50000 - 11*x10*x4/80 + 8279*x10*x5/10000 + 1302*x10*x6/3125 + 79697*x10*x7/100000 + 64881*x10*x8/100000 + 89213*x10*x9/100000 - 16817*x10/10000 + 11169*x11**2/200 + 18227*x11*x12/5000 + 21183*x11*x13/5000 - 12951*x11*x2/5000 + 12347*x11*x3/2500 - 53607*x11*x4/100000 + 3741*x11*x5/1000 + 6067*x11*x6/2500 + 38871*x11*x7/10000 + 6607*x11*x8/2000 + 43709*x11*x9/10000 - 121*x11/10 + 27621*x12**2/500 + 2123*x12*x13/625 - 2067*x12*x2/1000 + 7733*x12*x3/2000 - 48529*x12*x4/100000 + 749*x12*x5/250 + 4917*x12*x6/2500 + 31179*x12*x7/10000 + 1351*x12*x8/500 + 8753*x12*x9/2500 - 90751*x12/10000 + 5561*x13**2/100 - 6043*x13*x2/2500 + 43973*x13*x3/10000 - 6513*x13*x4/12500 + 34049*x13*x5/10000 + 1422*x13*x6/625 + 1799*x13*x7/500 + 243*x13*x8/80 + 1593*x13*x9/400 - 11259*x13/1000 + 27361*x2**2/500 - 13529*x2*x3/5000 + 9023*x2*x4/25000 - 4137*x2*x5/2500 - 3671*x2*x6/2500 - 22609*x2*x7/10000 - 18797*x2*x8/10000 - 24589*x2*x9/10000 + 83983*x2/10000 + 56019*x3**2/1000 - 54563*x3*x4/100000 + 40617*x3*x5/10000 + 6411*x3*x6/2500 + 41469*x3*x7/10000 + 35537*x3*x8/10000 + 23141*x3*x9/5000 - 1574*x3/125 + 54127*x4**2/1000 - 7339*x4*x5/50000 - 32497*x4*x6/100000 - 5039*x4*x7/10000 - 5737*x4*x8/12500 - 25219*x4*x9/50000 + 63*x4/25 + 1397*x5**2/20 + 9661*x5*x6/5000 + 30569*x5*x7/10000 + 13273*x5*x8/5000 + 1771*x5*x9/500 - 403*x5/50 + 27313*x6**2/500 + 4227*x6*x7/2000 + 17647*x6*x8/10000 + 2871*x6*x9/1250 - 60501*x6/10000 + 1109*x7**2/20 + 28887*x7*x8/10000 + 37157*x7*x9/10000 - 10583*x7/1000 + 27519*x8**2/500 + 15561*x8*x9/5000 - 82343*x8/10000 + 27843*x9**2/500 - 11587*x9/1000 + 21001/250",
    "Q": "[[84.00427922726642, -5.775182707042213, -4.074458105256818, -5.333913251946629, -3.0452791137104436, -4.052300260283018, 1.2834411644198545, -6.321231614119417, 4.234727890499148, -5.647607563029331, -4.542743487524515, -6.0466198875853125, -0.8377094595844666, -4.4231391207535], [-5.775182707042213, 55.683654233501066, 1.5661028407701467, 1.8641800917716023, 1.1715810600077659, 1.7478773828255654, -0.27069820226219915, 2.2894061161954964, -1.2365008107823554, 1.9822650940326456, 1.7300689605037725, 2.158921459757298, 0.43347876073479075, 1.5422988591748537], [-4.074458105256818, 1.5661028407701467, 55.0347288129192, 1.434787364418153, 0.8930626138925962, 1.3199457350675217, -0.22535094896536564, 1.7507198156022514, -0.963951226474646, 1.5258457650607742, 1.327147783143004, 1.6582979374939015, 0.3174662679858536, 1.1848163053099119], [-5.333913251946629, 1.8641800917716023, 1.434787364418153, 55.45544050574457, 1.0744937146032725, 1.5534279803985567, -0.25871258236317696, 2.081525306001603, -1.149715105409279, 1.8174346028100137, 1.5844918877974816, 1.971323799796857, 0.3928016811243495, 1.4183801303871602], [-3.0452791137104436, 1.1715810600077659, 0.8930626138925962, 1.0744937146032725, 54.628947868826955, 0.9694084325275857, -0.17897634814526533, 1.3040419044721567, -0.7326278390937128, 1.1420674313422663, 0.9895639871756498, 1.238254369043782, 0.2293931903519225, 0.8874407873047296], [-4.052300260283018, 1.7478773828255654, 1.3199457350675217, 1.5534279803985567, 0.9694084325275857, 69.85143419667179, -0.09999564293380894, 2.0651440672558548, -0.8444732067605667, 1.6844864266424673, 1.4701814644384492, 1.9053225776887766, 0.41422301976589054, 1.2417964521286824], [1.2834411644198545, -0.27069820226219915, -0.22535094896536564, -0.25871258236317696, -0.17897634814526533, -0.09999564293380894, 54.12745834422373, -0.27055416681498445, 0.17761800423881804, -0.2679102618220427, -0.24137399541416188, -0.2728508697502958, -0.06701046810414599, -0.2236765224624658], [-6.321231614119417, 2.2894061161954964, 1.7507198156022514, 2.081525306001603, 1.3040419044721567, 2.0651440672558548, -0.27055416681498445, 56.022827065493416, -1.3342473009457327, 2.2238572644464685, 1.9377360822638212, 2.4480487089377645, 0.49505463706205244, 1.7096393575112567], [4.234727890499148, -1.2365008107823554, -0.963951226474646, -1.149715105409279, -0.7326278390937128, -0.8444732067605667, 0.17761800423881804, -1.3342473009457327, 54.72562528384606, -1.2113477588683532, -1.0573522722067363, -1.2876733854244709, -0.27285840882040185, -0.9630582946003029], [-5.647607563029331, 1.9822650940326456, 1.5258457650607742, 1.8174346028100137, 1.1420674313422663, 1.6844864266424673, -0.2679102618220427, 2.2238572644464685, -1.2113477588683532, 55.61361999600733, 1.6852963446122196, 2.100326684493226, 0.42080944099792084, 1.5047601835342417], [-4.542743487524515, 1.7300689605037725, 1.327147783143004, 1.5844918877974816, 0.9895639871756498, 1.4701814644384492, -0.24137399541416188, 1.9377360822638212, -1.0573522722067363, 1.6852963446122196, 55.24016002139132, 1.8332738383505875, 0.3569597272606431, 1.3086608005197446], [-6.0466198875853125, 2.158921459757298, 1.6582979374939015, 1.971323799796857, 1.238254369043782, 1.9053225776887766, -0.2728508697502958, 2.4480487089377645, -1.2876733854244709, 2.100326684493226, 1.8332738383505875, 55.844539822141044, 0.4636237775748773, 1.6263161561572868], [-0.8377094595844666, 0.43347876073479075, 0.3174662679858536, 0.3928016811243495, 0.2293931903519225, 0.41422301976589054, -0.06701046810414599, 0.49505463706205244, -0.27285840882040185, 0.42080944099792084, 0.3569597272606431, 0.4636237775748773, 54.15621583430973, 0.3191811677723893], [-4.4231391207535, 1.5422988591748537, 1.1848163053099119, 1.4183801303871602, 0.8874407873047296, 1.2417964521286824, -0.2236765224624658, 1.7096393575112567, -0.9630582946003029, 1.5047601835342417, 1.3086608005197446, 1.6263161561572868, 0.3191811677723893, 55.04299122653762]]",
    "monomial_list": "[1, x9, x8, x7, x6, x5, x4, x3, x2, x13, x12, x11, x10, x1]"
}