{
    "name": "Multiplier-1",
    "rational_expression": "519*x1**2/250 + 3427*x1*x2/1000 + 877*x1*x3/200 + 3051*x1*x4/1000 + 2669*x1*x5/1000 + 1417*x1*x6/1000 + 311*x1*x7/250 - 2657*x1*x8/10000 + 791*x1/500 + 6919*x2**2/1000 + 2059*x2*x3/100 + 851*x2*x4/50 + 269*x2*x5/25 + 1797*x2*x6/500 + 483*x2*x7/2500 - 251*x2*x8/250 + 799*x2/200 + 1883*x3**2/100 + 874*x3*x4/25 + 438*x3*x5/25 + 1191*x3*x6/250 - 4907*x3*x7/5000 - 69*x3*x8/40 + 1001*x3/200 + 1881*x4**2/100 + 1587*x4*x5/100 + 2027*x4*x6/500 - 1769*x4*x7/1000 - 1559*x4*x8/1000 + 1857*x4/500 + 5739*x5**2/1000 + 509*x5*x6/125 + 1119*x5*x7/1000 - 79*x5*x8/80 + 2407*x5/500 + 206*x6**2/125 + 801*x6*x7/500 - 4903*x6*x8/10000 + 432*x6/125 + 1777*x7**2/1000 - 3301*x7*x8/10000 + 839*x7/250 + 501*x8**2/500 + 1773*x8/1000 + 5611/1000",
    "Q": "[[5.610585077607903, 0.883762975449871, 1.677365003172532, 1.727415774546495, 2.409727267575405, 1.8543190319212028, 2.501038999380106, 1.999008827241344, 0.7893938676089859], [0.883762975449871, 1.0005542678608494, -0.16523076036593165, -0.24621937192579357, -0.4943492388430155, -0.7805149429545002, -0.8634912921809761, -0.5024961531411729, -0.13314022923685986], [1.677365003172532, -0.16523076036593165, 1.7778029444165937, 0.799861810881727, 0.5595318204658766, -0.8875682660319656, -0.49407869714720903, 0.09567892768681366, 0.6207273833618511], [1.727415774546495, -0.24621937192579357, 0.799861810881727, 1.6491288226640635, 2.037064452148679, 2.028466917678895, 2.3834865838362322, 1.7987073792982464, 0.7076577927669683], [2.409727267575405, -0.4943492388430155, 0.5595318204658766, 2.037064452148679, 5.737279172101585, 7.931891576526018, 8.756408126874753, 5.379639926696185, 1.3355451858806695], [1.8543190319212028, -0.7805149429545002, -0.8875682660319656, 2.028466917678895, 7.931891576526018, 18.8121433038216, 17.482711034078967, 8.510759110907244, 1.5254661220495846], [2.501038999380106, -0.8634912921809761, -0.49407869714720903, 2.3834865838362322, 8.756408126874753, 17.482711034078967, 18.832607609057018, 10.297179042671567, 2.1922148416181297], [1.999008827241344, -0.5024961531411729, 0.09567892768681366, 1.7987073792982464, 5.379639926696185, 8.510759110907244, 10.297179042671567, 6.922075470451939, 1.7139894903469068], [0.7893938676089859, -0.13314022923685986, 0.6207273833618511, 0.7076577927669683, 1.3355451858806695, 1.5254661220495846, 2.1922148416181297, 1.7139894903469068, 2.075047213451311]]",
    "monomial_list": "[1, x8, x7, x6, x5, x4, x3, x2, x1]"
}