{
    "name": "Multiplier-4",
    "rational_expression": "1089*x1**2/1000 + 637*x1*x2/250 + 2759*x1*x3/1000 + 1577*x1*x4/1000 + 244*x1*x5/125 + 309*x1*x6/250 + 243*x1*x7/200 - 213*x1*x8/1000 + 429*x1/250 + 6381*x2**2/1000 + 409*x2*x3/20 + 89*x2*x4/5 + 209*x2*x5/20 + 137*x2*x6/40 - 1241*x2*x7/10000 - 1189*x2*x8/1000 + 5167*x2/1000 + 493*x3**2/25 + 949*x3*x4/25 + 899*x3*x5/50 + 1193*x3*x6/250 - 1763*x3*x7/1000 - 531*x3*x8/250 + 7301*x3/1000 + 41*x4**2/2 + 416*x4*x5/25 + 1023*x4*x6/250 - 251*x4*x7/100 - 503*x4*x8/250 + 2987*x4/500 + 1089*x5**2/200 + 3987*x5*x6/1000 + 4429*x5*x7/5000 - 561*x5*x8/500 + 5893*x5/1000 + 184*x6**2/125 + 1557*x6*x7/1000 - 289*x6*x8/625 + 1889*x6/500 + 327*x7**2/200 - 883*x7*x8/5000 + 3237*x7/1000 + 713*x8**2/1000 + 1031*x8/1000 + 2553/500",
    "Q": "[[5.105751186043803, 0.5131321935732008, 1.619433664670608, 1.8906251894902604, 2.9479436743447485, 2.986571383367241, 3.6501002914118983, 2.5832905023967028, 0.8566982775589689], [0.5131321935732008, 0.7118482821816552, -0.0894992612178509, -0.23176553874805425, -0.5617795705253634, -1.0065892145912747, -1.0632158307007198, -0.5958980233242144, -0.10699396600370001], [1.619433664670608, -0.0894992612178509, 1.6346017755902222, 0.7792465298436911, 0.4456575293885805, -1.2516932958317144, -0.8778371607370404, -0.06032531494791008, 0.6058906716998299], [1.8906251894902604, -0.23176553874805425, 0.7792465298436911, 1.4730880962457862, 1.9956256150451916, 2.0482361690753987, 2.388071685304742, 1.7136523551730616, 0.6176305218251043], [2.9479436743447485, -0.5617795705253634, 0.4456575293885805, 1.9956256150451916, 5.447879871345335, 8.317278671411172, 8.98845958796224, 5.2259860892740315, 0.9770242086869706], [2.986571383367241, -1.0065892145912747, -1.2516932958317144, 2.0482361690753987, 8.317278671411172, 20.49737899577048, 18.979476767334972, 8.89426391517393, 0.7899447568877783], [3.6501002914118983, -1.0632158307007198, -0.8778371607370404, 2.388071685304742, 8.98845958796224, 18.979476767334972, 19.719009485016446, 10.22197502763189, 1.3816141195817264], [2.5832905023967028, -0.5958980233242144, -0.06032531494791008, 1.7136523551730616, 5.2259860892740315, 8.89426391517393, 10.22197502763189, 6.3799806049964225, 1.2747728384165744], [0.8566982775589689, -0.10699396600370001, 0.6058906716998299, 0.6176305218251043, 0.9770242086869706, 0.7899447568877783, 1.3816141195817264, 1.2747728384165744, 1.0875969345757532]]",
    "monomial_list": "[1, x8, x7, x6, x5, x4, x3, x2, x1]"
}