{
    "name": "Multiplier-3",
    "rational_expression": "54623*x1**2/1000 + 42229*x1*x10/100000 + 22499*x1*x11/10000 + 18603*x1*x12/10000 + 21449*x1*x13/10000 - 1651*x1*x2/1250 + 3531*x1*x3/2000 - 8103*x1*x4/25000 + 24871*x1*x5/10000 + 11987*x1*x6/10000 + 19993*x1*x7/10000 + 2083*x1*x8/1250 + 4377*x1*x9/2000 - 2491*x1/400 + 27013*x10**2/500 + 28601*x10*x11/50000 + 2137*x10*x12/4000 + 13617*x10*x13/25000 - 14237*x10*x2/50000 + 12753*x10*x3/20000 - 4667*x10*x4/250000 + 15029*x10*x5/20000 + 162*x10*x6/625 + 6291*x10*x7/12500 + 9619*x10*x8/20000 + 29873*x10*x9/50000 - 46587*x10/50000 + 6897*x11**2/125 + 12919*x11*x12/5000 + 7507*x11*x13/2500 - 2221*x11*x2/1250 + 5497*x11*x3/2000 - 18259*x11*x4/50000 + 9179*x11*x5/2500 + 2141*x11*x6/1250 + 6979*x11*x7/2500 + 11533*x11*x8/5000 + 3077*x11*x9/1000 - 85663*x11/10000 + 54753*x12**2/1000 + 23943*x12*x13/10000 - 902*x12*x2/625 + 10339*x12*x3/5000 - 409*x12*x4/1250 + 29457*x12*x5/10000 + 7099*x12*x6/5000 + 11129*x12*x7/5000 + 236*x12*x8/125 + 4819*x12*x9/2000 - 2491*x12/400 + 55011*x13**2/1000 - 8163*x13*x2/5000 + 3039*x13*x3/1250 - 45951*x13*x4/100000 + 263*x13*x5/80 + 15811*x13*x6/10000 + 25387*x13*x7/10000 + 21717*x13*x8/10000 + 28273*x13*x9/10000 - 79483*x13/10000 + 6802*x2**2/125 - 1457*x2*x3/1250 + 31723*x2*x4/100000 - 18949*x2*x5/10000 - 96247*x2*x6/100000 - 15407*x2*x7/10000 - 3319*x2*x8/2500 - 17423*x2*x9/10000 + 60753*x2/10000 + 69469*x3**2/1000 - 10459*x3*x4/100000 + 33639*x3*x5/10000 + 1763*x3*x6/1250 + 5519*x3*x7/2500 + 9377*x3*x8/5000 + 26027*x3*x9/10000 - 3601*x3/625 + 54039*x4**2/1000 - 37667*x4*x5/100000 - 1427*x4*x6/5000 - 44189*x4*x7/100000 - 15073*x4*x8/50000 - 44157*x4*x9/100000 + 1091*x4/500 + 13857*x5**2/250 + 4897*x5*x6/2500 + 30593*x5*x7/10000 + 12779*x5*x8/5000 + 4311*x5*x9/1250 - 93459*x5/10000 + 10867*x6**2/200 + 2887*x6*x7/2000 + 12569*x6*x8/10000 + 1023*x6*x9/625 - 20251*x6/5000 + 549*x7**2/10 + 1276*x7*x8/625 + 12907*x7*x9/5000 - 74729*x7/10000 + 27303*x8**2/500 + 21481*x8*x9/10000 - 27239*x8/5000 + 2753*x9**2/50 - 20251*x9/2500 + 38943/500",
    "Q": "[[77.88619496701982, -4.075049330733444, -2.762843360990095, -3.747117516276012, -2.0450166667245524, -4.644487730475715, 1.069396179270076, -2.8860944067300482, 3.0541233510676076, -3.9798985834369813, -3.1046119317136807, -4.277180337217346, -0.43472259387634954, -3.0917207400282978], [-4.075049330733444, 55.06231342146425, 1.0991578039947647, 1.3129776528648944, 0.8165850138716572, 1.716675484736049, -0.20694910357511812, 1.2791509127231673, -0.8534338612321836, 1.4004738043617635, 1.218105370281084, 1.5327441595778066, 0.28514201353035573, 1.0815593072775356], [-2.762843360990095, 1.0991578039947647, 54.60922844013586, 1.0013633630528165, 0.6227785550295813, 1.3028596190356538, -0.16095172024144205, 0.9511479077512051, -0.645397524509003, 1.0687806011767826, 0.9329326579592663, 1.1688176606308296, 0.2134107341659303, 0.8232548891680948], [-3.747117516276012, 1.3129776528648944, 1.0013633630528165, 54.901001462924796, 0.7448707240463898, 1.5482661779887126, -0.19861105258906459, 1.1237158016871227, -0.7921235175253001, 1.2780759242474948, 1.1094263674405036, 1.3927345839947674, 0.2553594978747151, 0.9900775991570273], [-2.0450166667245524, 0.8165850138716572, 0.6227785550295813, 0.7448707240463898, 54.33626082731085, 0.9622049588114091, -0.12781441123967416, 0.6907814555419046, -0.4877111735304772, 0.7944887119303761, 0.6913399387215817, 0.8666376921576581, 0.15252613943377577, 0.6127954335183783], [-4.644487730475715, 1.716675484736049, 1.3028596190356538, 1.5482661779887126, 0.9622049588114091, 55.42559627523721, -0.1983655809008476, 1.655916695869649, -0.9449904707261784, 1.662849975511677, 1.4473402474552963, 1.8473126690312063, 0.3569079184753101, 1.2610077545855072], [1.069396179270076, -0.20694910357511812, -0.16095172024144205, -0.19861105258906459, -0.12781441123967416, -0.1983655809008476, 54.03793313785062, -0.06632864025711767, 0.16640857515769072, -0.20520172506907217, -0.17358298127676378, -0.20663571984525178, -0.026035823467586906, -0.17388413777312453], [-2.8860944067300482, 1.2791509127231673, 0.9511479077512051, 1.1237158016871227, 0.6907814555419046, 1.655916695869649, -0.06632864025711767, 69.46845618046, -0.5677522294014677, 1.2278727515342285, 1.0652837688292793, 1.4088757903384352, 0.29107479323946966, 0.8860070083825604], [3.0541233510676076, -0.8534338612321836, -0.645397524509003, -0.7921235175253001, -0.4877111735304772, -0.9449904707261784, 0.16640857515769072, -0.5677522294014677, 54.416713938843515, -0.8358233302677719, -0.7115919008523691, -0.8878087078410763, -0.15133293601570508, -0.6629662131686193], [-3.9798985834369813, 1.4004738043617635, 1.0687806011767826, 1.2780759242474948, 0.7944887119303761, 1.662849975511677, -0.20520172506907217, 1.2278727515342285, -0.8358233302677719, 55.01236419516015, 1.1842679418100877, 1.4886232637019792, 0.2756584109508497, 1.0536131878639698], [-3.1046119317136807, 1.218105370281084, 0.9329326579592663, 1.1094263674405036, 0.6913399387215817, 1.4473402474552963, -0.17358298127676378, 1.0652837688292793, -0.7115919008523691, 1.1842679418100877, 54.75058232461784, 1.296212893376483, 0.2403024189482882, 0.9120931191774038], [-4.277180337217346, 1.5327441595778066, 1.1688176606308296, 1.3927345839947674, 0.8666376921576581, 1.8473126690312063, -0.20663571984525178, 1.4088757903384352, -0.8878087078410763, 1.4886232637019792, 1.296212893376483, 55.17640369187079, 0.3084054942413476, 1.1437662962823438], [-0.43472259387634954, 0.28514201353035573, 0.2134107341659303, 0.2553594978747151, 0.15252613943377577, 0.3569079184753101, -0.026035823467586906, 0.29107479323946966, -0.15133293601570508, 0.2756584109508497, 0.2403024189482882, 0.3084054942413476, 54.02518777261003, 0.20428267586345808], [-3.0917207400282978, 1.0815593072775356, 0.8232548891680948, 0.9900775991570273, 0.6127954335183783, 1.2610077545855072, -0.17388413777312453, 0.8860070083825604, -0.6629662131686193, 1.0536131878639698, 0.9120931191774038, 1.1437662962823438, 0.20428267586345808, 54.620965515736934]]",
    "monomial_list": "[1, x9, x8, x7, x6, x5, x4, x3, x2, x13, x12, x11, x10, x1]"
}