{
    "name": "Multiplier-4",
    "rational_expression": "1089*x1**2/1000 + 637*x1*x2/250 + 2759*x1*x3/1000 + 1577*x1*x4/1000 + 244*x1*x5/125 + 309*x1*x6/250 + 243*x1*x7/200 - 213*x1*x8/1000 + 429*x1/250 + 6381*x2**2/1000 + 409*x2*x3/20 + 89*x2*x4/5 + 209*x2*x5/20 + 137*x2*x6/40 - 1241*x2*x7/10000 - 1189*x2*x8/1000 + 5167*x2/1000 + 493*x3**2/25 + 949*x3*x4/25 + 899*x3*x5/50 + 1193*x3*x6/250 - 1763*x3*x7/1000 - 531*x3*x8/250 + 7301*x3/1000 + 41*x4**2/2 + 416*x4*x5/25 + 1023*x4*x6/250 - 251*x4*x7/100 - 503*x4*x8/250 + 2987*x4/500 + 1089*x5**2/200 + 3987*x5*x6/1000 + 4429*x5*x7/5000 - 561*x5*x8/500 + 5893*x5/1000 + 184*x6**2/125 + 1557*x6*x7/1000 - 289*x6*x8/625 + 1889*x6/500 + 327*x7**2/200 - 883*x7*x8/5000 + 3237*x7/1000 + 713*x8**2/1000 + 1031*x8/1000 + 2553/500",
    "Q": "[[5.105751186350881, 0.5131321936144186, 1.6194336647694576, 1.890625189591704, 2.947943674427496, 2.986571383412441, 3.6501002914794594, 2.5832905024629342, 0.8566982775918622], [0.5131321936144186, 0.7118482822341453, -0.08949926122507024, -0.23176553875278696, -0.5617795705065047, -1.006589214538298, -1.0632158306550383, -0.5958980233035238, -0.10699396599758743], [1.6194336647694576, -0.08949926122507024, 1.6346017756880011, 0.779246529889828, 0.44565752945286957, -1.2516932958218487, -0.8778371607036365, -0.06032531490091876, 0.6058906717349085], [1.890625189591704, -0.23176553875278696, 0.779246529889828, 1.4730880963280797, 1.995625615031239, 2.048236168938796, 2.3880716851766586, 1.7136523551343092, 0.6176305218346674], [2.947943674427496, -0.5617795705065047, 0.44565752945286957, 1.995625615031239, 5.447879871197678, 8.317278670949603, 8.988459587503767, 5.225986089021623, 0.9770242086779793], [2.986571383412441, -1.006589214538298, -1.2516932958218487, 2.048236168938796, 8.317278670949603, 20.49737899496663, 18.979476766391624, 8.894263914569631, 0.7899447567839589], [3.6501002914794594, -1.0632158306550383, -0.8778371607036365, 2.3880716851766586, 8.988459587503767, 18.979476766391624, 19.719009484040487, 10.221975027050592, 1.3816141195034712], [2.5832905024629342, -0.5958980233035238, -0.06032531490091876, 1.7136523551343092, 5.225986089021623, 8.894263914569631, 10.221975027050592, 6.3799806047187335, 1.2747728383993455], [0.8566982775918622, -0.10699396599758743, 0.6058906717349085, 0.6176305218346674, 0.9770242086779793, 0.7899447567839589, 1.3816141195034712, 1.2747728383993455, 1.0875969346230465]]",
    "monomial_list": "[1, x8, x7, x6, x5, x4, x3, x2, x1]"
}