{
    "name": "Multiplier-4",
    "rational_expression": "607*x1**2/100000 - 91*x1*x2/50000 + 161*x1*x3/1000000 - 69*x1*x4/50000 - 13*x1*x5/6250 - 169*x1*x6/100000 - 41*x1*x7/20000 - 537*x1*x8/1000000 + 377*x1/100000 + 159*x2**2/25000 + 267*x2*x3/50000 + 33*x2*x4/20000 - 481*x2*x5/1000000 - 39*x2*x6/25000 - 27*x2*x7/12500 - 37*x2*x8/50000 - 33*x2/10000 + 481*x3**2/50000 + 559*x3*x4/100000 + 9*x3*x5/2500 - 691*x3*x6/100000000 - 309*x3*x7/500000 - 13*x3*x8/100000 - 113*x3/10000 + 109*x4**2/10000 + 457*x4*x5/500000 - 113*x4*x6/100000 - 43*x4*x7/25000 - 261*x4*x8/500000 - 57*x4/5000 + 63*x5**2/10000 - 9*x5*x6/6250 - 193*x5*x7/100000 - 33*x5*x8/50000 - 13*x5/10000 + 107*x6**2/20000 - 79*x6*x7/50000 - x6*x8/2000 + 2*x6/625 + 157*x7**2/25000 - 89*x7*x8/200000 + 87*x7/20000 + x8**2/200 + 13*x8/10000 + 17/1000",
    "Q": "[[0.017153808766089036, 0.0006577653737295927, 0.00220139156208036, 0.001626367495060801, -0.0006326529514424516, -0.005734235920614029, -0.005718965542986143, -0.0016549806937024678, 0.0019093070209062275], [0.0006577653737295927, 0.004941544895110908, -0.0002153221220894933, -0.00024452139760573505, -0.0003233540325298443, -0.0002646448619202215, -7.362574030224775e-05, -0.0003676233365918174, -0.000259255377731016], [0.00220139156208036, -0.0002153221220894933, 0.005843771600085779, -0.0007124663010577056, -0.0008982692858863797, -0.0008610907361922766, -0.00035110896067216946, -0.0010181520929849535, -0.0009249890331742579], [0.001626367495060801, -0.00024452139760573505, -0.0007124663010577056, 0.005741034716852851, -0.000797299335095944, -0.000573268629222637, 4.656285305967013e-05, -0.0008579778251528446, -0.0009638081160622858], [-0.0006326529514424516, -0.0003233540325298443, -0.0008982692858863797, -0.000797299335095944, 0.005896575598196579, 0.00044166768620096457, 0.0016785559201301654, -0.00020103934404805683, -0.0009444700810794355], [-0.005734235920614029, -0.0002646448619202215, -0.0008610907361922766, -0.000573268629222637, 0.00044166768620096457, 0.011058927102322673, 0.0028230922513855315, 0.0008394755143043592, -0.0006931789731334083], [-0.005718965542986143, -7.362574030224775e-05, -0.00035110896067216946, 4.656285305967013e-05, 0.0016785559201301654, 0.0028230922513855315, 0.009176272251313754, 0.002534343865537456, 1.1702791039842427e-05], [-0.0016549806937024678, -0.0003676233365918174, -0.0010181520929849535, -0.0008579778251528446, -0.00020103934404805683, 0.0008394755143043592, 0.002534343865537456, 0.0064417896826297815, -0.0010021897844953176], [0.0019093070209062275, -0.000259255377731016, -0.0009249890331742579, -0.0009638081160622858, -0.0009444700810794355, -0.0006931789731334083, 1.1702791039842427e-05, -0.0010021897844953176, 0.0060535999268210555]]",
    "monomial_list": "[1, x8, x7, x6, x5, x4, x3, x2, x1]"
}