{
    "name": "Multiplier-1",
    "rational_expression": "68407*x1**2/1000 - 16871*x1*x10/20000000 + 15773*x1*x11/50000 + 21231*x1*x12/100000 + 21171*x1*x13/100000 + 973*x1*x2/250000 + 31717*x1*x3/100000 + 21523*x1*x4/500000000 + 21421*x1*x5/50000 + 5317*x1*x6/50000 + 21379*x1*x7/100000 + 531*x1*x8/5000 + 21431*x1*x9/100000 - 12069*x1/100000 + 53509*x10**2/1000 + 84937*x10*x11/10000000 + 5321*x10*x12/500000 + 8181*x10*x13/1000000 + 15963*x10*x2/50000 + 15507*x10*x3/2000000 + 4403*x10*x4/20000 + 84539*x10*x5/10000000 + 2293*x10*x6/20000 - 97011*x10*x7/1000000 + 11701*x10*x8/100000 + 75429*x10*x9/10000000 + 16823*x10/20000 + 53471*x11**2/1000 - 93351*x11*x12/1000000 - 20297*x11*x13/100000 + 31533*x11*x2/100000 - 20423*x11*x3/100000 + 49951*x11*x4/10000000 - 10171*x11*x5/50000 - 9863*x11*x6/100000 - 4101*x11*x7/20000 - 47809*x11*x8/500000 - 20557*x11*x9/100000 + 433*x11/400 + 53499*x12**2/1000 - 807*x12*x13/4000 + 15823*x12*x2/50000 - 5931*x12*x3/62500 + 5717*x12*x4/50000 - 93829*x12*x5/1000000 + 5477*x12*x6/500000 - 20329*x12*x7/100000 + 913*x12*x8/62500 - 95783*x12*x9/1000000 + 824*x12/625 + 13369*x13**2/250 + 10539*x13*x2/50000 - 20423*x13*x3/100000 + 49951*x13*x4/10000000 - 10171*x13*x5/50000 - 9863*x13*x6/100000 - 4101*x13*x7/20000 - 47809*x13*x8/500000 - 20557*x13*x9/100000 + 433*x13/400 + 26767*x2**2/500 + 31609*x2*x3/100000 + 4307*x2*x4/20000 + 6319*x2*x5/20000 + 666*x2*x6/3125 + 21249*x2*x7/100000 + 31711*x2*x8/100000 + 10661*x2*x9/50000 - 24137*x2/100000 + 26733*x3**2/500 + 353*x3*x4/3125 - 95741*x3*x5/1000000 - 9863*x3*x6/100000 - 4101*x3*x7/20000 - 47809*x3*x8/500000 - 20557*x3*x9/100000 + 433*x3/400 + 53549*x4**2/1000 + 11347*x4*x5/100000 + 11261*x4*x6/100000 + 26601*x4*x7/5000000 + 2287*x4*x8/20000 + 27143*x4*x9/5000000 + 29989*x4/50000 + 13367*x5**2/250 - 94337*x5*x6/1000000 - 10201*x5*x7/50000 - 94333*x5*x8/1000000 - 10227*x5*x9/50000 + 2999*x5/2500 + 107*x6**2/2 - 98807*x6*x7/1000000 + 10737*x6*x8/1000000 - 99011*x6*x9/1000000 + 96549*x6/100000 + 53481*x7**2/1000 - 47809*x7*x8/500000 - 20557*x7*x9/100000 + 433*x7/400 + 53503*x8**2/1000 - 95783*x8*x9/1000000 + 824*x8/625 + 2139*x9**2/40 + 433*x9/400 + 59919/1000",
    "Q": "[[59.9186434643992, 0.5317528536734024, 0.6348596097282755, 0.509469338317768, 0.4957302529954572, 0.5748184851569661, 0.2699273175916338, 0.565974299838605, -0.13702038135812006, 0.5254082843761099, 0.6624317902556534, 0.5497165011879502, 0.4044098552952037, -0.07454270912766361], [0.5317528536734024, 53.47474413724055, -0.06745045228316995, -0.09977008828947632, -0.052354655155343495, -0.08954566049672907, 0.018849038860005943, -0.09429872274142849, 0.123037017227225, -0.09995638092073525, -0.074279336097879, -0.0963871399751513, -0.020362327600352347, 0.11923111997507194], [0.6348596097282755, -0.06745045228316995, 53.50291801676031, -0.06947812684062613, -0.0033151627351137958, -0.0561413830757074, 0.07233278386062082, -0.060815793745582984, 0.16084197497420774, -0.06925296827569753, -0.016451647146416705, -0.06343659304833889, 0.03415117409918847, 0.06805711925592953], [0.509469338317768, -0.09977008828947632, -0.06947812684062613, 53.480500373303045, -0.053228217052647096, -0.09630269629511773, 0.012224594830180863, -0.09899166006716215, 0.11120696213507532, -0.10021617924288716, -0.07666182561867133, -0.09907718256320487, -0.023343396267365837, 0.08558911384633318], [0.4957302529954572, -0.052354655155343495, -0.0033151627351137958, -0.053228217052647096, 53.50058492429904, -0.04623161463257965, 0.060474658560739934, -0.04874756152774233, 0.12828609463933116, -0.05349190162302533, -0.009716077845768532, -0.04987466591356007, 0.031201253857341738, 0.03986464669842974], [0.5748184851569661, -0.08954566049672907, -0.0561413830757074, -0.09630269629511773, -0.04623161463257965, 53.46659149457492, 0.046164199007049884, -0.07364934835476732, 0.15923243973431297, -0.09277106415376128, -0.06092729660727738, -0.08107454874600875, -0.0048734770373875845, 0.20599880278895782], [0.2699273175916338, 0.018849038860005943, 0.07233278386062082, 0.012224594830180863, 0.060474658560739934, 0.046164199007049884, 53.54884130088229, 0.03769448865891761, 0.13294270975230182, 0.015788595291751008, 0.06939876800177491, 0.028522504869142096, 0.09925305571017955, 0.019632698548687124], [0.565974299838605, -0.09429872274142849, -0.060815793745582984, -0.09899166006716215, -0.04874756152774233, -0.07364934835476732, 0.03769448865891761, 53.466053566611826, 0.14899382398894875, -0.09679610342833207, -0.06645566501898971, -0.08772705549321494, -0.010101657744548177, 0.17816606675272992], [-0.13702038135812006, 0.123037017227225, 0.16084197497420774, 0.11120696213507532, 0.12828609463933116, 0.15923243973431297, 0.13294270975230182, 0.14899382398894875, 53.53345782104791, 0.11847973116740682, 0.1651284838981203, 0.13646999448525646, 0.13599469184243948, 0.02418247887707392], [0.5254082843761099, -0.09995638092073525, -0.06925296827569753, -0.10021617924288716, -0.05349190162302533, -0.09277106415376128, 0.015788595291751008, -0.09679610342833207, 0.11847973116740682, 53.47630638165145, -0.07623371626509458, -0.09816073691085117, -0.022230135508527836, 0.1075698394534678], [0.6624317902556534, -0.074279336097879, -0.016451647146416705, -0.07666182561867133, -0.009716077845768532, -0.06092729660727738, 0.06939876800177491, -0.06645566501898971, 0.1651284838981203, -0.07623371626509458, 53.49902783057717, -0.06961693189043719, 0.028896639722058116, 0.08442823802278854], [0.5497165011879502, -0.0963871399751513, -0.06343659304833889, -0.09907718256320487, -0.04987466591356007, -0.08107454874600875, 0.028522504869142096, -0.08772705549321494, 0.13646999448525646, -0.09816073691085117, -0.06961693189043719, 53.470218098480096, -0.01474140764731332, 0.14821600260306647], [0.4044098552952037, -0.020362327600352347, 0.03415117409918847, -0.023343396267365837, 0.031201253857341738, -0.0048734770373875845, 0.09925305571017955, -0.010101657744548177, 0.13599469184243948, -0.022230135508527836, 0.028896639722058116, -0.01474140764731332, 53.50837998710552, 0.02418182565801048], [-0.07454270912766361, 0.11923111997507194, 0.06805711925592953, 0.08558911384633318, 0.03986464669842974, 0.20599880278895782, 0.019632698548687124, 0.17816606675272992, 0.02418247887707392, 0.1075698394534678, 0.08442823802278854, 0.14821600260306647, 0.02418182565801048, 68.40646316570124]]",
    "monomial_list": "[1, x9, x8, x7, x6, x5, x4, x3, x2, x13, x12, x11, x10, x1]"
}