{
    "name": "Total Decomposition",
    "rational_expression": "8*x1**4/625 - 181*x1**3*x2/200000 + 361*x1**3*x3/500000 - 243*x1**3*x4/5000000 - 109*x1**3*x5/100000 - 109*x1**3*x6/100000 - 31*x1**3*x7/20000 - 183*x1**3*x8/500000 + 317*x1**3/10000 + 19*x1**2*x2**2/1250 + 7*x1**2*x2*x3/2000 + 93*x1**2*x2*x4/50000 - 589*x1**2*x2*x5/10000000 - 73*x1**2*x2*x6/50000 - 99*x1**2*x2*x7/50000 - 281*x1**2*x2*x8/500000 + 9*x1**2*x2/250 + 87*x1**2*x3**2/5000 + 47*x1**2*x3*x4/6250 + 121*x1**2*x3*x5/50000 - 471*x1**2*x3*x6/500000 - 93*x1**2*x3*x7/50000 - 809*x1**2*x3*x8/1000000 + 407*x1**2*x3/10000 + 161*x1**2*x4**2/10000 + 61*x1**2*x4*x5/50000 - 69*x1**2*x4*x6/50000 - 53*x1**2*x4*x7/25000 - 807*x1**2*x4*x8/1000000 + 203*x1**2*x4/5000 + 3*x1**2*x5**2/200 - 129*x1**2*x5*x6/100000 - 171*x1**2*x5*x7/100000 - 457*x1**2*x5*x8/1000000 + 301*x1**2*x5/10000 + 147*x1**2*x6**2/10000 - 61*x1**2*x6*x7/50000 - 33*x1**2*x6*x8/125000 + 13*x1**2*x6/625 + 39*x1**2*x7**2/2500 - 27*x1**2*x7*x8/200000 + 167*x1**2*x7/10000 + 137*x1**2*x8**2/10000 + 159*x1**2*x8/100000 - 57*x1**2/12500 - 163*x1*x2**3/100000 - 27*x1*x2**2*x3/62500 - 67*x1*x2**2*x4/50000 - 179*x1*x2**2*x5/100000 - 91*x1*x2**2*x6/50000 - 37*x1*x2**2*x7/20000 - 431*x1*x2**2*x8/1000000 + 101*x1*x2**2/5000 - 87*x1*x2*x3**2/50000 + 61*x1*x2*x3*x4/500000 + 99*x1*x2*x3*x5/500000 - 513*x1*x2*x3*x6/100000000 - 41*x1*x2*x3*x7/6250000 - 71*x1*x2*x3*x8/5000000 - 369*x1*x2*x3/10000 - 181*x1*x2*x4**2/100000 + 251*x1*x2*x4*x5/1000000 - 119*x1*x2*x4*x6/50000000 + x1*x2*x4*x7/400000 + 483*x1*x2*x4*x8/100000000 - 79*x1*x2*x4/2000 - 7*x1*x2*x5**2/4000 - 319*x1*x2*x5*x6/10000000 - 99*x1*x2*x5*x7/1250000 - 329*x1*x2*x5*x8/10000000 - 33*x1*x2*x5/1250 - 87*x1*x2*x6**2/50000 - 333*x1*x2*x6*x7/10000000 - 91*x1*x2*x6*x8/5000000 - 79*x1*x2*x6/5000 - 83*x1*x2*x7**2/50000 + 31*x1*x2*x7*x8/1000000 - 59*x1*x2*x7/5000 - 159*x1*x2*x8**2/100000 - 37*x1*x2*x8/20000 + 107*x1*x2/1250 - 103*x1*x3**3/100000 - 197*x1*x3**2*x4/250000 - 179*x1*x3**2*x5/100000 - x1*x3**2*x6/625 - 43*x1*x3**2*x7/25000 - 413*x1*x3**2*x8/1000000 + x1*x3**2/100 - 143*x1*x3*x4**2/100000000 + 587*x1*x3*x4*x5/10000000 + 7*x1*x3*x4*x6/80000 - 241*x1*x3*x4*x7/5000000 + 391*x1*x3*x4*x8/10000000 - 89*x1*x3*x4/2000 - 67*x1*x3*x5**2/200000 + 41*x1*x3*x5*x6/6250000 - 71*x1*x3*x5*x7/5000000 + 153*x1*x3*x5*x8/25000000 - 59*x1*x3*x5/2000 - 349*x1*x3*x6**2/1000000 + 251*x1*x3*x6*x7/10000000 - 123*x1*x3*x6*x8/10000000 - 21*x1*x3*x6/1250 - 357*x1*x3*x7**2/1000000 + 3*x1*x3*x7*x8/250000 - 121*x1*x3*x7/10000 + 7*x1*x3*x8**2/156250 - 113*x1*x3*x8/100000 + 13*x1*x3/125 - 139*x1*x4**3/100000 - 39*x1*x4**2*x5/20000 - 191*x1*x4**2*x6/100000 - 97*x1*x4**2*x7/50000 - 127*x1*x4**2*x8/250000 + 941*x1*x4**2/100000 - 61*x1*x4*x5**2/50000 - 441*x1*x4*x5*x6/50000000 + 241*x1*x4*x5*x7/10000000 + 259*x1*x4*x5*x8/100000000 - 159*x1*x4*x5/5000 - 113*x1*x4*x6**2/100000 + 73*x1*x4*x6*x7/5000000 - 321*x1*x4*x6*x8/50000000 - 47*x1*x4*x6/2500 - 111*x1*x4*x7**2/100000 + 253*x1*x4*x7*x8/10000000 - 137*x1*x4*x7/10000 - 81*x1*x4*x8**2/100000 - 181*x1*x4*x8/100000 + 51*x1*x4/500 - 163*x1*x5**3/100000 - 89*x1*x5**2*x6/50000 - 93*x1*x5**2*x7/50000 - 397*x1*x5**2*x8/1000000 + 257*x1*x5**2/10000 - 21*x1*x5*x6**2/12500 - 61*x1*x5*x6*x7/1250000 - 57*x1*x5*x6*x8/1250000 - 8*x1*x5*x6/625 - 161*x1*x5*x7**2/100000 + 67*x1*x5*x7*x8/5000000 - 961*x1*x5*x7/100000 - 19*x1*x5*x8**2/12500 - 83*x1*x5*x8/50000 + 353*x1*x5/5000 - 117*x1*x6**3/100000 - 9*x1*x6**2*x7/5000 - 97*x1*x6**2*x8/250000 + 169*x1*x6**2/5000 - 11*x1*x6*x7**2/6250 + 7*x1*x6*x7*x8/500000 - 561*x1*x6*x7/100000 - 43*x1*x6*x8**2/25000 - 127*x1*x6*x8/100000 + 11*x1*x6/250 - 101*x1*x7**3/100000 - 219*x1*x7**2*x8/500000 + 353*x1*x7**2/10000 - 53*x1*x7*x8**2/25000 - 101*x1*x7*x8/100000 + 329*x1*x7/10000 - 313*x1*x8**3/1000000 + 41*x1*x8**2/1250 + 29*x1*x8/12500 - 149*x1/1000 + 113*x2**4/10000 + 331*x2**3*x3/100000 + 47*x2**3*x4/25000 - 117*x2**3*x5/1000000 - 151*x2**3*x6/100000 - 11*x2**3*x7/6250 - 293*x2**3*x8/500000 + 317*x2**3/10000 + 163*x2**2*x3**2/10000 + 3*x2**2*x3*x4/400 + 199*x2**2*x3*x5/100000 - 663*x2**2*x3*x6/1000000 - 143*x2**2*x3*x7/100000 - 61*x2**2*x3*x8/100000 + 13*x2**2*x3/500 + 147*x2**2*x4**2/10000 + 651*x2**2*x4*x5/1000000 - 9*x2**2*x4*x6/6250 - 101*x2**2*x4*x7/50000 - 21*x2**2*x4*x8/25000 + x2**2*x4/40 + 137*x2**2*x5**2/10000 - 151*x2**2*x5*x6/100000 - 83*x2**2*x5*x7/50000 - 129*x2**2*x5*x8/250000 + 47*x2**2*x5/2500 + 9*x2**2*x6**2/625 - 131*x2**2*x6*x7/100000 - 7*x2**2*x6*x8/20000 + 63*x2**2*x6/5000 + 9*x2**2*x7**2/625 - 49*x2**2*x7*x8/200000 + x2**2*x7/100 + 8*x2**2*x8**2/625 + 31*x2**2*x8/50000 + 9*x2**2/400 + 31*x2*x3**3/12500 + 213*x2*x3**2*x4/50000 + 113*x2*x3**2*x5/250000 - 3*x2*x3**2*x6/2000 - 177*x2*x3**2*x7/100000 - 317*x2*x3**2*x8/500000 + 197*x2*x3**2/20000 + 31*x2*x3*x4**2/6250 - 217*x2*x3*x4*x5/5000000 + 93*x2*x3*x4*x6/2000000 - 17*x2*x3*x4*x7/312500 - 99*x2*x3*x4*x8/5000000 - 109*x2*x3*x4/2000 + 169*x2*x3*x5**2/50000 + 753*x2*x3*x5*x6/10000000 - 63*x2*x3*x5*x7/2500000 - 733*x2*x3*x5*x8/100000000 - 19*x2*x3*x5/500 + 71*x2*x3*x6**2/20000 - 197*x2*x3*x6*x7/10000000 + x2*x3*x6*x8/62500 - 59*x2*x3*x6/2500 + 69*x2*x3*x7**2/20000 + 277*x2*x3*x7*x8/50000000 - 87*x2*x3*x7/5000 + 361*x2*x3*x8**2/100000 - 61*x2*x3*x8/50000 + 123*x2*x3/1000 + 89*x2*x4**3/50000 - 411*x2*x4**2*x5/1000000 - 9*x2*x4**2*x6/5000 - 209*x2*x4**2*x7/100000 - 23*x2*x4**2*x8/31250 + 943*x2*x4**2/100000 + 47*x2*x4*x5**2/25000 + 777*x2*x4*x5*x6/10000000 - 299*x2*x4*x5*x7/5000000 - 61*x2*x4*x5*x8/25000000 - 41*x2*x4*x5/1000 + 117*x2*x4*x6**2/50000 - 309*x2*x4*x6*x7/10000000 + 193*x2*x4*x6*x8/25000000 - 13*x2*x4*x6/500 + 237*x2*x4*x7**2/100000 + 47*x2*x4*x7*x8/2500000 - 49*x2*x4*x7/2500 + 51*x2*x4*x8**2/20000 - 219*x2*x4*x8/100000 + 121*x2*x4/1000 + 143*x2*x5**3/5000000 - x2*x5**2*x6/625 - 23*x2*x5**2*x7/12500 - 269*x2*x5**2*x8/500000 + 293*x2*x5**2/10000 - 173*x2*x5*x6**2/1000000 - 73*x2*x5*x6*x7/1250000 - 261*x2*x5*x6*x8/10000000 - 91*x2*x5*x6/5000 - 121*x2*x5*x7**2/1000000 + 93*x2*x5*x7*x8/5000000000 - 7*x2*x5*x7/500 - 123*x2*x5*x8**2/1000000 - 43*x2*x5*x8/20000 + 107*x2*x5/1250 - 231*x2*x6**3/250000 - 191*x2*x6**2*x7/100000 - 133*x2*x6**2*x8/250000 + 391*x2*x6**2/10000 - 159*x2*x6*x7**2/100000 + 217*x2*x6*x7*x8/10000000 - 849*x2*x6*x7/100000 - 141*x2*x6*x8**2/100000 - 161*x2*x6*x8/100000 + 281*x2*x6/5000 - 53*x2*x7**3/50000 - 63*x2*x7**2*x8/100000 + 413*x2*x7**2/10000 - 49*x2*x7*x8**2/25000 - 131*x2*x7*x8/100000 + 43*x2*x7/1000 - 367*x2*x8**3/1000000 + 389*x2*x8**2/10000 + 89*x2*x8/25000 - 183*x2/1000 + 121*x3**4/10000 + 459*x3**3*x4/100000 + 29*x3**3*x5/20000 - 967*x3**3*x6/1000000 - 159*x3**3*x7/100000 - 449*x3**3*x8/1000000 + 59*x3**3/2000 + 173*x3**2*x4**2/10000 + 73*x3**2*x4*x5/25000 - 541*x3**2*x4*x6/1000000 - 121*x3**2*x4*x7/100000 - 39*x3**2*x4*x8/100000 + 59*x3**2*x4/5000 + 159*x3**2*x5**2/10000 - 139*x3**2*x5*x6/100000 - 153*x3**2*x5*x7/100000 - x3**2*x5*x8/2000 + 449*x3**2*x5/50000 + 83*x3**2*x6**2/5000 - 121*x3**2*x6*x7/100000 - 173*x3**2*x6*x8/500000 + 389*x3**2*x6/50000 + 33*x3**2*x7**2/2000 - 27*x3**2*x7*x8/100000 + 357*x3**2*x7/50000 + 9*x3**2*x8**2/625 + 9*x3**2*x8/5000 + 223*x3**2/5000 + 59*x3*x4**3/10000 + 171*x3*x4**2*x5/50000 + 77*x3*x4**2*x6/500000 - 347*x3*x4**2*x7/500000 - 137*x3*x4**2*x8/1000000 + 67*x3*x4**2/5000 + 193*x3*x4*x5**2/25000 + 267*x3*x4*x5*x6/10000000 - 103*x3*x4*x5*x7/10000000 + 101*x3*x4*x5*x8/2000000 - 437*x3*x4*x5/10000 + 187*x3*x4*x6**2/25000 - 7*x3*x4*x6*x7/250000 + 329*x3*x4*x6*x8/10000000 - 269*x3*x4*x6/10000 + 179*x3*x4*x7**2/25000 + 119*x3*x4*x7*x8/10000000 - 39*x3*x4*x7/2000 + 637*x3*x4*x8**2/100000 - 259*x3*x4*x8/500000 + 143*x3*x4/1000 + 243*x3*x5**3/100000 - 329*x3*x5**2*x6/500000 - 143*x3*x5**2*x7/100000 - 549*x3*x5**2*x8/1000000 + 17*x3*x5**2/500 + 13*x3*x5*x6**2/6250 - 49*x3*x5*x6*x7/2500000 + 97*x3*x5*x6*x8/50000000 - 191*x3*x5*x6/10000 + 201*x3*x5*x7**2/100000 + 127*x3*x5*x7*x8/10000000 - 71*x3*x5*x7/5000 + 203*x3*x5*x8**2/100000 - 131*x3*x5*x8/100000 + 103*x3*x5/1000 - 887*x3*x6**3/10000000 - 81*x3*x6**2*x7/50000 - 687*x3*x6**2*x8/1000000 + 113*x3*x6**2/2500 - 793*x3*x6*x7**2/1000000 + 263*x3*x6*x7*x8/10000000 - 427*x3*x6*x7/50000 - 81*x3*x6*x8**2/250000 - 71*x3*x6*x8/50000 + 43*x3*x6/625 - 693*x3*x7**3/1000000 - 809*x3*x7**2*x8/1000000 + 19*x3*x7**2/400 - 21*x3*x7*x8**2/20000 - 3*x3*x7*x8/2500 + 269*x3*x7/5000 - 199*x3*x8**3/1000000 + 227*x3*x8**2/5000 + 491*x3*x8/100000 - 11*x3/50 + 113*x4**4/10000 + 929*x4**3*x5/1000000 - 121*x4**3*x6/100000 - 87*x4**3*x7/50000 - 543*x4**3*x8/1000000 + 309*x4**3/10000 + 37*x4**2*x5**2/2500 - 21*x4**2*x5*x6/12500 - 181*x4**2*x5*x7/100000 - 319*x4**2*x5*x8/500000 + 107*x4**2*x5/12500 + 31*x4**2*x6**2/2000 - 9*x4**2*x6*x7/6250 - 497*x4**2*x6*x8/1000000 + x4**2*x6/160 + 77*x4**2*x7**2/5000 - 431*x4**2*x7*x8/1000000 + 543*x4**2*x7/100000 + 133*x4**2*x8**2/10000 + 19*x4**2*x8/40000 + 29*x4**2/625 + 151*x4*x5**3/100000 - 133*x4*x5**2*x6/100000 - 93*x4*x5**2*x7/50000 - 719*x4*x5**2*x8/1000000 + 67*x4*x5**2/2000 + 29*x4*x5*x6**2/25000 - 11*x4*x5*x6*x7/500000 - 93*x4*x5*x6*x8/12500000 - 211*x4*x5*x6/10000 + 119*x4*x5*x7**2/100000 + 199*x4*x5*x7*x8/10000000 - 159*x4*x5*x7/10000 + 127*x4*x5*x8**2/100000 - 209*x4*x5*x8/100000 + 101*x4*x5/1000 - 13*x4*x6**3/25000 - 191*x4*x6**2*x7/100000 - 73*x4*x6**2*x8/100000 + 453*x4*x6**2/10000 - 127*x4*x6*x7**2/100000 + 223*x4*x6*x7*x8/10000000 - 39*x4*x6*x7/4000 - 873*x4*x6*x8**2/1000000 - 89*x4*x6*x8/50000 + 67*x4*x6/1000 - 93*x4*x7**3/100000 - 51*x4*x7**2*x8/62500 + 239*x4*x7**2/5000 - 31*x4*x7*x8**2/20000 - 73*x4*x7*x8/50000 + 259*x4*x7/5000 - 331*x4*x8**3/1000000 + 57*x4*x8**2/1250 + 3*x4*x8/625 - 217*x4/1000 + 29*x5**4/2500 - 27*x5**3*x6/20000 - 37*x5**3*x7/25000 - 233*x5**3*x8/500000 + 7*x5**3/250 + 141*x5**2*x6**2/10000 - 129*x5**2*x6*x7/100000 - 333*x5**2*x6*x8/1000000 + 81*x5**2*x6/5000 + 141*x5**2*x7**2/10000 - 57*x5**2*x7*x8/250000 + 8*x5**2*x7/625 + 31*x5**2*x8**2/2500 + 9*x5**2*x8/10000 + 361*x5**2/100000 - 923*x5*x6**3/1000000 - 33*x5*x6**2*x7/20000 - 113*x5*x6**2*x8/250000 + 13*x5*x6**2/400 - 147*x5*x6*x7**2/100000 + 161*x5*x6*x7*x8/20000000 - 173*x5*x6*x7/25000 - 137*x5*x6*x8**2/100000 - 73*x5*x6*x8/50000 + 231*x5*x6/5000 - 967*x5*x7**3/1000000 - 21*x5*x7**2*x8/40000 + 343*x5*x7**2/10000 - 91*x5*x7*x8**2/50000 - 23*x5*x7*x8/20000 + 22*x5*x7/625 - 173*x5*x8**3/500000 + 161*x5*x8**2/5000 + 3*x5*x8/1000 - 151*x5/1000 + 23*x6**4/2000 - 51*x6**3*x7/50000 - 149*x6**3*x8/500000 + 203*x6**3/10000 + 37*x6**2*x7**2/2500 - 23*x6**2*x7*x8/125000 + 43*x6**2*x7/2500 + 13*x6**2*x8**2/1000 + 31*x6**2*x8/20000 - 47*x6**2/2000 - 81*x6*x7**3/100000 - 167*x6*x7**2*x8/500000 + 229*x6*x7**2/10000 - 81*x6*x7*x8**2/50000 - 77*x6*x7*x8/100000 + 213*x6*x7/10000 - 147*x6*x8**3/500000 + 211*x6*x8**2/10000 + 177*x6*x8/100000 - 481*x6/5000 + 23*x7**4/2000 - 23*x7**3*x8/100000 + 159*x7**3/10000 + 7*x7**2*x8**2/500 + 11*x7**2*x8/6250 - 77*x7**2/2500 - 21*x7*x8**3/100000 + 33*x7*x8**2/2000 + x7*x8/1000 - 147*x7/2000 + 13*x8**4/1250 + 31*x8**3/25000 - 43*x8**2/1250 - 273*x8/50000 + 21/100",
    "Q": "[[0.2101718219484077, -0.002801423013065239, -0.03679106831991343, -0.04809963382293092, -0.0754254909395, -0.10857014577194005, -0.11002523918142496, -0.09148693425708729, -0.0743540318329069, -0.029121021470490623, 5.1789120979013294e-05, 0.00011355308331905293, 0.00040756515795280104, 0.0005928609511543822, 0.0004394984276234575, 0.0005248845032977385, -3.6713061960704206e-05, -0.03219070187924836, 0.0006962674733229719, 0.0025137536827273144, 0.004716487139793544, 0.004892570256749566, 0.003381298660002714, 0.0008557239314519684, -0.03129133762677701, 0.0035058203980323586, 0.006002316233878967, 0.006158507932734265, 0.004528137699201692, 0.0019151647377997653, -0.02693775351584384, 0.008903029247396818, 0.00887109214181907, 0.007216437746554613, 0.005054829349403252, -0.020232779039713517, 0.011559909309366253, 0.010703192345114644, 0.008994681272825688, -0.020511698133400435, 0.010474722787535763, 0.009332046574330495, -0.024529519187890852, 0.006572862470583119, -0.031245238864395748], [-0.002801423013065239, 0.0239378346081398, 0.0005089150357383746, 0.0006882249565044534, 0.001103958713938244, 0.0017987506621791646, 0.0020632745208231463, 0.0013763920688817813, 0.0011884654468168369, 0.0006273738387411904, 0.002037778322032555, 0.0026115916556950997, 0.00397838628042745, 0.005884322916124165, 0.006023078040784097, 0.004870243095931064, 0.004268058430497616, 0.0006412258628721801, -0.00016803538274621707, -0.00026089776291921365, -0.00039205823426074425, -0.000356080700216215, -0.00031973112680577873, -0.00024810727396025744, 0.0006069820905415817, -0.00029128994566463706, -0.00039776839966265736, -0.0003373026642984728, -0.0003497699373844318, -0.00028751562318818656, 0.0004998269113602611, -0.00038419720657158766, -0.0002458970689577863, -0.0004062852147828092, -0.0003788222924748337, 0.0004738191175172824, -5.32952720673375e-05, -0.00039269714732093134, -0.00045529558568524464, 0.0007303441561899266, -0.00021106496911050816, -0.0003418566919392224, 0.00045246463023493956, -0.0004415639726858553, 0.0005495887346625226], [-0.03679106831991343, 0.0005089150357383746, 0.033424815400394346, 0.01000543730961116, 0.015088151981729936, 0.021295068985214067, 0.02205532739373768, 0.018179877954920622, 0.015619765149401041, 0.006195208463918883, 0.00023871078594816963, -0.0001289150543744373, -0.0002698878327187047, -0.00040373721053217344, -0.00033915069854644826, -0.0003364063270451064, -0.00015859709795812887, 0.007954881394783836, 0.002803899582625952, 0.003955224272665882, 0.0053800049790032655, 0.005287964056156786, 0.004742515168198654, 0.004435591820389542, 0.006506835808420883, -0.001461673112870947, -0.0021998731443936916, -0.002044924298151631, -0.0018131987731865255, -0.0011371407847548096, 0.005457464065370144, -0.0030757201728551812, -0.002747628224087881, -0.0026829412275303144, -0.002009584606374956, 0.003907880953390051, -0.003369038125361973, -0.0036484113415985856, -0.003036879419762674, 0.004443849449318867, -0.003204193941957536, -0.0028201895135831438, 0.004854347362529948, -0.0024957027968898703, 0.006371091907708136], [-0.04809963382293092, 0.0006882249565044534, 0.01000543730961116, 0.03882963206529608, 0.019470942023642964, 0.027375026067343253, 0.028255948630735262, 0.02343876065004658, 0.02004176777645037, 0.007918210734461308, -7.994758888623672e-05, 0.00018605401802547115, -0.00028524457682616174, -0.00042323573514017, -0.00034708854913346576, -0.0003567527328901448, -0.00014367521930788165, 0.008647362457500397, 0.0020636053359805438, -0.0013359070065965218, -0.0021809782673295366, -0.0020905128798320892, -0.0017077133274724635, -0.0008706132220343384, 0.010103716009233002, 0.003458084128196313, 0.004650603888308685, 0.0046298602176857336, 0.0041435396771168295, 0.0040360895395235895, 0.00701279567084475, -0.003878289426190613, -0.0035771112096937407, -0.0032996425865416583, -0.002400146068343451, 0.004882507769825845, -0.0046578609013171145, -0.004666334945815709, -0.0037870004825258188, 0.005359554272170784, -0.004246040792097406, -0.003605241614415386, 0.006220940686942702, -0.0030235417772609017, 0.008204665117807394], [-0.0754254909395, 0.001103958713938244, 0.015088151981729936, 0.019470942023642964, 0.05687889082425846, 0.041570584585297034, 0.042777155809636806, 0.0356429644556808, 0.03020302191953964, 0.01204013277462578, -5.3596331131565845e-05, -0.00010274354512502708, -4.8356197770013395e-05, -0.00044051139908919733, -0.0003622587117188788, -0.0003742733814939352, -8.42441319504939e-05, 0.01318005913444965, -0.0006681769093085693, 0.000924128634773947, -0.0029871911026828723, -0.00295704985203051, -0.0022594668464493654, -0.0009375516878128832, 0.012752253840338198, 0.0010779096138333391, -0.0037977475432972997, -0.003720080398828923, -0.0029834530006839642, -0.0015500085461634472, 0.013951832772808955, 0.0017184016415726013, 0.0018935009744648734, 0.0017098560106520288, 0.00202831560533101, 0.007092459042238668, -0.007628010148720175, -0.007117526469191647, -0.005647330601796852, 0.007476339138450027, -0.006698761988662791, -0.00556070224385366, 0.009432197543083807, -0.00434846892063543, 0.012521817126970307], [-0.10857014577194005, 0.0017987506621791646, 0.021295068985214067, 0.027375026067343253, 0.041570584585297034, 0.08652233456750069, 0.05972732469826732, 0.04985591758193128, 0.041966179743280305, 0.016805092100412252, 3.1089663441648556e-05, -1.2853784201647882e-05, -0.00020547782777315834, -0.00023173300739158607, -0.0002249484711878325, -0.0002818673078864543, 7.015682669131784e-05, 0.018509102513322866, -0.0005079194100993473, -0.0018995357474906576, -0.0012303347289753244, -0.0036619324072154017, -0.0025996988008706633, -0.0008164817810036128, 0.01790894585166899, -0.002778777281449071, -0.0017103213548838967, -0.004797430797636866, -0.0036557164465876907, -0.0017181570897535274, 0.014907787445552257, -0.002849491470781796, -0.007417984618627971, -0.006293100059855318, -0.004346186106164145, 0.015456347278180314, -0.003396690352941011, -0.0035438385345207407, -0.0024095529421539644, 0.01013804409319072, -0.009100219527159354, -0.007736159919772414, 0.013001681192092392, -0.005727148172529521, 0.01756197420825106], [-0.11002523918142496, 0.0020632745208231463, 0.02205532739373768, 0.028255948630735262, 0.042777155809636806, 0.05972732469826732, 0.08586955551826446, 0.051091122557007165, 0.042826047962156596, 0.01661665144380618, 5.057831232503214e-05, 4.114144660841226e-05, -4.447722316393886e-05, 2.9998295123050682e-05, 0.00016187896782610928, -6.238097996652455e-05, 0.00019265380616136167, 0.01845286181701655, -0.0001940784184885595, -0.0013993265979886955, -0.002755626761136188, -0.0008985090751737347, -0.0019800073351326068, -0.0003216498183935163, 0.01788511256787963, -0.0022198428263867386, -0.0039375285919129735, -0.0015214506503169862, -0.002988330863811399, -0.0011626093939723016, 0.015021074940299351, -0.006815572857366867, -0.0030239763685774115, -0.005544296805872535, -0.003631575815165788, 0.010100086990299044, -0.004235246283189452, -0.008638937387432894, -0.006763573513458703, 0.014716097869362729, -0.003808194204130036, -0.002618042354553539, 0.013237958009730566, -0.004912613930707884, 0.017687742079355084], [-0.09148693425708729, 0.0013763920688817813, 0.018179877954920622, 0.02343876065004658, 0.0356429644556808, 0.04985591758193128, 0.051091122557007165, 0.07128698784282285, 0.036296975871130725, 0.01452011067478808, -4.5608615272670595e-05, -9.813569063525894e-05, -0.0003075609153981988, -0.000470269908287196, -0.000389014636840427, -0.00016398017915305574, -6.45718435902161e-05, 0.01590774760433826, -0.0007309556968019928, -0.001992819727379899, -0.003519786742360922, -0.003531762893855626, 0.00012303698757359265, -0.0010407398442682984, 0.015388443343278562, -0.002745322521242782, -0.004533109682740131, -0.004486617475548729, 5.442545557997519e-05, -0.0017973066924674762, 0.01286545922123837, -0.007046114204808935, -0.006764095405017495, -0.000132449417740994, -0.004040708600070977, 0.008334852126910403, -0.009365833531176232, -0.0006193831687844404, -0.006842192499164882, 0.008761003858195952, -0.00030286533972418155, -0.006803753335070395, 0.0157521294342469, 0.0005311376424793467, 0.015080962334831947], [-0.0743540318329069, 0.0011884654468168369, 0.015619765149401041, 0.02004176777645037, 0.03020302191953964, 0.041966179743280305, 0.042826047962156596, 0.036296975871130725, 0.0577930603613631, 0.012040681291825818, -0.00010222371258437126, -0.00015884565055173107, -0.0003499338118487321, -0.000500141529793278, -0.00040242565883288087, -0.0004343125564626011, 0.0002429797950683484, 0.013235562013577541, -0.0008081519668414838, -0.0018144894906932897, -0.003030892839698482, -0.0029572334481158266, -0.002337099561463906, 0.0019329628483525554, 0.012803412712588563, -0.0023969947140983472, -0.003827536227126989, -0.0037096873784897956, -0.0030305818084062123, 0.002157298721809021, 0.01073264899057821, -0.005863268547680241, -0.005575087333265699, -0.004824439201412978, 0.00245583115259357, 0.007141820978632032, -0.007726696198802561, -0.007167275384040778, 0.0026815812305407243, 0.007610521323740471, -0.006737930739340906, 0.002555292179235305, 0.009477488770875264, 0.00282392993733895, 0.01578217985173584], [-0.029121021470490623, 0.0006273738387411904, 0.006195208463918883, 0.007918210734461308, 0.01204013277462578, 0.016805092100412252, 0.01661665144380618, 0.01452011067478808, 0.012040681291825818, 0.01039420715961856, -0.00011539247926158973, -0.0001307216101501912, -0.00017328629444887826, -0.00016058722313426675, -0.00010064433692988934, -0.00019496593014181032, -0.00015622877687827185, 0.004389667791551788, -0.00015714572923273634, -0.00042108071478758736, -0.0007930393520109875, -0.0008417307485653221, -0.0005615918281300532, -0.00022406094211952754, 0.004265332477452017, -0.0005603313653924981, -0.0009606809427303073, -0.0009921820743609062, -0.00072204627424499, -0.0003765538693931951, 0.0036920248753237322, -0.0013065229426185297, -0.0012707024449571357, -0.0011113921598647945, -0.0008093007329868455, 0.0027938668568432976, -0.0015043138514835976, -0.0015162979158833093, -0.0013878557339989403, 0.0029940928058339164, -0.001448463457602556, -0.001430189831153137, 0.0033718796079714964, -0.0010392404015394081, 0.004226466110452148], [5.1789120979013294e-05, 0.002037778322032555, 0.00023871078594816963, -7.994758888623672e-05, -5.3596331131565845e-05, 3.1089663441648556e-05, 5.057831232503214e-05, -4.5608615272670595e-05, -0.00010222371258437126, -0.00011539247926158973, 0.004798629363914216, -0.0005940778663816578, -0.00042035198442053875, 4.41733902450448e-05, 0.00033072665029202394, -0.00035741073635775646, -0.0007462437820465927, -0.00011168349950968246, -0.0001321906436640463, -0.00016342520149736884, -0.00022562819729632502, -0.00023081063875134822, -0.00019269653798123198, -0.00020405941233994334, 4.3093084840480524e-06, -3.308123803424293e-06, -8.113612929607342e-06, -9.682296326069275e-06, -5.0922076899335705e-06, -1.2288915570369537e-06, -5.382856481906071e-06, -2.1494392804006296e-05, -2.8655389162198166e-05, -1.974106543099206e-05, -2.61467394947055e-06, -2.6038047377835342e-05, -4.4983059846815064e-05, -2.668654105152969e-05, -6.292180353581426e-06, -2.3065294535577785e-05, -3.523970315327203e-05, -8.793415820724804e-06, -9.51264934697421e-06, -3.959019617426252e-06, -2.7462788161149813e-07], [0.00011355308331905293, 0.0026115916556950997, -0.0001289150543744373, 0.00018605401802547115, -0.00010274354512502708, -1.2853784201647882e-05, 4.114144660841226e-05, -9.813569063525894e-05, -0.00015884565055173107, -0.0001307216101501912, -0.0005940778663816578, 0.004824375050371258, -0.00018421064352993667, 0.0005129229214555958, 0.0008320576540285872, -3.7765172766952e-05, -0.0006056983414455338, -1.4452256852831391e-05, -0.00011549959235759616, 2.327477205930517e-06, 1.8554554314789487e-06, 2.056624527029421e-06, 2.3878435766294733e-06, -2.2222785645994398e-06, -0.00014886881733198418, -0.000164909344266824, -0.00023292736412361062, -0.00022521316297240365, -0.0001943552354695758, -0.00020562458965121147, -2.1184486836732934e-05, -1.636921855884088e-05, -2.074676553920271e-05, -1.6593501164713077e-05, 1.9056952944693524e-07, -3.910316756484591e-05, -3.5412792475205466e-05, -2.0867301945732918e-05, 1.8070491181990067e-06, -3.6382754642394653e-05, -2.609616475823137e-05, 1.3751397150682841e-06, -2.4057405765551564e-05, 2.1806941201980215e-07, -1.5019905445381554e-05], [0.00040756515795280104, 0.00397838628042745, -0.0002698878327187047, -0.00028524457682616174, -4.8356197770013395e-05, -0.00020547782777315834, -4.447722316393886e-05, -0.0003075609153981988, -0.0003499338118487321, -0.00017328629444887826, -0.00042035198442053875, -0.00018421064352993667, 0.005300288256239481, 0.001988762032333343, 0.0023821873675557914, 0.0010353970122783229, -4.272026279763186e-05, -8.559115133655071e-05, 9.8064659752233e-07, -0.00012526811929769682, 2.0864596333111867e-05, 2.7004187707833327e-05, 1.0926554752095452e-05, 2.9904643100888804e-06, -8.23023215617212e-05, -0.00014245688311040024, 1.8199526679618737e-05, 2.346752172597416e-05, 8.333475661883955e-06, 5.693257208554817e-06, -0.0002495198824503973, -0.00024191842773764666, -0.0001612943318727438, -0.0001979879792344095, -0.00019864826700979307, -8.589993681936514e-05, 5.233864792766059e-06, 9.714468061854758e-06, 2.9995691677756418e-05, -0.00010186777794475513, 1.4330641815056817e-05, 3.8637138707280975e-05, -7.360898481134824e-05, 1.524711363181673e-05, -7.521651377912766e-05], [0.0005928609511543822, 0.005884322916124165, -0.00040373721053217344, -0.00042323573514017, -0.00044051139908919733, -0.00023173300739158607, 2.9998295123050682e-05, -0.000470269908287196, -0.000500141529793278, -0.00016058722313426675, 4.41733902450448e-05, 0.0005129229214555958, 0.001988762032333343, 0.007405992989709504, 0.0045807093316035654, 0.0027124013544644423, 0.0009607067275158171, -0.0001547150025017072, 6.258157498119806e-06, 6.297964709036987e-07, -0.00018928407471178048, 3.34789734291489e-05, 1.4753897691883909e-06, 1.0452894545361179e-05, -0.00015462619694027018, -1.8303081207982884e-06, -0.00020541823003962002, 2.932193611629153e-05, -2.1834279675411537e-06, 9.545864186348708e-06, -0.00014150138790646448, -0.0002374540957103182, 7.831070321247149e-06, -2.518579229899609e-05, 1.2038460218899538e-06, -0.00026464486192037234, 7.254592539379031e-05, -0.00026127694531477124, -0.00022769341410309633, -0.00018764816849885327, 1.3612865768964497e-06, 4.312882902087034e-05, -0.00014887634090516512, 1.7300925615417673e-06, -0.00014784929563031778], [0.0004394984276234575, 0.006023078040784097, -0.00033915069854644826, -0.00034708854913346576, -0.0003622587117188788, -0.0002249484711878325, 0.00016187896782610928, -0.000389014636840427, -0.00040242565883288087, -0.00010064433692988934, 0.00033072665029202394, 0.0008320576540285872, 0.0023821873675557914, 0.0045807093316035654, 0.00812182481255064, 0.0031687138827923944, 0.0013823160197859044, -0.00014918477609049063, 7.625671799023212e-06, 1.6512014543689965e-06, 1.1504086417629023e-05, -0.0001142030742207056, 1.705430248050797e-06, 1.0107701732297631e-05, -0.00014794682777024667, -2.7207561867944097e-06, 6.090856358925793e-06, -0.00013276389413260844, -4.411833758398894e-06, 7.827084716999256e-06, -0.00014275574071965046, -1.306493511398154e-05, -0.0001628708667361384, -3.8026947942548294e-05, 1.072986672157833e-06, -0.00014617166569614088, 2.1534672525777663e-06, -1.9519384564879718e-05, 1.908841567002507e-05, -0.00022109860940131107, -0.000178796757754223, -0.0001782697607660515, -0.00015267242932464855, 8.170622513705822e-07, -0.00015013939378580912], [0.0005248845032977385, 0.004870243095931064, -0.0003364063270451064, -0.0003567527328901448, -0.0003742733814939352, -0.0002818673078864543, -6.238097996652455e-05, -0.00016398017915305574, -0.0004343125564626011, -0.00019496593014181032, -0.00035741073635775646, -3.7765172766952e-05, 0.0010353970122783229, 0.0027124013544644423, 0.0031687138827923944, 0.006010428379875996, 0.00020027164104410635, -0.00011693606274397533, 2.7043641132893846e-06, 8.814510678922661e-06, 2.521115128234961e-05, 3.353427290524046e-05, -0.0001262877873135389, 5.7136731831397925e-06, -0.00011293159646645624, 8.260025502818531e-06, 2.305072991327999e-05, 3.0507998516581415e-05, -0.00014454543371020208, 8.757861951417364e-06, -0.00010044628711675982, 1.5471324237195234e-05, 2.3696306127532345e-05, -0.0001800541391931686, 1.5536751511471432e-05, -0.00010634639127730376, 1.815809798796526e-05, -0.00025774021226177105, 3.773978128736332e-05, -0.00013007395235592592, -0.00014265758565960428, 4.911065282349127e-05, -0.0003024970106454467, -0.00019495982242527253, -0.000103356979452547], [-3.6713061960704206e-05, 0.004268058430497616, -0.00015859709795812887, -0.00014367521930788165, -8.42441319504939e-05, 7.015682669131784e-05, 0.00019265380616136167, -6.45718435902161e-05, 0.0002429797950683484, -0.00015622877687827185, -0.0007462437820465927, -0.0006056983414455338, -4.272026279763186e-05, 0.0009607067275158171, 0.0013823160197859044, 0.00020027164104410635, 0.005580544752675092, -8.571684398248648e-06, 3.451170121646343e-06, -3.7579036062287684e-07, -4.1607141917774095e-06, -1.314285911567908e-06, -1.7546535656985355e-06, -8.656136320110924e-05, -9.734309043634171e-06, -5.883826737959531e-06, -1.1352913304507426e-05, -9.202224431988257e-06, -8.975931363373617e-06, -0.00011332657050115853, -2.174715810750534e-05, -3.11995376996336e-05, -3.971012537945633e-05, -3.078386514328709e-05, -0.00017136440768383195, -3.1561963627902955e-05, -6.221724469093574e-05, -3.9469873848903046e-05, -0.00028458647947434757, -3.422612047214326e-05, -4.9927715074830076e-05, -0.0002818267782331231, -2.5806318251196416e-05, -0.00021310228739691964, -0.00021331096566141924], [-0.03219070187924836, 0.0006412258628721801, 0.007954881394783836, 0.008647362457500397, 0.01318005913444965, 0.018509102513322866, 0.01845286181701655, 0.01590774760433826, 0.013235562013577541, 0.004389667791551788, -0.00011168349950968246, -1.4452256852831391e-05, -8.559115133655071e-05, -0.0001547150025017072, -0.00014918477609049063, -0.00011693606274397533, -8.571684398248648e-06, 0.011933517424381665, -0.00045950079648999977, -0.0005136431167565072, -0.0004838727101469274, -0.00034652303571234, -0.0005641147533477678, -0.0005591316909715863, 0.004541180184076481, -0.0006238494137352577, -0.0010549755179719124, -0.0010961561438073372, -0.0007997224179313681, -0.0003987935298349724, 0.003962798653148336, -0.0014212197247174152, -0.0013671401050463054, -0.0011858790993571455, -0.0008841432624090091, 0.0031382823783198555, -0.0015998079825955563, -0.0016536301271927066, -0.0015097043042646137, 0.0033479020710394237, -0.0015518798652823717, -0.0015609603728428015, 0.0036338696019594737, -0.0011333155321862664, 0.0044191750143902], [0.0006962674733229719, -0.00016803538274621707, 0.002803899582625952, 0.0020636053359805438, -0.0006681769093085693, -0.0005079194100993473, -0.0001940784184885595, -0.0007309556968019928, -0.0008081519668414838, -0.00015714572923273634, -0.0001321906436640463, -0.00011549959235759616, 9.8064659752233e-07, 6.258157498119806e-06, 7.625671799023212e-06, 2.7043641132893846e-06, 3.451170121646343e-06, -0.00045950079648999977, 0.005695371864752468, -0.00011346801765948118, 0.0004291603622051332, 0.0006853336331899887, 7.621967558604959e-06, -0.0004968934567288548, -0.0005281800765475284, -0.00037289285897173174, -0.00011246079205610842, 9.741523368779758e-05, -0.000346823791929561, -0.0006480032769209402, -0.00018557391002120338, -0.00011046346606512096, -0.00014400375871327355, -8.239065684692272e-05, -1.1114112185712049e-05, -0.00027746906448976755, -0.00030511352262578524, -0.0001490888280180267, -2.3032289995279054e-05, -0.0003240413278593136, -0.0001943187325075973, -2.8533861741708186e-05, -0.00020199662800239804, -1.6394858086680652e-05, -0.00016541040526731225], [0.0025137536827273144, -0.00026089776291921365, 0.003955224272665882, -0.0013359070065965218, 0.000924128634773947, -0.0018995357474906576, -0.0013993265979886955, -0.001992819727379899, -0.0018144894906932897, -0.00042108071478758736, -0.00016342520149736884, 2.327477205930517e-06, -0.00012526811929769682, 6.297964709036987e-07, 1.6512014543689965e-06, 8.814510678922661e-06, -3.7579036062287684e-07, -0.0005136431167565072, -0.00011346801765948118, 0.00630266319979047, 0.0020340397891098665, 0.002413139632521619, 0.0011105592459913945, 4.227173546847024e-05, -0.00046344166666769347, -0.0004928607061939443, 4.444972466039645e-05, 5.8939605164814256e-05, 3.6830160509125595e-05, 2.198108356674178e-05, -0.0007597170539175307, -0.0001667702818202048, 0.00011359636189411044, -0.0003696338372075896, -0.000651005955037281, -0.0005153343038526295, -0.00010645097877389827, -3.260559827381495e-05, 8.10279771853371e-05, -0.0005975552915459406, -4.775939527088836e-05, 9.740114285214178e-05, -0.00044616628060743834, 5.676227926244604e-05, -0.00045024675972946284], [0.004716487139793544, -0.00039205823426074425, 0.0053800049790032655, -0.0021809782673295366, -0.0029871911026828723, -0.0012303347289753244, -0.002755626761136188, -0.003519786742360922, -0.003030892839698482, -0.0007930393520109875, -0.00022562819729632502, 1.8554554314789487e-06, 2.0864596333111867e-05, -0.00018928407471178048, 1.1504086417629023e-05, 2.521115128234961e-05, -4.1607141917774095e-06, -0.0004838727101469274, 0.0004291603622051332, 0.0020340397891098665, 0.008912837207337829, 0.005136088272439113, 0.0028167576066113922, 0.0009624074000242847, -0.0008568266325788063, 6.601374140472321e-05, -0.0004349972365666243, 0.00015440845852436876, 8.09858744052703e-05, 4.624662402865828e-05, -0.0008022287911703683, -0.00038293498203301727, 6.823053061895119e-05, 2.2908825150424654e-05, 9.64832999398117e-05, -0.0008610907361922178, 0.0006062242061443641, -0.0003683275386365715, -0.0005138888356543803, -0.00103412716044728, 4.672869186661722e-05, 0.0002321491763362092, -0.0008173857261525913, 0.0001215379501956531, -0.0008202941096153217], [0.004892570256749566, -0.000356080700216215, 0.005287964056156786, -0.0020905128798320892, -0.00295704985203051, -0.0036619324072154017, -0.0008985090751737347, -0.003531762893855626, -0.0029572334481158266, -0.0008417307485653221, -0.00023081063875134822, 2.056624527029421e-06, 2.7004187707833327e-05, 3.34789734291489e-05, -0.0001142030742207056, 3.353427290524046e-05, -1.314285911567908e-06, -0.00034652303571234, 0.0006853336331899887, 0.002413139632521619, 0.005136088272439113, 0.009816941264085038, 0.0032977371698276877, 0.0013690775440558236, -0.0009187736982274028, 8.506415354846753e-05, 0.00015070506410151403, -0.00030004335187436764, 0.00010452289434178052, 5.0663055515458197e-05, -0.0008566409645658312, 3.8220448155054025e-05, -0.00019039180155395563, 3.408886941864985e-05, 0.00011145633999482526, -0.0009573331668169974, 0.00043049626456774016, 8.34895052098933e-06, 0.00021652888871127575, -0.0007998243382437387, -0.0001400499792826694, -0.00036646352202619184, -0.000873028632379189, 0.0001391251969603673, -0.000883236970124517], [0.003381298660002714, -0.00031973112680577873, 0.004742515168198654, -0.0017077133274724635, -0.0022594668464493654, -0.0025996988008706633, -0.0019800073351326068, 0.00012303698757359265, -0.002337099561463906, -0.0005615918281300532, -0.00019269653798123198, 2.3878435766294733e-06, 1.0926554752095452e-05, 1.4753897691883909e-06, 1.705430248050797e-06, -0.0001262877873135389, -1.7546535656985355e-06, -0.0005641147533477678, 7.621967558604959e-06, 0.0011105592459913945, 0.0028167576066113922, 0.0032977371698276877, 0.007112960066281163, 0.00027374194410856653, -0.0006145813591243295, 4.556049633770227e-05, 6.810295361279354e-05, 8.97958381659379e-05, -0.0004697331669098874, 3.165183105925214e-05, -0.0005728693471066372, 9.696773123397623e-06, 1.3670525852265508e-05, -0.00038893446940942476, 6.819940773964037e-05, -0.0006498245543497912, -5.5077642387658944e-05, -0.00020261483190403957, 0.00012236439475727819, -0.0007569830297620121, 0.00013403782230050537, 0.00014623813296450744, -0.0008981020969864913, -0.0006184163420626986, -0.0005955837240704217], [0.0008557239314519684, -0.00024810727396025744, 0.004435591820389542, -0.0008706132220343384, -0.0009375516878128832, -0.0008164817810036128, -0.0003216498183935163, -0.0010407398442682984, 0.0019329628483525554, -0.00022406094211952754, -0.00020405941233994334, -2.2222785645994398e-06, 2.9904643100888804e-06, 1.0452894545361179e-05, 1.0107701732297631e-05, 5.7136731831397925e-06, -8.656136320110924e-05, -0.0005591316909715863, -0.0004968934567288548, 4.227173546847024e-05, 0.0009624074000242847, 0.0013690775440558236, 0.00027374194410856653, 0.006353717128875097, -0.00022940473410259666, -1.0866971381160444e-05, -2.321433403347369e-05, -2.2129193773823963e-05, -1.5256972972494971e-05, -0.00041114680478126104, -0.00026206443215279223, -0.0001775112771252595, -0.00020885748284708703, -0.00012496168700226013, -0.00035017175939237687, -0.0004111001975219127, -0.00044867806504730683, -0.00024390234495294622, -0.00022864675124634494, -0.00045818466037096374, -0.00028536332992486094, -3.748103638523204e-05, -0.0002902251524735141, -0.00035495239550041336, -0.0006948070213993486], [-0.03129133762677701, 0.0006069820905415817, 0.006506835808420883, 0.010103716009233002, 0.012752253840338198, 0.01790894585166899, 0.01788511256787963, 0.015388443343278562, 0.012803412712588563, 0.004265332477452017, 4.3093084840480524e-06, -0.00014886881733198418, -8.23023215617212e-05, -0.00015462619694027018, -0.00014794682777024667, -0.00011293159646645624, -9.734309043634171e-06, 0.004541180184076481, -0.0005281800765475284, -0.00046344166666769347, -0.0008568266325788063, -0.0009187736982274028, -0.0006145813591243295, -0.00022940473410259666, 0.011765098817116624, -0.000466120039668878, -0.00023544284955380885, -3.349758716727592e-05, -0.0004609572941016011, -0.0006370337104090333, 0.0038303141565313127, -0.0014134636030322797, -0.0013595619192615866, -0.0011663173706963682, -0.0008632038186778817, 0.003001840239306666, -0.0016143510968403224, -0.0016535942015163349, -0.001468577991808102, 0.0031989905266330077, -0.001552602755029054, -0.0015200286462735046, 0.0034992074517212804, -0.001103962779448753, 0.00428714229755562], [0.0035058203980323586, -0.00029128994566463706, -0.001461673112870947, 0.003458084128196313, 0.0010779096138333391, -0.002778777281449071, -0.0022198428263867386, -0.002745322521242782, -0.0023969947140983472, -0.0005603313653924981, -3.308123803424293e-06, -0.000164909344266824, -0.00014245688311040024, -1.8303081207982884e-06, -2.7207561867944097e-06, 8.260025502818531e-06, -5.883826737959531e-06, -0.0006238494137352577, -0.00037289285897173174, -0.0004928607061939443, 6.601374140472321e-05, 8.506415354846753e-05, 4.556049633770227e-05, -1.0866971381160444e-05, -0.000466120039668878, 0.006368914776790073, 0.001973468864284011, 0.0023845211147344773, 0.0010642714305385919, 1.3062850817519756e-05, -0.0006563512845575236, 0.0003181638671347438, 0.0006568861502863854, -5.262844438340627e-05, -0.0005259361407586998, -0.0006566340883765903, -8.960498181711877e-05, -3.5779267237240946e-05, 9.471995591690732e-05, -0.0007368485831373483, -4.746536220334418e-05, 0.00011133546935691602, -0.0005860986101929018, 5.442198171489172e-05, -0.0005932179705749797], [0.006002316233878967, -0.00039776839966265736, -0.0021998731443936916, 0.004650603888308685, -0.0037977475432972997, -0.0017103213548838967, -0.0039375285919129735, -0.004533109682740131, -0.003827536227126989, -0.0009606809427303073, -8.113612929607342e-06, -0.00023292736412361062, 1.8199526679618737e-05, -0.00020541823003962002, 6.090856358925793e-06, 2.305072991327999e-05, -1.1352913304507426e-05, -0.0010549755179719124, -0.00011246079205610842, 4.444972466039645e-05, -0.0004349972365666243, 0.00015070506410151403, 6.810295361279354e-05, -2.321433403347369e-05, -0.00023544284955380885, 0.001973468864284011, 0.00901540036645126, 0.0051646542911813155, 0.002740325444576561, 0.0009051222142246168, -0.0009776984529268821, -0.00014066524671900153, 5.958359062352073e-05, 2.913219754567266e-05, 6.78441149627162e-05, -0.0005732686292227143, 0.0011732317392125515, -4.513749051091705e-05, -0.00038996570928093285, -0.0011895601817326123, 4.0287116654977794e-05, 0.00021841444450296715, -0.0009944865059637897, 9.879539708403127e-05, -0.0009981184917183731], [0.006158507932734265, -0.0003373026642984728, -0.002044924298151631, 0.0046298602176857336, -0.003720080398828923, -0.004797430797636866, -0.0015214506503169862, -0.004486617475548729, -0.0037096873784897956, -0.0009921820743609062, -9.682296326069275e-06, -0.00022521316297240365, 2.346752172597416e-05, 2.932193611629153e-05, -0.00013276389413260844, 3.0507998516581415e-05, -9.202224431988257e-06, -0.0010961561438073372, 9.741523368779758e-05, 5.8939605164814256e-05, 0.0001544