{
    "name": "Total Decomposition",
    "rational_expression": "14379*x1**4/5000 + 3757*x1**3*x2/1000 + 271*x1**3*x3/200 - 11343*x1**3*x4/5000 + 12221*x1**3*x5/5000 + 14571*x1**3*x6/5000 + 2427*x1**3*x7/625 - 98171*x1**3*x8/100000 + 54173*x1**3/10000 + 23003*x1**2*x2**2/2500 + 2006*x1**2*x2*x3/125 + 79737*x1**2*x2*x4/10000 + 10481*x1**2*x2*x5/1000 + 7683*x1**2*x2*x6/1250 + 1019*x1**2*x2*x7/400 - 21743*x1**2*x2*x8/5000 + 14493*x1**2*x2/1000 + 3729*x1**2*x3**2/200 + 32933*x1**2*x3*x4/1000 + 14107*x1**2*x3*x5/1000 + 19853*x1**2*x3*x6/5000 - 32619*x1**2*x3*x7/10000 - 33607*x1**2*x3*x8/5000 + 17669*x1**2*x3/1000 + 24389*x1**2*x4**2/1000 + 5521*x1**2*x4*x5/500 + 83601*x1**2*x4*x6/100000 - 39991*x1**2*x4*x7/5000 - 14467*x1**2*x4*x8/2500 + 12983*x1**2*x4/1000 + 10987*x1**2*x5**2/1250 + 81873*x1**2*x5*x6/10000 + 23807*x1**2*x5*x7/5000 - 8257*x1**2*x5*x8/2000 + 3043*x1**2*x5/200 + 67273*x1**2*x6**2/10000 + 77781*x1**2*x6*x7/10000 - 12409*x1**2*x6*x8/5000 + 11203*x1**2*x6/1000 + 5113*x1**2*x7**2/625 - 246*x1**2*x7*x8/125 + 1398*x1**2*x7/125 + 227*x1**2*x8**2/50 + 25521*x1**2*x8/5000 - 7773*x1**2/5000 + 33847*x1*x2**3/10000 + 69*x1*x2**2*x3/40 - 12143*x1*x2**2*x4/5000 + 13023*x1*x2**2*x5/5000 + 14261*x1*x2**2*x6/5000 + 32661*x1*x2**2*x7/10000 - 13329*x1*x2**2*x8/10000 + 7337*x1*x2**2/1250 + 16537*x1*x2*x3**2/2500 + 3581*x1*x2*x3*x4/250 + 17319*x1*x2*x3*x5/20000 - 33973*x1*x2*x3*x6/10000 - 45409*x1*x2*x3*x7/10000 + 29931*x1*x2*x3*x8/10000 + 1829*x1*x2*x3/500 + 3523*x1*x2*x4**2/200 + 9381*x1*x2*x4*x5/5000 - 69727*x1*x2*x4*x6/10000 - 19431*x1*x2*x4*x7/2000 + 62613*x1*x2*x4*x8/10000 + 18149*x1*x2*x4/5000 + 8803*x1*x2*x5**2/2500 - 19831*x1*x2*x5*x6/100000 - 38913*x1*x2*x5*x7/100000 + 36111*x1*x2*x5*x8/100000 - 37163*x1*x2*x5/10000 + 6071*x1*x2*x6**2/1250 + 5367*x1*x2*x6*x7/2000 - 18733*x1*x2*x6*x8/10000 - 1539*x1*x2*x6/400 + 49797*x1*x2*x7**2/10000 - 15709*x1*x2*x7*x8/5000 - 5013*x1*x2*x7/1250 + 55401*x1*x2*x8**2/10000 + 3413*x1*x2*x8/1000 + 12719*x1*x2/1000 + 52729*x1*x3**3/10000 + 6453*x1*x3**2*x4/500 + 77189*x1*x3**2*x5/10000 + 3513*x1*x3**2*x6/2500 + 11337*x1*x3**2*x7/125000 + 11233*x1*x3**2*x8/2500 + 5227*x1*x3**2/500 + 14453*x1*x3*x4**2/1000 + 8191*x1*x3*x4*x5/500 + 40823*x1*x3*x4*x6/100000 - 1657*x1*x3*x4*x7/625 + 1651*x1*x3*x4*x8/125 + 8723*x1*x3*x4/500 + 9281*x1*x3*x5**2/5000 - 4304*x1*x3*x5*x6/625 - 20621*x1*x3*x5*x7/2500 + 29621*x1*x3*x5*x8/5000 - 8371*x1*x3*x5/2500 - 3137*x1*x3*x6**2/2500 - 33659*x1*x3*x6*x7/5000 + 1517*x1*x3*x6*x8/625 - 10497*x1*x3*x6/2000 - 2213*x1*x3*x7**2/1000 - 24231*x1*x3*x7*x8/250000 - 15009*x1*x3*x7/2000 + 467*x1*x3*x8**2/200 - 911*x1*x3*x8/400 + 13913*x1*x3/500 - 40389*x1*x4**3/100000 + 3359*x1*x4**2*x5/250 + 13747*x1*x4**2*x6/2500 + 33943*x1*x4**2*x7/5000 + 12849*x1*x4**2*x8/2000 + 4149*x1*x4**2/250 - 6307*x1*x4*x5**2/5000 - 107*x1*x4*x5*x6/10 - 3087*x1*x4*x5*x7/250 + 44711*x1*x4*x5*x8/5000 + 73937*x1*x4*x5/100000 - 8877*x1*x4*x6**2/1250 - 2579*x1*x4*x6*x7/200 + 11483*x1*x4*x6*x8/2000 - 14009*x1*x4*x6/10000 - 19551*x1*x4*x7**2/2000 + 34981*x1*x4*x7*x8/10000 - 4271*x1*x4*x7/625 - 5801*x1*x4*x8**2/2000 - 17413*x1*x4*x8/2000 + 32173*x1*x4/1000 + 10359*x1*x5**3/5000 + 17579*x1*x5**2*x6/10000 + 27753*x1*x5**2*x7/10000 - 59093*x1*x5**2*x8/1000000 + 35829*x1*x5**2/50000 + 42809*x1*x5*x6**2/10000 + 44721*x1*x5*x6*x7/10000 - 20621*x1*x5*x6*x8/10000 - 30323*x1*x5*x6/5000 + 53229*x1*x5*x7**2/10000 - 3737*x1*x5*x7*x8/1000 - 29867*x1*x5*x7/5000 + 41503*x1*x5*x8**2/10000 + 21437*x1*x5*x8/10000 + 3807*x1*x5/250 + 38133*x1*x6**3/10000 + 20111*x1*x6**2*x7/2500 - 3099*x1*x6**2*x8/1000 + 36329*x1*x6**2/10000 + 44297*x1*x6*x7**2/5000 - 15247*x1*x6*x7*x8/2500 - 28693*x1*x6*x7/10000 + 46171*x1*x6*x8**2/10000 + 25667*x1*x6*x8/10000 + 622*x1*x6/3125 + 62823*x1*x7**3/10000 - 46421*x1*x7**2*x8/10000 + 12797*x1*x7**2/2000 + 28897*x1*x7*x8**2/5000 + 4363*x1*x7*x8/1250 - 8219*x1*x7/2000 - 2409*x1*x8**3/2500 + 15533*x1*x8**2/2500 + 12983*x1*x8/1000 - 3487*x1/500 + 9033*x2**4/1250 + 17079*x2**3*x3/1000 + 5543*x2**3*x4/500 + 421*x2**3*x5/40 + 52253*x2**3*x6/10000 + 3211*x2**3*x7/2000 - 1343*x2**3*x8/400 + 3511*x2**3/250 + 203*x2**2*x3**2/8 + 10243*x2**2*x3*x4/250 + 3239*x2**2*x3*x5/200 + 5997*x2**2*x3*x6/2000 - 24021*x2**2*x3*x7/10000 - 329*x2**2*x3*x8/250 + 23197*x2**2*x3/1000 + 18437*x2**2*x4**2/500 + 13349*x2**2*x4*x5/1000 - 18649*x2**2*x4*x6/10000 - 31949*x2**2*x4*x7/5000 + 22223*x2**2*x4*x8/5000 + 18133*x2**2*x4/1000 + 3367*x2**2*x5**2/250 + 33927*x2**2*x5*x6/5000 + 36449*x2**2*x5*x7/10000 - 26907*x2**2*x5*x8/10000 + 356*x2**2*x5/25 + 2231*x2**2*x6**2/200 + 3382*x2**2*x6*x7/625 - 34581*x2**2*x6*x8/10000 + 507*x2**2*x6/80 + 2939*x2**2*x7**2/250 - 1266*x2**2*x7*x8/625 + 30989*x2**2*x7/10000 + 12267*x2**2*x8**2/1000 + 36593*x2**2*x8/10000 + 10527*x2**2/1000 + 10443*x2*x3**3/500 + 32387*x2*x3**2*x4/1000 + 17137*x2*x3**2*x5/1000 + 30509*x2*x3**2*x6/10000 + 2073*x2*x3**2*x7/10000 + 39827*x2*x3**2*x8/5000 + 22569*x2*x3**2/1000 + 40489*x2*x3*x4**2/1000 + 2999*x2*x3*x4*x5/125 - 10929*x2*x3*x4*x6/50000 + 1677*x2*x3*x4*x7/1000 + 28299*x2*x3*x4*x8/1000 + 2853*x2*x3*x4/125 + 8399*x2*x3*x5**2/500 - 97379*x2*x3*x5*x6/10000 - 39901*x2*x3*x5*x7/5000 + 5893*x2*x3*x5*x8/500 - 3271*x2*x3*x5/25000 + 13547*x2*x3*x6**2/1000 - 5784*x2*x3*x6*x7/625 + 7737*x2*x3*x6*x8/2500 - 7313*x2*x3*x6/500 + 1913*x2*x3*x7**2/125 + 37651*x2*x3*x7*x8/10000 - 3559*x2*x3*x7/200 + 5353*x2*x3*x8**2/200 + 11713*x2*x3*x8/5000 + 22993*x2*x3/500 + 3737*x2*x4**3/250 + 5917*x2*x4**2*x5/200 + 10133*x2*x4**2*x6/1000 + 82417*x2*x4**2*x7/10000 + 99291*x2*x4**2*x8/10000 + 25147*x2*x4**2/1000 + 6063*x2*x4*x5**2/625 - 17877*x2*x4*x5*x6/1000 - 593*x2*x4*x5*x7/40 + 19721*x2*x4*x5*x8/1000 + 28149*x2*x4*x5/10000 + 19049*x2*x4*x6**2/10000 - 19721*x2*x4*x6*x7/1000 + 10389*x2*x4*x6*x8/1000 - 95201*x2*x4*x6/10000 + 25719*x2*x4*x7**2/10000 + 5641*x2*x4*x7*x8/500 - 8161*x2*x4*x7/500 + 7869*x2*x4*x8**2/500 - 8633*x2*x4*x8/1250 + 55313*x2*x4/1000 + 10263*x2*x5**3/1000 + 50431*x2*x5**2*x6/10000 + 6611*x2*x5**2*x7/5000 - 16983*x2*x5**2*x8/5000 + 11587*x2*x5**2/1250 + 14039*x2*x5*x6**2/1000 + 9229*x2*x5*x6*x7/2500 - 38979*x2*x5*x6*x8/5000 - 5601*x2*x5*x6/500 + 13417*x2*x5*x7**2/1000 - 32733*x2*x5*x7*x8/5000 - 15783*x2*x5*x7/1000 + 9083*x2*x5*x8**2/500 - 7609*x2*x5*x8/50000 + 30951*x2*x5/1000 + 7441*x2*x6**3/1000 + 6317*x2*x6**2*x7/1000 - 94867*x2*x6**2*x8/10000 + 2873*x2*x6**2/250 + 397*x2*x6*x7**2/40 - 12041*x2*x6*x7*x8/1000 - 10111*x2*x6*x7/1000 + 10897*x2*x6*x8**2/1000 - 1971*x2*x6*x8/400 + 21883*x2*x6/2500 + 38683*x2*x7**3/10000 - 10583*x2*x7**2*x8/1000 + 2867*x2*x7**2/250 + 10369*x2*x7*x8**2/2000 - 569*x2*x7*x8/50 + 6183*x2*x7/500 - 36687*x2*x8**3/10000 + 17227*x2*x8**2/1000 + 9119*x2*x8/250 - 5327*x2/200 + 2216*x3**4/125 + 37647*x3**3*x4/1000 + 19819*x3**3*x5/1000 + 10719*x3**3*x6/2000 - 1077*x3**3*x7/3125 + 13597*x3**3*x8/10000 + 20007*x3**3/1000 + 22691*x3**2*x4**2/500 + 31861*x3**2*x4*x5/1000 + 70247*x3**2*x4*x6/10000 + 13741*x3**2*x4*x7/10000 + 6539*x3**2*x4*x8/500 + 13007*x3**2*x4/500 + 6153*x3**2*x5**2/250 + 91431*x3**2*x5*x6/100000 - 14001*x3**2*x5*x7/10000 + 10209*x3**2*x5*x8/1000 + 3237*x3**2*x5/200 + 8039*x3**2*x6**2/500 - 1713*x3**2*x6*x7/500 + 49973*x3**2*x6*x8/10000 - 96673*x3**2*x6/100000 + 9169*x3**2*x7**2/500 + 24397*x3**2*x7*x8/5000 - 9967*x3**2*x7/25000 + 3122*x3**2*x8**2/125 + 8391*x3**2*x8/1000 + 15331*x3**2/500 + 35589*x3*x4**3/1000 + 33041*x3*x4**2*x5/1000 + 1266*x3*x4**2*x6/125 + 97*x3*x4**2*x7/20 + 12719*x3*x4**2*x8/2000 + 28211*x3*x4**2/1000 + 37361*x3*x4*x5**2/1000 - 15219*x3*x4*x5*x6/2000 - 5599*x3*x4*x5*x7/1000 + 27573*x3*x4*x5*x8/1000 + 2199*x3*x4*x5/200 + 11851*x3*x4*x6**2/500 - 14087*x3*x4*x6*x7/1000 + 1752*x3*x4*x6*x8/125 - 1776*x3*x4*x6/125 + 27439*x3*x4*x7**2/1000 + 2759*x3*x4*x7*x8/200 - 2589*x3*x4*x7/200 + 41983*x3*x4*x8**2/1000 + 13577*x3*x4*x8/1000 + 57989*x3*x4/1000 + 1679*x3*x5**3/125 - 22967*x3*x5**2*x6/10000 - 14587*x3*x5**2*x7/2000 - 49463*x3*x5**2*x8/100000 + 13193*x3*x5**2/1000 + 2087*x3*x5*x6**2/200 - 10841*x3*x5*x6*x7/1000 - 2531*x3*x5*x6*x8/1250 - 17847*x3*x5*x6/1000 + 1143*x3*x5*x7**2/100 - 16091*x3*x5*x7*x8/10000 - 10261*x3*x5*x7/500 + 3038*x3*x5*x8**2/125 - 12223*x3*x5*x8/25000 + 55589*x3*x5/1000 + 27167*x3*x6**3/5000 - 32287*x3*x6**2*x7/10000 - 10979*x3*x6**2*x8/1000 + 6241*x3*x6**2/500 + 30409*x3*x6*x7**2/10000 - 1326*x3*x6*x7*x8/125 - 3849*x3*x6*x7/250 + 12129*x3*x6*x8**2/1000 - 15423*x3*x6*x8/2000 + 11641*x3*x6/500 - 38543*x3*x7**3/100000 - 2689*x3*x7**2*x8/200 + 1766*x3*x7**2/125 + 3029*x3*x7*x8**2/1000 - 4713*x3*x7*x8/250 + 3706*x3*x7/125 - 12351*x3*x8**3/2000 + 2482*x3*x8**2/125 + 7283*x3*x8/125 - 15931*x3/500 + 20349*x4**4/1000 + 7307*x4**3*x5/500 + 19707*x4**3*x6/5000 - 2963*x4**3*x7/1000 - 19601*x4**3*x8/5000 + 1877*x4**3/125 + 3856*x4**2*x5**2/125 + 48709*x4**2*x5*x6/5000 + 19981*x4**2*x5*x7/2500 + 72717*x4**2*x5*x8/10000 + 10957*x4**2*x5/500 + 10761*x4**2*x6**2/500 + 46303*x4**2*x6*x7/10000 + 13293*x4**2*x6*x8/5000 + 12331*x4**2*x6/2500 + 25117*x4**2*x7**2/1000 + 1589*x4**2*x7*x8/400 + 5827*x4**2*x7/1000 + 26667*x4**2*x8**2/1000 + 3067*x4**2*x8/200 + 8197*x4**2/500 + 10047*x4*x5**3/1000 - 2959*x4*x5**2*x6/400 - 314*x4*x5**2*x7/25 + 25811*x4*x5**2*x8/10000 + 6337*x4*x5**2/500 + 30471*x4*x5*x6**2/10000 - 3893*x4*x5*x6*x7/200 + 6883*x4*x5*x6*x8/2000 - 5553*x4*x5*x6/500 + 15643*x4*x5*x7**2/5000 + 45473*x4*x5*x7*x8/10000 - 16437*x4*x5*x7/1000 + 18213*x4*x5*x8**2/1000 - 35731*x4*x5*x8/10000 + 10969*x4*x5/200 + 5297*x4*x6**3/2500 - 254*x4*x6**2*x7/25 - 9787*x4*x6**2*x8/1250 + 5199*x4*x6**2/500 - 45221*x4*x6*x7**2/10000 - 46407*x4*x6*x7*x8/10000 - 12393*x4*x6*x7/1000 + 85043*x4*x6*x8**2/10000 - 37041*x4*x6*x8/5000 + 26297*x4*x6/1000 - 25151*x4*x7**3/5000 - 96437*x4*x7**2*x8/10000 + 9103*x4*x7**2/1000 - 18739*x4*x7*x8**2/20000 - 1869*x4*x7*x8/100 + 16231*x4*x7/500 - 27467*x4*x8**3/5000 + 13743*x4*x8**2/1000 + 10039*x4*x8/200 - 22779*x4/1000 + 70111*x5**4/10000 + 331*x5**3*x6/40 + 3177*x5**3*x7/625 - 41191*x5**3*x8/10000 + 2719*x5**3/200 + 297*x5**2*x6**2/20 + 13067*x5**2*x6*x7/1000 - 86623*x5**2*x6*x8/10000 + 8487*x5**2*x6/1250 + 1884*x5**2*x7**2/125 - 36919*x5**2*x7*x8/5000 + 6819*x5**2*x7/2000 + 1559*x5**2*x8**2/125 + 1403*x5**2*x8/625 + 11891*x5**2/1000 + 11903*x5*x6**3/1000 + 8319*x5*x6**2*x7/500 - 1251*x5*x6**2*x8/100 + 8339*x5*x6**2/500 + 20371*x5*x6*x7**2/1000 - 18223*x5*x6*x7*x8/1000 - 51889*x5*x6*x7/10000 + 14267*x5*x6*x8**2/1000 - 55003*x5*x6*x8/10000 - 4859*x5*x6/10000 + 96331*x5*x7**3/10000 - 6743*x5*x7**2*x8/500 + 17277*x5*x7**2/1000 + 93211*x5*x7*x8**2/10000 - 5689*x5*x7*x8/500 + 18781*x5*x7/10000 - 17627*x5*x8**3/5000 + 5463*x5*x8**2/250 + 9561*x5*x8/250 - 8651*x5/250 + 54779*x6**4/10000 + 99601*x6**3*x7/10000 - 5359*x6**3*x8/1250 + 323*x6**3/25 + 16513*x6**2*x7**2/1000 - 98607*x6**2*x7*x8/10000 + 1714*x6**2*x7/125 + 1869*x6**2*x8**2/250 - 14289*x6**2*x8/5000 - 79411*x6**2/10000 + 1443*x6*x7**3/125 - 11297*x6*x7**2*x8/1000 + 3291*x6*x7**2/200 + 96713*x6*x7*x8**2/10000 - 57*x6*x7*x8/5 - 10487*x6*x7/1000 - 7031*x6*x8**3/5000 + 4849*x6*x8**2/250 + 2057*x6*x8/125 - 34353*x6/1000 + 32829*x7**4/5000 - 19821*x7**3*x8/5000 + 2651*x7**3/200 + 4013*x7**2*x8**2/500 - 10447*x7**2*x8/5000 - 2629*x7**2/250 - 14097*x7*x8**3/20000 + 4643*x7*x8**2/250 + 76613*x7*x8/10000 - 33237*x7/1000 + 22491*x8**4/10000 + 17041*x8**3/10000 + 7803*x8**2/125000 + 37339*x8/10000 + 31117/500",
    "Q": "[[62.23353082261438, 1.8488956100142449, -16.59471606388868, -17.16123691602818, -17.279020529393062, -11.418823792310164, -15.930391498712698, -13.321891374919193, -3.498314572837812, -7.44034356577244, 2.9130062021520087, 6.0245684058830795, 13.37930957813979, 20.595844756576568, 22.517642355820623, 13.29091758512216, 3.224680263064213, -13.340869639681438, -11.394134643175144, -6.36254082305092, 10.83201779420226, 6.997518197748106, 0.2050567118303024, -4.972437564503293, -11.677229216471572, -8.489803872625874, 5.935727242632867, 3.1067336858924355, -2.813117327219969, -2.4003924078256302, -5.441541556176372, 14.257100767999507, 11.254729109040893, 2.8639983765826154, 2.8489391174627916, -4.372369315442425, 10.52321781848263, 16.023443821268664, 11.708650657046253, 0.7510461808605616, 7.389415828593333, 8.04061884112886, -4.886075205521166, 1.100327390531627, -6.59778427468528], [1.8488956100142449, 14.9954429059172, 0.9115737553707071, 2.193994589756928, 5.7477846258129235, 4.50405658656966, 6.604063165206845, 4.929810243175275, 3.252120153444286, 0.8559713462249539, 6.239397247130905, 6.680988560767407, 8.042277830645896, 4.925586490424587, 7.161493482735819, 6.157358933778617, 2.3635668349364334, -1.0282239649392266, -3.8236589338695235, -3.2242810678764693, -2.3220253105951194, -3.0126676263504115, -2.6748898906397476, 0.31788772273287547, -0.8079162522801525, -1.207092665990388, 0.8863095878765419, 0.3643481412876049, -0.5759570224340452, 0.3303888559321723, 1.2860478842586391, 3.5664440345454693, 4.086377809857486, 1.8605373065974407, 0.8584368983903696, 6.374224982386913, 9.88492609110636, 3.1426809446464565, -0.03623513115065247, 5.892194758638586, 5.280179357757039, 1.1620514967398912, 2.2848430708972, 1.371137112405632, 1.3373909785926568], [-16.59471606388868, 0.9115737553707071, 16.106962691074724, 6.131866895301161, 7.279405361619258, 5.407052391852008, 7.849186703967712, 5.991700836353966, 2.924755724353951, 3.0267454975710706, -0.012165019719394212, -1.730286196840355, -4.566162287563047, -8.006208022371647, -8.433682800398904, -4.74194130271124, -0.7590218010419048, 6.626912583145603, 4.976422951288378, 5.110477101157111, 1.3525884793918497, 3.297790537848946, 3.094858313692942, 2.757291979638943, 2.3420403057257944, -0.3913746683336173, -1.8591285709496288, -2.215919384231385, -1.2395347637103338, -0.292927050295794, 1.3781283602072496, -1.685118264260633, -1.6366774696456867, -1.119585994059837, -1.5060214044888411, 5.319145317677593, 3.2320233803726675, -2.306338891007811, -3.5131967432541678, 3.055082432841043, 0.28827415319094013, -2.2908459392549965, 2.315716075662482, -0.3862750010476045, 2.502756142385455], [-17.16123691602818, 2.193994589756928, 6.131866895301161, 15.448138757760026, 8.206478207644794, 7.239838433520302, 8.523629270729659, 7.172485430214152, 2.5320501234684, 3.0062618407199224, -0.12935916873155293, -0.6120699975880671, -3.1616002388792572, -6.096465392536678, -6.3793453334655235, -3.3776967185172704, -0.6920236520948071, 3.255902605823172, 4.502593408828942, -1.2778564924082108, -5.115010159510994, -5.1889073223355435, -2.6336968812745516, 0.7250078675809191, 6.448267875098301, 6.020112522073578, 3.3145359513600003, 4.290622087384357, 4.215983243290569, 1.7831272406621386, 1.4448805296878893, -2.4124480831697586, -2.805023165737152, -1.3304032065442684, -1.1794886592848701, 3.9337953366195704, 0.8405792917024596, -2.8023020807334262, -2.649734891815618, 1.6938841170370111, -0.9306215056313899, -1.852740663578175, 2.105915313676408, -0.22846746555942637, 2.5348713063912274], [-17.279020529393062, 5.7477846258129235, 7.279405361619258, 8.206478207644794, 22.713176114522664, 13.172962114972506, 16.52265624638364, 12.617583201730147, 4.748140574243932, 2.863274848256016, 2.116285970162018, 1.6358844702342255, -0.16640769153686508, -5.731307083222523, -4.964581636015424, -1.8123460083062264, -0.3070609563849945, 3.5337041201876462, -0.9205085344166866, 0.33199277583366005, -5.527823541759371, -6.463222580834116, -4.129857979064034, 0.7034967900216514, 2.306240323676051, 1.9555804474147247, -2.594922264298974, -4.128040799056836, -2.4546175118519016, -0.2838106629518039, 6.794637305443313, 4.065994643121523, 4.462499248285724, 3.4564096087763674, 0.3173540272184659, 6.748985856356875, 5.281972468809972, -0.7691575227599423, -2.2864071489688866, 4.183629379278151, 1.603517174115727, -1.4695506442258, 3.1306948126537875, 0.007403544263862496, 3.052320206506671], [-11.418823792310164, 4.50405658656966, 5.407052391852008, 7.239838433520302, 13.172962114972506, 25.109455330703465, 18.48437248891719, 11.667876150776694, 4.390756509269803, 1.9306257721381552, 0.9895022240693829, 1.5046546468382527, 0.38610484363717273, 1.298490535437835, -0.4823464538696776, -1.3269023464436271, -1.2423489541230726, 3.206331307504756, 0.781580761362401, -0.9872396633094085, -2.4108391810781122, -4.5756417738189095, -1.9832256613106047, 1.557793439708446, 1.8851899512420507, -0.536108381869045, -1.4727635260051104, -4.110234392493608, -0.7983845695567644, 1.3672312903102997, 2.2750164831959765, 4.21976472321389, 0.2971388218627244, 1.8834389888511422, 1.4576134502629037, 7.526513733053853, 7.970347670578766, 5.60602551688509, 3.598063489716702, 3.338252716661167, 4.184314694043629, 2.7055873797422803, 3.9336471518633758, 2.1896470588586263, 2.5354332847481564], [-15.930391498712698, 6.604063165206845, 7.849186703967712, 8.523629270729659, 16.52265624638364, 18.48437248891719, 29.16798187168103, 15.591632944608135, 5.880996612344874, 2.7452178588212677, 2.0388810187082025, 2.166601211285935, 0.6376424277547726, -2.6396181866671906, -1.6979414269359987, -0.5447933355021958, -0.42722719159469386, 3.7721741664292994, -0.29394668833482535, -2.1495689833211173, -5.122897123942264, -3.256033042511055, -3.756674040423135, 1.1311255363234531, 1.947065313257762, -1.9855394391612011, -3.846864526519896, -2.1812445713282727, -2.903685104426517, 0.23174405207468018, 2.131385752234803, -0.07864387394145833, 3.9078123728819225, -0.18088460617932103, -0.050966001500916035, 6.136333227476877, 9.667439210055214, 0.7731494435945007, 0.27358883746498597, 10.003383270995345, 7.176366788758754, 2.3390084636812696, 3.8066879812398082, 1.1828621499656191, 3.2343702596368664], [-13.321891374919193, 4.929810243175275, 5.991700836353966, 7.172485430214152, 12.617583201730147, 11.667876150776694, 15.591632944608135, 20.366291554478337, 5.240104224452906, 2.4380382353965566, 1.740980204456755, 1.511162320996207, -0.11592104348460029, -5.2681197100704535, -3.5701153513513986, -0.4522372471361593, 0.23260597620598197, 2.6297504658104796, -1.1851740989589872, -2.6411410199886225, -3.874084795526634, -5.423313561345033, -0.7859840259936373, 0.504922096806088, 1.5253537845949607, -1.8021165468892613, -1.1581406599739907, -3.4658675485520796, 1.051712751693912, -0.3956652423016325, 1.1844486044663316, 0.2937995121593322, -1.4832531578498205, 3.9776518015931615, -1.0733395242762966, 6.984393181582472, 6.454944742216154, 5.122823949006937, -1.6367413944291138, 4.121740145646103, 7.780518326473615, -0.9934846228279137, 7.016831593623662, 1.7852378149288721, 2.6504408226530103], [-3.498314572837812, 3.252120153444286, 2.924755724353951, 2.5320501234684, 4.748140574243932, 4.390756509269803, 5.880996612344874, 5.240104224452906, 11.637327983311982, 0.734072955302591, 2.1895502053454288, 1.6485680330427859, 0.5195669612958517, -3.0805235315441597, -1.8840551127916376, 0.09260483355637403, 1.2133188340959302, 0.4451244214979584, -1.8741239652506763, -2.16995556939269, -1.4488862554812167, -2.5935675815018397, -2.120966890578572, 3.0817724508823963, 0.02241131098775054, -1.5578328302579567, 0.5855383995037792, -1.00839427709768, -1.2947067746381782, 3.059456670901915, 0.03394970463682186, 1.2012937136416906, -0.16485214251893138, -0.7890553264164532, 4.555709340041324, 4.691468705848481, 5.7288375890212375, 1.2564571974216776, 3.968033315455172, 2.8850508588842803, 1.629150353826605, 5.603853382762078, 1.1491602501925609, 4.5937024880359685, 2.7101573084330415], [-7.44034356577244, 0.8559713462249539, 3.0267454975710706, 3.0062618407199224, 2.863274848256016, 1.9306257721381552, 2.7452178588212677, 2.4380382353965566, 0.734072955302591, 2.2416557866303672, -0.3491305476594126, -0.6979080316762841, -1.7554789830400315, -2.7350364633508746, -3.0743937091851357, -1.8231757520742786, -0.47935340518637654, 1.4782602809113925, 1.1396216949329474, 0.5992762559106829, -0.9573301407538382, -0.573020052704277, 0.03629849443725714, 0.6738841853621798, 1.1683841608552046, 0.9364391688100372, 0.03202336841404893, 0.23757822252927346, 0.583265924395944, 0.2220077959904699, 0.6501905074012646, -1.2339853703227859, -0.858552650125228, -0.08338149309633444, -0.5216379071032581, 1.3769055748701091, 0.2015526597538449, -1.2635772130360996, -1.7560904600960663, 0.7176646422071615, 0.04908127275564171, -1.1911714895636236, 0.8995685621411771, -0.16779651833726866, 0.8603236890481327], [2.9130062021520087, 6.239397247130905, -0.012165019719394212, -0.12935916873155293, 2.116285970162018, 0.9895022240693829, 2.0388810187082025, 1.740980204456755, 2.1895502053454288, -0.3491305476594126, 5.0550057706631, 3.6904118023061914, 4.052306324192403, 0.48257705016369284, 2.0798151867982875, 2.543904191050127, 2.2098160554287247, -1.981608963172739, -3.580681859678473, -3.113934048724292, -0.9645530452759554, -1.9343290746739807, -2.075535758276348, -0.9766446840022662, -1.1449209010779382, -1.7622237871620374, 0.42487302367534074, -0.28487109985959014, -0.9619369716952454, -0.4796283975579562, -0.16380422996446348, 1.907659913478651, 1.5379445329602905, 0.3665839450570828, 0.2352237162609574, 1.3644213351448236, 3.2057095807657503, 2.213386159964845, 1.1151867622901572, 1.7247887598708878, 1.933638698321049, 0.9919409829298818, 0.4623129716360141, 0.35249560349088527, 0.11803892349947158], [6.0245684058830795, 6.680988560767407, -1.730286196840355, -0.6120699975880671, 1.6358844702342255, 1.5046546468382527, 2.166601211285935, 1.511162320996207, 1.6485680330427859, -0.6979080316762841, 3.6904118023061914, 5.1241740480892055, 6.193716924328208, 4.211838859282277, 5.821606675811072, 4.857959130833304, 2.079892850429887, -2.0658845319447456, -3.7821080479574807, -2.7131161990048245, 0.12296560680204183, -0.8410453282592711, -1.6023322069200856, -0.8082129829630195, -2.139966286375594, -2.9690836423079996, -0.2799038615421217, -1.1834107128151445, -1.8397794475098816, -0.592599638488426, -0.6295129186921412, 2.3954182398517334, 1.904274376520189, 0.23979036620297883, 0.42312283098064984, 1.1620187856189523, 4.022805405872222, 3.088303924341993, 1.6983900400433651, 1.9346964853459026, 2.322233081413128, 1.3560726568506234, 0.10094994021639875, 0.3682901936604766, -0.2877276936826425], [13.37930957813979, 8.042277830645896, -4.566162287563047, -3.1616002388792572, -0.16640769153686508, 0.38610484363717273, 0.6376424277547726, -0.11592104348460029, 0.5195669612958517, -1.7554789830400315, 4.052306324192403, 6.193716924328208, 11.164310800324133, 10.338441118158313, 13.00797784135092, 9.153430199283319, 2.592644116290182, -3.634968665347642, -4.632896594011253, -3.5336704505857837, 1.570302507622429, 0.007689449160301045, -1.487859784297696, -1.1013157695517357, -3.2781013427102, -3.7099054689341524, 0.9835151709786251, -0.19976277685775976, -1.7123528490482507, -0.535489440860672, -2.068674750791401, 2.93942130411935, 1.8668036344130061, -0.25373869805742977, 0.4833026550515204, 0.5005658503789453, 5.131994660833984, 4.847689907138744, 2.4136048300700947, 1.8293793912399072, 2.927511977267933, 1.6368228762723014, -0.6979266390944212, 0.19137315969764193, -1.2239267032194285], [20.595844756576568, 4.925586490424587, -8.006208022371647, -6.096465392536678, -5.731307083222523, 1.298490535437835, -2.6396181866671906, -5.2681197100704535, -3.0805235315441597, -2.7350364633508746, 0.48257705016369284, 4.211838859282277, 10.338441118158313, 23.907500218582758, 20.784893416227145, 9.122323099572371, 0.3017371708906571, -3.871837684304285, -2.8691191051690885, -1.2078082508233507, 0.6219970944714794, 1.2484279233905222, 0.9646665943927061, -0.47546862679474466, -3.6201651050703805, -1.6617950328182811, 0.17574322428487613, 1.2726433477223815, 0.371414718782317, 0.2799274839728821, -1.6489361662049375, 3.1444441511094356, 3.9408364926350696, 1.7123260897176849, 1.33421243474101, -1.964370149130469, 3.856872188774785, 4.719770826404894, 3.184949754649415, 1.1678686629544217, 3.4465954901474896, 2.246799236143835, -1.2690053506504735, 0.3649230774037988, -2.4550340674651188], [22.517642355820623, 7.161493482735819, -8.433682800398904, -6.3793453334655235, -4.964581636015424, -0.4823464538696776, -1.6979414269359987, -3.5701153513513986, -1.8840551127916376, -3.0743937091851357, 2.0798151867982875, 5.821606675811072, 13.00797784135092, 20.784893416227145, 23.53111020854199, 13.321763099276046, 2.3517322854764933, -4.794446457579562, -4.170644108100917, -2.3442427048463976, 2.4505949174582047, 0.7292429509200886, -0.5118172309165968, -1.2233643713003202, -4.292473150820048, -2.7253733199940116, 1.7119083017937442, 0.5641902841260779, -1.0199475716230988, -0.3134679900035691, -2.1243766569517777, 4.711821081065325, 3.2722186408868037, 0.812500245127314, 1.09196684276968, -0.6884684860318147, 5.357223055395808, 6.198152954753838, 3.318235707256081, 0.6776707493870965, 2.7275549725833543, 1.9654976971469784, -1.784884424341049, 0.12436566051836435, -2.5358924833441074], [13.29091758512216, 6.157358933778617, -4.74194130271124, -3.3776967185172704, -1.8123460083062264, -1.3269023464436271, -0.5447933355021958, -0.4522372471361593, 0.09260483355637403, -1.8231757520742786, 2.543904191050127, 4.857959130833304, 9.153430199283319, 9.122323099572371, 13.321763099276046, 10.43687860121658, 2.931638942403586, -3.2184429100283904, -3.4492276650108735, -2.1483331749149768, 2.4682897406313007, 0.47026289066815147, -1.470655601583342, -1.1818432535094967, -2.892160222942347, -2.4251257612175197, 1.73718941366251, 0.2366913589821736, -1.8250200720122371, -0.6318256968271505, -1.4519350740246526, 3.311244710166045, 2.1369659344626957, -0.6444617258970025, 0.36977468934760244, 0.2638796903215913, 4.497669616710979, 3.50345579604063, 1.7129521982852018, 1.241119760926946, 1.123731987335843, 1.008367421250644, -1.6717876473345805, -0.27539236843263476, -1.3503683756880185], [3.224680263064213, 2.3635668349364334, -0.7590218010419048, -0.6920236520948071, -0.3070609563849945, -1.2423489541230726, -0.42722719159469386, 0.23260597620598197, 1.2133188340959302, -0.47935340518637654, 2.2098160554287247, 2.079892850429887, 2.592644116290182, 0.3017371708906571, 2.3517322854764933, 2.931638942403586, 2.8067830517196675, -1.3433707659520928, -1.756974758234516, -1.0024585551060354, 1.1122073704950823, 0.18154626410429864, -0.7466200199376712, -1.102505300888942, -0.9525894575887283, -0.9136806978915369, 0.9026577479196792, 0.17478400954089712, -0.6733778492835673, -0.9512880670468811, -0.5167444344771559, 0.7177458123678342, 0.22547736703829316, -0.3931197950615626, -0.8409740842112362, 0.02611208667106722, 1.0339752886366413, 1.0384734292002917, -0.43765382982985906, 0.27945602592177, 0.3450162044335178, -0.8243589186823065, -0.39833263325690443, -0.823067882823447, -0.4900781477313859], [-13.340869639681438, -1.0282239649392266, 6.626912583145603, 3.255902605823172, 3.5337041201876462, 3.206331307504756, 3.7721741664292994, 2.6297504658104796, 0.4451244214979584, 1.4782602809113925, -1.981608963172739, -2.0658845319447456, -3.634968665347642, -3.871837684304285, -4.794446457579562, -3.2184429100283904, -1.3433707659520928, 6.574280287673977, 5.779284456903363, 4.821350606123262, -2.520234581326746, -0.20272969205579466, 1.9270519865086326, 3.1427091739291804, 3.0243906468680852, 2.905257666239305, -1.8212112875807982, -0.7920437019302249, 0.9285656546649009, 1.1238406417365954, 1.7748543028825767, -2.6501691131798837, -1.5286431258434854, 0.26794747115164047, -0.2984641629114272, 2.767820546665292, -0.3822238183296945, -3.4551081207150345, -3.3758275174441668, 0.4882157079874904, -0.5462528072241613, -1.8164322022029584, 1.4210263555525404, 0.218257650273316, 1.5717680466239183], [-11.394134643175144, -3.8236589338695235, 4.976422951288378, 4.502593408828942, -0.9205085344166866, 0.781580761362401, -0.29394668833482535, -1.1851740989589872, -1.8741239652506763, 1.1396216949329474, -3.580681859678473, -3.7821080479574807, -4.632896594011253, -2.8691191051690885, -4.170644108100917, -3.4492276650108735, -1.756974758234516, 5.779284456903363, 10.469953003410934, 7.2941741435110625, -0.4481521873052342, 2.308431157450934, 4.037076802901557, 3.301866022866918, 4.978429057281414, 6.337096303676586, -2.136654772890513, 0.49061280083703823, 3.148837974184485, 2.648380536719016, 1.781490819886506, -3.6571563242053875, -2.4027988127057016, 0.17898136091172548, -0.24545224200242752, 1.6080361971209467, -2.3383386946624807, -4.805224207927247, -3.98886736363072, -1.2124742671415765, -2.2109060792972532, -2.4673112532728148, 0.5513773952978268, -0.045073560573817194, 1.0625663169479156], [-6.36254082305092, -3.2242810678764693, 5.110477101157111, -1.2778564924082108, 0.33199277583366005, -0.9872396633094085, -2.1495689833211173, -2.6411410199886225, -2.16995556939269, 0.5992762559106829, -3.113934048724292, -2.7131161990048245, -3.5336704505857837, -1.2078082508233507, -2.3442427048463976, -2.1483331749149768, -1.0024585551060354, 4.821350606123262, 7.2941741435110625, 11.532584366025183, 4.199857158036245, 7.233139589178121, 6.4308706825912525, 2.9678373535031484, 1.986019651966895, 4.761103422984283, -2.2769329228127972, -0.6762559696276655, 1.1256943792589382, 0.8698374381727947, 2.544638931807118, -3.507559931847608, -1.484250512970473, 1.1615252800050675, 0.5210612828781686, 1.9316319487010176, -0.5081895032021608, -3.421369496083393, -4.192388489482222, -0.8588189471361167, -1.335833851915548, -2.8331901097632683, 0.12190104535407692, -0.4882444481077701, 0.27984113795705123], [10.83201779420226, -2.3220253105951194, 1.3525884793918497, -5.115010159510994, -5.527823541759371, -2.4108391810781122, -5.122897123942264, -3.874084795526634, -1.4488862554812167, -0.9573301407538382, -0.9645530452759554, 0.12296560680204183, 1.570302507622429, 0.6219970944714794, 2.4505949174582047, 2.4682897406313007, 1.1122073704950823, -2.520234581326746, -0.4481521873052342, 4.199857158036245, 19.58328463512519, 14.098042771234347, 4.725209538485432, -1.51448773304208, -2.947215369818109, -3.8035883996152284, 0.7143099381073683, -2.337124534327463, -2.961222626294092, -1.5302927743719867, -2.7817973248633416, 2.0686927219989624, -0.9028557406647436, -1.9042164497721399, -1.0003525351183178, -1.4857291668605896, 2.7039886208101644, 3.5267981346705364, 0.9004170847385882, -0.1033764596764897, 0.021697104925129898, -1.1932197327954928, -1.8662479028549057, -1.4399996664315697, -1.8447593336510806], [6.997518197748106, -3.0126676263504115, 3.297790537848946, -5.1889073223355435, -6.463222580834116, -4.5756417738189095, -3.256033042511055, -5.423313561345033, -2.5935675815018397, -0.573020052704277, -1.9343290746739807, -0.8410453282592711, 0.007689449160301045, 1.2484279233905222, 0.7292429509200886, 0.47026289066815147, 0.18154626410429864, -0.20272969205579466, 2.308431157450934, 7.233139589178121, 14.098042771234347, 17.366384759745173, 8.198908138580968, 0.7046055585721525, -2.105444914777714, -2.3461461531617207, -2.365173979601643, -0.5026781780320596, -1.636607763150508, -0.8623179561390713, -2.171320193506893, -1.376150361283429, 0.16207649591028261, -1.3040871659530386, -0.9677070378878908, -0.2857465618336521, 0.8010857631352374, 0.8614200505428133, -1.565455438774024, -0.17232834811431066, 0.7361180290874831, -0.7124873834346825, -1.313111369175622, -1.241335971022549, -1.499914167550931], [0.2050567118303024, -2.6748898906397476, 3.094858313692942, -2.6336968812745516, -4.129857979064034, -1.9832256613106047, -3.756674040423135, -0.7859840259936373, -2.120966890578572, 0.03629849443725714, -2.075535758276348, -1.6023322069200856, -1.487859784297696, 0.9646665943927061, -0.5118172309165968, -1.470655601583342, -0.7466200199376712, 1.9270519865086326, 4.037076802901557, 6.4308706825912525, 4.725209538485432, 8.198908138580968, 8.895650080876273, 2.275096895017005, 0.014376519941051203, 0.5450526181987956, -2.1028205373841087, -0.7706116617359952, 2.151683566758971, 0.37666612395992055, -0.5040928175184364, -2.096940865679949, -1.3480710657358654, 1.7007308045473766, -0.3640337376185358, 0.5899744040380046, -0.032324164739657144, -1.3147020013431365, -2.2153403733786416, -0.6283463821592595, 0.11963283409951901, -1.540377410563793, 0.8033167308351089, 0.6474223593687715, -0.42631412797218243], [-4.972437564503293, 0.31788772273287547, 2.757291979638943, 0.7250078675809191, 0.7034967900216514, 1.557793439708446, 1.1311255363234531, 0.504922096806088, 3.0817724508823963, 0.6738841853621798, -0.9766446840022662, -0.8082129829630195, -1.1013157695517357, -0.47546862679474466, -1.2233643713003202, -1.1818432535094967, -1.102505300888942, 3.1427091739291804, 3.301866022866918, 2.9678373535031484, -1.51448773304208, 0.7046055585721525, 2.275096895017005, 5.038938339070074, 1.3652486416758538, 1.6176863138168962, -0.9406162933653567, -0.04182353721509979, 1.0177097348717599, 2.821230370760195, 0.8696500659562645, -0.9878550975676224, -0.32744079542548654, 0.6676484935175315, 2.1051014785261923, 2.49119047953856, 1.4400247891917017, -1.1992463903003263, -2.153656092798419, 0.7641197953953375, 0.5169709907805343, -0.1374843216526145, 0.9897270354578875, 1.6965533951386371, 1.939369988610646], [-11.677229216471572, -0.8079162522801525, 2.3420403057257944, 6.448267875098301, 2.306240323676051, 1.8851899512420507, 1.947065313257762, 1.5253537845949607, 0.02241131098775054, 1.1683841608552046, -1.1449209010779382, -2.139966286375594, -3.2781013427102, -3.6201651050703805, -4.292473150820048, -2.892160222942347, -0.9525894575887283, 3.0243906468680852, 4.978429057281414, 1.986019651966895, -2.947215369818109, -2.105444914777714, 0.014376519941051203, 1.3652486416758538, 5.46838760086056, 5.949657507319226, 1.0529277858061838, 2.7175283745217076, 3.7211929211391257, 1.899904663507651, 1.36527142604407, -3.0642465831898806, -2.234854720011744, -0.16151349983724836, -0.4505183972378294, 1.6104347068559313, -1.5189442448464223, -3.8387349539903823, -2.997832348258524, -0.266535242259293, -1.4565092972697287, -1.8303393852091796, 0.8543917429110596, 0.023020247152192273, 1.2578446586715981], [-8.489803872625874, -1.207092665990388, -0.3913746683336173, 6.020112522073578, 1.9555804474147247, -0.536108381869045, -1.9855394391612011, -1.8021165468892613, -1.5578328302579567, 0.9364391688100372, -1.7622237871620374, -2.9690836423079996, -3.7099054689341524, -1.6617950328182811, -2.7253733199940116, -2.4251257612175197, -0.9136806978915369, 2.905257666239305, 6.337096303676586, 4.761103422984283, -3.8035883996152284, -2.3461461531617207, 0.5450526181987956, 1.6176863138168962, 5.949657507319226, 12.12330888163273, 4.581975854151095, 7.450583678512496, 7.182993270754853, 2.5910663541365637, 4.145431090255813, -1.974898321658135, 0.09102008533111804, 2.4528581098061415, 0.4975836480988276, 2.349147042343698, -0.8099321431998678, -4.498983876580658, -4.120603930533388, -0.6284288027978117, -1.7252224559956548, -2.545808861243119, 0.5194989794590404, -0.1257622068234244, 0.8576546630330402], [5.935727242632867, 0.8863095878765419, -1.8591285709496288, 3.3145359513600003, -2.594922264298974, -1.4727635260051104, -3.846864526519896, -1.1581406599739907, 0.5855383995037792, 0.03202336841404893, 0.42487302367534074, -0.2799038615421217, 0.9835151709786251, 0.17574322428487613, 1.7119083017937442, 1.73718941366251, 0.9026577479196792, -1.8212112875807982, -2.136654772890513, -2.2769329228127972, 0.7143099381073683, -2.365173979601643, -2.1028205373841087, -0.9406162933653567, 1.0529277858061838, 4.581975854151095, 18.30886985108238, 13.369535843690583, 4.786047959369958, -0.5502281107300364, -1.7296998268832127, 2.5388448795232894, -0.9716875973477883, -1.6001201857137863, -0.4450204073351502, 1.9656722201178465, 4.413996183246397, 3.3129485897764526, 1.0507447837592008, 0.7027836283224779, 0.6889213548906655, 0.18156763931007155, -0.6931747503647037, -0.14746309838206, -0.41397928438690573], [3.1067336858924355, 0.3643481412876049, -2.215919384231385, 4.290622087384357, -4.128040799056836, -4.110234392493608, -2.1812445713282727, -3.4658675485520796, -1.00839427709768, 0.23757822252927346, -0.28487109985959014, -1.1834107128151445, -0.19976277685775976, 1.2726433477223815, 0.5641902841260779, 0.2366913589821736, 0.17478400954089712, -0.7920437019302249, 0.49061280083703823, -0.6762559696276655, -2.337124534327463, -0.5026781780320596, -0.7706116617359952, -0.04182353721509979, 2.7175283745217076, 7.450583678512496, 13.369535843690583, 16.60770841142867, 8.238090694798146, 1.2050853723069401, -1.2450205662134786, -2.030671948443201, 1.075295876370621, -1.1854442450621305, -0.4870520264819308, 0.6455011669155349, 2.8087282040811847, -1.0368130397937454, -1.195894985800205, 2.6798676323417014, 1.8132729376751697, 0.2885595835470817, -0.5919959912997101, -0.23430918906299933, -0.29236481264516095], [-2.813117327219969, -0.5759570224340452, -1.2395347637103338, 4.215983243290569, -2.4546175118519016, -0.7983845695567644, -2.903685104426517, 1.051712751693912, -1.2947067746381782, 0.583265924395944, -0.9619369716952454, -1.8397794475098816, -1.7123528490482507, 0.371414718782317, -1.0199475716230988, -1.8250200720122371, -0.6733778492835673, 0.9285656546649009, 3.148837974184485, 1.1256943792589382, -2.961222626294092, -1.636607763150508, 2.151683566758971, 1.0177097348717599, 3.7211929211391257, 7.182993270754853, 4.786047959369958, 8.238090694798146, 9.431963701733288, 2.4085819868080636, 0.07662960811295685, -2.847638769493164, -1.9617003213720936, 2.873180256036963, -0.2542935233431995, 1.7648478181941474, 0.23508396940537718, -0.23727639297344638, -2.3416949694778992, -0.28769260028857807, 2.093318064521815, -1.4101850588037579, 2.614235545927384, 1.016212171220973, 0.2854040072280561], [-2.4003924078256302, 0.3303888559321723, -0.292927050295794, 1.7831272406621386, -0.2838106629518039, 1.3672312903102997, 0.23174405207468018, -0.3956652423016325, 3.059456670901915, 0.2220077959904699, -0.4796283975579562, -0.592599638488426, -0.535489440860672, 0.2799274839728821, -0.3134679900035691, -0.6318256968271505, -0.9512880670468811, 1.1238406417365954, 2.648380536719016, 0.8698374381727947, -1.5302927743719867, -0.8623179561390713, 0.37666612395992055, 2.821230370760195, 1.899904663507651, 2.5910663541365637, -0.5502281107300364, 1.2050853723069401, 2.4085819868080636, 4.199104725675369, 0.38222341789677033, -0.7825521008070409, -0.40758017029567944, 0.29401605353753707, 3.24197252341927, 1.7077855698500253, 1.2255263679338755, -0.992002606460412, 0.8336900443891165, 0.4148196856442456, -0.05003330300781668, 2.280368667676544, 0.4116419292834628, 2.78685579701105, 1.4532094537098033], [-5.441541556176372, 1.2860478842586391, 1.3781283602072496, 1.4448805296878893, 6.794637305443313, 2.2750164831959765, 2.131385752234803, 1.1844486044663316, 0.03394970463682186, 0.6501905074012646, -0.16380422996446348, -0.6295129186921412, -2.068674750791401, -1.6489361662049375, -2.1243766569517777, -1.4519350740246526, -0.5167444344771559, 1.7748543028825767, 1.781490819886506, 2.544638931807118, -2.7817973248633416, -2.171320193506893, -0.5040928175184364, 0.8696500659562645, 1.36527142604407, 4.145431090255813, -1.7296998268832127, -1.2450205662134786, 0.07662960811295685, 0.38222341789677033, 7.010818919999298, 5.012046266667101, 6.704980938416694, 5.129599398903795, 1.0290567761342193, 3.3999898860718547, 2.2900411643568077, -1.730663470476002, -1.8902749991856396, 1.259889618093699, 0.12511900718020338, -0.8705229617147057, 0.9508797098666297, 0.3001329279699063, 0.986292053846622], [14.257100767999507, 3.5664440345454693, -1.685118264260633, -2.4124480831697586, 4.065994643121523, 4.21976472321389, -0.07864387394145833, 0.2937995121593322, 1.2012937136416906, -1.2339853703227859, 1.907659913478651, 2.3954182398517334, 2.93942130411935, 3.1444441511094356, 4.711821081065325, 3.311244710166045, 0.7177458123678342, -2.6501691131798837, -3.6571563242053875, -3.507559931847608, 2.0686927219989624, -1.376150361283429, -2.096940865679949, -0.9878550975676224, -3.0642465831898806, -1.974898321658135, 2.5388448795232894, -2.030671948443201