{
    "name": "Total Decomposition",
    "rational_expression": "21*x1**4/1250 - 557*x1**3*x2/1000000 + 21*x1**3*x3/40000 - 39*x1**3*x4/200000 - 17*x1**3*x5/62500 - 21*x1**3*x6/12500 - 223*x1**3*x7/100000 - 399*x1**3*x8/1000000 + 221*x1**3/5000 + x1**2*x2**2/50 + 283*x1**2*x2*x3/50000 + 389*x1**2*x2*x4/100000 + 177*x1**2*x2*x5/100000 - 111*x1**2*x2*x6/100000 - 49*x1**2*x2*x7/20000 - 691*x1**2*x2*x8/1000000 + 87*x1**2*x2/2000 + 59*x1**2*x3**2/2500 + 481*x1**2*x3*x4/50000 + 123*x1**2*x3*x5/25000 - 267*x1**2*x3*x6/500000 - 159*x1**2*x3*x7/50000 - 109*x1**2*x3*x8/100000 + 597*x1**2*x3/10000 + 11*x1**2*x4**2/500 + 179*x1**2*x4*x5/50000 - 57*x1**2*x4*x6/50000 - 331*x1**2*x4*x7/100000 - 53*x1**2*x4*x8/50000 + 38*x1**2*x4/625 + 201*x1**2*x5**2/10000 - 649*x1**2*x5*x6/1000000 - 41*x1**2*x5*x7/25000 - 529*x1**2*x5*x8/1000000 + 29*x1**2*x5/1000 + 199*x1**2*x6**2/10000 - 71*x1**2*x6*x7/50000 - 121*x1**2*x6*x8/500000 + 137*x1**2*x6/5000 + 209*x1**2*x7**2/10000 - x1**2*x7*x8/6250 + 137*x1**2*x7/5000 + 19*x1**2*x8**2/1000 + 259*x1**2*x8/100000 + 197*x1**2/100000 - 23*x1*x2**3/10000 - 183*x1*x2**2*x3/100000 - 123*x1*x2**2*x4/50000 - 143*x1*x2**2*x5/100000 - 59*x1*x2**2*x6/25000 - 287*x1*x2**2*x7/100000 - 367*x1*x2**2*x8/1000000 + 4*x1*x2**2/125 - 21*x1*x2*x3**2/10000 + 31*x1*x2*x3*x4/200000 + 111*x1*x2*x3*x5/1000000 + 429*x1*x2*x3*x6/100000000 + 61*x1*x2*x3*x7/500000 - 97*x1*x2*x3*x8/5000000 - 231*x1*x2*x3/5000 - 223*x1*x2*x4**2/100000 + 29*x1*x2*x4*x5/125000 + 9*x1*x2*x4*x6/312500 + 151*x1*x2*x4*x7/1000000 - 419*x1*x2*x4*x8/100000000 - 471*x1*x2*x4/10000 - 27*x1*x2*x5**2/12500 + 299*x1*x2*x5*x6/10000000 + 13*x1*x2*x5*x7/100000 + 111*x1*x2*x5*x8/10000000 - 233*x1*x2*x5/10000 - 11*x1*x2*x6**2/5000 - 67*x1*x2*x6*x7/5000000 + 11*x1*x2*x6*x8/10000000 - 177*x1*x2*x6/10000 - 109*x1*x2*x7**2/50000 - 13*x1*x2*x7*x8/500000 - 29*x1*x2*x7/2000 - 6*x1*x2*x8**2/3125 - 107*x1*x2*x8/100000 + 29*x1*x2/250 - 303*x1*x3**3/100000 - 273*x1*x3**2*x4/100000 - 27*x1*x3**2*x5/20000 - 201*x1*x3**2*x6/100000 - 219*x1*x3**2*x7/100000 - 69*x1*x3**2*x8/250000 + 123*x1*x3**2/10000 - 221*x1*x3*x4**2/100000 + 71*x1*x3*x4*x5/250000 + 739*x1*x3*x4*x6/100000000 - 23*x1*x3*x4*x7/1250000 + 189*x1*x3*x4*x8/50000000 - 171*x1*x3*x4/2500 - 169*x1*x3*x5**2/100000 - 787*x1*x3*x5*x6/100000000 + 81*x1*x3*x5*x7/5000000 + 111*x1*x3*x5*x8/5000000 - 323*x1*x3*x5/10000 - 87*x1*x3*x6**2/50000 - 107*x1*x3*x6*x7/5000000 + 311*x1*x3*x6*x8/100000000 - 49*x1*x3*x6/2000 - 11*x1*x3*x7**2/6250 - 213*x1*x3*x7*x8/10000000 - 203*x1*x3*x7/10000 - 41*x1*x3*x8**2/25000 - x1*x3*x8/800 + 169*x1*x3/1000 - 321*x1*x4**3/100000 - 29*x1*x4**2*x5/20000 - 41*x1*x4**2*x6/20000 - 239*x1*x4**2*x7/100000 - 77*x1*x4**2*x8/250000 + 141*x1*x4**2/10000 - 49*x1*x4*x5**2/20000 + 51*x1*x4*x5*x6/2500000 + 567*x1*x4*x5*x7/10000000 + 37*x1*x4*x5*x8/625000 - 163*x1*x4*x5/5000 - 241*x1*x4*x6**2/100000 - 99*x1*x4*x6*x7/1000000 + 357*x1*x4*x6*x8/10000000 - 249*x1*x4*x6/10000 - 119*x1*x4*x7**2/50000 - 53*x1*x4*x7*x8/25000000 - 51*x1*x4*x7/2500 - 119*x1*x4*x8**2/50000 - 153*x1*x4*x8/100000 + 33*x1*x4/200 - 149*x1*x5**3/100000 - 23*x1*x5**2*x6/10000 - 29*x1*x5**2*x7/10000 - 81*x1*x5**2*x8/200000 + 49*x1*x5**2/1250 - 17*x1*x5*x6**2/12500 + 129*x1*x5*x6*x7/10000000 + 133*x1*x5*x6*x8/10000000 - x1*x5*x6/80 - 67*x1*x5*x7**2/50000 + 169*x1*x5*x7*x8/100000000 - 51*x1*x5*x7/5000 - 137*x1*x5*x8**2/100000 - 809*x1*x5*x8/1000000 + 101*x1*x5/1250 - 23*x1*x6**3/12500 - 31*x1*x6**2*x7/12500 - 453*x1*x6**2*x8/1000000 + 463*x1*x6**2/10000 - 181*x1*x6*x7**2/100000 - 19*x1*x6*x7*x8/1250000 - 703*x1*x6*x7/100000 - 49*x1*x6*x8**2/20000 - 11*x1*x6*x8/20000 + 63*x1*x6/1000 - 37*x1*x7**3/25000 - 351*x1*x7**2*x8/1000000 + 127*x1*x7**2/2500 - 8*x1*x7*x8**2/3125 - 133*x1*x7*x8/250000 + 273*x1*x7/5000 - 251*x1*x8**3/1000000 + 59*x1*x8**2/1250 + 307*x1*x8/100000 - 11*x1/50 + 151*x2**4/10000 + 399*x2**3*x3/100000 + 241*x2**3*x4/100000 + 993*x2**3*x5/1000000 - 131*x2**3*x6/100000 - 251*x2**3*x7/100000 - 521*x2**3*x8/1000000 + 197*x2**3/5000 + 43*x2**2*x3**2/2000 + 211*x2**2*x3*x4/25000 + 403*x2**2*x3*x5/100000 - 31*x2**2*x3*x6/62500 - 33*x2**2*x3*x7/12500 - 37*x2**2*x3*x8/50000 + 19*x2**2*x3/400 + 49*x2**2*x4**2/2500 + 263*x2**2*x4*x5/100000 - 121*x2**2*x4*x6/100000 - 61*x2**2*x4*x7/20000 - 413*x2**2*x4*x8/500000 + 461*x2**2*x4/10000 + 91*x2**2*x5**2/5000 - 91*x2**2*x5*x6/125000 - 157*x2**2*x5*x7/100000 - 13*x2**2*x5*x8/31250 + 221*x2**2*x5/10000 + 93*x2**2*x6**2/5000 - 43*x2**2*x6*x7/25000 - 291*x2**2*x6*x8/1000000 + 93*x2**2*x6/5000 + 201*x2**2*x7**2/10000 - 49*x2**2*x7*x8/200000 + 177*x2**2*x7/10000 + 43*x2**2*x8**2/2500 + 119*x2**2*x8/100000 + 167*x2**2/10000 + 381*x2*x3**3/100000 + 427*x2*x3**2*x4/100000 + 231*x2*x3**2*x5/100000 - 221*x2*x3**2*x6/250000 - 7*x2*x3**2*x7/3125 - 271*x2*x3**2*x8/500000 + 159*x2*x3**2/10000 + 251*x2*x3*x4**2/50000 + 189*x2*x3*x4*x5/1000000 + 17*x2*x3*x4*x6/625000 + 849*x2*x3*x4*x7/10000000 + 87*x2*x3*x4*x8/10000000 - 657*x2*x3*x4/10000 + 237*x2*x3*x5**2/50000 + 429*x2*x3*x5*x6/100000000 - 119*x2*x3*x5*x7/500000000 + 129*x2*x3*x5*x8/10000000 - 307*x2*x3*x5/10000 + 489*x2*x3*x6**2/100000 + 861*x2*x3*x6*x7/10000000 - 117*x2*x3*x6*x8/5000000 - 279*x2*x3*x6/10000 + 553*x2*x3*x7**2/100000 - 249*x2*x3*x7*x8/50000000 - 131*x2*x3*x7/5000 + 14*x2*x3*x8**2/3125 - 219*x2*x3*x8/100000 + 17*x2*x3/100 + 49*x2*x4**3/20000 + 143*x2*x4**2*x5/100000 - 23*x2*x4**2*x6/20000 - 113*x2*x4**2*x7/50000 - 141*x2*x4**2*x8/250000 + 3*x2*x4**2/200 + 19*x2*x4*x5**2/6250 + 29*x2*x4*x5*x6/2000000 + 21*x2*x4*x5*x7/500000 + 459*x2*x4*x5*x8/100000000 - 331*x2*x4*x5/10000 + 317*x2*x4*x6**2/100000 + 619*x2*x4*x6*x7/10000000 + 71*x2*x4*x6*x8/20000000 - 147*x2*x4*x6/5000 + 371*x2*x4*x7**2/100000 + 191*x2*x4*x7*x8/20000000 - 27*x2*x4*x7/1000 + 321*x2*x4*x8**2/100000 - 8*x2*x4*x8/3125 + 17*x2*x4/100 + 9*x2*x5**3/12500 - 119*x2*x5**2*x6/100000 - 241*x2*x5**2*x7/100000 - 29*x2*x5**2*x8/50000 + 81*x2*x5**2/2000 + 139*x2*x5*x6**2/100000 + 357*x2*x5*x6*x7/10000000 - 441*x2*x5*x6*x8/100000000 - 37*x2*x5*x6/2500 + 87*x2*x5*x7**2/50000 + 157*x2*x5*x7*x8/50000000 - 27*x2*x5*x7/2000 + 7*x2*x5*x8**2/5000 - 13*x2*x5*x8/10000 + 833*x2*x5/10000 - 729*x2*x6**3/1000000 - 47*x2*x6**2*x7/20000 - 329*x2*x6**2*x8/500000 + 23*x2*x6**2/500 - 29*x2*x6*x7**2/25000 + 7*x2*x6*x7*x8/3125000 - 101*x2*x6*x7/10000 - 121*x2*x6*x8**2/100000 - 239*x2*x6*x8/250000 + 363*x2*x6/5000 - 9*x2*x7**3/6250 - 137*x2*x7**2*x8/200000 + x2*x7**2/20 - 11*x2*x7*x8**2/5000 - 413*x2*x7*x8/500000 + 677*x2*x7/10000 - 381*x2*x8**3/1000000 + 243*x2*x8**2/5000 + 29*x2*x8/5000 - 59*x2/250 + 41*x3**4/2500 + 611*x3**3*x4/100000 + 321*x3**3*x5/100000 - 101*x3**3*x6/100000 - 39*x3**3*x7/12500 - 749*x3**3*x8/1000000 + 23*x3**3/500 + 219*x3**2*x4**2/10000 + 393*x3**2*x4*x5/100000 - 961*x3**2*x4*x6/1000000 - 69*x3**2*x4*x7/25000 - 811*x3**2*x4*x8/1000000 + 103*x3**2*x4/5000 + 13*x3**2*x5**2/625 - 471*x3**2*x5*x6/1000000 - 37*x3**2*x5*x7/25000 - 211*x3**2*x5*x8/500000 + 111*x3**2*x5/10000 + 107*x3**2*x6**2/5000 - 133*x3**2*x6*x7/100000 - 283*x3**2*x6*x8/1000000 + 203*x3**2*x6/25000 + 29*x3**2*x7**2/1250 - 39*x3**2*x7*x8/200000 + 721*x3**2*x7/100000 + 197*x3**2*x8**2/10000 + 59*x3**2*x8/100000 + 193*x3**2/2500 + 4*x3*x4**3/625 + 229*x3*x4**2*x5/50000 - 573*x3*x4**2*x6/1000000 - 249*x3*x4**2*x7/100000 - 77*x3*x4**2*x8/100000 + 113*x3*x4**2/5000 + 437*x3*x4*x5**2/50000 + 167*x3*x4*x5*x6/50000000 - 117*x3*x4*x5*x7/10000000 - x3*x4*x5*x8/50000 - 87*x3*x4*x5/2000 + 21*x3*x4*x6**2/2500 + 21*x3*x4*x6*x7/500000 - 127*x3*x4*x6*x8/10000000 - 399*x3*x4*x6/10000 + 189*x3*x4*x7**2/20000 + 21*x3*x4*x7*x8/2500000 - 47*x3*x4*x7/1250 + 411*x3*x4*x8**2/50000 - 317*x3*x4*x8/100000 + 233*x3*x4/1000 + 13*x3*x5**3/5000 - 81*x3*x5**2*x6/200000 - 249*x3*x5**2*x7/100000 - 73*x3*x5**2*x8/100000 + 581*x3*x5**2/10000 + 81*x3*x5*x6**2/20000 + 19*x3*x5*x6*x7/625000 - 137*x3*x5*x6*x8/10000000 - 12*x3*x5*x6/625 + 467*x3*x5*x7**2/100000 - 159*x3*x5*x7*x8/100000000 - 181*x3*x5*x7/10000 + 191*x3*x5*x8**2/50000 - 161*x3*x5*x8/100000 + 117*x3*x5/1000 + 267*x3*x6**3/10000000 - 271*x3*x6**2*x7/100000 - 479*x3*x6**2*x8/500000 + 129*x3*x6**2/2000 - 303*x3*x6*x7**2/500000 - 829*x3*x6*x7*x8/100000000 - 137*x3*x6*x7/10000 - 413*x3*x6*x8**2/1000000 - 59*x3*x6*x8/50000 + 21*x3*x6/200 - 143*x3*x7**3/100000 - 103*x3*x7**2*x8/100000 + 139*x3*x7**2/2000 - 47*x3*x7*x8**2/20000 - 101*x3*x7*x8/100000 + x3*x7/10 - 497*x3*x8**3/1000000 + 137*x3*x8**2/2000 + 181*x3*x8/20000 - 41*x3/125 + 159*x4**4/10000 + 121*x4**3*x5/50000 - 17*x4**3*x6/12500 - 307*x4**3*x7/100000 - 829*x4**3*x8/1000000 + 233*x4**3/5000 + 197*x4**2*x5**2/10000 - 171*x4**2*x5*x6/250000 - 31*x4**2*x5*x7/20000 - 11*x4**2*x5*x8/25000 + 53*x4**2*x5/5000 + 49*x4**2*x6**2/2500 - 9*x4**2*x6*x7/6250 - 299*x4**2*x6*x8/1000000 + x4**2*x6/125 + 211*x4**2*x7**2/10000 - 23*x4**2*x7*x8/100000 + 153*x4**2*x7/20000 + 19*x4**2*x8**2/1000 + 169*x4**2*x8/2000000 + 199*x4**2/2500 + 37*x4*x5**3/20000 - 7*x4*x5**2*x6/6250 - 147*x4*x5**2*x7/50000 - 859*x4*x5**2*x8/1000000 + 23*x4*x5**2/400 + 147*x4*x5*x6**2/50000 - 483*x4*x5*x6*x7/100000000 - 969*x4*x5*x6*x8/1000000000 - 201*x4*x5*x6/10000 + 69*x4*x5*x7**2/20000 + 21*x4*x5*x7*x8/1250000 - 37*x4*x5*x7/2000 + 291*x4*x5*x8**2/100000 - 19*x4*x5*x8/10000 + 29*x4*x5/250 - x4*x6**3/2000 - 299*x4*x6**2*x7/100000 - 101*x4*x6**2*x8/100000 + 81*x4*x6**2/1250 - 117*x4*x6*x7**2/100000 + 61*x4*x6*x7*x8/25000000 - 7*x4*x6*x7/500 - 11*x4*x6*x8**2/10000 - 17*x4*x6*x8/12500 + 103*x4*x6/1000 - 167*x4*x7**3/100000 - 107*x4*x7**2*x8/100000 + 703*x4*x7**2/10000 - 11*x4*x7*x8**2/4000 - 117*x4*x7*x8/100000 + 121*x4*x7/1250 - 143*x4*x8**3/250000 + 137*x4*x8**2/2000 + 441*x4*x8/50000 - 329*x4/1000 + 37*x5**4/2500 - 829*x5**3*x6/1000000 - 81*x5**3*x7/50000 - 409*x5**3*x8/1000000 + 287*x5**3/10000 + 181*x5**2*x6**2/10000 - 169*x5**2*x6*x7/100000 - 87*x5**2*x6*x8/250000 + 117*x5**2*x6/5000 + 49*x5**2*x7**2/2500 - 31*x5**2*x7*x8/100000 + 221*x5**2*x7/10000 + 177*x5**2*x8**2/10000 + x5**2*x8/625 - 177*x5**2/10000 - x5*x6**3/2500 - 19*x5*x6**2*x7/12500 - 101*x5*x6**2*x8/200000 + 39*x5*x6**2/1250 - 669*x5*x6*x7**2/1000000 - 23*x5*x6*x7*x8/2500000 - 713*x5*x6*x7/100000 - 83*x5*x6*x8**2/125000 - 749*x5*x6*x8/1000000 + 251*x5*x6/5000 - 923*x5*x7**3/1000000 - 107*x5*x7**2*x8/200000 + 339*x5*x7**2/10000 - 137*x5*x7*x8**2/100000 - 129*x5*x7*x8/200000 + 47*x5*x7/1000 - 153*x5*x8**3/500000 + 83*x5*x8**2/2500 + 27*x5*x8/6250 - 81*x5/500 + 31*x6**4/2000 - 133*x6**3*x7/100000 - 139*x6**3*x8/500000 + 13*x6**3/500 + 189*x6**2*x7**2/10000 - 73*x6**2*x7*x8/250000 + 53*x6**2*x7/2000 + 181*x6**2*x8**2/10000 + 7*x6**2*x8/3125 - 287*x6**2/10000 - 113*x6*x7**3/100000 - 59*x6*x7**2*x8/200000 + 19*x6*x7**2/625 - 83*x6*x7*x8**2/50000 - 443*x6*x7*x8/1000000 + 347*x6*x7/10000 - 7*x6*x8**3/40000 + 57*x6*x8**2/2000 + 219*x6*x8/100000 - 17*x6/125 + 2*x7**4/125 - 199*x7**3*x8/1000000 + 51*x7**3/2000 + 37*x7**2*x8**2/2000 + 251*x7**2*x8/100000 - 22*x7**2/625 - 181*x7*x8**3/1000000 + 267*x7*x8**2/10000 + 153*x7*x8/100000 - x7/8 + 149*x8**4/10000 + 181*x8**3/100000 - 477*x8**2/10000 - 959*x8/100000 + 141/500",
    "Q": "[[0.28173056849210665, -0.004678246110266594, -0.06263885439934254, -0.0681255467635333, -0.0811866523265862, -0.16434187327459482, -0.16389790098116372, -0.11775876125584082, -0.10991306496882579, -0.03893871747987154, -0.0006746620166563757, -0.00024069771548168028, 0.00046867573736115157, 0.0009926814979299868, 0.0012515573924414248, 0.000544082308250345, -0.0007103552677363118, -0.0419163732930391, 2.3509160701850337e-05, 0.003981990669853355, 0.008238620756781924, 0.009882340018637034, 0.00501135009431466, -0.0013208120511664998, -0.039271903047206305, 0.004128795656028158, 0.008423076165416968, 0.009352336911787835, 0.005572455462043701, 0.0013977513790704049, -0.03609773896724392, 0.00856467764735639, 0.00842687012110366, 0.006327009601776363, 0.00637337415483923, -0.026454794953268274, 0.016635139414187365, 0.012549240690022867, 0.012949819668071632, -0.026633901985405196, 0.012357149401771836, 0.015076331659697939, -0.033290042666958855, 0.008252524991774418, -0.04009237384556568], [-0.004678246110266594, 0.030290900255859617, 0.0013061539282853475, 0.0013339847773724748, 0.0015480860574283747, 0.0032050437152697613, 0.0033120116839149187, 0.002280303922076662, 0.0023334197624189828, 0.0008863477845574153, 0.0032281630584324113, 0.0034187169817243572, 0.004247260786404681, 0.00894861554471279, 0.00920208576398285, 0.006190949595183795, 0.006191240764870273, 0.0009162177313753031, -0.00020885513956175978, -0.00020660422826383997, -0.00040442848915992516, -0.0003881648278612742, -0.00029935953129817816, -0.0003101578378244732, 0.0008789741680681566, -0.00017455990832960057, -0.00034488899152607767, -0.0003169275999869286, -0.00026013821534694853, -0.0003007775995478495, 0.000832093068753858, -0.00021111361750842576, -0.00014642919972694075, -0.00017424125075531327, -0.00026788273655351566, 0.0006899373093107347, -0.0002871742128369893, -0.00033878337960922556, -0.000523068423699382, 0.0007991863158816863, -0.000247009263241083, -0.00046890594599923406, 0.0007692666717697441, -0.00039988605146706825, 0.0008024375833989051], [-0.06263885439934254, 0.0013061539282853475, 0.04846971154570908, 0.01733413186463099, 0.0195389886085904, 0.04019560117370932, 0.04019977897889145, 0.028746375737786784, 0.028664252742991628, 0.010183173066871441, 0.0003579934946146571, -5.912444043298712e-05, -0.00022867674025860008, -0.00045811290134666185, -0.0005124072608783126, -0.0002984537876822385, -5.563421204354809e-05, 0.012698821043140254, 0.003660220747448675, 0.0036229727651153243, 0.007783676778364306, 0.007540531598451816, 0.005524879479171199, 0.006737169142465179, 0.010123807564528648, -0.0015728378941746995, -0.0031067750148907284, -0.003127358955517829, -0.0022243147896021213, -0.0016044121198958078, 0.009387039329039344, -0.0029579001776801834, -0.002644782667955832, -0.0022676221072197304, -0.0024206728419153088, 0.006840605449792776, -0.0053266211353706384, -0.0044318410546468215, -0.004798793050691064, 0.007303663910378946, -0.00397957500224833, -0.004928187409566445, 0.008543528658801751, -0.003386911484370501, 0.010016639542685701], [-0.0681255467635333, 0.0013339847773724748, 0.01733413186463099, 0.04996471595411528, 0.020859510707410184, 0.042865515492964364, 0.043040659914911884, 0.03060260524242068, 0.03007093038321304, 0.010847803075075019, 7.786421086485956e-05, 0.0002105876050400106, -0.00021688663066441683, -0.00043377053641959704, -0.00048299135427217756, -0.0002805132849753507, 1.7277404835887534e-05, 0.011480803396897043, 0.0031764875226673946, -0.0016310318974936768, -0.0032344103261371542, -0.0034847741829203555, -0.0021946265513172305, -0.0008467900516785442, 0.01301475477647026, 0.0032733225949783547, 0.007058808662692945, 0.007068829165087685, 0.0049173612092892295, 0.005800043935048665, 0.009983762510281931, -0.0032243476709273595, -0.002952233258635002, -0.0024456987908433895, -0.0025272031372371145, 0.007162483130499533, -0.005983097829804871, -0.004819804568619233, -0.005031966675652172, 0.0075385780669577325, -0.004412720965415379, -0.00526006459801355, 0.009059131840443756, -0.0034838382408006944, 0.010759721005976188], [-0.0811866523265862, 0.0015480860574283747, 0.0195389886085904, 0.020859510707410184, 0.054792232337561676, 0.049756214886577256, 0.05008415613332965, 0.03546423763259151, 0.033936403981538125, 0.012404261343447168, 0.00018641914379083105, 5.5592900194079136e-05, -3.4687444519375886e-05, -0.0003207860522034271, -0.00039658181525963364, -0.0001885484193835409, 0.00017765091630847084, 0.013243234953960736, -0.00034189417001296836, 0.0016619180415716234, -0.003207426024542006, -0.00360973814969553, -0.0020878265204332625, -0.00016286172518239817, 0.01242697362152027, 0.0017879661551788609, -0.0034042066643804976, -0.0035573331582954447, -0.0023704084537784, -0.0010619739756868535, 0.0143723664653798, 0.005501889647574325, 0.005920846622525363, 0.003655644612529952, 0.003665251805011517, 0.007934928100407081, -0.007159510566660811, -0.005490196891699694, -0.005446201655442083, 0.008181602581483687, -0.005149221467559121, -0.005904827560151179, 0.010285747556093836, -0.0036423330642802367, 0.012546919233083544], [-0.16434187327459482, 0.0032050437152697613, 0.04019560117370932, 0.042865515492964364, 0.049756214886577256, 0.13304942874769402, 0.09996749575897064, 0.07245075394446927, 0.06957493685807058, 0.025387178417255185, 0.00036482049203811535, 0.00010580978215585228, -0.0003225907232592418, -0.0005689226532036202, -0.0007892173684918653, -0.0003810618972745182, 0.000350964776327963, 0.027194033293523774, -0.0007240983861216908, -0.00319562175554144, -0.00309081071596643, -0.007540144997785522, -0.004209028350767106, -0.0004215325908380461, 0.025515177806764364, -0.003403835503483571, -0.003143524989342795, -0.007491768267062657, -0.004745828922885703, -0.0022256592512817095, 0.023346032072640042, -0.0026841606882022605, -0.007460568400448752, -0.005597161173955529, -0.005498625699716566, 0.023351728834423165, -0.004472261708292888, -0.00402928493142549, -0.0040670565214008195, 0.01581533944836023, -0.011142621657885106, -0.01276182265506797, 0.02121649069882028, -0.007485408095696405, 0.025745183294141355], [-0.16389790098116372, 0.0033120116839149187, 0.04019977897889145, 0.043040659914911884, 0.05008415613332965, 0.09996749575897064, 0.13054096608592147, 0.07250438039130343, 0.06916487388112882, 0.0250944185247227, 0.00042756618751835625, 0.00015808134971449268, -0.00025657069482556863, -0.0005070381092706877, -0.000604025178671909, -0.0002874883640355176, 0.00045370644103371, 0.026996451215441048, -0.0002808239564616538, -0.002821466638558185, -0.006033259144960394, -0.0037894408347076297, -0.00367898342169307, 0.00023924286695997137, 0.025309633600536185, -0.0030139317750684613, -0.006484237552682804, -0.003536657888135484, -0.004210191495106667, -0.00164498509780418, 0.023221253455020737, -0.007194657906951771, -0.0026665612192826684, -0.005038138063119321, -0.005028677127742345, 0.015827079325910032, -0.005557557112703509, -0.01087506093568552, -0.01101437861884011, 0.022918995593707945, -0.004077490240609174, -0.005362247441153173, 0.021294690370866263, -0.006826908513034936, 0.025781157567921344], [-0.11775876125584082, 0.002280303922076662, 0.028746375737786784, 0.03060260524242068, 0.03546423763259151, 0.07245075394446927, 0.07250438039130343, 0.08330567174504085, 0.04992722669854074, 0.018165538875313834, 0.00024163930316855518, 5.990482747352584e-05, -0.0002532184233222445, -0.0005064212037728689, -0.0006145218407181904, -0.000163398468397785, 0.00021893266386067652, 0.0193772110366821, -0.0006549784018646249, -0.0024137563794861478, -0.004857723466655387, -0.00543714236900561, 0.0003459676579127886, -0.0004521758301375564, 0.018197808160033153, -0.002569315495673226, -0.005119118880300594, -0.005349776939420084, 0.00028143713057441564, -0.0017156762205646544, 0.016635612632914937, -0.0055611056767728324, -0.005226957885660214, 0.0007328950939339248, -0.004019288686310971, 0.011585913687178519, -0.010737163920091114, 0.001962659007215254, -0.008117995845716515, 0.011992230561635972, 0.0025022704969354815, -0.00878137685334144, 0.019719768378603068, 0.0014834235903289806, 0.018315371840086296], [-0.10991306496882579, 0.0023334197624189828, 0.028664252742991628, 0.03007093038321304, 0.033936403981538125, 0.06957493685807058, 0.06916487388112882, 0.04992722669854074, 0.08194129942653491, 0.017460219201853443, 0.00012798242148571645, -4.0595913857006216e-05, -0.0003184609127267412, -0.0006369490882193548, -0.0007314380721551533, -0.00040532418948102027, 0.00041638307546558207, 0.01850417584730153, -0.0011117557622007535, -0.0025371663959735096, -0.005067932561983303, -0.005507621673783992, -0.00340706860742884, 0.0036432120239305184, 0.01741614656170594, -0.002587686250680926, -0.005178511110855048, -0.005328926773889722, -0.0036253615806020266, 0.0029389999471460793, 0.016021359213208842, -0.005390926032652211, -0.00506222268248202, -0.00399488835918796, 0.0020207092256814235, 0.011121990037289808, -0.010340850253904342, -0.007936908002891149, 0.004701048422949451, 0.011494046126025507, -0.007447840717849551, 0.004111616872897403, 0.01454003972808825, 0.003397382324221879, 0.02211323855253728], [-0.03893871747987154, 0.0008863477845574153, 0.010183173066871441, 0.010847803075075019, 0.012404261343447168, 0.025387178417255185, 0.0250944185247227, 0.018165538875313834, 0.017460219201853443, 0.014970174294966873, -7.85051526975533e-05, -9.606277159517728e-05, -0.00013471778452283926, -0.0002685779952257496, -0.0002660848244742071, -0.00019257599980705855, -0.00014697389498272956, 0.006092921478895901, -0.0003446599457688595, -0.0007096806036891801, -0.0014472482579622108, -0.0015649490186863547, -0.0009728745488623367, -0.0003617904066825999, 0.005817707705494203, -0.0006634393129675454, -0.0013273774749000416, -0.001360267134742456, -0.0009417572530081399, -0.0006232200839524174, 0.005531812380710109, -0.0010334429731128053, -0.000913832994563596, -0.0008367691474877319, -0.0010373532602583177, 0.004453155041553858, -0.0017562017223307534, -0.0016081209158237963, -0.002102590727165962, 0.004672306004442167, -0.0014391610939068803, -0.002217711951632117, 0.005160042681737647, -0.0014491305031417469, 0.0057685677481093935], [-0.0006746620166563757, 0.0032281630584324113, 0.0003579934946146571, 7.786421086485956e-05, 0.00018641914379083105, 0.00036482049203811535, 0.00042756618751835625, 0.00024163930316855518, 0.00012798242148571645, -7.85051526975533e-05, 0.0064997429996356305, -0.0005067422378506292, 2.3962014070192613e-06, 4.518245774589404e-05, 0.00036717096694668, -0.0001375375169326414, -0.0009785107800227722, -8.91772552841352e-05, -0.0001403929988164094, -0.00013709168724181393, -0.00028578189059856113, -0.00026817084824135083, -0.00020414118289879116, -0.00020389899779683424, 3.980344528457496e-05, -9.282971863569647e-06, -2.4364673908228144e-05, -2.6799205141279857e-05, -1.5339760316063086e-05, 2.3366631741979427e-06, 1.4371142424266454e-05, -5.1504510007360576e-05, -5.950400702225075e-05, -2.8323031963326137e-05, -1.5736268840240186e-05, -1.3376537849157539e-05, -0.00012314706503851436, -7.346844933690644e-05, -3.209622538052692e-05, -2.656232150002538e-05, -8.27305794365381e-05, -4.0363700345138456e-05, 9.833644972807832e-06, -1.8070426304803268e-05, 1.7648449221279134e-05], [-0.00024069771548168028, 0.0034187169817243572, -5.912444043298712e-05, 0.0002105876050400106, 5.5592900194079136e-05, 0.00010580978215585228, 0.00015808134971449268, 5.990482747352584e-05, -4.0595913857006216e-05, -9.606277159517728e-05, -0.0005067422378506292, 0.006074122082035047, 0.00036825555902235424, 0.0008193078235694067, 0.0011570706312478182, 0.0003868346311757935, -0.0004888368964930185, -8.269113525204372e-06, -0.00015799028989179183, 4.331107503350609e-06, 7.912547290418061e-06, 8.858515661429168e-06, 5.088014703611971e-06, -2.393445222054958e-05, -0.000130033225563918, -0.00011616360699345214, -0.0002415175810957537, -0.00022232208307022724, -0.00017589343176221254, -0.0002355732871449932, -2.3864494516035628e-05, -2.5926181695644287e-05, -2.8370585881428507e-05, -1.4144570948924099e-05, -1.9342202283891377e-06, -3.997903360215292e-05, -5.9690012429815484e-05, -3.2749970846543485e-05, -4.7668259751005036e-06, -5.239921637283593e-05, -3.493532928292058e-05, -6.060109399240709e-06, -2.4485735653872018e-05, -2.664219440456256e-06, -1.455184802803829e-05], [0.00046867573736115157, 0.004247260786404681, -0.00022867674025860008, -0.00021688663066441683, -3.4687444519375886e-05, -0.0003225907232592418, -0.00025657069482556863, -0.0002532184233222445, -0.0003184609127267412, -0.00013471778452283926, 2.3962014070192613e-06, 0.00036825555902235424, 0.00617626546991864, 0.002402763165175521, 0.002733303817725166, 0.0014868384641253758, 0.0004277659371393348, -0.0001119327786938478, 4.95186436021668e-06, -0.00014041735150436248, 2.4137356721371042e-05, 2.9579354990839102e-05, 1.3795207250562495e-05, 1.573468036308812e-05, -0.00010808097227588671, -0.00013557015693956253, 1.2334642983935403e-05, 1.3453704910832808e-05, 7.970836524815992e-06, 1.3366192175121072e-05, -0.00018314310178505936, -0.00018233258634863916, -0.0001355717539316069, -0.00014662045776743304, -0.00019790831887842947, -0.00010595407418931534, -1.6988433352458963e-05, 5.6857215662946245e-06, 3.214792726603193e-05, -0.0001239204078864921, 4.39132330902938e-06, 3.668103156796853e-05, -9.933333947017856e-05, 2.086296099384352e-05, -9.421476268792021e-05], [0.0009926814979299868, 0.00894861554471279, -0.00045811290134666185, -0.00043377053641959704, -0.0003207860522034271, -0.0005689226532036202, -0.0005070381092706877, -0.0005064212037728689, -0.0006369490882193548, -0.0002685779952257496, 4.518245774589404e-05, 0.0008193078235694067, 0.002402763165175521, 0.009888511513393792, 0.005808043519030904, 0.0032082771940128442, 0.0009557747511338164, -0.00022950022226370578, 1.6452126617826945e-05, 2.7367153285976344e-05, -9.065115065072707e-05, 6.435231429057791e-05, 3.849269272391316e-05, 3.436220734288049e-05, -0.00022382144338990858, 1.3591538711707824e-05, -0.00011027285778116907, 3.101442256033618e-05, 1.9113177722366895e-05, 3.3525423866802505e-05, -0.0002121137576422345, -9.622875902040526e-05, 5.979328772090864e-06, -4.177436212550775e-06, 3.8592499356155695e-05, -0.0003866569113072777, -0.0001766934693612708, -0.00014649366790052992, -0.0001302028065391312, -0.00021885565689256005, 1.0347531269307871e-05, 8.41496963150719e-05, -0.00020912454483934187, 5.542935164215708e-05, -0.00018853354373816078], [0.0012515573924414248, 0.00920208576398285, -0.0005124072608783126, -0.00048299135427217756, -0.00039658181525963364, -0.0007892173684918653, -0.000604025178671909, -0.0006145218407181904, -0.0007314380721551533, -0.0002660848244742071, 0.00036717096694668, 0.0011570706312478182, 0.002733303817725166, 0.005808043519030904, 0.01057435619710275, 0.0037364269319664083, 0.0014488981195430863, -0.0002719619083460819, 1.794068947987225e-05, 2.992465203144054e-05, 5.87947507479722e-05, -6.440504685651922e-05, 4.152321982163155e-05, 4.795171487750229e-05, -0.00025654210041200907, 1.4916880970598976e-05, 2.867558986949165e-05, -8.225015543293309e-05, 2.0301645229913208e-05, 3.575074808735329e-05, -0.00023644791436234095, 1.1009104580381665e-05, -7.16814010740053e-05, -2.359961409875977e-06, 4.2142524642146754e-05, -0.00021218809504834372, -0.00016982501561711076, 1.8857937190436296e-05, 8.169474790032875e-05, -0.00039473050156878974, -0.00012373848486857013, -0.00010006650528919512, -0.00023210033328258187, 5.967936309071968e-05, -0.00022583210262736733], [0.000544082308250345, 0.006190949595183795, -0.0002984537876822385, -0.0002805132849753507, -0.0001885484193835409, -0.0003810618972745182, -0.0002874883640355176, -0.000163398468397785, -0.00040532418948102027, -0.00019257599980705855, -0.0001375375169326414, 0.0003868346311757935, 0.0014868384641253758, 0.0032082771940128442, 0.0037364269319664083, 0.007307767693346809, 0.0004075413535210582, -0.0001400973732537477, 1.0251745612439387e-05, 1.4527824712757072e-05, 3.497575661299449e-05, 4.120735961491489e-05, -0.00012879347557013762, 1.3831093578684324e-05, -0.00014070068870212084, 6.173734424112204e-06, 1.3636793124197023e-05, 1.4633684053002422e-05, -0.00012967245321232067, 1.9055517952833994e-05, -0.00013367608926485595, -1.5082853537066306e-06, -2.0313618991206024e-06, -9.543661260598231e-05, 1.9854792920423846e-05, -0.00014004551307826438, -2.920546845970347e-05, -0.00020022782415598042, 4.378956436050313e-05, -0.00016203486415283897, -0.00016943482515804415, 4.895380404872392e-05, -0.0002721670775167053, -0.00018521412439801525, -0.0001194188723161932], [-0.0007103552677363118, 0.006191240764870273, -5.563421204354809e-05, 1.7277404835887534e-05, 0.00017765091630847084, 0.000350964776327963, 0.00045370644103371, 0.00021893266386067652, 0.00041638307546558207, -0.00014697389498272956, -0.0009785107800227722, -0.0004888368964930185, 0.0004277659371393348, 0.0009557747511338164, 0.0014488981195430863, 0.0004075413535210582, 0.007480052677859531, 8.196599753483399e-06, 2.1597789046370583e-05, 1.5884771689010584e-09, -2.265981962343624e-06, -7.588014532305158e-06, 4.239332726137067e-06, -7.736583394428006e-05, 9.849146133502238e-06, -1.1431971946720359e-05, -2.8758597891714167e-05, -2.969063868809661e-05, -1.6391298512409344e-05, -0.00011404287974364744, -1.629265384262929e-05, -7.074042662215448e-05, -7.882355621013526e-05, -4.071775391426499e-05, -0.00015583666241486918, -4.8467007265579125e-05, -0.00016584444421538359, -9.92189160026577e-05, -0.00032531517925953144, -6.083885561685292e-05, -0.00010863316713944982, -0.0003311011484181031, -2.2914920601921502e-05, -0.00022242829331388313, -0.00021990753953479562], [-0.0419163732930391, 0.0009162177313753031, 0.012698821043140254, 0.011480803396897043, 0.013243234953960736, 0.027194033293523774, 0.026996451215441048, 0.0193772110366821, 0.01850417584730153, 0.006092921478895901, -8.91772552841352e-05, -8.269113525204372e-06, -0.0001119327786938478, -0.00022950022226370578, -0.0002719619083460819, -0.0001400973732537477, 8.196599753483399e-06, 0.016302080646109173, -0.0005973627709335295, -0.0004720551410801461, -0.0008628352384059694, -0.000725926775406043, -0.0007269437493192284, -0.0008155819754799772, 0.005979845286966869, -0.0006802620877582211, -0.0013491032282526498, -0.0014186242923860833, -0.0009627113083266469, -0.0006551931645614404, 0.0057551755095918405, -0.0010495540024374208, -0.0009136565447755568, -0.0008494946769906014, -0.0010835335731211588, 0.004648297754782745, -0.0017052521087029466, -0.0016282425250456454, -0.002164376436309694, 0.004969761893975858, -0.0014389030176326723, -0.0023226149808559093, 0.005355525794764222, -0.0015064630165203235, 0.005753114669663951], [2.3509160701850337e-05, -0.00020885513956175978, 0.003660220747448675, 0.0031764875226673946, -0.00034189417001296836, -0.0007240983861216908, -0.0002808239564616538, -0.0006549784018646249, -0.0011117557622007535, -0.0003446599457688595, -0.0001403929988164094, -0.00015799028989179183, 4.95186436021668e-06, 1.6452126617826945e-05, 1.794068947987225e-05, 1.0251745612439387e-05, 2.1597789046370583e-05, -0.0005973627709335295, 0.007400236781732037, 0.00033801002829295107, 0.0007341518923477644, 0.0010931264700032764, 0.00034926473703305845, -0.0003531829284210927, -0.0007442660886928586, -6.987514457455577e-05, -0.00013278815627478248, 0.00018730124679673676, -0.00023840871746064223, -0.0009200303612356231, -0.0003816795697531715, -0.00019707371184163515, -0.00023866735921742894, -0.00010662315302183657, -9.838493475816753e-06, -0.00048404487846588076, -0.0005187391029066701, -0.0002663544972473933, -8.387191375814311e-06, -0.0005757540331916657, -0.00031954181217661276, -4.48395322442288e-05, -0.00039489239821189763, 1.5436552400241516e-06, -0.000385345746031009], [0.003981990669853355, -0.00020660422826383997, 0.0036229727651153243, -0.0016310318974936768, 0.0016619180415716234, -0.00319562175554144, -0.002821466638558185, -0.0024137563794861478, -0.0025371663959735096, -0.0007096806036891801, -0.00013709168724181393, 4.331107503350609e-06, -0.00014041735150436248, 2.7367153285976344e-05, 2.992465203144054e-05, 1.4527824712757072e-05, 1.5884771689010584e-09, -0.0004720551410801461, 0.00033801002829295107, 0.0076773119906338, 0.0026883722815440755, 0.003154001355977053, 0.0016517368582855308, 0.0004507573116806317, -0.0007150075192714116, -0.00045027243808770065, 0.00010026956648091762, 0.00010804092150773953, 5.855767683632334e-05, 5.5520089249198943e-05, -0.0007762631372656698, 2.4444949529231208e-05, 0.0003472715997694976, -0.00013870393873547396, -0.0008734568439283946, -0.0007154406861286988, -6.979650017787288e-05, 3.4184254578502644e-05, 0.0002206944635909449, -0.0008117856081034522, 1.4550863199926098e-05, 0.00023821694580984976, -0.0006970150106339548, 0.00013514052726245796, -0.0006741154941403156], [0.008238620756781924, -0.00040442848915992516, 0.007783676778364306, -0.0032344103261371542, -0.003207426024542006, -0.00309081071596643, -0.006033259144960394, -0.004857723466655387, -0.005067932561983303, -0.0014472482579622108, -0.00028578189059856113, 7.912547290418061e-06, 2.4137356721371042e-05, -9.065115065072707e-05, 5.87947507479722e-05, 3.497575661299449e-05, -2.265981962343624e-06, -0.0008628352384059694, 0.0007341518923477644, 0.0026883722815440755, 0.011972275673847215, 0.006472403573600694, 0.0035180031142711637, 0.0009519709980052036, -0.0014418775302849508, 9.680414536071639e-05, -0.000279762424005127, 0.00023444082020613845, 0.0001448634857205488, 0.00012187810881238236, -0.0014457984476912197, -3.9479924739114824e-05, -7.5018138059247735e-06, 5.567220281418775e-06, 0.0002299913552558101, -0.0015684211655669345, 0.00016635068906167635, -0.00013028937074750652, -0.0004946437646361552, -0.001543238384121352, 2.668318629726248e-05, 0.0005249086175988808, -0.0014095590925126066, 0.00031970745673223766, -0.0013386915953004837], [0.009882340018637034, -0.0003881648278612742, 0.007540531598451816, -0.0034847741829203555, -0.00360973814969553, -0.007540144997785522, -0.0037894408347076297, -0.00543714236900561, -0.005507621673783992, -0.0015649490186863547, -0.00026817084824135083, 8.858515661429168e-06, 2.9579354990839102e-05, 6.435231429057791e-05, -6.440504685651922e-05, 4.120735961491489e-05, -7.588014532305158e-06, -0.000725926775406043, 0.0010931264700032764, 0.003154001355977053, 0.006472403573600694, 0.013046736809960668, 0.004177417730759364, 0.0014494094845313751, -0.0015934325091293798, 0.00013062643770973213, 0.0002842982827006801, -0.0001248376417885031, 0.0001913202846043605, 0.0001275999421475914, -0.0015510684233672385, 7.729831398381688e-05, 0.00010391651663031906, 4.099329564471035e-05, 0.0002676849499938552, -0.0014352656481232801, 0.0001481098399255127, 0.00017435987106614284, 0.0005579474568242013, -0.0015469350933711415, 6.144045237269756e-05, -0.00020544595763936636, -0.0015006240115263002, 0.0003677646941028139, -0.0014552220159335736], [0.00501135009431466, -0.00029935953129817816, 0.005524879479171199, -0.0021946265513172305, -0.0020878265204332625, -0.004209028350767106, -0.00367898342169307, 0.0003459676579127886, -0.00340706860742884, -0.0009728745488623367, -0.00020414118289879116, 5.088014703611971e-06, 1.3795207250562495e-05, 3.849269272391316e-05, 4.152321982163155e-05, -0.00012879347557013762, 4.239332726137067e-06, -0.0007269437493192284, 0.00034926473703305845, 0.0016517368582855308, 0.0035180031142711637, 0.004177417730759364, 0.008886536903637584, 0.0004562317459787394, -0.0009655567993220389, 4.8065476185520446e-05, 0.00012149101152691028, 0.00012822152757228876, -0.00043426056973616613, 7.799388930256015e-05, -0.0009809695605524531, -3.975147485990291e-05, -5.554415884464183e-05, -4.9789394508501456e-05, 0.00012153392797478277, -0.0010009562087801539, -0.00020104305736332544, -6.865292053274278e-05, 0.00028330025812734036, -0.0011285290150050004, 0.0002303741821486108, 0.0003000311418992332, -0.0011728224236491908, -0.000816561392088647, -0.0009330469470559691], [-0.0013208120511664998, -0.0003101578378244732, 0.006737169142465179, -0.0008467900516785442, -0.00016286172518239817, -0.0004215325908380461, 0.00023924286695997137, -0.0004521758301375564, 0.0036432120239305184, -0.0003617904066825999, -0.00020389899779683424, -2.393445222054958e-05, 1.573468036308812e-05, 3.436220734288049e-05, 4.795171487750229e-05, 1.3831093578684324e-05, -7.736583394428006e-05, -0.0008155819754799772, -0.0003531829284210927, 0.0004507573116806317, 0.0009519709980052036, 0.0014494094845313751, 0.0004562317459787394, 0.008893457285069016, -0.0003595794391101102, -4.5681595773358644e-05, -0.0001134909174365504, -8.276040990332401e-05, -7.953754454254623e-05, -0.00029903320723880536, -0.00043980158142374403, -0.00045068581884673194, -0.0005059018958036957, -0.0002566744552372441, -0.0001334480921903942, -0.0006649476186637547, -0.0010828560744231073, -0.0006030077148595358, -0.00027162327999284355, -0.0008040658723038434, -0.0006677958360020849, -0.00010052425742073668, -0.00047499157830736626, -0.0002509394158074112, -0.0009940653639820944], [-0.039271903047206305, 0.0008789741680681566, 0.010123807564528648, 0.01301475477647026, 0.01242697362152027, 0.025515177806764364, 0.025309633600536185, 0.018197808160033153, 0.01741614656170594, 0.005817707705494203, 3.980344528457496e-05, -0.000130033225563918, -0.00010808097227588671, -0.00022382144338990858, -0.00025654210041200907, -0.00014070068870212084, 9.849146133502238e-06, 0.005979845286966869, -0.0007442660886928586, -0.0007150075192714116, -0.0014418775302849508, -0.0015934325091293798, -0.0009655567993220389, -0.0003595794391101102, 0.015584113633103325, -0.0001730505964544501, -0.00022060146341025143, 2.2568210174054695e-05, -0.00034052814844909036, -0.0009044533332590071, 0.005479767966511725, -0.0010515480552517643, -0.0009203931393938705, -0.0008465141719352481, -0.001041541840795821, 0.0043640001505238, -0.0017103726311322445, -0.001625712183248072, -0.002086548253611421, 0.004648164222071445, -0.0014382785907083163, -0.002230852727590874, 0.005075237374045132, -0.0014432057852775196, 0.005588065594001847], [0.004128795656028158, -0.00017455990832960057, -0.0015728378941746995, 0.0032733225949783547, 0.0017879661551788609, -0.003403835503483571, -0.0030139317750684613, -0.002569315495673226, -0.002587686250680926, -0.0006634393129675454, -9.282971863569647e-06, -0.00011616360699345214, -0.00013557015693956253, 1.3591538711707824e-05, 1.4916880970598976e-05, 6.173734424112204e-06, -1.1431971946720359e-05, -0.0006802620877582211, -6.987514457455577e-05, -0.00045027243808770065, 9.680414536071639e-05, 0.00013062643770973213, 4.8065476185520446e-05, -4.5681595773358644e-05, -0.0001730505964544501, 0.007168729796248266, 0.0025112950290519438, 0.0029578039602384354, 0.0015280640234308905, 0.00039194317998970165, -0.00039475333840335814, 0.0007959293568462252, 0.001168688507205701, 0.0003718817727510292, -0.00042344360299462766, -0.0006635458768011874, -9.397897233598609e-06, 1.8343546742897623e-05, 0.0001407047048395912, -0.0006995414528403593, 9.112724478038923e-06, 0.00017897081001758944, -0.0006607098866941717, 7.371192143269983e-05, -0.0006319715286165252], [0.008423076165416968, -0.00034488899152607767, -0.0031067750148907284, 0.007058808662692945, -0.0034042066643804976, -0.003143524989342795, -0.006484237552682804, -0.005119118880300594, -0.005178511110855048, -0.0013273774749000416, -2.4364673908228144e-05, -0.0002415175810957537, 1.2334642983935403e-05, -0.00011027285778116907, 2.867558986949165e-05, 1.3636793124197023e-05, -2.8758597891714167e-05, -0.0013491032282526498, -0.00013278815627478248, 0.00010026956648091762, -0.000279762424005127, 0.0002842982827006801, 0.00012149101152691028, -0.0001134909174365504, -0.00022060146341025143, 0.0025112950290519438, 0.011224059562290514, 0.006072044124331622, 0.0032988280245110986, 0.0008400618562824428, -0.0013377927378851464, 0.0003361928515679589, -8.649243883354502e-06, -3.0327297492760226e-06, 0.00014449104102123235, -0.0006754932427360888, 0.0010909593947998472, 0.000376949242873099, -0.00021181549616225887, -0.0013987718196155007, 1.5610627150859993e-05, 0.0003891483116262964, -0.0013298067869043871, 0.00017469457565682638, -0.0012416788786175125], [0.009352336911787835, -0.0003169275999869286, -0.003127358955517829, 0.007068829165087685, -0.0035573331582954447, -0.007491768267062657, -0.003536657888135484, -0.005349776939420084, -0.005328926773889722, -0.001360267134742456, -2.6799205141279857e-05, -0.00022232208307022724, 1.3453704910832808e-05, 3.101442256033618e-05, -8.225015543293309e-05, 1.4633684053002422e-05, -2.969063868809661e-05, -0.0014186242923860833, 0.00018730124679673676, 0.00010804092150773953, 0.00023444082020613845, -0.0001248376417885031, 0.00012822152757228876, -8.276040990332401e-05, 2.25682101740546