{
    "name": "Total Decomposition",
    "rational_expression": "14379*x1**4/5000 + 3757*x1**3*x2/1000 + 271*x1**3*x3/200 - 11343*x1**3*x4/5000 + 12221*x1**3*x5/5000 + 14571*x1**3*x6/5000 + 2427*x1**3*x7/625 - 98171*x1**3*x8/100000 + 54173*x1**3/10000 + 23003*x1**2*x2**2/2500 + 2006*x1**2*x2*x3/125 + 79737*x1**2*x2*x4/10000 + 10481*x1**2*x2*x5/1000 + 7683*x1**2*x2*x6/1250 + 1019*x1**2*x2*x7/400 - 21743*x1**2*x2*x8/5000 + 14493*x1**2*x2/1000 + 3729*x1**2*x3**2/200 + 32933*x1**2*x3*x4/1000 + 14107*x1**2*x3*x5/1000 + 19853*x1**2*x3*x6/5000 - 32619*x1**2*x3*x7/10000 - 33607*x1**2*x3*x8/5000 + 17669*x1**2*x3/1000 + 24389*x1**2*x4**2/1000 + 5521*x1**2*x4*x5/500 + 83601*x1**2*x4*x6/100000 - 39991*x1**2*x4*x7/5000 - 14467*x1**2*x4*x8/2500 + 12983*x1**2*x4/1000 + 10987*x1**2*x5**2/1250 + 81873*x1**2*x5*x6/10000 + 23807*x1**2*x5*x7/5000 - 8257*x1**2*x5*x8/2000 + 3043*x1**2*x5/200 + 67273*x1**2*x6**2/10000 + 77781*x1**2*x6*x7/10000 - 12409*x1**2*x6*x8/5000 + 11203*x1**2*x6/1000 + 5113*x1**2*x7**2/625 - 246*x1**2*x7*x8/125 + 1398*x1**2*x7/125 + 227*x1**2*x8**2/50 + 25521*x1**2*x8/5000 - 7773*x1**2/5000 + 33847*x1*x2**3/10000 + 69*x1*x2**2*x3/40 - 12143*x1*x2**2*x4/5000 + 13023*x1*x2**2*x5/5000 + 14261*x1*x2**2*x6/5000 + 32661*x1*x2**2*x7/10000 - 13329*x1*x2**2*x8/10000 + 7337*x1*x2**2/1250 + 16537*x1*x2*x3**2/2500 + 3581*x1*x2*x3*x4/250 + 17319*x1*x2*x3*x5/20000 - 33973*x1*x2*x3*x6/10000 - 45409*x1*x2*x3*x7/10000 + 29931*x1*x2*x3*x8/10000 + 1829*x1*x2*x3/500 + 3523*x1*x2*x4**2/200 + 9381*x1*x2*x4*x5/5000 - 69727*x1*x2*x4*x6/10000 - 19431*x1*x2*x4*x7/2000 + 62613*x1*x2*x4*x8/10000 + 18149*x1*x2*x4/5000 + 8803*x1*x2*x5**2/2500 - 19831*x1*x2*x5*x6/100000 - 38913*x1*x2*x5*x7/100000 + 36111*x1*x2*x5*x8/100000 - 37163*x1*x2*x5/10000 + 6071*x1*x2*x6**2/1250 + 5367*x1*x2*x6*x7/2000 - 18733*x1*x2*x6*x8/10000 - 1539*x1*x2*x6/400 + 49797*x1*x2*x7**2/10000 - 15709*x1*x2*x7*x8/5000 - 5013*x1*x2*x7/1250 + 55401*x1*x2*x8**2/10000 + 3413*x1*x2*x8/1000 + 12719*x1*x2/1000 + 52729*x1*x3**3/10000 + 6453*x1*x3**2*x4/500 + 77189*x1*x3**2*x5/10000 + 3513*x1*x3**2*x6/2500 + 11337*x1*x3**2*x7/125000 + 11233*x1*x3**2*x8/2500 + 5227*x1*x3**2/500 + 14453*x1*x3*x4**2/1000 + 8191*x1*x3*x4*x5/500 + 40823*x1*x3*x4*x6/100000 - 1657*x1*x3*x4*x7/625 + 1651*x1*x3*x4*x8/125 + 8723*x1*x3*x4/500 + 9281*x1*x3*x5**2/5000 - 4304*x1*x3*x5*x6/625 - 20621*x1*x3*x5*x7/2500 + 29621*x1*x3*x5*x8/5000 - 8371*x1*x3*x5/2500 - 3137*x1*x3*x6**2/2500 - 33659*x1*x3*x6*x7/5000 + 1517*x1*x3*x6*x8/625 - 10497*x1*x3*x6/2000 - 2213*x1*x3*x7**2/1000 - 24231*x1*x3*x7*x8/250000 - 15009*x1*x3*x7/2000 + 467*x1*x3*x8**2/200 - 911*x1*x3*x8/400 + 13913*x1*x3/500 - 40389*x1*x4**3/100000 + 3359*x1*x4**2*x5/250 + 13747*x1*x4**2*x6/2500 + 33943*x1*x4**2*x7/5000 + 12849*x1*x4**2*x8/2000 + 4149*x1*x4**2/250 - 6307*x1*x4*x5**2/5000 - 107*x1*x4*x5*x6/10 - 3087*x1*x4*x5*x7/250 + 44711*x1*x4*x5*x8/5000 + 73937*x1*x4*x5/100000 - 8877*x1*x4*x6**2/1250 - 2579*x1*x4*x6*x7/200 + 11483*x1*x4*x6*x8/2000 - 14009*x1*x4*x6/10000 - 19551*x1*x4*x7**2/2000 + 34981*x1*x4*x7*x8/10000 - 4271*x1*x4*x7/625 - 5801*x1*x4*x8**2/2000 - 17413*x1*x4*x8/2000 + 32173*x1*x4/1000 + 10359*x1*x5**3/5000 + 17579*x1*x5**2*x6/10000 + 27753*x1*x5**2*x7/10000 - 59093*x1*x5**2*x8/1000000 + 35829*x1*x5**2/50000 + 42809*x1*x5*x6**2/10000 + 44721*x1*x5*x6*x7/10000 - 20621*x1*x5*x6*x8/10000 - 30323*x1*x5*x6/5000 + 53229*x1*x5*x7**2/10000 - 3737*x1*x5*x7*x8/1000 - 29867*x1*x5*x7/5000 + 41503*x1*x5*x8**2/10000 + 21437*x1*x5*x8/10000 + 3807*x1*x5/250 + 38133*x1*x6**3/10000 + 20111*x1*x6**2*x7/2500 - 3099*x1*x6**2*x8/1000 + 36329*x1*x6**2/10000 + 44297*x1*x6*x7**2/5000 - 15247*x1*x6*x7*x8/2500 - 28693*x1*x6*x7/10000 + 46171*x1*x6*x8**2/10000 + 25667*x1*x6*x8/10000 + 622*x1*x6/3125 + 62823*x1*x7**3/10000 - 46421*x1*x7**2*x8/10000 + 12797*x1*x7**2/2000 + 28897*x1*x7*x8**2/5000 + 4363*x1*x7*x8/1250 - 8219*x1*x7/2000 - 2409*x1*x8**3/2500 + 15533*x1*x8**2/2500 + 12983*x1*x8/1000 - 3487*x1/500 + 9033*x2**4/1250 + 17079*x2**3*x3/1000 + 5543*x2**3*x4/500 + 421*x2**3*x5/40 + 52253*x2**3*x6/10000 + 3211*x2**3*x7/2000 - 1343*x2**3*x8/400 + 3511*x2**3/250 + 203*x2**2*x3**2/8 + 10243*x2**2*x3*x4/250 + 3239*x2**2*x3*x5/200 + 5997*x2**2*x3*x6/2000 - 24021*x2**2*x3*x7/10000 - 329*x2**2*x3*x8/250 + 23197*x2**2*x3/1000 + 18437*x2**2*x4**2/500 + 13349*x2**2*x4*x5/1000 - 18649*x2**2*x4*x6/10000 - 31949*x2**2*x4*x7/5000 + 22223*x2**2*x4*x8/5000 + 18133*x2**2*x4/1000 + 3367*x2**2*x5**2/250 + 33927*x2**2*x5*x6/5000 + 36449*x2**2*x5*x7/10000 - 26907*x2**2*x5*x8/10000 + 356*x2**2*x5/25 + 2231*x2**2*x6**2/200 + 3382*x2**2*x6*x7/625 - 34581*x2**2*x6*x8/10000 + 507*x2**2*x6/80 + 2939*x2**2*x7**2/250 - 1266*x2**2*x7*x8/625 + 30989*x2**2*x7/10000 + 12267*x2**2*x8**2/1000 + 36593*x2**2*x8/10000 + 10527*x2**2/1000 + 10443*x2*x3**3/500 + 32387*x2*x3**2*x4/1000 + 17137*x2*x3**2*x5/1000 + 30509*x2*x3**2*x6/10000 + 2073*x2*x3**2*x7/10000 + 39827*x2*x3**2*x8/5000 + 22569*x2*x3**2/1000 + 40489*x2*x3*x4**2/1000 + 2999*x2*x3*x4*x5/125 - 10929*x2*x3*x4*x6/50000 + 1677*x2*x3*x4*x7/1000 + 28299*x2*x3*x4*x8/1000 + 2853*x2*x3*x4/125 + 8399*x2*x3*x5**2/500 - 97379*x2*x3*x5*x6/10000 - 39901*x2*x3*x5*x7/5000 + 5893*x2*x3*x5*x8/500 - 3271*x2*x3*x5/25000 + 13547*x2*x3*x6**2/1000 - 5784*x2*x3*x6*x7/625 + 7737*x2*x3*x6*x8/2500 - 7313*x2*x3*x6/500 + 1913*x2*x3*x7**2/125 + 37651*x2*x3*x7*x8/10000 - 3559*x2*x3*x7/200 + 5353*x2*x3*x8**2/200 + 11713*x2*x3*x8/5000 + 22993*x2*x3/500 + 3737*x2*x4**3/250 + 5917*x2*x4**2*x5/200 + 10133*x2*x4**2*x6/1000 + 82417*x2*x4**2*x7/10000 + 99291*x2*x4**2*x8/10000 + 25147*x2*x4**2/1000 + 6063*x2*x4*x5**2/625 - 17877*x2*x4*x5*x6/1000 - 593*x2*x4*x5*x7/40 + 19721*x2*x4*x5*x8/1000 + 28149*x2*x4*x5/10000 + 19049*x2*x4*x6**2/10000 - 19721*x2*x4*x6*x7/1000 + 10389*x2*x4*x6*x8/1000 - 95201*x2*x4*x6/10000 + 25719*x2*x4*x7**2/10000 + 5641*x2*x4*x7*x8/500 - 8161*x2*x4*x7/500 + 7869*x2*x4*x8**2/500 - 8633*x2*x4*x8/1250 + 55313*x2*x4/1000 + 10263*x2*x5**3/1000 + 50431*x2*x5**2*x6/10000 + 6611*x2*x5**2*x7/5000 - 16983*x2*x5**2*x8/5000 + 11587*x2*x5**2/1250 + 14039*x2*x5*x6**2/1000 + 9229*x2*x5*x6*x7/2500 - 38979*x2*x5*x6*x8/5000 - 5601*x2*x5*x6/500 + 13417*x2*x5*x7**2/1000 - 32733*x2*x5*x7*x8/5000 - 15783*x2*x5*x7/1000 + 9083*x2*x5*x8**2/500 - 7609*x2*x5*x8/50000 + 30951*x2*x5/1000 + 7441*x2*x6**3/1000 + 6317*x2*x6**2*x7/1000 - 94867*x2*x6**2*x8/10000 + 2873*x2*x6**2/250 + 397*x2*x6*x7**2/40 - 12041*x2*x6*x7*x8/1000 - 10111*x2*x6*x7/1000 + 10897*x2*x6*x8**2/1000 - 1971*x2*x6*x8/400 + 21883*x2*x6/2500 + 38683*x2*x7**3/10000 - 10583*x2*x7**2*x8/1000 + 2867*x2*x7**2/250 + 10369*x2*x7*x8**2/2000 - 569*x2*x7*x8/50 + 6183*x2*x7/500 - 36687*x2*x8**3/10000 + 17227*x2*x8**2/1000 + 9119*x2*x8/250 - 5327*x2/200 + 2216*x3**4/125 + 37647*x3**3*x4/1000 + 19819*x3**3*x5/1000 + 10719*x3**3*x6/2000 - 1077*x3**3*x7/3125 + 13597*x3**3*x8/10000 + 20007*x3**3/1000 + 22691*x3**2*x4**2/500 + 31861*x3**2*x4*x5/1000 + 70247*x3**2*x4*x6/10000 + 13741*x3**2*x4*x7/10000 + 6539*x3**2*x4*x8/500 + 13007*x3**2*x4/500 + 6153*x3**2*x5**2/250 + 91431*x3**2*x5*x6/100000 - 14001*x3**2*x5*x7/10000 + 10209*x3**2*x5*x8/1000 + 3237*x3**2*x5/200 + 8039*x3**2*x6**2/500 - 1713*x3**2*x6*x7/500 + 49973*x3**2*x6*x8/10000 - 96673*x3**2*x6/100000 + 9169*x3**2*x7**2/500 + 24397*x3**2*x7*x8/5000 - 9967*x3**2*x7/25000 + 3122*x3**2*x8**2/125 + 8391*x3**2*x8/1000 + 15331*x3**2/500 + 35589*x3*x4**3/1000 + 33041*x3*x4**2*x5/1000 + 1266*x3*x4**2*x6/125 + 97*x3*x4**2*x7/20 + 12719*x3*x4**2*x8/2000 + 28211*x3*x4**2/1000 + 37361*x3*x4*x5**2/1000 - 15219*x3*x4*x5*x6/2000 - 5599*x3*x4*x5*x7/1000 + 27573*x3*x4*x5*x8/1000 + 2199*x3*x4*x5/200 + 11851*x3*x4*x6**2/500 - 14087*x3*x4*x6*x7/1000 + 1752*x3*x4*x6*x8/125 - 1776*x3*x4*x6/125 + 27439*x3*x4*x7**2/1000 + 2759*x3*x4*x7*x8/200 - 2589*x3*x4*x7/200 + 41983*x3*x4*x8**2/1000 + 13577*x3*x4*x8/1000 + 57989*x3*x4/1000 + 1679*x3*x5**3/125 - 22967*x3*x5**2*x6/10000 - 14587*x3*x5**2*x7/2000 - 49463*x3*x5**2*x8/100000 + 13193*x3*x5**2/1000 + 2087*x3*x5*x6**2/200 - 10841*x3*x5*x6*x7/1000 - 2531*x3*x5*x6*x8/1250 - 17847*x3*x5*x6/1000 + 1143*x3*x5*x7**2/100 - 16091*x3*x5*x7*x8/10000 - 10261*x3*x5*x7/500 + 3038*x3*x5*x8**2/125 - 12223*x3*x5*x8/25000 + 55589*x3*x5/1000 + 27167*x3*x6**3/5000 - 32287*x3*x6**2*x7/10000 - 10979*x3*x6**2*x8/1000 + 6241*x3*x6**2/500 + 30409*x3*x6*x7**2/10000 - 1326*x3*x6*x7*x8/125 - 3849*x3*x6*x7/250 + 12129*x3*x6*x8**2/1000 - 15423*x3*x6*x8/2000 + 11641*x3*x6/500 - 38543*x3*x7**3/100000 - 2689*x3*x7**2*x8/200 + 1766*x3*x7**2/125 + 3029*x3*x7*x8**2/1000 - 4713*x3*x7*x8/250 + 3706*x3*x7/125 - 12351*x3*x8**3/2000 + 2482*x3*x8**2/125 + 7283*x3*x8/125 - 15931*x3/500 + 20349*x4**4/1000 + 7307*x4**3*x5/500 + 19707*x4**3*x6/5000 - 2963*x4**3*x7/1000 - 19601*x4**3*x8/5000 + 1877*x4**3/125 + 3856*x4**2*x5**2/125 + 48709*x4**2*x5*x6/5000 + 19981*x4**2*x5*x7/2500 + 72717*x4**2*x5*x8/10000 + 10957*x4**2*x5/500 + 10761*x4**2*x6**2/500 + 46303*x4**2*x6*x7/10000 + 13293*x4**2*x6*x8/5000 + 12331*x4**2*x6/2500 + 25117*x4**2*x7**2/1000 + 1589*x4**2*x7*x8/400 + 5827*x4**2*x7/1000 + 26667*x4**2*x8**2/1000 + 3067*x4**2*x8/200 + 8197*x4**2/500 + 10047*x4*x5**3/1000 - 2959*x4*x5**2*x6/400 - 314*x4*x5**2*x7/25 + 25811*x4*x5**2*x8/10000 + 6337*x4*x5**2/500 + 30471*x4*x5*x6**2/10000 - 3893*x4*x5*x6*x7/200 + 6883*x4*x5*x6*x8/2000 - 5553*x4*x5*x6/500 + 15643*x4*x5*x7**2/5000 + 45473*x4*x5*x7*x8/10000 - 16437*x4*x5*x7/1000 + 18213*x4*x5*x8**2/1000 - 35731*x4*x5*x8/10000 + 10969*x4*x5/200 + 5297*x4*x6**3/2500 - 254*x4*x6**2*x7/25 - 9787*x4*x6**2*x8/1250 + 5199*x4*x6**2/500 - 45221*x4*x6*x7**2/10000 - 46407*x4*x6*x7*x8/10000 - 12393*x4*x6*x7/1000 + 85043*x4*x6*x8**2/10000 - 37041*x4*x6*x8/5000 + 26297*x4*x6/1000 - 25151*x4*x7**3/5000 - 96437*x4*x7**2*x8/10000 + 9103*x4*x7**2/1000 - 18739*x4*x7*x8**2/20000 - 1869*x4*x7*x8/100 + 16231*x4*x7/500 - 27467*x4*x8**3/5000 + 13743*x4*x8**2/1000 + 10039*x4*x8/200 - 22779*x4/1000 + 70111*x5**4/10000 + 331*x5**3*x6/40 + 3177*x5**3*x7/625 - 41191*x5**3*x8/10000 + 2719*x5**3/200 + 297*x5**2*x6**2/20 + 13067*x5**2*x6*x7/1000 - 86623*x5**2*x6*x8/10000 + 8487*x5**2*x6/1250 + 1884*x5**2*x7**2/125 - 36919*x5**2*x7*x8/5000 + 6819*x5**2*x7/2000 + 1559*x5**2*x8**2/125 + 1403*x5**2*x8/625 + 11891*x5**2/1000 + 11903*x5*x6**3/1000 + 8319*x5*x6**2*x7/500 - 1251*x5*x6**2*x8/100 + 8339*x5*x6**2/500 + 20371*x5*x6*x7**2/1000 - 18223*x5*x6*x7*x8/1000 - 51889*x5*x6*x7/10000 + 14267*x5*x6*x8**2/1000 - 55003*x5*x6*x8/10000 - 4859*x5*x6/10000 + 96331*x5*x7**3/10000 - 6743*x5*x7**2*x8/500 + 17277*x5*x7**2/1000 + 93211*x5*x7*x8**2/10000 - 5689*x5*x7*x8/500 + 18781*x5*x7/10000 - 17627*x5*x8**3/5000 + 5463*x5*x8**2/250 + 9561*x5*x8/250 - 8651*x5/250 + 54779*x6**4/10000 + 99601*x6**3*x7/10000 - 5359*x6**3*x8/1250 + 323*x6**3/25 + 16513*x6**2*x7**2/1000 - 98607*x6**2*x7*x8/10000 + 1714*x6**2*x7/125 + 1869*x6**2*x8**2/250 - 14289*x6**2*x8/5000 - 79411*x6**2/10000 + 1443*x6*x7**3/125 - 11297*x6*x7**2*x8/1000 + 3291*x6*x7**2/200 + 96713*x6*x7*x8**2/10000 - 57*x6*x7*x8/5 - 10487*x6*x7/1000 - 7031*x6*x8**3/5000 + 4849*x6*x8**2/250 + 2057*x6*x8/125 - 34353*x6/1000 + 32829*x7**4/5000 - 19821*x7**3*x8/5000 + 2651*x7**3/200 + 4013*x7**2*x8**2/500 - 10447*x7**2*x8/5000 - 2629*x7**2/250 - 14097*x7*x8**3/20000 + 4643*x7*x8**2/250 + 76613*x7*x8/10000 - 33237*x7/1000 + 22491*x8**4/10000 + 17041*x8**3/10000 + 7803*x8**2/125000 + 37339*x8/10000 + 31117/500",
    "Q": "[[62.23353081748993, 1.8488956100737859, -16.59471606302821, -17.16123691509308, -17.279020528227914, -11.418823791085735, -15.93039149721044, -13.321891373932608, -3.4983145724933813, -7.44034356529834, 2.9130062019043086, 6.024568405727649, 13.37930957776817, 20.59584475621698, 22.517642355339145, 13.290917584873974, 3.2246802629731985, -13.34086963881376, -11.394134642294702, -6.362540822427799, 10.832017793790554, 6.9975181975959355, 0.20505671210913615, -4.972437564056063, -11.677229215796379, -8.489803872390047, 5.935727241943289, 3.106733685419526, -2.813117327217624, -2.4003924076793144, -5.441541555914361, 14.257100766046909, 11.254729106960486, 2.8639983756031455, 2.848939117149815, -4.372369315781422, 10.523217815880406, 16.023443818836405, 11.708650655472066, 0.751046179612666, 7.389415826371712, 8.040618839879256, -4.886075205649432, 1.1003273900080055, -6.59778427417331], [1.8488956100737859, 14.995442905535132, 0.9115737554597828, 2.193994589781438, 5.747784625839702, 4.5040565865936575, 6.604063165243208, 4.9298102432005315, 3.252120153501938, 0.8559713461960355, 6.23939724687179, 6.680988560491911, 8.042277830364549, 4.925586490304689, 7.161493482533316, 6.157358933576221, 2.3635668348166985, -1.0282239648360634, -3.823658933700529, -3.2242810676749554, -2.322025310413431, -3.0126676261307286, -2.6748898905138505, 0.31788772284677613, -0.807916252159989, -1.207092665740335, 0.8863095881093345, 0.3643481415727386, -0.5759570222365449, 0.33038885603152784, 1.2860478843719687, 3.5664440348020716, 4.086377810173801, 1.8605373068168347, 0.8584368984881343, 6.374224982567466, 9.884926091458432, 3.142680944886802, -0.03623513105076529, 5.8921947588576025, 5.280179358079541, 1.1620514968918383, 2.2848430710072645, 1.3711371124926324, 1.337390978617935], [-16.59471606302821, 0.9115737554597828, 16.106962690615084, 6.131866895216907, 7.279405361405886, 5.407052391628528, 7.849186703780208, 5.991700836277187, 2.924755724260587, 3.026745497446233, -0.01216501987921966, -1.7302861968673844, -4.566162287536749, -8.006208022185568, -8.433682800194845, -4.741941302651573, -0.7590218011183739, 6.626912582988629, 4.976422951108649, 5.110477100937514, 1.352588479364281, 3.2977905377880252, 3.0948583135479595, 2.757291979563158, 2.3420403056312367, -0.3913746682138373, -1.8591285706804264, -2.2159193839443625, -1.2395347635899834, -0.29292705023398086, 1.3781283602246668, -1.6851182637251323, -1.6366774689591663, -1.1195859935855623, -1.5060214044101774, 5.319145318045294, 3.232023381294794, -2.306338890315957, -3.5131967429491477, 3.055082433413245, 0.2882741540431032, -2.290845938887616, 2.315716075917468, -0.38627500082633864, 2.5027561423595475], [-17.16123691509308, 2.193994589781438, 6.131866895216907, 15.448138757362225, 8.206478207279238, 7.239838433146772, 8.523629270321273, 7.1724854299668594, 2.532050123379277, 3.0062618405974866, -0.12935916877310885, -0.6120699976783028, -3.1616002388660327, -6.096465392433136, -6.379345333342282, -3.3776967185003066, -0.6920236521429002, 3.2559026057091067, 4.502593408714902, -1.2778564924713192, -5.115010159400405, -5.188907322264483, -2.6336968813067045, 0.7250078675856605, 6.448267874989006, 6.0201125220816145, 3.3145359514659867, 4.290622087454727, 4.215983243304064, 1.7831272406665541, 1.444880529710128, -2.4124480826514056, -2.8050231650576785, -1.330403206184996, -1.1794886591847429, 3.933795336969964, 0.840579292631065, -2.8023020801397096, -2.64973489147389, 1.6938841175730348, -0.9306215048714119, -1.8527406631979375, 2.105915313845341, -0.2284674653233741, 2.5348713063728616], [-17.279020528227914, 5.747784625839702, 7.279405361405886, 8.206478207279238, 22.713176113899877, 13.172962114494466, 16.52265624585281, 12.617583201426177, 4.7481405741074445, 2.863274848110445, 2.1162859700821577, 1.6358844701880542, -0.16640769153545978, -5.7313070829689785, -4.964581635733841, -1.8123460082460143, -0.3070609564022182, 3.5337041200773736, -0.9205085346759335, 0.3319927756694858, -5.5278235416572805, -6.463222580766923, -4.129857979146981, 0.7034967899732034, 2.306240323562625, 1.9555804473476388, -2.5949222640922187, -4.12804079894517, -2.4546175118016684, -0.2838106629411186, 6.794637305358033, 4.065994643602556, 4.462499248844688, 3.4564096090835332, 0.31735402728050377, 6.74898585666237, 5.281972469686057, -0.7691575220216182, -2.286407148532626, 4.183629379762535, 1.6035171749538752, -1.469550643811846, 3.130694812797553, 0.007403544505064437, 3.052320206430375], [-11.418823791085735, 4.5040565865936575, 5.407052391628528, 7.239838433146772, 13.172962114494466, 25.109455329344282, 18.484372488016415, 11.667876150447093, 4.390756509318152, 1.930625772006699, 0.9895022241151767, 1.504654646877047, 0.3861048437967922, 1.298490535319098, -0.48234645366915585, -1.3269023462321177, -1.2423489540248427, 3.206331307262993, 0.7815807609625648, -0.9872396635575911, -2.4108391811530674, -4.575641773879518, -1.9832256614749721, 1.5577934396180741, 1.8851899510398475, -0.5361083820828634, -1.4727635260052294, -4.110234392640473, -0.7983845697017838, 1.3672312902483639, 2.275016483048372, 4.219764723542078, 0.2971388221539062, 1.8834389889020087, 1.4576134503488583, 7.526513733192854, 7.9703476710569445, 5.606025517278078, 3.5980634901518767, 3.3382527168408207, 4.184314694315732, 2.705587380054787, 3.9336471517730915, 2.189647058974936, 2.535433284663828], [-15.93039149721044, 6.604063165243208, 7.849186703780208, 8.523629270321273, 16.52265624585281, 18.484372488016415, 29.167981870487242, 15.591632943895533, 5.880996612176227, 2.7452178586380587, 2.0388810187057183, 2.166601211334983, 0.6376424279368539, -2.639618186397519, -1.6979414266776025, -0.5447933353851367, -0.4272271915898084, 3.772174166205345, -0.29394668865707413, -2.1495689834738, -5.122897123889092, -3.2560330425087134, -3.7566740405669403, 1.1311255361974508, 1.9470653130149438, -1.9855394392677659, -3.846864526472283, -2.1812445714074804, -2.903685104558032, 0.23174405204465276, 2.13138575213544, -0.0786438734358374, 3.907812373406081, -0.1808846059937516, -0.050966001336950846, 6.136333227601653, 9.66743921066976, 0.7731494442281795, 0.27358883813825036, 10.003383271268197, 7.176366789243111, 2.339008464188881, 3.806687981188131, 1.1828621501562857, 3.234370259540051], [-13.321891373932608, 4.9298102432005315, 5.991700836277187, 7.1724854299668594, 12.617583201426177, 11.667876150447093, 15.591632943895533, 20.366291553799684, 5.240104224367384, 2.4380382352698367, 1.7409802044023281, 1.5111623209357246, -0.11592104347561752, -5.268119709844482, -3.5701153512026487, -0.4522372472411053, 0.23260597612883294, 2.6297504657350665, -1.1851740991168944, -2.641141020018683, -3.8740847954641473, -5.423313561330492, -0.7859840260728898, 0.5049220968168766, 1.525353784505323, -1.8021165468430367, -1.158140659874209, -3.465867548595146, 1.0517127516800564, -0.3956652422651979, 1.184448604491765, 0.29379951269073906, -1.4832531573043128, 3.9776518019038005, -1.0733395240876213, 6.984393181869705, 6.454944742923286, 5.122823949569781, -1.6367413939074371, 4.121740146025225, 7.780518326991248, -0.9934846223864328, 7.016831593665968, 1.7852378151663646, 2.6504408226155007], [-3.4983145724933813, 3.252120153501938, 2.924755724260587, 2.532050123379277, 4.7481405741074445, 4.390756509318152, 5.880996612176227, 5.240104224367384, 11.63732798279745, 0.7340729552703696, 2.189550205275571, 1.6485680330538137, 0.5195669614033329, -3.0805235312204142, -1.8840551124998273, 0.09260483366580363, 1.2133188340182293, 0.44512442149742665, -1.8741239652935324, -2.1699555693714037, -1.4488862553692938, -2.5935675814287915, -2.120966890559813, 3.0817724507947326, 0.02241131099647011, -1.557832830250303, 0.5855383995881481, -1.0083942771042371, -1.2947067745926064, 3.0594566707879918, 0.0339497045995436, 1.201293713742768, -0.16485214245684293, -0.789055326317989, 4.555709339913813, 4.69146870591427, 5.728837589191059, 1.2564571976717163, 3.9680333154368586, 2.885050858939489, 1.629150354061287, 5.603853382663502, 1.1491602502555962, 4.593702487954843, 2.7101573083747517], [-7.44034356529834, 0.8559713461960355, 3.026745497446233, 3.0062618405974866, 2.863274848110445, 1.930625772006699, 2.7452178586380587, 2.4380382352698367, 0.7340729552703696, 2.2416557864934643, -0.3491305476392263, -0.6979080316339119, -1.7554789829668833, -2.7350364632206294, -3.07439370903913, -1.8231757519904466, -0.4793534051508111, 1.4782602808268854, 1.139621694872155, 0.599276255867437, -0.9573301406903939, -0.5730200526794165, 0.036298494422199956, 0.673884185316276, 1.1683841608194927, 0.9364391688149701, 0.032023368457563435, 0.23757822254543212, 0.5832659243967676, 0.22200779598112114, 0.6501905073722583, -1.2339853701922516, -0.8585526499686651, -0.08338149302285394, -0.5216379070650609, 1.3769055749034014, 0.20155265993690563, -1.263577212944734, -1.7560904599775078, 0.7176646423135341, 0.049081272916144676, -1.1911714894300698, 0.899568562165997, -0.16779651824966516, 0.8603236890181003], [2.9130062019043086, 6.23939724687179, -0.01216501987921966, -0.12935916877310885, 2.1162859700821577, 0.9895022241151767, 2.0388810187057183, 1.7409802044023281, 2.189550205275571, -0.3491305476392263, 5.055005770422773, 3.690411802151955, 4.052306324086502, 0.4825770502632107, 2.079815186870451, 2.5439041910277997, 2.2098160553752404, -1.9816089631111915, -3.5806818595527763, -3.1139340485892117, -0.9645530452001638, -1.93432907456199, -2.075535758166719, -0.9766446839344315, -1.144920900993816, -1.7622237870330155, 0.4248730237390722, -0.28487109978932557, -0.9619369716041609, -0.47962839750334235, -0.1638042299941526, 1.907659913245366, 1.5379445327333712, 0.36658394492962043, 0.23522371627864552, 1.364421334939634, 3.205709580317709, 2.213386159700668, 1.1151867621798126, 1.724788759634879, 1.933638698041753, 0.9919409828097899, 0.4623129715486298, 0.35249560345483294, 0.11803892349241676], [6.024568405727649, 6.680988560491911, -1.7302861968673844, -0.6120699976783028, 1.6358844701880542, 1.504654646877047, 2.166601211334983, 1.5111623209357246, 1.6485680330538137, -0.6979080316339119, 3.690411802151955, 5.124174047853441, 6.193716924149244, 4.211838859273895, 5.82160667574624, 4.8579591307278225, 2.079892850374845, -2.065884531882691, -3.78210804785116, -2.713116198860748, 0.12296560690452187, -0.8410453280961198, -1.6023322068375614, -0.8082129828889025, -2.139966286316501, -2.969083642183115, -0.27990386150763347, -1.183410712703988, -1.8397794474096743, -0.5925996384256749, -0.6295129186738628, 2.395418239763399, 1.9042743764380785, 0.23979036616865917, 0.4231228310022424, 1.1620187854591668, 4.022805405595675, 3.088303924248717, 1.6983900399808511, 1.9346964852021353, 2.3222330812665426, 1.3560726567623504, 0.10094994014952845, 0.3682901935937947, -0.28772769369693973], [13.37930957776817, 8.042277830364549, -4.566162287536749, -3.1616002388660327, -0.16640769153545978, 0.3861048437967922, 0.6376424279368539, -0.11592104347561752, 0.5195669614033329, -1.7554789829668833, 4.052306324086502, 6.193716924149244, 11.164310800106245, 10.338441118109872, 13.00797784120522, 9.153430199119613, 2.5926441162466194, -3.634968665297641, -4.632896593878635, -3.533670450392686, 1.5703025077275952, 0.007689449319244961, -1.4878597841538983, -1.101315769470263, -3.2781013426181937, -3.709905468802824, 0.9835151709802764, -0.1997627767604946, -1.7123528489115796, -0.5354894408145913, -2.068674750752256, 2.9394213038977455, 1.8668036342040053, -0.2537386981462434, 0.48330265508706394, 0.5005658501743026, 5.131994660413764, 4.847689906945524, 2.4136048299500485, 1.8293793910394667, 2.927511977018828, 1.6368228761078034, -0.6979266391717874, 0.19137315960303775, -1.2239267032383643], [20.59584475621698, 4.925586490304689, -8.006208022185568, -6.096465392433136, -5.7313070829689785, 1.298490535319098, -2.639618186397519, -5.268119709844482, -3.0805235312204142, -2.7350364632206294, 0.4825770502632107, 4.211838859273895, 10.338441118109872, 23.907500217996628, 20.78489341589939, 9.12232309956831, 0.3017371710058345, -3.871837684289508, -2.869119105206429, -1.207808250777802, 0.6219970945688431, 1.248427923452224, 0.9646665944074494, -0.47546862676459895, -3.6201651050110915, -1.661795032893767, 0.1757432243261947, 1.2726433477136834, 0.3714147187211305, 0.2799274839476998, -1.6489361661948052, 3.144444150995395, 3.9408364923778585, 1.7123260894507097, 1.334212434707566, -1.9643701492440353, 3.8568721885869586, 4.719770826238163, 3.1849497545993755, 1.1678686627778503, 3.4465954897852127, 2.2467992359235818, -1.2690053507920867, 0.36492307718861866, -2.455034067482581], [22.517642355339145, 7.161493482533316, -8.433682800194845, -6.379345333342282, -4.964581635733841, -0.48234645366915585, -1.6979414266776025, -3.5701153512026487, -1.8840551124998273, -3.07439370903913, 2.079815186870451, 5.82160667574624, 13.00797784120522, 20.78489341589939, 23.53111020808939, 13.32176309903327, 2.3517322854596747, -4.79444645753454, -4.170644108072884, -2.34424270474819, 2.450594917471133, 0.7292429509713563, -0.5118172308512453, -1.2233643712173612, -4.292473150726318, -2.725373320033181, 1.7119083016978498, 0.564190284080068, -1.0199475715955055, -0.31346798996767106, -2.1243766569026903, 4.711821080879743, 3.2722186406557325, 0.8125002449901911, 1.091966842809097, -0.6884684862196646, 5.357223055089636, 6.198152954612971, 3.318235707195396, 0.6776707492042079, 2.727554972339857, 1.9654976969901152, -1.7848844244029225, 0.12436566038719188, -2.5358924833382397], [13.290917584873974, 6.157358933576221, -4.741941302651573, -3.3776967185003066, -1.8123460082460143, -1.3269023462321177, -0.5447933353851367, -0.4522372472411053, 0.09260483366580363, -1.8231757519904466, 2.5439041910277997, 4.8579591307278225, 9.153430199119613, 9.12232309956831, 13.32176309903327, 10.436878600900007, 2.931638942311536, -3.218442910008638, -3.449227664945789, -2.1483331748059524, 2.4682897406518145, 0.47026289077093403, -1.4706556014850258, -1.181843253440393, -2.8921602229021453, -2.425125761208064, 1.7371894135352681, 0.2366913589918254, -1.8250200719276946, -0.6318256967561838, -1.4519350739795411, 3.3112447099939653, 2.136965934328163, -0.6444617259019172, 0.36977468940628033, 0.2638796900889748, 4.497669616363709, 3.503455795963205, 1.7129521982170794, 1.2411197607528464, 1.1237319872363978, 1.008367421185966, -1.6717876473361821, -0.27539236847793674, -1.350368375692944], [3.2246802629731985, 2.3635668348166985, -0.7590218011183739, -0.6920236521429002, -0.3070609564022182, -1.2423489540248427, -0.4272271915898084, 0.23260597612883294, 1.2133188340182293, -0.4793534051508111, 2.2098160553752404, 2.079892850374845, 2.5926441162466194, 0.3017371710058345, 2.3517322854596747, 2.931638942311536, 2.8067830515664034, -1.3433707659673004, -1.7569747582021535, -1.0024585550854075, 1.1122073704917292, 0.18154626414146247, -0.7466200199102176, -1.1025053008381298, -0.9525894575944645, -0.91368069788372, 0.9026577478443308, 0.17478400952378, -0.6733778492544196, -0.9512880669694593, -0.5167444345230654, 0.7177458121965228, 0.22547736691230985, -0.3931197951089148, -0.8409740841572471, 0.026112086456444784, 1.0339752883408178, 1.0384734291177407, -0.43765382982835255, 0.27945602580014256, 0.3450162043557961, -0.8243589186656946, -0.3983326332787596, -0.8230678827923045, -0.49007814773108], [-13.34086963881376, -1.0282239648360634, 6.626912582988629, 3.2559026057091067, 3.5337041200773736, 3.206331307262993, 3.772174166205345, 2.6297504657350665, 0.44512442149742665, 1.4782602808268854, -1.9816089631111915, -2.065884531882691, -3.634968665297641, -3.871837684289508, -4.79444645753454, -3.218442910008638, -1.3433707659673004, 6.574280287461985, 5.779284456702042, 4.821350605981021, -2.520234581231385, -0.20272969201042262, 1.927051986431373, 3.1427091738549966, 3.0243906467452075, 2.9052576661927527, -1.8212112874577069, -0.7920437018519495, 0.9285656546533693, 1.123840641731929, 1.7748543029385875, -2.650169112625496, -1.528643125245808, 0.26794747152354126, -0.298464162817848, 2.7678205470352, -0.3822238175156868, -3.4551081201363285, -3.3758275171586094, 0.48821570840630996, -0.5462528065665782, -1.8164322018559635, 1.4210263557198726, 0.2182576504762304, 1.5717680466107775], [-11.394134642294702, -3.823658933700529, 4.976422951108649, 4.502593408714902, -0.9205085346759335, 0.7815807609625648, -0.29394668865707413, -1.1851740991168944, -1.8741239652935324, 1.139621694872155, -3.5806818595527763, -3.78210804785116, -4.632896593878635, -2.869119105206429, -4.170644108072884, -3.449227664945789, -1.7569747582021535, 5.779284456702042, 10.469953003077922, 7.294174143230217, -0.4481521872130481, 2.3084311574869023, 4.037076802800015, 3.3018660227446053, 4.978429057127135, 6.3370963035624355, -2.136654772648973, 0.49061280107431665, 3.148837974181202, 2.648380536655086, 1.781490819854038, -3.6571563237284805, -2.4027988122507096, 0.17898136113649915, -0.24545224201839028, 1.6080361973850805, -2.3383386939982964, -4.805224207418866, -3.988867363429469, -1.2124742668250426, -2.210906078815835, -2.4673112530655397, 0.551377395372614, -0.04507356050199591, 1.0625663169024158], [-6.362540822427799, -3.2242810676749554, 5.110477100937514, -1.2778564924713192, 0.3319927756694858, -0.9872396635575911, -2.1495689834738, -2.641141020018683, -2.1699555693714037, 0.599276255867437, -3.1139340485892117, -2.713116198860748, -3.533670450392686, -1.207808250777802, -2.34424270474819, -2.1483331748059524, -1.0024585550854075, 4.821350605981021, 7.294174143230217, 11.53258436570617, 4.199857158019857, 7.233139589076944, 6.430870682440326, 2.967837353382492, 1.9860196518338342, 4.761103422829662, -2.2769329227140664, -0.6762559695158167, 1.1256943792301042, 0.8698374381397866, 2.544638931761162, -3.507559931492674, -1.484250512642676, 1.1615252801613767, 0.5210612828471842, 1.9316319489451717, -0.5081895026791395, -3.4213694957663776, -4.192388489402742, -0.8588189468758219, -1.3358338515239658, -2.833190109641736, 0.12190104544489984, -0.4882444480430023, 0.27984113792041876], [10.832017793790554, -2.322025310413431, 1.352588479364281, -5.115010159400405, -5.5278235416572805, -2.4108391811530674, -5.122897123889092, -3.8740847954641473, -1.4488862553692938, -0.9573301406903939, -0.9645530452001638, 0.12296560690452187, 1.5703025077275952, 0.6219970945688431, 2.450594917471133, 2.4682897406518145, 1.1122073704917292, -2.520234581231385, -0.4481521872130481, 4.199857158019857, 19.583284634580004, 14.098042770963948, 4.725209538508701, -1.5144877329613065, -2.9472153698365107, -3.8035883996376594, 0.7143099378121096, -2.3371245344010676, -2.961222626267931, -1.5302927743157926, -2.781797324869289, 2.068692721581484, -0.9028557409680459, -1.9042164498059075, -1.0003525351401779, -1.4857291668952592, 2.703988620613126, 3.526798134434518, 0.9004170843555527, -0.10337645976831458, 0.021697104731326453, -1.1932197330547631, -1.8662479028394594, -1.4399996665130175, -1.8447593336461672], [6.9975181975959355, -3.0126676261307286, 3.2977905377880252, -5.188907322264483, -6.463222580766923, -4.575641773879518, -3.2560330425087134, -5.423313561330492, -2.5935675814287915, -0.5730200526794165, -1.93432907456199, -0.8410453280961198, 0.007689449319244961, 1.248427923452224, 0.7292429509713563, 0.47026289077093403, 0.18154626414146247, -0.20272969201042262, 2.3084311574869023, 7.233139589076944, 14.098042770963948, 17.36638475943597, 8.198908138447646, 0.7046055585237967, -2.1054449148630447, -2.3461461532628647, -2.3651739798351232, -0.5026781781292, -1.6366077632506697, -0.8623179561380558, -2.1713201935135396, -1.37615036149641, 0.16207649573317925, -1.3040871660089397, -0.9677070379635198, -0.2857465618530756, 0.8010857630795873, 0.8614200504232451, -1.5654554390206752, -0.17232834811514908, 0.736118029028319, -0.7124873836260746, -1.3131113691536036, -1.2413359711431557, -1.499914167588736], [0.20505671210913615, -2.6748898905138505, 3.0948583135479595, -2.6336968813067045, -4.129857979146981, -1.9832256614749721, -3.7566740405669403, -0.7859840260728898, -2.120966890559813, 0.036298494422199956, -2.075535758166719, -1.6023322068375614, -1.4878597841538983, 0.9646665944074494, -0.5118172308512453, -1.4706556014850258, -0.7466200199102176, 1.927051986431373, 4.037076802800015, 6.430870682440326, 4.725209538508701, 8.198908138447646, 8.895650080671922, 2.2750968949158743, 0.014376519846913434, 0.5450526180857195, -2.1028205373629008, -0.7706116617338169, 2.1516835666966228, 0.3766661239318009, -0.5040928175654282, -2.096940865620278, -1.3480710657634674, 1.700730804555503, -0.3640337376896195, 0.5899744040325544, -0.032324164639462104, -1.3147020011956991, -2.2153403733852537, -0.6283463821083025, 0.11963283422370541, -1.5403774106020411, 0.8033167308708311, 0.6474223592990599, -0.42631412802160745], [-4.972437564056063, 0.31788772284677613, 2.757291979563158, 0.7250078675856605, 0.7034967899732034, 1.5577934396180741, 1.1311255361974508, 0.5049220968168766, 3.0817724507947326, 0.673884185316276, -0.9766446839344315, -0.8082129828889025, -1.101315769470263, -0.47546862676459895, -1.2233643712173612, -1.181843253440393, -1.1025053008381298, 3.1427091738549966, 3.3018660227446053, 2.967837353382492, -1.5144877329613065, 0.7046055585237967, 2.2750968949158743, 5.038938338881124, 1.3652486416437548, 1.6176863138187574, -0.940616293202821, -0.041823537126760166, 1.0177097348994666, 2.821230370699978, 0.8696500659726928, -0.9878550972749428, -0.3274407951762724, 0.667648493669687, 2.105101478492592, 2.491190479762629, 1.4400247896294869, -1.199246390008914, -2.1536560926201664, 0.7641197956007204, 0.516970991120249, -0.13748432148808817, 0.9897270355686465, 1.6965533952002319, 1.9393699885597042], [-11.677229215796379, -0.807916252159989, 2.3420403056312367, 6.448267874989006, 2.306240323562625, 1.8851899510398475, 1.9470653130149438, 1.525353784505323, 0.02241131099647011, 1.1683841608194927, -1.144920900993816, -2.139966286316501, -3.2781013426181937, -3.6201651050110915, -4.292473150726318, -2.8921602229021453, -0.9525894575944645, 3.0243906467452075, 4.978429057127135, 1.9860196518338342, -2.9472153698365107, -2.1054449148630447, 0.014376519846913434, 1.3652486416437548, 5.468387600711663, 5.949657507307021, 1.0529277859765915, 2.717528374636542, 3.7211929211719825, 1.8999046635196584, 1.3652714260894112, -3.06424658278493, -2.2348547195678132, -0.16151349961819997, -0.4505183971494042, 1.6104347071454408, -1.5189442442046424, -3.83873495363116, -2.9978323480393865, -0.2665352419233296, -1.4565092968240414, -1.8303393849563032, 0.854391743012611, 0.023020247326257542, 1.2578446586641132], [-8.489803872390047, -1.207092665740335, -0.3913746682138373, 6.0201125220816145, 1.9555804473476388, -0.5361083820828634, -1.9855394392677659, -1.8021165468430367, -1.557832830250303, 0.9364391688149701, -1.7622237870330155, -2.969083642183115, -3.709905468802824, -1.661795032893767, -2.725373320033181, -2.425125761208064, -0.91368069788372, 2.9052576661927527, 6.3370963035624355, 4.761103422829662, -3.8035883996376594, -2.3461461532628647, 0.5450526180857195, 1.6176863138187574, 5.949657507307021, 12.123308881480117, 4.5819758542010955, 7.450583678523322, 7.18299327069877, 2.5910663540887473, 4.145431090247934, -1.974898321438025, 0.091020085570429, 2.4528581098979054, 0.49758364806093786, 2.349147042729268, -0.8099321425961867, -4.498983876354035, -4.120603930535253, -0.6284288024344231, -1.7252224555281608, -2.545808861099174, 0.5194989796295065, -0.1257622066939309, 0.8576546631237413], [5.935727241943289, 0.8863095881093345, -1.8591285706804264, 3.3145359514659867, -2.5949222640922187, -1.4727635260052294, -3.846864526472283, -1.158140659874209, 0.5855383995881481, 0.032023368457563435, 0.4248730237390722, -0.27990386150763347, 0.9835151709802764, 0.1757432243261947, 1.7119083016978498, 1.7371894135352681, 0.9026577478443308, -1.8212112874577069, -2.136654772648973, -2.2769329227140664, 0.7143099378121096, -2.3651739798351232, -2.1028205373629008, -0.940616293202821, 1.0529277859765915, 4.5819758542010955, 18.308869850540447, 13.369535843388032, 4.786047959394394, -0.5502281106592045, -1.7296998267527872, 2.538844879053038, -0.9716875975702282, -1.6001201856486966, -0.4450204072766815, 1.9656722202392083, 4.413996183101545, 3.3129485893985513, 1.0507447834356682, 0.7027836283600858, 0.6889213548994119, 0.18156763927286432, -0.6931747502019675, -0.14746309825864248, -0.4139792842134203], [3.106733685419526, 0.3643481415727386, -2.2159193839443625, 4.290622087454727, -4.12804079894517, -4.110234392640473, -2.1812445714074804, -3.465867548595146, -1.0083942771042371, 0.23757822254543212, -0.28487109978932557, -1.183410712703988, -0.1997627767604946, 1.2726433477136834, 0.564190284080068, 0.2366913589918254, 0.17478400952378, -0.7920437018519495, 0.49061280107431665, -0.6762559695158167, -2.3371245344010676, -0.5026781781292, -0.7706116617338169, -0.041823537126760166, 2.717528374636542, 7.450583678523322, 13.369535843388032, 16.60770841121286, 8.238090694653891, 1.2050853722665296, -1.245020566136575, -2.030671948774395, 1.075295876151925, -1.1854442451893898, -0.48705202654289176, 0.6455011670319167, 2.8087282040239376, -1.0368130401600086, -1.195894986094249, 2.679867632405612, 1.8132729376299206, 0.2885595834717154, -0.5919959912281209, -0.23430918905803455, -0.2923648124949963], [-2.813117327217624, -0.5759570222365449, -1.2395347635899834, 4.215983243304064, -2.4546175118016684, -0.7983845697017838, -2.903685104558032, 1.0517127516800564, -1.2947067745926064, 0.5832659243967676, -0.9619369716041609, -1.8397794474096743, -1.7123528489115796, 0.3714147187211305, -1.0199475715955055, -1.8250200719276946, -0.6733778492544196, 0.9285656546533693, 3.148837974181202, 1.1256943792301042, -2.961222626267931, -1.6366077632506697, 2.1516835666966228, 1.0177097348994666, 3.7211929211719825, 7.18299327069877, 4.786047959394394, 8.238090694653891, 9.431963701560527, 2.40858198672976, 0.07662960814098713, -2.84763876941989, -1.9617003213822037, 2.8731802559433675, -0.2542935233744957, 1.764847818443602, 0.235083969665284, -0.2372763930139865, -2.3416949695008866, -0.2876926001613859, 2.0933180645786, -1.4101850587756748, 2.6142355459516944, 1.0162121712480503, 0.2854040072877939], [-2.4003924076793144, 0.33038885603152784, -0.29292705023398086, 1.7831272406665541, -0.2838106629411186, 1.3672312902483639, 0.23174405204465276, -0.3956652422651979, 3.0594566707879918, 0.22200779598112114, -0.47962839750334235, -0.5925996384256749, -0.5354894408145913, 0.2799274839476998, -0.31346798996767106, -0.6318256967561838, -0.9512880669694593, 1.123840641731929, 2.648380536655086, 0.8698374381397866, -1.5302927743157926, -0.8623179561380558, 0.3766661239318009, 2.821230370699978, 1.8999046635196584, 2.5910663540887473, -0.5502281106592045, 1.2050853722665296, 2.40858198672976, 4.199104725512984, 0.38222341794200043, -0.7825521005954004, -0.40758017015424614, 0.2940160535645672, 3.2419725233148475, 1.7077855700518398, 1.225526368187203, -0.9920026063928183, 0.8336900443910037, 0.41481968574108247, -0.050033302894052216, 2.280368667657488, 0.4116419293200715, 2.786855796976366, 1.4532094537168438], [-5.441541555914361, 1.2860478843719687, 1.3781283602246668, 1.444880529710128, 6.794637305358033, 2.275016483048372, 2.13138575213544, 1.184448604491765, 0.0339497045995436, 0.6501905073722583, -0.1638042299941526, -0.6295129186738628, -2.068674750752256, -1.6489361661948052, -2.1243766569026903, -1.4519350739795411, -0.5167444345230654, 1.7748543029385875, 1.781490819854038, 2.544638931761162, -2.781797324869289, -2.1713201935135396, -0.5040928175654282, 0.8696500659726928, 1.3652714260894112, 4.145431090247934, -1.7296998267527872, -1.245020566136575, 0.07662960814098713, 0.38222341794200043, 7.010818919915434, 5.012046266808898, 6.704980938553547, 5.1295993989989705, 1.029056776152367, 3.3999898864160887, 2.2900411648534194, -1.7306634703119663, -1.8902749990483554, 1.2598896183818966, 0.1251190075327154, -0.8705229614890363, 0.9508797100028875, 0.30013292815133497, 0.9862920539184481], [14.257100766046909, 3.5664440348020716, -1.6851182637251323, -2.4124480826514056, 4.065994643602556, 4.219764723542078, -0.0786438734358374, 0.29379951269073906, 1.201293713742768, -1.2339853701922516, 1.907659913245366, 2.395418239763399, 2.9394213038977455, 3.144444150995395, 4.711821080879743, 3.3112447099939653, 0.7177458121965228, -2.650169112625496, -3.6571563237284805, -3.507559931492674, 2.068692721581484, -1.37615036149641, -2.096940865620278, -0.9878550972749428, -3.06424658278493, -1.974898321438025, 2.538844879053038, -2.030671948774395, -2.847638