{
    "name": "Total Decomposition",
    "rational_expression": "14379*x1**4/5000 + 3757*x1**3*x2/1000 + 271*x1**3*x3/200 - 11343*x1**3*x4/5000 + 12221*x1**3*x5/5000 + 14571*x1**3*x6/5000 + 2427*x1**3*x7/625 - 98171*x1**3*x8/100000 + 54173*x1**3/10000 + 23003*x1**2*x2**2/2500 + 2006*x1**2*x2*x3/125 + 79737*x1**2*x2*x4/10000 + 10481*x1**2*x2*x5/1000 + 7683*x1**2*x2*x6/1250 + 1019*x1**2*x2*x7/400 - 21743*x1**2*x2*x8/5000 + 14493*x1**2*x2/1000 + 3729*x1**2*x3**2/200 + 32933*x1**2*x3*x4/1000 + 14107*x1**2*x3*x5/1000 + 19853*x1**2*x3*x6/5000 - 32619*x1**2*x3*x7/10000 - 33607*x1**2*x3*x8/5000 + 17669*x1**2*x3/1000 + 24389*x1**2*x4**2/1000 + 5521*x1**2*x4*x5/500 + 83601*x1**2*x4*x6/100000 - 39991*x1**2*x4*x7/5000 - 14467*x1**2*x4*x8/2500 + 12983*x1**2*x4/1000 + 10987*x1**2*x5**2/1250 + 81873*x1**2*x5*x6/10000 + 23807*x1**2*x5*x7/5000 - 8257*x1**2*x5*x8/2000 + 3043*x1**2*x5/200 + 67273*x1**2*x6**2/10000 + 77781*x1**2*x6*x7/10000 - 12409*x1**2*x6*x8/5000 + 11203*x1**2*x6/1000 + 5113*x1**2*x7**2/625 - 246*x1**2*x7*x8/125 + 1398*x1**2*x7/125 + 227*x1**2*x8**2/50 + 25521*x1**2*x8/5000 - 7773*x1**2/5000 + 33847*x1*x2**3/10000 + 69*x1*x2**2*x3/40 - 12143*x1*x2**2*x4/5000 + 13023*x1*x2**2*x5/5000 + 14261*x1*x2**2*x6/5000 + 32661*x1*x2**2*x7/10000 - 13329*x1*x2**2*x8/10000 + 7337*x1*x2**2/1250 + 16537*x1*x2*x3**2/2500 + 3581*x1*x2*x3*x4/250 + 17319*x1*x2*x3*x5/20000 - 33973*x1*x2*x3*x6/10000 - 45409*x1*x2*x3*x7/10000 + 29931*x1*x2*x3*x8/10000 + 1829*x1*x2*x3/500 + 3523*x1*x2*x4**2/200 + 9381*x1*x2*x4*x5/5000 - 69727*x1*x2*x4*x6/10000 - 19431*x1*x2*x4*x7/2000 + 62613*x1*x2*x4*x8/10000 + 18149*x1*x2*x4/5000 + 8803*x1*x2*x5**2/2500 - 19831*x1*x2*x5*x6/100000 - 38913*x1*x2*x5*x7/100000 + 36111*x1*x2*x5*x8/100000 - 37163*x1*x2*x5/10000 + 6071*x1*x2*x6**2/1250 + 5367*x1*x2*x6*x7/2000 - 18733*x1*x2*x6*x8/10000 - 1539*x1*x2*x6/400 + 49797*x1*x2*x7**2/10000 - 15709*x1*x2*x7*x8/5000 - 5013*x1*x2*x7/1250 + 55401*x1*x2*x8**2/10000 + 3413*x1*x2*x8/1000 + 12719*x1*x2/1000 + 52729*x1*x3**3/10000 + 6453*x1*x3**2*x4/500 + 77189*x1*x3**2*x5/10000 + 3513*x1*x3**2*x6/2500 + 11337*x1*x3**2*x7/125000 + 11233*x1*x3**2*x8/2500 + 5227*x1*x3**2/500 + 14453*x1*x3*x4**2/1000 + 8191*x1*x3*x4*x5/500 + 40823*x1*x3*x4*x6/100000 - 1657*x1*x3*x4*x7/625 + 1651*x1*x3*x4*x8/125 + 8723*x1*x3*x4/500 + 9281*x1*x3*x5**2/5000 - 4304*x1*x3*x5*x6/625 - 20621*x1*x3*x5*x7/2500 + 29621*x1*x3*x5*x8/5000 - 8371*x1*x3*x5/2500 - 3137*x1*x3*x6**2/2500 - 33659*x1*x3*x6*x7/5000 + 1517*x1*x3*x6*x8/625 - 10497*x1*x3*x6/2000 - 2213*x1*x3*x7**2/1000 - 24231*x1*x3*x7*x8/250000 - 15009*x1*x3*x7/2000 + 467*x1*x3*x8**2/200 - 911*x1*x3*x8/400 + 13913*x1*x3/500 - 40389*x1*x4**3/100000 + 3359*x1*x4**2*x5/250 + 13747*x1*x4**2*x6/2500 + 33943*x1*x4**2*x7/5000 + 12849*x1*x4**2*x8/2000 + 4149*x1*x4**2/250 - 6307*x1*x4*x5**2/5000 - 107*x1*x4*x5*x6/10 - 3087*x1*x4*x5*x7/250 + 44711*x1*x4*x5*x8/5000 + 73937*x1*x4*x5/100000 - 8877*x1*x4*x6**2/1250 - 2579*x1*x4*x6*x7/200 + 11483*x1*x4*x6*x8/2000 - 14009*x1*x4*x6/10000 - 19551*x1*x4*x7**2/2000 + 34981*x1*x4*x7*x8/10000 - 4271*x1*x4*x7/625 - 5801*x1*x4*x8**2/2000 - 17413*x1*x4*x8/2000 + 32173*x1*x4/1000 + 10359*x1*x5**3/5000 + 17579*x1*x5**2*x6/10000 + 27753*x1*x5**2*x7/10000 - 59093*x1*x5**2*x8/1000000 + 35829*x1*x5**2/50000 + 42809*x1*x5*x6**2/10000 + 44721*x1*x5*x6*x7/10000 - 20621*x1*x5*x6*x8/10000 - 30323*x1*x5*x6/5000 + 53229*x1*x5*x7**2/10000 - 3737*x1*x5*x7*x8/1000 - 29867*x1*x5*x7/5000 + 41503*x1*x5*x8**2/10000 + 21437*x1*x5*x8/10000 + 3807*x1*x5/250 + 38133*x1*x6**3/10000 + 20111*x1*x6**2*x7/2500 - 3099*x1*x6**2*x8/1000 + 36329*x1*x6**2/10000 + 44297*x1*x6*x7**2/5000 - 15247*x1*x6*x7*x8/2500 - 28693*x1*x6*x7/10000 + 46171*x1*x6*x8**2/10000 + 25667*x1*x6*x8/10000 + 622*x1*x6/3125 + 62823*x1*x7**3/10000 - 46421*x1*x7**2*x8/10000 + 12797*x1*x7**2/2000 + 28897*x1*x7*x8**2/5000 + 4363*x1*x7*x8/1250 - 8219*x1*x7/2000 - 2409*x1*x8**3/2500 + 15533*x1*x8**2/2500 + 12983*x1*x8/1000 - 3487*x1/500 + 9033*x2**4/1250 + 17079*x2**3*x3/1000 + 5543*x2**3*x4/500 + 421*x2**3*x5/40 + 52253*x2**3*x6/10000 + 3211*x2**3*x7/2000 - 1343*x2**3*x8/400 + 3511*x2**3/250 + 203*x2**2*x3**2/8 + 10243*x2**2*x3*x4/250 + 3239*x2**2*x3*x5/200 + 5997*x2**2*x3*x6/2000 - 24021*x2**2*x3*x7/10000 - 329*x2**2*x3*x8/250 + 23197*x2**2*x3/1000 + 18437*x2**2*x4**2/500 + 13349*x2**2*x4*x5/1000 - 18649*x2**2*x4*x6/10000 - 31949*x2**2*x4*x7/5000 + 22223*x2**2*x4*x8/5000 + 18133*x2**2*x4/1000 + 3367*x2**2*x5**2/250 + 33927*x2**2*x5*x6/5000 + 36449*x2**2*x5*x7/10000 - 26907*x2**2*x5*x8/10000 + 356*x2**2*x5/25 + 2231*x2**2*x6**2/200 + 3382*x2**2*x6*x7/625 - 34581*x2**2*x6*x8/10000 + 507*x2**2*x6/80 + 2939*x2**2*x7**2/250 - 1266*x2**2*x7*x8/625 + 30989*x2**2*x7/10000 + 12267*x2**2*x8**2/1000 + 36593*x2**2*x8/10000 + 10527*x2**2/1000 + 10443*x2*x3**3/500 + 32387*x2*x3**2*x4/1000 + 17137*x2*x3**2*x5/1000 + 30509*x2*x3**2*x6/10000 + 2073*x2*x3**2*x7/10000 + 39827*x2*x3**2*x8/5000 + 22569*x2*x3**2/1000 + 40489*x2*x3*x4**2/1000 + 2999*x2*x3*x4*x5/125 - 10929*x2*x3*x4*x6/50000 + 1677*x2*x3*x4*x7/1000 + 28299*x2*x3*x4*x8/1000 + 2853*x2*x3*x4/125 + 8399*x2*x3*x5**2/500 - 97379*x2*x3*x5*x6/10000 - 39901*x2*x3*x5*x7/5000 + 5893*x2*x3*x5*x8/500 - 3271*x2*x3*x5/25000 + 13547*x2*x3*x6**2/1000 - 5784*x2*x3*x6*x7/625 + 7737*x2*x3*x6*x8/2500 - 7313*x2*x3*x6/500 + 1913*x2*x3*x7**2/125 + 37651*x2*x3*x7*x8/10000 - 3559*x2*x3*x7/200 + 5353*x2*x3*x8**2/200 + 11713*x2*x3*x8/5000 + 22993*x2*x3/500 + 3737*x2*x4**3/250 + 5917*x2*x4**2*x5/200 + 10133*x2*x4**2*x6/1000 + 82417*x2*x4**2*x7/10000 + 99291*x2*x4**2*x8/10000 + 25147*x2*x4**2/1000 + 6063*x2*x4*x5**2/625 - 17877*x2*x4*x5*x6/1000 - 593*x2*x4*x5*x7/40 + 19721*x2*x4*x5*x8/1000 + 28149*x2*x4*x5/10000 + 19049*x2*x4*x6**2/10000 - 19721*x2*x4*x6*x7/1000 + 10389*x2*x4*x6*x8/1000 - 95201*x2*x4*x6/10000 + 25719*x2*x4*x7**2/10000 + 5641*x2*x4*x7*x8/500 - 8161*x2*x4*x7/500 + 7869*x2*x4*x8**2/500 - 8633*x2*x4*x8/1250 + 55313*x2*x4/1000 + 10263*x2*x5**3/1000 + 50431*x2*x5**2*x6/10000 + 6611*x2*x5**2*x7/5000 - 16983*x2*x5**2*x8/5000 + 11587*x2*x5**2/1250 + 14039*x2*x5*x6**2/1000 + 9229*x2*x5*x6*x7/2500 - 38979*x2*x5*x6*x8/5000 - 5601*x2*x5*x6/500 + 13417*x2*x5*x7**2/1000 - 32733*x2*x5*x7*x8/5000 - 15783*x2*x5*x7/1000 + 9083*x2*x5*x8**2/500 - 7609*x2*x5*x8/50000 + 30951*x2*x5/1000 + 7441*x2*x6**3/1000 + 6317*x2*x6**2*x7/1000 - 94867*x2*x6**2*x8/10000 + 2873*x2*x6**2/250 + 397*x2*x6*x7**2/40 - 12041*x2*x6*x7*x8/1000 - 10111*x2*x6*x7/1000 + 10897*x2*x6*x8**2/1000 - 1971*x2*x6*x8/400 + 21883*x2*x6/2500 + 38683*x2*x7**3/10000 - 10583*x2*x7**2*x8/1000 + 2867*x2*x7**2/250 + 10369*x2*x7*x8**2/2000 - 569*x2*x7*x8/50 + 6183*x2*x7/500 - 36687*x2*x8**3/10000 + 17227*x2*x8**2/1000 + 9119*x2*x8/250 - 5327*x2/200 + 2216*x3**4/125 + 37647*x3**3*x4/1000 + 19819*x3**3*x5/1000 + 10719*x3**3*x6/2000 - 1077*x3**3*x7/3125 + 13597*x3**3*x8/10000 + 20007*x3**3/1000 + 22691*x3**2*x4**2/500 + 31861*x3**2*x4*x5/1000 + 70247*x3**2*x4*x6/10000 + 13741*x3**2*x4*x7/10000 + 6539*x3**2*x4*x8/500 + 13007*x3**2*x4/500 + 6153*x3**2*x5**2/250 + 91431*x3**2*x5*x6/100000 - 14001*x3**2*x5*x7/10000 + 10209*x3**2*x5*x8/1000 + 3237*x3**2*x5/200 + 8039*x3**2*x6**2/500 - 1713*x3**2*x6*x7/500 + 49973*x3**2*x6*x8/10000 - 96673*x3**2*x6/100000 + 9169*x3**2*x7**2/500 + 24397*x3**2*x7*x8/5000 - 9967*x3**2*x7/25000 + 3122*x3**2*x8**2/125 + 8391*x3**2*x8/1000 + 15331*x3**2/500 + 35589*x3*x4**3/1000 + 33041*x3*x4**2*x5/1000 + 1266*x3*x4**2*x6/125 + 97*x3*x4**2*x7/20 + 12719*x3*x4**2*x8/2000 + 28211*x3*x4**2/1000 + 37361*x3*x4*x5**2/1000 - 15219*x3*x4*x5*x6/2000 - 5599*x3*x4*x5*x7/1000 + 27573*x3*x4*x5*x8/1000 + 2199*x3*x4*x5/200 + 11851*x3*x4*x6**2/500 - 14087*x3*x4*x6*x7/1000 + 1752*x3*x4*x6*x8/125 - 1776*x3*x4*x6/125 + 27439*x3*x4*x7**2/1000 + 2759*x3*x4*x7*x8/200 - 2589*x3*x4*x7/200 + 41983*x3*x4*x8**2/1000 + 13577*x3*x4*x8/1000 + 57989*x3*x4/1000 + 1679*x3*x5**3/125 - 22967*x3*x5**2*x6/10000 - 14587*x3*x5**2*x7/2000 - 49463*x3*x5**2*x8/100000 + 13193*x3*x5**2/1000 + 2087*x3*x5*x6**2/200 - 10841*x3*x5*x6*x7/1000 - 2531*x3*x5*x6*x8/1250 - 17847*x3*x5*x6/1000 + 1143*x3*x5*x7**2/100 - 16091*x3*x5*x7*x8/10000 - 10261*x3*x5*x7/500 + 3038*x3*x5*x8**2/125 - 12223*x3*x5*x8/25000 + 55589*x3*x5/1000 + 27167*x3*x6**3/5000 - 32287*x3*x6**2*x7/10000 - 10979*x3*x6**2*x8/1000 + 6241*x3*x6**2/500 + 30409*x3*x6*x7**2/10000 - 1326*x3*x6*x7*x8/125 - 3849*x3*x6*x7/250 + 12129*x3*x6*x8**2/1000 - 15423*x3*x6*x8/2000 + 11641*x3*x6/500 - 38543*x3*x7**3/100000 - 2689*x3*x7**2*x8/200 + 1766*x3*x7**2/125 + 3029*x3*x7*x8**2/1000 - 4713*x3*x7*x8/250 + 3706*x3*x7/125 - 12351*x3*x8**3/2000 + 2482*x3*x8**2/125 + 7283*x3*x8/125 - 15931*x3/500 + 20349*x4**4/1000 + 7307*x4**3*x5/500 + 19707*x4**3*x6/5000 - 2963*x4**3*x7/1000 - 19601*x4**3*x8/5000 + 1877*x4**3/125 + 3856*x4**2*x5**2/125 + 48709*x4**2*x5*x6/5000 + 19981*x4**2*x5*x7/2500 + 72717*x4**2*x5*x8/10000 + 10957*x4**2*x5/500 + 10761*x4**2*x6**2/500 + 46303*x4**2*x6*x7/10000 + 13293*x4**2*x6*x8/5000 + 12331*x4**2*x6/2500 + 25117*x4**2*x7**2/1000 + 1589*x4**2*x7*x8/400 + 5827*x4**2*x7/1000 + 26667*x4**2*x8**2/1000 + 3067*x4**2*x8/200 + 8197*x4**2/500 + 10047*x4*x5**3/1000 - 2959*x4*x5**2*x6/400 - 314*x4*x5**2*x7/25 + 25811*x4*x5**2*x8/10000 + 6337*x4*x5**2/500 + 30471*x4*x5*x6**2/10000 - 3893*x4*x5*x6*x7/200 + 6883*x4*x5*x6*x8/2000 - 5553*x4*x5*x6/500 + 15643*x4*x5*x7**2/5000 + 45473*x4*x5*x7*x8/10000 - 16437*x4*x5*x7/1000 + 18213*x4*x5*x8**2/1000 - 35731*x4*x5*x8/10000 + 10969*x4*x5/200 + 5297*x4*x6**3/2500 - 254*x4*x6**2*x7/25 - 9787*x4*x6**2*x8/1250 + 5199*x4*x6**2/500 - 45221*x4*x6*x7**2/10000 - 46407*x4*x6*x7*x8/10000 - 12393*x4*x6*x7/1000 + 85043*x4*x6*x8**2/10000 - 37041*x4*x6*x8/5000 + 26297*x4*x6/1000 - 25151*x4*x7**3/5000 - 96437*x4*x7**2*x8/10000 + 9103*x4*x7**2/1000 - 18739*x4*x7*x8**2/20000 - 1869*x4*x7*x8/100 + 16231*x4*x7/500 - 27467*x4*x8**3/5000 + 13743*x4*x8**2/1000 + 10039*x4*x8/200 - 22779*x4/1000 + 70111*x5**4/10000 + 331*x5**3*x6/40 + 3177*x5**3*x7/625 - 41191*x5**3*x8/10000 + 2719*x5**3/200 + 297*x5**2*x6**2/20 + 13067*x5**2*x6*x7/1000 - 86623*x5**2*x6*x8/10000 + 8487*x5**2*x6/1250 + 1884*x5**2*x7**2/125 - 36919*x5**2*x7*x8/5000 + 6819*x5**2*x7/2000 + 1559*x5**2*x8**2/125 + 1403*x5**2*x8/625 + 11891*x5**2/1000 + 11903*x5*x6**3/1000 + 8319*x5*x6**2*x7/500 - 1251*x5*x6**2*x8/100 + 8339*x5*x6**2/500 + 20371*x5*x6*x7**2/1000 - 18223*x5*x6*x7*x8/1000 - 51889*x5*x6*x7/10000 + 14267*x5*x6*x8**2/1000 - 55003*x5*x6*x8/10000 - 4859*x5*x6/10000 + 96331*x5*x7**3/10000 - 6743*x5*x7**2*x8/500 + 17277*x5*x7**2/1000 + 93211*x5*x7*x8**2/10000 - 5689*x5*x7*x8/500 + 18781*x5*x7/10000 - 17627*x5*x8**3/5000 + 5463*x5*x8**2/250 + 9561*x5*x8/250 - 8651*x5/250 + 54779*x6**4/10000 + 99601*x6**3*x7/10000 - 5359*x6**3*x8/1250 + 323*x6**3/25 + 16513*x6**2*x7**2/1000 - 98607*x6**2*x7*x8/10000 + 1714*x6**2*x7/125 + 1869*x6**2*x8**2/250 - 14289*x6**2*x8/5000 - 79411*x6**2/10000 + 1443*x6*x7**3/125 - 11297*x6*x7**2*x8/1000 + 3291*x6*x7**2/200 + 96713*x6*x7*x8**2/10000 - 57*x6*x7*x8/5 - 10487*x6*x7/1000 - 7031*x6*x8**3/5000 + 4849*x6*x8**2/250 + 2057*x6*x8/125 - 34353*x6/1000 + 32829*x7**4/5000 - 19821*x7**3*x8/5000 + 2651*x7**3/200 + 4013*x7**2*x8**2/500 - 10447*x7**2*x8/5000 - 2629*x7**2/250 - 14097*x7*x8**3/20000 + 4643*x7*x8**2/250 + 76613*x7*x8/10000 - 33237*x7/1000 + 22491*x8**4/10000 + 17041*x8**3/10000 + 7803*x8**2/125000 + 37339*x8/10000 + 31117/500",
    "Q": "[[62.23353082624947, 1.8488956101088483, -16.594716064322597, -17.161236916459206, -17.279020530129483, -11.41882379288513, -15.930391499412195, -13.32189137545492, -3.4983145730285266, -7.440343566039972, 2.9130062023402514, 6.024568406096695, 13.379309578512693, 20.595844756936692, 22.517642356208153, 13.290917585370602, 3.224680263159587, -13.34086964032805, -11.394134643756752, -6.362540823703163, 10.83201779446064, 6.997518197767459, 0.20505671149489102, -4.972437564852454, -11.677229217172584, -8.48980387297315, 5.9357272429994135, 3.1067336861890795, -2.813117327376098, -2.4003924079551933, -5.441541556198196, 14.25710076945751, 11.254729110561726, 2.8639983772234894, 2.848939117734698, -4.372369315118414, 10.52321782054603, 16.023443823189453, 11.70865065840173, 0.7510461820138342, 7.389415830255195, 8.040618842392293, -4.886075205362804, 1.100327390936105, -6.597784275012958], [1.8488956101088483, 14.995442906370641, 0.9115737552400363, 2.1939945897008095, 5.747784625717414, 4.504056586403016, 6.6040631651023105, 4.929810242969695, 3.2521201533416235, 0.855971346230957, 6.23939724736287, 6.680988560974157, 8.042277830897097, 4.9255864905257605, 7.161493482869591, 6.157358933946866, 2.363566835031299, -1.0282239650633607, -3.8236589339879443, -3.2242810680672958, -2.322025310751012, -3.012667626513917, -2.6748898908042102, 0.31788772262334825, -0.8079162523433326, -1.2070926661637933, 0.8863095877441165, 0.3643481411892199, -0.5759570226116005, 0.33038885587433386, 1.286047884122777, 3.5664440343386925, 4.086377809700171, 1.8605373063522914, 0.8584368983504985, 6.374224982209999, 9.884926090880972, 3.1426809443517216, -0.036235131228880516, 5.892194758550723, 5.280179357473814, 1.1620514966824655, 2.284843070740804, 1.3711371123372962, 1.3373909785794682], [-16.594716064322597, 0.9115737552400363, 16.1069626913429, 6.131866895272895, 7.279405361693231, 5.407052391845247, 7.84918670387895, 5.991700836172606, 2.924755724418933, 3.0267454976509667, -0.012165019583466757, -1.730286196910242, -4.566162287665157, -8.006208022578736, -8.433682800622094, -4.741941302823975, -0.7590218009881178, 6.626912583256432, 4.9764229514512355, 5.110477101372038, 1.3525884794244571, 3.297790537956372, 3.094858313835371, 2.7572919797179716, 2.3420403058616897, -0.39137466837933055, -1.8591285711339527, -2.2159193844509426, -1.2395347637853915, -0.2929270503192418, 1.3781283601385166, -1.6851182646129326, -1.6366774701050344, -1.1195859943653772, -1.5060214045818117, 5.319145317329855, 3.2320233796000806, -2.3063388915755736, -3.5131967435294853, 3.0550824322971373, 0.28827415250973243, -2.290845939643925, 2.3157160754013746, -0.386275001253977, 2.502756142361377], [-17.161236916459206, 2.1939945897008095, 6.131866895272895, 15.44813875797399, 8.206478207780105, 7.239838433649246, 8.523629270772513, 7.172485430227162, 2.532050123530104, 3.0062618407927895, -0.1293591686941234, -0.6120699975579786, -3.1616002389133806, -6.096465392638206, -6.379345333567009, -3.377696718550066, -0.6920236520645211, 3.2559026058912344, 4.502593408948546, -1.2778564923114166, -5.115010159610218, -5.188907322393796, -2.6336968812465362, 0.7250078675665906, 6.448267875238648, 6.020112522162923, 3.3145359513621653, 4.290622087372698, 4.215983243364611, 1.7831272407009646, 1.4448805296158647, -2.4124480835072424, -2.805023166181585, -1.3304032067548202, -1.1794886593475367, 3.933795336320833, 0.840579290960925, -2.802302081174447, -2.649734892062227, 1.6938841165055891, -0.930621506222699, -1.8527406639379091, 2.105915313503394, -0.2284674657098254, 2.5348713063761967], [-17.279020530129483, 5.747784625717414, 7.279405361693231, 8.206478207780105, 22.713176114920323, 13.172962115132794, 16.522656246594114, 12.617583201887681, 4.74814057424261, 2.8632748482950703, 2.116285970229951, 1.635884470221202, -0.1664076915433888, -5.731307083529038, -4.964581636318235, -1.812346008427606, -0.3070609563806697, 3.533704120310712, -0.9205085341760726, 0.33199277604911903, -5.527823541798151, -6.4632225807740165, -4.129857978877575, 0.7034967901031663, 2.306240323878094, 1.9555804475183756, -2.5949222644045005, -4.128040799073, -2.454617511760994, -0.2838106629570507, 6.794637305392537, 4.065994642700487, 4.462499247817255, 3.4564096085773044, 0.31735402710391203, 6.748985856113242, 5.2819724680845574, -0.7691575232977288, -2.2864071494473177, 4.1836293787865335, 1.603517173577234, -1.4695506447260043, 3.130694812574739, 0.0074035440706498165, 3.0523202065129906], [-11.41882379288513, 4.504056586403016, 5.407052391845247, 7.239838433649246, 13.172962115132794, 25.109455331575763, 18.48437248937207, 11.66787615078547, 4.390756509149645, 1.9306257721928963, 0.9895022239983545, 1.5046546467076374, 0.38610484346080637, 1.2984905354941583, -0.4823464540495788, -1.326902346667981, -1.2423489541790955, 3.206331307671162, 0.7815807616735276, -0.9872396630188233, -2.410839180942205, -4.575641773662051, -1.9832256611053893, 1.5577934397958564, 1.8851899514736903, -0.5361083816131821, -1.4727635258906693, -4.11023439230301, -0.7983845693764113, 1.3672312903583197, 2.275016483207541, 4.219764723004552, 0.2971388216728475, 1.8834389888368983, 1.4576134502027538, 7.526513732943495, 7.970347670254374, 5.606025516627724, 3.5980634893638004, 3.3382527164260916, 4.184314693851974, 2.7055873793639824, 3.93364715187504, 2.189647058739645, 2.5354332847390495], [-15.930391499412195, 6.6040631651023105, 7.84918670387895, 8.523629270772513, 16.522656246594114, 18.48437248937207, 29.167981872368728, 15.59163294495545, 5.880996612362561, 2.745217858890382, 2.0388810187245143, 2.166601211185875, 0.6376424276084901, -2.6396181869185145, -1.697941427114195, -0.5447933356049852, -0.4272271915718063, 3.772174166545047, -0.29394668812900004, -2.1495689831275264, -5.122897123977577, -3.2560330424668975, -3.7566740402609553, 1.1311255364242423, 1.9470653134904183, -1.9855394390418626, -3.8468645265486026, -2.1812445712923245, -2.9036851042890017, 0.2317440520872924, 2.1313857522124953, -0.07864387428520667, 3.907812372557208, -0.18088460626091513, -0.05096600160526926, 6.136333227332843, 9.667439209586615, 0.7731494431421339, 0.27358883692326463, 10.003383270663349, 7.176366788422456, 2.339008463177342, 3.806687981241925, 1.1828621498334324, 3.234370259635996], [-13.32189137545492, 4.929810242969695, 5.991700836172606, 7.172485430227162, 12.617583201887681, 11.66787615078547, 15.59163294495545, 20.366291554792532, 5.2401042245473635, 2.4380382354784498, 1.740980204429711, 1.5111623209173015, -0.11592104360232498, -5.2681197103638455, -3.5701153515739077, -0.45223724715022995, 0.23260597626375062, 2.6297504658394955, -1.185174098886921, -2.6411410199177494, -3.874084795612568, -5.423313561319898, -0.7859840259093395, 0.5049220968294791, 1.5253537847359389, -1.8021165468402995, -1.1581406600550128, -3.465867548496308, 1.0517127517560296, -0.39566524228459604, 1.1844486043837281, 0.2937995117317658, -1.4832531581999178, 3.977651801387625, -1.0733395243943573, 6.984393181228608, 6.454944741558114, 5.122823948529786, -1.6367413948876575, 4.121740145274012, 7.780518326079672, -0.9934846232915787, 7.0168315935229675, 1.785237814769477, 2.650440822627308], [-3.4983145730285266, 3.2521201533416235, 2.924755724418933, 2.532050123530104, 4.74814057424261, 4.390756509149645, 5.880996612362561, 5.2401042245473635, 11.637327983701065, 0.7340729552911555, 2.1895502054313027, 1.6485680330508317, 0.5195669611802861, -3.08052353184839, -1.8840551130559424, 0.09260483346276187, 1.2133188342055388, 0.4451244214896094, -1.8741239652080184, -2.1699555693835153, -1.4488862555089796, -2.593567581488606, -2.1209668905225283, 3.081772450947717, 0.022411311014779053, -1.5578328302454694, 0.5855383994603838, -1.0083942770819432, -1.2947067746177978, 3.0594566709478355, 0.03394970463890577, 1.2012937135511055, -0.16485214260671952, -0.7890553264439937, 4.555709340105031, 4.6914687057815145, 5.728837588843616, 1.2564571973004806, 3.968033315420882, 2.8850508587648345, 1.6291503537208456, 5.603853382753391, 1.1491602501966058, 4.5937024880885495, 2.7101573084629855], [-7.440343566039972, 0.855971346230957, 3.0267454976509667, 3.0062618407927895, 2.8632748482950703, 1.9306257721928963, 2.745217858890382, 2.4380382354784498, 0.7340729552911555, 2.241655786690643, -0.34913054767498647, -0.697908031696249, -1.7554789830866029, -2.7350364634285733, -3.074393709271228, -1.8231757521216296, -0.47935340520538605, 1.478260280971127, 1.1396216949889302, 0.5992762559634316, -0.9573301407482414, -0.5730200526618218, 0.036298494486706134, 0.6738841853927807, 1.1683841609020964, 0.9364391688304687, 0.03202336842661769, 0.237578222543533, 0.5832659244219044, 0.22200779596590542, 0.6501905073857499, -1.2339853703933905, -0.8585526502324031, -0.08338149313391412, -0.5216379071636702, 1.3769055748357089, 0.20155265961444888, -1.2635772130649847, -1.756090460230713, 0.7176646421074137, 0.04908127264790094, -1.1911714897265433, 0.8995685621388728, -0.1677965184173154, 0.860323689050838], [2.9130062023402514, 6.23939724736287, -0.012165019583466757, -0.1293591686941234, 2.116285970229951, 0.9895022239983545, 2.0388810187245143, 1.740980204429711, 2.1895502054313027, -0.34913054767498647, 5.055005770830366, 3.690411802436606, 4.052306324273998, 0.4825770500500905, 2.079815186712702, 2.5439041910212477, 2.2098160554830923, -1.9816089632129412, -3.5806818597704373, -3.1139340488314544, -0.9645530453262047, -1.9343290747399886, -2.0755357583733858, -0.9766446840537183, -1.1449209011204005, -1.762223787248124, 0.42487302362140017, -0.28487109990163045, -0.961936971801006, -0.47962839759931675, -0.1638042299352307, 1.9076599136669012, 1.5379445331792545, 0.3665839451257831, 0.23522371627388078, 1.3644213353480028, 3.205709581165345, 2.213386160150339, 1.1151867623940228, 1.7247887601000902, 1.9336386985468998, 0.991940983072273, 0.46231297169895175, 0.35249560354184556, 0.11803892350844486], [6.024568406096695, 6.680988560974157, -1.730286196910242, -0.6120699975579786, 1.635884470221202, 1.5046546467076374, 2.166601211185875, 1.5111623209173015, 1.6485680330508317, -0.697908031696249, 3.690411802436606, 5.124174048232962, 6.193716924482884, 4.211838859274605, 5.82160667584155, 4.857959130904309, 2.0798928505201855, -2.065884532032177, -3.7821080480557376, -2.7131161991523065, 0.12296560668353708, -0.8410453284106004, -1.602332207051311, -0.8082129830118331, -2.139966286421078, -2.969083642384708, -0.27990386155859237, -1.1834107128382676, -1.8397794475785803, -0.592599638515807, -0.6295129187149738, 2.3954182399075172, 1.9042743765955465, 0.23979036620081964, 0.4231228309799423, 1.1620187857245965, 4.022805406061595, 3.088303924418821, 1.6983900400901655, 1.934696485437684, 2.3222330815251127, 1.3560726569435144, 0.10094994023836278, 0.3682901937005176, -0.28772769367226514], [13.379309578512693, 8.042277830897097, -4.566162287665157, -3.1616002389133806, -0.1664076915433888, 0.38610484346080637, 0.6376424276084901, -0.11592104360232498, 0.5195669611802861, -1.7554789830866029, 4.052306324273998, 6.193716924482884, 11.16431080058321, 10.338441118260494, 13.007977841542044, 9.153430199435226, 2.592644116349617, -3.6349686654337043, -4.632896594119118, -3.5336704507560164, 1.570302507530081, 0.007689449029502618, -1.4878597844390269, -1.1013157696129712, -3.278101342815446, -3.7099054690575133, 0.9835151709196225, -0.19976277694318736, -1.712352849178217, -0.5354894408786961, -2.068674750793635, 2.939421304291568, 1.8668036346051307, -0.2537386980088229, 0.4833026550315399, 0.5005658505484006, 5.13199466114846, 4.847689907314905, 2.4136048301726474, 1.8293793914132404, 2.9275119774724754, 1.6368228764531292, -0.6979266390520511, 0.1913731597693378, -1.223926703196414], [20.595844756936692, 4.9255864905257605, -8.006208022578736, -6.096465392638206, -5.731307083529038, 1.2984905354941583, -2.6396181869185145, -5.2681197103638455, -3.08052353184839, -2.7350364634285733, 0.4825770500500905, 4.211838859274605, 10.338441118260494, 23.907500219168522, 20.784893416605637, 9.122323099601902, 0.3017371708639618, -3.87183768431226, -2.8691191050699096, -1.2078082508471393, 0.6219970943777086, 1.248427923331611, 0.9646665944435053, -0.47546862680790186, -3.620165105139729, -1.6617950327372575, 0.175743224267426, 1.2726433477954824, 0.3714147188617184, 0.27992748401956147, -1.6489361661602657, 3.1444441511891172, 3.9408364928228106, 1.7123260899410198, 1.3342124347776099, -1.9643701490488907, 3.8568721889424924, 4.719770826517489, 3.1849497546686023, 1.1678686630903985, 3.44659549040683, 2.24679923633596, -1.2690053505320908, 0.3649230775316052, -2.4550340674595623], [22.517642356208153, 7.161493482869591, -8.433682800622094, -6.379345333567009, -4.964581636318235, -0.4823464540495788, -1.697941427114195, -3.5701153515739077, -1.8840551130559424, -3.074393709271228, 2.079815186712702, 5.82160667584155, 13.007977841542044, 20.784893416605637, 23.531110208987286, 13.321763099490633, 2.3517322855575777, -4.794446457615387, -4.170644108047423, -2.3442427049416574, 2.45059491741549, 0.7292429508727825, -0.5118172309594032, -1.2233643713670106, -4.292473150924386, -2.7253733199578116, 1.7119083018112777, 0.5641902841913334, -1.0199475716397144, -0.3134679900058028, -2.1243766569511053, 4.711821081145516, 3.2722186410197023, 0.8125002452001966, 1.091966842742478, -0.6884684859194269, 5.357223055584069, 6.198152954863514, 3.318235707281282, 0.6776707495269477, 2.7275549727702457, 1.9654976972895617, -1.7848844242940065, 0.12436566056966165, -2.5358924833514895], [13.290917585370602, 6.157358933946866, -4.741941302823975, -3.377696718550066, -1.812346008427606, -1.326902346667981, -0.5447933356049852, -0.45223724715022995, 0.09260483346276187, -1.8231757521216296, 2.5439041910212477, 4.857959130904309, 9.153430199435226, 9.122323099601902, 13.321763099490633, 10.436878601444242, 2.931638942519452, -3.218442910055877, -3.449227665014969, -2.1483331749978376, 2.468289740623901, 0.4702628906092245, -1.4706556016669985, -1.1818432535678454, -2.8921602230095957, -2.4251257612397352, 1.7371894136988124, 0.23669135898500138, -1.825020072088502, -0.6318256968550399, -1.451935074025738, 3.3112447102749, 2.13696593455708, -0.6444617258957043, 0.36977468931166185, 0.26387969052298327, 4.49766961697169, 3.503455796154306, 1.7129521983209477, 1.2411197610739604, 1.123731987461923, 1.008367421339805, -1.671787647322916, -0.2753923684193113, -1.3503683756782927], [3.224680263159587, 2.363566835031299, -0.7590218009881178, -0.6920236520645211, -0.3070609563806697, -1.2423489541790955, -0.4272271915718063, 0.23260597626375062, 1.2133188342055388, -0.47935340520538605, 2.2098160554830923, 2.0798928505201855, 2.592644116349617, 0.3017371708639618, 2.3517322855575777, 2.931638942519452, 2.8067830518251085, -1.3433707659766991, -1.7569747582615696, -1.0024585551422251, 1.112207370504954, 0.1815462640780804, -0.7466200199940878, -1.1025053009128902, -0.9525894576116436, -0.9136806979220884, 0.90265774795256, 0.17478400952737067, -0.6733778493307615, -0.9512880670933205, -0.5167444344347227, 0.7177458124887254, 0.22547736709017244, -0.3931197950441494, -0.8409740842634136, 0.026112086847218198, 1.0339752888189535, 1.0384734293195537, -0.4376538298145387, 0.27945602598167935, 0.34501620451287224, -0.8243589186583242, -0.39833263323958684, -0.8230678828431407, -0.49007814773489533], [-13.34086964032805, -1.0282239650633607, 6.626912583256432, 3.2559026058912344, 3.533704120310712, 3.206331307671162, 3.772174166545047, 2.6297504658394955, 0.4451244214896094, 1.478260280971127, -1.9816089632129412, -2.065884532032177, -3.6349686654337043, -3.87183768431226, -4.794446457615387, -3.218442910055877, -1.3433707659766991, 6.574280287808366, 5.779284457064411, 4.821350606284942, -2.5202345813802425, -0.20272969206117847, 1.9270519865676163, 3.1427091739968818, 3.0243906469798074, 2.9052576662760177, -1.8212112876772284, -0.7920437020090556, 0.9285656546632615, 1.1238406417379923, 1.7748543028091945, -2.6501691135963674, -1.5286431263176328, 0.26794747088412246, -0.2984641630107191, 2.767820546363505, -0.38222381900584224, -3.4551081211573207, -3.375827517701874, 0.48821570759445154, -0.5462528077345205, -1.816432202543812, 1.421026355406081, 0.21825765009546994, 1.5717680466098527], [-11.394134643756752, -3.8236589339879443, 4.9764229514512355, 4.502593408948546, -0.9205085341760726, 0.7815807616735276, -0.29394668812900004, -1.185174098886921, -1.8741239652080184, 1.1396216949889302, -3.5806818597704373, -3.7821080480557376, -4.632896594119118, -2.8691191050699096, -4.170644108047423, -3.449227665014969, -1.7569747582615696, 5.779284457064411, 10.46995300359144, 7.294174143725237, -0.4481521873510059, 2.3084311574236427, 4.037076802980146, 3.301866022964144, 4.978429057412406, 6.337096303772201, -2.136654773004407, 0.49061280071506796, 3.148837974199721, 2.648380536780291, 1.7814908198867594, -3.6571563245185406, -2.4027988130503783, 0.17898136077725973, -0.24545224201165966, 1.6080361969181878, -2.338338695138923, -4.805224208298166, -3.988867363776238, -1.2124742674000395, -2.210906079671534, -2.4673112534738384, 0.5513773951940792, -0.0450735606620015, 1.0625663169668083], [-6.362540823703163, -3.2242810680672958, 5.110477101372038, -1.2778564923114166, 0.33199277604911903, -0.9872396630188233, -2.1495689831275264, -2.6411410199177494, -2.1699555693835153, 0.5992762559634316, -3.1139340488314544, -2.7131161991523065, -3.5336704507560164, -1.2078082508471393, -2.3442427049416574, -2.1483331749978376, -1.0024585551422251, 4.821350606284942, 7.294174143725237, 11.532584366360553, 4.199857158087267, 7.233139589323684, 6.430870682771452, 2.9678373536031546, 1.9860196521011733, 4.761103423136506, -2.276932922877984, -0.6762559696666308, 1.1256943793165344, 0.8698374382342948, 2.5446389318274147, -3.5075599321684257, -1.4842505132904322, 1.16152527984471, 0.5210612828667988, 1.9316319485035545, -0.5081895036423921, -3.4213694963867556, -4.192388489537362, -0.8588189473614398, -1.3358338522456306, -2.8331901098694967, 0.12190104525623534, -0.4882444481531095, 0.27984113798273164], [10.83201779446064, -2.322025310751012, 1.3525884794244571, -5.115010159610218, -5.527823541798151, -2.410839180942205, -5.122897123977577, -3.874084795612568, -1.4488862555089796, -0.9573301407482414, -0.9645530453262047, 0.12296560668353708, 1.570302507530081, 0.6219970943777086, 2.45059491741549, 2.468289740623901, 1.112207370504954, -2.5202345813802425, -0.4481521873510059, 4.199857158087267, 19.583284635603928, 14.098042771519143, 4.72520953848926, -1.5144877330784863, -2.9472153698737977, -3.803588399605859, 0.7143099383405228, -2.3371245342452642, -2.9612226262733894, -1.5302927743734382, -2.7817973248075196, 2.0686927223397213, -0.9028557404574613, -1.9042164497189211, -1.000352535126839, -1.485729166808451, 2.7039886209354926, 3.526798134861403, 0.9004170850428634, -0.10337645962047072, 0.021697105080656042, -1.1932197325578362, -1.8662479028622148, -1.4399996663805268, -1.8447593336296997], [6.997518197767459, -3.012667626513917, 3.297790537956372, -5.188907322393796, -6.4632225807740165, -4.575641773662051, -3.2560330424668975, -5.423313561319898, -2.593567581488606, -0.5730200526618218, -1.9343290747399886, -0.8410453284106004, 0.007689449029502618, 1.248427923331611, 0.7292429508727825, 0.4702628906092245, 0.1815462640780804, -0.20272969206117847, 2.3084311574236427, 7.233139589323684, 14.098042771519143, 17.36638476002762, 8.198908138720702, 0.7046055586650081, -2.105444914793089, -2.346146153102143, -2.36517397942468, -0.5026781779477755, -1.6366077630571696, -0.8623179561114571, -2.171320193425704, -1.3761503610973753, 0.1620764960502999, -1.3040871658385174, -0.9677070378349407, -0.285746561766576, 0.8010857632165411, 0.861420050667347, -1.5654554386007635, -0.17232834809086217, 0.7361180291436502, -0.7124873832705669, -1.3131113691810616, -1.2413359709385103, -1.4999141674959926], [0.20505671149489102, -2.6748898908042102, 3.094858313835371, -2.6336968812465362, -4.129857978877575, -1.9832256611053893, -3.7566740402609553, -0.7859840259093395, -2.1209668905225283, 0.036298494486706134, -2.0755357583733858, -1.602332207051311, -1.4878597844390269, 0.9646665944435053, -0.5118172309594032, -1.4706556016669985, -0.7466200199940878, 1.9270519865676163, 4.037076802980146, 6.430870682771452, 4.72520953848926, 8.198908138720702, 8.895650081043618, 2.2750968951417994, 0.014376519983225863, 0.5450526182956396, -2.102820537408692, -0.770611661717936, 2.1516835668325585, 0.37666612403580285, -0.5040928174392798, -2.096940865750217, -1.3480710657564894, 1.70073080458375, -0.3640337375665153, 0.5899744040476049, -0.03232416486020572, -1.3147020014673614, -2.215340373413634, -0.6283463822180471, 0.11963283399748359, -1.5403774105376598, 0.8033167307884634, 0.6474223594084968, -0.426314127911126], [-4.972437564852454, 0.31788772262334825, 2.7572919797179716, 0.7250078675665906, 0.7034967901031663, 1.5577934397958564, 1.1311255364242423, 0.5049220968294791, 3.081772450947717, 0.6738841853927807, -0.9766446840537183, -0.8082129830118331, -1.1013157696129712, -0.47546862680790186, -1.2233643713670106, -1.1818432535678454, -1.1025053009128902, 3.1427091739968818, 3.301866022964144, 2.9678373536031546, -1.5144877330784863, 0.7046055586650081, 2.2750968951417994, 5.038938339194043, 1.365248641700076, 1.6176863138101703, -0.9406162934976262, -0.041823537289729935, 1.0177097348579953, 2.821230370809121, 0.8696500659283135, -0.9878550977956133, -0.32744079563145057, 0.6676484934304631, 2.105101478529655, 2.4911904793546564, 1.4400247888511573, -1.199246390478979, -2.1536560929413593, 0.7641197952154721, 0.5169709905357585, -0.13748432180498998, 0.9897270353857597, 1.6965533950649512, 1.9393699886328561], [-11.677229217172584, -0.8079162523433326, 2.3420403058616897, 6.448267875238648, 2.306240323878094, 1.8851899514736903, 1.9470653134904183, 1.5253537847359389, 0.022411311014779053, 1.1683841609020964, -1.1449209011204005, -2.139966286421078, -3.278101342815446, -3.620165105139729, -4.292473150924386, -2.8921602230095957, -0.9525894576116436, 3.0243906469798074, 4.978429057412406, 1.9860196521011733, -2.9472153698737977, -2.105444914793089, 0.014376519983225863, 1.365248641700076, 5.46838760100705, 5.9496575073725575, 1.0529277857039512, 2.7175283744390373, 3.7211929211600494, 1.8999046635398409, 1.3652714260293506, -3.0642465835027077, -2.2348547203633826, -0.16151349999577716, -0.45051839731597854, 1.610434706643796, -1.5189442453653674, -3.8387349543230083, -2.997832348453516, -0.26653524253527705, -1.4565092976385865, -1.8303393854600845, 0.8543917428353542, 0.023020247033192557, 1.2578446586900978], [-8.48980387297315, -1.2070926661637933, -0.39137466837933055, 6.020112522162923, 1.9555804475183756, -0.5361083816131821, -1.9855394390418626, -1.8021165468402995, -1.5578328302454694, 0.9364391688304687, -1.762223787248124, -2.969083642384708, -3.7099054690575133, -1.6617950327372575, -2.7253733199578116, -2.4251257612397352, -0.9136806979220884, 2.9052576662760177, 6.337096303772201, 4.761103423136506, -3.803588399605859, -2.346146153102143, 0.5450526182956396, 1.6176863138101703, 5.9496575073725575, 12.123308881814523, 4.5819758542170455, 7.450583678606583, 7.182993270900998, 2.591066354215307, 4.14543109023309, -1.974898321886884, 0.0910200850332908, 2.4528581097132878, 0.49758364812179817, 2.3491470420078366, -0.8099321437496096, -4.498983876767006, -4.12060393053436, -0.6284288031335113, -1.7252224563785628, -2.5458088613705514, 0.519498979342726, -0.12576220691305504, 0.8576546629663095], [5.9357272429994135, 0.8863095877441165, -1.8591285711339527, 3.3145359513621653, -2.5949222644045005, -1.4727635258906693, -3.8468645265486026, -1.1581406600550128, 0.5855383994603838, 0.03202336842661769, 0.42487302362140017, -0.27990386155859237, 0.9835151709196225, 0.175743224267426, 1.7119083018112777, 1.7371894136988124, 0.90265774795256, -1.8212112876772284, -2.136654773004407, -2.276932922877984, 0.7143099383405228, -2.36517397942468, -2.102820537408692, -0.9406162934976262, 1.0529277857039512, 4.5819758542170455, 18.308869851603205, 13.369535844012594, 4.786047959429626, -0.5502281107340696, -1.7296998269062374, 2.5388448798782064, -0.9716875971565617, -1.6001201857626566, -0.44502040740738014, 1.9656722200202688, 4.413996183306367, 3.312948590035397, 1.0507447839921016, 0.7027836283332004, 0.688921354907904, 0.18156763934485431, -0.6931747504640449, -0.14746309846662278, -0.4139792844777135], [3.1067336861890795, 0.3643481411892199, -2.2159193844509426, 4.290622087372698, -4.128040799073, -4.11023439230301, -2.1812445712923245, -3.465867548496308, -1.0083942770819432, 0.237578222543533, -0.28487109990163045, -1.1834107128382676, -0.19976277694318736, 1.2726433477954824, 0.5641902841913334, 0.23669135898500138, 0.17478400952737067, -0.7920437020090556, 0.49061280071506796, -0.6762559696666308, -2.3371245342452642, -0.5026781779477755, -0.770611661717936, -0.041823537289729935, 2.7175283744390373, 7.450583678606583, 13.369535844012594, 16.607708411646936, 8.238090694963113, 1.2050853723981563, -1.2450205661543718, -2.030671948146885, 1.075295876577599, -1.1854442448995737, -0.4870520264368818, 0.6455011668391176, 2.8087282041453485, -1.0368130395330322, -1.1958949855940613, 2.6798676323203883, 1.8132729377317633, 0.28855958363451145, -0.5919959913303389, -0.23430918903905062, -0.2923648127218005], [-2.813117327376098, -0.5759570226116005, -1.2395347637853915, 4.215983243364611, -2.454617511760994, -0.7983845693764113, -2.9036851042890017, 1.0517127517560296, -1.2947067746177978, 0.5832659244219044, -0.961936971801006, -1.8397794475785803, -1.712352849178217, 0.3714147188617184, -1.0199475716397144, -1.825020072088502, -0.6733778493307615, 0.9285656546632615, 3.148837974199721, 1.1256943793165344, -2.9612226262733894, -1.6366077630571696, 2.1516835668325585, 1.0177097348579953, 3.7211929211600494, 7.182993270900998, 4.786047959429626, 8.238090694963113, 9.431963701883866, 2.4085819869053506, 0.07662960813005198, -2.84763876958641, -1.9617003213977386, 2.873180256108924, -0.2542935233196836, 1.764847817998548, 0.2350839691891785, -0.23727639295771652, -2.3416949694876177, -0.2876926003619385, 2.093318064476909, -1.4101850588495057, 2.614235545906983, 1.016212171220176, 0.28540400719610465], [-2.4003924079551933, 0.33038885587433386, -0.2929270503192418, 1.7831272407009646, -0.2838106629570507, 1.3672312903583197, 0.2317440520872924, -0.39566524228459604, 3.0594566709478355, 0.22200779596590542, -0.47962839759931675, -0.592599638515807, -0.5354894408786961, 0.27992748401956147, -0.3134679900058028, -0.6318256968550399, -0.9512880670933205, 1.1238406417379923, 2.648380536780291, 0.8698374382342948, -1.5302927743734382, -0.8623179561114571, 0.37666612403580285, 2.821230370809121, 1.8999046635398409, 2.591066354215307, -0.5502281107340696, 1.2050853723981563, 2.4085819869053506, 4.199104725719133, 0.3822234178497663, -0.782552100963681, -0.4075801704194038, 0.29401605353257, 3.2419725234866057, 1.7077855697042936, 1.2255263677537827, -0.992002606507011, 0.8336900443906065, 0.4148196855588553, -0.050033303118345245, 2.2803686676702113, 0.41164192926647136, 2.7868557970488896, 1.4532094537287277], [-5.441541556198196, 1.286047884122777, 1.3781283601385166, 1.4448805296158647, 6.794637305392537, 2.275016483207541, 2.1313857522124953, 1.1844486043837281, 0.03394970463890577, 0.6501905073857499, -0.1638042299352307, -0.6295129187149738, -2.068674750793635, -1.6489361661602657, -2.1243766569511053, -1.451935074025738, -0.5167444344347227, 1.7748543028091945, 1.7814908198867594, 2.5446389318274147, -2.7817973248075196, -2.171320193425704, -0.5040928174392798, 0.8696500659283135, 1.3652714260293506, 4.14543109023309, -1.7296998269062374, -1.2450205661543718, 0.07662960813005198, 0.3822234178497663, 7.010818920002208, 5.012046266543127, 6.704980938277095, 5.129599398782701, 1.0290567760980813, 3.399989885711085, 2.2900411639106313, -1.7306634705802948, -1.8902749992770729, 1.2598896178010532, 0.12511900687938055, -0.8705229619337931, 0.950879709724363, 0.30013292779350226, 0.986292053712993], [14.25710076945751, 3.5664440343386925, -1.6851182646129326, -2.4124480835072424, 4.065994642700487, 4.219764723004552, -0.07864387428520667, 0.2937995117317658, 1.2012937135511055, -1.2339853703933905, 1.9076599136669012, 2.3954182399075172, 2.939421304291568, 3.1444441511891172, 4.711821081145516, 3.3112447102749, 0.7177458124887254, -2.6501691135963674, -3.6571563245185406, -3.5075599321684257, 2.0686927223397213, -1.3761503610973753, -2.096940865750217, -0.9878550977956133, -3.0642465835027077, -1.97489832188