{
    "name": "Total Decomposition",
    "rational_expression": "234679*x1**4/5000 - 56361*x1**3*x2/2500 - 366879*x1**3/50000 + 803887*x1**2*x2**2/10000 - 42497*x1**2*x2/1250 + 72977*x1**2/500 + 115607*x1*x2**3/20000 + 327323*x1*x2**2/10000 + 396379*x1*x2/10000 - 2129*x1/20 + 222639*x2**4/5000 - 341869*x2**3/10000 + 801709*x2**2/10000 - 227233*x2/10000 + 16716/125",
    "Q": "[[133.72810182679015, -11.372779306566308, -53.23189517735465, 4.673820652283802, 15.638795368263171, 20.714756888723283], [-11.372779306566308, 70.8212557349771, 4.192017060983026, -17.06110076688387, 12.658993768762208, -1.6335659774335813], [-53.23189517735465, 4.192017060983026, 104.50751725259936, 3.6939168482583633, -15.377834700717584, -3.6656256595596095], [4.673820652283802, -17.06110076688387, 3.6939168482583633, 44.5085579085732, 2.8970974768609823, -0.5970496901252771], [15.638795368263171, 12.658993768762208, -15.377834700717584, 2.8970974768609823, 81.60647769938673, -11.25869158604258], [20.714756888723283, -1.6335659774335813, -3.6656256595596095, -0.5970496901252771, -11.25869158604258, 46.92501216415272]]",
    "monomial_list": "[1, x2, x1, x2**2, x1*x2, x1**2]"
}