{
    "name": "Total Decomposition",
    "rational_expression": "871*x1**4/2000 + 1643*x1**3*x2/50000 + 8563*x1**3/10000 + 3433*x1**2*x2**2/5000 + 1253*x1**2*x2/1000 + 5903*x1**2/10000 + 1361*x1*x2**3/5000 - 1191*x1*x2**2/500 + 897*x1*x2/500 + 507*x1/2000 + 143*x2**4/100 + 1099*x2**3/10000 + 619*x2**2/250 - 5373*x2/10000 + 1163/1000",
    "Q": "[ 1.16e+00 -2.68e-01  1.27e-01  1.27e-01  4.61e-01 -2.47e-01]\n[-2.68e-01  2.22e+00  4.34e-01  5.56e-02 -6.63e-01  3.21e-01]\n[ 1.27e-01  4.34e-01  1.09e+00 -5.27e-01  3.06e-01  4.29e-01]\n[ 1.27e-01  5.56e-02 -5.27e-01  1.43e+00  1.37e-01 -2.90e-01]\n[ 4.61e-01 -6.63e-01  3.06e-01  1.37e-01  1.27e+00  1.69e-02]\n[-2.47e-01  3.21e-01  4.29e-01 -2.90e-01  1.69e-02  4.36e-01]",
    "monomial_list": "[1, x2, x1, x2**2, x1*x2, x1**2]"
}