{
    "name": "Total Decomposition",
    "rational_expression": "527*x1**4/125000 - 28*x1**3*x2/15625 - 9079*x1**3*x3/10000000 + 519*x1**3/50000 + 467*x1**2*x2**2/125000 - 1281*x1**2*x2*x3/10000000 - 161*x1**2*x2/6250 + 3467*x1**2*x3**2/500000 - 73*x1**2*x3/500 + 291*x1**2/200 - 237*x1*x2**3/100000 - 3721*x1*x2**2*x3/10000000 - 779*x1*x2**2/20000 - 9799*x1*x2*x3**2/10000000 - 21*x1*x2*x3/200 + 4733*x1*x2/10000 - 1081*x1*x3**3/1000000 + 153*x1*x3**2/3125 - 591*x1*x3/1250 + 3163*x1/5000 + 327*x2**4/100000 - 1003*x2**3*x3/1000000 + 277*x2**3/250000 + 1561*x2**2*x3**2/500000 - 347*x2**2*x3/25000 + 2593*x2**2/5000 - 641*x2*x3**3/2500000 + 441*x2*x3**2/25000 - 2453*x2*x3/10000 + 621*x2/2000 + 937*x3**4/2500000 - 6543*x3**3/1000000 + 5373*x3**2/100000 + 817*x3/5000 + 23/20",
    "Q": "[[1.1495935378637576, 0.08137708183752737, 0.1556798925890844, 0.3161016973614797, -0.01207580499751656, -0.00935945482903517, -0.02174369974847528, 0.004161019246334346, -0.009840415592112042, 0.006052592915440045], [0.08137708183752737, 0.07884047300954955, -0.11325000906278274, -0.21438911555128576, -0.003206960644901075, 0.004642062217281655, 0.013623004096923328, 0.0014710655957349908, -0.00029840985628991427, -0.0005190907008283638], [0.1556798925890844, -0.11325000906278274, 0.5097069821529399, 0.2468513125425387, 0.00426604249037793, -0.008679057533551264, -0.027610518886386968, 0.0005573718207994029, -0.009432855285803022, -0.003901686425428943], [0.3161016973614797, -0.21438911555128576, 0.2468513125425387, 1.4445834757697138, 0.01081261857144391, -0.025152248364701153, -0.07270992903068349, -0.009978647478524153, -0.008520142026527707, 0.005227793240112084], [-0.01207580499751656, -0.003206960644901075, 0.00426604249037793, 0.01081261857144391, 0.0006274039224268821, -0.00025339594333774164, -0.0006539515407855728, -0.000255264164368021, -8.526126737031542e-05, -0.0004307954298775806], [-0.00935945482903517, 0.004642062217281655, -0.008679057533551264, -0.025152248364701153, -0.00025339594333774164, 0.0032486359954938845, -0.00010284606668756678, -0.00039659599763420134, -0.0006355392110531864, 7.962229147739642e-05], [-0.02174369974847528, 0.013623004096923328, -0.027610518886386968, -0.07270992903068349, -0.0006539515407855728, -0.00010284606668756678, 0.007386612083939632, 0.00050035187867426, -0.00023944321557948378, -0.0003609189497717257], [0.004161019246334346, 0.0014710655957349908, 0.0005573718207994029, -0.009978647478524153, -0.000255264164368021, -0.00039659599763420134, 0.00050035187867426, 0.002954842300493002, -0.0010291272059146587, -0.0014681289827496303], [-0.009840415592112042, -0.00029840985628991427, -0.009432855285803022, -0.008520142026527707, -8.526126737031542e-05, -0.0006355392110531864, -0.00023944321557948378, -0.0010291272059146587, 0.007098855409792784, -0.0009929881806034486], [0.006052592915440045, -0.0005190907008283638, -0.003901686425428943, 0.005227793240112084, -0.0004307954298775806, 7.962229147739642e-05, -0.0003609189497717257, -0.0014681289827496303, -0.0009929881806034486, 0.004601840814503358]]",
    "monomial_list": "[1, x3, x2, x1, x3**2, x2*x3, x1*x3, x2**2, x1*x2, x1**2]"
}