{
    "name": "Total Decomposition",
    "rational_expression": "233*x1**4/50000 - 23*x1**3*x2/6250 + 7*x1**3*x3/78125 - 579*x1**3/100000 + 449*x1**2*x2**2/100000 + 321*x1**2*x2*x3/1000000 - 189*x1**2*x2/10000 + 237*x1**2*x3**2/10000 - 159*x1**2*x3/500 + 13*x1**2/10 - 187*x1*x2**3/50000 - 941*x1*x2**2*x3/10000000 - 637*x1*x2**2/100000 - 391*x1*x2*x3**2/50000 - 149*x1*x2*x3/1000 + 61*x1*x2/50 - 193*x1*x3**3/2500000 + 113*x1*x3**2/10000 - 717*x1*x3/10000 + 99*x1/500 + 53*x2**4/25000 - 2*x2**3*x3/15625 + 147*x2**3/250000 + 127*x2**2*x3**2/50000 + 23*x2**2*x3/2000 + 457*x2**2/1000 - 313*x2*x3**3/1000000 - 37*x2*x3**2/25000 - 57*x2*x3/2500 + 51*x2/500 + 193*x3**4/2000000 - 189*x3**3/100000 + 49*x3**2/2500 - 277*x3/10000 + 69/1000",
    "Q": "[[0.06891917321494594, -0.013869314956518478, 0.05085201032127733, 0.09887029651469248, 0.00042121062132799344, 0.0014654359096359483, -0.013290434805598926, -0.0008069820292013465, 0.0006284824308058969, 0.0008082664159346554], [-0.013869314956518478, 0.01834610033957457, -0.01283433794252193, -0.022540145554374558, -0.0009223381989482179, -0.001145172540753075, 0.0044182746874726515, 0.001275122947776913, -0.0013015739134318118, -0.001484683740959091], [0.05085201032127733, -0.01283433794252193, 0.4577584124568588, 0.6063535547363622, 0.00021846537065615395, 0.004545130903252228, -0.08396857392683435, 9.749616683223049e-05, -0.004202542776436568, -0.002693283260859564], [0.09887029651469248, -0.022540145554374558, 0.6063535547363622, 1.299939329828646, 0.0009389210164288718, 0.011338805458237535, -0.15732834570804088, 0.0006382191030374813, -0.006567250341419247, -0.002541978435469676], [0.00042121062132799344, -0.0009223381989482179, 0.00021846537065615395, 0.0009389210164288718, 7.164365779928025e-05, -5.039090595695577e-05, -8.968455689205304e-05, -7.414158488486917e-05, 7.27459328164733e-05, 7.051843918630532e-05], [0.0014654359096359483, -0.001145172540753075, 0.004545130903252228, 0.011338805458237535, -5.039090595695577e-05, 0.0021656029117392925, -0.003544857046390764, -0.00010719890686404677, -7.084985994747045e-05, 0.00016426885088692658], [-0.013290434805598926, 0.0044182746874726515, -0.08396857392683435, -0.15732834570804088, -8.968455689205304e-05, -0.003544857046390764, 0.023297968535131997, 0.00012023499737161404, -0.0002116323555697982, 9.51617635833874e-06], [-0.0008069820292013465, 0.001275122947776913, 9.749616683223049e-05, 0.0006382191030374813, -7.414158488486917e-05, -0.00010719890686404677, 0.00012023499737161404, 0.002164334676065202, -0.0019045967207400177, -0.0010311479002412696], [0.0006284824308058969, -0.0013015739134318118, -0.004202542776436568, -0.006567250341419247, 7.27459328164733e-05, -7.084985994747045e-05, -0.0002116323555697982, -0.0019045967207400177, 0.006661944349633871, -0.0017816564716237053], [0.0008082664159346554, -0.001484683740959091, -0.002693283260859564, -0.002541978435469676, 7.051843918630532e-05, 0.00016426885088692658, 9.51617635833874e-06, -0.0010311479002412696, -0.0017816564716237053, 0.004360350161359862]]",
    "monomial_list": "[1, x3, x2, x1, x3**2, x2*x3, x1*x3, x2**2, x1*x2, x1**2]"
}