{
    "name": "Total Decomposition",
    "rational_expression": "153*x1**4/250 - 483*x1**3*x2/100000 - 37*x1**3*x3/12500 - 89*x1**3/500 + 993*x1**2*x2**2/1000 - 9*x1**2*x2*x3/1250 - 189*x1**2*x2/1000 + 999*x1**2*x3**2/1000 - 83*x1**2*x3/500 + 59*x1**2/100 - 17*x1*x2**3/6250 - 499*x1*x2**2*x3/50000 - 4*x1*x2**2/25 - 7*x1*x2*x3**2/3125 - 79*x1*x2*x3/25000 - 177*x1*x2/1000 - 287*x1*x3**3/50000 - 171*x1*x3**2/1000 - 411*x1*x3/1000000 - 153*x1/1000 + 153*x2**4/250 - 53*x2**3*x3/25000 - 67*x2**3/500 + x2**2*x3**2 - 31*x2**2*x3/200 + 263*x2**2/500 - 387*x2*x3**3/100000 - 31*x2*x3**2/200 + 41*x2*x3/1250 - 149*x2/500 + 76*x3**4/125 - 9*x3**3/50 + 659*x3**2/1000 - 193*x3/1000 + 74/125",
    "Q": "[[0.5922536787502115, -0.09655892539823786, -0.14912698686586956, -0.07663133709793624, -0.02570458139506293, -0.006427809542447657, -0.011221531010313522, -0.06874736744098384, -0.057643650935935487, -0.044525353772389455], [-0.09655892539823786, 0.7096740587240885, 0.02287789622784125, 0.011131988502943507, -0.08988466731583841, -0.052003598591268074, -0.048458635673731536, -0.03198068020962254, 0.003432965394283043, -0.036098566952247606], [-0.14912698686586956, 0.02287789622784125, 0.6634250340248764, -0.03048361218208296, -0.02605549050967545, -0.04603260725363476, -0.001451030810034389, -0.06712569830759198, -0.04164106468788334, -0.03200489274178515], [-0.07663133709793624, 0.011131988502943507, -0.03048361218208296, 0.6793651354911154, -0.036999763806110544, -0.0035468379165223968, -0.04729295605522813, -0.03803976990683777, -0.0624701677856782, -0.08932304123665476], [-0.02570458139506293, -0.08988466731583841, -0.02605549050967545, -0.036999763806110544, 0.6084865102408838, -0.0016352546916688418, -0.0030040151342931943, 0.08518199829570625, 0.003055493769311424, 0.08360337345004439], [-0.006427809542447657, -0.052003598591268074, -0.04603260725363476, -0.0035468379165223968, -0.0016352546916688418, 0.8329468696526521, -0.004063224404323446, -0.0007759020009196148, -0.0039027001876758573, -0.0005954703261924291], [-0.011221531010313522, -0.048458635673731536, -0.001451030810034389, -0.04729295605522813, -0.0030040151342931943, -0.004063224404323446, 0.8319585481775424, -0.0006035438043113399, -0.002900079533849526, -0.0013707665783593056], [-0.06874736744098384, -0.03198068020962254, -0.06712569830759198, -0.03803976990683777, 0.08518199829570625, -0.0007759020009196148, -0.0006035438043113399, 0.6118797578556576, -0.001657486840680742, 0.08302219601441835], [-0.057643650935935487, 0.003432965394283043, -0.04164106468788334, -0.0624701677856782, 0.003055493769311424, -0.0039027001876758573, -0.002900079533849526, -0.001657486840680742, 0.8272465148279137, -0.0023616466370969874], [-0.044525353772389455, -0.036098566952247606, -0.03200489274178515, -0.08932304123665476, 0.08360337345004439, -0.0005954703261924291, -0.0013707665783593056, 0.08302219601441835, -0.0023616466370969874, 0.6120312996739171]]",
    "monomial_list": "[1, x3, x2, x1, x3**2, x2*x3, x1*x3, x2**2, x1*x2, x1**2]"
}