{
    "name": "Total Decomposition",
    "rational_expression": "583*x1**4/200 + 903*x1**3*x2/25000 - 289*x1**3/2500 + 2959*x1**2*x2**2/500 - 2523*x1**2*x2/1000 + 5721*x1**2/1000 + 879*x1*x2**3/25000 - 321*x1*x2**2/2000 + 2891*x1*x2/5000 + 191*x1/100 + 601*x2**4/200 - 2611*x2**3/1000 + 2197*x2**2/1000 + 689*x2/200 + 533/125",
    "Q": "[[4.264034877350244, 1.7236347523489437, 0.9531399007445733, -1.046928810818363, -0.13567884299278532, 0.2126962527709191], [1.7236347523489437, 4.2959844980482, 0.42644336955093626, -1.3051815991512064, 0.07851671497847401, -0.2789990119459199], [0.9531399007445733, 0.42644336955093626, 5.293099202062077, -0.1561739551262674, -0.9820899862686169, -0.05943514189362127], [-1.046928810818363, -1.3051815991512064, -0.1561739551262674, 3.003304237267653, 0.018222098254172543, 0.3644031670483756], [-0.13567884299278532, 0.07851671497847401, -0.9820899862686169, 0.018222098254172543, 5.189616938565208, 0.01822209825417233], [0.2126962527709191, -0.2789990119459199, -0.05943514189362127, 0.3644031670483756, 0.01822209825417233, 2.9151190353943077]]",
    "monomial_list": "[1, x2, x1, x2**2, x1*x2, x1**2]"
}